# 11/08/2021 
# Data retrieved from www.chemicool.com/densities.html 
# Includes the real (n) and complex (k) part of the  refractive index. 
# Element, Ac  (Z = 89) 
# Nominal density, g cm-3 =  10.07 
#    E [keV]      n       k    Wavelength [nm] 
1.000000000E-03 -1.615688930E+03 1.739644118E-01 1.239800000E+03
1.148150000E-03 -2.691352981E+02 0.000000000E+00 1.079824065E+03
1.296300000E-03 -2.108104523E+02 0.000000000E+00 9.564144102E+02
1.299490000E-03 -2.097696391E+02 0.000000000E+00 9.540665954E+02
1.302680000E-03 -2.087364680E+02 0.000000000E+00 9.517302791E+02
1.305880000E-03 -2.077076680E+02 0.000000000E+00 9.493981070E+02
1.309070000E-03 -2.066895817E+02 0.000000000E+00 9.470845715E+02
1.312260000E-03 -2.056778468E+02 0.000000000E+00 9.447822840E+02
1.315450000E-03 -2.046745355E+02 0.000000000E+00 9.424911627E+02
1.318640000E-03 -2.036785020E+02 0.000000000E+00 9.402111266E+02
1.321830000E-03 -2.026896761E+02 0.000000000E+00 9.379420954E+02
1.325020000E-03 -2.017079886E+02 0.000000000E+00 9.356839897E+02
1.328210000E-03 -2.007333708E+02 0.000000000E+00 9.334367306E+02
1.331400000E-03 -1.997657551E+02 0.000000000E+00 9.312002403E+02
1.334400000E-03 -1.988619776E+02 0.000000000E+00 9.291067146E+02
1.340970000E-03 -1.969042556E+02 0.000000000E+00 9.245546135E+02
1.344250000E-03 -1.959365947E+02 0.000000000E+00 9.222986796E+02
1.347530000E-03 -1.949770130E+02 0.000000000E+00 9.200537279E+02
1.350820000E-03 -1.940215303E+02 0.000000000E+00 9.178128840E+02
1.360670000E-03 -1.912022287E+02 0.000000000E+00 9.111687624E+02
1.363960000E-03 -1.902731574E+02 0.000000000E+00 9.089709376E+02
1.367240000E-03 -1.893545617E+02 0.000000000E+00 9.067903221E+02
1.370520000E-03 -1.884425581E+02 0.000000000E+00 9.046201442E+02
1.373810000E-03 -1.875343389E+02 0.000000000E+00 9.024537600E+02
1.377090000E-03 -1.866353512E+02 0.000000000E+00 9.003042648E+02
1.383660000E-03 -1.848528829E+02 0.000000000E+00 8.960293714E+02
1.386950000E-03 -1.839702864E+02 0.000000000E+00 8.939038898E+02
1.390230000E-03 -1.830966014E+02 0.000000000E+00 8.917948829E+02
1.393520000E-03 -1.822264532E+02 0.000000000E+00 8.896894196E+02
1.396800000E-03 -1.813650620E+02 0.000000000E+00 8.876002291E+02
1.400080000E-03 -1.805097221E+02 0.000000000E+00 8.855208274E+02
1.405670000E-03 -1.790652263E+02 0.000000000E+00 8.819993313E+02
1.409130000E-03 -1.781801870E+02 0.000000000E+00 8.798336562E+02
1.412590000E-03 -1.773007247E+02 0.000000000E+00 8.776785904E+02
1.416050000E-03 -1.764286265E+02 0.000000000E+00 8.755340560E+02
1.418580000E-03 -1.757944819E+02 0.000000000E+00 8.739725641E+02
1.425570000E-03 -1.740613542E+02 0.000000000E+00 8.696872128E+02
1.429060000E-03 -1.732046356E+02 0.000000000E+00 8.675632934E+02
1.432550000E-03 -1.723550747E+02 0.000000000E+00 8.654497225E+02
1.436040000E-03 -1.715117048E+02 0.000000000E+00 8.633464249E+02
1.443730000E-03 -1.696744208E+02 0.000000000E+00 8.587478268E+02
1.447190000E-03 -1.688566479E+02 0.000000000E+00 8.566946980E+02
1.450010000E-03 -1.681957352E+02 0.000000000E+00 8.550285860E+02
1.453500000E-03 -1.673815834E+02 0.000000000E+00 8.529755762E+02
1.456990000E-03 -1.665741490E+02 0.000000000E+00 8.509324017E+02
1.461030000E-03 -1.656460991E+02 0.000000000E+00 8.485794268E+02
1.470960000E-03 -1.633986332E+02 0.000000000E+00 8.428509273E+02
1.474450000E-03 -1.626187549E+02 0.000000000E+00 8.408559124E+02
1.477940000E-03 -1.618452440E+02 0.000000000E+00 8.388703195E+02
1.481430000E-03 -1.610771974E+02 0.000000000E+00 8.368940821E+02
1.484920000E-03 -1.603137286E+02 0.000000000E+00 8.349271341E+02
1.488420000E-03 -1.595543038E+02 0.000000000E+00 8.329638140E+02
1.570550000E-03 -1.431476208E+02 0.000000000E+00 7.894049855E+02
1.693740000E-03 -1.228704628E+02 0.000000000E+00 7.319895616E+02
1.816940000E-03 -1.065791023E+02 0.000000000E+00 6.823560492E+02
1.821410000E-03 -1.060495008E+02 0.000000000E+00 6.806814501E+02
1.825880000E-03 -1.055237895E+02 0.000000000E+00 6.790150503E+02
1.830350000E-03 -1.050019306E+02 0.000000000E+00 6.773567897E+02
1.834830000E-03 -1.044827366E+02 0.000000000E+00 6.757029262E+02
1.839300000E-03 -1.039679341E+02 0.000000000E+00 6.740607840E+02
1.843770000E-03 -1.034574197E+02 0.000000000E+00 6.724266042E+02
1.848240000E-03 -1.029506101E+02 0.000000000E+00 6.708003290E+02
1.852720000E-03 -1.024463528E+02 0.000000000E+00 6.691782892E+02
1.857190000E-03 -1.019468541E+02 0.000000000E+00 6.675676694E+02
1.861660000E-03 -1.014509542E+02 0.000000000E+00 6.659647841E+02
1.866130000E-03 -1.009586187E+02 0.000000000E+00 6.643695777E+02
1.870600000E-03 -1.004698134E+02 0.000000000E+00 6.627819951E+02
1.875080000E-03 -9.998342767E+01 0.000000000E+00 6.611984555E+02
1.884020000E-03 -9.902214546E+01 0.000000000E+00 6.580609548E+02
1.888490000E-03 -9.854662493E+01 0.000000000E+00 6.565033439E+02
1.892970000E-03 -9.807342843E+01 0.000000000E+00 6.549496294E+02
1.897440000E-03 -9.760462511E+01 0.000000000E+00 6.534066953E+02
1.901910000E-03 -9.713963849E+01 0.000000000E+00 6.518710139E+02
1.906380000E-03 -9.667741688E+01 0.000000000E+00 6.503425340E+02
2.000000000E-03 -8.769946276E+01 0.000000000E+00 6.199000000E+02
2.049350000E-03 -8.344785508E+01 0.000000000E+00 6.049723083E+02
2.054390000E-03 -8.303095984E+01 0.000000000E+00 6.034881400E+02
2.059440000E-03 -8.261631708E+01 0.000000000E+00 6.020083129E+02
2.064480000E-03 -8.220552689E+01 0.000000000E+00 6.005386344E+02
2.069520000E-03 -8.179731166E+01 0.000000000E+00 5.990761143E+02
2.074570000E-03 -8.139170993E+01 0.000000000E+00 5.976178196E+02
2.079610000E-03 -8.098985521E+01 0.000000000E+00 5.961694741E+02
2.084660000E-03 -8.059013602E+01 0.000000000E+00 5.947252789E+02
2.089700000E-03 -8.019367375E+01 0.000000000E+00 5.932909030E+02
2.094750000E-03 -7.979972609E+01 0.000000000E+00 5.918606039E+02
2.099790000E-03 -7.940939027E+01 0.000000000E+00 5.904399964E+02
2.104830000E-03 -7.902144633E+01 0.000000000E+00 5.890261921E+02
2.109880000E-03 -7.863594597E+01 0.000000000E+00 5.876163573E+02
2.114920000E-03 -7.825396018E+01 0.000000000E+00 5.862160271E+02
2.125010000E-03 -7.749700008E+01 0.000000000E+00 5.834325486E+02
2.130060000E-03 -7.712239459E+01 0.000000000E+00 5.820493319E+02
2.135100000E-03 -7.675117908E+01 0.000000000E+00 5.806753782E+02
2.140140000E-03 -7.638258973E+01 0.000000000E+00 5.793078957E+02
2.145190000E-03 -7.601548367E+01 0.000000000E+00 5.779441448E+02
2.150230000E-03 -7.565207988E+01 0.000000000E+00 5.765894811E+02
2.198100000E-03 -7.232349119E+01 0.000000000E+00 5.640325736E+02
2.234000000E-03 -6.996701441E+01 0.000000000E+00 5.549686661E+02
2.287860000E-03 -6.663578061E+01 0.000000000E+00 5.419037878E+02
2.314780000E-03 -6.505699257E+01 0.000000000E+00 5.356016554E+02
2.334980000E-03 -6.390820405E+01 0.000000000E+00 5.309681453E+02
2.341710000E-03 -6.353195762E+01 0.000000000E+00 5.294421598E+02
2.347480000E-03 -6.321177221E+01 0.000000000E+00 5.281408148E+02
2.353240000E-03 -6.289415778E+01 0.000000000E+00 5.268480903E+02
2.359000000E-03 -6.257920695E+01 0.000000000E+00 5.255616787E+02
2.364770000E-03 -6.226569838E+01 0.000000000E+00 5.242793168E+02
2.370530000E-03 -6.195501628E+01 0.000000000E+00 5.230054039E+02
2.376290000E-03 -6.164692552E+01 0.000000000E+00 5.217376667E+02
2.382060000E-03 -6.134022694E+01 0.000000000E+00 5.204738756E+02
2.387820000E-03 -6.103627719E+01 0.000000000E+00 5.192183665E+02
2.393590000E-03 -6.073433331E+01 0.000000000E+00 5.179667362E+02
2.399350000E-03 -6.043476504E+01 0.000000000E+00 5.167232792E+02
2.405110000E-03 -6.013735493E+01 0.000000000E+00 5.154857782E+02
2.410880000E-03 -5.984189444E+01 0.000000000E+00 5.142520573E+02
2.413760000E-03 -5.969489635E+01 0.000000000E+00 5.136384728E+02
2.416640000E-03 -5.954874107E+01 0.000000000E+00 5.130263506E+02
2.419520000E-03 -5.940310930E+01 0.000000000E+00 5.124156858E+02
2.422410000E-03 -5.925718714E+01 0.000000000E+00 5.118043601E+02
2.425290000E-03 -5.911259739E+01 0.000000000E+00 5.111965992E+02
2.428170000E-03 -5.896852365E+01 0.000000000E+00 5.105902799E+02
2.433930000E-03 -5.868160365E+01 0.000000000E+00 5.093819461E+02
2.439700000E-03 -5.839623459E+01 0.000000000E+00 5.081772349E+02
2.445460000E-03 -5.811368254E+01 0.000000000E+00 5.069802818E+02
2.451220000E-03 -5.783282075E+01 0.000000000E+00 5.057889541E+02
2.456990000E-03 -5.755346318E+01 0.000000000E+00 5.046011583E+02
2.466350000E-03 -5.710472922E+01 0.000000000E+00 5.026861557E+02
2.531890000E-03 -5.410072678E+01 0.000000000E+00 4.896737220E+02
2.538120000E-03 -5.382713072E+01 0.000000000E+00 4.884717823E+02
2.544350000E-03 -5.355555032E+01 0.000000000E+00 4.872757286E+02
2.550590000E-03 -5.328582330E+01 0.000000000E+00 4.860836120E+02
2.556820000E-03 -5.301821713E+01 0.000000000E+00 4.848992107E+02
2.561790000E-03 -5.280629880E+01 0.000000000E+00 4.839584822E+02
2.574410000E-03 -5.227367350E+01 0.000000000E+00 4.815860721E+02
2.580710000E-03 -5.201057054E+01 0.000000000E+00 4.804104297E+02
2.587020000E-03 -5.174898766E+01 0.000000000E+00 4.792386607E+02
2.593320000E-03 -5.148999854E+01 0.000000000E+00 4.780744374E+02
2.605660000E-03 -5.098776806E+01 0.000000000E+00 4.758103513E+02
2.612910000E-03 -5.069589255E+01 0.000000000E+00 4.744901279E+02
2.619140000E-03 -5.044729972E+01 0.000000000E+00 4.733614851E+02
2.625370000E-03 -5.020021430E+01 0.000000000E+00 4.722381988E+02
2.631600000E-03 -4.995515517E+01 0.000000000E+00 4.711202310E+02
2.637830000E-03 -4.971157255E+01 0.000000000E+00 4.700075441E+02
2.646850000E-03 -4.936232319E+01 0.000000000E+00 4.684058409E+02
2.653290000E-03 -4.911500429E+01 0.000000000E+00 4.672689378E+02
2.663100000E-03 -4.874153548E+01 0.000000000E+00 4.655476700E+02
2.669480000E-03 -4.850121439E+01 0.000000000E+00 4.644350211E+02
2.672630000E-03 -4.838305049E+01 0.000000000E+00 4.638876313E+02
2.675780000E-03 -4.826530548E+01 0.000000000E+00 4.633415303E+02
2.688950000E-03 -4.777778882E+01 0.000000000E+00 4.610721657E+02
2.695540000E-03 -4.753628348E+01 0.000000000E+00 4.599449461E+02
2.702120000E-03 -4.729716068E+01 0.000000000E+00 4.588249227E+02
2.708710000E-03 -4.705943088E+01 0.000000000E+00 4.577086510E+02
2.711670000E-03 -4.695331459E+01 0.000000000E+00 4.572090262E+02
2.716100000E-03 -4.679477022E+01 0.000000000E+00 4.564633114E+02
2.720540000E-03 -4.663665316E+01 0.000000000E+00 4.557183500E+02
2.724500000E-03 -4.649629134E+01 0.000000000E+00 4.550559736E+02
2.726490000E-03 -4.642574511E+01 0.000000000E+00 4.547238391E+02
2.728470000E-03 -4.635594857E+01 0.000000000E+00 4.543938544E+02
2.733410000E-03 -4.618222223E+01 0.000000000E+00 4.535726437E+02
2.736700000E-03 -4.606712628E+01 0.000000000E+00 4.530273687E+02
2.740410000E-03 -4.593781060E+01 0.000000000E+00 4.524140548E+02
2.741020000E-03 -4.591667627E+01 0.000000000E+00 4.523133724E+02
2.742050000E-03 -4.588070132E+01 0.000000000E+00 4.521434693E+02
2.748230000E-03 -4.566692532E+01 0.000000000E+00 4.511267252E+02
2.749050000E-03 -4.563860201E+01 0.000000000E+00 4.509921609E+02
2.751930000E-03 -4.553957583E+01 0.000000000E+00 4.505201804E+02
2.756460000E-03 -4.538431025E+01 0.000000000E+00 4.497797900E+02
2.761400000E-03 -4.521584378E+01 0.000000000E+00 4.489751575E+02
2.765100000E-03 -4.509031606E+01 0.000000000E+00 4.483743807E+02
2.769140000E-03 -4.495376691E+01 0.000000000E+00 4.477202308E+02
2.773790000E-03 -4.479718864E+01 0.000000000E+00 4.469696697E+02
2.777470000E-03 -4.467376276E+01 0.000000000E+00 4.463774586E+02
2.781160000E-03 -4.455073989E+01 0.000000000E+00 4.457852119E+02
2.787740000E-03 -4.433217203E+01 0.000000000E+00 4.447330095E+02
2.794330000E-03 -4.411506827E+01 0.000000000E+00 4.436841747E+02
2.804210000E-03 -4.379233621E+01 0.000000000E+00 4.421209539E+02
2.807500000E-03 -4.368554770E+01 0.000000000E+00 4.416028495E+02
2.810880000E-03 -4.357628150E+01 0.000000000E+00 4.410718352E+02
2.814250000E-03 -4.346795952E+01 0.000000000E+00 4.405436617E+02
2.821000000E-03 -4.325170831E+01 0.000000000E+00 4.394895427E+02
2.827740000E-03 -4.303732415E+01 0.000000000E+00 4.384420067E+02
2.834490000E-03 -4.282416702E+01 0.000000000E+00 4.373979093E+02
2.841230000E-03 -4.261284300E+01 0.000000000E+00 4.363603087E+02
2.847980000E-03 -4.240294846E+01 0.000000000E+00 4.353260908E+02
2.854720000E-03 -4.219462570E+01 0.000000000E+00 4.342982849E+02
2.861460000E-03 -4.198778181E+01 0.000000000E+00 4.332753210E+02
2.868210000E-03 -4.178210450E+01 0.000000000E+00 4.322556577E+02
2.874950000E-03 -4.157840163E+01 0.000000000E+00 4.312422825E+02
2.885540000E-03 -4.126091801E+01 0.000000000E+00 4.296596131E+02
2.890500000E-03 -4.111336073E+01 0.000000000E+00 4.289223318E+02
2.967420000E-03 -3.892093682E+01 0.000000000E+00 4.178040183E+02
2.986650000E-03 -3.839922693E+01 0.000000000E+00 4.151139236E+02
3.001070000E-03 -3.801435681E+01 0.000000000E+00 4.131193208E+02
3.022700000E-03 -3.744610003E+01 0.000000000E+00 4.101630992E+02
3.044340000E-03 -3.688994659E+01 0.000000000E+00 4.072475479E+02
3.058070000E-03 -3.654299346E+01 0.000000000E+00 4.054191042E+02
3.058470000E-03 -3.653297715E+01 0.000000000E+00 4.053660817E+02
3.073530000E-03 -3.615826415E+01 0.000000000E+00 4.033798271E+02
3.075440000E-03 -3.611095597E+01 0.000000000E+00 4.031293083E+02
3.083010000E-03 -3.592506062E+01 0.000000000E+00 4.021394676E+02
3.090580000E-03 -3.574034625E+01 0.000000000E+00 4.011544759E+02
3.093900000E-03 -3.565980637E+01 0.000000000E+00 4.007240053E+02
3.097220000E-03 -3.557952721E+01 0.000000000E+00 4.002944576E+02
3.112460000E-03 -3.521439021E+01 0.000000000E+00 3.983344364E+02
3.120090000E-03 -3.503351361E+01 0.000000000E+00 3.973603326E+02
3.127710000E-03 -3.485438630E+01 0.000000000E+00 3.963922486E+02
3.136000000E-03 -3.466076799E+01 0.000000000E+00 3.953443878E+02
3.141180000E-03 -3.454063826E+01 0.000000000E+00 3.946924404E+02
3.145070000E-03 -3.445072724E+01 0.000000000E+00 3.942042625E+02
3.151430000E-03 -3.430463076E+01 0.000000000E+00 3.934087065E+02
3.153820000E-03 -3.424984646E+01 0.000000000E+00 3.931105770E+02
3.156740000E-03 -3.418318556E+01 0.000000000E+00 3.927469478E+02
3.163890000E-03 -3.402048240E+01 0.000000000E+00 3.918593883E+02
3.165090000E-03 -3.399338085E+01 0.000000000E+00 3.917108202E+02
3.167230000E-03 -3.394482380E+01 0.000000000E+00 3.914461533E+02
3.172210000E-03 -3.383262910E+01 0.000000000E+00 3.908316284E+02
3.172620000E-03 -3.382344384E+01 0.000000000E+00 3.907811210E+02
3.172780000E-03 -3.381974875E+01 0.000000000E+00 3.907614143E+02
3.173050000E-03 -3.381364035E+01 0.000000000E+00 3.907281638E+02
3.173460000E-03 -3.380446245E+01 0.000000000E+00 3.906776830E+02
3.173670000E-03 -3.379985662E+01 0.000000000E+00 3.906518321E+02
3.174110000E-03 -3.378984367E+01 0.000000000E+00 3.905976793E+02
3.181640000E-03 -3.362154347E+01 0.000000000E+00 3.896732503E+02
3.183590000E-03 -3.357805369E+01 0.000000000E+00 3.894345691E+02
3.189420000E-03 -3.344867975E+01 0.000000000E+00 3.887227145E+02
3.192590000E-03 -3.337867768E+01 0.000000000E+00 3.883367423E+02
3.197350000E-03 -3.327387047E+01 0.000000000E+00 3.877586126E+02
3.202110000E-03 -3.316953404E+01 0.000000000E+00 3.871822017E+02
3.206910000E-03 -3.306481581E+01 0.000000000E+00 3.866026798E+02
3.211700000E-03 -3.296060343E+01 0.000000000E+00 3.860260921E+02
3.219270000E-03 -3.279663430E+01 0.000000000E+00 3.851183653E+02
3.226840000E-03 -3.263382823E+01 0.000000000E+00 3.842148975E+02
3.234440000E-03 -3.247137732E+01 0.000000000E+00 3.833121035E+02
3.243830000E-03 -3.227245116E+01 0.000000000E+00 3.822025199E+02
3.249680000E-03 -3.214927850E+01 0.000000000E+00 3.815144876E+02
3.254530000E-03 -3.204777000E+01 0.000000000E+00 3.809459430E+02
3.259380000E-03 -3.194671845E+01 0.000000000E+00 3.803790905E+02
3.274930000E-03 -3.162565735E+01 0.000000000E+00 3.785729771E+02
3.282700000E-03 -3.146694983E+01 0.000000000E+00 3.776769123E+02
3.290480000E-03 -3.130917937E+01 0.000000000E+00 3.767839343E+02
3.298250000E-03 -3.115272942E+01 0.000000000E+00 3.758963086E+02
3.301640000E-03 -3.108487847E+01 0.000000000E+00 3.755103524E+02
3.310850000E-03 -3.090141344E+01 0.000000000E+00 3.744657716E+02
3.313800000E-03 -3.084296330E+01 0.000000000E+00 3.741324160E+02
3.317280000E-03 -3.077434754E+01 0.000000000E+00 3.737399315E+02
3.325100000E-03 -3.062073804E+01 0.000000000E+00 3.728609666E+02
3.332920000E-03 -3.046805287E+01 0.000000000E+00 3.719861263E+02
3.356700000E-03 -3.001085894E+01 0.000000000E+00 3.693508505E+02
3.356750000E-03 -3.000993511E+01 0.000000000E+00 3.693453489E+02
3.357040000E-03 -3.000441430E+01 0.000000000E+00 3.693134428E+02
3.373570000E-03 -2.969145350E+01 0.000000000E+00 3.675038609E+02
3.381830000E-03 -2.953623600E+01 0.000000000E+00 3.666062457E+02
3.390090000E-03 -2.938200478E+01 0.000000000E+00 3.657130047E+02
3.398360000E-03 -2.922889198E+01 0.000000000E+00 3.648230323E+02
3.419700000E-03 -2.883877762E+01 0.000000000E+00 3.625464222E+02
3.436530000E-03 -2.853631341E+01 0.000000000E+00 3.607708939E+02
3.444950000E-03 -2.838652046E+01 0.000000000E+00 3.598891130E+02
3.453370000E-03 -2.823768105E+01 0.000000000E+00 3.590116321E+02
3.455020000E-03 -2.820868192E+01 0.000000000E+00 3.588401804E+02
3.461780000E-03 -2.809010831E+01 0.000000000E+00 3.581394543E+02
3.472720000E-03 -2.789978359E+01 0.000000000E+00 3.570112189E+02
3.480980000E-03 -2.775732246E+01 0.000000000E+00 3.561640687E+02
3.489250000E-03 -2.761572081E+01 0.000000000E+00 3.553199112E+02
3.506040000E-03 -2.733121579E+01 0.000000000E+00 3.536183272E+02
3.514550000E-03 -2.718866500E+01 0.000000000E+00 3.527620890E+02
3.519200000E-03 -2.711109878E+01 0.000000000E+00 3.522959764E+02
3.523050000E-03 -2.704717011E+01 0.000000000E+00 3.519109862E+02
3.531560000E-03 -2.690669884E+01 0.000000000E+00 3.510629863E+02
3.537540000E-03 -2.680860306E+01 0.000000000E+00 3.504695353E+02
3.545960000E-03 -2.667127566E+01 0.000000000E+00 3.496373338E+02
3.554370000E-03 -2.653509079E+01 0.000000000E+00 3.488100564E+02
3.562790000E-03 -2.639972808E+01 0.000000000E+00 3.479857078E+02
3.588500000E-03 -2.599236012E+01 0.000000000E+00 3.454925456E+02
3.597160000E-03 -2.585714234E+01 0.000000000E+00 3.446607880E+02
3.605820000E-03 -2.572248566E+01 0.000000000E+00 3.438330255E+02
3.614480000E-03 -2.558739992E+01 0.000000000E+00 3.430092295E+02
3.626340000E-03 -2.540411211E+01 0.000000000E+00 3.418874127E+02
3.640750000E-03 -2.518384110E+01 0.000000000E+00 3.405342306E+02
3.647010000E-03 -2.508890728E+01 0.000000000E+00 3.399497122E+02
3.653910000E-03 -2.498495072E+01 0.000000000E+00 3.393077553E+02
3.659090000E-03 -2.490730494E+01 0.000000000E+00 3.388274134E+02
3.666450000E-03 -2.479709517E+01 0.000000000E+00 3.381472542E+02
3.677100000E-03 -2.463875325E+01 0.000000000E+00 3.371678769E+02
3.689920000E-03 -2.445008679E+01 0.000000000E+00 3.359964444E+02
3.698810000E-03 -2.432049278E+01 0.000000000E+00 3.351888851E+02
3.707550000E-03 -2.419388604E+01 0.000000000E+00 3.343987269E+02
3.716700000E-03 -2.406239179E+01 0.000000000E+00 3.335754836E+02
3.726770000E-03 -2.391718899E+01 0.000000000E+00 3.326741387E+02
3.755110000E-03 -2.351037655E+01 0.000000000E+00 3.301634306E+02
3.769890000E-03 -2.330210833E+01 0.000000000E+00 3.288690121E+02
3.778980000E-03 -2.317514786E+01 0.000000000E+00 3.280779470E+02
3.795660000E-03 -2.294473207E+01 0.000000000E+00 3.266362108E+02
3.809920000E-03 -2.275009135E+01 0.000000000E+00 3.254136570E+02
3.819970000E-03 -2.261430683E+01 0.000000000E+00 3.245575227E+02
3.829050000E-03 -2.249264661E+01 0.000000000E+00 3.237878847E+02
3.851890000E-03 -2.218632171E+01 1.398438178E-06 3.218679661E+02
3.916000000E-03 -2.131386141E+01 2.667222324E-03 3.165985700E+02
3.932550000E-03 -2.107856976E+01 9.989623946E-03 3.152661759E+02
3.947530000E-03 -2.085979291E+01 2.693378833E-02 3.140698107E+02
3.956560000E-03 -2.072647967E+01 4.484199618E-02 3.133530137E+02
3.984440000E-03 -2.033393801E+01 1.468003139E-01 3.111604140E+02
3.992150000E-03 -2.023728448E+01 1.853579447E-01 3.105594730E+02
4.000450000E-03 -2.014464795E+01 2.288554679E-01 3.099151345E+02
4.009120000E-03 -2.004916841E+01 2.736543140E-01 3.092449216E+02
4.020540000E-03 -1.994206602E+01 3.274050615E-01 3.083665378E+02
4.036710000E-03 -1.980864420E+01 3.856247568E-01 3.071313025E+02
4.041640000E-03 -1.977008669E+01 3.988801892E-01 3.067566631E+02
4.050460000E-03 -1.970218095E+01 4.166007603E-01 3.060886912E+02
4.060540000E-03 -1.962376344E+01 4.303937270E-01 3.053288479E+02
4.073150000E-03 -1.952290514E+01 4.396994683E-01 3.043835852E+02
4.084730000E-03 -1.942635461E+01 4.434805323E-01 3.035206733E+02
4.100240000E-03 -1.929248843E+01 4.449572072E-01 3.023725440E+02
4.110090000E-03 -1.920308185E+01 4.446258800E-01 3.016478958E+02
4.119940000E-03 -1.911440577E+01 4.442926306E-01 3.009267125E+02
4.129790000E-03 -1.902634484E+01 4.439585781E-01 3.002089695E+02
4.142860000E-03 -1.891048594E+01 4.435106214E-01 2.992618626E+02
4.152320000E-03 -1.882200366E+01 4.428721086E-01 2.985800709E+02
4.157620000E-03 -1.877256438E+01 4.425161382E-01 2.981994506E+02
4.162920000E-03 -1.872320620E+01 4.421594814E-01 2.978197996E+02
4.168040000E-03 -1.867573427E+01 4.418159240E-01 2.974539592E+02
4.177990000E-03 -1.858402834E+01 4.411499652E-01 2.967455643E+02
4.182830000E-03 -1.853957484E+01 4.408254146E-01 2.964021966E+02
4.191270000E-03 -1.846253259E+01 4.402616432E-01 2.958053287E+02
4.193650000E-03 -1.844097152E+01 4.401024031E-01 2.956374519E+02
4.195010000E-03 -1.842857755E+01 4.400106961E-01 2.955416078E+02
4.204720000E-03 -1.834071882E+01 4.393641556E-01 2.948591107E+02
4.206760000E-03 -1.832238170E+01 4.392284818E-01 2.947161236E+02
4.207770000E-03 -1.831331486E+01 4.391611929E-01 2.946453822E+02
4.214870000E-03 -1.824954664E+01 4.386884662E-01 2.941490485E+02
4.216310000E-03 -1.823671105E+01 4.385929509E-01 2.940485875E+02
4.218090000E-03 -1.822078953E+01 4.384743905E-01 2.939245014E+02
4.221020000E-03 -1.819463158E+01 4.382793333E-01 2.937204751E+02
4.223410000E-03 -1.817332650E+01 4.381200248E-01 2.935542607E+02
4.225200000E-03 -1.815749707E+01 4.380016297E-01 2.934298968E+02
4.226540000E-03 -1.814555765E+01 4.379136378E-01 2.933368666E+02
4.229560000E-03 -1.811874143E+01 4.377136774E-01 2.931274175E+02
4.233680000E-03 -1.808185704E+01 4.374396152E-01 2.928421610E+02
4.236580000E-03 -1.805594758E+01 4.372472782E-01 2.926417063E+02
4.238940000E-03 -1.803483745E+01 4.370926231E-01 2.924787801E+02
4.240720000E-03 -1.801906624E+01 4.369735949E-01 2.923560150E+02
4.243380000E-03 -1.799533146E+01 4.367982203E-01 2.921727491E+02
4.244710000E-03 -1.798353188E+01 4.367105688E-01 2.920812022E+02
4.254010000E-03 -1.790133243E+01 4.360966824E-01 2.914426623E+02
4.256490000E-03 -1.787890692E+01 4.359383314E-01 2.912728563E+02
4.266940000E-03 -1.778482934E+01 4.352703543E-01 2.905595110E+02
4.275630000E-03 -1.770703739E+01 4.347157534E-01 2.899689636E+02
4.281830000E-03 -1.765189732E+01 4.343216183E-01 2.895490947E+02
4.288030000E-03 -1.759699771E+01 4.339269417E-01 2.891304399E+02
4.297050000E-03 -1.751750910E+01 4.333538777E-01 2.885235220E+02
4.306070000E-03 -1.743852261E+01 4.327827954E-01 2.879191467E+02
4.318800000E-03 -1.732712143E+01 4.319769683E-01 2.870704825E+02
4.328070000E-03 -1.724604376E+01 4.313928406E-01 2.864556257E+02
4.337890000E-03 -1.716039559E+01 4.307768563E-01 2.858071551E+02
4.347680000E-03 -1.707519390E+01 4.301689401E-01 2.851635815E+02
4.367910000E-03 -1.689907707E+01 4.289619883E-01 2.838428447E+02
4.380920000E-03 -1.678428912E+01 4.282469487E-01 2.829999178E+02
4.413620000E-03 -1.649215055E+01 4.298785196E-01 2.809032042E+02
4.461960000E-03 -1.605423072E+01 4.701575833E-01 2.778599539E+02
4.541310000E-03 -1.549087746E+01 6.051822515E-01 2.730049259E+02
4.770000000E-03 -1.404481761E+01 6.056973377E-01 2.599161426E+02
4.797870000E-03 -1.387309989E+01 6.033484372E-01 2.584063345E+02
4.821320000E-03 -1.373091092E+01 6.013820642E-01 2.571494943E+02
4.856480000E-03 -1.352103989E+01 5.983146315E-01 2.552877805E+02
4.868210000E-03 -1.345184639E+01 5.972306689E-01 2.546726620E+02
4.879930000E-03 -1.338320854E+01 5.961534192E-01 2.540610214E+02
4.895200000E-03 -1.329446044E+01 5.947540456E-01 2.532685079E+02
4.905990000E-03 -1.323111687E+01 5.937682863E-01 2.527114813E+02
4.924680000E-03 -1.312231563E+01 5.920689740E-01 2.517523981E+02
4.949110000E-03 -1.298195921E+01 5.898615782E-01 2.505096876E+02
4.961240000E-03 -1.291277446E+01 5.887427940E-01 2.498972031E+02
4.973710000E-03 -1.284190703E+01 5.875758468E-01 2.492706652E+02
4.986410000E-03 -1.277030319E+01 5.863916880E-01 2.486357921E+02
4.994970000E-03 -1.272233467E+01 5.855948855E-01 2.482096990E+02
5.003530000E-03 -1.267461351E+01 5.848008335E-01 2.477850637E+02
5.013290000E-03 -1.262054186E+01 5.838985068E-01 2.473026695E+02
5.018170000E-03 -1.259355178E+01 5.834486813E-01 2.470621761E+02
5.023050000E-03 -1.256671380E+01 5.829987704E-01 2.468221499E+02
5.035270000E-03 -1.249985454E+01 5.818751032E-01 2.462231420E+02
5.047480000E-03 -1.243288557E+01 5.807570483E-01 2.456275211E+02
5.059690000E-03 -1.236482238E+01 5.796429957E-01 2.450347749E+02
5.071910000E-03 -1.229713408E+01 5.785306448E-01 2.444444006E+02
5.085320000E-03 -1.222346542E+01 5.773158636E-01 2.437998002E+02
5.098730000E-03 -1.215038681E+01 5.761065503E-01 2.431585905E+02
5.108550000E-03 -1.209726722E+01 5.752219271E-01 2.426911746E+02
5.120770000E-03 -1.203153128E+01 5.741274881E-01 2.421120261E+02
5.132970000E-03 -1.196644307E+01 5.730379092E-01 2.415365763E+02
5.160720000E-03 -1.182011209E+01 5.705726773E-01 2.402377963E+02
5.167310000E-03 -1.178564001E+01 5.699900958E-01 2.399314150E+02
5.174350000E-03 -1.174908405E+01 5.693694370E-01 2.396049745E+02
5.214320000E-03 -1.153934157E+01 5.656917934E-01 2.377682996E+02
5.231150000E-03 -1.144916266E+01 5.640322705E-01 2.370033358E+02
5.258530000E-03 -1.130067901E+01 5.614767254E-01 2.357693120E+02
5.278950000E-03 -1.118719594E+01 5.600861522E-01 2.348573106E+02
5.303080000E-03 -1.104766061E+01 5.608120493E-01 2.337886662E+02
5.324160000E-03 -1.091898948E+01 5.674065557E-01 2.328630244E+02
5.356440000E-03 -1.071292483E+01 6.030297710E-01 2.314597008E+02
5.398280000E-03 -1.047449088E+01 7.163167352E-01 2.296657454E+02
5.478180000E-03 -1.026789805E+01 9.168215389E-01 2.263160393E+02
5.531940000E-03 -1.015695755E+01 9.234195006E-01 2.241166752E+02
5.639020000E-03 -9.840524242E+00 8.842693957E-01 2.198608978E+02
6.025600000E-03 -8.656585610E+00 7.584176031E-01 2.057554434E+02
6.327840000E-03 -7.818747893E+00 6.794885312E-01 1.959278364E+02
7.134290000E-03 -6.020392780E+00 5.257831779E-01 1.737804323E+02
8.663500000E-03 -3.822224086E+00 3.541388290E-01 1.431061349E+02
1.059730000E-02 -2.254215316E+00 2.317549559E-01 1.169920640E+02
1.152910000E-02 -1.759357265E+00 1.914316746E-01 1.075365813E+02
1.205240000E-02 -1.528962587E+00 1.723139520E-01 1.028674787E+02
1.246130000E-02 -1.366618270E+00 1.590028472E-01 9.949202732E+01
1.286220000E-02 -1.221766380E+00 1.469221654E-01 9.639097511E+01
1.311010000E-02 -1.138709082E+00 1.400286172E-01 9.456830993E+01
1.357490000E-02 -9.945691670E-01 1.278893629E-01 9.133032288E+01
1.414320000E-02 -8.369737919E-01 1.146979621E-01 8.766050116E+01
1.455610000E-02 -7.326195581E-01 1.060545528E-01 8.517391334E+01
1.502080000E-02 -6.245593524E-01 9.717628262E-02 8.253887942E+01
1.542720000E-02 -5.376961092E-01 9.011970001E-02 8.036455092E+01
1.577750000E-02 -4.679680111E-01 8.448811802E-02 7.858025669E+01
1.636600000E-02 -3.589924483E-01 7.590082287E-02 7.575461322E+01
1.699410000E-02 -2.537986933E-01 6.782976065E-02 7.295473135E+01
1.753250000E-02 -1.713077077E-01 6.169195214E-02 7.071438757E+01
1.795750000E-02 -1.106101651E-01 5.731464849E-02 6.904079076E+01
1.834570000E-02 -5.812499455E-02 5.363593261E-02 6.757986885E+01
1.868930000E-02 -1.349641141E-02 5.060754238E-02 6.633742302E+01
1.896190000E-02 2.037225253E-02 4.835034762E-02 6.538374319E+01
1.914370000E-02 4.286513935E-02 4.691485982E-02 6.476282014E+01
1.933640000E-02 6.598946748E-02 4.544696336E-02 6.411741586E+01
1.946400000E-02 8.098584018E-02 4.450502896E-02 6.369708179E+01
1.955680000E-02 9.203187327E-02 4.383375599E-02 6.339482942E+01
1.957550000E-02 9.423675272E-02 4.370001886E-02 6.333426988E+01
1.967180000E-02 1.055244709E-01 4.301765214E-02 6.302422757E+01
1.972000000E-02 1.112130111E-01 4.268216794E-02 6.287018256E+01
1.976820000E-02 1.168567743E-01 4.234939311E-02 6.271688874E+01
1.981640000E-02 1.224609004E-01 4.201934699E-02 6.256434065E+01
1.986460000E-02 1.280864396E-01 4.169228166E-02 6.241253285E+01
1.991280000E-02 1.337235949E-01 4.136909443E-02 6.226145997E+01
1.996090000E-02 1.393125342E-01 4.105075277E-02 6.211142784E+01
2.000910000E-02 1.449123557E-01 4.073458323E-02 6.196180738E+01
2.005730000E-02 1.505461790E-01 4.042097505E-02 6.181290602E+01
2.010550000E-02 1.561358706E-01 4.010990238E-02 6.166471861E+01
2.011900000E-02 1.576956548E-01 4.002315144E-02 6.162334112E+01
2.016850000E-02 1.634867617E-01 3.970690796E-02 6.147209758E+01
2.021800000E-02 1.692538492E-01 3.939332297E-02 6.132159462E+01
2.026760000E-02 1.750410697E-01 3.908189356E-02 6.117152500E+01
2.031710000E-02 1.808450690E-01 3.877577833E-02 6.102248845E+01
2.036660000E-02 1.866379771E-01 3.847244015E-02 6.087417635E+01
2.038560000E-02 1.888757813E-01 3.835675258E-02 6.081743976E+01
2.041420000E-02 1.922429010E-01 3.818355126E-02 6.073223540E+01
2.044280000E-02 1.956296211E-01 3.801116837E-02 6.064726945E+01
2.047900000E-02 1.999550779E-01 3.779399758E-02 6.054006543E+01
2.049710000E-02 2.021213848E-01 3.768589834E-02 6.048660542E+01
2.051520000E-02 2.042812957E-01 3.757882170E-02 6.043323974E+01
2.053990000E-02 2.072372122E-01 3.743393005E-02 6.036056651E+01
2.055230000E-02 2.087385356E-01 3.736156644E-02 6.032414864E+01
2.057710000E-02 2.117277104E-01 3.721723714E-02 6.025144457E+01
2.059560000E-02 2.139551055E-01 3.710972457E-02 6.019732370E+01
2.060490000E-02 2.150896101E-01 3.705588901E-02 6.017015370E+01
2.060960000E-02 2.156643562E-01 3.702884401E-02 6.015643195E+01
2.061070000E-02 2.158044338E-01 3.702237714E-02 6.015322139E+01
2.061160000E-02 2.159119306E-01 3.701723667E-02 6.015059481E+01
2.061220000E-02 2.159879209E-01 3.701365118E-02 6.014884389E+01
2.061250000E-02 2.160237459E-01 3.701205363E-02 6.014796847E+01
2.061300000E-02 2.160877850E-01 3.700913113E-02 6.014650948E+01
2.061360000E-02 2.161594237E-01 3.700563314E-02 6.014475880E+01
2.061390000E-02 2.161952404E-01 3.700390594E-02 6.014388350E+01
2.061460000E-02 2.162831398E-01 3.699991947E-02 6.014184122E+01
2.061610000E-02 2.164708424E-01 3.699115574E-02 6.013746538E+01
2.066370000E-02 2.223150116E-01 3.671737110E-02 5.999893533E+01
2.067110000E-02 2.232165195E-01 3.667496748E-02 5.997745645E+01
2.069700000E-02 2.263761139E-01 3.652704411E-02 5.990240131E+01
2.072300000E-02 2.295512273E-01 3.637935124E-02 5.982724509E+01
2.074030000E-02 2.317307921E-01 3.628122500E-02 5.977734170E+01
2.077070000E-02 2.355318733E-01 3.610965935E-02 5.968985157E+01
2.081620000E-02 2.412545142E-01 3.585430604E-02 5.955938164E+01
2.083900000E-02 2.442158467E-01 3.572716468E-02 5.949421757E+01
2.086180000E-02 2.471618211E-01 3.560049319E-02 5.942919595E+01
2.091130000E-02 2.535308919E-01 3.532732303E-02 5.928851865E+01
2.096080000E-02 2.600578542E-01 3.505700383E-02 5.914850578E+01
2.101040000E-02 2.668014817E-01 3.478854751E-02 5.900887180E+01
2.109120000E-02 2.778071056E-01 3.435554069E-02 5.878280989E+01
2.110940000E-02 2.803950843E-01 3.425888090E-02 5.873212881E+01
2.114080000E-02 2.849293504E-01 3.409319458E-02 5.864489518E+01
2.117450000E-02 2.899023255E-01 3.391743695E-02 5.855155966E+01
2.125080000E-02 3.016518730E-01 3.353015500E-02 5.834133303E+01
2.136130000E-02 3.203608493E-01 3.307348761E-02 5.803953879E+01
2.154890000E-02 3.606073450E-01 3.488730594E-02 5.753425929E+01
2.175230000E-02 4.199242604E-01 5.942395923E-02 5.699627166E+01
2.199260000E-02 4.558302752E-01 1.451352802E-01 5.637350745E+01
2.214320000E-02 4.339250991E-01 1.918778731E-01 5.599010080E+01
2.233660000E-02 3.952817093E-01 2.105853635E-01 5.550531415E+01
2.266520000E-02 3.654744037E-01 2.022842965E-01 5.470059827E+01
2.309600000E-02 3.579866903E-01 1.876133756E-01 5.368029096E+01
2.362340000E-02 3.644864535E-01 1.711881925E-01 5.248186121E+01
2.488300000E-02 4.020169558E-01 1.386154328E-01 4.982518185E+01
2.524770000E-02 4.150796613E-01 1.306837124E-01 4.910546307E+01
2.542970000E-02 4.219099897E-01 1.269695121E-01 4.875401597E+01
2.560340000E-02 4.283730692E-01 1.235157944E-01 4.842325629E+01
2.569870000E-02 4.318937088E-01 1.216549578E-01 4.824368548E+01
2.572520000E-02 4.328715218E-01 1.211436944E-01 4.819398877E+01
2.574980000E-02 4.338324011E-01 1.206840217E-01 4.814794678E+01
2.578610000E-02 4.352425047E-01 1.200076787E-01 4.808016722E+01
2.587620000E-02 4.387340122E-01 1.183444137E-01 4.791275380E+01
2.596890000E-02 4.423379339E-01 1.166547247E-01 4.774172183E+01
2.608500000E-02 4.467984033E-01 1.145681730E-01 4.752923136E+01
2.621340000E-02 4.517114269E-01 1.123014383E-01 4.729642091E+01
2.634180000E-02 4.567011558E-01 1.101115667E-01 4.706588008E+01
2.640600000E-02 4.592393854E-01 1.090509299E-01 4.695145043E+01
2.648880000E-02 4.625596549E-01 1.076959479E-01 4.680468726E+01
2.659860000E-02 4.669121535E-01 1.059225395E-01 4.661147579E+01
2.666280000E-02 4.694322130E-01 1.048975358E-01 4.649924239E+01
2.672700000E-02 4.719368181E-01 1.038814042E-01 4.638754817E+01
2.678160000E-02 4.740492471E-01 1.030233065E-01 4.629297727E+01
2.679990000E-02 4.747570240E-01 1.027380400E-01 4.626136665E+01
2.684380000E-02 4.764607915E-01 1.020536748E-01 4.618571141E+01
2.693180000E-02 4.800034986E-01 1.007126957E-01 4.603479901E+01
2.699770000E-02 4.826829926E-01 9.973523418E-02 4.592243043E+01
2.706370000E-02 4.853489043E-01 9.876611168E-02 4.581043981E+01
2.712970000E-02 4.879950285E-01 9.780522778E-02 4.569899409E+01
2.715760000E-02 4.891064202E-01 9.740136320E-02 4.565204584E+01
2.719900000E-02 4.908098812E-01 9.680459981E-02 4.558255818E+01
2.724060000E-02 4.925152880E-01 9.620835794E-02 4.551294759E+01
2.728410000E-02 4.942880583E-01 9.558837660E-02 4.544038469E+01
2.730580000E-02 4.951705611E-01 9.528015617E-02 4.540427308E+01
2.732760000E-02 4.960545877E-01 9.497209875E-02 4.536805281E+01
2.737700000E-02 4.980485370E-01 9.427558568E-02 4.528618914E+01
2.738530000E-02 4.983822246E-01 9.415951107E-02 4.527246369E+01
2.740260000E-02 4.990767091E-01 9.391680161E-02 4.524388197E+01
2.743060000E-02 5.002603711E-01 9.352544329E-02 4.519769892E+01
2.743790000E-02 5.005653932E-01 9.342431192E-02 4.518567383E+01
2.744330000E-02 5.007937098E-01 9.334891330E-02 4.517678268E+01
2.745140000E-02 5.011346988E-01 9.323615738E-02 4.516345250E+01
2.745540000E-02 5.013044801E-01 9.317991830E-02 4.515687260E+01
2.746360000E-02 5.016486262E-01 9.306617107E-02 4.514338980E+01
2.752550000E-02 5.042424035E-01 9.221198735E-02 4.504187027E+01
2.754200000E-02 5.049479077E-01 9.199179676E-02 4.501488636E+01
2.759140000E-02 5.070504394E-01 9.133489062E-02 4.493429112E+01
2.761910000E-02 5.082246314E-01 9.096901537E-02 4.488922521E+01
2.766050000E-02 5.099748496E-01 9.042346529E-02 4.482203865E+01
2.770200000E-02 5.117179353E-01 8.988011873E-02 4.475489134E+01
2.774570000E-02 5.135466932E-01 8.931181280E-02 4.468440155E+01
2.778930000E-02 5.154129652E-01 8.874751142E-02 4.461429399E+01
2.785530000E-02 5.183165899E-01 8.790093250E-02 4.450858544E+01
2.792130000E-02 5.212005705E-01 8.706182934E-02 4.440337663E+01
2.798720000E-02 5.241416274E-01 8.623003544E-02 4.429882232E+01
2.811910000E-02 5.301769606E-01 8.461170314E-02 4.409102710E+01
2.817590000E-02 5.328371508E-01 8.393244670E-02 4.400214368E+01
2.827440000E-02 5.376183572E-01 8.276537876E-02 4.384885267E+01
2.837640000E-02 5.427753487E-01 8.157518119E-02 4.369123638E+01
2.846000000E-02 5.472219768E-01 8.061938098E-02 4.356289529E+01
2.855410000E-02 5.525549606E-01 7.959083478E-02 4.341933383E+01
2.874860000E-02 5.654275951E-01 7.813425686E-02 4.312557829E+01
2.903320000E-02 5.895425999E-01 8.322541267E-02 4.270283675E+01
2.967940000E-02 5.970187374E-01 1.281293754E-01 4.177308167E+01
3.004660000E-02 5.874164891E-01 1.269300364E-01 4.126257214E+01
3.085450000E-02 5.895785479E-01 1.151074733E-01 4.018214523E+01
3.191070000E-02 6.036593501E-01 1.012824933E-01 3.885217184E+01
3.350000000E-02 6.305042818E-01 8.399763316E-02 3.700895522E+01
3.605300000E-02 6.732721169E-01 6.305734796E-02 3.438826173E+01
4.080340000E-02 7.410396567E-01 3.841242881E-02 3.038472284E+01
4.298150000E-02 7.666802450E-01 3.106503882E-02 2.884496818E+01
4.341200000E-02 7.713668699E-01 2.982274507E-02 2.855892380E+01
4.394910000E-02 7.771698110E-01 2.835246538E-02 2.820990646E+01
4.421220000E-02 7.800024087E-01 2.767779104E-02 2.804203365E+01
4.488320000E-02 7.872606627E-01 2.640516577E-02 2.762280764E+01
4.601390000E-02 7.971473640E-01 2.509695864E-02 2.694403213E+01
5.069910000E-02 8.333082382E-01 1.678567721E-02 2.445408301E+01
5.563470000E-02 8.634655532E-01 1.148388995E-02 2.228465328E+01
5.900000000E-02 8.800317311E-01 9.086462727E-03 2.101355932E+01
6.106990000E-02 8.889788574E-01 7.933368940E-03 2.030132684E+01
6.164890000E-02 8.913476289E-01 7.644475413E-03 2.011065891E+01
6.391750000E-02 9.000278979E-01 6.645663442E-03 1.939687879E+01
6.557140000E-02 9.059168157E-01 6.023979457E-03 1.890763351E+01
6.731810000E-02 9.117253863E-01 5.448874125E-03 1.841703791E+01
6.898430000E-02 9.169203406E-01 4.968169589E-03 1.797220527E+01
7.052800000E-02 9.214752128E-01 4.569906401E-03 1.757883394E+01
7.224950000E-02 9.263006074E-01 4.176027249E-03 1.715998035E+01
7.334380000E-02 9.292479019E-01 3.948231378E-03 1.690395098E+01
7.489560000E-02 9.333057679E-01 3.654560777E-03 1.655370943E+01
7.626820000E-02 9.368033386E-01 3.418898063E-03 1.625579206E+01
7.734590000E-02 9.395101926E-01 3.248156707E-03 1.602929179E+01
7.858090000E-02 9.426024135E-01 3.065648492E-03 1.577737084E+01
7.961670000E-02 9.452029887E-01 2.923702344E-03 1.557210987E+01
8.029590000E-02 9.469350322E-01 2.834405780E-03 1.544038986E+01
8.079560000E-02 9.482391118E-01 2.771005050E-03 1.534489502E+01
8.108650000E-02 9.490070141E-01 2.735629878E-03 1.528984480E+01
8.143190000E-02 9.499502545E-01 2.694219980E-03 1.522499168E+01
8.158140000E-02 9.503551673E-01 2.676482126E-03 1.519709149E+01
8.163030000E-02 9.504878690E-01 2.670744792E-03 1.518798779E+01
8.194920000E-02 9.513455182E-01 2.634025083E-03 1.512888472E+01
8.203210000E-02 9.515877623E-01 2.624571431E-03 1.511359578E+01
8.223300000E-02 9.521777958E-01 2.601789904E-03 1.507667238E+01
8.243400000E-02 9.527627740E-01 2.579195469E-03 1.503991072E+01
8.263490000E-02 9.533473752E-01 2.556925453E-03 1.500334604E+01
8.274630000E-02 9.536700650E-01 2.544722371E-03 1.498314728E+01
8.285770000E-02 9.539911891E-01 2.532575626E-03 1.496300283E+01
8.305720000E-02 9.545918382E-01 2.510970703E-03 1.492706231E+01
8.326790000E-02 9.552550990E-01 2.488382469E-03 1.488929107E+01
8.347940000E-02 9.559469224E-01 2.466043163E-03 1.485156817E+01
8.369230000E-02 9.566698050E-01 2.444168173E-03 1.481378813E+01
8.393300000E-02 9.575255178E-01 2.421647280E-03 1.477130568E+01
8.408150000E-02 9.580812774E-01 2.410021765E-03 1.474521744E+01
8.418690000E-02 9.584935753E-01 2.403785682E-03 1.472675678E+01
8.432010000E-02 9.590336126E-01 2.399862439E-03 1.470349300E+01
8.439910000E-02 9.593659680E-01 2.400612540E-03 1.468973010E+01
8.449740000E-02 9.597926862E-01 2.406090864E-03 1.467264081E+01
8.460470000E-02 9.602774530E-01 2.419939274E-03 1.465403222E+01
8.465430000E-02 9.605085041E-01 2.429956295E-03 1.464544624E+01
8.468620000E-02 9.606594568E-01 2.437748048E-03 1.463992953E+01
8.471750000E-02 9.608096383E-01 2.446701337E-03 1.463452061E+01
8.474330000E-02 9.609353074E-01 2.455051676E-03 1.463006515E+01
8.487920000E-02 9.616173119E-01 2.515988260E-03 1.460664097E+01
8.490180000E-02 9.617345745E-01 2.529418922E-03 1.460275283E+01
8.491310000E-02 9.617937996E-01 2.536485071E-03 1.460080953E+01
8.492020000E-02 9.618308337E-01 2.541122591E-03 1.459958879E+01
8.492130000E-02 9.618364192E-01 2.541817774E-03 1.459939968E+01
8.492210000E-02 9.618407134E-01 2.542336805E-03 1.459926215E+01
8.492400000E-02 9.618508477E-01 2.543632620E-03 1.459893552E+01
8.492530000E-02 9.618573780E-01 2.544438256E-03 1.459871204E+01
8.492690000E-02 9.618659647E-01 2.545501630E-03 1.459843701E+01
8.493010000E-02 9.618828809E-01 2.547615363E-03 1.459788697E+01
8.493640000E-02 9.619163611E-01 2.551998477E-03 1.459680420E+01
8.513300000E-02 9.629928567E-01 2.737248421E-03 1.456309539E+01
8.518760000E-02 9.633044648E-01 2.809011803E-03 1.455376135E+01
8.535500000E-02 9.642925626E-01 3.097782486E-03 1.452521821E+01
8.542440000E-02 9.647134723E-01 3.252075319E-03 1.451341771E+01
8.555240000E-02 9.654948334E-01 3.596305340E-03 1.449170333E+01
8.574440000E-02 9.666491633E-01 4.266522396E-03 1.445925332E+01
8.585260000E-02 9.672693815E-01 4.728066951E-03 1.444103032E+01
8.595900000E-02 9.678468558E-01 5.239111604E-03 1.442315523E+01
8.612840000E-02 9.686668658E-01 6.157638141E-03 1.439478732E+01
8.632960000E-02 9.694438646E-01 7.373217658E-03 1.436123879E+01
8.653530000E-02 9.699637671E-01 8.674723760E-03 1.432710119E+01
8.690400000E-02 9.704419488E-01 1.093607903E-02 1.426631686E+01
8.693670000E-02 9.704515094E-01 1.112471527E-02 1.426095078E+01
8.700530000E-02 9.704460232E-01 1.149760589E-02 1.424970663E+01
8.707400000E-02 9.704341004E-01 1.185995332E-02 1.423846384E+01
8.721750000E-02 9.703688587E-01 1.256429150E-02 1.421503712E+01
8.737610000E-02 9.702420999E-01 1.324840596E-02 1.418923481E+01
8.780000000E-02 9.698254207E-01 1.470397062E-02 1.412072893E+01
8.791110000E-02 9.697243458E-01 1.499680171E-02 1.410288348E+01
8.794910000E-02 9.696897887E-01 1.509665378E-02 1.409679008E+01
8.798710000E-02 9.696555405E-01 1.519604230E-02 1.409070193E+01
8.800600000E-02 9.696383738E-01 1.524568097E-02 1.408767584E+01
8.802020000E-02 9.696255869E-01 1.528250393E-02 1.408540312E+01
8.802620000E-02 9.696204581E-01 1.529636873E-02 1.408444304E+01
8.802790000E-02 9.696187795E-01 1.530055503E-02 1.408417104E+01
8.804420000E-02 9.696055570E-01 1.533862856E-02 1.408156358E+01
8.806210000E-02 9.695925014E-01 1.538041252E-02 1.407870128E+01
8.809550000E-02 9.695678563E-01 1.545873736E-02 1.407336357E+01
8.815410000E-02 9.695258306E-01 1.559441384E-02 1.406400837E+01
8.839410000E-02 9.693999957E-01 1.609094715E-02 1.402582299E+01
8.845830000E-02 9.693667277E-01 1.622284253E-02 1.401564353E+01
8.867500000E-02 9.692719831E-01 1.662483664E-02 1.398139273E+01
8.889160000E-02 9.691845158E-01 1.700705209E-02 1.394732461E+01
8.895330000E-02 9.691623130E-01 1.710777792E-02 1.393765043E+01
8.913850000E-02 9.690995644E-01 1.740819339E-02 1.390869265E+01
8.921480000E-02 9.690820552E-01 1.752908479E-02 1.389679739E+01
8.934840000E-02 9.690574855E-01 1.772375269E-02 1.387601793E+01
8.944850000E-02 9.690422258E-01 1.786905423E-02 1.386048956E+01
8.952370000E-02 9.690326290E-01 1.797763394E-02 1.384884673E+01
8.964160000E-02 9.690212135E-01 1.814730109E-02 1.383063221E+01
8.970310000E-02 9.690169866E-01 1.823500889E-02 1.382114999E+01
8.972740000E-02 9.690147798E-01 1.826575929E-02 1.381740695E+01
8.990930000E-02 9.690056120E-01 1.849513697E-02 1.378945226E+01
8.992880000E-02 9.690053885E-01 1.851963617E-02 1.378646218E+01
8.994630000E-02 9.690053833E-01 1.854172739E-02 1.378377988E+01
8.996000000E-02 9.690052650E-01 1.855888268E-02 1.378168075E+01
8.997680000E-02 9.690054642E-01 1.857995601E-02 1.377910750E+01
8.998340000E-02 9.690054617E-01 1.858823911E-02 1.377809685E+01
8.999130000E-02 9.690056728E-01 1.859800623E-02 1.377688732E+01
8.999520000E-02 9.690058578E-01 1.860292044E-02 1.377629029E+01
8.999910000E-02 9.690058155E-01 1.860781099E-02 1.377569331E+01
9.000580000E-02 9.690061104E-01 1.861627118E-02 1.377466785E+01
9.003190000E-02 9.690068103E-01 1.864896609E-02 1.377067462E+01
9.017000000E-02 9.690162790E-01 1.882124920E-02 1.374958412E+01
9.021620000E-02 9.690208513E-01 1.887617355E-02 1.374254291E+01
9.035980000E-02 9.690373596E-01 1.903136280E-02 1.372070323E+01
9.047260000E-02 9.690589450E-01 1.915369610E-02 1.370359645E+01
9.049290000E-02 9.690638294E-01 1.917564447E-02 1.370052236E+01
9.068310000E-02 9.691226961E-01 1.938430171E-02 1.367178669E+01
9.083620000E-02 9.691858474E-01 1.953194581E-02 1.364874356E+01
9.108350000E-02 9.693329677E-01 1.978298514E-02 1.361168598E+01
9.121450000E-02 9.694362642E-01 1.993068656E-02 1.359213722E+01
9.133560000E-02 9.695463990E-01 2.007355600E-02 1.357411568E+01
9.152090000E-02 9.697384112E-01 2.029953609E-02 1.354663252E+01
9.171540000E-02 9.699723741E-01 2.059444118E-02 1.351790430E+01
9.192800000E-02 9.702501405E-01 2.099695623E-02 1.348664172E+01
9.230120000E-02 9.707040204E-01 2.189173170E-02 1.343211139E+01
9.235860000E-02 9.707611499E-01 2.205884021E-02 1.342376346E+01
9.247010000E-02 9.708550960E-01 2.240326842E-02 1.340757715E+01
9.280450000E-02 9.709633956E-01 2.350457014E-02 1.335926598E+01
9.312230000E-02 9.707823688E-01 2.459169036E-02 1.331367460E+01
9.332540000E-02 9.705803825E-01 2.525022424E-02 1.328470063E+01
9.359560000E-02 9.701542021E-01 2.603324035E-02 1.324634919E+01
9.376290000E-02 9.698424871E-01 2.644171315E-02 1.322271389E+01
9.385000000E-02 9.696753350E-01 2.664315039E-02 1.321044219E+01
9.402310000E-02 9.693200345E-01 2.699574479E-02 1.318612128E+01
9.416920000E-02 9.690176612E-01 2.726572083E-02 1.316566351E+01
9.430310000E-02 9.687384123E-01 2.746957451E-02 1.314696972E+01
9.450000000E-02 9.683439076E-01 2.772581308E-02 1.311957672E+01
9.481970000E-02 9.677388882E-01 2.807604703E-02 1.307534194E+01
9.503390000E-02 9.673372487E-01 2.828180679E-02 1.304587100E+01
9.614090000E-02 9.654914915E-01 2.889689589E-02 1.289565627E+01
9.723070000E-02 9.638416222E-01 2.909333952E-02 1.275111667E+01
9.960590000E-02 9.608311731E-01 2.830040509E-02 1.244705384E+01
1.020440000E-01 9.587136663E-01 2.631654913E-02 1.214966093E+01
1.049520000E-01 9.576032080E-01 2.328651836E-02 1.181301929E+01
1.098210000E-01 9.581727322E-01 1.847226695E-02 1.128927983E+01
1.182740000E-01 9.618599606E-01 1.244705172E-02 1.048243908E+01
1.282950000E-01 9.669261771E-01 7.958537930E-03 9.663665770E+00
1.373280000E-01 9.713150159E-01 5.395196882E-03 9.028020506E+00
1.465260000E-01 9.752108499E-01 3.724441371E-03 8.461296971E+00
1.555290000E-01 9.784527523E-01 2.664725737E-03 7.971503707E+00
1.659590000E-01 9.816366747E-01 1.866596271E-03 7.470519827E+00
1.699760000E-01 9.827661718E-01 1.641166723E-03 7.293970914E+00
1.712080000E-01 9.831323674E-01 1.584986220E-03 7.241484043E+00
1.723640000E-01 9.835013674E-01 1.560270152E-03 7.192917315E+00
1.737650000E-01 9.839481004E-01 1.630136391E-03 7.134923604E+00
1.746580000E-01 9.841705642E-01 1.730926464E-03 7.098443816E+00
1.778490000E-01 9.845974850E-01 1.880923904E-03 6.971082210E+00
1.920000000E-01 9.868617784E-01 1.373472315E-03 6.457291667E+00
2.087000000E-01 9.892615798E-01 1.004865916E-03 5.940584571E+00
2.122560000E-01 9.897152558E-01 9.484557112E-04 5.841059852E+00
2.135720000E-01 9.898836024E-01 9.295880724E-04 5.805068080E+00
2.146650000E-01 9.900269636E-01 9.162812078E-04 5.775510679E+00
2.167880000E-01 9.903152301E-01 9.153671892E-04 5.718951233E+00
2.177460000E-01 9.904399585E-01 9.350640527E-04 5.693790012E+00
2.183440000E-01 9.905104863E-01 9.529418717E-04 5.678195874E+00
2.208700000E-01 9.907344171E-01 1.018038153E-03 5.613256667E+00
2.226650000E-01 9.908704248E-01 1.016964825E-03 5.568005749E+00
2.490440000E-01 9.930351246E-01 7.345364538E-04 4.978236777E+00
2.684230000E-01 9.943017857E-01 6.110403780E-04 4.618829236E+00
2.715120000E-01 9.944997316E-01 6.021573107E-04 4.566280680E+00
2.740890000E-01 9.946560661E-01 6.094671951E-04 4.523348255E+00
2.812430000E-01 9.950158870E-01 6.030771330E-04 4.408287495E+00
3.108320000E-01 9.964086701E-01 4.985015307E-04 3.988649817E+00
3.129130000E-01 9.965034515E-01 4.929877742E-04 3.962123657E+00
3.146320000E-01 9.965839896E-01 4.902033894E-04 3.940476493E+00
3.174040000E-01 9.967200451E-01 4.971802948E-04 3.906062936E+00
3.188350000E-01 9.967880641E-01 5.087280253E-04 3.888531686E+00
3.225070000E-01 9.969353505E-01 5.408628987E-04 3.844257644E+00
3.240030000E-01 9.969906900E-01 5.471215963E-04 3.826507779E+00
3.270950000E-01 9.971122256E-01 5.581624776E-04 3.790336141E+00
3.281990000E-01 9.971565320E-01 5.646551489E-04 3.777586160E+00
3.330000000E-01 9.973235801E-01 5.888651926E-04 3.723123123E+00
3.361140000E-01 9.974332434E-01 5.912007388E-04 3.688629453E+00
3.445000000E-01 9.977636310E-01 6.079594746E-04 3.598838897E+00
3.515000000E-01 9.980540160E-01 6.608215786E-04 3.527169275E+00
3.584990000E-01 9.983342996E-01 7.581414395E-04 3.458308112E+00
3.665000000E-01 9.986172691E-01 9.157119737E-04 3.382810368E+00
3.763740000E-01 9.988969981E-01 1.153001729E-03 3.294063883E+00
3.855050000E-01 9.990827391E-01 1.393606098E-03 3.216041296E+00
3.935500000E-01 9.991850068E-01 1.607833880E-03 3.150298564E+00
4.033200000E-01 9.992503022E-01 1.847706606E-03 3.073985917E+00
4.135460000E-01 9.992557449E-01 2.060972656E-03 2.997973623E+00
4.265800000E-01 9.992048807E-01 2.273575374E-03 2.906371607E+00
4.420000000E-01 9.990925367E-01 2.437351220E-03 2.804977376E+00
4.700000000E-01 9.988651483E-01 2.527110842E-03 2.637872340E+00
5.075230000E-01 9.986367339E-01 2.418336896E-03 2.442844955E+00
5.580000000E-01 9.985016704E-01 2.116842039E-03 2.221863799E+00
6.079740000E-01 9.985230485E-01 1.793075669E-03 2.039231941E+00
6.242470000E-01 9.985723315E-01 1.694212079E-03 1.986072821E+00
6.289820000E-01 9.985995320E-01 1.669228181E-03 1.971121590E+00
6.369050000E-01 9.986573309E-01 1.666106630E-03 1.946601141E+00
6.395900000E-01 9.986647176E-01 1.679371005E-03 1.938429306E+00
6.492960000E-01 9.986326107E-01 1.692495776E-03 1.909452700E+00
6.556890000E-01 9.986158629E-01 1.661734690E-03 1.890835442E+00
6.635710000E-01 9.986187368E-01 1.619389048E-03 1.868375803E+00
6.726490000E-01 9.986411595E-01 1.593276891E-03 1.843160400E+00
6.768930000E-01 9.986424976E-01 1.593501997E-03 1.831604109E+00
6.861020000E-01 9.986187893E-01 1.574196761E-03 1.807019947E+00
7.296490000E-01 9.986132254E-01 1.367461588E-03 1.699173164E+00
8.246980000E-01 9.987398861E-01 1.010601840E-03 1.503338192E+00
8.955510000E-01 9.988757740E-01 8.143055478E-04 1.384399102E+00
9.158610000E-01 9.989211656E-01 7.995997236E-04 1.353698869E+00
9.584410000E-01 9.989489445E-01 7.199848787E-04 1.293559019E+00
1.070830000E+00 9.990897205E-01 5.285290007E-04 1.157793487E+00
1.228720000E+00 9.992637261E-01 3.607892379E-04 1.009017514E+00
1.305600000E+00 9.993307787E-01 3.075284937E-04 9.496017157E-01
1.514110000E+00 9.994798042E-01 1.976412666E-04 8.188308643E-01
1.807950000E+00 9.996253313E-01 1.145957769E-04 6.857490528E-01
2.175600000E+00 9.997401290E-01 6.408490715E-05 5.698657842E-01
2.554240000E+00 9.998153823E-01 3.835703634E-05 4.853890003E-01
2.838740000E+00 9.998565986E-01 2.725018902E-05 4.367430621E-01
3.007040000E+00 9.998784758E-01 2.258437207E-05 4.122991380E-01
3.107940000E+00 9.998927874E-01 2.027253325E-05 3.989137499E-01
3.146000000E+00 9.998996836E-01 1.952541293E-05 3.940877305E-01
3.162350000E+00 9.999034180E-01 1.943802766E-05 3.920502158E-01
3.170480000E+00 9.999055986E-01 1.961072301E-05 3.910448891E-01
3.178620000E+00 9.999079879E-01 2.005888327E-05 3.900434780E-01
3.187900000E+00 9.999108620E-01 2.106110749E-05 3.889080586E-01
3.215530000E+00 9.999180868E-01 2.802879636E-05 3.855662986E-01
3.224300000E+00 9.999189051E-01 3.110383012E-05 3.845175697E-01
3.234360000E+00 9.999192181E-01 3.454675459E-05 3.833215845E-01
3.248060000E+00 9.999179428E-01 3.828843239E-05 3.817047715E-01
3.279850000E+00 9.999138490E-01 4.140469941E-05 3.780050917E-01
3.301380000E+00 9.999128435E-01 4.105076771E-05 3.755399257E-01
3.324270000E+00 9.999137394E-01 4.051088398E-05 3.729540621E-01
3.343500000E+00 9.999154501E-01 4.095561231E-05 3.708090325E-01
3.372390000E+00 9.999178092E-01 4.447169533E-05 3.676324506E-01
3.389400000E+00 9.999173971E-01 4.736620997E-05 3.657874550E-01
3.414950000E+00 9.999146555E-01 5.013073047E-05 3.630507035E-01
3.447480000E+00 9.999111287E-01 5.011019284E-05 3.596250015E-01
3.509410000E+00 9.999087149E-01 4.735175431E-05 3.532787563E-01
3.611670000E+00 9.999088966E-01 4.294346829E-05 3.432761022E-01
3.741170000E+00 9.999119299E-01 3.794836722E-05 3.313936549E-01
3.831440000E+00 9.999155662E-01 3.492849273E-05 3.235859103E-01
3.879270000E+00 9.999184781E-01 3.456666071E-05 3.195962127E-01
3.917130000E+00 9.999196938E-01 3.565587326E-05 3.165072387E-01
3.973570000E+00 9.999192346E-01 3.562842607E-05 3.120116168E-01
4.062550000E+00 9.999200875E-01 3.311144409E-05 3.051777824E-01
4.236380000E+00 9.999238953E-01 2.863028391E-05 2.926555219E-01
4.434700000E+00 9.999289658E-01 2.438843346E-05 2.795679527E-01
4.577850000E+00 9.999329234E-01 2.184433373E-05 2.708258243E-01
4.662080000E+00 9.999353530E-01 2.118635700E-05 2.659328025E-01
4.803970000E+00 9.999378821E-01 1.960794011E-05 2.580782145E-01
4.920510000E+00 9.999404472E-01 1.812792699E-05 2.519657515E-01
4.997290000E+00 9.999420355E-01 1.763349288E-05 2.480944672E-01
5.143400000E+00 9.999443364E-01 1.617945628E-05 2.410467784E-01
5.413650000E+00 9.999488959E-01 1.357787718E-05 2.290136969E-01
5.792310000E+00 9.999546838E-01 1.076265659E-05 2.140424114E-01
6.264510000E+00 9.999608026E-01 8.210447386E-06 1.979085355E-01
6.848340000E+00 9.999669246E-01 6.022301762E-06 1.810365724E-01
7.539050000E+00 9.999725702E-01 4.299337786E-06 1.644504281E-01
8.634750000E+00 9.999790443E-01 2.671164034E-06 1.435826168E-01
9.832770000E+00 9.999838684E-01 1.686305093E-06 1.260885793E-01
1.137160000E+01 9.999880093E-01 1.005758385E-06 1.090259946E-01
1.293360000E+01 9.999908187E-01 6.350503518E-07 9.585884827E-02
1.412540000E+01 9.999923922E-01 4.628295884E-07 8.777096578E-02
1.486890000E+01 9.999932191E-01 3.849871781E-07 8.338209282E-02
1.531300000E+01 9.999936912E-01 3.462885341E-07 8.096388689E-02
1.554220000E+01 9.999939571E-01 3.303996374E-07 7.976991674E-02
1.564260000E+01 9.999940951E-01 3.358352398E-07 7.925792387E-02
1.571020000E+01 9.999941967E-01 3.575119685E-07 7.891688203E-02
1.578370000E+01 9.999943032E-01 4.079875996E-07 7.854938956E-02
1.587750000E+01 9.999943985E-01 5.075180833E-07 7.808534089E-02
1.595800000E+01 9.999944361E-01 5.940909792E-07 7.769144003E-02
1.604220000E+01 9.999944381E-01 6.543698816E-07 7.728366434E-02
1.615990000E+01 9.999944350E-01 6.789937087E-07 7.672077179E-02
1.632450000E+01 9.999944711E-01 6.631130715E-07 7.594719593E-02
1.661380000E+01 9.999945952E-01 6.229925265E-07 7.462470958E-02
1.707110000E+01 9.999948290E-01 5.632621996E-07 7.262566560E-02
1.771730000E+01 9.999951718E-01 4.916136462E-07 6.997680233E-02
1.834160000E+01 9.999954979E-01 4.324002615E-07 6.759497536E-02
1.871310000E+01 9.999956980E-01 4.017173911E-07 6.625305267E-02
1.892650000E+01 9.999958291E-01 3.953089949E-07 6.550603651E-02
1.908230000E+01 9.999959269E-01 4.190465589E-07 6.497120368E-02
1.923760000E+01 9.999959926E-01 4.609222927E-07 6.444670853E-02
1.941200000E+01 9.999960336E-01 4.841551649E-07 6.386771069E-02
1.961800000E+01 9.999960940E-01 4.808218568E-07 6.319706392E-02
1.988800000E+01 9.999961829E-01 4.937899635E-07 6.233909895E-02
2.015630000E+01 9.999962411E-01 4.962800775E-07 6.150930478E-02
2.045680000E+01 9.999963155E-01 4.734145835E-07 6.060576434E-02
2.095430000E+01 9.999964546E-01 4.350912369E-07 5.916685358E-02
2.163760000E+01 9.999966457E-01 3.884973039E-07 5.729840648E-02
2.259140000E+01 9.999968971E-01 3.335336566E-07 5.487929035E-02
2.374360000E+01 9.999971715E-01 2.794519521E-07 5.221617615E-02
2.507410000E+01 9.999974502E-01 2.299814638E-07 4.944544370E-02
2.662640000E+01 9.999977294E-01 1.856038763E-07 4.656280984E-02
2.836630000E+01 9.999979931E-01 1.478438394E-07 4.370679292E-02
3.047240000E+01 9.999982570E-01 1.142346258E-07 4.068599782E-02
3.265460000E+01 9.999984800E-01 8.888177119E-08 3.796708580E-02
3.549400000E+01 9.999987126E-01 6.565634811E-08 3.492984730E-02
3.960120000E+01 9.999989657E-01 4.407606636E-08 3.130713211E-02
4.524100000E+01 9.999992082E-01 2.707431053E-08 2.740434562E-02
5.177880000E+01 9.999993965E-01 1.648544619E-08 2.394416248E-02
5.890640000E+01 9.999995345E-01 1.024754395E-08 2.104694906E-02
6.714790000E+01 9.999996426E-01 6.309576867E-09 1.846371964E-02
7.670600000E+01 9.999997268E-01 3.852244359E-09 1.616301202E-02
8.750470000E+01 9.999997909E-01 2.361031894E-09 1.416838181E-02
9.526240000E+01 9.999998242E-01 1.722100306E-09 1.301457868E-02
1.001350000E+02 9.999998415E-01 1.430169286E-09 1.238128526E-02
1.031430000E+02 9.999998513E-01 1.281015207E-09 1.202020496E-02
1.047400000E+02 9.999998565E-01 1.221022980E-09 1.183692954E-02
1.053210000E+02 9.999998584E-01 1.254771994E-09 1.177163149E-02
1.057130000E+02 9.999998598E-01 1.357679854E-09 1.172798048E-02
1.060560000E+02 9.999998611E-01 1.546185634E-09 1.169005054E-02
1.063790000E+02 9.999998622E-01 1.833492837E-09 1.165455588E-02
1.067700000E+02 9.999998635E-01 2.323644938E-09 1.161187600E-02
1.073810000E+02 9.999998651E-01 3.248431734E-09 1.154580419E-02
1.079290000E+02 9.999998661E-01 3.958901250E-09 1.148718139E-02
1.084440000E+02 9.999998669E-01 4.348115047E-09 1.143262882E-02
1.091240000E+02 9.999998679E-01 4.502401140E-09 1.136138705E-02
1.099650000E+02 9.999998694E-01 4.440421827E-09 1.127449643E-02
1.115180000E+02 9.999998724E-01 4.237551965E-09 1.111748776E-02
1.140950000E+02 9.999998776E-01 3.908741399E-09 1.086638328E-02
1.179130000E+02 9.999998849E-01 3.476836009E-09 1.051453190E-02
1.234310000E+02 9.999998946E-01 2.957121425E-09 1.004447829E-02
1.303170000E+02 9.999999052E-01 2.433603221E-09 9.513724226E-03
1.392060000E+02 9.999999167E-01 1.921833514E-09 8.906225306E-03
1.522570000E+02 9.999999302E-01 1.395589592E-09 8.142811168E-03
1.692740000E+02 9.999999435E-01 9.532920870E-10 7.324219904E-03
1.943670000E+02 9.999999571E-01 5.802530542E-10 6.378654813E-03
2.232630000E+02 9.999999675E-01 3.528007877E-10 5.553092093E-03
2.547810000E+02 9.999999750E-01 2.201483990E-10 4.866139940E-03
2.922220000E+02 9.999999810E-01 1.353352019E-10 4.242664823E-03
3.355950000E+02 9.999999856E-01 8.324071057E-11 3.694333944E-03
3.879750000E+02 9.999999892E-01 5.035893541E-11 3.195566725E-03
4.492620000E+02 9.999999920E-01 3.055584965E-11 2.759636916E-03
5.197110000E+02 9.999999940E-01 1.878088520E-11 2.385556588E-03
6.040340000E+02 9.999999956E-01 1.147536794E-11 2.052533467E-03
7.040720000E+02 9.999999967E-01 7.021249261E-12 1.760899453E-03
8.353100000E+02 9.999999977E-01 4.110450514E-12 1.484239384E-03
9.925010000E+02 9.999999984E-01 2.434700293E-12 1.249167507E-03
1.190700000E+03 9.999999989E-01 1.382525495E-12 1.041236248E-03
1.410750000E+03 9.999999992E-01 8.114775396E-13 8.788233209E-04
1.619760000E+03 9.999999994E-01 5.259632640E-13 7.654220378E-04
1.917640000E+03 9.999999996E-01 3.098079008E-13 6.465238522E-04
2.235890000E+03 9.999999997E-01 1.912243273E-13 5.544995505E-04
2.567150000E+03 9.999999998E-01 1.239428305E-13 4.829480163E-04
2.947480000E+03 9.999999998E-01 8.033457436E-14 4.206305047E-04
3.397210000E+03 9.999999999E-01 5.145416946E-14 3.649465297E-04
3.885540000E+03 9.999999999E-01 3.374914197E-14 3.190804882E-04
4.521690000E+03 9.999999999E-01 2.098036603E-14 2.741895176E-04
5.363530000E+03 9.999999999E-01 1.227018465E-14 2.311537364E-04
6.158160000E+03 1.000000000E+00 7.953009799E-15 2.013263702E-04
7.282230000E+03 1.000000000E+00 4.701697535E-15 1.702500470E-04
8.500630000E+03 1.000000000E+00 2.891476336E-15 1.458480136E-04
1.000000000E+04 0.000000000E+00 0.000000000E+00 1.239800000E-04
