# 11/08/2021 
# Data retrieved from www.chemicool.com/densities.html 
# Includes the real (n) and complex (k) part of the  refractive index. 
# Element, Al  (Z = 13) 
# Nominal density, g cm-3 =  2.702 
#    E [keV]      n       k    Wavelength [nm] 
1.000000000E-03 -5.389112267E+02 7.150529099E-05 1.239800000E+03
1.125000000E-03 -7.714270621E+01 0.000000000E+00 1.102044444E+03
1.256680000E-03 -6.149811341E+01 0.000000000E+00 9.865677818E+02
1.371900000E-03 -5.134827982E+01 0.000000000E+00 9.037101830E+02
1.472720000E-03 -4.435533583E+01 0.000000000E+00 8.418436634E+02
1.560940000E-03 -3.931889383E+01 0.000000000E+00 7.942649942E+02
1.638130000E-03 -3.556532052E+01 0.000000000E+00 7.568385903E+02
1.773210000E-03 -3.014044077E+01 0.000000000E+00 6.991839658E+02
1.874520000E-03 -2.682160194E+01 0.000000000E+00 6.613959840E+02
1.950500000E-03 -2.466678280E+01 0.000000000E+00 6.356318893E+02
2.007490000E-03 -2.320644895E+01 0.000000000E+00 6.175871362E+02
2.050230000E-03 -2.218003879E+01 0.000000000E+00 6.047126420E+02
2.082280000E-03 -2.145183078E+01 0.000000000E+00 5.954050368E+02
2.106330000E-03 -2.092705657E+01 0.000000000E+00 5.886067235E+02
2.124360000E-03 -2.054538012E+01 0.000000000E+00 5.836110640E+02
2.137880000E-03 -2.026554848E+01 0.000000000E+00 5.799202949E+02
2.158170000E-03 -1.985596918E+01 0.000000000E+00 5.744681837E+02
2.168310000E-03 -1.965517161E+01 0.000000000E+00 5.717817102E+02
2.178450000E-03 -1.945807625E+01 0.000000000E+00 5.691202460E+02
2.183810000E-03 -1.935428686E+01 0.000000000E+00 5.677233825E+02
2.189170000E-03 -1.925213490E+01 0.000000000E+00 5.663333592E+02
2.194540000E-03 -1.914969000E+01 0.000000000E+00 5.649475517E+02
2.195970000E-03 -1.912259375E+01 0.000000000E+00 5.645796618E+02
2.201370000E-03 -1.902141900E+01 0.000000000E+00 5.631947378E+02
2.206780000E-03 -1.891995814E+01 0.000000000E+00 5.618140458E+02
2.212180000E-03 -1.881942826E+01 0.000000000E+00 5.604426403E+02
2.217590000E-03 -1.872030769E+01 0.000000000E+00 5.590753927E+02
2.222990000E-03 -1.862125133E+01 0.000000000E+00 5.577173087E+02
2.227530000E-03 -1.853883786E+01 0.000000000E+00 5.565806072E+02
2.232070000E-03 -1.845693187E+01 0.000000000E+00 5.554485298E+02
2.235640000E-03 -1.839317799E+01 0.000000000E+00 5.545615573E+02
2.237420000E-03 -1.836150296E+01 0.000000000E+00 5.541203708E+02
2.239210000E-03 -1.832973144E+01 0.000000000E+00 5.536774130E+02
2.243260000E-03 -1.825751989E+01 0.000000000E+00 5.526777993E+02
2.244610000E-03 -1.823353719E+01 0.000000000E+00 5.523453963E+02
2.249340000E-03 -1.815026710E+01 0.000000000E+00 5.511839028E+02
2.250020000E-03 -1.813869368E+01 0.000000000E+00 5.510173243E+02
2.250360000E-03 -1.813208997E+01 0.000000000E+00 5.509340728E+02
2.250990000E-03 -1.812138221E+01 0.000000000E+00 5.507798791E+02
2.252100000E-03 -1.810171834E+01 0.000000000E+00 5.505084144E+02
2.252930000E-03 -1.808764643E+01 0.000000000E+00 5.503056020E+02
2.254180000E-03 -1.806566497E+01 0.000000000E+00 5.500004436E+02
2.254800000E-03 -1.805518148E+01 0.000000000E+00 5.498492106E+02
2.256100000E-03 -1.803241125E+01 0.000000000E+00 5.495323789E+02
2.257280000E-03 -1.801170203E+01 0.000000000E+00 5.492451092E+02
2.261930000E-03 -1.793117743E+01 0.000000000E+00 5.481159894E+02
2.263850000E-03 -1.789826832E+01 0.000000000E+00 5.476511253E+02
2.266720000E-03 -1.784882438E+01 0.000000000E+00 5.469577186E+02
2.269600000E-03 -1.779940428E+01 0.000000000E+00 5.462636588E+02
2.273320000E-03 -1.773551561E+01 0.000000000E+00 5.453697676E+02
2.277050000E-03 -1.767258155E+01 0.000000000E+00 5.444764059E+02
2.282450000E-03 -1.758113985E+01 0.000000000E+00 5.431882407E+02
2.287860000E-03 -1.749098501E+01 0.000000000E+00 5.419037878E+02
2.293260000E-03 -1.740084305E+01 0.000000000E+00 5.406277526E+02
2.301370000E-03 -1.726745810E+01 0.000000000E+00 5.387225870E+02
2.304070000E-03 -1.722310389E+01 0.000000000E+00 5.380912906E+02
2.305390000E-03 -1.720145960E+01 0.000000000E+00 5.377831950E+02
2.308010000E-03 -1.715937885E+01 0.000000000E+00 5.371727159E+02
2.977960000E-03 -9.631250155E+00 0.000000000E+00 4.163252696E+02
2.992620000E-03 -9.520383155E+00 0.000000000E+00 4.142858098E+02
2.999950000E-03 -9.465801892E+00 0.000000000E+00 4.132735546E+02
3.007280000E-03 -9.411627123E+00 0.000000000E+00 4.122662339E+02
3.014610000E-03 -9.357854871E+00 0.000000000E+00 4.112638119E+02
3.021220000E-03 -9.309393183E+00 0.000000000E+00 4.103640251E+02
3.027830000E-03 -9.261708969E+00 0.000000000E+00 4.094681670E+02
3.036600000E-03 -9.198914027E+00 0.000000000E+00 4.082855826E+02
3.043930000E-03 -9.146264211E+00 0.000000000E+00 4.073024018E+02
3.051260000E-03 -9.093108921E+00 0.000000000E+00 4.063239449E+02
3.058590000E-03 -9.040346022E+00 0.000000000E+00 4.053501777E+02
3.065920000E-03 -8.987529441E+00 0.000000000E+00 4.043810667E+02
3.068590000E-03 -8.968390538E+00 0.000000000E+00 4.040292121E+02
3.072580000E-03 -8.939875607E+00 0.000000000E+00 4.035045467E+02
3.076580000E-03 -8.911410539E+00 0.000000000E+00 4.029799323E+02
3.082250000E-03 -8.871477871E+00 0.000000000E+00 4.022386244E+02
3.085080000E-03 -8.851628398E+00 0.000000000E+00 4.018696436E+02
3.087910000E-03 -8.831835074E+00 0.000000000E+00 4.015013391E+02
3.095240000E-03 -8.780550314E+00 0.000000000E+00 4.005505227E+02
3.102570000E-03 -8.730071774E+00 0.000000000E+00 3.996041991E+02
3.109900000E-03 -8.679530052E+00 0.000000000E+00 3.986623364E+02
3.120820000E-03 -8.605079987E+00 0.000000000E+00 3.972673849E+02
3.124560000E-03 -8.579970623E+00 0.000000000E+00 3.967918683E+02
3.127530000E-03 -8.560084287E+00 0.000000000E+00 3.964150624E+02
3.128190000E-03 -8.555625805E+00 0.000000000E+00 3.963314249E+02
3.138530000E-03 -8.486436050E+00 0.000000000E+00 3.950256967E+02
3.142940000E-03 -8.456886972E+00 0.000000000E+00 3.944714185E+02
3.145910000E-03 -8.437358935E+00 0.000000000E+00 3.940990047E+02
3.168250000E-03 -8.291485102E+00 0.000000000E+00 3.913201294E+02
3.185010000E-03 -8.184120271E+00 0.000000000E+00 3.892609442E+02
3.197580000E-03 -8.104329324E+00 0.000000000E+00 3.877307214E+02
3.216430000E-03 -7.987079464E+00 0.000000000E+00 3.854584120E+02
3.225850000E-03 -7.929075511E+00 0.000000000E+00 3.843328115E+02
3.235280000E-03 -7.871936090E+00 0.000000000E+00 3.832125813E+02
3.235310000E-03 -7.871771557E+00 0.000000000E+00 3.832090279E+02
3.243270000E-03 -7.823534016E+00 0.000000000E+00 3.822685130E+02
3.251230000E-03 -7.776055236E+00 0.000000000E+00 3.813326034E+02
3.252800000E-03 -7.766406800E+00 0.000000000E+00 3.811485489E+02
3.260830000E-03 -7.718983455E+00 0.000000000E+00 3.802099465E+02
3.268840000E-03 -7.671636769E+00 0.000000000E+00 3.792782761E+02
3.276850000E-03 -7.625035431E+00 0.000000000E+00 3.783511604E+02
3.284850000E-03 -7.578451902E+00 0.000000000E+00 3.774297152E+02
3.292860000E-03 -7.532166882E+00 0.000000000E+00 3.765116039E+02
3.296860000E-03 -7.509563266E+00 0.000000000E+00 3.760547915E+02
3.302870000E-03 -7.475193073E+00 0.000000000E+00 3.753705111E+02
3.308870000E-03 -7.441067235E+00 0.000000000E+00 3.746898488E+02
3.312870000E-03 -7.418423053E+00 0.000000000E+00 3.742374437E+02
3.316880000E-03 -7.396190741E+00 0.000000000E+00 3.737850028E+02
3.322880000E-03 -7.362508062E+00 0.000000000E+00 3.731100732E+02
3.326890000E-03 -7.340107373E+00 0.000000000E+00 3.726603525E+02
3.329890000E-03 -7.323586678E+00 0.000000000E+00 3.723246113E+02
3.331390000E-03 -7.315343570E+00 0.000000000E+00 3.721569675E+02
3.332140000E-03 -7.311226317E+00 0.000000000E+00 3.720732022E+02
3.332330000E-03 -7.309904189E+00 0.000000000E+00 3.720519876E+02
3.332470000E-03 -7.309205993E+00 0.000000000E+00 3.720363574E+02
3.332570000E-03 -7.308707336E+00 0.000000000E+00 3.720251938E+02
3.332710000E-03 -7.308009288E+00 0.000000000E+00 3.720095658E+02
3.332800000E-03 -7.307560588E+00 0.000000000E+00 3.719995199E+02
3.332840000E-03 -7.307361180E+00 0.000000000E+00 3.719950553E+02
3.332950000E-03 -7.306438590E+00 0.000000000E+00 3.719827780E+02
3.333200000E-03 -7.305192622E+00 0.000000000E+00 3.719548782E+02
3.340900000E-03 -7.262856489E+00 0.000000000E+00 3.710976084E+02
3.342900000E-03 -7.251856327E+00 0.000000000E+00 3.708755871E+02
3.348900000E-03 -7.218977990E+00 0.000000000E+00 3.702111141E+02
3.351910000E-03 -7.202743303E+00 0.000000000E+00 3.698786662E+02
3.357160000E-03 -7.174157147E+00 0.000000000E+00 3.693002419E+02
3.361100000E-03 -7.153164279E+00 0.000000000E+00 3.688673351E+02
3.367010000E-03 -7.121267012E+00 0.000000000E+00 3.682198746E+02
3.372920000E-03 -7.089908479E+00 0.000000000E+00 3.675746831E+02
3.380930000E-03 -7.047256721E+00 0.000000000E+00 3.667038359E+02
3.388930000E-03 -7.004964586E+00 0.000000000E+00 3.658381849E+02
3.396940000E-03 -6.963294516E+00 0.000000000E+00 3.649755368E+02
3.404950000E-03 -6.921568907E+00 0.000000000E+00 3.641169474E+02
3.412920000E-03 -6.880688451E+00 0.000000000E+00 3.632666456E+02
3.412950000E-03 -6.880549905E+00 0.000000000E+00 3.632634524E+02
3.416300000E-03 -6.863321212E+00 0.000000000E+00 3.629072388E+02
3.422780000E-03 -6.830027132E+00 0.000000000E+00 3.622201836E+02
3.434930000E-03 -6.768742462E+00 0.000000000E+00 3.609389420E+02
3.445560000E-03 -6.715278285E+00 0.000000000E+00 3.598253985E+02
3.464170000E-03 -6.621173583E+00 0.000000000E+00 3.578923667E+02
3.478120000E-03 -6.550539904E+00 0.000000000E+00 3.564569365E+02
3.499060000E-03 -6.446176991E+00 0.000000000E+00 3.543237327E+02
3.519990000E-03 -6.343797364E+00 0.000000000E+00 3.522169097E+02
3.537510000E-03 -6.259607587E+00 0.000000000E+00 3.504725075E+02
3.546220000E-03 -6.218370226E+00 0.000000000E+00 3.496116992E+02
3.554920000E-03 -6.177160769E+00 0.000000000E+00 3.487560902E+02
3.563630000E-03 -6.136554511E+00 0.000000000E+00 3.479036825E+02
3.572340000E-03 -6.095932691E+00 0.000000000E+00 3.470554315E+02
3.581040000E-03 -6.055984753E+00 0.000000000E+00 3.462122735E+02
3.589750000E-03 -6.015978549E+00 0.000000000E+00 3.453722404E+02
3.598460000E-03 -5.976597595E+00 0.000000000E+00 3.445362739E+02
3.607170000E-03 -5.937195217E+00 0.000000000E+00 3.437043444E+02
3.615870000E-03 -5.898129227E+00 0.000000000E+00 3.428773711E+02
3.624580000E-03 -5.859320083E+00 0.000000000E+00 3.420534241E+02
3.633290000E-03 -5.820488422E+00 0.000000000E+00 3.412334276E+02
3.641990000E-03 -5.782299991E+00 0.000000000E+00 3.404182878E+02
3.650700000E-03 -5.744360737E+00 0.000000000E+00 3.396061029E+02
3.658990000E-03 -5.708245175E+00 0.000000000E+00 3.388366735E+02
3.667280000E-03 -5.672386875E+00 0.000000000E+00 3.380707227E+02
3.676820000E-03 -5.631656610E+00 0.000000000E+00 3.371935531E+02
3.685530000E-03 -5.594839291E+00 0.000000000E+00 3.363966648E+02
3.694240000E-03 -5.557990429E+00 0.000000000E+00 3.356035342E+02
3.702940000E-03 -5.521753302E+00 0.000000000E+00 3.348150389E+02
3.711650000E-03 -5.485748523E+00 0.000000000E+00 3.340293401E+02
3.723140000E-03 -5.438281011E+00 0.000000000E+00 3.329984905E+02
3.744690000E-03 -5.351050699E+00 0.000000000E+00 3.310821457E+02
3.763550000E-03 -5.274349167E+00 0.000000000E+00 3.294230182E+02
3.780040000E-03 -5.207215253E+00 0.000000000E+00 3.279859472E+02
3.794480000E-03 -5.149378160E+00 0.000000000E+00 3.267377875E+02
3.807110000E-03 -5.099179566E+00 0.000000000E+00 3.256538424E+02
3.829210000E-03 -5.012536067E+00 0.000000000E+00 3.237743555E+02
3.845790000E-03 -4.948718344E+00 0.000000000E+00 3.223784970E+02
3.858230000E-03 -4.901203295E+00 0.000000000E+00 3.213390596E+02
3.876880000E-03 -4.830180350E+00 0.000000000E+00 3.197932358E+02
3.886200000E-03 -4.794541956E+00 0.000000000E+00 3.190262982E+02
3.895530000E-03 -4.759147901E+00 0.000000000E+00 3.182622134E+02
3.895540000E-03 -4.759118332E+00 0.000000000E+00 3.182613964E+02
3.905120000E-03 -4.722990758E+00 0.000000000E+00 3.174806408E+02
3.909090000E-03 -4.708107603E+00 0.000000000E+00 3.171582133E+02
3.913060000E-03 -4.693273033E+00 0.000000000E+00 3.168364400E+02
3.914710000E-03 -4.687118360E+00 0.000000000E+00 3.167028975E+02
3.924300000E-03 -4.651797791E+00 0.000000000E+00 3.159289555E+02
3.932320000E-03 -4.622046123E+00 0.000000000E+00 3.152846157E+02
3.941950000E-03 -4.586852109E+00 0.000000000E+00 3.145143901E+02
3.951580000E-03 -4.551933971E+00 0.000000000E+00 3.137479186E+02
3.957120000E-03 -4.532151401E+00 0.000000000E+00 3.133086689E+02
3.964410000E-03 -4.506004930E+00 0.000000000E+00 3.127325378E+02
3.968240000E-03 -4.492213542E+00 0.000000000E+00 3.124306998E+02
3.976630000E-03 -4.461701612E+00 0.000000000E+00 3.117715251E+02
3.980820000E-03 -4.446537445E+00 0.000000000E+00 3.114433710E+02
3.985010000E-03 -4.431163150E+00 0.000000000E+00 3.111159069E+02
3.988220000E-03 -4.419548810E+00 0.000000000E+00 3.108654989E+02
3.991420000E-03 -4.407991891E+00 0.000000000E+00 3.106162719E+02
3.998610000E-03 -4.382060502E+00 0.000000000E+00 3.100577451E+02
4.000000000E-03 -4.377021445E+00 0.000000000E+00 3.099500000E+02
4.002210000E-03 -4.369267921E+00 0.000000000E+00 3.097788472E+02
4.007450000E-03 -4.350317248E+00 0.000000000E+00 3.093737913E+02
4.008240000E-03 -4.347690890E+00 0.000000000E+00 3.093128156E+02
4.009150000E-03 -4.344228918E+00 0.000000000E+00 3.092426075E+02
4.009870000E-03 -4.341792791E+00 0.000000000E+00 3.091870809E+02
4.010230000E-03 -4.340575251E+00 0.000000000E+00 3.091593250E+02
4.010600000E-03 -4.339072977E+00 0.000000000E+00 3.091308034E+02
4.011200000E-03 -4.336959074E+00 0.000000000E+00 3.090845632E+02
4.020190000E-03 -4.305142435E+00 0.000000000E+00 3.083933844E+02
4.022580000E-03 -4.296784842E+00 0.000000000E+00 3.082101537E+02
4.029770000E-03 -4.271244178E+00 0.000000000E+00 3.076602387E+02
4.032930000E-03 -4.260175156E+00 0.000000000E+00 3.074191717E+02
4.038450000E-03 -4.240961825E+00 0.000000000E+00 3.069989724E+02
4.046720000E-03 -4.212200310E+00 0.000000000E+00 3.063715799E+02
4.055000000E-03 -4.183604026E+00 0.000000000E+00 3.057459926E+02
4.060440000E-03 -4.164932815E+00 0.000000000E+00 3.053363675E+02
4.067180000E-03 -4.141042984E+00 0.000000000E+00 3.048303739E+02
4.077090000E-03 -4.106077080E+00 0.000000000E+00 3.040894363E+02
4.086420000E-03 -4.073576036E+00 0.000000000E+00 3.033951478E+02
4.105680000E-03 -4.007342832E+00 0.000000000E+00 3.019719023E+02
4.109030000E-03 -3.995980439E+00 0.000000000E+00 3.017257114E+02
4.114040000E-03 -3.978907242E+00 0.000000000E+00 3.013582756E+02
4.119060000E-03 -3.961878181E+00 0.000000000E+00 3.009910028E+02
4.126660000E-03 -3.936294719E+00 0.000000000E+00 3.004366728E+02
4.134650000E-03 -3.909452901E+00 0.000000000E+00 2.998560942E+02
4.144610000E-03 -3.875236385E+00 0.000000000E+00 2.991355037E+02
4.154570000E-03 -3.841050300E+00 0.000000000E+00 2.984183682E+02
4.166310000E-03 -3.801112364E+00 0.000000000E+00 2.975774726E+02
4.176230000E-03 -3.767842621E+00 0.000000000E+00 2.968706225E+02
4.185310000E-03 -3.737446723E+00 0.000000000E+00 2.962265639E+02
4.194390000E-03 -3.707269053E+00 0.000000000E+00 2.955852937E+02
4.202200000E-03 -3.681547832E+00 0.000000000E+00 2.950359336E+02
4.204520000E-03 -3.673795935E+00 0.000000000E+00 2.948731365E+02
4.211820000E-03 -3.648937363E+00 0.000000000E+00 2.943620573E+02
4.214300000E-03 -3.640658455E+00 0.000000000E+00 2.941888333E+02
4.219330000E-03 -3.623528883E+00 0.000000000E+00 2.938381212E+02
4.221010000E-03 -3.617982504E+00 0.000000000E+00 2.937211710E+02
4.224260000E-03 -3.607151748E+00 0.000000000E+00 2.934951921E+02
4.241780000E-03 -3.548607961E+00 0.000000000E+00 2.922829567E+02
4.252170000E-03 -3.514220149E+00 0.000000000E+00 2.915687755E+02
4.262560000E-03 -3.480341969E+00 0.000000000E+00 2.908580759E+02
4.274290000E-03 -3.440538480E+00 0.000000000E+00 2.900598696E+02
4.282180000E-03 -3.413760933E+00 0.000000000E+00 2.895254286E+02
4.288100000E-03 -3.393895212E+00 0.000000000E+00 2.891257200E+02
4.296980000E-03 -3.364270268E+00 0.000000000E+00 2.885282221E+02
4.301420000E-03 -3.349423095E+00 0.000000000E+00 2.882303983E+02
4.305860000E-03 -3.334852081E+00 0.000000000E+00 2.879331887E+02
4.311120000E-03 -3.317346386E+00 0.000000000E+00 2.875818813E+02
4.316380000E-03 -3.299913091E+00 0.000000000E+00 2.872314300E+02
4.326900000E-03 -3.264596060E+00 0.000000000E+00 2.865330837E+02
4.337420000E-03 -3.229570658E+00 0.000000000E+00 2.858381250E+02
4.338780000E-03 -3.224931958E+00 0.000000000E+00 2.857485284E+02
4.341170000E-03 -3.217192839E+00 0.000000000E+00 2.855912116E+02
4.344750000E-03 -3.205400726E+00 0.000000000E+00 2.853558893E+02
4.348340000E-03 -3.193402555E+00 0.000000000E+00 2.851202988E+02
4.348980000E-03 -3.191289205E+00 0.000000000E+00 2.850783402E+02
4.351410000E-03 -3.183315918E+00 0.000000000E+00 2.849191412E+02
4.358680000E-03 -3.159525186E+00 0.000000000E+00 2.844439142E+02
4.360890000E-03 -3.152249830E+00 0.000000000E+00 2.842997645E+02
4.364750000E-03 -3.139453378E+00 0.000000000E+00 2.840483418E+02
4.370530000E-03 -3.119806006E+00 0.000000000E+00 2.836726896E+02
4.376320000E-03 -3.100229182E+00 0.000000000E+00 2.832973823E+02
4.383170000E-03 -3.077036749E+00 0.000000000E+00 2.828546463E+02
4.390020000E-03 -3.053968993E+00 0.000000000E+00 2.824132920E+02
4.399300000E-03 -3.022921422E+00 0.000000000E+00 2.818175619E+02
4.403520000E-03 -3.008568304E+00 0.000000000E+00 2.815474893E+02
4.408020000E-03 -2.993113456E+00 0.000000000E+00 2.812600669E+02
4.414800000E-03 -2.969766366E+00 0.000000000E+00 2.808281236E+02
4.418190000E-03 -2.958139490E+00 0.000000000E+00 2.806126491E+02
4.421580000E-03 -2.946543590E+00 0.000000000E+00 2.803975050E+02
4.425360000E-03 -2.933648170E+00 0.000000000E+00 2.801579984E+02
4.427250000E-03 -2.927108766E+00 0.000000000E+00 2.800383986E+02
4.429140000E-03 -2.920791007E+00 0.000000000E+00 2.799189007E+02
4.433790000E-03 -2.904958109E+00 0.000000000E+00 2.796253318E+02
4.441300000E-03 -2.878906502E+00 0.000000000E+00 2.791525004E+02
4.441960000E-03 -2.876700401E+00 0.000000000E+00 2.791110231E+02
4.443940000E-03 -2.869667900E+00 0.000000000E+00 2.789866650E+02
4.453140000E-03 -2.837552606E+00 0.000000000E+00 2.784102903E+02
4.455430000E-03 -2.829629610E+00 0.000000000E+00 2.782671931E+02
4.459420000E-03 -2.815671796E+00 0.000000000E+00 2.780182176E+02
4.465410000E-03 -2.794808589E+00 0.000000000E+00 2.776452778E+02
4.471400000E-03 -2.773627534E+00 0.000000000E+00 2.772733372E+02
4.480230000E-03 -2.741990939E+00 0.000000000E+00 2.767268645E+02
4.484640000E-03 -2.726160011E+00 0.000000000E+00 2.764547433E+02
4.489060000E-03 -2.710367510E+00 0.000000000E+00 2.761825416E+02
4.496000000E-03 -2.684730721E+00 0.000000000E+00 2.757562278E+02
4.509390000E-03 -2.635484669E+00 0.000000000E+00 2.749374084E+02
4.511660000E-03 -2.627333950E+00 0.000000000E+00 2.747990762E+02
4.514250000E-03 -2.617868665E+00 0.000000000E+00 2.746414133E+02
4.524790000E-03 -2.579509278E+00 0.000000000E+00 2.740016664E+02
4.531540000E-03 -2.554681675E+00 0.000000000E+00 2.735935245E+02
4.536810000E-03 -2.535117089E+00 0.000000000E+00 2.732757158E+02
4.544340000E-03 -2.505896986E+00 0.000000000E+00 2.728228962E+02
4.551300000E-03 -2.478925852E+00 0.000000000E+00 2.724056863E+02
4.557740000E-03 -2.454291660E+00 0.000000000E+00 2.720207822E+02
4.568470000E-03 -2.412986060E+00 0.000000000E+00 2.713818850E+02
4.571620000E-03 -2.400526499E+00 0.000000000E+00 2.711948937E+02
4.581060000E-03 -2.360971342E+00 0.000000000E+00 2.706360537E+02
4.595290000E-03 -2.301994245E+00 0.000000000E+00 2.697979888E+02
4.611100000E-03 -2.235005298E+00 0.000000000E+00 2.688729370E+02
4.623690000E-03 -2.182213837E+00 0.000000000E+00 2.681408139E+02
4.659720000E-03 -2.012950602E+00 0.000000000E+00 2.660674890E+02
4.695910000E-03 -1.825104547E+00 1.258729714E-05 2.640169850E+02
4.724570000E-03 -1.648825843E+00 2.928459307E-04 2.624154156E+02
4.757070000E-03 -1.399282570E+00 5.385066642E-03 2.606226101E+02
4.775990000E-03 -1.212631932E+00 2.159703735E-02 2.595901583E+02
4.809900000E-03 -7.727288045E-01 1.538360220E-01 2.577600366E+02
4.840670000E-03 -3.370487507E-01 5.337993264E-01 2.561215699E+02
4.859290000E-03 -1.664269688E-01 9.068269826E-01 2.551401542E+02
4.873110000E-03 -1.451147958E-01 1.221587666E+00 2.544165841E+02
4.885370000E-03 -1.707287388E-01 1.497780286E+00 2.537781171E+02
4.902710000E-03 -3.229686626E-01 1.837454554E+00 2.528805497E+02
4.920920000E-03 -5.621342773E-01 2.091515643E+00 2.519447583E+02
4.943680000E-03 -8.791478754E-01 2.256627467E+00 2.507848404E+02
4.953120000E-03 -9.982373732E-01 2.286348226E+00 2.503068773E+02
4.974700000E-03 -1.227379847E+00 2.304369679E+00 2.492210586E+02
5.037310000E-03 -1.627174462E+00 2.229256244E+00 2.461234270E+02
5.072090000E-03 -1.758363406E+00 2.179267075E+00 2.444357257E+02
5.094140000E-03 -1.825852659E+00 2.147962022E+00 2.433776849E+02
5.110740000E-03 -1.869759209E+00 2.124560893E+00 2.425871792E+02
5.130300000E-03 -1.914732912E+00 2.097192425E+00 2.416622810E+02
5.145060000E-03 -1.944834232E+00 2.076664874E+00 2.409690072E+02
5.153570000E-03 -1.960631343E+00 2.064865830E+00 2.405710993E+02
5.162330000E-03 -1.976020098E+00 2.052778386E+00 2.401628722E+02
5.166710000E-03 -1.983591105E+00 2.046760940E+00 2.399592778E+02
5.171090000E-03 -1.990976727E+00 2.040745380E+00 2.397560282E+02
5.181360000E-03 -2.006541240E+00 2.026670503E+00 2.392808066E+02
5.191630000E-03 -2.021033839E+00 2.013153648E+00 2.388074651E+02
5.196550000E-03 -2.027478284E+00 2.006710828E+00 2.385813665E+02
5.209270000E-03 -2.044270885E+00 1.990135981E+00 2.379987983E+02
5.222000000E-03 -2.059480320E+00 1.973614834E+00 2.374186136E+02
5.234730000E-03 -2.072837112E+00 1.957139628E+00 2.368412506E+02
5.239810000E-03 -2.078086923E+00 1.950605851E+00 2.366116329E+02
5.247430000E-03 -2.085912747E+00 1.940838162E+00 2.362680398E+02
5.255050000E-03 -2.093379180E+00 1.931269425E+00 2.359254431E+02
5.263980000E-03 -2.101796899E+00 1.920146410E+00 2.355252110E+02
5.268450000E-03 -2.105372684E+00 1.914567929E+00 2.353253803E+02
5.272910000E-03 -2.108794160E+00 1.908997886E+00 2.351263344E+02
5.279280000E-03 -2.113528079E+00 1.901082387E+00 2.348426301E+02
5.282460000E-03 -2.115888984E+00 1.897125560E+00 2.347012566E+02
5.287230000E-03 -2.119489834E+00 1.891235327E+00 2.344895153E+02
5.292800000E-03 -2.123612662E+00 1.884362969E+00 2.342427449E+02
5.295590000E-03 -2.125659081E+00 1.880939921E+00 2.341193333E+02
5.296280000E-03 -2.126178595E+00 1.880094152E+00 2.340888322E+02
5.296800000E-03 -2.126602077E+00 1.879443481E+00 2.340658511E+02
5.297200000E-03 -2.126870694E+00 1.878967047E+00 2.340481764E+02
5.297600000E-03 -2.127139195E+00 1.878475922E+00 2.340305044E+02
5.297980000E-03 -2.127431190E+00 1.877999102E+00 2.340137184E+02
5.298180000E-03 -2.127491288E+00 1.877768459E+00 2.340048847E+02
5.298370000E-03 -2.127711266E+00 1.877530123E+00 2.339964933E+02
5.298770000E-03 -2.127979414E+00 1.877039368E+00 2.339788290E+02
5.311100000E-03 -2.136022383E+00 1.861908279E+00 2.334356348E+02
5.314280000E-03 -2.138011465E+00 1.858017221E+00 2.332959498E+02
5.323830000E-03 -2.142751545E+00 1.846634223E+00 2.328774585E+02
5.328830000E-03 -2.145201714E+00 1.840710893E+00 2.326589514E+02
5.336340000E-03 -2.148764615E+00 1.831839949E+00 2.323315231E+02
5.343840000E-03 -2.152306878E+00 1.823032948E+00 2.320054493E+02
5.352930000E-03 -2.156554036E+00 1.812421479E+00 2.316114726E+02
5.362010000E-03 -2.160766089E+00 1.801878149E+00 2.312192629E+02
5.374970000E-03 -2.166695652E+00 1.786939619E+00 2.306617525E+02
5.387470000E-03 -2.171068161E+00 1.772541018E+00 2.301265715E+02
5.400190000E-03 -2.174109649E+00 1.757856566E+00 2.295845146E+02
5.412920000E-03 -2.176792039E+00 1.743241397E+00 2.290445822E+02
5.425650000E-03 -2.179414339E+00 1.728743878E+00 2.285071835E+02
5.433170000E-03 -2.180900191E+00 1.720243667E+00 2.281909088E+02
5.448140000E-03 -2.183752728E+00 1.703421860E+00 2.275639025E+02
5.464430000E-03 -2.185683115E+00 1.685470156E+00 2.268855123E+02
5.492470000E-03 -2.183970940E+00 1.655543616E+00 2.257272229E+02
5.521490000E-03 -2.182090534E+00 1.625136659E+00 2.245408395E+02
5.550050000E-03 -2.180062582E+00 1.595726845E+00 2.233853749E+02
5.578170000E-03 -2.178009782E+00 1.567293523E+00 2.222592714E+02
5.633520000E-03 -2.171541169E+00 1.512845180E+00 2.200755478E+02
5.687150000E-03 -2.155196148E+00 1.462416126E+00 2.180002286E+02
5.739100000E-03 -2.139481239E+00 1.415095325E+00 2.160269032E+02
5.855910000E-03 -2.095011898E+00 1.315025444E+00 2.117177347E+02
5.942490000E-03 -2.054104143E+00 1.246399891E+00 2.086330814E+02
6.022580000E-03 -2.014448715E+00 1.186237147E+00 2.058586187E+02
6.397080000E-03 -1.807356044E+00 9.441438883E-01 1.938071745E+02
6.441260000E-03 -1.782604779E+00 9.192104923E-01 1.924778692E+02
6.469650000E-03 -1.765785862E+00 9.037085620E-01 1.916332414E+02
6.524640000E-03 -1.733131614E+00 8.744712559E-01 1.900181466E+02
6.619210000E-03 -1.677510708E+00 8.265649578E-01 1.873033187E+02
6.715160000E-03 -1.621271387E+00 7.809705263E-01 1.846270230E+02
6.794450000E-03 -1.576118441E+00 7.450391008E-01 1.824724591E+02
6.863840000E-03 -1.535590357E+00 7.153366852E-01 1.806277536E+02
6.934710000E-03 -1.495354546E+00 6.860941231E-01 1.787818092E+02
6.977680000E-03 -1.470607106E+00 6.692694823E-01 1.776808337E+02
7.024160000E-03 -1.444338078E+00 6.514743645E-01 1.765050910E+02
7.085910000E-03 -1.410201367E+00 6.284640015E-01 1.749669414E+02
7.131560000E-03 -1.385166107E+00 6.120228820E-01 1.738469563E+02
7.186060000E-03 -1.355404063E+00 5.930011705E-01 1.725284787E+02
7.226930000E-03 -1.333216625E+00 5.791793171E-01 1.715527894E+02
7.257580000E-03 -1.316787159E+00 5.689929181E-01 1.708282926E+02
7.280570000E-03 -1.304453223E+00 5.615024354E-01 1.702888647E+02
7.297810000E-03 -1.295295557E+00 5.559464375E-01 1.698865824E+02
7.323680000E-03 -1.281588822E+00 5.476975825E-01 1.692864789E+02
7.336610000E-03 -1.274789586E+00 5.436540115E-01 1.689881294E+02
7.343070000E-03 -1.271328604E+00 5.416539305E-01 1.688394636E+02
7.349540000E-03 -1.267870099E+00 5.396578000E-01 1.686908296E+02
7.358590000E-03 -1.263139766E+00 5.368770681E-01 1.684833643E+02
7.385720000E-03 -1.248830304E+00 5.286096381E-01 1.678644736E+02
7.403810000E-03 -1.239447102E+00 5.231567763E-01 1.674543242E+02
7.421900000E-03 -1.230053078E+00 5.177499771E-01 1.670461742E+02
7.439990000E-03 -1.220723827E+00 5.124000280E-01 1.666400089E+02
7.449040000E-03 -1.216080328E+00 5.097584140E-01 1.664375544E+02
7.458080000E-03 -1.211458741E+00 5.071294642E-01 1.662358140E+02
7.467130000E-03 -1.206772555E+00 5.045103925E-01 1.660343398E+02
7.476170000E-03 -1.202182837E+00 5.019038514E-01 1.658335752E+02
7.485220000E-03 -1.197602968E+00 4.993070883E-01 1.656330742E+02
7.494260000E-03 -1.192970618E+00 4.967227233E-01 1.654332783E+02
7.503310000E-03 -1.188422206E+00 4.941679758E-01 1.652337435E+02
7.507830000E-03 -1.186082991E+00 4.929056610E-01 1.651342665E+02
7.512350000E-03 -1.183747818E+00 4.916467621E-01 1.650349092E+02
7.514610000E-03 -1.182581746E+00 4.910175785E-01 1.649852754E+02
7.526480000E-03 -1.176583554E+00 4.877277683E-01 1.647250773E+02
7.528210000E-03 -1.175656656E+00 4.872498214E-01 1.646872231E+02
7.528870000E-03 -1.175348569E+00 4.870675855E-01 1.646727862E+02
7.530050000E-03 -1.174740165E+00 4.867426436E-01 1.646469811E+02
7.531010000E-03 -1.174259061E+00 4.864778205E-01 1.646259931E+02
7.548530000E-03 -1.165418283E+00 4.816649350E-01 1.642438991E+02
7.553050000E-03 -1.163118838E+00 4.804298380E-01 1.641456101E+02
7.566620000E-03 -1.156311072E+00 4.767374615E-01 1.638512308E+02
7.575660000E-03 -1.151819868E+00 4.742899299E-01 1.636557079E+02
7.584710000E-03 -1.147266006E+00 4.718514609E-01 1.634604355E+02
7.593750000E-03 -1.142805466E+00 4.694244988E-01 1.632658436E+02
7.602800000E-03 -1.138282510E+00 4.670065102E-01 1.630715000E+02
7.611840000E-03 -1.133852349E+00 4.646020598E-01 1.628778324E+02
7.620890000E-03 -1.129360011E+00 4.622236644E-01 1.626844109E+02
7.638980000E-03 -1.120426703E+00 4.574972182E-01 1.622991551E+02
7.657070000E-03 -1.111624854E+00 4.528109341E-01 1.619157197E+02
7.675160000E-03 -1.102811757E+00 4.481700481E-01 1.615340918E+02
7.693250000E-03 -1.093917620E+00 4.436351863E-01 1.611542586E+02
7.711340000E-03 -1.085083699E+00 4.391385942E-01 1.607762075E+02
7.718180000E-03 -1.081808388E+00 4.374477516E-01 1.606337245E+02
7.731640000E-03 -1.075261727E+00 4.341358513E-01 1.603540775E+02
7.757730000E-03 -1.062777252E+00 4.277750037E-01 1.598147912E+02
7.782190000E-03 -1.051134974E+00 4.218802970E-01 1.593124814E+02
7.828050000E-03 -1.029547086E+00 4.110669025E-01 1.583791621E+02
7.868180000E-03 -1.010777623E+00 4.018768376E-01 1.575713825E+02
7.938400000E-03 -9.782645543E-01 3.863490575E-01 1.561775673E+02
7.991060000E-03 -9.543803358E-01 3.751215193E-01 1.551483783E+02
8.070060000E-03 -9.186783982E-01 3.590867920E-01 1.536295889E+02
8.151880000E-03 -8.827148725E-01 3.430567226E-01 1.520876166E+02
8.198200000E-03 -8.628177455E-01 3.342333779E-01 1.512283184E+02
8.232140000E-03 -8.482682227E-01 3.279727981E-01 1.506048245E+02
8.252210000E-03 -8.396490872E-01 3.243635992E-01 1.502385422E+02
8.312400000E-03 -8.141747719E-01 3.137211479E-01 1.491506665E+02
8.332470000E-03 -8.057991564E-01 3.102344963E-01 1.487914148E+02
8.352530000E-03 -7.974813423E-01 3.067867710E-01 1.484340673E+02
8.372590000E-03 -7.891868311E-01 3.034236405E-01 1.480784321E+02
8.406400000E-03 -7.752885402E-01 2.978992847E-01 1.474828702E+02
8.449930000E-03 -7.576386731E-01 2.909013142E-01 1.467231089E+02
8.469990000E-03 -7.495954497E-01 2.877198927E-01 1.463756156E+02
8.490050000E-03 -7.416085268E-01 2.845652551E-01 1.460297643E+02
8.510100000E-03 -7.336814519E-01 2.814377907E-01 1.456857146E+02
8.571930000E-03 -7.095816988E-01 2.719595924E-01 1.446348722E+02
8.592620000E-03 -7.016176880E-01 2.688513266E-01 1.442866087E+02
8.613310000E-03 -6.936599460E-01 2.658005727E-01 1.439400184E+02
8.634000000E-03 -6.856807710E-01 2.628261307E-01 1.435950892E+02
8.654690000E-03 -6.777528944E-01 2.598770593E-01 1.432518091E+02
8.716770000E-03 -6.543069934E-01 2.511788996E-01 1.422315835E+02
8.737460000E-03 -6.466068369E-01 2.483287408E-01 1.418947841E+02
8.761170000E-03 -6.378420102E-01 2.450956870E-01 1.415107800E+02
8.778840000E-03 -6.313093090E-01 2.427786876E-01 1.412259478E+02
8.820220000E-03 -6.161562288E-01 2.374167327E-01 1.405633873E+02
9.021560000E-03 -5.451045301E-01 2.127701674E-01 1.374263431E+02
9.066630000E-03 -5.297156107E-01 2.076099691E-01 1.367432001E+02
9.133580000E-03 -5.071974618E-01 2.002637976E-01 1.357408596E+02
9.222840000E-03 -4.778814026E-01 1.908730368E-01 1.344271396E+02
9.267570000E-03 -4.634852413E-01 1.863175551E-01 1.337783259E+02
9.312310000E-03 -4.492553542E-01 1.818938844E-01 1.331356022E+02
9.401930000E-03 -4.212549529E-01 1.733455466E-01 1.318665423E+02
9.447360000E-03 -4.073440771E-01 1.691396201E-01 1.312324290E+02
9.519060000E-03 -3.856815787E-01 1.628289065E-01 1.302439527E+02
9.636210000E-03 -3.512942595E-01 1.529607006E-01 1.286605419E+02
9.770320000E-03 -3.132416888E-01 1.424414736E-01 1.268945132E+02
9.917710000E-03 -2.721403275E-01 1.317284990E-01 1.250086966E+02
1.018040000E-02 -2.019527917E-01 1.199056617E-01 1.217830341E+02
1.075750000E-02 -7.760089105E-02 8.826871894E-02 1.152498257E+02
1.140490000E-02 4.957710227E-02 6.144060857E-02 1.087076607E+02
1.206420000E-02 1.598446981E-01 4.375417298E-02 1.027668639E+02
1.271370000E-02 2.518781853E-01 3.243978822E-02 9.751685190E+01
1.335000000E-02 3.286786268E-01 2.517239377E-02 9.286891386E+01
1.402140000E-02 3.978800329E-01 2.019373003E-02 8.842198354E+01
1.490570000E-02 4.739588159E-01 1.628618866E-02 8.317623459E+01
1.590000000E-02 5.435310626E-01 1.395790513E-02 7.797484277E+01
1.717910000E-02 6.154266920E-01 1.262169597E-02 7.216908918E+01
1.920000000E-02 6.987878561E-01 1.196818958E-02 6.457291667E+01
2.344230000E-02 8.044109164E-01 1.141428055E-02 5.288730201E+01
2.818380000E-02 8.692907517E-01 1.026638609E-02 4.398980975E+01
3.311310000E-02 9.091542868E-01 8.793493468E-03 3.744137517E+01
3.950000000E-02 9.403914561E-01 6.969997645E-03 3.138734177E+01
4.800000000E-02 9.653084448E-01 5.017139415E-03 2.582916667E+01
5.466130000E-02 9.780740464E-01 3.918189330E-03 2.268149495E+01
6.034920000E-02 9.867563671E-01 3.167205324E-03 2.054376860E+01
6.474990000E-02 9.927969747E-01 2.710078759E-03 1.914751992E+01
6.772410000E-02 9.967695091E-01 2.442927285E-03 1.830662940E+01
6.813380000E-02 9.973437850E-01 2.408961357E-03 1.819654856E+01
6.976580000E-02 9.996122177E-01 2.278417569E-03 1.777088487E+01
7.016830000E-02 1.000140166E+00 2.247641969E-03 1.766894737E+01
7.052580000E-02 1.000701267E+00 2.220742006E-03 1.757938230E+01
7.403590000E-02 1.006191308E+00 1.976887633E-03 1.674593002E+01
7.567600000E-02 1.009302200E+00 1.874675762E-03 1.638300122E+01
7.640490000E-02 1.011059776E+00 1.831393539E-03 1.622670797E+01
7.668630000E-02 1.011760632E+00 1.815036756E-03 1.616716415E+01
7.706380000E-02 1.012683838E+00 1.793385087E-03 1.608796867E+01
7.725880000E-02 1.013153411E+00 1.782337639E-03 1.604736289E+01
7.744220000E-02 1.013590292E+00 1.772020189E-03 1.600935924E+01
7.766080000E-02 1.014177006E+00 1.759845768E-03 1.596429602E+01
7.787770000E-02 1.014804870E+00 1.747917919E-03 1.591983328E+01
7.817350000E-02 1.015758387E+00 1.732259212E-03 1.585959436E+01
7.878930000E-02 1.018128884E+00 1.718098545E-03 1.573563923E+01
7.914390000E-02 1.019838477E+00 1.777591249E-03 1.566513654E+01
7.992920000E-02 1.024979241E+00 3.016250150E-03 1.551122744E+01
8.133970000E-02 1.031466019E+00 1.399627088E-02 1.524224948E+01
8.282000000E-02 1.028226244E+00 2.261105795E-02 1.496981405E+01
8.500000000E-02 1.023708730E+00 2.935226295E-02 1.458588235E+01
8.720000000E-02 1.018707953E+00 3.351761817E-02 1.421788991E+01
9.015710000E-02 1.012539631E+00 3.580144772E-02 1.375155146E+01
9.230000000E-02 1.008950286E+00 3.610638400E-02 1.343228602E+01
9.400000000E-02 1.006601615E+00 3.595342070E-02 1.318936170E+01
9.663820000E-02 1.003712219E+00 3.534625665E-02 1.282929525E+01
9.954520000E-02 1.001230101E+00 3.448540004E-02 1.245464372E+01
1.001440000E-01 1.000780581E+00 3.429841345E-02 1.238017255E+01
1.014050000E-01 9.999183324E-01 3.387973426E-02 1.222622159E+01
1.040000000E-01 9.983118425E-01 3.304968029E-02 1.192115385E+01
1.048260000E-01 9.978480169E-01 3.277718524E-02 1.182721844E+01
1.056330000E-01 9.974277163E-01 3.249493980E-02 1.173686253E+01
1.085330000E-01 9.960467845E-01 3.151179679E-02 1.142325376E+01
1.099830000E-01 9.954485208E-01 3.097408244E-02 1.127265123E+01
1.107210000E-01 9.951654618E-01 3.070711723E-02 1.119751447E+01
1.114510000E-01 9.949039323E-01 3.044718069E-02 1.112417116E+01
1.119990000E-01 9.947183656E-01 3.025495587E-02 1.106974169E+01
1.125480000E-01 9.945446198E-01 3.005080180E-02 1.101574439E+01
1.128220000E-01 9.944619978E-01 2.994162906E-02 1.098899151E+01
1.130970000E-01 9.943829390E-01 2.983266512E-02 1.096227132E+01
1.133710000E-01 9.943068753E-01 2.972492924E-02 1.093577723E+01
1.136450000E-01 9.942341848E-01 2.961785201E-02 1.090941088E+01
1.137830000E-01 9.941983892E-01 2.956406711E-02 1.089617957E+01
1.143200000E-01 9.940701722E-01 2.935695792E-02 1.084499650E+01
1.146070000E-01 9.940086776E-01 2.924720566E-02 1.081783835E+01
1.153890000E-01 9.938726030E-01 2.895226324E-02 1.074452504E+01
1.155980000E-01 9.938462060E-01 2.887454717E-02 1.072509905E+01
1.159310000E-01 9.938150022E-01 2.875273865E-02 1.069429229E+01
1.161210000E-01 9.938050108E-01 2.868465313E-02 1.067679403E+01
1.167250000E-01 9.938225773E-01 2.845825299E-02 1.062154637E+01
1.172050000E-01 9.939012170E-01 2.832529414E-02 1.057804701E+01
1.176260000E-01 9.940127034E-01 2.828214915E-02 1.054018669E+01
1.180280000E-01 9.941283258E-01 2.833647597E-02 1.050428712E+01
1.187960000E-01 9.941910377E-01 2.871932227E-02 1.043637833E+01
1.201460000E-01 9.932972805E-01 2.939571470E-02 1.031911175E+01
1.221140000E-01 9.916351749E-01 2.890221395E-02 1.015280803E+01
1.366110000E-01 9.875761124E-01 2.255713240E-02 9.075403884E+00
1.492220000E-01 9.868751622E-01 1.798266648E-02 8.308426371E+00
1.622730000E-01 9.871451640E-01 1.432374365E-02 7.640211249E+00
1.765200000E-01 9.878990886E-01 1.128021552E-02 7.023566735E+00
1.921210000E-01 9.889155220E-01 8.780221602E-03 6.453224791E+00
2.092200000E-01 9.900726254E-01 6.762672437E-03 5.925819711E+00
2.268100000E-01 9.911861598E-01 5.252226611E-03 5.466249284E+00
2.489840000E-01 9.924131110E-01 3.906155070E-03 4.979436430E+00
2.818380000E-01 9.938757112E-01 2.616414571E-03 4.398980975E+00
3.097860000E-01 9.948438003E-01 1.915724682E-03 4.002117591E+00
3.430760000E-01 9.957445019E-01 1.362102203E-03 3.613776539E+00
3.857000000E-01 9.966061314E-01 9.166616979E-04 3.214415349E+00
4.376800000E-01 9.973570282E-01 5.941434931E-04 2.832663133E+00
5.115710000E-01 9.980691214E-01 3.454386088E-04 2.423515016E+00
5.921460000E-01 9.985669233E-01 2.066247484E-04 2.093740395E+00
6.780470000E-01 9.989158383E-01 1.277488139E-04 1.828486816E+00
7.789710000E-01 9.991870729E-01 7.775982645E-05 1.591586850E+00
8.892040000E-01 9.993839572E-01 4.825898230E-05 1.394280727E+00
1.008670000E+00 9.995287142E-01 3.055166346E-05 1.229143327E+00
1.150170000E+00 9.996460233E-01 1.891445218E-05 1.077927611E+00
1.275110000E+00 9.997206125E-01 1.294905267E-05 9.723082714E-01
1.364210000E+00 9.997641758E-01 1.009496642E-05 9.088043630E-01
1.421970000E+00 9.997905137E-01 8.659747118E-06 8.718889991E-01
1.464280000E+00 9.998105994E-01 7.771258229E-06 8.466959871E-01
1.497240000E+00 9.998289222E-01 7.159552790E-06 8.280569581E-01
1.508980000E+00 9.998372794E-01 7.001440384E-06 8.216146006E-01
1.511190000E+00 9.998390910E-01 7.002640589E-06 8.204130520E-01
1.516650000E+00 9.998440397E-01 7.156056363E-06 8.174595325E-01
1.519630000E+00 9.998471011E-01 7.415091439E-06 8.158564914E-01
1.522020000E+00 9.998497668E-01 7.779320153E-06 8.145753669E-01
1.524920000E+00 9.998532563E-01 8.493098576E-06 8.130262571E-01
1.527520000E+00 9.998566062E-01 9.477039044E-06 8.116424008E-01
1.530160000E+00 9.998601841E-01 1.091086402E-05 8.102420662E-01
1.534560000E+00 9.998662713E-01 1.450177546E-05 8.079188823E-01
1.541380000E+00 9.998746792E-01 2.349787585E-05 8.043441591E-01
1.548170000E+00 9.998788734E-01 3.580072391E-05 8.008164478E-01
1.552670000E+00 9.998794143E-01 4.444959070E-05 7.984954949E-01
1.558270000E+00 9.998764311E-01 5.406606464E-05 7.956259185E-01
1.566940000E+00 9.998678366E-01 6.386915412E-05 7.912236589E-01
1.579490000E+00 9.998559513E-01 6.791396937E-05 7.849369100E-01
1.591750000E+00 9.998489794E-01 6.714633576E-05 7.788911575E-01
1.605270000E+00 9.998446037E-01 6.539198471E-05 7.723311343E-01
1.623760000E+00 9.998415090E-01 6.295173091E-05 7.635364832E-01
1.651400000E+00 9.998397140E-01 5.941995207E-05 7.507569335E-01
1.687690000E+00 9.998401450E-01 5.503923145E-05 7.346135842E-01
1.732480000E+00 9.998428576E-01 5.013435446E-05 7.156215368E-01
1.785170000E+00 9.998475622E-01 4.502431870E-05 6.944996835E-01
1.844950000E+00 9.998537613E-01 4.000373263E-05 6.719965311E-01
1.898900000E+00 9.998596121E-01 3.612871525E-05 6.529043130E-01
1.948790000E+00 9.998649933E-01 3.296618162E-05 6.361896356E-01
2.002310000E+00 9.998706521E-01 2.994980277E-05 6.191848415E-01
2.047150000E+00 9.998752499E-01 2.769029626E-05 6.056224507E-01
2.100000000E+00 9.998804909E-01 2.530067465E-05 5.903809524E-01
2.147330000E+00 9.998849745E-01 2.338394050E-05 5.773681735E-01
2.208320000E+00 9.998904945E-01 2.117996821E-05 5.614222576E-01
2.238720000E+00 9.998931002E-01 2.017010211E-05 5.537985992E-01
2.304090000E+00 9.998984853E-01 1.820109561E-05 5.380866199E-01
2.373510000E+00 9.999038320E-01 1.636671313E-05 5.223487577E-01
2.425520000E+00 9.999076091E-01 1.514560052E-05 5.111481249E-01
2.494010000E+00 9.999122774E-01 1.371100090E-05 4.971110781E-01
2.571780000E+00 9.999171793E-01 1.226586565E-05 4.820785604E-01
2.669650000E+00 9.999228541E-01 1.070431596E-05 4.644054464E-01
2.816360000E+00 9.999303949E-01 8.805580838E-06 4.402136091E-01
3.018260000E+00 9.999391632E-01 6.835577841E-06 4.107664681E-01
3.237550000E+00 9.999469904E-01 5.274093259E-06 3.829438928E-01
3.581760000E+00 9.999566136E-01 3.620032808E-06 3.461426785E-01
4.071510000E+00 9.999664244E-01 2.238656726E-06 3.045061906E-01
4.613840000E+00 9.999738917E-01 1.392076122E-06 2.687132627E-01
5.251840000E+00 9.999798966E-01 8.480733741E-07 2.360696442E-01
5.948060000E+00 9.999843689E-01 5.249824624E-07 2.084377091E-01
6.700230000E+00 9.999877139E-01 3.304330066E-07 1.850384241E-01
7.562060000E+00 9.999903799E-01 2.057393511E-07 1.639500348E-01
8.535190000E+00 9.999924672E-01 1.277022662E-07 1.452574577E-01
9.603690000E+00 9.999940634E-01 8.001946977E-08 1.290962120E-01
1.077260000E+01 9.999952910E-01 5.060272657E-08 1.150882795E-01
1.209200000E+01 9.999962692E-01 3.186985952E-08 1.025305987E-01
1.348360000E+01 9.999970039E-01 2.054098114E-08 9.194873773E-02
1.512420000E+01 9.999976219E-01 1.290908151E-08 8.197458378E-02
1.689980000E+01 9.999980976E-01 8.215592183E-09 7.336181493E-02
1.891600000E+01 9.999984830E-01 5.186229705E-09 6.554239797E-02
2.105620000E+01 9.999987767E-01 3.341799462E-09 5.888051975E-02
2.334970000E+01 9.999990059E-01 2.184835447E-09 5.309704193E-02
2.598450000E+01 9.999991978E-01 1.404603817E-09 4.771305971E-02
2.889730000E+01 9.999993517E-01 9.049508252E-10 4.290366228E-02
3.217770000E+01 9.999994774E-01 5.786868540E-10 3.852978926E-02
3.528770000E+01 9.999995656E-01 3.938135347E-10 3.513405521E-02
3.851220000E+01 9.999996354E-01 2.735303345E-10 3.219239618E-02
4.162690000E+01 9.999996880E-01 1.974906625E-10 2.978362549E-02
4.460290000E+01 9.999997283E-01 1.477887407E-10 2.779639889E-02
4.697000000E+01 9.999997550E-01 1.190385835E-10 2.639557164E-02
4.884580000E+01 9.999997735E-01 1.009874139E-10 2.538191615E-02
5.038730000E+01 9.999997871E-01 8.863415810E-11 2.460540652E-02
5.169370000E+01 9.999997978E-01 7.959927402E-11 2.398358020E-02
5.323400000E+01 9.999998093E-01 7.034660041E-11 2.328962693E-02
5.512580000E+01 9.999998222E-01 6.070758076E-11 2.249037656E-02
5.810280000E+01 9.999998399E-01 4.865419818E-11 2.133804223E-02
6.210070000E+01 9.999998599E-01 3.674604037E-11 1.996434823E-02
6.785730000E+01 9.999998827E-01 2.526585200E-11 1.827069453E-02
7.519710000E+01 9.999999045E-01 1.637150229E-11 1.648733794E-02
8.312450000E+01 9.999999218E-01 1.071371816E-11 1.491497693E-02
9.229220000E+01 9.999999366E-01 6.884553742E-12 1.343342124E-02
1.027090000E+02 9.999999488E-01 4.379689710E-12 1.207099670E-02
1.142000000E+02 9.999999586E-01 2.797067983E-12 1.085639229E-02
1.264310000E+02 9.999999662E-01 1.821910252E-12 9.806139317E-03
1.399830000E+02 9.999999724E-01 1.186685411E-12 8.856789753E-03
1.555210000E+02 9.999999777E-01 7.624548301E-13 7.971913761E-03
1.716840000E+02 9.999999817E-01 5.040990206E-13 7.221406771E-03
1.907840000E+02 9.999999852E-01 3.246124112E-13 6.498448507E-03
2.111910000E+02 9.999999879E-01 2.132617765E-13 5.870515316E-03
2.332020000E+02 9.999999901E-01 1.417524002E-13 5.316420957E-03
2.600160000E+02 9.999999920E-01 9.089224991E-14 4.768168113E-03
2.895300000E+02 9.999999936E-01 5.890243729E-14 4.282112389E-03
3.205140000E+02 9.999999947E-01 3.927766726E-14 3.868161765E-03
3.571510000E+02 9.999999958E-01 2.564454675E-14 3.471360853E-03
3.982040000E+02 9.999999966E-01 1.683645572E-14 3.113479523E-03
4.434300000E+02 9.999999973E-01 1.119700877E-14 2.795931714E-03
4.988260000E+02 9.999999978E-01 7.235527904E-15 2.485435803E-03
5.623410000E+02 9.999999983E-01 4.695263297E-15 2.204712088E-03
6.384930000E+02 9.999999987E-01 3.010798516E-15 1.941759737E-03
7.296680000E+02 9.999999990E-01 1.915873933E-15 1.699128919E-03
8.389770000E+02 9.999999992E-01 1.216253665E-15 1.477752072E-03
9.772370000E+02 9.999999994E-01 7.560226470E-16 1.268678939E-03
1.173410000E+03 9.999999996E-01 4.365147478E-16 1.056578689E-03
1.410750000E+03 9.999999997E-01 2.514531593E-16 8.788233209E-04
1.696100000E+03 9.999999998E-01 1.448464299E-16 7.309710512E-04
2.039160000E+03 9.999999999E-01 8.343811017E-17 6.079954491E-04
2.451610000E+03 9.999999999E-01 4.806400710E-17 5.057084936E-04
2.947480000E+03 9.999999999E-01 2.768705337E-17 4.206305047E-04
3.543650000E+03 1.000000000E+00 1.594897879E-17 3.498652519E-04
4.260410000E+03 1.000000000E+00 9.187296858E-18 2.910048563E-04
5.122130000E+03 1.000000000E+00 5.292314883E-18 2.420477419E-04
6.158160000E+03 1.000000000E+00 3.048602080E-18 2.013263702E-04
7.403740000E+03 1.000000000E+00 1.756127413E-18 1.674559074E-04
8.901250000E+03 1.000000000E+00 1.011605253E-18 1.392838085E-04
1.000000000E+04 0.000000000E+00 0.000000000E+00 1.239800000E-04
