# 11/08/2021 
# Data retrieved from www.chemicool.com/densities.html 
# Includes the real (n) and complex (k) part of the  refractive index. 
# Element, Ar  (Z = 18) 
# Nominal density, g cm-3 =  0.001784 
#    E [keV]      n       k    Wavelength [nm] 
1.000000000E-03 6.668065032E-01 1.464485816E-07 1.239800000E+03
1.406250000E-03 9.896966482E-01 0.000000000E+00 8.816355556E+02
1.779790000E-03 9.936631049E-01 0.000000000E+00 6.965990370E+02
2.002260000E-03 9.950379094E-01 0.000000000E+00 6.192003037E+02
2.252540000E-03 9.961476557E-01 0.000000000E+00 5.504008808E+02
2.534110000E-03 9.970168066E-01 0.000000000E+00 4.892447447E+02
3.000000000E-03 9.979431081E-01 0.000000000E+00 4.132666667E+02
3.207230000E-03 9.982390774E-01 0.000000000E+00 3.865641067E+02
3.750000000E-03 9.987861598E-01 0.000000000E+00 3.306133333E+02
4.059150000E-03 9.990110481E-01 0.000000000E+00 3.054334035E+02
4.687500000E-03 9.993305540E-01 0.000000000E+00 2.644906667E+02
5.137360000E-03 9.995001245E-01 0.000000000E+00 2.413301774E+02
5.859380000E-03 9.996866316E-01 0.000000000E+00 2.115923528E+02
6.365160000E-03 9.997880848E-01 0.000000000E+00 1.947790786E+02
6.591800000E-03 9.998248070E-01 0.000000000E+00 1.880821627E+02
6.877580000E-03 9.998706161E-01 0.000000000E+00 1.802668962E+02
7.415770000E-03 9.999398566E-01 0.000000000E+00 1.671842573E+02
7.718270000E-03 9.999771254E-01 0.000000000E+00 1.606318514E+02
8.061550000E-03 1.000013037E+00 0.000000000E+00 1.537917646E+02
8.243200000E-03 1.000030067E+00 0.000000000E+00 1.504027562E+02
8.361930000E-03 1.000042610E+00 0.000000000E+00 1.482672063E+02
8.624750000E-03 1.000067942E+00 0.000000000E+00 1.437490942E+02
8.854720000E-03 1.000087608E+00 0.000000000E+00 1.400157204E+02
8.967200000E-03 1.000097021E+00 0.000000000E+00 1.382594344E+02
9.055950000E-03 1.000105393E+00 0.000000000E+00 1.369044661E+02
9.408090000E-03 1.000135416E+00 0.000000000E+00 1.317802019E+02
9.540490000E-03 1.000145474E+00 0.000000000E+00 1.299513966E+02
9.600700000E-03 1.000150634E+00 0.000000000E+00 1.291364171E+02
9.672200000E-03 1.000157036E+00 0.000000000E+00 1.281817994E+02
9.870280000E-03 1.000173709E+00 0.000000000E+00 1.256094052E+02
1.001880000E-02 1.000185294E+00 0.000000000E+00 1.237473550E+02
1.013030000E-02 1.000194516E+00 0.000000000E+00 1.223853193E+02
1.021380000E-02 1.000202670E+00 0.000000000E+00 1.213847931E+02
1.027650000E-02 1.000208789E+00 0.000000000E+00 1.206441882E+02
1.032350000E-02 1.000213259E+00 0.000000000E+00 1.200949290E+02
1.039400000E-02 1.000219797E+00 0.000000000E+00 1.192803541E+02
1.042930000E-02 1.000222999E+00 0.000000000E+00 1.188766264E+02
1.044690000E-02 1.000224576E+00 0.000000000E+00 1.186763538E+02
1.046450000E-02 1.000226140E+00 0.000000000E+00 1.184767547E+02
1.049030000E-02 1.000228416E+00 0.000000000E+00 1.181853712E+02
1.051600000E-02 1.000230654E+00 0.000000000E+00 1.178965386E+02
1.054180000E-02 1.000232879E+00 0.000000000E+00 1.176079986E+02
1.056760000E-02 1.000235080E+00 0.000000000E+00 1.173208676E+02
1.059330000E-02 1.000237245E+00 0.000000000E+00 1.170362399E+02
1.061910000E-02 1.000239399E+00 0.000000000E+00 1.167518905E+02
1.064480000E-02 1.000241533E+00 0.000000000E+00 1.164700135E+02
1.065770000E-02 1.000242581E+00 0.000000000E+00 1.163290391E+02
1.067060000E-02 1.000243623E+00 0.000000000E+00 1.161884055E+02
1.068350000E-02 1.000244659E+00 0.000000000E+00 1.160481116E+02
1.069630000E-02 1.000245711E+00 0.000000000E+00 1.159092396E+02
1.072210000E-02 1.000247755E+00 0.000000000E+00 1.156303336E+02
1.074790000E-02 1.000249793E+00 0.000000000E+00 1.153527666E+02
1.075110000E-02 1.000250045E+00 0.000000000E+00 1.153184325E+02
1.075670000E-02 1.000250490E+00 0.000000000E+00 1.152583971E+02
1.077360000E-02 1.000251813E+00 0.000000000E+00 1.150775971E+02
1.078230000E-02 1.000252491E+00 0.000000000E+00 1.149847435E+02
1.079090000E-02 1.000253140E+00 0.000000000E+00 1.148931044E+02
1.079840000E-02 1.000253726E+00 0.000000000E+00 1.148133057E+02
1.081150000E-02 1.000254730E+00 0.000000000E+00 1.146741895E+02
1.083120000E-02 1.000256222E+00 0.000000000E+00 1.144656178E+02
1.084100000E-02 1.000256973E+00 0.000000000E+00 1.143621437E+02
1.085090000E-02 1.000257717E+00 0.000000000E+00 1.142578035E+02
1.088570000E-02 1.000260296E+00 0.000000000E+00 1.138925379E+02
1.089470000E-02 1.000260976E+00 0.000000000E+00 1.137984525E+02
1.090240000E-02 1.000261543E+00 0.000000000E+00 1.137180804E+02
1.092090000E-02 1.000262896E+00 0.000000000E+00 1.135254420E+02
1.094710000E-02 1.000264795E+00 0.000000000E+00 1.132537384E+02
1.097340000E-02 1.000266684E+00 0.000000000E+00 1.129823027E+02
1.097970000E-02 1.000267131E+00 0.000000000E+00 1.129174750E+02
1.102280000E-02 1.000270173E+00 0.000000000E+00 1.124759589E+02
1.103400000E-02 1.000271270E+00 0.000000000E+00 1.123617908E+02
1.105210000E-02 1.000273038E+00 0.000000000E+00 1.121777762E+02
1.107830000E-02 1.000275600E+00 0.000000000E+00 1.119124775E+02
1.110450000E-02 1.000278120E+00 0.000000000E+00 1.116484308E+02
1.113080000E-02 1.000280698E+00 0.000000000E+00 1.113846264E+02
1.115700000E-02 1.000283522E+00 0.000000000E+00 1.111230618E+02
1.118320000E-02 1.000286331E+00 0.000000000E+00 1.108627227E+02
1.119790000E-02 1.000287886E+00 0.000000000E+00 1.107171880E+02
1.122630000E-02 1.000290859E+00 0.000000000E+00 1.104370986E+02
1.125280000E-02 1.000293635E+00 0.000000000E+00 1.101770226E+02
1.127780000E-02 1.000296197E+00 0.000000000E+00 1.099327883E+02
1.132450000E-02 1.000300930E+00 0.000000000E+00 1.094794472E+02
1.143250000E-02 1.000311555E+00 0.000000000E+00 1.084452220E+02
1.146880000E-02 1.000315027E+00 0.000000000E+00 1.081019810E+02
1.165170000E-02 1.000331748E+00 0.000000000E+00 1.064050739E+02
1.165770000E-02 1.000332280E+00 0.000000000E+00 1.063503092E+02
1.170910000E-02 1.000336752E+00 0.000000000E+00 1.058834582E+02
1.171500000E-02 1.000337264E+00 0.000000000E+00 1.058301323E+02
1.173770000E-02 1.000339446E+00 0.000000000E+00 1.056254633E+02
1.174370000E-02 1.000340135E+00 0.000000000E+00 1.055714979E+02
1.176640000E-02 1.000342747E+00 0.000000000E+00 1.053678270E+02
1.177240000E-02 1.000343428E+00 0.000000000E+00 1.053141246E+02
1.180110000E-02 1.000346698E+00 0.000000000E+00 1.050580031E+02
1.188720000E-02 1.000356770E+00 0.000000000E+00 1.042970590E+02
1.191590000E-02 1.000360315E+00 0.000000000E+00 1.040458547E+02
1.194460000E-02 1.000363810E+00 0.000000000E+00 1.037958575E+02
1.197330000E-02 1.000367279E+00 0.000000000E+00 1.035470589E+02
1.200200000E-02 1.000370699E+00 0.000000000E+00 1.032994501E+02
1.213730000E-02 1.000386367E+00 0.000000000E+00 1.021479242E+02
1.217420000E-02 1.000390496E+00 0.000000000E+00 1.018383138E+02
1.220280000E-02 1.000393672E+00 0.000000000E+00 1.015996329E+02
1.223150000E-02 1.000396821E+00 0.000000000E+00 1.013612394E+02
1.228930000E-02 1.000403949E+00 0.000000000E+00 1.008845093E+02
1.231840000E-02 1.000407981E+00 0.000000000E+00 1.006461878E+02
1.234760000E-02 1.000411963E+00 0.000000000E+00 1.004081765E+02
1.237680000E-02 1.000415904E+00 0.000000000E+00 1.001712882E+02
1.240590000E-02 1.000419942E+00 0.000000000E+00 9.993632062E+01
1.243510000E-02 1.000424255E+00 0.000000000E+00 9.970165097E+01
1.248580000E-02 1.000431638E+00 0.000000000E+00 9.929680117E+01
1.253640000E-02 1.000438896E+00 0.000000000E+00 9.889601480E+01
1.257090000E-02 1.000443752E+00 0.000000000E+00 9.862460126E+01
1.260170000E-02 1.000448054E+00 0.000000000E+00 9.838355143E+01
1.263280000E-02 1.000452333E+00 0.000000000E+00 9.814134634E+01
1.266370000E-02 1.000456718E+00 0.000000000E+00 9.790187702E+01
1.269470000E-02 1.000461945E+00 0.000000000E+00 9.766280416E+01
1.273060000E-02 1.000467934E+00 0.000000000E+00 9.738739729E+01
1.276490000E-02 1.000473603E+00 0.000000000E+00 9.712571191E+01
1.278950000E-02 1.000477621E+00 0.000000000E+00 9.693889519E+01
1.281410000E-02 1.000481716E+00 0.000000000E+00 9.675279575E+01
1.283180000E-02 1.000484825E+00 0.000000000E+00 9.661933634E+01
1.284940000E-02 1.000487922E+00 0.000000000E+00 9.648699550E+01
1.288030000E-02 1.000493316E+00 0.000000000E+00 9.625552200E+01
1.291120000E-02 1.000498665E+00 0.000000000E+00 9.602515645E+01
1.291650000E-02 1.000499568E+00 0.000000000E+00 9.598575465E+01
1.293270000E-02 1.000502318E+00 0.000000000E+00 9.586551919E+01
1.294560000E-02 1.000504537E+00 0.000000000E+00 9.576999135E+01
1.295920000E-02 1.000506923E+00 0.000000000E+00 9.566948577E+01
1.297880000E-02 1.000511347E+00 0.000000000E+00 9.552501002E+01
1.299750000E-02 1.000515529E+00 0.000000000E+00 9.538757453E+01
1.301630000E-02 1.000519687E+00 0.000000000E+00 9.524980217E+01
1.303100000E-02 1.000522948E+00 0.000000000E+00 9.514235285E+01
1.305310000E-02 1.000527806E+00 0.000000000E+00 9.498126882E+01
1.307520000E-02 1.000532627E+00 0.000000000E+00 9.482072932E+01
1.310660000E-02 1.000539392E+00 0.000000000E+00 9.459356355E+01
1.314000000E-02 1.000547220E+00 0.000000000E+00 9.435312024E+01
1.317340000E-02 1.000555185E+00 0.000000000E+00 9.411389618E+01
1.318970000E-02 1.000559057E+00 0.000000000E+00 9.399758903E+01
1.322920000E-02 1.000568298E+00 0.000000000E+00 9.371692922E+01
1.323620000E-02 1.000569930E+00 0.000000000E+00 9.366736677E+01
1.326760000E-02 1.000577199E+00 0.000000000E+00 9.344568724E+01
1.329460000E-02 1.000583364E+00 0.000000000E+00 9.325590841E+01
1.329900000E-02 1.000584383E+00 0.000000000E+00 9.322505452E+01
1.332690000E-02 1.000590675E+00 0.000000000E+00 9.302988692E+01
1.335940000E-02 1.000597985E+00 0.000000000E+00 9.280356902E+01
1.339330000E-02 1.000605494E+00 0.000000000E+00 9.256867240E+01
1.340510000E-02 1.000608091E+00 0.000000000E+00 9.248718771E+01
1.342460000E-02 1.000613918E+00 0.000000000E+00 9.235284478E+01
1.343840000E-02 1.000618037E+00 0.000000000E+00 9.225800691E+01
1.345910000E-02 1.000624182E+00 0.000000000E+00 9.211611475E+01
1.346950000E-02 1.000627234E+00 0.000000000E+00 9.204499053E+01
1.350110000E-02 1.000636487E+00 0.000000000E+00 9.182955463E+01
1.351170000E-02 1.000639581E+00 0.000000000E+00 9.175751386E+01
1.352230000E-02 1.000642665E+00 0.000000000E+00 9.168558603E+01
1.355540000E-02 1.000652162E+00 0.000000000E+00 9.146170530E+01
1.359140000E-02 1.000663094E+00 0.000000000E+00 9.121944759E+01
1.362230000E-02 1.000672988E+00 0.000000000E+00 9.101253092E+01
1.368040000E-02 1.000696398E+00 0.000000000E+00 9.062600509E+01
1.371760000E-02 1.000711563E+00 0.000000000E+00 9.038024144E+01
1.386340000E-02 1.000772987E+00 4.806968011E-10 8.942972142E+01
1.390550000E-02 1.000795391E+00 2.897304193E-09 8.915896588E+01
1.405100000E-02 1.000888441E+00 4.796190395E-07 8.823571276E+01
1.414000000E-02 1.000971799E+00 5.037895940E-06 8.768033946E+01
1.423890000E-02 1.001103202E+00 3.653352296E-05 8.707133276E+01
1.430780000E-02 1.001213598E+00 1.014807517E-04 8.665203595E+01
1.437130000E-02 1.001306056E+00 2.062670241E-04 8.626916145E+01
1.442190000E-02 1.001354865E+00 3.164714697E-04 8.596648153E+01
1.457670000E-02 1.001327646E+00 6.734165891E-04 8.505354436E+01
1.490810000E-02 1.000931507E+00 9.688034058E-04 8.316284436E+01
1.500590000E-02 1.000854854E+00 9.820117247E-04 8.262083580E+01
1.530000000E-02 1.000688142E+00 1.010800872E-03 8.103267974E+01
1.570000000E-02 1.000522393E+00 1.039341044E-03 7.896815287E+01
1.603250000E-02 1.000406621E+00 1.054344304E-03 7.733042258E+01
1.630000000E-02 1.000320765E+00 1.060746066E-03 7.606134969E+01
1.665540000E-02 1.000213494E+00 1.060009872E-03 7.443832030E+01
1.690000000E-02 1.000143653E+00 1.054039807E-03 7.336094675E+01
1.715280000E-02 1.000074621E+00 1.042645697E-03 7.227974441E+01
1.808550000E-02 9.998510115E-01 9.597106263E-04 6.855215504E+01
1.890160000E-02 9.997034575E-01 8.464370888E-04 6.559233081E+01
1.965000000E-02 9.996115475E-01 7.256043374E-04 6.309414758E+01
2.050030000E-02 9.995556957E-01 5.872048494E-04 6.047716375E+01
2.119930000E-02 9.995378262E-01 4.830642821E-04 5.848306312E+01
2.197080000E-02 9.995417079E-01 3.834872484E-04 5.642944271E+01
2.291610000E-02 9.995660352E-01 2.853548440E-04 5.410170142E+01
2.397590000E-02 9.996050699E-01 2.035511308E-04 5.171025905E+01
2.515940000E-02 9.996518791E-01 1.396844790E-04 4.927780472E+01
2.612500000E-02 9.996880614E-01 1.031785533E-04 4.745645933E+01
2.725830000E-02 9.997264144E-01 7.294717901E-05 4.548339405E+01
2.857990000E-02 9.997650499E-01 4.940479590E-05 4.338013779E+01
2.970540000E-02 9.997924328E-01 3.673401889E-05 4.173651929E+01
3.077730000E-02 9.998146469E-01 2.783493930E-05 4.028293580E+01
3.200000000E-02 9.998362029E-01 2.080607845E-05 3.874375000E+01
3.334820000E-02 9.998561119E-01 1.561729010E-05 3.717741887E+01
3.476910000E-02 9.998734870E-01 1.207543648E-05 3.565809871E+01
3.630780000E-02 9.998889823E-01 9.667882467E-06 3.414693262E+01
3.810000000E-02 9.999036372E-01 8.020620975E-06 3.254068241E+01
3.985000000E-02 9.999152340E-01 7.130264195E-06 3.111166876E+01
4.220000000E-02 9.999276423E-01 6.554395138E-06 2.937914692E+01
4.570880000E-02 9.999413686E-01 6.312719132E-06 2.712387987E+01
5.500000000E-02 9.999624533E-01 6.332534098E-06 2.254181818E+01
6.580000000E-02 9.999743645E-01 5.934268792E-06 1.884194529E+01
7.673620000E-02 9.999810063E-01 5.148257648E-06 1.615665097E+01
9.000000000E-02 9.999859077E-01 4.118109768E-06 1.377555556E+01
1.018060000E-01 9.999888462E-01 3.315145106E-06 1.217806416E+01
1.280000000E-01 9.999928991E-01 2.084509540E-06 9.685937500E+00
1.600000000E-01 9.999957329E-01 1.241777996E-06 7.748750000E+00
1.804090000E-01 9.999969774E-01 9.181282616E-07 6.872162697E+00
1.898220000E-01 9.999974542E-01 8.039004456E-07 6.531382032E+00
2.039490000E-01 9.999981544E-01 6.633794041E-07 6.078970723E+00
2.120840000E-01 9.999985540E-01 5.962969313E-07 5.845796948E+00
2.185150000E-01 9.999988872E-01 5.492898995E-07 5.673752374E+00
2.219740000E-01 9.999990791E-01 5.258323407E-07 5.585338823E+00
2.264640000E-01 9.999993722E-01 4.972315568E-07 5.474600820E+00
2.296880000E-01 9.999995782E-01 4.778780777E-07 5.397756957E+00
2.316010000E-01 9.999997225E-01 4.669331194E-07 5.353172050E+00
2.333590000E-01 9.999998638E-01 4.571530931E-07 5.312844159E+00
2.340030000E-01 9.999999264E-01 4.536347054E-07 5.298222672E+00
2.356910000E-01 1.000000088E+00 4.445602788E-07 5.260277227E+00
2.374730000E-01 1.000000273E+00 4.352865585E-07 5.220804049E+00
2.390010000E-01 1.000000459E+00 4.275541874E-07 5.187425994E+00
2.402130000E-01 1.000000632E+00 4.219075629E-07 5.161252722E+00
2.414220000E-01 1.000000840E+00 4.189966376E-07 5.135406052E+00
2.424400000E-01 1.000001055E+00 4.256893386E-07 5.113842600E+00
2.433710000E-01 1.000001295E+00 4.535901498E-07 5.094279927E+00
2.442430000E-01 1.000001561E+00 5.200322498E-07 5.076092252E+00
2.451150000E-01 1.000001860E+00 6.517215783E-07 5.058033984E+00
2.460450000E-01 1.000002186E+00 8.903314829E-07 5.038915646E+00
2.471830000E-01 1.000002526E+00 1.334540738E-06 5.015717100E+00
2.485870000E-01 1.000002740E+00 2.050223364E-06 4.987388721E+00
2.498410000E-01 1.000002675E+00 2.719196754E-06 4.962356058E+00
2.514350000E-01 1.000002310E+00 3.415846528E-06 4.930896653E+00
2.531960000E-01 1.000001749E+00 3.875052400E-06 4.896601842E+00
2.552960000E-01 1.000001134E+00 4.092011177E-06 4.856323640E+00
2.564460000E-01 1.000000861E+00 4.128803208E-06 4.834546064E+00
2.581140000E-01 1.000000527E+00 4.142400145E-06 4.803303966E+00
2.600160000E-01 1.000000219E+00 4.123536570E-06 4.768168113E+00
2.603480000E-01 1.000000170E+00 4.118852561E-06 4.762087667E+00
2.624390000E-01 9.999998925E-01 4.073103087E-06 4.724145420E+00
2.630400000E-01 9.999998227E-01 4.055637120E-06 4.713351582E+00
2.648490000E-01 9.999996274E-01 4.000291679E-06 4.681157943E+00
2.674560000E-01 9.999993840E-01 3.909209535E-06 4.635528835E+00
2.710000000E-01 9.999991150E-01 3.768781452E-06 4.574907749E+00
2.758840000E-01 9.999988485E-01 3.555872985E-06 4.493917734E+00
2.822250000E-01 9.999986162E-01 3.294046277E-06 4.392948888E+00
2.906450000E-01 9.999984441E-01 2.973040912E-06 4.265684942E+00
3.028640000E-01 9.999983810E-01 2.599978469E-06 4.093586560E+00
3.082980000E-01 9.999984206E-01 2.464269368E-06 4.021433808E+00
3.112750000E-01 9.999984732E-01 2.439746145E-06 3.982973255E+00
3.169450000E-01 9.999984228E-01 2.482574885E-06 3.911719699E+00
3.273410000E-01 9.999982828E-01 2.284273581E-06 3.787487666E+00
3.481000000E-01 9.999982457E-01 1.908489061E-06 3.561620224E+00
3.758370000E-01 9.999983071E-01 1.522565777E-06 3.298770478E+00
4.062090000E-01 9.999984182E-01 1.205575476E-06 3.052123414E+00
4.347720000E-01 9.999985357E-01 9.720142757E-07 2.851609579E+00
4.650500000E-01 9.999986647E-01 7.807131333E-07 2.665949898E+00
5.005680000E-01 9.999988067E-01 6.128508890E-07 2.476786371E+00
5.313620000E-01 9.999989180E-01 5.025415304E-07 2.333249273E+00
5.627460000E-01 9.999990188E-01 4.144797252E-07 2.203125389E+00
6.017440000E-01 9.999991289E-01 3.301890192E-07 2.060344598E+00
6.339870000E-01 9.999992082E-01 2.760143792E-07 1.955560603E+00
6.821910000E-01 9.999993098E-01 2.145461739E-07 1.817379590E+00
7.282290000E-01 9.999993908E-01 1.710499670E-07 1.702486443E+00
7.904800000E-01 9.999994805E-01 1.284887747E-07 1.568414128E+00
8.558350000E-01 9.999995558E-01 9.719920236E-08 1.448643722E+00
9.276110000E-01 9.999996217E-01 7.309757096E-08 1.336551636E+00
1.036980000E+00 9.999996977E-01 4.915680991E-08 1.195587186E+00
1.194990000E+00 9.999997735E-01 2.952726410E-08 1.037498222E+00
1.375130000E+00 9.999998301E-01 1.774664103E-08 9.015874863E-01
1.569570000E+00 9.999998706E-01 1.094712446E-08 7.898978701E-01
1.795870000E+00 9.999999022E-01 6.670813633E-09 6.903617745E-01
2.041740000E+00 9.999999252E-01 4.151120937E-09 6.072271690E-01
2.316350000E+00 9.999999427E-01 2.596241201E-09 5.352386297E-01
2.585240000E+00 9.999999549E-01 1.723008341E-09 4.795686281E-01
2.770130000E+00 9.999999616E-01 1.330452550E-09 4.475602228E-01
2.901860000E+00 9.999999658E-01 1.117298871E-09 4.272432164E-01
2.988860000E+00 9.999999685E-01 9.999343180E-10 4.148069833E-01
3.058550000E+00 9.999999709E-01 9.171015190E-10 4.053554789E-01
3.099410000E+00 9.999999726E-01 8.822667711E-10 4.000116151E-01
3.114140000E+00 9.999999733E-01 9.112172881E-10 3.981195450E-01
3.123070000E+00 9.999999739E-01 9.785948891E-10 3.969811756E-01
3.130620000E+00 9.999999744E-01 1.093161593E-09 3.960237908E-01
3.138380000E+00 9.999999749E-01 1.293536346E-09 3.950445771E-01
3.146140000E+00 9.999999755E-01 1.602881053E-09 3.940701940E-01
3.153570000E+00 9.999999760E-01 2.016376612E-09 3.931417409E-01
3.164110000E+00 9.999999767E-01 2.795329465E-09 3.918321424E-01
3.176930000E+00 9.999999770E-01 3.939847782E-09 3.902509656E-01
3.191010000E+00 9.999999770E-01 5.171959009E-09 3.885290237E-01
3.204620000E+00 9.999999765E-01 6.068907150E-09 3.868789435E-01
3.221380000E+00 9.999999758E-01 6.643426189E-09 3.848661133E-01
3.245240000E+00 9.999999750E-01 6.803344085E-09 3.820364596E-01
3.276440000E+00 9.999999745E-01 6.651265881E-09 3.783985057E-01
3.318490000E+00 9.999999744E-01 6.402995280E-09 3.736036571E-01
3.377710000E+00 9.999999745E-01 6.048602715E-09 3.670534178E-01
3.457480000E+00 9.999999749E-01 5.579227600E-09 3.585848653E-01
3.559010000E+00 9.999999758E-01 5.045218226E-09 3.483553011E-01
3.657000000E+00 9.999999766E-01 4.577563442E-09 3.390210555E-01
3.744080000E+00 9.999999775E-01 4.206510648E-09 3.311360868E-01
3.845920000E+00 9.999999784E-01 3.818658975E-09 3.223676000E-01
3.953060000E+00 9.999999793E-01 3.458656658E-09 3.136304534E-01
4.054570000E+00 9.999999802E-01 3.157341772E-09 3.057784179E-01
4.130300000E+00 9.999999808E-01 2.953114612E-09 3.001719003E-01
4.218440000E+00 9.999999815E-01 2.736639492E-09 2.939001147E-01
4.344550000E+00 9.999999825E-01 2.461289586E-09 2.853690256E-01
4.435050000E+00 9.999999832E-01 2.285443359E-09 2.795458901E-01
4.546490000E+00 9.999999839E-01 2.089822252E-09 2.726938803E-01
4.644440000E+00 9.999999845E-01 1.935761884E-09 2.669428392E-01
4.677350000E+00 9.999999847E-01 1.886524918E-09 2.650646199E-01
4.808740000E+00 9.999999855E-01 1.706421695E-09 2.578222154E-01
4.933160000E+00 9.999999862E-01 1.555883839E-09 2.513196410E-01
5.048070000E+00 9.999999868E-01 1.431051013E-09 2.455988130E-01
5.160310000E+00 9.999999873E-01 1.320251862E-09 2.402568838E-01
5.349890000E+00 9.999999882E-01 1.155836085E-09 2.317430826E-01
5.577300000E+00 9.999999891E-01 9.910255556E-10 2.222939415E-01
5.970590000E+00 9.999999905E-01 7.705631603E-10 2.076511702E-01
6.550080000E+00 9.999999921E-01 5.461107699E-10 1.892801309E-01
7.336790000E+00 9.999999937E-01 3.566788733E-10 1.689839835E-01
8.367160000E+00 9.999999951E-01 2.168547624E-10 1.481745299E-01
9.520060000E+00 9.999999962E-01 1.324292146E-10 1.302302717E-01
1.078700000E+01 9.999999971E-01 8.186825926E-11 1.149346436E-01
1.212790000E+01 9.999999977E-01 5.196641385E-11 1.022270962E-01
1.369000000E+01 9.999999982E-01 3.233449655E-11 9.056245435E-02
1.543790000E+01 9.999999986E-01 2.017867922E-11 8.030885030E-02
1.711440000E+01 9.999999988E-01 1.341451546E-11 7.244192025E-02
1.928910000E+01 9.999999991E-01 8.339228263E-12 6.427464216E-02
2.162720000E+01 9.999999993E-01 5.277761346E-12 5.732595990E-02
2.426990000E+01 9.999999994E-01 3.319731799E-12 5.108385284E-02
2.711240000E+01 9.999999995E-01 2.124198104E-12 4.572815391E-02
3.036860000E+01 9.999999996E-01 1.340815980E-12 4.082506273E-02
3.379190000E+01 9.999999997E-01 8.685805784E-13 3.668926577E-02
3.771350000E+01 9.999999998E-01 5.542797059E-13 3.287416973E-02
4.195850000E+01 9.999999998E-01 3.580299602E-13 2.954824410E-02
4.595200000E+01 9.999999998E-01 2.464762447E-13 2.698032730E-02
4.993950000E+01 9.999999999E-01 1.747683431E-13 2.482603951E-02
5.375550000E+01 9.999999999E-01 1.289378798E-13 2.306368651E-02
5.713010000E+01 9.999999999E-01 1.002822299E-13 2.170134483E-02
5.961110000E+01 9.999999999E-01 8.415930850E-14 2.079813994E-02
6.195610000E+01 9.999999999E-01 7.166406240E-14 2.001094323E-02
6.362930000E+01 9.999999999E-01 6.415030900E-14 1.948473423E-02
6.407920000E+01 9.999999999E-01 6.229184979E-14 1.934793193E-02
6.422660000E+01 9.999999999E-01 6.171052392E-14 1.930352844E-02
6.567040000E+01 9.999999999E-01 5.626305109E-14 1.887912971E-02
6.826640000E+01 9.999999999E-01 4.788379007E-14 1.816120375E-02
7.192420000E+01 9.999999999E-01 3.855989203E-14 1.723759180E-02
7.697500000E+01 9.999999999E-01 2.908108349E-14 1.610652809E-02
8.409410000E+01 1.000000000E+00 2.012263851E-14 1.474300813E-02
9.353240000E+01 1.000000000E+00 1.292251645E-14 1.325529977E-02
1.033020000E+02 1.000000000E+00 8.542294202E-15 1.200170374E-02
1.146920000E+02 1.000000000E+00 5.526269605E-15 1.080982109E-02
1.277020000E+02 1.000000000E+00 3.533105336E-15 9.708540195E-03
1.421310000E+02 1.000000000E+00 2.266706796E-15 8.722938697E-03
1.581540000E+02 1.000000000E+00 1.455713718E-15 7.839194709E-03
1.761820000E+02 1.000000000E+00 9.307637948E-16 7.037041241E-03
1.960180000E+02 1.000000000E+00 6.002820094E-16 6.324929343E-03
2.178340000E+02 1.000000000E+00 3.895844084E-16 5.691489850E-03
2.433820000E+02 1.000000000E+00 2.484158822E-16 5.094049683E-03
2.722700000E+02 1.000000000E+00 1.583341239E-16 4.553568149E-03
3.022130000E+02 1.000000000E+00 1.044779183E-16 4.102404595E-03
3.371420000E+02 1.000000000E+00 6.792350903E-17 3.677382231E-03
3.769210000E+02 1.000000000E+00 4.410089561E-17 3.289283431E-03
4.218780000E+02 1.000000000E+00 2.874407817E-17 2.938764287E-03
4.734070000E+02 1.000000000E+00 1.871188926E-17 2.618888187E-03
5.308840000E+02 1.000000000E+00 1.232792905E-17 2.335350095E-03
6.028850000E+02 1.000000000E+00 7.852249235E-18 2.056445259E-03
6.830810000E+02 1.000000000E+00 5.121464882E-18 1.815011690E-03
7.843370000E+02 1.000000000E+00 3.242503726E-18 1.580698093E-03
9.126670000E+02 1.000000000E+00 2.002284716E-18 1.358436319E-03
1.070170000E+03 1.000000000E+00 1.233592907E-18 1.158507527E-03
1.286620000E+03 1.000000000E+00 7.079111216E-19 9.636100791E-04
1.546860000E+03 1.000000000E+00 4.062363466E-19 8.014946408E-04
1.859730000E+03 1.000000000E+00 2.331210774E-19 6.666559124E-04
2.235890000E+03 1.000000000E+00 1.337773188E-19 5.544995505E-04
2.688130000E+03 1.000000000E+00 7.676873428E-20 4.612128134E-04
3.231850000E+03 1.000000000E+00 4.405389341E-20 3.836192893E-04
3.885540000E+03 1.000000000E+00 2.528037706E-20 3.190804882E-04
4.671440000E+03 1.000000000E+00 1.450734573E-20 2.653999623E-04
5.616310000E+03 1.000000000E+00 8.325045541E-21 2.207499230E-04
6.752290000E+03 1.000000000E+00 4.777380735E-21 1.836117821E-04
8.118030000E+03 1.000000000E+00 2.741519569E-21 1.527217810E-04
9.760020000E+03 1.000000000E+00 1.573231571E-21 1.270284282E-04
1.000000000E+04 0.000000000E+00 0.000000000E+00 1.239800000E-04
