# 11/08/2021 
# Data retrieved from www.chemicool.com/densities.html 
# Includes the real (n) and complex (k) part of the  refractive index. 
# Element, As  (Z = 33) 
# Nominal density, g cm-3 =  5.776 
#    E [keV]      n       k    Wavelength [nm] 
1.000000000E-03 -1.051438407E+03 3.993831940E-03 1.239800000E+03
1.125000000E-03 -6.268341473E+01 0.000000000E+00 1.102044444E+03
1.423830000E-03 -3.846980891E+01 0.000000000E+00 8.707500193E+02
1.601810000E-03 -3.003753389E+01 0.000000000E+00 7.739994132E+02
1.757810000E-03 -2.465597559E+01 0.000000000E+00 7.053094476E+02
1.802030000E-03 -2.337679955E+01 0.000000000E+00 6.880018646E+02
1.977540000E-03 -1.912727027E+01 0.000000000E+00 6.269405423E+02
2.000000000E-03 -1.866174736E+01 0.000000000E+00 6.199000000E+02
2.027290000E-03 -1.811571683E+01 0.000000000E+00 6.115553276E+02
2.101140000E-03 -1.674266680E+01 0.000000000E+00 5.900606338E+02
2.250000000E-03 -1.437462737E+01 0.000000000E+00 5.510222222E+02
2.280700000E-03 -1.394196866E+01 0.000000000E+00 5.436050335E+02
2.511510000E-03 -1.118531301E+01 0.000000000E+00 4.936472481E+02
2.565780000E-03 -1.064223082E+01 0.000000000E+00 4.832058867E+02
2.817640000E-03 -8.516054460E+00 0.000000000E+00 4.400136284E+02
3.038020000E-03 -7.071093056E+00 0.000000000E+00 4.080947459E+02
3.230850000E-03 -6.037071189E+00 0.000000000E+00 3.837380256E+02
3.403840000E-03 -5.254889096E+00 0.000000000E+00 3.642356868E+02
3.694850000E-03 -4.171260676E+00 0.000000000E+00 3.355481278E+02
3.916300000E-03 -3.499258196E+00 0.000000000E+00 3.165743176E+02
4.082390000E-03 -3.058795699E+00 0.000000000E+00 3.036946495E+02
4.206960000E-03 -2.762131761E+00 0.000000000E+00 2.947021127E+02
4.401460000E-03 -2.348760992E+00 0.000000000E+00 2.816792610E+02
4.487240000E-03 -2.177763472E+00 0.000000000E+00 2.762945597E+02
4.580660000E-03 -2.003402400E+00 0.000000000E+00 2.706596866E+02
4.591940000E-03 -1.983200645E+00 0.000000000E+00 2.699948170E+02
4.603210000E-03 -1.963022424E+00 0.000000000E+00 2.693337910E+02
4.614490000E-03 -1.943143050E+00 0.000000000E+00 2.686754116E+02
4.625760000E-03 -1.923285170E+00 0.000000000E+00 2.680208225E+02
4.637040000E-03 -1.903721662E+00 0.000000000E+00 2.673688387E+02
4.648310000E-03 -1.884177678E+00 0.000000000E+00 2.667205931E+02
4.659590000E-03 -1.864923687E+00 0.000000000E+00 2.660749122E+02
4.670860000E-03 -1.845687304E+00 0.000000000E+00 2.654329181E+02
4.682140000E-03 -1.826736633E+00 0.000000000E+00 2.647934491E+02
4.693410000E-03 -1.807801721E+00 0.000000000E+00 2.641576167E+02
4.704680000E-03 -1.789160184E+00 0.000000000E+00 2.635248306E+02
4.715960000E-03 -1.770652807E+00 0.000000000E+00 2.628945114E+02
4.727230000E-03 -1.752158526E+00 0.000000000E+00 2.622677551E+02
4.749780000E-03 -1.715590278E+00 0.000000000E+00 2.610226158E+02
4.761060000E-03 -1.697231287E+00 0.000000000E+00 2.604041957E+02
4.772330000E-03 -1.679026550E+00 0.000000000E+00 2.597892434E+02
4.783610000E-03 -1.661091969E+00 0.000000000E+00 2.591766469E+02
4.794880000E-03 -1.642750490E+00 0.000000000E+00 2.585674720E+02
4.806160000E-03 -1.624263545E+00 0.000000000E+00 2.579606172E+02
4.827540000E-03 -1.589672001E+00 0.000000000E+00 2.568181724E+02
4.859620000E-03 -1.538789150E+00 0.000000000E+00 2.551228285E+02
4.875660000E-03 -1.513765001E+00 0.000000000E+00 2.542835226E+02
4.883680000E-03 -1.501221378E+00 0.000000000E+00 2.538659372E+02
4.891700000E-03 -1.488880187E+00 0.000000000E+00 2.534497210E+02
4.903740000E-03 -1.470550978E+00 0.000000000E+00 2.528274338E+02
4.915780000E-03 -1.452238812E+00 0.000000000E+00 2.522081948E+02
4.927820000E-03 -1.434075899E+00 0.000000000E+00 2.515919818E+02
4.939860000E-03 -1.416060712E+00 0.000000000E+00 2.509787727E+02
4.951900000E-03 -1.398322259E+00 0.000000000E+00 2.503685454E+02
4.963940000E-03 -1.380597380E+00 0.000000000E+00 2.497612783E+02
4.969960000E-03 -1.371853543E+00 0.000000000E+00 2.494587482E+02
4.975980000E-03 -1.363015763E+00 0.000000000E+00 2.491569500E+02
4.982000000E-03 -1.354342696E+00 0.000000000E+00 2.488558812E+02
4.988020000E-03 -1.345575952E+00 0.000000000E+00 2.485555391E+02
4.997050000E-03 -1.332620335E+00 0.000000000E+00 2.481063828E+02
5.000060000E-03 -1.328404532E+00 0.000000000E+00 2.479570245E+02
5.010590000E-03 -1.313401574E+00 0.000000000E+00 2.474359307E+02
5.013610000E-03 -1.309087478E+00 0.000000000E+00 2.472868851E+02
5.016240000E-03 -1.305394875E+00 0.000000000E+00 2.471572333E+02
5.020190000E-03 -1.299863517E+00 0.000000000E+00 2.469627644E+02
5.022160000E-03 -1.297044419E+00 0.000000000E+00 2.468658904E+02
5.023150000E-03 -1.295631692E+00 0.000000000E+00 2.468172362E+02
5.024890000E-03 -1.293154826E+00 0.000000000E+00 2.467317693E+02
5.027710000E-03 -1.289190365E+00 0.000000000E+00 2.465933795E+02
5.039190000E-03 -1.273226352E+00 0.000000000E+00 2.460316043E+02
5.048220000E-03 -1.260705588E+00 0.000000000E+00 2.455915154E+02
5.054240000E-03 -1.252316506E+00 0.000000000E+00 2.452989965E+02
5.060260000E-03 -1.244085912E+00 0.000000000E+00 2.450071735E+02
5.066280000E-03 -1.235888055E+00 0.000000000E+00 2.447160441E+02
5.072300000E-03 -1.227598372E+00 0.000000000E+00 2.444256057E+02
5.084340000E-03 -1.211365463E+00 0.000000000E+00 2.438467923E+02
5.096380000E-03 -1.195137680E+00 0.000000000E+00 2.432707137E+02
5.108420000E-03 -1.179038137E+00 0.000000000E+00 2.426973506E+02
5.126480000E-03 -1.155187395E+00 0.000000000E+00 2.418423558E+02
5.132500000E-03 -1.146732725E+00 0.000000000E+00 2.415586946E+02
5.135780000E-03 -1.142171420E+00 0.000000000E+00 2.414044215E+02
5.142270000E-03 -1.133136537E+00 0.000000000E+00 2.410997478E+02
5.148660000E-03 -1.124343619E+00 0.000000000E+00 2.408005190E+02
5.161250000E-03 -1.107023758E+00 0.000000000E+00 2.402131267E+02
5.173440000E-03 -1.090409458E+00 0.000000000E+00 2.396471207E+02
5.185250000E-03 -1.074469972E+00 0.000000000E+00 2.391012969E+02
5.196690000E-03 -1.059065292E+00 0.000000000E+00 2.385749390E+02
5.207780000E-03 -1.044286538E+00 0.000000000E+00 2.380668922E+02
5.227550000E-03 -1.018195425E+00 0.000000000E+00 2.371665503E+02
5.230080000E-03 -1.014839263E+00 0.000000000E+00 2.370518233E+02
5.235100000E-03 -1.008291036E+00 0.000000000E+00 2.368245115E+02
5.264140000E-03 -9.707178539E-01 0.000000000E+00 2.355180523E+02
5.282090000E-03 -9.479400674E-01 0.000000000E+00 2.347176970E+02
5.315760000E-03 -9.057857570E-01 0.000000000E+00 2.332309961E+02
5.433580000E-03 -7.645182495E-01 0.000000000E+00 2.281736903E+02
5.463040000E-03 -7.291312147E-01 0.000000000E+00 2.269432404E+02
5.507220000E-03 -6.762789439E-01 0.000000000E+00 2.251226572E+02
5.529320000E-03 -6.504485673E-01 0.000000000E+00 2.242228701E+02
5.540360000E-03 -6.376215511E-01 0.000000000E+00 2.237760723E+02
5.551410000E-03 -6.248775607E-01 0.000000000E+00 2.233306493E+02
5.578740000E-03 -5.937761959E-01 0.000000000E+00 2.222365624E+02
5.592400000E-03 -5.784269398E-01 0.000000000E+00 2.216937272E+02
5.606070000E-03 -5.632026022E-01 0.000000000E+00 2.211531429E+02
5.619730000E-03 -5.481130485E-01 0.000000000E+00 2.206155812E+02
5.630640000E-03 -5.361634945E-01 0.000000000E+00 2.201881136E+02
5.641540000E-03 -5.243001113E-01 0.000000000E+00 2.197626889E+02
5.651130000E-03 -5.139195824E-01 0.000000000E+00 2.193897504E+02
5.660720000E-03 -5.036005866E-01 0.000000000E+00 2.190180754E+02
5.674390000E-03 -4.890091711E-01 0.000000000E+00 2.184904457E+02
5.688050000E-03 -4.742489020E-01 0.000000000E+00 2.179657352E+02
5.701710000E-03 -4.591205721E-01 0.000000000E+00 2.174435389E+02
5.703420000E-03 -4.572618500E-01 0.000000000E+00 2.173783449E+02
5.706410000E-03 -4.539659471E-01 0.000000000E+00 2.172644447E+02
5.715380000E-03 -4.440168236E-01 0.000000000E+00 2.169234592E+02
5.717730000E-03 -4.414594973E-01 0.000000000E+00 2.168343031E+02
5.720210000E-03 -4.387426711E-01 0.000000000E+00 2.167402945E+02
5.722380000E-03 -4.363810839E-01 0.000000000E+00 2.166581038E+02
5.726170000E-03 -4.322352716E-01 0.000000000E+00 2.165147035E+02
5.731870000E-03 -4.260759936E-01 0.000000000E+00 2.162993927E+02
5.737560000E-03 -4.199433015E-01 0.000000000E+00 2.160848863E+02
5.742270000E-03 -4.148000411E-01 0.000000000E+00 2.159076463E+02
5.749320000E-03 -4.072657395E-01 0.000000000E+00 2.156428934E+02
5.752840000E-03 -4.034165731E-01 0.000000000E+00 2.155109476E+02
5.756370000E-03 -3.995709048E-01 0.000000000E+00 2.153787891E+02
5.763200000E-03 -3.921121143E-01 0.000000000E+00 2.151235425E+02
5.766620000E-03 -3.883439632E-01 0.000000000E+00 2.149959595E+02
5.770030000E-03 -3.846846972E-01 0.000000000E+00 2.148689002E+02
5.781990000E-03 -3.716863684E-01 0.000000000E+00 2.144244456E+02
5.783700000E-03 -3.698229282E-01 0.000000000E+00 2.143610492E+02
5.797790000E-03 -3.546990205E-01 0.000000000E+00 2.138401011E+02
5.799000000E-03 -3.534675293E-01 0.000000000E+00 2.137954820E+02
5.817860000E-03 -3.334541886E-01 0.000000000E+00 2.131024122E+02
5.821270000E-03 -3.298145821E-01 0.000000000E+00 2.129775805E+02
5.824690000E-03 -3.262723644E-01 0.000000000E+00 2.128525295E+02
5.829140000E-03 -3.216107871E-01 0.000000000E+00 2.126900366E+02
5.833580000E-03 -3.169664007E-01 0.000000000E+00 2.125281560E+02
5.847300000E-03 -3.026495382E-01 0.000000000E+00 2.120294837E+02
5.862430000E-03 -2.870874302E-01 0.000000000E+00 2.114822693E+02
5.891290000E-03 -2.576326545E-01 0.000000000E+00 2.104462690E+02
5.905720000E-03 -2.431437422E-01 0.000000000E+00 2.099320659E+02
5.920150000E-03 -2.277764738E-01 0.000000000E+00 2.094203694E+02
5.934580000E-03 -2.120894136E-01 0.000000000E+00 2.089111614E+02
5.977870000E-03 -1.659374622E-01 0.000000000E+00 2.073982873E+02
5.992300000E-03 -1.507916643E-01 0.000000000E+00 2.068988535E+02
6.006730000E-03 -1.357777736E-01 0.000000000E+00 2.064018193E+02
6.021160000E-03 -1.205412962E-01 0.000000000E+00 2.059071674E+02
6.035590000E-03 -1.054373704E-01 0.000000000E+00 2.054148807E+02
6.078880000E-03 -6.082063568E-02 0.000000000E+00 2.039520438E+02
6.093310000E-03 -4.623375311E-02 0.000000000E+00 2.034690505E+02
6.107740000E-03 -3.177271551E-02 0.000000000E+00 2.029883394E+02
6.111880000E-03 -2.763367894E-02 0.000000000E+00 2.028508413E+02
6.141970000E-03 2.093812214E-03 0.000000000E+00 2.018570589E+02
6.157010000E-03 1.675671340E-02 0.000000000E+00 2.013639737E+02
6.172060000E-03 3.129185641E-02 0.000000000E+00 2.008729662E+02
6.187100000E-03 4.569429665E-02 0.000000000E+00 2.003846713E+02
6.202150000E-03 5.997162856E-02 0.000000000E+00 1.998984223E+02
6.217190000E-03 7.411908846E-02 0.000000000E+00 1.994148482E+02
6.232230000E-03 8.822349880E-02 0.000000000E+00 1.989336080E+02
6.247740000E-03 1.032399798E-01 0.000000000E+00 1.984397558E+02
6.263120000E-03 1.180008825E-01 0.000000000E+00 1.979524582E+02
6.278500000E-03 1.326280898E-01 0.000000000E+00 1.974675480E+02
6.293870000E-03 1.471203209E-01 0.000000000E+00 1.969853206E+02
6.309250000E-03 1.618864689E-01 0.000000000E+00 1.965051314E+02
6.324630000E-03 1.783595181E-01 0.000000000E+00 1.960272775E+02
6.340010000E-03 1.946031562E-01 0.000000000E+00 1.955517420E+02
6.355390000E-03 2.106993693E-01 0.000000000E+00 1.950785082E+02
6.363070000E-03 2.187692745E-01 0.000000000E+00 1.948430553E+02
6.370760000E-03 2.267261533E-01 0.000000000E+00 1.946078647E+02
6.378450000E-03 2.346469551E-01 0.000000000E+00 1.943732411E+02
6.386140000E-03 2.425318693E-01 0.000000000E+00 1.941391827E+02
6.401520000E-03 2.582729002E-01 0.000000000E+00 1.936727527E+02
6.403440000E-03 2.602006637E-01 0.000000000E+00 1.936146821E+02
6.406810000E-03 2.636297898E-01 0.000000000E+00 1.935128402E+02
6.411850000E-03 2.687573115E-01 0.000000000E+00 1.933607305E+02
6.415640000E-03 2.725758064E-01 0.000000000E+00 1.932465039E+02
6.417020000E-03 2.738990593E-01 0.000000000E+00 1.932049456E+02
6.417490000E-03 2.743939756E-01 0.000000000E+00 1.931907958E+02
6.417720000E-03 2.746791056E-01 0.000000000E+00 1.931838722E+02
6.419260000E-03 2.761921291E-01 0.000000000E+00 1.931375268E+02
6.420890000E-03 2.778016638E-01 0.000000000E+00 1.930884971E+02
6.423740000E-03 2.806916457E-01 0.000000000E+00 1.930028301E+02
6.434650000E-03 2.916316574E-01 0.000000000E+00 1.926755923E+02
6.439110000E-03 2.960090571E-01 0.000000000E+00 1.925421370E+02
6.446920000E-03 3.037970978E-01 0.000000000E+00 1.923088855E+02
6.452770000E-03 3.095939286E-01 0.000000000E+00 1.921345407E+02
6.461550000E-03 3.182147069E-01 0.000000000E+00 1.918734669E+02
6.465950000E-03 3.225105936E-01 0.000000000E+00 1.917428993E+02
6.470340000E-03 3.267933481E-01 0.000000000E+00 1.916128055E+02
6.478410000E-03 3.346464199E-01 0.000000000E+00 1.913741180E+02
6.486140000E-03 3.421653517E-01 0.000000000E+00 1.911460437E+02
6.493790000E-03 3.495584681E-01 0.000000000E+00 1.909208644E+02
6.501950000E-03 3.573980452E-01 0.000000000E+00 1.906812572E+02
6.509170000E-03 3.642616348E-01 0.000000000E+00 1.904697527E+02
6.511090000E-03 3.660709140E-01 0.000000000E+00 1.904135867E+02
6.514450000E-03 3.692888501E-01 0.000000000E+00 1.903153758E+02
6.526100000E-03 3.803309517E-01 0.000000000E+00 1.899756363E+02
6.529010000E-03 3.830605503E-01 0.000000000E+00 1.898909636E+02
6.531550000E-03 3.854908749E-01 0.000000000E+00 1.898171184E+02
6.533780000E-03 3.875596387E-01 0.000000000E+00 1.897523333E+02
6.537680000E-03 3.912105063E-01 0.000000000E+00 1.896391380E+02
6.540610000E-03 3.940002668E-01 0.000000000E+00 1.895541853E+02
6.542800000E-03 3.960507018E-01 0.000000000E+00 1.894907379E+02
6.546090000E-03 3.991223833E-01 0.000000000E+00 1.893955017E+02
6.547740000E-03 4.006196123E-01 0.000000000E+00 1.893477750E+02
6.550860000E-03 4.035770011E-01 0.000000000E+00 1.892575937E+02
6.553080000E-03 4.056207026E-01 0.000000000E+00 1.891934785E+02
6.555300000E-03 4.076617732E-01 0.000000000E+00 1.891294067E+02
6.556540000E-03 4.088536745E-01 0.000000000E+00 1.890936378E+02
6.558700000E-03 4.108054348E-01 0.000000000E+00 1.890313629E+02
6.561950000E-03 4.138417783E-01 0.000000000E+00 1.889377395E+02
6.563570000E-03 4.153197664E-01 0.000000000E+00 1.888911065E+02
6.565190000E-03 4.168706230E-01 0.000000000E+00 1.888444965E+02
6.577050000E-03 4.277763506E-01 0.000000000E+00 1.885039645E+02
6.581000000E-03 4.313451273E-01 0.000000000E+00 1.883908221E+02
6.596810000E-03 4.457612833E-01 0.000000000E+00 1.879393222E+02
6.612620000E-03 4.613637318E-01 0.000000000E+00 1.874899813E+02
6.621420000E-03 4.705324760E-01 0.000000000E+00 1.872408033E+02
6.629410000E-03 4.794544862E-01 0.000000000E+00 1.870151341E+02
6.639490000E-03 4.905448503E-01 0.000000000E+00 1.867312098E+02
6.649770000E-03 5.018899070E-01 0.000000000E+00 1.864425386E+02
6.660050000E-03 5.130952438E-01 0.000000000E+00 1.861547586E+02
6.675860000E-03 5.301924186E-01 0.000000000E+00 1.857139005E+02
6.691660000E-03 5.472037638E-01 0.000000000E+00 1.852754025E+02
6.707470000E-03 5.639903857E-01 0.000000000E+00 1.848386948E+02
6.723280000E-03 5.806243042E-01 0.000000000E+00 1.844040409E+02
6.738580000E-03 5.966232239E-01 0.000000000E+00 1.839853500E+02
6.739090000E-03 5.971775844E-01 0.000000000E+00 1.839714264E+02
6.745790000E-03 6.040963220E-01 0.000000000E+00 1.837887038E+02
6.752500000E-03 6.110597523E-01 0.000000000E+00 1.836060718E+02
6.771380000E-03 6.303969780E-01 0.000000000E+00 1.830941403E+02
6.771680000E-03 6.307089098E-01 0.000000000E+00 1.830860289E+02
6.787440000E-03 6.467331608E-01 0.000000000E+00 1.826609149E+02
6.792690000E-03 6.520652070E-01 0.000000000E+00 1.825197381E+02
6.794500000E-03 6.538451013E-01 0.000000000E+00 1.824711163E+02
6.795810000E-03 6.551566644E-01 0.000000000E+00 1.824359421E+02
6.805020000E-03 6.644522397E-01 0.000000000E+00 1.821890310E+02
6.821690000E-03 6.810146725E-01 0.000000000E+00 1.817438201E+02
6.826130000E-03 6.854133489E-01 0.000000000E+00 1.816256063E+02
6.842840000E-03 7.043776512E-01 0.000000000E+00 1.811820823E+02
6.859560000E-03 7.234340065E-01 0.000000000E+00 1.807404557E+02
6.867920000E-03 7.328600246E-01 0.000000000E+00 1.805204487E+02
6.876280000E-03 7.423087373E-01 0.000000000E+00 1.803009767E+02
6.884640000E-03 7.516448469E-01 0.000000000E+00 1.800820377E+02
6.897180000E-03 7.655992762E-01 0.000000000E+00 1.797546244E+02
6.903450000E-03 7.725391010E-01 0.000000000E+00 1.795913637E+02
6.909720000E-03 7.794541338E-01 0.000000000E+00 1.794283994E+02
6.918080000E-03 7.888809881E-01 0.000000000E+00 1.792115732E+02
6.922260000E-03 7.937445661E-01 0.000000000E+00 1.791033564E+02
6.926440000E-03 7.985965609E-01 0.000000000E+00 1.789952703E+02
6.934800000E-03 8.082659263E-01 0.000000000E+00 1.787794890E+02
6.938980000E-03 8.130833593E-01 0.000000000E+00 1.786717933E+02
6.942120000E-03 8.167057795E-01 0.000000000E+00 1.785909780E+02
6.944210000E-03 8.191390795E-01 0.000000000E+00 1.785372274E+02
6.947880000E-03 8.233744510E-01 0.000000000E+00 1.784429207E+02
6.953880000E-03 8.302315797E-01 0.000000000E+00 1.782889552E+02
6.958380000E-03 8.353425574E-01 0.000000000E+00 1.781736554E+02
6.961970000E-03 8.394742950E-01 0.000000000E+00 1.780817786E+02
6.976600000E-03 8.559940655E-01 0.000000000E+00 1.777083393E+02
6.980780000E-03 8.607638903E-01 0.000000000E+00 1.776019299E+02
6.995130000E-03 8.768363185E-01 0.000000000E+00 1.772375924E+02
6.999160000E-03 8.820087437E-01 0.000000000E+00 1.771355420E+02
7.009390000E-03 8.951859465E-01 0.000000000E+00 1.768770178E+02
7.024720000E-03 9.147112718E-01 0.000000000E+00 1.764910203E+02
7.032390000E-03 9.244753220E-01 0.000000000E+00 1.762985272E+02
7.040060000E-03 9.341324708E-01 0.000000000E+00 1.761064536E+02
7.043480000E-03 9.383897853E-01 0.000000000E+00 1.760209442E+02
7.060200000E-03 9.592920556E-01 0.000000000E+00 1.756040905E+02
7.076920000E-03 9.800616166E-01 0.000000000E+00 1.751892066E+02
7.082710000E-03 9.871760723E-01 0.000000000E+00 1.750459923E+02
7.093630000E-03 1.000572439E+00 0.000000000E+00 1.747765249E+02
7.107390000E-03 1.017296820E+00 0.000000000E+00 1.744381552E+02
7.117570000E-03 1.029566933E+00 0.000000000E+00 1.741886627E+02
7.122920000E-03 1.036650839E+00 0.000000000E+00 1.740578302E+02
7.127070000E-03 1.042846050E+00 0.000000000E+00 1.739564786E+02
7.135010000E-03 1.054570065E+00 0.000000000E+00 1.737628959E+02
7.139370000E-03 1.061347759E+00 0.000000000E+00 1.736567792E+02
7.152440000E-03 1.081519197E+00 0.000000000E+00 1.733394478E+02
7.156800000E-03 1.088230930E+00 0.000000000E+00 1.732338475E+02
7.169870000E-03 1.108205947E+00 0.000000000E+00 1.729180585E+02
7.178180000E-03 1.120813326E+00 0.000000000E+00 1.727178756E+02
7.184410000E-03 1.130277002E+00 0.000000000E+00 1.725681023E+02
7.193760000E-03 1.144348703E+00 0.000000000E+00 1.723438091E+02
7.203100000E-03 1.158347388E+00 0.000000000E+00 1.721203371E+02
7.212640000E-03 1.172571183E+00 0.000000000E+00 1.718926773E+02
7.217410000E-03 1.179654681E+00 0.000000000E+00 1.717790731E+02
7.222170000E-03 1.186719838E+00 0.000000000E+00 1.716658567E+02
7.230890000E-03 1.199614098E+00 0.000000000E+00 1.714588384E+02
7.237430000E-03 1.209213125E+00 0.000000000E+00 1.713039021E+02
7.242740000E-03 1.216960106E+00 0.000000000E+00 1.711783110E+02
7.244530000E-03 1.219597106E+00 0.000000000E+00 1.711360157E+02
7.253910000E-03 1.233262521E+00 0.000000000E+00 1.709147205E+02
7.257040000E-03 1.237801580E+00 0.000000000E+00 1.708410040E+02
7.274470000E-03 1.262972747E+00 0.000000000E+00 1.704316603E+02
7.279870000E-03 1.270735629E+00 0.000000000E+00 1.703052390E+02
7.296040000E-03 1.293827100E+00 0.000000000E+00 1.699277964E+02
7.306920000E-03 1.309737421E+00 0.000000000E+00 1.696747740E+02
7.323240000E-03 1.339570265E+00 0.000000000E+00 1.692966501E+02
7.331400000E-03 1.354773025E+00 0.000000000E+00 1.691082194E+02
7.339550000E-03 1.369967795E+00 0.000000000E+00 1.689204379E+02
7.353320000E-03 1.395397075E+00 0.000000000E+00 1.686041135E+02
7.361640000E-03 1.410685583E+00 0.000000000E+00 1.684135600E+02
7.379070000E-03 1.442486752E+00 0.000000000E+00 1.680157527E+02
7.396970000E-03 1.474859635E+00 0.000000000E+00 1.676091697E+02
7.403390000E-03 1.486357400E+00 0.000000000E+00 1.674638240E+02
7.406030000E-03 1.492312698E+00 0.000000000E+00 1.674041288E+02
7.433200000E-03 1.554118516E+00 0.000000000E+00 1.667922295E+02
7.442260000E-03 1.575306304E+00 0.000000000E+00 1.665891812E+02
7.451320000E-03 1.596389470E+00 0.000000000E+00 1.663866268E+02
7.464910000E-03 1.627819303E+00 0.000000000E+00 1.660837170E+02
7.488690000E-03 1.682221603E+00 0.000000000E+00 1.655563256E+02
7.513080000E-03 1.743288578E+00 3.446304073E-06 1.650188738E+02
7.527520000E-03 1.783140998E+00 1.049391992E-05 1.647023190E+02
7.543610000E-03 1.829859712E+00 3.386215700E-05 1.643510203E+02
7.552820000E-03 1.857853521E+00 6.414881632E-05 1.641506086E+02
7.576770000E-03 1.935675610E+00 3.040078798E-04 1.636317323E+02
7.596410000E-03 2.006384875E+00 9.744767342E-04 1.632086736E+02
7.616320000E-03 2.087532426E+00 2.872137220E-03 1.627820260E+02
7.616980000E-03 2.090488334E+00 2.973853480E-03 1.627679211E+02
7.630900000E-03 2.155437421E+00 5.956971895E-03 1.624710060E+02
7.638450000E-03 2.193198329E+00 8.514758065E-03 1.623104164E+02
7.640450000E-03 2.203593748E+00 9.339817311E-03 1.622679292E+02
7.642430000E-03 2.213929682E+00 1.022417795E-02 1.622258889E+02
7.646320000E-03 2.234755785E+00 1.218015746E-02 1.621433579E+02
7.652740000E-03 2.270393428E+00 1.614513420E-02 1.620073333E+02
7.660410000E-03 2.315028352E+00 2.228959694E-02 1.618451232E+02
7.669510000E-03 2.371163447E+00 3.212799189E-02 1.616530913E+02
7.678050000E-03 2.427019906E+00 4.451580047E-02 1.614732907E+02
7.686080000E-03 2.482171528E+00 5.956803922E-02 1.613045922E+02
7.691770000E-03 2.522824105E+00 7.261625965E-02 1.611852669E+02
7.697210000E-03 2.562700172E+00 8.713749698E-02 1.610713492E+02
7.702390000E-03 2.601599241E+00 1.030708522E-01 1.609630258E+02
7.704900000E-03 2.621096598E+00 1.115402229E-01 1.609105894E+02
7.707350000E-03 2.640432130E+00 1.203516957E-01 1.608594394E+02
7.710530000E-03 2.665565560E+00 1.325906251E-01 1.607930972E+02
7.716600000E-03 2.714115501E+00 1.585542057E-01 1.606666148E+02
7.736250000E-03 2.871035591E+00 2.684172428E-01 1.602585232E+02
7.747060000E-03 2.953541175E+00 3.469307386E-01 1.600349036E+02
7.756300000E-03 3.019060778E+00 4.243389898E-01 1.598442556E+02
7.761180000E-03 3.051324967E+00 4.689100295E-01 1.597437503E+02
7.767090000E-03 3.087357307E+00 5.261418983E-01 1.596222008E+02
7.772290000E-03 3.116301219E+00 5.791536123E-01 1.595154067E+02
7.776850000E-03 3.139486137E+00 6.276580988E-01 1.594218739E+02
7.782180000E-03 3.162187338E+00 6.867589797E-01 1.593126862E+02
7.784620000E-03 3.172556832E+00 7.137337194E-01 1.592627514E+02
7.793350000E-03 3.200416284E+00 8.146288137E-01 1.590843476E+02
7.810450000E-03 3.209207064E+00 1.019274037E+00 1.587360523E+02
7.824000000E-03 3.216671644E+00 1.180027219E+00 1.584611452E+02
7.837560000E-03 3.183425479E+00 1.332751325E+00 1.581869868E+02
7.845320000E-03 3.154564296E+00 1.414324768E+00 1.580305201E+02
7.855730000E-03 3.106538305E+00 1.514935967E+00 1.578211064E+02
7.865860000E-03 3.051404740E+00 1.601649627E+00 1.576178574E+02
7.891320000E-03 2.896389052E+00 1.772212522E+00 1.571093303E+02
7.903930000E-03 2.817440307E+00 1.830519729E+00 1.568586766E+02
7.918630000E-03 2.730920909E+00 1.880442014E+00 1.565674871E+02
7.926360000E-03 2.688270159E+00 1.900672997E+00 1.564147982E+02
7.939530000E-03 2.622913811E+00 1.925841814E+00 1.561553392E+02
7.940540000E-03 2.618389401E+00 1.927179296E+00 1.561354769E+02
7.950030000E-03 2.576700500E+00 1.940147791E+00 1.559490970E+02
7.964470000E-03 2.526738763E+00 1.952599934E+00 1.556663532E+02
7.970010000E-03 2.508695169E+00 1.958079044E+00 1.555581486E+02
7.980160000E-03 2.484606013E+00 1.964228239E+00 1.553602935E+02
7.992440000E-03 2.458252590E+00 1.974610788E+00 1.551215899E+02
8.005460000E-03 2.445522621E+00 1.985592245E+00 1.548693017E+02
8.019790000E-03 2.434340227E+00 2.004438714E+00 1.545925766E+02
8.035260000E-03 2.423915086E+00 2.034327284E+00 1.542949450E+02
8.045700000E-03 2.427836247E+00 2.059008197E+00 1.540947338E+02
8.054560000E-03 2.429975405E+00 2.084125266E+00 1.539252299E+02
8.058590000E-03 2.430516898E+00 2.096787067E+00 1.538482539E+02
8.062170000E-03 2.430428505E+00 2.108860311E+00 1.537799377E+02
8.064170000E-03 2.430408091E+00 2.115610183E+00 1.537417986E+02
8.069240000E-03 2.429594250E+00 2.133965817E+00 1.536452008E+02
8.075390000E-03 2.427221281E+00 2.157715144E+00 1.535281887E+02
8.080790000E-03 2.423942054E+00 2.179863543E+00 1.534255933E+02
8.085540000E-03 2.420017527E+00 2.200219394E+00 1.533354606E+02
8.093610000E-03 2.410493585E+00 2.236528152E+00 1.531825724E+02
8.096260000E-03 2.406152545E+00 2.249038435E+00 1.531324340E+02
8.102680000E-03 2.395637806E+00 2.279293130E+00 1.530111025E+02
8.128120000E-03 2.323985841E+00 2.403700412E+00 1.525321969E+02
8.129930000E-03 2.318893052E+00 2.412542395E+00 1.524982380E+02
8.132160000E-03 2.314104529E+00 2.423333033E+00 1.524564199E+02
8.143570000E-03 2.275628695E+00 2.476766890E+00 1.522428124E+02
8.154280000E-03 2.233147015E+00 2.523640973E+00 1.520428536E+02
8.159970000E-03 2.207826966E+00 2.546410526E+00 1.519368331E+02
8.164330000E-03 2.188435377E+00 2.563838897E+00 1.518556942E+02
8.173760000E-03 2.143011494E+00 2.597663684E+00 1.516804995E+02
8.182930000E-03 2.096333954E+00 2.626546001E+00 1.515105225E+02
8.202430000E-03 1.993084365E+00 2.674843910E+00 1.511503298E+02
8.279000000E-03 1.634581803E+00 2.725082907E+00 1.497523856E+02
8.307440000E-03 1.526409380E+00 2.714256919E+00 1.492397177E+02
8.323640000E-03 1.476827396E+00 2.704999966E+00 1.489492578E+02
8.354180000E-03 1.384474495E+00 2.687684916E+00 1.484047507E+02
8.397790000E-03 1.273115335E+00 2.659851999E+00 1.476340799E+02
8.418120000E-03 1.222930171E+00 2.646907365E+00 1.472775394E+02
8.514030000E-03 1.037352866E+00 2.584800685E+00 1.456184674E+02
8.536820000E-03 9.987264099E-01 2.570306819E+00 1.452297225E+02
8.585460000E-03 9.177612011E-01 2.539767712E+00 1.444069392E+02
8.609940000E-03 8.813574696E-01 2.524391830E+00 1.439963577E+02
8.714100000E-03 7.455092792E-01 2.458811117E+00 1.422751632E+02
8.907050000E-03 5.444594820E-01 2.341378215E+00 1.391931111E+02
9.052530000E-03 4.265457507E-01 2.256007213E+00 1.369561879E+02
9.100000000E-03 3.919312566E-01 2.228890994E+00 1.362417582E+02
9.145090000E-03 3.617101133E-01 2.202951596E+00 1.355700163E+02
9.225710000E-03 3.100572496E-01 2.157413528E+00 1.343853210E+02
9.236320000E-03 3.039129852E-01 2.151356827E+00 1.342309491E+02
9.268920000E-03 2.852939502E-01 2.132886256E+00 1.337588414E+02
9.304750000E-03 2.657979119E-01 2.112691369E+00 1.332437733E+02
9.356080000E-03 2.385856118E-01 2.084147485E+00 1.325127618E+02
9.394570000E-03 2.191373518E-01 2.062956218E+00 1.319698507E+02
9.429750000E-03 2.020610450E-01 2.043744499E+00 1.314775047E+02
9.439780000E-03 1.975780782E-01 2.038250812E+00 1.313378066E+02
9.457350000E-03 1.897859235E-01 2.028676998E+00 1.310938053E+02
9.483700000E-03 1.781974793E-01 2.014423234E+00 1.307295676E+02
9.513760000E-03 1.651717602E-01 1.998319047E+00 1.303165100E+02
9.533450000E-03 1.571718686E-01 1.987741867E+00 1.300473596E+02
9.556860000E-03 1.477695557E-01 1.975254309E+00 1.297288021E+02
9.580270000E-03 1.384690952E-01 1.962868410E+00 1.294118015E+02
9.603670000E-03 1.293022233E-01 1.950576782E+00 1.290964808E+02
9.627080000E-03 1.205471737E-01 1.938322041E+00 1.287825592E+02
9.667230000E-03 1.057136777E-01 1.917522068E+00 1.282476987E+02
9.697300000E-03 9.573136327E-02 1.901891124E+00 1.278500201E+02
9.720710000E-03 8.812508584E-02 1.889818590E+00 1.275421240E+02
9.751890000E-03 7.812916032E-02 1.873879506E+00 1.271343299E+02
9.767530000E-03 7.326257549E-02 1.865930871E+00 1.269307594E+02
9.790940000E-03 6.603690784E-02 1.854107377E+00 1.266272697E+02
9.813530000E-03 5.916539486E-02 1.842769638E+00 1.263357834E+02
9.821070000E-03 5.692623425E-02 1.839002139E+00 1.262387907E+02
9.833150000E-03 5.368100367E-02 1.832960546E+00 1.260837066E+02
9.869410000E-03 4.415986731E-02 1.814965936E+00 1.256204778E+02
9.893590000E-03 3.797070857E-02 1.803064320E+00 1.253134605E+02
9.917760000E-03 3.191632167E-02 1.791241143E+00 1.250080663E+02
9.941930000E-03 2.596449114E-02 1.779508249E+00 1.247041570E+02
9.951000000E-03 2.373142603E-02 1.775131323E+00 1.245904934E+02
9.964600000E-03 2.043133878E-02 1.768590427E+00 1.244204484E+02
9.978200000E-03 1.715285868E-02 1.762078572E+00 1.242508669E+02
9.996330000E-03 1.280358587E-02 1.753444293E+00 1.240255174E+02
1.000540000E-02 1.069213238E-02 1.749128537E+00 1.239130869E+02
1.001450000E-02 8.627795165E-03 1.744802315E+00 1.238004893E+02
1.003260000E-02 4.538407801E-03 1.736222892E+00 1.235771385E+02
1.003560000E-02 3.862325316E-03 1.734803664E+00 1.235401969E+02
1.004160000E-02 2.481376035E-03 1.731969365E+00 1.234663799E+02
1.005350000E-02 -1.617435032E-04 1.726373850E+00 1.233202367E+02
1.005410000E-02 -2.956689843E-04 1.726094983E+00 1.233128773E+02
1.005630000E-02 -7.758462381E-04 1.725067664E+00 1.232859004E+02
1.005950000E-02 -1.499240537E-03 1.723562323E+00 1.232466822E+02
1.006120000E-02 -1.824794750E-03 1.722774416E+00 1.232258578E+02
1.006430000E-02 -2.534833501E-03 1.721321470E+00 1.231879018E+02
1.008700000E-02 -7.527291803E-03 1.710748628E+00 1.229106771E+02
1.009300000E-02 -8.843223262E-03 1.707961209E+00 1.228376102E+02
1.011110000E-02 -1.277931053E-02 1.699597771E+00 1.226177172E+02
1.012320000E-02 -1.538787817E-02 1.694038132E+00 1.224711554E+02
1.013530000E-02 -1.798110860E-02 1.688500181E+00 1.223249435E+02
1.014740000E-02 -2.052800938E-02 1.682983813E+00 1.221790804E+02
1.017160000E-02 -2.563871966E-02 1.672012296E+00 1.218883951E+02
1.018370000E-02 -2.817154742E-02 1.666560039E+00 1.217435706E+02
1.020940000E-02 -3.344170108E-02 1.655023599E+00 1.214371070E+02
1.023200000E-02 -3.695211687E-02 1.644522906E+00 1.211688819E+02
1.025620000E-02 -4.067509228E-02 1.633369725E+00 1.208829781E+02
1.030450000E-02 -4.794211034E-02 1.611359820E+00 1.203163666E+02
1.032050000E-02 -5.031441965E-02 1.604143885E+00 1.201298387E+02
1.035240000E-02 -5.496074266E-02 1.589874158E+00 1.197596693E+02
1.038410000E-02 -5.951168633E-02 1.575839608E+00 1.193940736E+02
1.044680000E-02 -6.832800097E-02 1.548472946E+00 1.186774898E+02
1.052190000E-02 -7.845648633E-02 1.516418807E+00 1.178304299E+02
1.059530000E-02 -8.694422284E-02 1.485408709E+00 1.170141478E+02
1.068920000E-02 -9.459820371E-02 1.446325097E+00 1.159862291E+02
1.091760000E-02 -1.083250999E-01 1.355507160E+00 1.135597567E+02
1.113540000E-02 -1.142025428E-01 1.274024414E+00 1.113386138E+02
1.190320000E-02 -1.084408400E-01 1.023644099E+00 1.041568654E+02
1.264330000E-02 -6.535977517E-02 8.278592266E-01 9.805984197E+01
1.304950000E-02 -3.406745838E-02 7.369170787E-01 9.500747155E+01
1.315220000E-02 -2.560428558E-02 7.155380458E-01 9.426559815E+01
1.340430000E-02 -3.598942056E-03 6.658798199E-01 9.249270756E+01
1.358350000E-02 1.212521102E-02 6.326398648E-01 9.127249972E+01
1.377530000E-02 2.959302790E-02 5.990144214E-01 9.000166966E+01
1.392210000E-02 4.331177664E-02 5.745826174E-01 8.905265729E+01
1.403450000E-02 5.373209058E-02 5.565439733E-01 8.833944921E+01
1.412630000E-02 6.246230792E-02 5.423444240E-01 8.776537381E+01
1.419520000E-02 6.890474531E-02 5.319017246E-01 8.733938233E+01
1.424680000E-02 7.368184682E-02 5.241908991E-01 8.702305079E+01
1.431460000E-02 7.990558563E-02 5.142185527E-01 8.661087282E+01
1.435820000E-02 8.401015608E-02 5.079379633E-01 8.634787090E+01
1.439080000E-02 8.705823800E-02 5.032855541E-01 8.615226395E+01
1.440170000E-02 8.811559155E-02 5.017586322E-01 8.608705917E+01
1.441940000E-02 8.982954781E-02 4.992853248E-01 8.598138619E+01
1.447260000E-02 9.493479486E-02 4.919235903E-01 8.566532620E+01
1.450810000E-02 9.832462105E-02 4.870649714E-01 8.545571095E+01
1.454350000E-02 1.016798220E-01 4.822560159E-01 8.524770516E+01
1.457900000E-02 1.050253848E-01 4.774799119E-01 8.504012621E+01
1.459670000E-02 1.066838339E-01 4.751118906E-01 8.493700631E+01
1.461440000E-02 1.083368791E-01 4.727524350E-01 8.483413619E+01
1.463210000E-02 1.099695958E-01 4.704029987E-01 8.473151496E+01
1.464990000E-02 1.116240710E-01 4.680571398E-01 8.462856402E+01
1.466760000E-02 1.132610505E-01 4.657291137E-01 8.452643923E+01
1.468530000E-02 1.149224053E-01 4.634391424E-01 8.442456062E+01
1.471630000E-02 1.178492915E-01 4.594685187E-01 8.424671962E+01
1.472520000E-02 1.186791553E-01 4.583376154E-01 8.419580040E+01
1.474900000E-02 1.209032377E-01 4.553117999E-01 8.405993627E+01
1.475490000E-02 1.214591295E-01 4.545713947E-01 8.402632346E+01
1.475840000E-02 1.217729181E-01 4.541265851E-01 8.400639636E+01
1.479160000E-02 1.248624444E-01 4.499487011E-01 8.381784256E+01
1.480050000E-02 1.257100728E-01 4.488452155E-01 8.376744029E+01
1.482710000E-02 1.282327830E-01 4.455576172E-01 8.361716047E+01
1.484480000E-02 1.299037620E-01 4.433788740E-01 8.351746066E+01
1.486250000E-02 1.315692586E-01 4.412092396E-01 8.341799832E+01
1.488030000E-02 1.332264933E-01 4.390427663E-01 8.331821267E+01
1.489800000E-02 1.348810979E-01 4.368898042E-01 8.321922406E+01
1.491570000E-02 1.365302945E-01 4.347472575E-01 8.312047038E+01
1.493340000E-02 1.381741077E-01 4.326136350E-01 8.302195079E+01
1.496890000E-02 1.414571513E-01 4.283672590E-01 8.282505729E+01
1.500430000E-02 1.447074098E-01 4.241618329E-01 8.262964617E+01
1.503980000E-02 1.479479466E-01 4.199856231E-01 8.243460684E+01
1.507520000E-02 1.511421366E-01 4.158495172E-01 8.224103163E+01
1.511070000E-02 1.543409922E-01 4.117420650E-01 8.204782042E+01
1.512700000E-02 1.557988221E-01 4.098621405E-01 8.195941033E+01
1.515770000E-02 1.586299358E-01 4.063940414E-01 8.179341193E+01
1.521140000E-02 1.636746893E-01 4.004493730E-01 8.150466098E+01
1.529200000E-02 1.711536323E-01 3.916664861E-01 8.107507193E+01
1.541920000E-02 1.827395701E-01 3.781273257E-01 8.040624676E+01
1.558340000E-02 1.976442018E-01 3.616103540E-01 7.955901793E+01
1.581080000E-02 2.177414218E-01 3.398412215E-01 7.841475447E+01
1.601140000E-02 2.352472779E-01 3.218710462E-01 7.743232947E+01
1.612930000E-02 2.456853678E-01 3.117843655E-01 7.686632402E+01
1.628590000E-02 2.592412257E-01 2.988424129E-01 7.612720206E+01
1.636430000E-02 2.660352100E-01 2.926775881E-01 7.576248297E+01
1.656040000E-02 2.827195972E-01 2.777719768E-01 7.486534142E+01
1.667810000E-02 2.925661681E-01 2.692282624E-01 7.433700481E+01
1.700830000E-02 3.194248690E-01 2.467037829E-01 7.289382243E+01
1.751790000E-02 3.597279496E-01 2.161266252E-01 7.077332329E+01
1.899980000E-02 4.576602412E-01 1.507984871E-01 6.525331846E+01
2.073990000E-02 5.531297204E-01 9.888022445E-02 5.977849459E+01
2.252000000E-02 6.303425638E-01 6.631745913E-02 5.505328597E+01
2.435980000E-02 6.931273240E-01 4.540988552E-02 5.089532755E+01
2.631680000E-02 7.466178552E-01 3.143791710E-02 4.711059095E+01
2.858670000E-02 7.941302473E-01 2.150202157E-02 4.336981883E+01
3.099920000E-02 8.323507361E-01 1.507917468E-02 3.999458051E+01
3.379730000E-02 8.657419099E-01 1.057922705E-02 3.668340370E+01
3.672820000E-02 8.924713689E-01 7.740799213E-03 3.375607844E+01
3.900000000E-02 9.097787229E-01 6.298424033E-03 3.178974359E+01
4.015520000E-02 9.172988170E-01 5.735728486E-03 3.087520421E+01
4.085500000E-02 9.214940548E-01 5.434133126E-03 3.034634684E+01
4.123800000E-02 9.236870625E-01 5.279854785E-03 3.006450361E+01
4.151840000E-02 9.252472348E-01 5.173984581E-03 2.986145902E+01
4.164960000E-02 9.259646823E-01 5.125258014E-03 2.976739272E+01
4.183060000E-02 9.269405473E-01 5.059069415E-03 2.963858993E+01
4.198440000E-02 9.277599067E-01 5.003606041E-03 2.953001591E+01
4.210360000E-02 9.283868267E-01 4.961611244E-03 2.944641313E+01
4.214330000E-02 9.285937678E-01 4.947906774E-03 2.941867391E+01
4.226400000E-02 9.292196337E-01 4.906498645E-03 2.933465834E+01
4.235080000E-02 9.296968376E-01 4.877288584E-03 2.927453555E+01
4.245450000E-02 9.302636070E-01 4.842818882E-03 2.920302913E+01
4.255880000E-02 9.308276443E-01 4.808420549E-03 2.913146047E+01
4.266330000E-02 9.313964415E-01 4.774255536E-03 2.906010552E+01
4.272720000E-02 9.317522556E-01 4.753499492E-03 2.901664513E+01
4.279110000E-02 9.321062518E-01 4.732933438E-03 2.897331454E+01
4.284590000E-02 9.324070839E-01 4.715830662E-03 2.893625761E+01
4.292810000E-02 9.328567378E-01 4.690319848E-03 2.888084961E+01
4.296910000E-02 9.330801492E-01 4.677646437E-03 2.885329225E+01
4.301020000E-02 9.333031412E-01 4.664973809E-03 2.882572041E+01
4.307490000E-02 9.336534230E-01 4.645140110E-03 2.878242317E+01
4.317290000E-02 9.341792301E-01 4.615146604E-03 2.871708873E+01
4.319200000E-02 9.342820364E-01 4.609247222E-03 2.870438970E+01
4.319360000E-02 9.342903360E-01 4.608751360E-03 2.870332642E+01
4.320310000E-02 9.343415222E-01 4.605815928E-03 2.869701480E+01
4.327890000E-02 9.347438943E-01 4.582759107E-03 2.864675396E+01
4.330010000E-02 9.348572827E-01 4.576343744E-03 2.863272833E+01
4.340320000E-02 9.353991514E-01 4.545301032E-03 2.856471412E+01
4.343230000E-02 9.355518588E-01 4.536836953E-03 2.854557553E+01
4.352320000E-02 9.360252238E-01 4.510539369E-03 2.848595691E+01
4.362570000E-02 9.365541985E-01 4.481078350E-03 2.841902823E+01
4.371930000E-02 9.370348826E-01 4.454376415E-03 2.835818506E+01
4.381280000E-02 9.375100900E-01 4.427948418E-03 2.829766644E+01
4.391730000E-02 9.380377797E-01 4.399035541E-03 2.823033292E+01
4.402180000E-02 9.385595175E-01 4.370346972E-03 2.816331908E+01
4.412630000E-02 9.390786575E-01 4.341880502E-03 2.809662265E+01
4.421790000E-02 9.395305048E-01 4.317100617E-03 2.803841883E+01
4.423080000E-02 9.395935831E-01 4.313633942E-03 2.803024137E+01
4.433530000E-02 9.401027083E-01 4.285605139E-03 2.796417302E+01
4.454430000E-02 9.411102674E-01 4.231047196E-03 2.783296628E+01
4.466840000E-02 9.417001010E-01 4.199613853E-03 2.775563933E+01
4.485210000E-02 9.425616904E-01 4.153001537E-03 2.764196102E+01
4.520340000E-02 9.441777640E-01 4.065708296E-03 2.742714044E+01
4.625730000E-02 9.493174992E-01 3.828141244E-03 2.680225608E+01
4.650000000E-02 9.505216262E-01 3.778012141E-03 2.666236559E+01
4.659890000E-02 9.510070481E-01 3.757261229E-03 2.660577825E+01
4.671280000E-02 9.515595578E-01 3.733548621E-03 2.654090528E+01
4.682660000E-02 9.521085333E-01 3.710358945E-03 2.647640444E+01
4.703500000E-02 9.530976465E-01 3.669016897E-03 2.635909429E+01
4.716820000E-02 9.537232473E-01 3.643058917E-03 2.628465788E+01
4.728200000E-02 9.542521102E-01 3.621248629E-03 2.622139503E+01
4.739590000E-02 9.547751994E-01 3.599590367E-03 2.615838079E+01
4.750980000E-02 9.552952223E-01 3.578097921E-03 2.609566868E+01
4.762890000E-02 9.558345506E-01 3.555795548E-03 2.603041431E+01
4.780930000E-02 9.566405004E-01 3.523144874E-03 2.593219311E+01
4.796520000E-02 9.573281162E-01 3.495243794E-03 2.584790640E+01
4.802740000E-02 9.575995275E-01 3.484281511E-03 2.581443093E+01
4.807900000E-02 9.578247927E-01 3.475311298E-03 2.578672601E+01
4.814560000E-02 9.581139862E-01 3.463783901E-03 2.575105513E+01
4.819290000E-02 9.583174322E-01 3.455637554E-03 2.572578118E+01
4.826380000E-02 9.586225460E-01 3.443458789E-03 2.568798976E+01
4.830850000E-02 9.588129135E-01 3.435813811E-03 2.566422058E+01
4.839050000E-02 9.591628687E-01 3.421828489E-03 2.562073134E+01
4.850670000E-02 9.596534642E-01 3.402162017E-03 2.555935572E+01
4.868550000E-02 9.604988345E-01 3.372195623E-03 2.546548767E+01
4.885250000E-02 9.613142528E-01 3.344633428E-03 2.537843509E+01
4.899550000E-02 9.620277118E-01 3.321671938E-03 2.530436469E+01
4.914300000E-02 9.627840914E-01 3.299946626E-03 2.522841503E+01
4.927660000E-02 9.634996713E-01 3.284159652E-03 2.516001510E+01
4.949260000E-02 9.648145095E-01 3.282615895E-03 2.505020953E+01
4.979640000E-02 9.669294776E-01 3.448565474E-03 2.489738214E+01
5.002540000E-02 9.687163809E-01 3.894063056E-03 2.478341003E+01
5.033900000E-02 9.710916969E-01 5.232178037E-03 2.462901528E+01
5.143400000E-02 9.735846343E-01 1.171452628E-02 2.410467784E+01
5.470000000E-02 9.759281766E-01 1.269161859E-02 2.266544790E+01
5.732100000E-02 9.811397858E-01 1.286141537E-02 2.162907137E+01
6.000000000E-02 9.863843486E-01 1.386484934E-02 2.066333333E+01
6.269300000E-02 9.910255711E-01 1.558778738E-02 1.977573254E+01
6.510350000E-02 9.944763064E-01 1.757848465E-02 1.904352301E+01
6.766210000E-02 9.973210878E-01 1.996202039E-02 1.832340409E+01
6.918310000E-02 9.984085213E-01 2.150194773E-02 1.792056152E+01
7.244360000E-02 1.000245160E+00 2.443582234E-02 1.711400317E+01
7.300000000E-02 1.000470863E+00 2.489145856E-02 1.698356164E+01
7.500000000E-02 1.000872255E+00 2.646244651E-02 1.653066667E+01
7.517890000E-02 1.000893591E+00 2.659266890E-02 1.649132935E+01
7.730000000E-02 1.000952350E+00 2.799400827E-02 1.603880983E+01
7.900000000E-02 1.000802572E+00 2.891941794E-02 1.569367089E+01
7.950000000E-02 1.000739337E+00 2.915829191E-02 1.559496855E+01
8.080000000E-02 1.000534843E+00 2.971891117E-02 1.534405941E+01
8.128310000E-02 1.000444215E+00 2.990028699E-02 1.525286314E+01
8.222430000E-02 1.000251846E+00 3.021991932E-02 1.507826762E+01
8.300000000E-02 1.000098028E+00 3.046692012E-02 1.493734940E+01
8.317640000E-02 1.000057827E+00 3.051584492E-02 1.490567036E+01
8.511380000E-02 9.996019398E-01 3.097752157E-02 1.456638054E+01
8.738900000E-02 9.990339907E-01 3.133206149E-02 1.418714026E+01
9.077550000E-02 9.981810918E-01 3.156588364E-02 1.365787024E+01
9.332540000E-02 9.975625585E-01 3.159053522E-02 1.328470063E+01
1.011580000E-01 9.958167170E-01 3.105594227E-02 1.225607466E+01
1.065070000E-01 9.947214068E-01 3.036524206E-02 1.164054945E+01
1.150000000E-01 9.931374025E-01 2.891235517E-02 1.078086957E+01
1.312440000E-01 9.908957671E-01 2.518092059E-02 9.446527079E+00
1.366170000E-01 9.905546893E-01 2.380627799E-02 9.075005307E+00
1.399130000E-01 9.905137843E-01 2.297204000E-02 8.861220902E+00
1.425470000E-01 9.907888231E-01 2.244562826E-02 8.697482234E+00
1.467320000E-01 9.904014632E-01 2.224401814E-02 8.449417987E+00
1.505250000E-01 9.900311461E-01 2.162769353E-02 8.236505564E+00
1.676040000E-01 9.891790730E-01 1.798512690E-02 7.397198158E+00
1.858600000E-01 9.893579658E-01 1.474612126E-02 6.670612289E+00
1.914810000E-01 9.895257913E-01 1.387439180E-02 6.474793844E+00
1.939710000E-01 9.896150238E-01 1.351060028E-02 6.391677106E+00
1.962970000E-01 9.897218789E-01 1.317785990E-02 6.315939622E+00
1.983360000E-01 9.898470173E-01 1.290228101E-02 6.251008390E+00
2.004950000E-01 9.900305044E-01 1.269541202E-02 6.183695354E+00
2.034020000E-01 9.901092050E-01 1.259651982E-02 6.095318630E+00
2.555640000E-01 9.913224128E-01 7.473480220E-03 4.851231003E+00
3.019950000E-01 9.929026574E-01 4.852633661E-03 4.105365983E+00
3.548130000E-01 9.943870332E-01 3.098541523E-03 3.494234991E+00
4.216970000E-01 9.957708035E-01 1.879273334E-03 2.940025658E+00
5.034730000E-01 9.969158136E-01 1.099117994E-03 2.462495506E+00
6.167860000E-01 9.979029949E-01 5.828226978E-04 2.010097505E+00
7.423780000E-01 9.985532192E-01 3.215225169E-04 1.670038713E+00
8.810490000E-01 9.989915118E-01 1.835030707E-04 1.407186206E+00
1.027540000E+00 9.992880902E-01 1.100501140E-04 1.206571034E+00
1.138280000E+00 9.994531305E-01 7.802110434E-05 1.089187195E+00
1.212690000E+00 9.995515480E-01 6.297683571E-05 1.022355260E+00
1.262750000E+00 9.996229869E-01 5.487746380E-05 9.818253811E-01
1.291220000E+00 9.996750502E-01 5.090889588E-05 9.601771968E-01
1.302430000E+00 9.997045212E-01 5.065593247E-05 9.519129627E-01
1.308250000E+00 9.997242100E-01 5.334016880E-05 9.476781961E-01
1.312860000E+00 9.997419066E-01 5.907392266E-05 9.443505020E-01
1.317160000E+00 9.997590742E-01 6.881692653E-05 9.412675757E-01
1.322030000E+00 9.997764113E-01 8.556757030E-05 9.378002012E-01
1.329070000E+00 9.997912140E-01 1.175209247E-04 9.328327327E-01
1.336850000E+00 9.997914111E-01 1.519725572E-04 9.274039720E-01
1.345110000E+00 9.997814835E-01 1.762895574E-04 9.217090052E-01
1.365720000E+00 9.997672747E-01 2.156105409E-04 9.077995490E-01
1.379350000E+00 9.997452761E-01 2.414059941E-04 8.988291587E-01
1.394280000E+00 9.997157466E-01 2.476136891E-04 8.892044640E-01
1.413300000E+00 9.996936563E-01 2.402054802E-04 8.772376707E-01
1.443360000E+00 9.996784089E-01 2.250656678E-04 8.589679636E-01
1.478460000E+00 9.996748506E-01 2.078116004E-04 8.385752743E-01
1.499850000E+00 9.996803666E-01 1.993783439E-04 8.266159949E-01
1.519860000E+00 9.996862919E-01 2.019552331E-04 8.157330280E-01
1.557160000E+00 9.996756020E-01 1.974064256E-04 7.961930694E-01
1.592470000E+00 9.996749194E-01 1.829122078E-04 7.785389992E-01
1.648550000E+00 9.996812963E-01 1.626288643E-04 7.520548361E-01
1.706820000E+00 9.996914587E-01 1.443348224E-04 7.263800518E-01
1.787900000E+00 9.997083033E-01 1.230712161E-04 6.934392304E-01
1.867980000E+00 9.997256097E-01 1.058302965E-04 6.637116029E-01
1.952190000E+00 9.997433657E-01 9.089068732E-05 6.350816263E-01
2.048820000E+00 9.997626978E-01 7.686345941E-05 6.051288058E-01
2.137960000E+00 9.997791997E-01 6.627510685E-05 5.798985949E-01
2.229230000E+00 9.997947478E-01 5.722280627E-05 5.561561615E-01
2.327370000E+00 9.998100165E-01 4.915176565E-05 5.327042971E-01
2.420020000E+00 9.998231356E-01 4.278305368E-05 5.123098156E-01
2.515350000E+00 9.998354520E-01 3.730011605E-05 4.928936331E-01
2.614670000E+00 9.998470345E-01 3.249083621E-05 4.741707367E-01
2.723710000E+00 9.998585263E-01 2.809078617E-05 4.551879605E-01
2.800450000E+00 9.998658884E-01 2.542946240E-05 4.427145637E-01
2.860270000E+00 9.998712679E-01 2.356335598E-05 4.334555829E-01
2.924260000E+00 9.998766901E-01 2.175374329E-05 4.239705088E-01
2.988880000E+00 9.998818491E-01 2.010451824E-05 4.148042076E-01
3.013490000E+00 9.998837328E-01 1.952154607E-05 4.114166631E-01
3.054920000E+00 9.998868082E-01 1.858123009E-05 4.058371414E-01
3.103590000E+00 9.998902741E-01 1.755139821E-05 3.994728685E-01
3.138190000E+00 9.998926429E-01 1.685669744E-05 3.950684949E-01
3.209630000E+00 9.998973168E-01 1.553520506E-05 3.862750535E-01
3.323100000E+00 9.999041530E-01 1.369806760E-05 3.730853721E-01
3.394470000E+00 9.999081218E-01 1.267907164E-05 3.652411128E-01
3.494920000E+00 9.999133157E-01 1.140476204E-05 3.547434562E-01
3.628250000E+00 9.999195658E-01 9.946484484E-06 3.417074347E-01
3.739040000E+00 9.999242785E-01 8.907389026E-06 3.315824383E-01
3.888920000E+00 9.999300366E-01 7.711088149E-06 3.188031639E-01
4.103220000E+00 9.999372136E-01 6.335500985E-06 3.021529433E-01
4.143720000E+00 9.999384476E-01 6.110227323E-06 2.991997529E-01
4.185220000E+00 9.999396759E-01 5.889758637E-06 2.962329340E-01
4.215830000E+00 9.999405593E-01 5.733266856E-06 2.940820669E-01
4.250480000E+00 9.999415370E-01 5.563376713E-06 2.916847038E-01
4.333860000E+00 9.999437935E-01 5.177845995E-06 2.860729234E-01
4.564310000E+00 9.999494040E-01 4.276513471E-06 2.716292276E-01
4.987590000E+00 9.999577530E-01 3.076780199E-06 2.485769680E-01
5.710530000E+00 9.999679499E-01 1.858584309E-06 2.171076940E-01
6.501930000E+00 9.999754214E-01 1.143252539E-06 1.906818437E-01
7.397120000E+00 9.999811386E-01 7.034282300E-07 1.676057709E-01
8.399900000E+00 9.999854908E-01 4.349701214E-07 1.475969952E-01
9.467750000E+00 9.999886986E-01 2.761258148E-07 1.309498033E-01
1.017440000E+01 9.999903083E-01 2.098788199E-07 1.218548514E-01
1.064830000E+01 9.999912346E-01 1.764616680E-07 1.164317309E-01
1.102360000E+01 9.999919095E-01 1.545951606E-07 1.124677964E-01
1.127480000E+01 9.999923525E-01 1.418313354E-07 1.099620392E-01
1.146840000E+01 9.999927114E-01 1.329816557E-07 1.081057515E-01
1.155560000E+01 9.999928941E-01 1.311099874E-07 1.072899720E-01
1.160600000E+01 9.999930144E-01 1.358699599E-07 1.068240565E-01
1.163830000E+01 9.999930997E-01 1.457999721E-07 1.065275856E-01
1.166600000E+01 9.999931773E-01 1.619142917E-07 1.062746443E-01
1.169620000E+01 9.999932650E-01 1.908534219E-07 1.060002394E-01
1.172740000E+01 9.999933549E-01 2.364083738E-07 1.057182325E-01
1.176480000E+01 9.999934520E-01 3.131069685E-07 1.053821569E-01
1.180380000E+01 9.999935292E-01 4.137792398E-07 1.050339721E-01
1.186520000E+01 9.999935818E-01 5.830129380E-07 1.044904426E-01
1.191740000E+01 9.999935680E-01 6.982140139E-07 1.040327588E-01
1.197100000E+01 9.999935298E-01 7.675129781E-07 1.035669535E-01
1.205560000E+01 9.999934846E-01 7.980183547E-07 1.028401739E-01
1.214700000E+01 9.999934833E-01 7.860693548E-07 1.020663538E-01
1.227230000E+01 9.999935276E-01 7.596359710E-07 1.010242579E-01
1.245070000E+01 9.999936272E-01 7.220801649E-07 9.957673063E-02
1.269250000E+01 9.999937914E-01 6.739996570E-07 9.767973213E-02
1.301210000E+01 9.999940245E-01 6.163962094E-07 9.528054657E-02
1.339560000E+01 9.999943067E-01 5.549912484E-07 9.255277852E-02
1.386430000E+01 9.999946390E-01 4.906078277E-07 8.942391610E-02
1.423460000E+01 9.999948876E-01 4.464440211E-07 8.709763534E-02
1.467920000E+01 9.999951675E-01 3.994462963E-07 8.445964358E-02
1.502790000E+01 9.999953743E-01 3.665598120E-07 8.249988355E-02
1.541500000E+01 9.999955903E-01 3.338720806E-07 8.042815440E-02
1.573620000E+01 9.999957595E-01 3.095052704E-07 7.878649229E-02
1.621940000E+01 9.999959977E-01 2.769923603E-07 7.643932575E-02
1.664970000E+01 9.999961946E-01 2.516216717E-07 7.446380415E-02
1.696130000E+01 9.999963287E-01 2.351443863E-07 7.309581223E-02
1.711700000E+01 9.999963931E-01 2.273292449E-07 7.243091663E-02
1.763750000E+01 9.999965972E-01 2.036423386E-07 7.029340893E-02
1.809580000E+01 9.999967635E-01 1.853563436E-07 6.851313564E-02
1.857660000E+01 9.999969255E-01 1.682991577E-07 6.673987705E-02
1.905460000E+01 9.999970751E-01 1.531463211E-07 6.506565344E-02
1.971760000E+01 9.999972658E-01 1.347577916E-07 6.287783503E-02
2.084950000E+01 9.999975516E-01 1.093592659E-07 5.946425574E-02
2.252060000E+01 9.999978994E-01 8.198164342E-08 5.505181922E-02
2.467550000E+01 9.999982493E-01 5.807003371E-08 5.024416932E-02
2.792970000E+01 9.999986338E-01 3.629256765E-08 4.439002209E-02
3.173020000E+01 9.999989422E-01 2.226413559E-08 3.907318580E-02
3.590720000E+01 9.999991748E-01 1.382607417E-08 3.452789413E-02
4.059540000E+01 9.999993551E-01 8.581414741E-09 3.054040606E-02
4.585800000E+01 9.999994952E-01 5.336802967E-09 2.703563173E-02
5.151070000E+01 9.999996004E-01 3.378894927E-09 2.406878571E-02
5.813590000E+01 9.999996866E-01 2.097429075E-09 2.132589329E-02
6.522820000E+01 9.999997513E-01 1.328536046E-09 1.900711655E-02
7.145030000E+01 9.999997928E-01 9.253104236E-10 1.735192155E-02
7.740240000E+01 9.999998236E-01 6.721744609E-10 1.601759119E-02
8.151180000E+01 9.999998410E-01 5.466940879E-10 1.521006774E-02
8.449830000E+01 9.999998520E-01 4.735800183E-10 1.467248454E-02
8.798310000E+01 9.999998635E-01 4.028141631E-10 1.409134254E-02
8.935110000E+01 9.999998677E-01 3.786504630E-10 1.387559862E-02
9.009350000E+01 9.999998699E-01 3.664367452E-10 1.376125914E-02
9.166160000E+01 9.999998743E-01 3.419837230E-10 1.352583852E-02
9.500720000E+01 9.999998830E-01 2.961138554E-10 1.304953730E-02
1.000000000E+02 9.999998944E-01 2.412321092E-10 1.239800000E-02
1.074150000E+02 9.999999085E-01 1.809877912E-10 1.154214961E-02
1.176530000E+02 9.999999238E-01 1.255847470E-10 1.053776784E-02
1.312460000E+02 9.999999388E-01 8.097314147E-11 9.446383128E-03
1.467910000E+02 9.999999511E-01 5.164888850E-11 8.446021895E-03
1.640570000E+02 9.999999608E-01 3.305736638E-11 7.557129534E-03
1.827670000E+02 9.999999685E-01 2.146182651E-11 6.783500304E-03
2.047010000E+02 9.999999749E-01 1.367039986E-11 6.056638707E-03
2.285520000E+02 9.999999798E-01 8.821286102E-12 5.424586090E-03
2.570400000E+02 9.999999841E-01 5.553880821E-12 4.823373794E-03
2.888150000E+02 9.999999874E-01 3.525671240E-12 4.292713329E-03
3.240010000E+02 9.999999900E-01 2.263175783E-12 3.826531400E-03
3.633390000E+02 9.999999920E-01 1.463059711E-12 3.412240360E-03
4.079620000E+02 9.999999937E-01 9.476888524E-13 3.039008535E-03
4.592310000E+02 9.999999950E-01 6.134441486E-13 2.699730637E-03
5.219550000E+02 9.999999961E-01 3.869654255E-13 2.375300553E-03
5.956620000E+02 9.999999970E-01 2.436517964E-13 2.081381723E-03
6.763260000E+02 9.999999977E-01 1.581104662E-13 1.833139640E-03
7.804430000E+02 9.999999983E-01 9.877377142E-14 1.588584945E-03
9.054720000E+02 9.999999987E-01 6.165818726E-14 1.369230633E-03
1.070170000E+03 9.999999991E-01 3.690649692E-14 1.158507527E-03
1.292740000E+03 9.999999994E-01 2.071975686E-14 9.590482232E-04
1.546860000E+03 9.999999996E-01 1.196946041E-14 8.014946408E-04
1.859730000E+03 9.999999997E-01 6.816476942E-15 6.666559124E-04
2.235890000E+03 9.999999998E-01 3.881886701E-15 5.544995505E-04
2.688130000E+03 9.999999999E-01 2.210683752E-15 4.612128134E-04
3.231850000E+03 9.999999999E-01 1.258948583E-15 3.836192893E-04
3.885540000E+03 9.999999999E-01 7.169533605E-16 3.190804882E-04
4.671440000E+03 1.000000000E+00 4.082968250E-16 2.653999623E-04
5.616310000E+03 1.000000000E+00 2.325191347E-16 2.207499230E-04
6.752290000E+03 1.000000000E+00 1.324163839E-16 1.836117821E-04
8.118030000E+03 1.000000000E+00 7.540965485E-17 1.527217810E-04
9.760020000E+03 1.000000000E+00 4.294485362E-17 1.270284282E-04
1.000000000E+04 0.000000000E+00 0.000000000E+00 1.239800000E-04
