# 11/08/2021 
# Data retrieved from www.chemicool.com/densities.html 
# Includes the real (n) and complex (k) part of the  refractive index. 
# Element, At  (Z = 85) 
# Nominal density, g cm-3 =  7 
#    E [keV]      n       k    Wavelength [nm] 
1.000000000E-03 -1.160224013E+03 1.073637251E-01 1.239800000E+03
1.125000000E-03 -4.409079841E+01 0.000000000E+00 1.102044444E+03
1.265630000E-03 -3.451643484E+01 0.000000000E+00 9.795911917E+02
1.423830000E-03 -2.696490377E+01 0.000000000E+00 8.707500193E+02
1.500000000E-03 -2.415384598E+01 0.000000000E+00 8.265333333E+02
1.601810000E-03 -2.099591401E+01 0.000000000E+00 7.739994132E+02
1.802030000E-03 -1.628244634E+01 0.000000000E+00 6.880018646E+02
1.875000000E-03 -1.493077733E+01 0.000000000E+00 6.612266667E+02
1.995180000E-03 -1.301203311E+01 0.000000000E+00 6.213975681E+02
2.000000000E-03 -1.294250074E+01 0.000000000E+00 6.199000000E+02
2.164190000E-03 -1.082802434E+01 0.000000000E+00 5.728702193E+02
2.343750000E-03 -9.011544125E+00 0.000000000E+00 5.289813333E+02
2.459950000E-03 -8.035918178E+00 0.000000000E+00 5.039939836E+02
2.681770000E-03 -6.519435363E+00 0.000000000E+00 4.623066109E+02
3.000000000E-03 -4.909136481E+00 0.000000000E+00 4.132666667E+02
3.347230000E-03 -3.639283158E+00 0.000000000E+00 3.703958198E+02
3.355470000E-03 -3.613698967E+00 0.000000000E+00 3.694862419E+02
3.363710000E-03 -3.588309480E+00 0.000000000E+00 3.685811203E+02
3.371950000E-03 -3.563112761E+00 0.000000000E+00 3.676804223E+02
3.380190000E-03 -3.538106904E+00 0.000000000E+00 3.667841157E+02
3.388430000E-03 -3.513410545E+00 0.000000000E+00 3.658921683E+02
3.396660000E-03 -3.488806615E+00 0.000000000E+00 3.650056232E+02
3.404900000E-03 -3.464361315E+00 0.000000000E+00 3.641222943E+02
3.413140000E-03 -3.440099471E+00 0.000000000E+00 3.632432306E+02
3.421380000E-03 -3.416019283E+00 0.000000000E+00 3.623684011E+02
3.429620000E-03 -3.392118976E+00 0.000000000E+00 3.614977753E+02
3.437860000E-03 -3.368396796E+00 0.000000000E+00 3.606313230E+02
3.446100000E-03 -3.344851009E+00 0.000000000E+00 3.597690142E+02
3.454340000E-03 -3.321479908E+00 0.000000000E+00 3.589108194E+02
3.470810000E-03 -3.275279647E+00 0.000000000E+00 3.572076835E+02
3.479050000E-03 -3.252536672E+00 0.000000000E+00 3.563616505E+02
3.487290000E-03 -3.229846864E+00 0.000000000E+00 3.555196155E+02
3.495530000E-03 -3.207323489E+00 0.000000000E+00 3.546815504E+02
3.503770000E-03 -3.184964957E+00 0.000000000E+00 3.538474272E+02
3.512010000E-03 -3.162769690E+00 0.000000000E+00 3.530172181E+02
3.750000000E-03 -2.584247766E+00 0.000000000E+00 3.306133333E+02
3.908930000E-03 -2.249989883E+00 0.000000000E+00 3.171711952E+02
4.071010000E-03 -1.949346464E+00 0.000000000E+00 3.045435899E+02
4.212830000E-03 -1.712635275E+00 0.000000000E+00 2.942914858E+02
4.336920000E-03 -1.521661659E+00 0.000000000E+00 2.858710790E+02
4.445500000E-03 -1.368333734E+00 0.000000000E+00 2.788887639E+02
4.540510000E-03 -1.243742289E+00 0.000000000E+00 2.730530271E+02
4.706770000E-03 -1.043052856E+00 0.000000000E+00 2.634078147E+02
4.831470000E-03 -9.008923141E-01 0.000000000E+00 2.566092721E+02
4.924990000E-03 -8.019439158E-01 0.000000000E+00 2.517365517E+02
4.995140000E-03 -7.316660573E-01 0.000000000E+00 2.482012516E+02
5.047740000E-03 -6.810460380E-01 0.000000000E+00 2.456148692E+02
5.087200000E-03 -6.441600577E-01 0.000000000E+00 2.437097028E+02
5.116790000E-03 -6.171120602E-01 0.000000000E+00 2.423003485E+02
5.138980000E-03 -5.962601083E-01 0.000000000E+00 2.412541010E+02
5.155630000E-03 -5.808124348E-01 0.000000000E+00 2.404749759E+02
5.180590000E-03 -5.579337933E-01 0.000000000E+00 2.393163713E+02
5.193080000E-03 -5.466515313E-01 0.000000000E+00 2.387407858E+02
5.199320000E-03 -5.410472512E-01 0.000000000E+00 2.384542594E+02
5.205560000E-03 -5.354653816E-01 0.000000000E+00 2.381684199E+02
5.218370000E-03 -5.240231823E-01 0.000000000E+00 2.375837666E+02
5.231190000E-03 -5.127192940E-01 0.000000000E+00 2.370015236E+02
5.244000000E-03 -5.015133180E-01 0.000000000E+00 2.364225782E+02
5.256810000E-03 -4.903984719E-01 0.000000000E+00 2.358464544E+02
5.269630000E-03 -4.793183777E-01 0.000000000E+00 2.352726852E+02
5.276030000E-03 -4.738425340E-01 0.000000000E+00 2.349872916E+02
5.282440000E-03 -4.683833086E-01 0.000000000E+00 2.347021452E+02
5.288850000E-03 -4.629462035E-01 0.000000000E+00 2.344176900E+02
5.295250000E-03 -4.575366117E-01 0.000000000E+00 2.341343657E+02
5.301660000E-03 -4.521433829E-01 0.000000000E+00 2.338512843E+02
5.308060000E-03 -4.467773897E-01 0.000000000E+00 2.335693266E+02
5.317670000E-03 -4.387145574E-01 0.000000000E+00 2.331472243E+02
5.324080000E-03 -4.333971702E-01 0.000000000E+00 2.328665234E+02
5.328890000E-03 -4.294462054E-01 0.000000000E+00 2.326563318E+02
5.331290000E-03 -4.274291830E-01 0.000000000E+00 2.325515963E+02
5.332490000E-03 -4.264461490E-01 0.000000000E+00 2.324992639E+02
5.333090000E-03 -4.259792380E-01 0.000000000E+00 2.324731066E+02
5.334490000E-03 -4.247931942E-01 0.000000000E+00 2.324120956E+02
5.346500000E-03 -4.149620802E-01 0.000000000E+00 2.318900215E+02
5.348100000E-03 -4.136317518E-01 0.000000000E+00 2.318206466E+02
5.353710000E-03 -4.090774256E-01 0.000000000E+00 2.315777283E+02
5.362520000E-03 -4.019489634E-01 0.000000000E+00 2.311972729E+02
5.372130000E-03 -3.941565429E-01 0.000000000E+00 2.307836929E+02
5.378530000E-03 -3.890228777E-01 0.000000000E+00 2.305090796E+02
5.384940000E-03 -3.839045262E-01 0.000000000E+00 2.302346916E+02
5.391350000E-03 -3.788065741E-01 0.000000000E+00 2.299609560E+02
5.397750000E-03 -3.737340095E-01 0.000000000E+00 2.296882960E+02
5.410570000E-03 -3.636391434E-01 0.000000000E+00 2.291440643E+02
5.423380000E-03 -3.535822054E-01 0.000000000E+00 2.286028270E+02
5.436190000E-03 -3.436516329E-01 0.000000000E+00 2.280641405E+02
5.455410000E-03 -3.288999305E-01 0.000000000E+00 2.272606459E+02
5.461820000E-03 -3.240198002E-01 0.000000000E+00 2.269939324E+02
5.467350000E-03 -3.198150475E-01 0.000000000E+00 2.267643374E+02
5.478340000E-03 -3.114818417E-01 0.000000000E+00 2.263094295E+02
5.489160000E-03 -3.033773003E-01 0.000000000E+00 2.258633379E+02
5.500610000E-03 -2.948466777E-01 0.000000000E+00 2.253931837E+02
5.520760000E-03 -2.791462575E-01 0.000000000E+00 2.245705301E+02
5.541060000E-03 -2.634810029E-01 0.000000000E+00 2.237478028E+02
5.560730000E-03 -2.485612868E-01 0.000000000E+00 2.229563385E+02
5.579790000E-03 -2.342232896E-01 0.000000000E+00 2.221947421E+02
5.598250000E-03 -2.205335728E-01 0.000000000E+00 2.214620640E+02
5.616130000E-03 -2.073778071E-01 0.000000000E+00 2.207569981E+02
5.633450000E-03 -1.947760812E-01 0.000000000E+00 2.200782824E+02
5.667010000E-03 -1.707563591E-01 0.000000000E+00 2.187749801E+02
5.698480000E-03 -1.486986859E-01 0.000000000E+00 2.175667897E+02
5.741360000E-03 -1.192619019E-01 0.000000000E+00 2.159418674E+02
5.748070000E-03 -1.147236597E-01 0.000000000E+00 2.156897881E+02
5.761270000E-03 -1.058275528E-01 0.000000000E+00 2.151956079E+02
5.786840000E-03 -8.884492920E-02 0.000000000E+00 2.142447346E+02
5.837830000E-03 -5.573593685E-02 0.000000000E+00 2.123734333E+02
6.170470000E-03 1.562800177E-01 0.000000000E+00 2.009247270E+02
6.185660000E-03 1.659161294E-01 0.000000000E+00 2.004313202E+02
6.200850000E-03 1.754680617E-01 0.000000000E+00 1.999403308E+02
6.216040000E-03 1.849367025E-01 0.000000000E+00 1.994517410E+02
6.231220000E-03 1.943203418E-01 0.000000000E+00 1.989658526E+02
6.246410000E-03 2.036250523E-01 0.000000000E+00 1.984820081E+02
6.261600000E-03 2.128490661E-01 0.000000000E+00 1.980005111E+02
6.276790000E-03 2.219932271E-01 0.000000000E+00 1.975213445E+02
6.291970000E-03 2.310559229E-01 0.000000000E+00 1.970448047E+02
6.307160000E-03 2.400428989E-01 0.000000000E+00 1.965702471E+02
6.323410000E-03 2.495503485E-01 0.000000000E+00 1.960650978E+02
6.338970000E-03 2.586024667E-01 0.000000000E+00 1.955838251E+02
6.354540000E-03 2.675773354E-01 0.000000000E+00 1.951046024E+02
6.385660000E-03 2.852531486E-01 0.000000000E+00 1.941537758E+02
6.401230000E-03 2.939943886E-01 0.000000000E+00 1.936815268E+02
6.413480000E-03 3.008269238E-01 0.000000000E+00 1.933115875E+02
6.428660000E-03 3.092145866E-01 0.000000000E+00 1.928551207E+02
6.463490000E-03 3.281668008E-01 0.000000000E+00 1.918158766E+02
6.474230000E-03 3.339595372E-01 0.000000000E+00 1.914976762E+02
6.479050000E-03 3.365325053E-01 0.000000000E+00 1.913552141E+02
6.494610000E-03 3.448258468E-01 0.000000000E+00 1.908967590E+02
6.510180000E-03 3.530169117E-01 0.000000000E+00 1.904402029E+02
6.525740000E-03 3.611678940E-01 0.000000000E+00 1.899861165E+02
6.556870000E-03 3.772298659E-01 0.000000000E+00 1.890841209E+02
6.572440000E-03 3.853027157E-01 0.000000000E+00 1.886361838E+02
6.588000000E-03 3.933044536E-01 0.000000000E+00 1.881906497E+02
6.603560000E-03 4.012694232E-01 0.000000000E+00 1.877472151E+02
6.619130000E-03 4.091364901E-01 0.000000000E+00 1.873055825E+02
6.634690000E-03 4.169660707E-01 0.000000000E+00 1.868663042E+02
6.671960000E-03 4.375439916E-01 0.000000000E+00 1.858224570E+02
6.699910000E-03 4.537567099E-01 0.000000000E+00 1.850472618E+02
6.720880000E-03 4.657381791E-01 0.000000000E+00 1.844698908E+02
6.752320000E-03 4.834494223E-01 0.000000000E+00 1.836109663E+02
6.768040000E-03 4.921904216E-01 0.000000000E+00 1.831844965E+02
6.783770000E-03 5.008575114E-01 0.000000000E+00 1.827597339E+02
6.794850000E-03 5.069199862E-01 0.000000000E+00 1.824617173E+02
6.817160000E-03 5.190155191E-01 0.000000000E+00 1.818645888E+02
6.828300000E-03 5.250059158E-01 0.000000000E+00 1.815678866E+02
6.845030000E-03 5.339112149E-01 0.000000000E+00 1.811241149E+02
6.861750000E-03 5.427634759E-01 0.000000000E+00 1.806827704E+02
6.878480000E-03 5.515073332E-01 0.000000000E+00 1.802433096E+02
6.888190000E-03 5.565624462E-01 0.000000000E+00 1.799892279E+02
6.902770000E-03 5.640970615E-01 0.000000000E+00 1.796090555E+02
6.910060000E-03 5.678275250E-01 0.000000000E+00 1.794195709E+02
6.917350000E-03 5.715432392E-01 0.000000000E+00 1.792304857E+02
6.925690000E-03 5.758058201E-01 0.000000000E+00 1.790146541E+02
6.934040000E-03 5.800215750E-01 0.000000000E+00 1.787990839E+02
6.940470000E-03 5.832700101E-01 0.000000000E+00 1.786334355E+02
6.946890000E-03 5.865059533E-01 0.000000000E+00 1.784683506E+02
6.951150000E-03 5.886450905E-01 0.000000000E+00 1.783589766E+02
6.957550000E-03 5.918314387E-01 0.000000000E+00 1.781949106E+02
6.960750000E-03 5.934347607E-01 0.000000000E+00 1.781129907E+02
6.962350000E-03 5.942211072E-01 0.000000000E+00 1.780720590E+02
6.963150000E-03 5.946282962E-01 0.000000000E+00 1.780516002E+02
6.963940000E-03 5.950341455E-01 0.000000000E+00 1.780314018E+02
6.964480000E-03 5.952966548E-01 0.000000000E+00 1.780175979E+02
6.965510000E-03 5.958156416E-01 0.000000000E+00 1.779912741E+02
6.981000000E-03 6.034851936E-01 0.000000000E+00 1.775963329E+02
6.983130000E-03 6.045216365E-01 0.000000000E+00 1.775421623E+02
6.990600000E-03 6.081981404E-01 0.000000000E+00 1.773524447E+02
6.998060000E-03 6.118587468E-01 0.000000000E+00 1.771633853E+02
7.004020000E-03 6.147475588E-01 0.000000000E+00 1.770126299E+02
7.014440000E-03 6.198007308E-01 0.000000000E+00 1.767496764E+02
7.022260000E-03 6.235936345E-01 0.000000000E+00 1.765528477E+02
7.033990000E-03 6.292391685E-01 0.000000000E+00 1.762584252E+02
7.045720000E-03 6.357691406E-01 0.000000000E+00 1.759649830E+02
7.062450000E-03 6.454276003E-01 0.000000000E+00 1.755481455E+02
7.079170000E-03 6.549703466E-01 0.000000000E+00 1.751335255E+02
7.095900000E-03 6.644556228E-01 0.000000000E+00 1.747206133E+02
7.112620000E-03 6.738273073E-01 0.000000000E+00 1.743098886E+02
7.120980000E-03 6.784951941E-01 0.000000000E+00 1.741052496E+02
7.129350000E-03 6.831429855E-01 0.000000000E+00 1.739008465E+02
7.134510000E-03 6.859935801E-01 0.000000000E+00 1.737750736E+02
7.151570000E-03 6.953635427E-01 0.000000000E+00 1.733605348E+02
7.185680000E-03 7.139809789E-01 0.000000000E+00 1.725376026E+02
7.202740000E-03 7.232564715E-01 0.000000000E+00 1.721289398E+02
7.219800000E-03 7.324475914E-01 0.000000000E+00 1.717222084E+02
7.236860000E-03 7.415552218E-01 0.000000000E+00 1.713173946E+02
7.253910000E-03 7.505795465E-01 0.000000000E+00 1.709147205E+02
7.270970000E-03 7.595228280E-01 0.000000000E+00 1.705137004E+02
7.294330000E-03 7.716460404E-01 0.000000000E+00 1.699676324E+02
7.327020000E-03 7.883461644E-01 0.000000000E+00 1.692093102E+02
7.335200000E-03 7.933960158E-01 0.000000000E+00 1.690206129E+02
7.387410000E-03 8.251624509E-01 0.000000000E+00 1.678260717E+02
7.396210000E-03 8.304352410E-01 0.000000000E+00 1.676263924E+02
7.411620000E-03 8.395788554E-01 0.000000000E+00 1.672778691E+02
7.423170000E-03 8.464062625E-01 0.000000000E+00 1.670175949E+02
7.440500000E-03 8.565696207E-01 0.000000000E+00 1.666285868E+02
7.449160000E-03 8.615913531E-01 0.000000000E+00 1.664348732E+02
7.457830000E-03 8.666153992E-01 0.000000000E+00 1.662413866E+02
7.464470000E-03 8.704538609E-01 0.000000000E+00 1.660935070E+02
7.473660000E-03 8.757273098E-01 0.000000000E+00 1.658892698E+02
7.482840000E-03 8.809749411E-01 0.000000000E+00 1.656857557E+02
7.501220000E-03 8.913949289E-01 0.000000000E+00 1.652797812E+02
7.519590000E-03 9.017387983E-01 0.000000000E+00 1.648760105E+02
7.537960000E-03 9.119588940E-01 0.000000000E+00 1.644742079E+02
7.556340000E-03 9.234625500E-01 0.000000000E+00 1.640741417E+02
7.564530000E-03 9.289485840E-01 0.000000000E+00 1.638965012E+02
7.576830000E-03 9.371096752E-01 0.000000000E+00 1.636304365E+02
7.589130000E-03 9.452182745E-01 0.000000000E+00 1.633652342E+02
7.600290000E-03 9.525420480E-01 0.000000000E+00 1.631253544E+02
7.605870000E-03 9.561759492E-01 0.000000000E+00 1.630056785E+02
7.611450000E-03 9.597992493E-01 0.000000000E+00 1.628861781E+02
7.625230000E-03 9.687266565E-01 0.000000000E+00 1.625918169E+02
7.629830000E-03 9.716882390E-01 0.000000000E+00 1.624937908E+02
7.634420000E-03 9.746426421E-01 0.000000000E+00 1.623960956E+02
7.641310000E-03 9.790491585E-01 0.000000000E+00 1.622496666E+02
7.644760000E-03 9.812701794E-01 0.000000000E+00 1.621764450E+02
7.647770000E-03 9.831777219E-01 0.000000000E+00 1.621126158E+02
7.649050000E-03 9.840111753E-01 0.000000000E+00 1.620854877E+02
7.666570000E-03 9.951028211E-01 0.000000000E+00 1.617150825E+02
7.671170000E-03 9.980011484E-01 0.000000000E+00 1.616181104E+02
7.684950000E-03 1.006654587E+00 0.000000000E+00 1.613283105E+02
7.692410000E-03 1.011318930E+00 0.000000000E+00 1.611718564E+02
7.703610000E-03 1.018281521E+00 0.000000000E+00 1.609375345E+02
7.714820000E-03 1.026110369E+00 0.000000000E+00 1.607036846E+02
7.727440000E-03 1.035619468E+00 0.000000000E+00 1.604412328E+02
7.740060000E-03 1.045066462E+00 0.000000000E+00 1.601796369E+02
7.758440000E-03 1.058716063E+00 0.000000000E+00 1.598001660E+02
7.777360000E-03 1.072638049E+00 0.000000000E+00 1.594114198E+02
7.795710000E-03 1.086004362E+00 0.000000000E+00 1.590361879E+02
7.815650000E-03 1.100382126E+00 0.000000000E+00 1.586304402E+02
7.829910000E-03 1.110603122E+00 0.000000000E+00 1.583415390E+02
7.831930000E-03 1.112260668E+00 0.000000000E+00 1.583006998E+02
7.834790000E-03 1.114883999E+00 0.000000000E+00 1.582429140E+02
7.839570000E-03 1.119269757E+00 0.000000000E+00 1.581464289E+02
7.855130000E-03 1.133420345E+00 0.000000000E+00 1.578331613E+02
7.862560000E-03 1.140130036E+00 0.000000000E+00 1.576840113E+02
7.875010000E-03 1.151335356E+00 0.000000000E+00 1.574347207E+02
7.878650000E-03 1.154584187E+00 0.000000000E+00 1.573619846E+02
7.885010000E-03 1.160277721E+00 0.000000000E+00 1.572350574E+02
7.889770000E-03 1.164530555E+00 0.000000000E+00 1.571401955E+02
7.896930000E-03 1.170889505E+00 0.000000000E+00 1.569977194E+02
7.904080000E-03 1.177203452E+00 0.000000000E+00 1.568556998E+02
7.910730000E-03 1.183075237E+00 0.000000000E+00 1.567238422E+02
7.915720000E-03 1.187460326E+00 0.000000000E+00 1.566250448E+02
7.923200000E-03 1.194028252E+00 0.000000000E+00 1.564771809E+02
7.926940000E-03 1.197302796E+00 0.000000000E+00 1.564033536E+02
7.945110000E-03 1.213084216E+00 0.000000000E+00 1.560456683E+02
7.950000000E-03 1.217310696E+00 0.000000000E+00 1.559496855E+02
7.967620000E-03 1.232437946E+00 0.000000000E+00 1.556048105E+02
7.972230000E-03 1.236393235E+00 0.000000000E+00 1.555148309E+02
7.989390000E-03 1.250966711E+00 0.000000000E+00 1.551808085E+02
7.994290000E-03 1.255119741E+00 0.000000000E+00 1.550856924E+02
8.009010000E-03 1.267558591E+00 0.000000000E+00 1.548006558E+02
8.018980000E-03 1.277180356E+00 0.000000000E+00 1.546081921E+02
8.033950000E-03 1.293900748E+00 0.000000000E+00 1.543201041E+02
8.041430000E-03 1.302213931E+00 0.000000000E+00 1.541765581E+02
8.048920000E-03 1.310494948E+00 0.000000000E+00 1.540330877E+02
8.068730000E-03 1.332247133E+00 0.000000000E+00 1.536549122E+02
8.088540000E-03 1.353803909E+00 0.000000000E+00 1.532785892E+02
8.101690000E-03 1.367983693E+00 0.000000000E+00 1.530298000E+02
8.114830000E-03 1.384676562E+00 0.000000000E+00 1.527820053E+02
8.130640000E-03 1.406396918E+00 0.000000000E+00 1.524849212E+02
8.146450000E-03 1.427945927E+00 0.000000000E+00 1.521889903E+02
8.179890000E-03 1.472973809E+00 0.000000000E+00 1.515668304E+02
8.208590000E-03 1.513478741E+00 1.702210162E-06 1.510369016E+02
8.220050000E-03 1.532036759E+00 3.917120126E-06 1.508263332E+02
8.253230000E-03 1.590299990E+00 3.660282508E-05 1.502199745E+02
8.260970000E-03 1.605031393E+00 5.946572247E-05 1.500792280E+02
8.283470000E-03 1.650898142E+00 2.259165523E-04 1.496715748E+02
8.300900000E-03 1.690161659E+00 5.892211234E-04 1.493572986E+02
8.314530000E-03 1.723651973E+00 1.191394458E-03 1.491124573E+02
8.326550000E-03 1.755595529E+00 2.146728811E-03 1.488972023E+02
8.334910000E-03 1.779338741E+00 3.177054337E-03 1.487478569E+02
8.344160000E-03 1.807266163E+00 4.818871767E-03 1.485829610E+02
8.352410000E-03 1.833740616E+00 6.887707950E-03 1.484361999E+02
8.358910000E-03 1.855735718E+00 9.035402241E-03 1.483207739E+02
8.363110000E-03 1.870526833E+00 1.072286533E-02 1.482462864E+02
8.366320000E-03 1.882136383E+00 1.220115672E-02 1.481894071E+02
8.369230000E-03 1.892902892E+00 1.367464134E-02 1.481378813E+02
8.371230000E-03 1.900394931E+00 1.477772489E-02 1.481024891E+02
8.373200000E-03 1.907905954E+00 1.594316647E-02 1.480676444E+02
8.375140000E-03 1.915455828E+00 1.717252059E-02 1.480333463E+02
8.376430000E-03 1.920499018E+00 1.802828646E-02 1.480105486E+02
8.378970000E-03 1.930584838E+00 1.983238470E-02 1.479656807E+02
8.383950000E-03 1.950860120E+00 2.380772774E-02 1.478777903E+02
8.388770000E-03 1.971162987E+00 2.829048557E-02 1.477928230E+02
8.395720000E-03 2.001615172E+00 3.600152691E-02 1.476704797E+02
8.397960000E-03 2.011735517E+00 3.884042487E-02 1.476310914E+02
8.404490000E-03 2.041960557E+00 4.817233344E-02 1.475163871E+02
8.413730000E-03 2.086530376E+00 6.444547066E-02 1.473543838E+02
8.425070000E-03 2.143849013E+00 9.018923504E-02 1.471560474E+02
8.436300000E-03 2.202598115E+00 1.230527169E-01 1.469601603E+02
8.459360000E-03 2.324164288E+00 2.169734316E-01 1.465595506E+02
8.461860000E-03 2.337103788E+00 2.295098984E-01 1.465162506E+02
8.466670000E-03 2.361260019E+00 2.549435485E-01 1.464330132E+02
8.471180000E-03 2.383375998E+00 2.804066527E-01 1.463550533E+02
8.475410000E-03 2.403533473E+00 3.056950039E-01 1.462820088E+02
8.481280000E-03 2.429948290E+00 3.429324925E-01 1.461807652E+02
8.482020000E-03 2.433084108E+00 3.479063887E-01 1.461680119E+02
8.486620000E-03 2.452608619E+00 3.789286811E-01 1.460887845E+02
8.493080000E-03 2.477661116E+00 4.251457966E-01 1.459776665E+02
8.498760000E-03 2.497470465E+00 4.679480250E-01 1.458801049E+02
8.500230000E-03 2.502027965E+00 4.794480924E-01 1.458548769E+02
8.503760000E-03 2.513009441E+00 5.071023448E-01 1.457943310E+02
8.512250000E-03 2.534362345E+00 5.765776172E-01 1.456489177E+02
8.521790000E-03 2.550803899E+00 6.579869073E-01 1.454858662E+02
8.527540000E-03 2.548370696E+00 7.088460649E-01 1.453877672E+02
8.554860000E-03 2.536889794E+00 9.484640808E-01 1.449234704E+02
8.556580000E-03 2.536177475E+00 9.634530882E-01 1.448943386E+02
8.568290000E-03 2.505158824E+00 1.060858754E+00 1.446963163E+02
8.582610000E-03 2.451558415E+00 1.169772050E+00 1.444548919E+02
8.610000000E-03 2.317510371E+00 1.342055836E+00 1.439953542E+02
8.639390000E-03 2.150004296E+00 1.464121015E+00 1.435055021E+02
8.664500000E-03 2.010243208E+00 1.523244953E+00 1.430896186E+02
8.677900000E-03 1.940805995E+00 1.541586249E+00 1.428686664E+02
8.687160000E-03 1.896681198E+00 1.549107537E+00 1.427163768E+02
8.696290000E-03 1.854194887E+00 1.555503510E+00 1.425665427E+02
8.709980000E-03 1.795347536E+00 1.560097485E+00 1.423424623E+02
8.723670000E-03 1.742920312E+00 1.560538156E+00 1.421190852E+02
8.732070000E-03 1.710892609E+00 1.560805831E+00 1.419823707E+02
8.742260000E-03 1.679921720E+00 1.557884605E+00 1.418168757E+02
8.763310000E-03 1.616347151E+00 1.551877937E+00 1.414762230E+02
8.784360000E-03 1.555973773E+00 1.545414126E+00 1.411372029E+02
8.805410000E-03 1.510109134E+00 1.536308214E+00 1.407998038E+02
8.826460000E-03 1.464692936E+00 1.527269706E+00 1.404640139E+02
8.847520000E-03 1.419701718E+00 1.518298058E+00 1.401296635E+02
8.868570000E-03 1.377631379E+00 1.509374832E+00 1.397970586E+02
8.889620000E-03 1.343904471E+00 1.500447202E+00 1.394660289E+02
8.910670000E-03 1.310509097E+00 1.491588729E+00 1.391365632E+02
8.935660000E-03 1.271252447E+00 1.481158641E+00 1.387474456E+02
8.973830000E-03 1.224563048E+00 1.465193123E+00 1.381572862E+02
9.007820000E-03 1.183645586E+00 1.451159982E+00 1.376359652E+02
9.071550000E-03 1.110682695E+00 1.425242332E+00 1.366690367E+02
9.183090000E-03 1.012159770E+00 1.380542538E+00 1.350090220E+02
9.298590000E-03 9.276742429E-01 1.335528154E+00 1.333320428E+02
9.351010000E-03 8.967994523E-01 1.315307677E+00 1.325846085E+02
9.440610000E-03 8.474016356E-01 1.281588699E+00 1.313262596E+02
9.566110000E-03 7.909813720E-01 1.234463533E+00 1.296033602E+02
9.634840000E-03 7.661657938E-01 1.208971742E+00 1.286788364E+02
9.670640000E-03 7.535259520E-01 1.195929606E+00 1.282024768E+02
9.705120000E-03 7.415517749E-01 1.183521268E+00 1.277470036E+02
9.718250000E-03 7.370334105E-01 1.178833784E+00 1.275744090E+02
9.742050000E-03 7.288974481E-01 1.170389362E+00 1.272627424E+02
9.765850000E-03 7.214242203E-01 1.161936254E+00 1.269525950E+02
9.789650000E-03 7.146332394E-01 1.153466221E+00 1.266439556E+02
9.822250000E-03 7.054366347E-01 1.141978103E+00 1.262236249E+02
9.861060000E-03 6.950281086E-01 1.128407383E+00 1.257268488E+02
9.908670000E-03 6.841390250E-01 1.111861640E+00 1.251227460E+02
9.956280000E-03 6.741976015E-01 1.095640046E+00 1.245244208E+02
9.963300000E-03 6.728721672E-01 1.093293671E+00 1.244366826E+02
9.969030000E-03 6.717999660E-01 1.091381382E+00 1.243651589E+02
1.000700000E-02 6.647369102E-01 1.078808937E+00 1.238932747E+02
1.002770000E-02 6.609175929E-01 1.072017308E+00 1.236375241E+02
1.005150000E-02 6.565769890E-01 1.064268911E+00 1.233447744E+02
1.007530000E-02 6.525265158E-01 1.056520332E+00 1.230534078E+02
1.009910000E-02 6.486129705E-01 1.048812538E+00 1.227634146E+02
1.011510000E-02 6.461666008E-01 1.043630671E+00 1.225692282E+02
1.012310000E-02 6.449566238E-01 1.041048702E+00 1.224723652E+02
1.013100000E-02 6.437438756E-01 1.038494086E+00 1.223768631E+02
1.014000000E-02 6.423975467E-01 1.035602977E+00 1.222682446E+02
1.016700000E-02 6.383770883E-01 1.026981223E+00 1.219435428E+02
1.018090000E-02 6.364133006E-01 1.022555383E+00 1.217770531E+02
1.020580000E-02 6.331897903E-01 1.014603763E+00 1.214799428E+02
1.023080000E-02 6.300091647E-01 1.006697665E+00 1.211830942E+02
1.025570000E-02 6.268565965E-01 9.988759853E-01 1.208888716E+02
1.027470000E-02 6.244732724E-01 9.929501871E-01 1.206653236E+02
1.029180000E-02 6.228197422E-01 9.876400379E-01 1.204648361E+02
1.031120000E-02 6.213482202E-01 9.815804197E-01 1.202381876E+02
1.032090000E-02 6.206176055E-01 9.785657206E-01 1.201251829E+02
1.033050000E-02 6.198830426E-01 9.755781979E-01 1.200135521E+02
1.034920000E-02 6.184905343E-01 9.698038320E-01 1.197966993E+02
1.035230000E-02 6.182541358E-01 9.688473477E-01 1.197608261E+02
1.035860000E-02 6.178026686E-01 9.669199131E-01 1.196879887E+02
1.036950000E-02 6.169841621E-01 9.635793560E-01 1.195621775E+02
1.037490000E-02 6.165856750E-01 9.619221698E-01 1.194999470E+02
1.037680000E-02 6.164433332E-01 9.613463269E-01 1.194780665E+02
1.037920000E-02 6.162738608E-01 9.606127617E-01 1.194504393E+02
1.037980000E-02 6.162283119E-01 9.604323519E-01 1.194435346E+02
1.038120000E-02 6.161263637E-01 9.600089611E-01 1.194274265E+02
1.041160000E-02 6.141009795E-01 9.508429823E-01 1.190787199E+02
1.043030000E-02 6.131556778E-01 9.453186941E-01 1.188652292E+02
1.043940000E-02 6.126996882E-01 9.426453541E-01 1.187616147E+02
1.045300000E-02 6.120097353E-01 9.386578120E-01 1.186070984E+02
1.046660000E-02 6.113373050E-01 9.346890641E-01 1.184529838E+02
1.048580000E-02 6.103806010E-01 9.291133248E-01 1.182360907E+02
1.050510000E-02 6.094409171E-01 9.235544840E-01 1.180188670E+02
1.053000000E-02 6.082406066E-01 9.164211953E-01 1.177397911E+02
1.055530000E-02 6.070360554E-01 9.092386782E-01 1.174575806E+02
1.058060000E-02 6.060699951E-01 9.021118253E-01 1.171767197E+02
1.061640000E-02 6.053335424E-01 8.921274187E-01 1.167815832E+02
1.062980000E-02 6.052012171E-01 8.883780927E-01 1.166343675E+02
1.064310000E-02 6.052832854E-01 8.845966849E-01 1.164886170E+02
1.068180000E-02 6.055306491E-01 8.737098924E-01 1.160665805E+02
1.077030000E-02 6.061292770E-01 8.492998516E-01 1.151128567E+02
1.078300000E-02 6.062234041E-01 8.458591685E-01 1.149772791E+02
1.079430000E-02 6.062873132E-01 8.427945606E-01 1.148569152E+02
1.079950000E-02 6.065595825E-01 8.413946217E-01 1.148016112E+02
1.080230000E-02 6.067042236E-01 8.406442250E-01 1.147718541E+02
1.080700000E-02 6.069396008E-01 8.393728815E-01 1.147219395E+02
1.081080000E-02 6.071329906E-01 8.383578324E-01 1.146816147E+02
1.082390000E-02 6.077880812E-01 8.348450097E-01 1.145428173E+02
1.083050000E-02 6.081243866E-01 8.330869472E-01 1.144730160E+02
1.083710000E-02 6.084601635E-01 8.313313698E-01 1.144032998E+02
1.085820000E-02 6.098630175E-01 8.257537562E-01 1.141809876E+02
1.088480000E-02 6.119660618E-01 8.188156162E-01 1.139019550E+02
1.089150000E-02 6.125016477E-01 8.170782535E-01 1.138318873E+02
1.091810000E-02 6.145964489E-01 8.102111587E-01 1.135545562E+02
1.094380000E-02 6.166008829E-01 8.036395363E-01 1.132878890E+02
1.095220000E-02 6.172464514E-01 8.014958754E-01 1.132010007E+02
1.096490000E-02 6.182361701E-01 7.982752125E-01 1.130698866E+02
1.097750000E-02 6.192039142E-01 7.950829347E-01 1.129401048E+02
1.098930000E-02 6.201129230E-01 7.921147458E-01 1.128188329E+02
1.100690000E-02 6.214524741E-01 7.876989077E-01 1.126384359E+02
1.101580000E-02 6.221323303E-01 7.854857899E-01 1.125474319E+02
1.102460000E-02 6.228036433E-01 7.832918590E-01 1.124575948E+02
1.103790000E-02 6.238143169E-01 7.799912552E-01 1.123220903E+02
1.104450000E-02 6.243091659E-01 7.783536745E-01 1.122549685E+02
1.104790000E-02 6.245743813E-01 7.775220683E-01 1.122204220E+02
1.105450000E-02 6.250678339E-01 7.758884226E-01 1.121534217E+02
1.106620000E-02 6.259506288E-01 7.730180400E-01 1.120348448E+02
1.106760000E-02 6.260565507E-01 7.726677130E-01 1.120206730E+02
1.107020000E-02 6.262434750E-01 7.720360581E-01 1.119943632E+02
1.107400000E-02 6.265337900E-01 7.711034564E-01 1.119559328E+02
1.107590000E-02 6.266731908E-01 7.706370035E-01 1.119367275E+02
1.107780000E-02 6.268125178E-01 7.701708254E-01 1.119175288E+02
1.110440000E-02 6.288002854E-01 7.636910032E-01 1.116494363E+02
1.111110000E-02 6.293038634E-01 7.620719413E-01 1.115821116E+02
1.113100000E-02 6.309408732E-01 7.572642499E-01 1.113826251E+02
1.113940000E-02 6.320771788E-01 7.552516167E-01 1.112986337E+02
1.116440000E-02 6.354772524E-01 7.492739376E-01 1.110494070E+02
1.118760000E-02 6.386017479E-01 7.437659392E-01 1.108191212E+02
1.121090000E-02 6.417099211E-01 7.382827967E-01 1.105888020E+02
1.123060000E-02 6.443701915E-01 7.336739611E-01 1.103948142E+02
1.125760000E-02 6.486837198E-01 7.274487633E-01 1.101300455E+02
1.129070000E-02 6.538994515E-01 7.199006475E-01 1.098071864E+02
1.132450000E-02 6.614116342E-01 7.122613837E-01 1.094794472E+02
1.134760000E-02 6.667220486E-01 7.070969110E-01 1.092565829E+02
1.137790000E-02 6.736471392E-01 7.003598667E-01 1.089656263E+02
1.140060000E-02 6.787890486E-01 6.953579871E-01 1.087486624E+02
1.142850000E-02 6.850385054E-01 6.892610271E-01 1.084831780E+02
1.149440000E-02 7.018473474E-01 6.750487761E-01 1.078612194E+02
1.160180000E-02 7.410429252E-01 6.526349536E-01 1.068627282E+02
1.169270000E-02 7.933646523E-01 6.371615875E-01 1.060319687E+02
1.180160000E-02 8.958826983E-01 6.531072960E-01 1.050535521E+02
1.191450000E-02 9.896666993E-01 7.828040679E-01 1.040580805E+02
1.194060000E-02 9.882171261E-01 8.260085814E-01 1.038306283E+02
1.199510000E-02 9.658374677E-01 9.112826650E-01 1.033588715E+02
1.210090000E-02 8.495687718E-01 9.989151437E-01 1.024551893E+02
1.224850000E-02 7.217951042E-01 9.915794006E-01 1.012205576E+02
1.259640000E-02 5.924523008E-01 9.146340552E-01 9.842494681E+01
1.292210000E-02 5.314134529E-01 8.452326048E-01 9.594415768E+01
1.339030000E-02 4.847546829E-01 7.525194941E-01 9.258941174E+01
1.365110000E-02 4.699312800E-01 7.049844915E-01 9.082051996E+01
1.380510000E-02 4.642429103E-01 6.779450347E-01 8.980739002E+01
1.392250000E-02 4.613605926E-01 6.578878383E-01 8.905009876E+01
1.400890000E-02 4.596423957E-01 6.437208900E-01 8.850088158E+01
1.403730000E-02 4.590947508E-01 6.391299063E-01 8.832182827E+01
1.409200000E-02 4.582057548E-01 6.303499986E-01 8.797899517E+01
1.413230000E-02 4.577853535E-01 6.239040240E-01 8.772811220E+01
1.416480000E-02 4.574704294E-01 6.187600066E-01 8.752682706E+01
1.417940000E-02 4.573275352E-01 6.164636410E-01 8.743670395E+01
1.418430000E-02 4.572897190E-01 6.157055842E-01 8.740649873E+01
1.419300000E-02 4.572266682E-01 6.143608819E-01 8.735292045E+01
1.425410000E-02 4.567957468E-01 6.050119136E-01 8.697848338E+01
1.428900000E-02 4.566129209E-01 5.997211365E-01 8.676604381E+01
1.432390000E-02 4.565260053E-01 5.944537682E-01 8.655463945E+01
1.435880000E-02 4.564597778E-01 5.892277778E-01 8.634426275E+01
1.437630000E-02 4.564632185E-01 5.866203975E-01 8.623915750E+01
1.439370000E-02 4.564606970E-01 5.840320627E-01 8.613490624E+01
1.441120000E-02 4.564606524E-01 5.814464412E-01 8.603030976E+01
1.442870000E-02 4.564821484E-01 5.788676497E-01 8.592596700E+01
1.445480000E-02 4.565290861E-01 5.750266272E-01 8.577081661E+01
1.448980000E-02 4.566336020E-01 5.699207539E-01 8.556363787E+01
1.449740000E-02 4.566566621E-01 5.688111166E-01 8.551878268E+01
1.450110000E-02 4.566706635E-01 5.682694968E-01 8.549696230E+01
1.450220000E-02 4.566807055E-01 5.681155204E-01 8.549047731E+01
1.452970000E-02 4.567951381E-01 5.641264003E-01 8.532867162E+01
1.453340000E-02 4.568096218E-01 5.635948230E-01 8.530694813E+01
1.456830000E-02 4.569639419E-01 5.585797839E-01 8.510258575E+01
1.460320000E-02 4.571943741E-01 5.535860747E-01 8.489920018E+01
1.462180000E-02 4.573446663E-01 5.509416401E-01 8.479120218E+01
1.465560000E-02 4.577444492E-01 5.462256314E-01 8.459564944E+01
1.467310000E-02 4.579573119E-01 5.438025336E-01 8.449475571E+01
1.470800000E-02 4.583772427E-01 5.389929430E-01 8.429426163E+01
1.474290000E-02 4.588438444E-01 5.342119221E-01 8.409471678E+01
1.477780000E-02 4.594134729E-01 5.294478213E-01 8.389611444E+01
1.481270000E-02 4.599837473E-01 5.247226352E-01 8.369844795E+01
1.488350000E-02 4.611485563E-01 5.152544770E-01 8.330029899E+01
1.491940000E-02 4.618860015E-01 5.105595528E-01 8.309985656E+01
1.498760000E-02 4.634208092E-01 5.018890402E-01 8.272171662E+01
1.505640000E-02 4.649681790E-01 4.932850913E-01 8.234372094E+01
1.524490000E-02 4.692931184E-01 4.703516194E-01 8.132555806E+01
1.556070000E-02 4.785052515E-01 4.342440501E-01 7.967507888E+01
1.604910000E-02 4.954925649E-01 3.843930387E-01 7.725043772E+01
1.704420000E-02 5.372868764E-01 3.013689787E-01 7.274028702E+01
1.912560000E-02 6.268480145E-01 1.870102995E-01 6.482411009E+01
2.029660000E-02 6.725500947E-01 1.457954596E-01 6.108412246E+01
2.050770000E-02 6.802767659E-01 1.395827774E-01 6.045534116E+01
2.065920000E-02 6.858210094E-01 1.353305113E-01 6.001200434E+01
2.076010000E-02 6.895033435E-01 1.326250116E-01 5.972032890E+01
2.086110000E-02 6.931354294E-01 1.299638329E-01 5.943119011E+01
2.091150000E-02 6.949261228E-01 1.286514101E-01 5.928795161E+01
2.096810000E-02 6.969202685E-01 1.271929558E-01 5.912791335E+01
2.104590000E-02 6.996317960E-01 1.252095512E-01 5.890933626E+01
2.112940000E-02 7.025435552E-01 1.231484870E-01 5.867653601E+01
2.119390000E-02 7.047703039E-01 1.216033709E-01 5.849796404E+01
2.131540000E-02 7.089091558E-01 1.187368118E-01 5.816451955E+01
2.141630000E-02 7.122912335E-01 1.163986794E-01 5.789048528E+01
2.151730000E-02 7.156344336E-01 1.141243206E-01 5.761875328E+01
2.170210000E-02 7.216555186E-01 1.101072745E-01 5.712811203E+01
2.191690000E-02 7.284704077E-01 1.056358781E-01 5.656821905E+01
2.202450000E-02 7.318159637E-01 1.034736726E-01 5.629185680E+01
2.232280000E-02 7.413793962E-01 9.781272453E-02 5.553962765E+01
2.318800000E-02 7.686936793E-01 9.092168563E-02 5.346731068E+01
2.381100000E-02 7.791699521E-01 8.281047471E-02 5.206837176E+01
2.620820000E-02 8.267760661E-01 5.523180057E-02 4.730580505E+01
2.862040000E-02 8.663039683E-01 3.819741815E-02 4.331875166E+01
3.158150000E-02 9.043126833E-01 2.544289759E-02 3.925716005E+01
3.286350000E-02 9.188053869E-01 2.162110245E-02 3.772574437E+01
3.381550000E-02 9.283652797E-01 1.924200587E-02 3.666366016E+01
3.425560000E-02 9.324654329E-01 1.826264793E-02 3.619262252E+01
3.459890000E-02 9.356104400E-01 1.753627124E-02 3.583350916E+01
3.483340000E-02 9.378738551E-01 1.706669854E-02 3.559227638E+01
3.501910000E-02 9.396819950E-01 1.670607765E-02 3.540353693E+01
3.521060000E-02 9.415105458E-01 1.634213276E-02 3.521098760E+01
3.533120000E-02 9.426441520E-01 1.611635252E-02 3.509079793E+01
3.540780000E-02 9.433567430E-01 1.597439852E-02 3.501488373E+01
3.543030000E-02 9.435653590E-01 1.593283976E-02 3.499264754E+01
3.550360000E-02 9.442394788E-01 1.580157725E-02 3.492040244E+01
3.555800000E-02 9.447361205E-01 1.570554515E-02 3.486697790E+01
3.557610000E-02 9.449016766E-01 1.567360499E-02 3.484923867E+01
3.559800000E-02 9.451004924E-01 1.563532474E-02 3.482779931E+01
3.570750000E-02 9.460889734E-01 1.544493607E-02 3.472099699E+01
3.575130000E-02 9.464808324E-01 1.536932950E-02 3.467845924E+01
3.583880000E-02 9.472600767E-01 1.521917037E-02 3.459379220E+01
3.592640000E-02 9.480315908E-01 1.507031330E-02 3.450944152E+01
3.601400000E-02 9.487972986E-01 1.492261601E-02 3.442550119E+01
3.605780000E-02 9.491770617E-01 1.484934499E-02 3.438368397E+01
3.610590000E-02 9.495926248E-01 1.476904459E-02 3.433787830E+01
3.614530000E-02 9.499312464E-01 1.470498214E-02 3.430044847E+01
3.619280000E-02 9.503372539E-01 1.462806098E-02 3.425543202E+01
3.625480000E-02 9.508638727E-01 1.452953736E-02 3.419685118E+01
3.634230000E-02 9.516020693E-01 1.439134346E-02 3.411451669E+01
3.638610000E-02 9.519683289E-01 1.432264233E-02 3.407345113E+01
3.642720000E-02 9.523113013E-01 1.425853296E-02 3.403500681E+01
3.643330000E-02 9.523627149E-01 1.424896313E-02 3.402930835E+01
3.643560000E-02 9.523812377E-01 1.424539218E-02 3.402716025E+01
3.644610000E-02 9.524680537E-01 1.422905926E-02 3.401735714E+01
3.645180000E-02 9.525162449E-01 1.422023540E-02 3.401203781E+01
3.645450000E-02 9.525378568E-01 1.421594229E-02 3.400951872E+01
3.646510000E-02 9.526258074E-01 1.419945704E-02 3.399963253E+01
3.656130000E-02 9.534193181E-01 1.405081244E-02 3.391017278E+01
3.662690000E-02 9.539563453E-01 1.395008444E-02 3.384943853E+01
3.667070000E-02 9.543122186E-01 1.388333509E-02 3.380900828E+01
3.673640000E-02 9.548969278E-01 1.378357924E-02 3.374854368E+01
3.680210000E-02 9.554981915E-01 1.368444661E-02 3.368829496E+01
3.688960000E-02 9.562947852E-01 1.355340618E-02 3.360838827E+01
3.699180000E-02 9.572145197E-01 1.340206529E-02 3.351553588E+01
3.706480000E-02 9.578653874E-01 1.329815475E-02 3.344952624E+01
3.715230000E-02 9.586400982E-01 1.317453333E-02 3.337074690E+01
3.723990000E-02 9.594072217E-01 1.305185549E-02 3.329224837E+01
3.732810000E-02 9.601738543E-01 1.292927052E-02 3.321358440E+01
3.741630000E-02 9.609337180E-01 1.280769502E-02 3.313529130E+01
3.750580000E-02 9.616974086E-01 1.268545230E-02 3.305622064E+01
3.759520000E-02 9.624540788E-01 1.256429392E-02 3.297761416E+01
3.768470000E-02 9.632042036E-01 1.244456228E-02 3.289929335E+01
3.777410000E-02 9.639474583E-01 1.232695503E-02 3.282143056E+01
3.786360000E-02 9.646891247E-01 1.221073659E-02 3.274384897E+01
3.795300000E-02 9.654634113E-01 1.209592404E-02 3.266671936E+01
3.813190000E-02 9.669906379E-01 1.187219719E-02 3.251345986E+01
3.822930000E-02 9.678110212E-01 1.175193624E-02 3.243062259E+01
3.845920000E-02 9.697169078E-01 1.147301442E-02 3.223676000E+01
3.873220000E-02 9.719207721E-01 1.115494373E-02 3.200954245E+01
3.934440000E-02 9.766515041E-01 1.048188162E-02 3.151147304E+01
3.969010000E-02 9.791972621E-01 1.012483070E-02 3.123700873E+01
3.988550000E-02 9.805992711E-01 9.930445306E-03 3.108397789E+01
3.998320000E-02 9.813033675E-01 9.834451182E-03 3.100802337E+01
4.010090000E-02 9.822924424E-01 9.719923364E-03 3.091701184E+01
4.027620000E-02 9.838000814E-01 9.553601280E-03 3.078244720E+01
4.039660000E-02 9.848691581E-01 9.441363786E-03 3.069070169E+01
4.047160000E-02 9.855292596E-01 9.373116226E-03 3.063382718E+01
4.056930000E-02 9.863816529E-01 9.284808607E-03 3.056005403E+01
4.066700000E-02 9.872260318E-01 9.197324066E-03 3.048663536E+01
4.076470000E-02 9.880616492E-01 9.110570538E-03 3.041356860E+01
4.088210000E-02 9.890566235E-01 9.007234322E-03 3.032623080E+01
4.098250000E-02 9.898978493E-01 8.919899970E-03 3.025193680E+01
4.115550000E-02 9.913282218E-01 8.772679380E-03 3.012477069E+01
4.125320000E-02 9.921254755E-01 8.691169013E-03 3.005342616E+01
4.135080000E-02 9.929152659E-01 8.611181090E-03 2.998249127E+01
4.144850000E-02 9.936977439E-01 8.532049784E-03 2.991181828E+01
4.161560000E-02 9.950187387E-01 8.398227523E-03 2.979171272E+01
4.178550000E-02 9.966205126E-01 8.264130702E-03 2.967057951E+01
4.190200000E-02 9.977040849E-01 8.173237076E-03 2.958808649E+01
4.205480000E-02 9.991064481E-01 8.057146944E-03 2.948058248E+01
4.210580000E-02 9.995691361E-01 8.019453749E-03 2.944487458E+01
4.220890000E-02 1.000498668E+00 7.943740207E-03 2.937295215E+01
4.231200000E-02 1.001419930E+00 7.868591194E-03 2.930138022E+01
4.241510000E-02 1.002331470E+00 7.794155015E-03 2.923015624E+01
4.250180000E-02 1.003091105E+00 7.731975543E-03 2.917052925E+01
4.258850000E-02 1.003844541E+00 7.670313578E-03 2.911114503E+01
4.265650000E-02 1.004431588E+00 7.622225739E-03 2.906473808E+01
4.272450000E-02 1.005014124E+00 7.574389783E-03 2.901847886E+01
4.282770000E-02 1.005890812E+00 7.502923548E-03 2.894855432E+01
4.293080000E-02 1.006759054E+00 7.432503717E-03 2.887903323E+01
4.304060000E-02 1.007674065E+00 7.358385196E-03 2.880536052E+01
4.314650000E-02 1.008547789E+00 7.287601223E-03 2.873465982E+01
4.325250000E-02 1.009413570E+00 7.217654337E-03 2.866423906E+01
4.325940000E-02 1.009471204E+00 7.213200173E-03 2.865966703E+01
4.335840000E-02 1.010407019E+00 7.149389110E-03 2.859422857E+01
4.346640000E-02 1.011444519E+00 7.080410487E-03 2.852318112E+01
4.357470000E-02 1.012504971E+00 7.011988797E-03 2.845228998E+01
4.367300000E-02 1.013487709E+00 6.951060182E-03 2.838824903E+01
4.380460000E-02 1.014924158E+00 6.873327171E-03 2.830296362E+01
4.399070000E-02 1.017108623E+00 6.777510224E-03 2.818322964E+01
4.415280000E-02 1.019143312E+00 6.734289030E-03 2.807975938E+01
4.431720000E-02 1.021369694E+00 6.791566315E-03 2.797559413E+01
4.464810000E-02 1.026283454E+00 7.675529314E-03 2.776825890E+01
4.492290000E-02 1.030123164E+00 9.607403043E-03 2.759839636E+01
4.533500000E-02 1.033675797E+00 1.331249386E-02 2.734752399E+01
4.588600000E-02 1.036782475E+00 1.577331651E-02 2.701913438E+01
4.619920000E-02 1.039217974E+00 1.636316950E-02 2.683596253E+01
4.642500000E-02 1.041109045E+00 1.677986911E-02 2.670543888E+01
4.659930000E-02 1.042699256E+00 1.714049831E-02 2.660554987E+01
4.688470000E-02 1.045431933E+00 1.782998923E-02 2.644359461E+01
4.699630000E-02 1.046524660E+00 1.812723075E-02 2.638080019E+01
4.717500000E-02 1.048316251E+00 1.865518900E-02 2.628086910E+01
4.744640000E-02 1.051284360E+00 1.957561771E-02 2.613053888E+01
4.770320000E-02 1.054276601E+00 2.058099524E-02 2.598987070E+01
4.801400000E-02 1.058088453E+00 2.197060520E-02 2.582163536E+01
4.929170000E-02 1.075675340E+00 3.325609593E-02 2.515230759E+01
4.997650000E-02 1.082678913E+00 4.227874642E-02 2.480765960E+01
5.069970000E-02 1.089701808E+00 5.256024188E-02 2.445379361E+01
5.152480000E-02 1.096177199E+00 6.719580991E-02 2.406219917E+01
5.250000000E-02 1.098265585E+00 8.701665605E-02 2.361523810E+01
5.427590000E-02 1.092363093E+00 1.181563633E-01 2.284255075E+01
5.639970000E-02 1.077763770E+00 1.512467262E-01 2.198238643E+01
5.709960000E-02 1.070669652E+00 1.637545285E-01 2.171293669E+01
5.744980000E-02 1.065894599E+00 1.700928458E-01 2.158057991E+01
5.839580000E-02 1.048959632E+00 1.852842499E-01 2.123097894E+01
5.900000000E-02 1.035827099E+00 1.929090625E-01 2.101355932E+01
5.956620000E-02 1.021831278E+00 1.981285479E-01 2.081381723E+01
5.987330000E-02 1.013784663E+00 1.999758525E-01 2.070705974E+01
6.015000000E-02 1.006339677E+00 2.008845645E-01 2.061180382E+01
6.040000000E-02 9.995432932E-01 2.010989179E-01 2.052649007E+01
6.101730000E-02 9.832379734E-01 1.990453950E-01 2.031882761E+01
6.165950000E-02 9.682251019E-01 1.937796696E-01 2.010720165E+01
6.240000000E-02 9.537317275E-01 1.855294218E-01 1.986858974E+01
6.350000000E-02 9.372243144E-01 1.710569394E-01 1.952440945E+01
6.456540000E-02 9.266362779E-01 1.562463839E-01 1.920223525E+01
6.592580000E-02 9.183021985E-01 1.390516398E-01 1.880599098E+01
6.831150000E-02 9.118847632E-01 1.133210549E-01 1.814921353E+01
7.161430000E-02 9.116087349E-01 8.634624661E-02 1.731218486E+01
7.602030000E-02 9.174346204E-01 6.137376489E-02 1.630880173E+01
8.144570000E-02 9.270489180E-01 4.141724717E-02 1.522241199E+01
8.648090000E-02 9.359215521E-01 2.933869685E-02 1.433611352E+01
9.168090000E-02 9.442313995E-01 2.093094423E-02 1.352299116E+01
9.799910000E-02 9.528666994E-01 1.424145995E-02 1.265113659E+01
1.040910000E-01 9.598287787E-01 1.007882233E-02 1.191073196E+01
1.111390000E-01 9.664238132E-01 6.952156769E-03 1.115539999E+01
1.122020000E-01 9.673222412E-01 6.586390567E-03 1.104971391E+01
1.129990000E-01 9.679765481E-01 6.328100620E-03 1.097177851E+01
1.144400000E-01 9.691735413E-01 5.892328616E-03 1.083362461E+01
1.151100000E-01 9.697460736E-01 5.704562718E-03 1.077056728E+01
1.165190000E-01 9.710547322E-01 5.441460430E-03 1.064032475E+01
1.216190000E-01 9.736075981E-01 5.398581086E-03 1.019413085E+01
1.319970000E-01 9.781930971E-01 3.544741611E-03 9.392637711E+00
1.418850000E-01 9.818931674E-01 2.435705085E-03 8.738062515E+00
1.437340000E-01 9.825200669E-01 2.279169996E-03 8.625655725E+00
1.462540000E-01 9.834262934E-01 2.098492119E-03 8.477033107E+00
1.495830000E-01 9.845370752E-01 2.257913078E-03 8.288375016E+00
1.621810000E-01 9.870048334E-01 1.665506845E-03 7.644545292E+00
1.733760000E-01 9.890292020E-01 1.228750186E-03 7.150932078E+00
1.811420000E-01 9.902523266E-01 1.022753106E-03 6.844354153E+00
1.829160000E-01 9.905093074E-01 9.837579639E-04 6.777974589E+00
1.846410000E-01 9.907506760E-01 9.478824873E-04 6.714651675E+00
1.862090000E-01 9.909638999E-01 9.169679395E-04 6.658109973E+00
1.880640000E-01 9.912077943E-01 8.825854666E-04 6.592436617E+00
1.907060000E-01 9.915569808E-01 8.373425488E-04 6.501106415E+00
1.966010000E-01 9.923073308E-01 7.788082856E-04 6.306173417E+00
2.056890000E-01 9.932705863E-01 6.970967086E-04 6.027546441E+00
2.083130000E-01 9.935577138E-01 6.788322676E-04 5.951620878E+00
2.186000000E-01 9.944519355E-01 8.270245505E-04 5.671546203E+00
2.230000000E-01 9.947053337E-01 8.327341505E-04 5.559641256E+00
2.350000000E-01 9.954997806E-01 7.270473813E-04 5.275744681E+00
2.442000000E-01 9.961065115E-01 7.077000421E-04 5.076986077E+00
2.523400000E-01 9.966085768E-01 7.362695182E-04 4.913212333E+00
2.615000000E-01 9.971271459E-01 8.144515621E-04 4.741108987E+00
2.706170000E-01 9.975886169E-01 9.394458393E-04 4.581382544E+00
2.800400000E-01 9.979964804E-01 1.114529688E-03 4.427224682E+00
2.933070000E-01 9.984217032E-01 1.411439826E-03 4.226970376E+00
3.040000000E-01 9.986590638E-01 1.649939564E-03 4.078289474E+00
3.130000000E-01 9.987924747E-01 1.836480367E-03 3.961022364E+00
3.270000000E-01 9.989049560E-01 2.086981928E-03 3.791437309E+00
3.420000000E-01 9.989269007E-01 2.289002487E-03 3.625146199E+00
3.606050000E-01 9.988710696E-01 2.429887882E-03 3.438110952E+00
3.943830000E-01 9.987226789E-01 2.444024476E-03 3.143644630E+00
4.350950000E-01 9.985955905E-01 2.254816948E-03 2.849492640E+00
4.777110000E-01 9.985766677E-01 1.963131458E-03 2.595292970E+00
4.964650000E-01 9.986407686E-01 1.850490536E-03 2.497255597E+00
5.098420000E-01 9.986402470E-01 1.829963536E-03 2.431733753E+00
5.348960000E-01 9.986393828E-01 1.734912281E-03 2.317833747E+00
5.904490000E-01 9.986423730E-01 1.438923341E-03 2.099757981E+00
6.799860000E-01 9.987802970E-01 1.041221378E-03 1.823272832E+00
7.322630000E-01 9.989025448E-01 8.695054327E-04 1.693107531E+00
7.486930000E-01 9.989338970E-01 8.619298708E-04 1.655952440E+00
7.885140000E-01 9.989665377E-01 7.608188860E-04 1.572324651E+00
8.818330000E-01 9.991034124E-01 5.656449718E-04 1.405935137E+00
9.981600000E-01 9.992494123E-01 4.061784151E-04 1.242085437E+00
1.089610000E+00 9.993434209E-01 3.226120073E-04 1.137838309E+00
1.288710000E+00 9.995046014E-01 1.975740094E-04 9.620473186E-01
1.561120000E+00 9.996518609E-01 1.107094049E-04 7.941734140E-01
1.905590000E+00 9.997656625E-01 5.960034576E-05 6.506121464E-01
2.220880000E+00 9.998317781E-01 3.667920264E-05 5.582471813E-01
2.459940000E+00 9.998692872E-01 2.641666314E-05 5.039960324E-01
2.602880000E+00 9.998900028E-01 2.200683333E-05 4.763185395E-01
2.687380000E+00 9.999037568E-01 1.983987989E-05 4.613415297E-01
2.732830000E+00 9.999143397E-01 1.909799056E-05 4.536689073E-01
2.747810000E+00 9.999194104E-01 1.989707703E-05 4.511956795E-01
2.759890000E+00 9.999239423E-01 2.194628644E-05 4.492208023E-01
2.771900000E+00 9.999279631E-01 2.568554847E-05 4.472744327E-01
2.790560000E+00 9.999307497E-01 3.367440034E-05 4.442835847E-01
2.808130000E+00 9.999289444E-01 3.996503594E-05 4.415037765E-01
2.824960000E+00 9.999258656E-01 4.267362141E-05 4.388734708E-01
2.855200000E+00 9.999235358E-01 4.270233613E-05 4.342252732E-01
2.882500000E+00 9.999255889E-01 4.324769578E-05 4.301127493E-01
2.906330000E+00 9.999273513E-01 4.718910783E-05 4.265861069E-01
2.931070000E+00 9.999251992E-01 5.205496496E-05 4.229854626E-01
2.957810000E+00 9.999205942E-01 5.354160985E-05 4.191614742E-01
3.000000000E+00 9.999165456E-01 5.140937976E-05 4.132666667E-01
3.063370000E+00 9.999149330E-01 4.762702971E-05 4.047176802E-01
3.162850000E+00 9.999157968E-01 4.258585792E-05 3.919882385E-01
3.279830000E+00 9.999191409E-01 3.749368768E-05 3.780073967E-01
3.347410000E+00 9.999224947E-01 3.507227658E-05 3.703759026E-01
3.391250000E+00 9.999252221E-01 3.541541899E-05 3.655879101E-01
3.427680000E+00 9.999254718E-01 3.642276794E-05 3.617023760E-01
3.486130000E+00 9.999250283E-01 3.516074781E-05 3.556379137E-01
3.594540000E+00 9.999268425E-01 3.166325225E-05 3.449120054E-01
3.758130000E+00 9.999309302E-01 2.715421957E-05 3.298981142E-01
3.902030000E+00 9.999350316E-01 2.382749287E-05 3.177320523E-01
3.983350000E+00 9.999377195E-01 2.271139963E-05 3.112455596E-01
4.073800000E+00 9.999393917E-01 2.178670760E-05 3.043350189E-01
4.192470000E+00 9.999419675E-01 1.976655983E-05 2.957206611E-01
4.299800000E+00 9.999445394E-01 1.862762095E-05 2.883389925E-01
4.415700000E+00 9.999464543E-01 1.726842876E-05 2.807708857E-01
4.623810000E+00 9.999502727E-01 1.476155473E-05 2.681338550E-01
4.930050000E+00 9.999554935E-01 1.185263588E-05 2.514781797E-01
5.325450000E+00 9.999613181E-01 9.088150257E-06 2.328066173E-01
5.769230000E+00 9.999667185E-01 6.889868923E-06 2.148986953E-01
6.264200000E+00 9.999715865E-01 5.169541598E-06 1.979183296E-01
6.986500000E+00 9.999770673E-01 3.529392717E-06 1.774565233E-01
7.852360000E+00 9.999818283E-01 2.338804047E-06 1.578888385E-01
9.025370000E+00 9.999862878E-01 1.428854444E-06 1.373683295E-01
1.038800000E+01 9.999897207E-01 8.654610373E-07 1.193492491E-01
1.183460000E+01 9.999921733E-01 5.427945804E-07 1.047606172E-01
1.278480000E+01 9.999933779E-01 4.111630711E-07 9.697453226E-02
1.339030000E+01 9.999940446E-01 3.481508262E-07 9.258941174E-02
1.375780000E+01 9.999944427E-01 3.157957374E-07 9.011615229E-02
1.393740000E+01 9.999946629E-01 3.052394920E-07 8.895489833E-02
1.401910000E+01 9.999947828E-01 3.156913778E-07 8.843649022E-02
1.408080000E+01 9.999948793E-01 3.441512363E-07 8.804897449E-02
1.414640000E+01 9.999949725E-01 4.013825991E-07 8.764067183E-02
1.423500000E+01 9.999950507E-01 5.073918863E-07 8.709518792E-02
1.431350000E+01 9.999950664E-01 5.889957153E-07 8.661752891E-02
1.439920000E+01 9.999950572E-01 6.341794627E-07 8.610200567E-02
1.453070000E+01 9.999950612E-01 6.375337628E-07 8.532279931E-02
1.470670000E+01 9.999951162E-01 6.123617624E-07 8.430171282E-02
1.503000000E+01 9.999952665E-01 5.654331790E-07 8.248835662E-02
1.550770000E+01 9.999955170E-01 5.036934945E-07 7.994738098E-02
1.600940000E+01 9.999957863E-01 4.477141656E-07 7.744200282E-02
1.639190000E+01 9.999959973E-01 4.101201897E-07 7.563491725E-02
1.660800000E+01 9.999961345E-01 3.980157135E-07 7.465077071E-02
1.673980000E+01 9.999962244E-01 4.147649719E-07 7.406301151E-02
1.686760000E+01 9.999962898E-01 4.527845004E-07 7.350186156E-02
1.702240000E+01 9.999963290E-01 4.844205209E-07 7.283344299E-02
1.720220000E+01 9.999963758E-01 4.824278853E-07 7.207217681E-02
1.743570000E+01 9.999964611E-01 4.863399530E-07 7.110698165E-02
1.761610000E+01 9.999965070E-01 4.986551793E-07 7.037880121E-02
1.789620000E+01 9.999965688E-01 4.828137569E-07 6.927727674E-02
1.826090000E+01 9.999966705E-01 4.498853187E-07 6.789369637E-02
1.883320000E+01 9.999968371E-01 4.033924307E-07 6.583055455E-02
1.961960000E+01 9.999970574E-01 3.491602915E-07 6.319191013E-02
2.044310000E+01 9.999972704E-01 3.014941714E-07 6.064637946E-02
2.148960000E+01 9.999975143E-01 2.522031003E-07 5.769302360E-02
2.258140000E+01 9.999977386E-01 2.112477451E-07 5.490359322E-02
2.389550000E+01 9.999979728E-01 1.724811477E-07 5.188424599E-02
2.514130000E+01 9.999981641E-01 1.435465339E-07 4.931328133E-02
2.676320000E+01 9.999983764E-01 1.145521912E-07 4.632480421E-02
2.854070000E+01 9.999985702E-01 9.071717996E-08 4.343971942E-02
3.049480000E+01 9.999987466E-01 7.126678573E-08 4.065611186E-02
3.335070000E+01 9.999989517E-01 5.142968832E-08 3.717463202E-02
3.698900000E+01 9.999991482E-01 3.519038774E-08 3.351807294E-02
4.236470000E+01 9.999993515E-01 2.136457668E-08 2.926493047E-02
4.847820000E+01 9.999995056E-01 1.298199313E-08 2.557438189E-02
5.547490000E+01 9.999996233E-01 7.877999974E-09 2.234884605E-02
6.314850000E+01 9.999997100E-01 4.867176770E-09 1.963308709E-02
7.171740000E+01 9.999997759E-01 3.027531380E-09 1.728729709E-02
8.142230000E+01 9.999998269E-01 1.885348580E-09 1.522678676E-02
8.720790000E+01 9.999998497E-01 1.458258270E-09 1.421660194E-02
9.074590000E+01 9.999998618E-01 1.256422045E-09 1.366232524E-02
9.296570000E+01 9.999998689E-01 1.147930264E-09 1.333610138E-02
9.407810000E+01 9.999998726E-01 1.121474040E-09 1.317841240E-02
9.449510000E+01 9.999998741E-01 1.171727304E-09 1.312025703E-02
9.480530000E+01 9.999998752E-01 1.280150330E-09 1.307732796E-02
9.507100000E+01 9.999998762E-01 1.450081303E-09 1.304078005E-02
9.535590000E+01 9.999998772E-01 1.730353723E-09 1.300181740E-02
9.569140000E+01 9.999998783E-01 2.188258337E-09 1.295623222E-02
9.632830000E+01 9.999998799E-01 3.223757981E-09 1.287056867E-02
9.680870000E+01 9.999998807E-01 3.851355514E-09 1.280670022E-02
9.730980000E+01 9.999998814E-01 4.197648017E-09 1.274075170E-02
9.806250000E+01 9.999998825E-01 4.287737045E-09 1.264295730E-02
9.910470000E+01 9.999998844E-01 4.158579573E-09 1.251000205E-02
1.008650000E+02 9.999998879E-01 3.910367168E-09 1.229167699E-02
1.030770000E+02 9.999998922E-01 3.614769667E-09 1.202790147E-02
1.068850000E+02 9.999998993E-01 3.183039127E-09 1.159938251E-02
1.111830000E+02 9.999999067E-01 2.764324098E-09 1.115098531E-02
1.166060000E+02 9.999999149E-01 2.327126293E-09 1.063238598E-02
1.246920000E+02 9.999999254E-01 1.828294529E-09 9.942899304E-03
1.353880000E+02 9.999999366E-01 1.361504161E-09 9.157384702E-03
1.480580000E+02 9.999999469E-01 9.844979619E-10 8.373745424E-03
1.666050000E+02 9.999999581E-01 6.415392179E-10 7.441553375E-03
1.905980000E+02 9.999999679E-01 3.941243193E-10 6.504790187E-03
2.182470000E+02 9.999999755E-01 2.413374102E-10 5.680719552E-03
2.492470000E+02 9.999999813E-01 1.494238636E-10 4.974182237E-03
2.858210000E+02 9.999999858E-01 9.152581415E-11 4.337679877E-03
3.283290000E+02 9.999999892E-01 5.597276380E-11 3.776090446E-03
3.765140000E+02 9.999999918E-01 3.466776510E-11 3.292839044E-03
4.334360000E+02 9.999999938E-01 2.134107833E-11 2.860399228E-03
5.036270000E+02 9.999999954E-01 1.283245328E-11 2.461742520E-03
5.873890000E+02 9.999999966E-01 7.714572588E-12 2.110696659E-03
6.858830000E+02 9.999999975E-01 4.672802814E-12 1.807596923E-03
8.015180000E+02 9.999999982E-01 2.855252827E-12 1.546814919E-03
9.441230000E+02 9.999999987E-01 1.725526077E-12 1.313176355E-03
1.173500000E+03 9.999999992E-01 8.821047709E-13 1.056497657E-03
1.347260000E+03 9.999999994E-01 5.723096559E-13 9.202381129E-04
1.561930000E+03 9.999999995E-01 3.602748216E-13 7.937615642E-04
1.859730000E+03 9.999999997E-01 2.084472160E-13 6.666559124E-04
2.135260000E+03 9.999999997E-01 1.352093274E-13 5.806318668E-04
2.515510000E+03 9.999999998E-01 8.096193780E-14 4.928622824E-04
2.947480000E+03 9.999999999E-01 4.924564325E-14 4.206305047E-04
3.384160000E+03 9.999999999E-01 3.194334964E-14 3.663538367E-04
4.051250000E+03 9.999999999E-01 1.818277845E-14 3.060290034E-04
4.671440000E+03 9.999999999E-01 1.163439009E-14 2.653999623E-04
5.392210000E+03 1.000000000E+00 7.423505401E-15 2.299242797E-04
6.448380000E+03 1.000000000E+00 4.237445320E-15 1.922653442E-04
7.403740000E+03 1.000000000E+00 2.748619882E-15 1.674559074E-04
8.684210000E+03 1.000000000E+00 1.668519943E-15 1.427648571E-04
1.000000000E+04 0.000000000E+00 0.000000000E+00 1.239800000E-04
