# 11/08/2021 
# Data retrieved from www.chemicool.com/densities.html 
# Includes the real (n) and complex (k) part of the  refractive index. 
# Element, Au  (Z = 79) 
# Nominal density, g cm-3 =  19.32 
#    E [keV]      n       k    Wavelength [nm] 
1.000000000E-03 -3.178857381E+03 2.311796628E-01 1.239800000E+03
1.125000000E-03 -7.510169387E+01 0.000000000E+00 1.102044444E+03
1.241700000E-03 -6.129489837E+01 0.000000000E+00 9.984698397E+02
1.445910000E-03 -4.471731442E+01 0.000000000E+00 8.574530918E+02
1.599070000E-03 -3.624050485E+01 0.000000000E+00 7.753256580E+02
1.828820000E-03 -2.731310866E+01 0.000000000E+00 6.779234698E+02
2.000000000E-03 -2.257513537E+01 0.000000000E+00 6.199000000E+02
2.058560000E-03 -2.118566195E+01 0.000000000E+00 6.022656614E+02
2.063630000E-03 -2.107104559E+01 0.000000000E+00 6.007859936E+02
2.068690000E-03 -2.095749724E+01 0.000000000E+00 5.993164756E+02
2.073760000E-03 -2.084458230E+01 0.000000000E+00 5.978512460E+02
2.078830000E-03 -2.073250635E+01 0.000000000E+00 5.963931635E+02
2.083900000E-03 -2.062126115E+01 0.000000000E+00 5.949421757E+02
2.088960000E-03 -2.051104455E+01 0.000000000E+00 5.935010723E+02
2.094030000E-03 -2.040143507E+01 0.000000000E+00 5.920641061E+02
2.099100000E-03 -2.029263230E+01 0.000000000E+00 5.906340813E+02
2.104160000E-03 -2.018482977E+01 0.000000000E+00 5.892137480E+02
2.109230000E-03 -2.007761552E+01 0.000000000E+00 5.877974427E+02
2.114300000E-03 -1.997118478E+01 0.000000000E+00 5.863879298E+02
2.119360000E-03 -1.986572691E+01 0.000000000E+00 5.849879209E+02
2.124430000E-03 -1.976083917E+01 0.000000000E+00 5.835918340E+02
2.134560000E-03 -1.955353244E+01 0.000000000E+00 5.808222772E+02
2.139630000E-03 -1.945090497E+01 0.000000000E+00 5.794459790E+02
2.144700000E-03 -1.934901705E+01 0.000000000E+00 5.780761878E+02
2.149770000E-03 -1.924786168E+01 0.000000000E+00 5.767128577E+02
2.154830000E-03 -1.914761889E+01 0.000000000E+00 5.753586130E+02
2.159900000E-03 -1.904790646E+01 0.000000000E+00 5.740080559E+02
2.358360000E-03 -1.564296055E+01 0.000000000E+00 5.257043030E+02
2.532000000E-03 -1.330769963E+01 0.000000000E+00 4.896524487E+02
2.683950000E-03 -1.163176651E+01 0.000000000E+00 4.619311090E+02
2.949850000E-03 -9.309266550E+00 0.000000000E+00 4.202925572E+02
3.149270000E-03 -7.947678344E+00 0.000000000E+00 3.936785350E+02
3.298840000E-03 -7.088462282E+00 0.000000000E+00 3.758290793E+02
3.523200000E-03 -6.003515262E+00 0.000000000E+00 3.518960036E+02
3.635370000E-03 -5.537013858E+00 0.000000000E+00 3.410381887E+02
3.747550000E-03 -5.112947611E+00 0.000000000E+00 3.308294753E+02
3.756770000E-03 -5.079805421E+00 0.000000000E+00 3.300175417E+02
3.766000000E-03 -5.046881998E+00 0.000000000E+00 3.292087095E+02
3.775220000E-03 -5.014239335E+00 0.000000000E+00 3.284047022E+02
3.784450000E-03 -4.981810999E+00 0.000000000E+00 3.276037469E+02
3.793670000E-03 -4.949658036E+00 0.000000000E+00 3.268075505E+02
3.802890000E-03 -4.917746184E+00 0.000000000E+00 3.260152147E+02
3.812120000E-03 -4.886042205E+00 0.000000000E+00 3.252258586E+02
3.821340000E-03 -4.854605752E+00 0.000000000E+00 3.244411646E+02
3.830570000E-03 -4.823372998E+00 0.000000000E+00 3.236594032E+02
3.839790000E-03 -4.792402701E+00 0.000000000E+00 3.228822410E+02
3.849010000E-03 -4.761661964E+00 0.000000000E+00 3.221088020E+02
3.858240000E-03 -4.731118858E+00 0.000000000E+00 3.213382268E+02
3.867460000E-03 -4.700830822E+00 0.000000000E+00 3.205721585E+02
3.885910000E-03 -4.640892455E+00 0.000000000E+00 3.190501067E+02
3.895130000E-03 -4.611535497E+00 0.000000000E+00 3.182948964E+02
3.904360000E-03 -4.582096884E+00 0.000000000E+00 3.175424397E+02
3.913580000E-03 -4.552901615E+00 0.000000000E+00 3.167943418E+02
3.922810000E-03 -4.523890660E+00 0.000000000E+00 3.160489547E+02
3.932030000E-03 -4.495118543E+00 0.000000000E+00 3.153078690E+02
4.002050000E-03 -4.282650252E+00 0.000000000E+00 3.097912320E+02
4.124570000E-03 -3.907884943E+00 0.000000000E+00 3.005889099E+02
4.216470000E-03 -3.649094304E+00 0.000000000E+00 2.940374294E+02
4.285390000E-03 -3.466611153E+00 0.000000000E+00 2.893085577E+02
4.337080000E-03 -3.335666347E+00 0.000000000E+00 2.858605329E+02
4.375850000E-03 -3.240677223E+00 0.000000000E+00 2.833278106E+02
4.404920000E-03 -3.171248601E+00 0.000000000E+00 2.814580060E+02
4.426730000E-03 -3.120065078E+00 0.000000000E+00 2.800712942E+02
4.443090000E-03 -3.082147662E+00 0.000000000E+00 2.790400375E+02
4.467620000E-03 -3.026222901E+00 0.000000000E+00 2.775079349E+02
4.479880000E-03 -2.998737803E+00 0.000000000E+00 2.767484843E+02
4.486020000E-03 -2.984966358E+00 0.000000000E+00 2.763696996E+02
4.492150000E-03 -2.971474688E+00 0.000000000E+00 2.759925648E+02
4.503210000E-03 -2.946970497E+00 0.000000000E+00 2.753147199E+02
4.514270000E-03 -2.922658476E+00 0.000000000E+00 2.746401965E+02
4.525320000E-03 -2.898553919E+00 0.000000000E+00 2.739695756E+02
4.536380000E-03 -2.874620307E+00 0.000000000E+00 2.733016194E+02
4.547440000E-03 -2.851070042E+00 0.000000000E+00 2.726369122E+02
4.558490000E-03 -2.827523268E+00 0.000000000E+00 2.719760271E+02
4.564020000E-03 -2.815712311E+00 0.000000000E+00 2.716464871E+02
4.569550000E-03 -2.804142293E+00 0.000000000E+00 2.713177446E+02
4.575080000E-03 -2.792617034E+00 0.000000000E+00 2.709897969E+02
4.580610000E-03 -2.780942234E+00 0.000000000E+00 2.706626410E+02
4.588900000E-03 -2.763813064E+00 0.000000000E+00 2.701736800E+02
4.591660000E-03 -2.758130799E+00 0.000000000E+00 2.700112813E+02
4.602720000E-03 -2.735286132E+00 0.000000000E+00 2.693624639E+02
4.604100000E-03 -2.732470999E+00 0.000000000E+00 2.692817272E+02
4.606520000E-03 -2.727398999E+00 0.000000000E+00 2.691402621E+02
4.610150000E-03 -2.719998697E+00 0.000000000E+00 2.689283429E+02
4.610600000E-03 -2.719081024E+00 0.000000000E+00 2.689020952E+02
4.611400000E-03 -2.717407758E+00 0.000000000E+00 2.688554452E+02
4.612590000E-03 -2.715107117E+00 0.000000000E+00 2.687860833E+02
4.613180000E-03 -2.713774210E+00 0.000000000E+00 2.687517071E+02
4.614470000E-03 -2.711124381E+00 0.000000000E+00 2.686765761E+02
4.615760000E-03 -2.708668063E+00 0.000000000E+00 2.686014871E+02
4.618030000E-03 -2.704068249E+00 0.000000000E+00 2.684694556E+02
4.627600000E-03 -2.684580517E+00 0.000000000E+00 2.679142536E+02
4.631740000E-03 -2.676288351E+00 0.000000000E+00 2.676747831E+02
4.635890000E-03 -2.667814621E+00 0.000000000E+00 2.674351635E+02
4.641420000E-03 -2.656811564E+00 0.000000000E+00 2.671165290E+02
4.646950000E-03 -2.645850464E+00 0.000000000E+00 2.667986529E+02
4.652480000E-03 -2.634742989E+00 0.000000000E+00 2.664815324E+02
4.658000000E-03 -2.623881193E+00 0.000000000E+00 2.661657364E+02
4.663530000E-03 -2.613045110E+00 0.000000000E+00 2.658501178E+02
4.669060000E-03 -2.602063377E+00 0.000000000E+00 2.655352469E+02
4.680120000E-03 -2.580411082E+00 0.000000000E+00 2.649077374E+02
4.691170000E-03 -2.559122900E+00 0.000000000E+00 2.642837501E+02
4.696700000E-03 -2.548346875E+00 0.000000000E+00 2.639725765E+02
4.710520000E-03 -2.521867706E+00 0.000000000E+00 2.631981183E+02
4.713290000E-03 -2.516629514E+00 0.000000000E+00 2.630434368E+02
4.716580000E-03 -2.510443932E+00 0.000000000E+00 2.628599536E+02
4.723060000E-03 -2.498079788E+00 0.000000000E+00 2.624993119E+02
4.729340000E-03 -2.486247064E+00 0.000000000E+00 2.621507441E+02
4.735420000E-03 -2.474939847E+00 0.000000000E+00 2.618141580E+02
4.741310000E-03 -2.463775591E+00 0.000000000E+00 2.614889134E+02
4.747020000E-03 -2.453279266E+00 0.000000000E+00 2.611743789E+02
4.752500000E-03 -2.442976305E+00 0.000000000E+00 2.608732246E+02
4.755180000E-03 -2.438015989E+00 0.000000000E+00 2.607261975E+02
4.839560000E-03 -2.286314618E+00 0.000000000E+00 2.561803139E+02
4.860660000E-03 -2.249744270E+00 0.000000000E+00 2.550682418E+02
4.876480000E-03 -2.222699867E+00 0.000000000E+00 2.542407638E+02
4.888350000E-03 -2.202467007E+00 0.000000000E+00 2.536234108E+02
4.906140000E-03 -2.172517429E+00 0.000000000E+00 2.527037549E+02
4.915040000E-03 -2.157667207E+00 0.000000000E+00 2.522461669E+02
4.919490000E-03 -2.150274587E+00 0.000000000E+00 2.520179937E+02
4.923940000E-03 -2.142903524E+00 0.000000000E+00 2.517902330E+02
4.930000000E-03 -2.133003678E+00 0.000000000E+00 2.514807302E+02
4.948180000E-03 -2.103205401E+00 0.000000000E+00 2.505567704E+02
4.960300000E-03 -2.083590687E+00 0.000000000E+00 2.499445598E+02
4.972420000E-03 -2.064130107E+00 0.000000000E+00 2.493353337E+02
4.984540000E-03 -2.044658215E+00 0.000000000E+00 2.487290703E+02
4.990600000E-03 -2.035143100E+00 0.000000000E+00 2.484270428E+02
4.996660000E-03 -2.025502063E+00 0.000000000E+00 2.481257480E+02
5.002720000E-03 -2.016061509E+00 0.000000000E+00 2.478251831E+02
5.008780000E-03 -2.006495446E+00 0.000000000E+00 2.475253455E+02
5.014840000E-03 -1.997128703E+00 0.000000000E+00 2.472262325E+02
5.020900000E-03 -1.987636868E+00 0.000000000E+00 2.469278416E+02
5.029990000E-03 -1.973629435E+00 0.000000000E+00 2.464816033E+02
5.034540000E-03 -1.966489786E+00 0.000000000E+00 2.462588439E+02
5.039840000E-03 -1.958490335E+00 0.000000000E+00 2.459998730E+02
5.042490000E-03 -1.954420687E+00 0.000000000E+00 2.458705917E+02
5.043150000E-03 -1.953327231E+00 0.000000000E+00 2.458384145E+02
5.043650000E-03 -1.952581631E+00 0.000000000E+00 2.458140434E+02
5.043740000E-03 -1.952476261E+00 0.000000000E+00 2.458096571E+02
5.044090000E-03 -1.951906493E+00 0.000000000E+00 2.457926008E+02
5.044620000E-03 -1.951126245E+00 0.000000000E+00 2.457667773E+02
5.044880000E-03 -1.950662069E+00 0.000000000E+00 2.457541111E+02
5.045520000E-03 -1.949753606E+00 0.000000000E+00 2.457229384E+02
5.057260000E-03 -1.931934719E+00 0.000000000E+00 2.451525134E+02
5.060290000E-03 -1.927311436E+00 0.000000000E+00 2.450057210E+02
5.069380000E-03 -1.913495280E+00 0.000000000E+00 2.445663967E+02
5.075440000E-03 -1.904487105E+00 0.000000000E+00 2.442743880E+02
5.081500000E-03 -1.895355892E+00 0.000000000E+00 2.439830759E+02
5.087560000E-03 -1.886417239E+00 0.000000000E+00 2.436924577E+02
5.093620000E-03 -1.877355953E+00 0.000000000E+00 2.434025310E+02
5.099680000E-03 -1.868486138E+00 0.000000000E+00 2.431132934E+02
5.105740000E-03 -1.859494094E+00 0.000000000E+00 2.428247423E+02
5.117860000E-03 -1.841768963E+00 0.000000000E+00 2.422496903E+02
5.129980000E-03 -1.824179220E+00 0.000000000E+00 2.416773555E+02
5.142100000E-03 -1.806723541E+00 0.000000000E+00 2.411077186E+02
5.154220000E-03 -1.789247345E+00 0.000000000E+00 2.405407608E+02
5.166340000E-03 -1.772056617E+00 0.000000000E+00 2.399764630E+02
5.171110000E-03 -1.765422096E+00 0.000000000E+00 2.397551009E+02
5.180580000E-03 -1.751983118E+00 0.000000000E+00 2.393168333E+02
5.199230000E-03 -1.726099251E+00 0.000000000E+00 2.384583871E+02
5.217290000E-03 -1.701125284E+00 0.000000000E+00 2.376329474E+02
5.234790000E-03 -1.677300303E+00 0.000000000E+00 2.368385360E+02
5.268700000E-03 -1.631799753E+00 0.000000000E+00 2.353142141E+02
5.300490000E-03 -1.590035104E+00 0.000000000E+00 2.339029033E+02
5.330290000E-03 -1.551553348E+00 0.000000000E+00 2.325952247E+02
5.386170000E-03 -1.481339296E+00 0.000000000E+00 2.301821146E+02
5.435060000E-03 -1.421735868E+00 0.000000000E+00 2.281115572E+02
5.520620000E-03 -1.321732758E+00 0.000000000E+00 2.245762251E+02
5.584790000E-03 -1.249885051E+00 0.000000000E+00 2.219958136E+02
5.681050000E-03 -1.147033954E+00 0.000000000E+00 2.182343053E+02
5.777310000E-03 -1.049853265E+00 0.000000000E+00 2.145981434E+02
5.791530000E-03 -1.035914703E+00 0.000000000E+00 2.140712385E+02
5.805750000E-03 -1.022087939E+00 0.000000000E+00 2.135469147E+02
5.819970000E-03 -1.008371834E+00 0.000000000E+00 2.130251531E+02
5.834190000E-03 -9.947652631E-01 0.000000000E+00 2.125059348E+02
5.848410000E-03 -9.812671205E-01 0.000000000E+00 2.119892415E+02
5.862630000E-03 -9.678763084E-01 0.000000000E+00 2.114750547E+02
5.876850000E-03 -9.547096472E-01 0.000000000E+00 2.109633562E+02
5.891070000E-03 -9.415296945E-01 0.000000000E+00 2.104541280E+02
5.905290000E-03 -9.284538708E-01 0.000000000E+00 2.099473523E+02
5.919510000E-03 -9.154811312E-01 0.000000000E+00 2.094430113E+02
5.933730000E-03 -9.026104476E-01 0.000000000E+00 2.089410876E+02
5.947950000E-03 -8.898408034E-01 0.000000000E+00 2.084415639E+02
5.962170000E-03 -8.771711915E-01 0.000000000E+00 2.079444229E+02
5.990610000E-03 -8.520146434E-01 0.000000000E+00 2.069572214E+02
6.004830000E-03 -8.383975241E-01 0.000000000E+00 2.064671273E+02
6.019050000E-03 -8.233146939E-01 0.000000000E+00 2.059793489E+02
6.033270000E-03 -8.083534675E-01 0.000000000E+00 2.054938698E+02
6.047490000E-03 -7.934012889E-01 0.000000000E+00 2.050106738E+02
6.061710000E-03 -7.786801686E-01 0.000000000E+00 2.045297449E+02
6.183960000E-03 -6.567671472E-01 0.000000000E+00 2.004864197E+02
6.275650000E-03 -5.705561997E-01 0.000000000E+00 1.975572251E+02
6.355500000E-03 -4.989786676E-01 0.000000000E+00 1.950751318E+02
6.422600000E-03 -4.411676190E-01 0.000000000E+00 1.930370878E+02
6.454630000E-03 -4.142916059E-01 0.000000000E+00 1.920791742E+02
6.502670000E-03 -3.748859270E-01 0.000000000E+00 1.906601442E+02
6.526690000E-03 -3.555120951E-01 0.000000000E+00 1.899584629E+02
6.550710000E-03 -3.363849273E-01 0.000000000E+00 1.892619273E+02
6.566840000E-03 -3.237845341E-01 0.000000000E+00 1.887970470E+02
6.582960000E-03 -3.112014572E-01 0.000000000E+00 1.883347309E+02
6.586600000E-03 -3.083446875E-01 0.000000000E+00 1.882306501E+02
6.602810000E-03 -2.958574398E-01 0.000000000E+00 1.877685410E+02
6.619020000E-03 -2.834766722E-01 0.000000000E+00 1.873086952E+02
6.635240000E-03 -2.711049527E-01 0.000000000E+00 1.868508147E+02
6.651450000E-03 -2.589343247E-01 0.000000000E+00 1.863954476E+02
6.667660000E-03 -2.468668808E-01 0.000000000E+00 1.859422946E+02
6.701830000E-03 -2.217640008E-01 0.000000000E+00 1.849942478E+02
6.718330000E-03 -2.097255775E-01 0.000000000E+00 1.845399080E+02
6.751320000E-03 -1.861393276E-01 0.000000000E+00 1.836381626E+02
6.767820000E-03 -1.744062547E-01 0.000000000E+00 1.831904513E+02
6.791270000E-03 -1.580106422E-01 0.000000000E+00 1.825579015E+02
6.812530000E-03 -1.432486494E-01 0.000000000E+00 1.819881894E+02
6.823170000E-03 -1.360122984E-01 0.000000000E+00 1.817043984E+02
6.833800000E-03 -1.287315458E-01 0.000000000E+00 1.814217566E+02
6.850290000E-03 -1.174899938E-01 0.000000000E+00 1.809850386E+02
6.866790000E-03 -1.064264133E-01 0.000000000E+00 1.805501552E+02
6.883290000E-03 -9.545594533E-02 0.000000000E+00 1.801173567E+02
6.887410000E-03 -9.268642964E-02 0.000000000E+00 1.800096117E+02
6.899780000E-03 -8.449524449E-02 0.000000000E+00 1.796868886E+02
6.905970000E-03 -8.050283645E-02 0.000000000E+00 1.795258305E+02
6.911380000E-03 -7.693648234E-02 0.000000000E+00 1.793853037E+02
6.920850000E-03 -7.076073047E-02 0.000000000E+00 1.791398455E+02
6.927960000E-03 -6.610369663E-02 0.000000000E+00 1.789559986E+02
6.938610000E-03 -5.919656111E-02 0.000000000E+00 1.786813209E+02
6.943940000E-03 -5.579770098E-02 0.000000000E+00 1.785441694E+02
6.949270000E-03 -5.232369872E-02 0.000000000E+00 1.784072284E+02
6.957520000E-03 -4.705356416E-02 0.000000000E+00 1.781956789E+02
6.965760000E-03 -4.180842180E-02 0.000000000E+00 1.779848861E+02
6.976000000E-03 -3.532143633E-02 0.000000000E+00 1.777236239E+02
6.978310000E-03 -3.379990889E-02 0.000000000E+00 1.776647928E+02
6.982490000E-03 -3.097564352E-02 0.000000000E+00 1.775584355E+02
6.991090000E-03 -2.519143378E-02 0.000000000E+00 1.773400142E+02
6.999680000E-03 -1.951854447E-02 0.000000000E+00 1.771223827E+02
7.016870000E-03 -8.161205058E-03 0.000000000E+00 1.766884665E+02
7.034050000E-03 3.094591933E-03 0.000000000E+00 1.762569217E+02
7.051240000E-03 1.417369166E-02 0.000000000E+00 1.758272304E+02
7.068430000E-03 2.523844110E-02 0.000000000E+00 1.753996291E+02
7.077020000E-03 3.077417192E-02 0.000000000E+00 1.751867311E+02
7.085610000E-03 3.620483185E-02 0.000000000E+00 1.749743494E+02
7.094210000E-03 4.161474860E-02 0.000000000E+00 1.747622357E+02
7.102800000E-03 4.707933860E-02 0.000000000E+00 1.745508813E+02
7.115690000E-03 5.511272190E-02 0.000000000E+00 1.742346842E+02
7.128580000E-03 6.317441709E-02 0.000000000E+00 1.739196306E+02
7.135030000E-03 6.718704984E-02 0.000000000E+00 1.737624088E+02
7.139320000E-03 6.982569752E-02 0.000000000E+00 1.736579954E+02
7.146840000E-03 7.449274131E-02 0.000000000E+00 1.734752702E+02
7.148720000E-03 7.561691597E-02 0.000000000E+00 1.734296489E+02
7.150130000E-03 7.645935373E-02 0.000000000E+00 1.733954488E+02
7.151190000E-03 7.713125236E-02 0.000000000E+00 1.733697469E+02
7.152770000E-03 7.809605711E-02 0.000000000E+00 1.733314506E+02
7.153570000E-03 7.862053556E-02 0.000000000E+00 1.733120666E+02
7.154360000E-03 7.906267306E-02 0.000000000E+00 1.732929291E+02
7.155430000E-03 7.973574061E-02 0.000000000E+00 1.732670154E+02
7.171550000E-03 8.956876378E-02 0.000000000E+00 1.728775509E+02
7.175840000E-03 9.215954499E-02 0.000000000E+00 1.727741979E+02
7.188730000E-03 9.998251273E-02 0.000000000E+00 1.724643991E+02
7.197330000E-03 1.051191949E-01 0.000000000E+00 1.722583236E+02
7.205920000E-03 1.103098862E-01 0.000000000E+00 1.720529787E+02
7.214510000E-03 1.154001745E-01 0.000000000E+00 1.718481227E+02
7.223110000E-03 1.204712138E-01 0.000000000E+00 1.716435164E+02
7.231700000E-03 1.255960922E-01 0.000000000E+00 1.714396338E+02
7.240290000E-03 1.306214614E-01 0.000000000E+00 1.712362350E+02
7.257480000E-03 1.406879363E-01 0.000000000E+00 1.708306465E+02
7.274670000E-03 1.506690855E-01 0.000000000E+00 1.704269747E+02
7.291940000E-03 1.605841964E-01 0.000000000E+00 1.700233408E+02
7.321380000E-03 1.773490691E-01 0.000000000E+00 1.693396600E+02
7.326230000E-03 1.800311104E-01 0.000000000E+00 1.692275563E+02
7.327750000E-03 1.809020963E-01 0.000000000E+00 1.691924533E+02
7.336700000E-03 1.859253217E-01 0.000000000E+00 1.689860564E+02
7.345660000E-03 1.909287163E-01 0.000000000E+00 1.687799326E+02
7.357420000E-03 1.974999894E-01 0.000000000E+00 1.685101571E+02
7.375450000E-03 2.074073822E-01 0.000000000E+00 1.680982177E+02
7.393470000E-03 2.173001709E-01 0.000000000E+00 1.676885143E+02
7.411490000E-03 2.270321040E-01 0.000000000E+00 1.672808032E+02
7.432280000E-03 2.382061389E-01 0.000000000E+00 1.668128757E+02
7.453080000E-03 2.492697128E-01 0.000000000E+00 1.663473356E+02
7.472000000E-03 2.592663015E-01 0.000000000E+00 1.659261242E+02
7.483570000E-03 2.658448623E-01 0.000000000E+00 1.656695935E+02
7.501590000E-03 2.759526183E-01 0.000000000E+00 1.652716291E+02
7.519610000E-03 2.860440490E-01 0.000000000E+00 1.648755720E+02
7.537630000E-03 2.960473700E-01 0.000000000E+00 1.644814086E+02
7.558020000E-03 3.072541101E-01 0.000000000E+00 1.640376712E+02
7.578410000E-03 3.183505947E-01 0.000000000E+00 1.635963217E+02
7.591690000E-03 3.254671141E-01 0.000000000E+00 1.633101457E+02
7.609710000E-03 3.351273675E-01 0.000000000E+00 1.629234228E+02
7.628280000E-03 3.450083945E-01 0.000000000E+00 1.625268081E+02
7.645760000E-03 3.541994726E-01 0.000000000E+00 1.621552338E+02
7.665740000E-03 3.646296575E-01 0.000000000E+00 1.617325920E+02
7.681800000E-03 3.728730517E-01 0.000000000E+00 1.613944648E+02
7.684470000E-03 3.742741845E-01 0.000000000E+00 1.613383877E+02
7.703200000E-03 3.839011610E-01 0.000000000E+00 1.609461003E+02
7.721930000E-03 3.935105003E-01 0.000000000E+00 1.605557160E+02
7.740660000E-03 4.043933721E-01 0.000000000E+00 1.601672209E+02
7.759390000E-03 4.151783602E-01 0.000000000E+00 1.597806013E+02
7.778120000E-03 4.258664980E-01 0.000000000E+00 1.593958437E+02
7.796850000E-03 4.364588064E-01 0.000000000E+00 1.590129347E+02
7.815580000E-03 4.469562933E-01 0.000000000E+00 1.586318610E+02
7.835860000E-03 4.582378042E-01 0.000000000E+00 1.582213056E+02
7.867520000E-03 4.756150307E-01 0.000000000E+00 1.575846010E+02
7.893720000E-03 4.897423706E-01 0.000000000E+00 1.570615629E+02
7.913010000E-03 5.000960268E-01 0.000000000E+00 1.566786848E+02
7.932300000E-03 5.102904100E-01 0.000000000E+00 1.562976690E+02
7.985370000E-03 5.393840404E-01 5.095045996E-07 1.552589298E+02
8.029870000E-03 5.682839826E-01 1.083818136E-05 1.543985145E+02
8.074340000E-03 6.032567375E-01 1.440961286E-04 1.535481538E+02
8.092550000E-03 6.187817615E-01 3.654242009E-04 1.532026370E+02
8.098940000E-03 6.244737001E-01 4.979420381E-04 1.530817613E+02
8.135970000E-03 6.602421475E-01 2.512811675E-03 1.523850260E+02
8.159770000E-03 6.864400264E-01 6.117141041E-03 1.519405571E+02
8.180130000E-03 7.108802523E-01 1.196350862E-02 1.515623835E+02
8.200820000E-03 7.371618730E-01 2.179279855E-02 1.511800040E+02
8.210390000E-03 7.494327476E-01 2.800711235E-02 1.510037891E+02
8.225260000E-03 7.682139012E-01 3.996724236E-02 1.507307976E+02
8.231920000E-03 7.762804738E-01 4.632610646E-02 1.506088495E+02
8.239100000E-03 7.847084190E-01 5.380100018E-02 1.504776007E+02
8.239830000E-03 7.855262508E-01 5.461001854E-02 1.504642693E+02
8.278010000E-03 8.199455448E-01 1.046960204E-01 1.497702950E+02
8.282020000E-03 8.224945160E-01 1.105912595E-01 1.496977790E+02
8.301450000E-03 8.295287908E-01 1.399766575E-01 1.493474032E+02
8.322310000E-03 8.301471255E-01 1.707312414E-01 1.489730616E+02
8.338160000E-03 8.261652552E-01 1.920721649E-01 1.486898788E+02
8.348650000E-03 8.215774834E-01 2.045625253E-01 1.485030514E+02
8.358600000E-03 8.162319436E-01 2.150861432E-01 1.483262747E+02
8.369450000E-03 8.093834016E-01 2.248392246E-01 1.481339873E+02
8.377590000E-03 8.041257392E-01 2.312882807E-01 1.479900544E+02
8.389800000E-03 7.957864165E-01 2.390473300E-01 1.477746788E+02
8.396580000E-03 7.912066905E-01 2.428095804E-01 1.476553549E+02
8.406820000E-03 7.843400668E-01 2.471049145E-01 1.474755020E+02
8.413720000E-03 7.798617604E-01 2.492204165E-01 1.473545590E+02
8.419580000E-03 7.762045619E-01 2.508180479E-01 1.472520007E+02
8.422510000E-03 7.744659622E-01 2.514024303E-01 1.472007751E+02
8.423970000E-03 7.736260122E-01 2.516945926E-01 1.471752630E+02
8.426690000E-03 7.719944188E-01 2.522357618E-01 1.471277572E+02
8.429050000E-03 7.706319296E-01 2.527032053E-01 1.470865637E+02
8.431110000E-03 7.694264371E-01 2.530099459E-01 1.470506256E+02
8.438310000E-03 7.656450460E-01 2.537278394E-01 1.469251544E+02
8.441920000E-03 7.637884416E-01 2.540851282E-01 1.468623252E+02
8.443720000E-03 7.628039671E-01 2.542640952E-01 1.468310176E+02
8.448090000E-03 7.607670833E-01 2.544181876E-01 1.467550653E+02
8.466060000E-03 7.533164032E-01 2.542721569E-01 1.464435641E+02
8.471120000E-03 7.515681769E-01 2.539838034E-01 1.463560899E+02
8.486290000E-03 7.465185760E-01 2.530630072E-01 1.460944653E+02
8.495280000E-03 7.442900407E-01 2.521214435E-01 1.459398631E+02
8.508750000E-03 7.411618878E-01 2.506826306E-01 1.457088291E+02
8.522230000E-03 7.404101988E-01 2.488580337E-01 1.454783548E+02
8.533070000E-03 7.397271310E-01 2.473984777E-01 1.452935462E+02
8.543900000E-03 7.391035356E-01 2.459460985E-01 1.451093763E+02
8.564190000E-03 7.379509750E-01 2.432442315E-01 1.447655879E+02
8.584470000E-03 7.367563433E-01 2.405656909E-01 1.444235928E+02
8.604750000E-03 7.356308679E-01 2.379091203E-01 1.440832099E+02
8.645310000E-03 7.360898277E-01 2.326087042E-01 1.434072347E+02
8.658400000E-03 7.371587837E-01 2.308983226E-01 1.431904278E+02
8.671480000E-03 7.382218892E-01 2.291971876E-01 1.429744403E+02
8.692830000E-03 7.399372914E-01 2.264426251E-01 1.426232884E+02
8.714170000E-03 7.416384528E-01 2.237122500E-01 1.422740204E+02
8.735510000E-03 7.433794783E-01 2.210058196E-01 1.419264588E+02
8.756860000E-03 7.460099494E-01 2.183809960E-01 1.415804295E+02
8.760380000E-03 7.465854394E-01 2.179556237E-01 1.415235412E+02
8.771170000E-03 7.482142012E-01 2.166585835E-01 1.413494437E+02
8.781950000E-03 7.498351588E-01 2.153672180E-01 1.411759347E+02
8.803510000E-03 7.531080908E-01 2.128020160E-01 1.408301916E+02
8.816720000E-03 7.550522007E-01 2.112412849E-01 1.406191872E+02
8.829940000E-03 7.570385684E-01 2.096879366E-01 1.404086551E+02
8.837420000E-03 7.581796249E-01 2.088133016E-01 1.402898131E+02
8.850500000E-03 7.606613490E-01 2.072883777E-01 1.400824812E+02
8.860320000E-03 7.625401928E-01 2.061501766E-01 1.399272261E+02
8.875040000E-03 7.653434500E-01 2.044510460E-01 1.396951450E+02
8.882400000E-03 7.667644080E-01 2.036055364E-01 1.395793930E+02
8.889760000E-03 7.681294577E-01 2.027625449E-01 1.394638325E+02
8.900540000E-03 7.701814426E-01 2.015320103E-01 1.392949192E+02
8.911320000E-03 7.722241832E-01 2.003140116E-01 1.391264145E+02
8.932880000E-03 7.773027373E-01 1.979852150E-01 1.387906252E+02
8.954450000E-03 7.822847808E-01 1.956765682E-01 1.384562983E+02
8.976010000E-03 7.872210914E-01 1.933877248E-01 1.381237320E+02
9.002110000E-03 7.931765053E-01 1.906434254E-01 1.377232671E+02
9.031200000E-03 7.996989890E-01 1.876184423E-01 1.372796528E+02
9.047430000E-03 8.047449232E-01 1.859460112E-01 1.370333896E+02
9.066680000E-03 8.107248501E-01 1.839763373E-01 1.367424460E+02
9.083820000E-03 8.159785363E-01 1.822345457E-01 1.364844306E+02
9.098360000E-03 8.205999060E-01 1.807956467E-01 1.362663161E+02
9.105390000E-03 8.229396567E-01 1.801172741E-01 1.361611090E+02
9.126950000E-03 8.300811494E-01 1.780476785E-01 1.358394644E+02
9.148510000E-03 8.371087141E-01 1.759955687E-01 1.355193359E+02
9.191640000E-03 8.510206314E-01 1.719427236E-01 1.348834376E+02
9.232950000E-03 8.641015698E-01 1.681237932E-01 1.342799430E+02
9.356890000E-03 9.037234688E-01 1.574218957E-01 1.325012905E+02
9.379940000E-03 9.109069657E-01 1.554976596E-01 1.321756856E+02
9.426120000E-03 9.255267043E-01 1.517894090E-01 1.315281367E+02
9.449210000E-03 9.327767324E-01 1.499758396E-01 1.312067358E+02
9.472290000E-03 9.400022975E-01 1.481784409E-01 1.308870400E+02
9.495380000E-03 9.471134384E-01 1.463964158E-01 1.305687608E+02
9.521840000E-03 9.551768969E-01 1.443735083E-01 1.302059266E+02
9.548290000E-03 9.649384112E-01 1.423714894E-01 1.298452393E+02
9.564640000E-03 9.724471499E-01 1.411836526E-01 1.296232791E+02
9.587730000E-03 9.829453710E-01 1.395183824E-01 1.293111091E+02
9.610820000E-03 9.933431435E-01 1.378674665E-01 1.290004391E+02
9.633910000E-03 1.003597674E+00 1.362307560E-01 1.286912583E+02
9.657000000E-03 1.013797988E+00 1.346081040E-01 1.283835560E+02
9.686350000E-03 1.026604389E+00 1.325653759E-01 1.279945490E+02
9.715700000E-03 1.039385442E+00 1.305909954E-01 1.276078924E+02
9.727100000E-03 1.044371595E+00 1.298409274E-01 1.274583380E+02
9.749350000E-03 1.053979935E+00 1.283869916E-01 1.271674522E+02
9.766710000E-03 1.061429552E+00 1.272607719E-01 1.269414163E+02
9.774640000E-03 1.064782124E+00 1.267483564E-01 1.268384309E+02
9.795520000E-03 1.073630479E+00 1.254073467E-01 1.265680638E+02
9.825360000E-03 1.086133467E+00 1.235078841E-01 1.261836716E+02
9.842310000E-03 1.093193313E+00 1.224388625E-01 1.259663636E+02
9.858480000E-03 1.099842917E+00 1.214245728E-01 1.257597520E+02
9.882270000E-03 1.109703518E+00 1.199900468E-01 1.254570053E+02
9.906070000E-03 1.119509613E+00 1.185809235E-01 1.251555864E+02
9.929870000E-03 1.129179249E+00 1.171839151E-01 1.248556124E+02
9.964770000E-03 1.143244239E+00 1.151568037E-01 1.244183258E+02
1.002860000E-02 1.168391993E+00 1.115152595E-01 1.236264284E+02
1.010320000E-02 1.209198188E+00 1.074749709E-01 1.227135957E+02
1.018110000E-02 1.262775534E+00 1.037167842E-01 1.217746609E+02
1.021400000E-02 1.289930113E+00 1.028116069E-01 1.213824163E+02
1.023250000E-02 1.307083704E+00 1.028691517E-01 1.211629612E+02
1.024070000E-02 1.315173283E+00 1.031176159E-01 1.210659428E+02
1.024540000E-02 1.320004881E+00 1.033477275E-01 1.210104047E+02
1.025290000E-02 1.327787747E+00 1.038465824E-01 1.209218855E+02
1.026320000E-02 1.339346308E+00 1.048683698E-01 1.208005300E+02
1.028550000E-02 1.366552431E+00 1.088421689E-01 1.205386223E+02
1.032700000E-02 1.423520702E+00 1.261321932E-01 1.200542268E+02
1.033570000E-02 1.436149411E+00 1.320040002E-01 1.199531720E+02
1.038100000E-02 1.500668921E+00 1.787097092E-01 1.194297274E+02
1.041200000E-02 1.536718610E+00 2.266666097E-01 1.190741452E+02
1.043910000E-02 1.557289884E+00 2.768789824E-01 1.187650276E+02
1.046590000E-02 1.562952689E+00 3.298264077E-01 1.184609064E+02
1.048590000E-02 1.563029316E+00 3.683325714E-01 1.182349631E+02
1.051020000E-02 1.552245239E+00 4.118597141E-01 1.179615992E+02
1.052540000E-02 1.541241665E+00 4.357206752E-01 1.177912478E+02
1.054410000E-02 1.524563144E+00 4.608295646E-01 1.175823446E+02
1.056820000E-02 1.500698753E+00 4.865633927E-01 1.173142068E+02
1.059310000E-02 1.475123116E+00 5.051698544E-01 1.170384496E+02
1.061800000E-02 1.451154095E+00 5.168172236E-01 1.167639857E+02
1.064730000E-02 1.425901309E+00 5.250256447E-01 1.164426662E+02
1.066610000E-02 1.412231525E+00 5.273428032E-01 1.162374251E+02
1.068660000E-02 1.399384151E+00 5.285163387E-01 1.160144480E+02
1.072260000E-02 1.380485843E+00 5.287665910E-01 1.156249417E+02
1.074110000E-02 1.373282009E+00 5.283620485E-01 1.154257944E+02
1.076660000E-02 1.368248991E+00 5.273341009E-01 1.151524158E+02
1.079230000E-02 1.363245854E+00 5.263184201E-01 1.148782002E+02
1.083520000E-02 1.354964307E+00 5.246319737E-01 1.144233609E+02
1.084290000E-02 1.353490540E+00 5.243269829E-01 1.143421040E+02
1.086090000E-02 1.350075961E+00 5.236295451E-01 1.141526025E+02
1.088660000E-02 1.345229764E+00 5.226272873E-01 1.138831224E+02
1.092570000E-02 1.337919239E+00 5.211106270E-01 1.134755668E+02
1.096440000E-02 1.330863642E+00 5.196638935E-01 1.130750429E+02
1.102160000E-02 1.324387856E+00 5.175422700E-01 1.124882050E+02
1.104280000E-02 1.322041563E+00 5.167591651E-01 1.122722498E+02
1.104870000E-02 1.322264789E+00 5.165543302E-01 1.122122965E+02
1.106900000E-02 1.323011470E+00 5.158445653E-01 1.120065047E+02
1.107590000E-02 1.323273013E+00 5.156070120E-01 1.119367275E+02
1.110300000E-02 1.324273343E+00 5.146687332E-01 1.116635144E+02
1.113010000E-02 1.325260109E+00 5.137433288E-01 1.113916317E+02
1.115730000E-02 1.326260337E+00 5.128345376E-01 1.111200739E+02
1.118440000E-02 1.327252850E+00 5.119376525E-01 1.108508279E+02
1.121150000E-02 1.328264362E+00 5.110434366E-01 1.105828836E+02
1.123860000E-02 1.329230086E+00 5.101518828E-01 1.103162316E+02
1.126580000E-02 1.330176866E+00 5.092571495E-01 1.100498855E+02
1.129290000E-02 1.331116580E+00 5.083709173E-01 1.097857946E+02
1.132000000E-02 1.332075300E+00 5.074873245E-01 1.095229682E+02
1.134720000E-02 1.333015225E+00 5.066227343E-01 1.092604343E+02
1.138500000E-02 1.336305321E+00 5.057554509E-01 1.088976724E+02
1.142850000E-02 1.340234874E+00 5.047840943E-01 1.084831780E+02
1.145650000E-02 1.342700121E+00 5.041532644E-01 1.082180422E+02
1.148280000E-02 1.345023330E+00 5.035697653E-01 1.079701815E+02
1.150810000E-02 1.347228378E+00 5.030061029E-01 1.077328143E+02
1.156820000E-02 1.352393283E+00 5.017001961E-01 1.071731125E+02
1.159610000E-02 1.354757451E+00 5.011089055E-01 1.069152560E+02
1.162780000E-02 1.357403641E+00 5.004343675E-01 1.066237809E+02
1.165190000E-02 1.359405897E+00 4.999260143E-01 1.064032475E+02
1.168390000E-02 1.362838937E+00 4.992465707E-01 1.061118291E+02
1.170800000E-02 1.366782965E+00 4.987291788E-01 1.058934062E+02
1.185310000E-02 1.397913016E+00 4.960015157E-01 1.045971096E+02
1.189860000E-02 1.412391764E+00 4.960551170E-01 1.041971324E+02
1.194840000E-02 1.433319848E+00 4.986686569E-01 1.037628469E+02
1.201020000E-02 1.465571068E+00 5.100617302E-01 1.032289221E+02
1.206820000E-02 1.497481938E+00 5.355235235E-01 1.027328019E+02
1.211190000E-02 1.515827404E+00 5.657252319E-01 1.023621397E+02
1.212170000E-02 1.518679533E+00 5.734906237E-01 1.022793833E+02
1.213410000E-02 1.521491900E+00 5.837219022E-01 1.021748626E+02
1.218090000E-02 1.522679369E+00 6.236200210E-01 1.017822985E+02
1.220060000E-02 1.518968482E+00 6.396188742E-01 1.016179532E+02
1.244780000E-02 1.418274957E+00 7.116219388E-01 9.959992930E+01
1.250000000E-02 1.405406815E+00 7.111845669E-01 9.918400000E+01
1.284740000E-02 1.367150349E+00 7.076019940E-01 9.650201597E+01
1.290000000E-02 1.361837679E+00 7.071874819E-01 9.610852713E+01
1.340000000E-02 1.344636605E+00 7.048756308E-01 9.252238806E+01
1.374710000E-02 1.340532035E+00 7.041540562E-01 9.018629384E+01
1.492690000E-02 1.339288269E+00 7.134191492E-01 8.305810316E+01
1.676390000E-02 1.337178130E+00 7.404066581E-01 7.395653756E+01
1.888400000E-02 1.316349849E+00 7.753962728E-01 6.565346325E+01
2.096840000E-02 1.274780216E+00 8.086812586E-01 5.912706740E+01
2.294490000E-02 1.217250915E+00 8.347468858E-01 5.403379400E+01
2.400000000E-02 1.185228803E+00 8.430699473E-01 5.165833333E+01
2.540970000E-02 1.133655245E+00 8.508728031E-01 4.879239031E+01
2.661840000E-02 1.085815794E+00 8.520315227E-01 4.657680402E+01
2.786120000E-02 1.034407343E+00 8.470899952E-01 4.449916012E+01
2.884030000E-02 9.935719638E-01 8.389933588E-01 4.298845712E+01
2.900000000E-02 9.868832529E-01 8.371186458E-01 4.275172414E+01
2.985380000E-02 9.512358781E-01 8.261344951E-01 4.152905158E+01
3.099200000E-02 9.047937040E-01 8.062879904E-01 4.000387197E+01
3.300000000E-02 8.301367950E-01 7.594093416E-01 3.756969697E+01
3.650000000E-02 7.307663328E-01 6.493946006E-01 3.396712329E+01
3.950000000E-02 6.814026781E-01 5.450427291E-01 3.138734177E+01
4.262600000E-02 6.614505747E-01 4.411140139E-01 2.908553465E+01
4.629790000E-02 6.659297026E-01 3.378336510E-01 2.677875238E+01
4.904790000E-02 6.812126848E-01 2.750047125E-01 2.527733094E+01
5.076470000E-02 6.937210100E-01 2.418275616E-01 2.442248255E+01
5.154160000E-02 6.997775985E-01 2.281895652E-01 2.405435609E+01
5.179690000E-02 7.018965620E-01 2.239057960E-01 2.393579539E+01
5.205190000E-02 7.039850885E-01 2.197004223E-01 2.381853496E+01
5.217940000E-02 7.050186522E-01 2.176245148E-01 2.376033454E+01
5.230690000E-02 7.060471567E-01 2.155647239E-01 2.370241785E+01
5.252810000E-02 7.078151772E-01 2.120351860E-01 2.360260508E+01
5.268930000E-02 7.091543843E-01 2.095047128E-01 2.353039422E+01
5.281680000E-02 7.102386762E-01 2.075383277E-01 2.347359174E+01
5.299340000E-02 7.117302604E-01 2.048436887E-01 2.339536622E+01
5.309950000E-02 7.126197105E-01 2.032373534E-01 2.334861910E+01
5.323120000E-02 7.137712402E-01 2.012758386E-01 2.329085198E+01
5.339050000E-02 7.151510185E-01 1.989223053E-01 2.322135961E+01
5.358180000E-02 7.167955605E-01 1.961314919E-01 2.313845373E+01
5.383670000E-02 7.189736344E-01 1.924761138E-01 2.302890036E+01
5.396420000E-02 7.200762862E-01 1.906909336E-01 2.297449050E+01
5.412490000E-02 7.214552558E-01 1.884621591E-01 2.290627789E+01
5.435910000E-02 7.235071049E-01 1.852541948E-01 2.280758879E+01
5.474550000E-02 7.269289829E-01 1.801062480E-01 2.264661022E+01
5.585490000E-02 7.368465235E-01 1.660762056E-01 2.219679921E+01
5.771590000E-02 7.540860025E-01 1.452668646E-01 2.148108234E+01
5.814100000E-02 7.581579480E-01 1.409435285E-01 2.132402263E+01
5.865740000E-02 7.632850196E-01 1.358407141E-01 2.113629312E+01
5.905410000E-02 7.673969304E-01 1.320531457E-01 2.099430861E+01
5.967180000E-02 7.744965766E-01 1.264320492E-01 2.077698343E+01
6.231490000E-02 7.973269395E-01 1.298717889E-01 1.989572317E+01
6.698270000E-02 8.088632740E-01 9.821533787E-02 1.850925687E+01
6.867090000E-02 8.165825833E-01 8.840189462E-02 1.805422675E+01
6.925650000E-02 8.192773285E-01 8.523143792E-02 1.790156881E+01
6.972730000E-02 8.215387160E-01 8.275617846E-02 1.778069709E+01
7.019210000E-02 8.237522147E-01 8.036787930E-02 1.766295637E+01
7.036110000E-02 8.245575517E-01 7.953564268E-02 1.762053180E+01
7.069910000E-02 8.261642573E-01 7.789231110E-02 1.753629113E+01
7.120620000E-02 8.285792056E-01 7.547791415E-02 1.741140519E+01
7.154430000E-02 8.302162429E-01 7.390051251E-02 1.732912335E+01
7.205130000E-02 8.326811840E-01 7.162787738E-02 1.720718433E+01
7.499790000E-02 8.468772655E-01 5.977670274E-02 1.653112954E+01
7.658090000E-02 8.549780579E-01 5.432009542E-02 1.618941538E+01
7.930030000E-02 8.687193325E-01 5.325706216E-02 1.563424098E+01
9.049840000E-02 8.968001225E-01 3.095146112E-02 1.369968972E+01
1.035140000E-01 9.242863732E-01 1.926644110E-02 1.197712387E+01
1.098680000E-01 9.343609628E-01 1.507818522E-02 1.128445043E+01
1.120410000E-01 9.375486538E-01 1.390935114E-02 1.106559206E+01
1.142590000E-01 9.407279570E-01 1.290258939E-02 1.085078637E+01
1.235950000E-01 9.516943103E-01 9.773070693E-03 1.003115013E+01
1.318820000E-01 9.599518058E-01 7.983815201E-03 9.400828013E+00
1.403030000E-01 9.669735612E-01 7.069236248E-03 8.836589382E+00
1.486490000E-01 9.727072596E-01 6.808672677E-03 8.340453013E+00
1.578080000E-01 9.778000229E-01 6.997257221E-03 7.856382439E+00
1.686500000E-01 9.824960730E-01 7.614107319E-03 7.351319300E+00
1.810130000E-01 9.864332125E-01 8.587746060E-03 6.849231823E+00
1.972420000E-01 9.897647158E-01 9.996368784E-03 6.285679521E+00
2.120000000E-01 9.915383367E-01 1.104193925E-02 5.848113208E+00
2.290870000E-01 9.925249452E-01 1.179696003E-02 5.411917743E+00
2.500000000E-01 9.929844762E-01 1.208597568E-02 4.959200000E+00
2.818380000E-01 9.930702615E-01 1.160908182E-02 4.398980975E+00
3.190850000E-01 9.931008674E-01 1.029702604E-02 3.885485059E+00
3.300960000E-01 9.932644705E-01 9.848443990E-03 3.755877078E+00
3.409910000E-01 9.932817656E-01 9.688637073E-03 3.635873088E+00
3.498970000E-01 9.933152443E-01 9.317081994E-03 3.543328465E+00
3.609500000E-01 9.932609915E-01 9.023777795E-03 3.434824768E+00
4.410290000E-01 9.938757806E-01 6.283264699E-03 2.811153008E+00
5.103790000E-01 9.946989051E-01 4.613391377E-03 2.429175182E+00
5.257240000E-01 9.949266910E-01 4.316611030E-03 2.358271641E+00
5.522480000E-01 9.951702777E-01 4.075203344E-03 2.245005867E+00
6.608570000E-01 9.960376639E-01 2.671188791E-03 1.876048828E+00
7.417470000E-01 9.966453589E-01 1.985842832E-03 1.671459406E+00
8.248320000E-01 9.971116092E-01 1.517888762E-03 1.503093963E+00
9.989890000E-01 9.978921555E-01 8.863097679E-04 1.241054706E+00
1.221520000E+00 9.985369083E-01 4.916825661E-04 1.014964962E+00
1.509210000E+00 9.990366196E-01 2.589079169E-04 8.214893885E-01
1.767680000E+00 9.993179589E-01 1.584098712E-04 7.013712889E-01
1.958280000E+00 9.994736076E-01 1.146692841E-04 6.331066038E-01
2.073160000E+00 9.995618909E-01 9.564408581E-05 5.980242721E-01
2.144170000E+00 9.996270230E-01 8.589456615E-05 5.782190778E-01
2.171960000E+00 9.996650859E-01 8.423974322E-05 5.708208254E-01
2.183120000E+00 9.996861984E-01 8.833061446E-05 5.679028180E-01
2.191960000E+00 9.997045229E-01 9.714821244E-05 5.656125112E-01
2.201520000E+00 9.997217705E-01 1.138381765E-04 5.631563647E-01
2.216420000E+00 9.997331206E-01 1.489598330E-04 5.593705164E-01
2.230290000E+00 9.997252914E-01 1.757945609E-04 5.558918347E-01
2.244370000E+00 9.997119871E-01 1.879278488E-04 5.524044609E-01
2.267240000E+00 9.997043021E-01 1.902315966E-04 5.468322718E-01
2.288070000E+00 9.997097284E-01 1.977353138E-04 5.418540517E-01
2.315060000E+00 9.997050392E-01 2.194537283E-04 5.355368759E-01
2.341190000E+00 9.996880629E-01 2.260136744E-04 5.295597538E-01
2.393980000E+00 9.996738098E-01 2.187598842E-04 5.178823549E-01
2.520700000E+00 9.996690118E-01 1.976222743E-04 4.918475027E-01
2.637410000E+00 9.996787603E-01 1.742200216E-04 4.700823914E-01
2.690700000E+00 9.996900972E-01 1.635149588E-04 4.607722897E-01
2.726550000E+00 9.997012123E-01 1.644639311E-04 4.547138325E-01
2.755910000E+00 9.997016288E-01 1.693208065E-04 4.498695531E-01
2.805990000E+00 9.996974146E-01 1.633458217E-04 4.418404912E-01
2.889830000E+00 9.997026894E-01 1.477186067E-04 4.290217764E-01
3.022990000E+00 9.997183059E-01 1.266085168E-04 4.101237516E-01
3.106700000E+00 9.997313040E-01 1.157960009E-04 3.990729713E-01
3.154080000E+00 9.997384257E-01 1.136976539E-04 3.930781718E-01
3.240870000E+00 9.997452155E-01 1.059391401E-04 3.825515988E-01
3.345710000E+00 9.997572396E-01 9.519745426E-05 3.705640955E-01
3.412900000E+00 9.997654399E-01 9.134060138E-05 3.632687744E-01
3.512870000E+00 9.997735004E-01 8.411447569E-05 3.529307945E-01
3.695230000E+00 9.997903735E-01 7.088194332E-05 3.355136216E-01
3.946840000E+00 9.998123514E-01 5.666923244E-05 3.141247175E-01
4.241310000E+00 9.998348936E-01 4.430771723E-05 2.923153460E-01
4.613000000E+00 9.998586487E-01 3.319752103E-05 2.687621938E-01
5.040810000E+00 9.998806079E-01 2.439887386E-05 2.459525354E-01
5.583740000E+00 9.999021920E-01 1.707489158E-05 2.220375591E-01
6.228760000E+00 9.999212273E-01 1.163580859E-05 1.990444326E-01
7.187860000E+00 9.999409857E-01 7.015719791E-06 1.724852738E-01
8.281800000E+00 9.999558281E-01 4.239180845E-06 1.497017557E-01
9.510270000E+00 9.999668861E-01 2.584472223E-06 1.303643325E-01
1.044810000E+01 9.999729449E-01 1.843077855E-06 1.186627234E-01
1.106240000E+01 9.999762310E-01 1.500184137E-06 1.120733295E-01
1.142490000E+01 9.999780624E-01 1.335529698E-06 1.085173612E-01
1.162630000E+01 9.999791481E-01 1.256341768E-06 1.066375373E-01
1.172370000E+01 9.999797813E-01 1.258445792E-06 1.057515972E-01
1.177940000E+01 9.999801980E-01 1.333983231E-06 1.052515408E-01
1.182740000E+01 9.999805605E-01 1.486944668E-06 1.048243908E-01
1.188690000E+01 9.999809305E-01 1.800117457E-06 1.042996913E-01
1.195610000E+01 9.999811444E-01 2.234802694E-06 1.036960213E-01
1.202450000E+01 9.999811403E-01 2.559003826E-06 1.031061583E-01
1.209270000E+01 9.999810724E-01 2.696156600E-06 1.025246636E-01
1.220800000E+01 9.999810751E-01 2.681529258E-06 1.015563565E-01
1.236600000E+01 9.999813068E-01 2.560845813E-06 1.002587741E-01
1.264770000E+01 9.999819106E-01 2.357089941E-06 9.802572800E-02
1.303590000E+01 9.999828630E-01 2.108206167E-06 9.510659026E-02
1.336700000E+01 9.999837339E-01 1.921702431E-06 9.275080422E-02
1.355740000E+01 9.999843125E-01 1.842915142E-06 9.144821278E-02
1.367180000E+01 9.999847105E-01 1.891598861E-06 9.068301175E-02
1.377480000E+01 9.999849939E-01 2.048054760E-06 9.000493655E-02
1.387940000E+01 9.999851416E-01 2.199469839E-06 8.932662795E-02
1.401740000E+01 9.999852638E-01 2.232102166E-06 8.844721560E-02
1.417170000E+01 9.999855085E-01 2.184409792E-06 8.748421149E-02
1.434400000E+01 9.999858104E-01 2.231836177E-06 8.643335192E-02
1.452870000E+01 9.999859917E-01 2.262010931E-06 8.533454473E-02
1.473800000E+01 9.999862198E-01 2.168392991E-06 8.412267608E-02
1.507150000E+01 9.999866671E-01 2.004455251E-06 8.226122151E-02
1.552950000E+01 9.999873047E-01 1.802867058E-06 7.983515245E-02
1.618310000E+01 9.999881837E-01 1.557264333E-06 7.661078533E-02
1.686660000E+01 9.999890372E-01 1.342861598E-06 7.350621939E-02
1.763380000E+01 9.999899069E-01 1.145403735E-06 7.030815820E-02
1.850240000E+01 9.999907850E-01 9.641446011E-07 6.700752335E-02
1.935870000E+01 9.999915508E-01 8.190980704E-07 6.404355664E-02
2.047920000E+01 9.999924245E-01 6.682880107E-07 6.053947420E-02
2.166910000E+01 9.999932175E-01 5.446220020E-07 5.721511276E-02
2.290100000E+01 9.999939179E-01 4.456852295E-07 5.413737391E-02
2.398000000E+01 9.999944479E-01 3.766884698E-07 5.170141785E-02
2.551710000E+01 9.999950933E-01 3.002300568E-07 4.858702596E-02
2.734630000E+01 9.999957266E-01 2.330431915E-07 4.533702914E-02
3.014950000E+01 9.999964853E-01 1.628264911E-07 4.112174331E-02
3.378700000E+01 9.999972044E-01 1.069520118E-07 3.669458668E-02
3.868540000E+01 9.999978717E-01 6.476462840E-08 3.204826627E-02
4.394750000E+01 9.999983546E-01 4.031732671E-08 2.821093350E-02
4.999970000E+01 9.999987321E-01 2.490284117E-08 2.479614878E-02
5.696310000E+01 9.999990261E-01 1.528640222E-08 2.176496715E-02
6.465840000E+01 9.999992472E-01 9.499106379E-09 1.917461614E-02
7.060960000E+01 9.999993714E-01 6.821318372E-09 1.755851895E-02
7.452760000E+01 9.999994382E-01 5.565155252E-09 1.663544781E-02
7.701540000E+01 9.999994763E-01 4.917638218E-09 1.609807909E-02
7.854230000E+01 9.999994990E-01 4.570030072E-09 1.578512470E-02
7.931420000E+01 9.999995109E-01 4.519041163E-09 1.563150104E-02
7.965510000E+01 9.999995165E-01 4.758032608E-09 1.556460289E-02
7.989590000E+01 9.999995206E-01 5.204573122E-09 1.551769240E-02
8.013150000E+01 9.999995247E-01 5.991625189E-09 1.547206779E-02
8.034770000E+01 9.999995284E-01 7.082838186E-09 1.543043547E-02
8.061710000E+01 9.999995326E-01 8.935480464E-09 1.537887123E-02
8.109780000E+01 9.999995385E-01 1.296070242E-08 1.528771434E-02
8.150140000E+01 9.999995416E-01 1.588114035E-08 1.521200863E-02
8.188550000E+01 9.999995438E-01 1.754861585E-08 1.514065372E-02
8.237940000E+01 9.999995468E-01 1.825387550E-08 1.504987897E-02
8.312950000E+01 9.999995523E-01 1.797072574E-08 1.491407984E-02
8.428930000E+01 9.999995622E-01 1.713489027E-08 1.470886578E-02
8.610140000E+01 9.999995783E-01 1.587426255E-08 1.439930129E-02
8.899130000E+01 9.999996032E-01 1.412029830E-08 1.393169894E-02
9.252310000E+01 9.999996315E-01 1.227747911E-08 1.339989689E-02
9.722020000E+01 9.999996651E-01 1.025986353E-08 1.275249382E-02
1.029200000E+02 9.999997004E-01 8.348864472E-09 1.204624951E-02
1.097350000E+02 9.999997359E-01 6.627572667E-09 1.129812731E-02
1.175160000E+02 9.999997694E-01 5.164718245E-09 1.055005276E-02
1.274340000E+02 9.999998037E-01 3.840902037E-09 9.728957735E-03
1.409050000E+02 9.999998393E-01 2.658863245E-09 8.798836095E-03
1.603250000E+02 9.999998758E-01 1.656204295E-09 7.733042258E-03
1.832180000E+02 9.999999049E-01 1.014494887E-09 6.766802388E-03
2.094780000E+02 9.999999273E-01 6.207225104E-10 5.918521277E-03
2.387210000E+02 9.999999440E-01 3.848338261E-10 5.193510416E-03
2.726620000E+02 9.999999571E-01 2.374904592E-10 4.547021587E-03
3.112820000E+02 9.999999671E-01 1.474526544E-10 3.982883687E-03
3.541810000E+02 9.999999746E-01 9.315283749E-11 3.500470099E-03
4.034610000E+02 9.999999804E-01 5.894163345E-11 3.072911632E-03
4.612080000E+02 9.999999850E-01 3.712597836E-11 2.688158055E-03
5.293590000E+02 9.999999886E-01 2.327318105E-11 2.342077872E-03
6.110290000E+02 9.999999915E-01 1.445375704E-11 2.029036265E-03
7.112650000E+02 9.999999937E-01 8.844008434E-12 1.743091534E-03
8.363180000E+02 9.999999955E-01 5.310874383E-12 1.482450455E-03
9.857120000E+02 9.999999967E-01 3.203453231E-12 1.257771033E-03
1.196250000E+03 9.999999978E-01 1.758693002E-12 1.036405434E-03
1.410750000E+03 9.999999984E-01 1.049763174E-12 8.788233209E-04
1.619760000E+03 9.999999988E-01 6.817025107E-13 7.654220378E-04
1.926580000E+03 9.999999991E-01 3.966192352E-13 6.435237571E-04
2.235890000E+03 9.999999994E-01 2.489461471E-13 5.544995505E-04
2.567150000E+03 9.999999995E-01 1.616620742E-13 4.829480163E-04
2.947480000E+03 9.999999996E-01 1.049815275E-13 4.206305047E-04
3.413050000E+03 9.999999997E-01 6.641174061E-14 3.632528091E-04
4.068660000E+03 9.999999998E-01 3.833740548E-14 3.047194900E-04
4.671440000E+03 9.999999999E-01 2.489598237E-14 2.653999623E-04
5.496760000E+03 9.999999999E-01 1.498327411E-14 2.255510519E-04
6.448380000E+03 9.999999999E-01 9.091564076E-15 1.922653442E-04
7.403740000E+03 9.999999999E-01 5.903939544E-15 1.674559074E-04
8.852580000E+03 1.000000000E+00 3.378363334E-15 1.400495675E-04
1.000000000E+04 0.000000000E+00 0.000000000E+00 1.239800000E-04
