# 11/08/2021 
# Data retrieved from www.chemicool.com/densities.html 
# Includes the real (n) and complex (k) part of the  refractive index. 
# Element, Be  (Z = 4) 
# Nominal density, g cm-3 =  1.848 
#    E [keV]      n       k    Wavelength [nm] 
1.000000000E-03 -3.394467381E+02 4.696512756E-07 1.239800000E+03
1.125000000E-03 -1.048871218E+02 0.000000000E+00 1.102044444E+03
1.265630000E-03 -8.262497319E+01 0.000000000E+00 9.795911917E+02
1.423830000E-03 -6.504080777E+01 0.000000000E+00 8.707500193E+02
1.601810000E-03 -5.115011756E+01 0.000000000E+00 7.739994132E+02
1.802030000E-03 -4.017857748E+01 0.000000000E+00 6.880018646E+02
1.907510000E-03 -3.573773700E+01 0.000000000E+00 6.499572741E+02
2.006390000E-03 -3.219448700E+01 0.000000000E+00 6.179257273E+02
2.191800000E-03 -2.677897366E+01 0.000000000E+00 5.656538005E+02
2.354030000E-03 -2.305381689E+01 0.000000000E+00 5.266712829E+02
2.495980000E-03 -2.037380151E+01 0.000000000E+00 4.967187237E+02
2.620190000E-03 -1.837802539E+01 0.000000000E+00 4.731717929E+02
2.728870000E-03 -1.685120126E+01 0.000000000E+00 4.543272490E+02
2.823970000E-03 -1.565760317E+01 0.000000000E+00 4.390273268E+02
2.907180000E-03 -1.470822576E+01 0.000000000E+00 4.264613818E+02
2.979990000E-03 -1.394214525E+01 0.000000000E+00 4.160416646E+02
3.043690000E-03 -1.331663907E+01 0.000000000E+00 4.073345183E+02
3.099440000E-03 -1.280065802E+01 0.000000000E+00 4.000077433E+02
3.148210000E-03 -1.237166445E+01 0.000000000E+00 3.938110863E+02
3.190890000E-03 -1.201233599E+01 0.000000000E+00 3.885436352E+02
3.228240000E-03 -1.170954751E+01 0.000000000E+00 3.840482740E+02
3.260910000E-03 -1.145319543E+01 0.000000000E+00 3.802006188E+02
3.289510000E-03 -1.123499690E+01 0.000000000E+00 3.768950391E+02
3.314520000E-03 -1.104888337E+01 0.000000000E+00 3.740511447E+02
3.336410000E-03 -1.088938605E+01 0.000000000E+00 3.715970160E+02
3.374720000E-03 -1.061776616E+01 0.000000000E+00 3.673786270E+02
3.403450000E-03 -1.042010106E+01 0.000000000E+00 3.642774244E+02
3.425000000E-03 -1.027502904E+01 0.000000000E+00 3.619854015E+02
3.441160000E-03 -1.016808655E+01 0.000000000E+00 3.602854851E+02
3.453280000E-03 -1.008883130E+01 0.000000000E+00 3.590209887E+02
3.462370000E-03 -1.002997305E+01 0.000000000E+00 3.580784260E+02
3.476010000E-03 -9.942521966E+00 0.000000000E+00 3.566733122E+02
3.482830000E-03 -9.899147682E+00 0.000000000E+00 3.559748825E+02
3.489650000E-03 -9.856028548E+00 0.000000000E+00 3.552791827E+02
3.490510000E-03 -9.850609870E+00 0.000000000E+00 3.551916482E+02
3.506830000E-03 -9.748606256E+00 0.000000000E+00 3.535386660E+02
3.507690000E-03 -9.743267119E+00 0.000000000E+00 3.534519869E+02
3.516280000E-03 -9.690152786E+00 0.000000000E+00 3.525885311E+02
3.524870000E-03 -9.637427961E+00 0.000000000E+00 3.517292836E+02
3.533460000E-03 -9.585157049E+00 0.000000000E+00 3.508742139E+02
3.539690000E-03 -9.547453615E+00 0.000000000E+00 3.502566609E+02
3.544360000E-03 -9.519270978E+00 0.000000000E+00 3.497951675E+02
3.551360000E-03 -9.477303305E+00 0.000000000E+00 3.491056947E+02
3.554860000E-03 -9.456412779E+00 0.000000000E+00 3.487619766E+02
3.558360000E-03 -9.435651360E+00 0.000000000E+00 3.484189346E+02
3.565460000E-03 -9.393528448E+00 0.000000000E+00 3.477251182E+02
3.566650000E-03 -9.386527161E+00 0.000000000E+00 3.476091010E+02
3.569980000E-03 -9.366892358E+00 0.000000000E+00 3.472848587E+02
3.573200000E-03 -9.348016439E+00 0.000000000E+00 3.469719019E+02
3.574810000E-03 -9.338564366E+00 0.000000000E+00 3.468156350E+02
3.575610000E-03 -9.333872036E+00 0.000000000E+00 3.467380391E+02
3.575820000E-03 -9.332658298E+00 0.000000000E+00 3.467176759E+02
3.575970000E-03 -9.331791478E+00 0.000000000E+00 3.467031323E+02
3.576080000E-03 -9.331089308E+00 0.000000000E+00 3.466924677E+02
3.576120000E-03 -9.330858200E+00 0.000000000E+00 3.466885899E+02
3.576200000E-03 -9.330395998E+00 0.000000000E+00 3.466808344E+02
3.576310000E-03 -9.329760524E+00 0.000000000E+00 3.466701712E+02
3.576360000E-03 -9.329471691E+00 0.000000000E+00 3.466653245E+02
3.576490000E-03 -9.328720786E+00 0.000000000E+00 3.466527238E+02
3.576750000E-03 -9.327219215E+00 0.000000000E+00 3.466275250E+02
3.585010000E-03 -9.279023057E+00 0.000000000E+00 3.458288819E+02
3.587160000E-03 -9.266572771E+00 0.000000000E+00 3.456216060E+02
3.593600000E-03 -9.229347367E+00 0.000000000E+00 3.450022262E+02
3.597900000E-03 -9.204582129E+00 0.000000000E+00 3.445898997E+02
3.602190000E-03 -9.179962434E+00 0.000000000E+00 3.441795130E+02
3.606270000E-03 -9.156613714E+00 0.000000000E+00 3.437901211E+02
3.612380000E-03 -9.121828205E+00 0.000000000E+00 3.432086325E+02
3.618490000E-03 -9.087284549E+00 0.000000000E+00 3.426291077E+02
3.627970000E-03 -9.033925195E+00 0.000000000E+00 3.417338071E+02
3.636560000E-03 -8.985934743E+00 0.000000000E+00 3.409265900E+02
3.645150000E-03 -8.938284681E+00 0.000000000E+00 3.401231774E+02
3.653740000E-03 -8.891035577E+00 0.000000000E+00 3.393235425E+02
3.661430000E-03 -8.848959966E+00 0.000000000E+00 3.386108706E+02
3.662330000E-03 -8.844056422E+00 0.000000000E+00 3.385276586E+02
3.665960000E-03 -8.824317710E+00 0.000000000E+00 3.381924516E+02
3.673190000E-03 -8.785176289E+00 0.000000000E+00 3.375267819E+02
3.687590000E-03 -8.707901843E+00 0.000000000E+00 3.362087434E+02
3.701880000E-03 -8.632041556E+00 0.000000000E+00 3.349109101E+02
3.716060000E-03 -8.557686229E+00 0.000000000E+00 3.336329338E+02
3.744200000E-03 -8.412679700E+00 0.000000000E+00 3.311254741E+02
3.771900000E-03 -8.273023330E+00 0.000000000E+00 3.286937618E+02
3.799160000E-03 -8.138599480E+00 0.000000000E+00 3.263352952E+02
3.826000000E-03 -8.009087093E+00 0.000000000E+00 3.240460010E+02
3.878840000E-03 -7.761909170E+00 0.000000000E+00 3.196316424E+02
3.930030000E-03 -7.532000254E+00 0.000000000E+00 3.154683298E+02
3.979620000E-03 -7.317680645E+00 0.000000000E+00 3.115372825E+02
4.075700000E-03 -6.919381268E+00 0.000000000E+00 3.041931447E+02
4.165770000E-03 -6.569736127E+00 0.000000000E+00 2.976160470E+02
4.250220000E-03 -6.262107938E+00 0.000000000E+00 2.917025472E+02
4.408550000E-03 -5.732765327E+00 0.000000000E+00 2.812262535E+02
4.547100000E-03 -5.314681990E+00 0.000000000E+00 2.726572981E+02
4.789540000E-03 -4.669425933E+00 0.000000000E+00 2.588557565E+02
4.971380000E-03 -4.246868899E+00 0.000000000E+00 2.493874940E+02
5.244130000E-03 -3.694475542E+00 0.000000000E+00 2.364167174E+02
5.516890000E-03 -3.222956877E+00 0.000000000E+00 2.247280624E+02
5.530470000E-03 -3.201325027E+00 0.000000000E+00 2.241762454E+02
5.544050000E-03 -3.179826495E+00 0.000000000E+00 2.236271318E+02
5.557630000E-03 -3.158515225E+00 0.000000000E+00 2.230807017E+02
5.571210000E-03 -3.137361816E+00 0.000000000E+00 2.225369354E+02
5.584780000E-03 -3.116352177E+00 0.000000000E+00 2.219962111E+02
5.598360000E-03 -3.095509909E+00 0.000000000E+00 2.214577126E+02
5.611940000E-03 -3.074793900E+00 0.000000000E+00 2.209218203E+02
5.625520000E-03 -3.054256847E+00 0.000000000E+00 2.203885152E+02
5.639100000E-03 -3.033843352E+00 0.000000000E+00 2.198577787E+02
5.652680000E-03 -3.013605631E+00 0.000000000E+00 2.193295923E+02
5.666260000E-03 -2.993488835E+00 0.000000000E+00 2.188039377E+02
5.679840000E-03 -2.973544697E+00 0.000000000E+00 2.182807966E+02
5.693420000E-03 -2.953745179E+00 0.000000000E+00 2.177601512E+02
5.720580000E-03 -2.914548456E+00 0.000000000E+00 2.167262760E+02
5.734150000E-03 -2.895162363E+00 0.000000000E+00 2.162133882E+02
5.747730000E-03 -2.875927774E+00 0.000000000E+00 2.157025469E+02
5.761310000E-03 -2.856805393E+00 0.000000000E+00 2.151941138E+02
5.774890000E-03 -2.837845333E+00 0.000000000E+00 2.146880720E+02
5.788470000E-03 -2.819020530E+00 0.000000000E+00 2.141844045E+02
6.188140000E-03 -2.306979298E+00 0.000000000E+00 2.003509940E+02
6.188360000E-03 -2.306721942E+00 0.000000000E+00 2.003438714E+02
6.218830000E-03 -2.271272155E+00 0.000000000E+00 1.993622595E+02
6.234060000E-03 -2.253752814E+00 0.000000000E+00 1.988752113E+02
6.249290000E-03 -2.236365195E+00 0.000000000E+00 1.983905372E+02
6.264520000E-03 -2.219129683E+00 0.000000000E+00 1.979082196E+02
6.279750000E-03 -2.202001516E+00 0.000000000E+00 1.974282416E+02
6.294980000E-03 -2.185001217E+00 0.000000000E+00 1.969505860E+02
6.310220000E-03 -2.168117501E+00 0.000000000E+00 1.964749248E+02
6.325450000E-03 -2.151369289E+00 0.000000000E+00 1.960018655E+02
6.340680000E-03 -2.134745241E+00 0.000000000E+00 1.955310787E+02
6.355910000E-03 -2.118244150E+00 0.000000000E+00 1.950625481E+02
6.371140000E-03 -2.101864826E+00 0.000000000E+00 1.945962575E+02
6.386380000E-03 -2.085596429E+00 0.000000000E+00 1.941318869E+02
6.416840000E-03 -2.053436237E+00 0.000000000E+00 1.932103652E+02
6.432070000E-03 -2.037532422E+00 0.000000000E+00 1.927528774E+02
6.447300000E-03 -2.021744624E+00 0.000000000E+00 1.922975509E+02
6.462530000E-03 -2.006092120E+00 0.000000000E+00 1.918443705E+02
6.477770000E-03 -1.990523721E+00 0.000000000E+00 1.913930257E+02
6.492760000E-03 -1.975317496E+00 0.000000000E+00 1.909511517E+02
6.493000000E-03 -1.975077355E+00 0.000000000E+00 1.909440936E+02
6.505670000E-03 -1.962313812E+00 0.000000000E+00 1.905722239E+02
6.521680000E-03 -1.946286228E+00 0.000000000E+00 1.901043903E+02
6.537700000E-03 -1.930390872E+00 0.000000000E+00 1.896385579E+02
6.553710000E-03 -1.914604612E+00 0.000000000E+00 1.891752916E+02
6.569720000E-03 -1.898937237E+00 0.000000000E+00 1.887142831E+02
6.585740000E-03 -1.883398450E+00 0.000000000E+00 1.882552302E+02
6.601750000E-03 -1.867965323E+00 0.000000000E+00 1.877986897E+02
6.617760000E-03 -1.852667049E+00 0.000000000E+00 1.873443582E+02
6.633770000E-03 -1.837463527E+00 0.000000000E+00 1.868922197E+02
6.649790000E-03 -1.822383935E+00 0.000000000E+00 1.864419779E+02
6.665800000E-03 -1.807405618E+00 0.000000000E+00 1.859941792E+02
6.681810000E-03 -1.792557347E+00 0.000000000E+00 1.855485265E+02
6.697830000E-03 -1.777791521E+00 0.000000000E+00 1.851047279E+02
6.713840000E-03 -1.763142893E+00 0.000000000E+00 1.846633223E+02
6.745860000E-03 -1.734186663E+00 0.000000000E+00 1.837867966E+02
6.761880000E-03 -1.719868780E+00 0.000000000E+00 1.833513757E+02
6.777890000E-03 -1.705645002E+00 0.000000000E+00 1.829182828E+02
6.793900000E-03 -1.691543379E+00 0.000000000E+00 1.824872312E+02
6.809920000E-03 -1.677518080E+00 0.000000000E+00 1.820579390E+02
6.825930000E-03 -1.663602445E+00 0.000000000E+00 1.816309279E+02
7.024840000E-03 -1.492195136E+00 0.000000000E+00 1.764880054E+02
7.024900000E-03 -1.492152564E+00 0.000000000E+00 1.764864980E+02
7.042190000E-03 -1.477698569E+00 0.000000000E+00 1.760531880E+02
7.059480000E-03 -1.463339021E+00 0.000000000E+00 1.756220005E+02
7.076770000E-03 -1.449107053E+00 0.000000000E+00 1.751929199E+02
7.094060000E-03 -1.434967483E+00 0.000000000E+00 1.747659309E+02
7.111360000E-03 -1.420946329E+00 0.000000000E+00 1.743407731E+02
7.154930000E-03 -1.386097043E+00 0.000000000E+00 1.732791236E+02
7.163230000E-03 -1.379525526E+00 0.000000000E+00 1.730783459E+02
7.180520000E-03 -1.365933598E+00 0.000000000E+00 1.726615900E+02
7.197810000E-03 -1.352428216E+00 0.000000000E+00 1.722468362E+02
7.215100000E-03 -1.339041313E+00 0.000000000E+00 1.718340702E+02
7.232390000E-03 -1.325755383E+00 0.000000000E+00 1.714232778E+02
7.284260000E-03 -1.286461523E+00 0.000000000E+00 1.702026012E+02
7.301560000E-03 -1.273563657E+00 0.000000000E+00 1.697993306E+02
7.318850000E-03 -1.260768221E+00 0.000000000E+00 1.693981978E+02
7.336140000E-03 -1.248052196E+00 0.000000000E+00 1.689989559E+02
7.363990000E-03 -1.227783825E+00 0.000000000E+00 1.683598158E+02
7.370660000E-03 -1.222970139E+00 0.000000000E+00 1.682074604E+02
7.370720000E-03 -1.222933947E+00 0.000000000E+00 1.682060911E+02
7.388670000E-03 -1.208388253E+00 0.000000000E+00 1.677974520E+02
7.388710000E-03 -1.208364342E+00 0.000000000E+00 1.677965436E+02
7.425080000E-03 -1.179155180E+00 0.000000000E+00 1.669746319E+02
7.443270000E-03 -1.164721970E+00 0.000000000E+00 1.665665762E+02
7.461450000E-03 -1.150424487E+00 0.000000000E+00 1.661607328E+02
7.479640000E-03 -1.136219335E+00 0.000000000E+00 1.657566407E+02
7.534200000E-03 -1.094294135E+00 0.000000000E+00 1.645562900E+02
7.552380000E-03 -1.080537115E+00 0.000000000E+00 1.641601720E+02
7.570570000E-03 -1.066882467E+00 0.000000000E+00 1.637657402E+02
7.588760000E-03 -1.053334674E+00 0.000000000E+00 1.633731993E+02
7.606940000E-03 -1.039912749E+00 0.000000000E+00 1.629827500E+02
7.643320000E-03 -1.013341701E+00 0.000000000E+00 1.622069991E+02
7.661500000E-03 -1.000215932E+00 0.000000000E+00 1.618220975E+02
7.679690000E-03 -9.872010005E-01 0.000000000E+00 1.614388081E+02
7.690900000E-03 -9.792102796E-01 0.000000000E+00 1.612035002E+02
7.697870000E-03 -9.742773655E-01 0.000000000E+00 1.610575393E+02
7.716060000E-03 -9.614482387E-01 0.000000000E+00 1.606778589E+02
7.734250000E-03 -9.487178187E-01 0.000000000E+00 1.602999644E+02
7.752430000E-03 -9.361043028E-01 0.000000000E+00 1.599240496E+02
7.766520000E-03 -9.263759972E-01 0.000000000E+00 1.596339158E+02
7.785450000E-03 -9.134241591E-01 0.000000000E+00 1.592457726E+02
7.892960000E-03 -8.367567320E-01 1.956786722E-06 1.570766861E+02
8.040850000E-03 -7.005968135E-01 4.327094596E-03 1.541876792E+02
8.180000000E-03 -5.522275481E-01 1.033736957E-01 1.515647922E+02
8.709640000E-03 -4.877454985E-01 2.246981398E-01 1.423480190E+02
9.600000000E-03 -2.654432280E-01 2.410942952E-01 1.291458333E+02
1.060000000E-02 -6.942288779E-02 2.393800750E-01 1.169622642E+02
1.180000000E-02 1.060971788E-01 2.235038289E-01 1.050677966E+02
1.350000000E-02 2.844777976E-01 1.926268315E-01 9.183703704E+01
1.610000000E-02 4.657543811E-01 1.476355466E-01 7.700621118E+01
1.923540000E-02 6.049770464E-01 1.066486739E-01 6.445407946E+01
2.540970000E-02 7.573839120E-01 5.966950249E-02 4.879239031E+01
3.785520000E-02 8.839140640E-01 2.335471077E-02 3.275111477E+01
5.401320000E-02 9.428286604E-01 9.168248483E-03 2.295364837E+01
6.982260000E-02 9.677307012E-01 4.364067278E-03 1.775642843E+01
8.024600000E-02 9.775144180E-01 2.850542740E-03 1.544999128E+01
8.794110000E-02 9.830458424E-01 2.137790026E-03 1.409807246E+01
9.371240000E-02 9.866782429E-01 1.746458908E-03 1.322983938E+01
9.587660000E-02 9.879987402E-01 1.622625594E-03 1.293120532E+01
9.777030000E-02 9.891635727E-01 1.522965048E-03 1.268074252E+01
9.942730000E-02 9.901186823E-01 1.442581621E-03 1.246941232E+01
9.980320000E-02 9.903274128E-01 1.424966544E-03 1.242244738E+01
1.008770000E-01 9.910247175E-01 1.376378966E-03 1.229021482E+01
1.021460000E-01 9.918141208E-01 1.321946461E-03 1.213752864E+01
1.032590000E-01 9.924771405E-01 1.276157185E-03 1.200670160E+01
1.042270000E-01 9.931465169E-01 1.238402463E-03 1.189519031E+01
1.054490000E-01 9.939580185E-01 1.192403269E-03 1.175734241E+01
1.062770000E-01 9.945421548E-01 1.162235968E-03 1.166574141E+01
1.068470000E-01 9.949682995E-01 1.141942032E-03 1.160350782E+01
1.071080000E-01 9.951608665E-01 1.132866143E-03 1.157523248E+01
1.078120000E-01 9.956735462E-01 1.108884022E-03 1.149964753E+01
1.082140000E-01 9.960116809E-01 1.095426516E-03 1.145692794E+01
1.085660000E-01 9.963035073E-01 1.083784504E-03 1.141978152E+01
1.088730000E-01 9.965557960E-01 1.073723806E-03 1.138758002E+01
1.091420000E-01 9.967743555E-01 1.064992946E-03 1.135951329E+01
1.096130000E-01 9.972269172E-01 1.049880277E-03 1.131070220E+01
1.099670000E-01 9.975784933E-01 1.038865675E-03 1.127429138E+01
1.102310000E-01 9.978392814E-01 1.030756843E-03 1.124728978E+01
1.104300000E-01 9.980332389E-01 1.024706690E-03 1.122702164E+01
1.107280000E-01 9.983216100E-01 1.015706117E-03 1.119680659E+01
1.108770000E-01 9.984646790E-01 1.011233078E-03 1.118175997E+01
1.109520000E-01 9.985359063E-01 1.008995098E-03 1.117420146E+01
1.110260000E-01 9.986069176E-01 1.006780375E-03 1.116675373E+01
1.111630000E-01 9.987366936E-01 1.002715871E-03 1.115299155E+01
1.115730000E-01 9.991596203E-01 9.906277818E-04 1.111200739E+01
1.118460000E-01 9.994891390E-01 9.826537531E-04 1.108488457E+01
1.121190000E-01 9.998154622E-01 9.747523207E-04 1.105789384E+01
1.123930000E-01 1.000138622E+00 9.668920262E-04 1.103093609E+01
1.125290000E-01 1.000299029E+00 9.630100734E-04 1.101760435E+01
1.126660000E-01 1.000498489E+00 9.591203039E-04 1.100420713E+01
1.128600000E-01 1.000780888E+00 9.536403186E-04 1.098529151E+01
1.130530000E-01 1.001061366E+00 9.483089520E-04 1.096653782E+01
1.131330000E-01 1.001175995E+00 9.461302184E-04 1.095878303E+01
1.132120000E-01 1.001290322E+00 9.439667262E-04 1.095113592E+01
1.133490000E-01 1.001485914E+00 9.402484321E-04 1.093789976E+01
1.134170000E-01 1.001583401E+00 9.384065697E-04 1.093134186E+01
1.134860000E-01 1.001680558E+00 9.365453312E-04 1.092469556E+01
1.135200000E-01 1.001729096E+00 9.356276929E-04 1.092142354E+01
1.136990000E-01 1.001998519E+00 9.308204440E-04 1.090422959E+01
1.137290000E-01 1.002047683E+00 9.300200986E-04 1.090135322E+01
1.137370000E-01 1.002060030E+00 9.298103029E-04 1.090058644E+01
1.137800000E-01 1.002132713E+00 9.286604933E-04 1.089646687E+01
1.140110000E-01 1.002530388E+00 9.225565594E-04 1.087438931E+01
1.141120000E-01 1.002711446E+00 9.199370122E-04 1.086476444E+01
1.143230000E-01 1.003106061E+00 9.146294366E-04 1.084471191E+01
1.144780000E-01 1.003412248E+00 9.109851037E-04 1.083002848E+01
1.146990000E-01 1.003878080E+00 9.065785041E-04 1.080916137E+01
1.148120000E-01 1.004129612E+00 9.049756666E-04 1.079852280E+01
1.149250000E-01 1.004391879E+00 9.040992607E-04 1.078790516E+01
1.151650000E-01 1.004988617E+00 9.063683880E-04 1.076542352E+01
1.154480000E-01 1.005779377E+00 9.234484108E-04 1.073903402E+01
1.156980000E-01 1.006577797E+00 9.656894311E-04 1.071582914E+01
1.159930000E-01 1.007661074E+00 1.080102604E-03 1.068857603E+01
1.161630000E-01 1.008365496E+00 1.199023682E-03 1.067293372E+01
1.165260000E-01 1.010078754E+00 1.669932603E-03 1.063968556E+01
1.166760000E-01 1.010863418E+00 1.987146147E-03 1.062600706E+01
1.168590000E-01 1.011869780E+00 2.503463196E-03 1.060936684E+01
1.172420000E-01 1.014007765E+00 4.135511740E-03 1.057470872E+01
1.175590000E-01 1.015601193E+00 6.125387712E-03 1.054619383E+01
1.178520000E-01 1.016705975E+00 8.454057859E-03 1.051997420E+01
1.181040000E-01 1.017219677E+00 1.072363538E-02 1.049752760E+01
1.183330000E-01 1.017103486E+00 1.290342523E-02 1.047721261E+01
1.185220000E-01 1.017008197E+00 1.468633284E-02 1.046050522E+01
1.187300000E-01 1.016418866E+00 1.655009073E-02 1.044217974E+01
1.188140000E-01 1.016071407E+00 1.725003723E-02 1.043479725E+01
1.191600000E-01 1.014356941E+00 1.981632872E-02 1.040449815E+01
1.192860000E-01 1.013603916E+00 2.057946174E-02 1.039350804E+01
1.197000000E-01 1.010956658E+00 2.239314449E-02 1.035756057E+01
1.210870000E-01 1.003778241E+00 2.337407331E-02 1.023891912E+01
1.216190000E-01 1.002040687E+00 2.300703688E-02 1.019413085E+01
1.219630000E-01 1.001203253E+00 2.274260289E-02 1.016537802E+01
1.224590000E-01 1.000012148E+00 2.236585148E-02 1.012420484E+01
1.233830000E-01 9.983887791E-01 2.167657674E-02 1.004838592E+01
1.246750000E-01 9.966758109E-01 2.081225945E-02 9.944255063E+00
1.258690000E-01 9.955275482E-01 2.009752769E-02 9.849923333E+00
1.285000000E-01 9.936505864E-01 1.869421245E-02 9.648249027E+00
1.373470000E-01 9.908462528E-01 1.523712644E-02 9.026771608E+00
1.509450000E-01 9.896935750E-01 1.160709989E-02 8.213587731E+00
1.548820000E-01 9.896357705E-01 1.074312949E-02 8.004803657E+00
1.635390000E-01 9.897556779E-01 9.088312948E-03 7.581066290E+00
1.698240000E-01 9.899603739E-01 8.053811857E-03 7.300499340E+00
1.765200000E-01 9.902738138E-01 7.086294487E-03 7.023566735E+00
1.821290000E-01 9.905807778E-01 6.375372971E-03 6.807262984E+00
1.896180000E-01 9.910157593E-01 5.549069222E-03 6.538408801E+00
1.931560000E-01 9.912347780E-01 5.202805488E-03 6.418646068E+00
1.952020000E-01 9.913624658E-01 5.017188965E-03 6.351369351E+00
1.985890000E-01 9.915664248E-01 4.724405351E-03 6.243044680E+00
2.041740000E-01 9.919018513E-01 4.288648790E-03 6.072271690E+00
2.092310000E-01 9.922000655E-01 3.934793578E-03 5.925508170E+00
2.163260000E-01 9.926036797E-01 3.498500962E-03 5.731165001E+00
2.229560000E-01 9.929652369E-01 3.145546133E-03 5.560738442E+00
2.289240000E-01 9.932732940E-01 2.865533464E-03 5.415771173E+00
2.411890000E-01 9.938596595E-01 2.383230320E-03 5.140367098E+00
2.573170000E-01 9.945354146E-01 1.892617486E-03 4.818181465E+00
2.802210000E-01 9.953384483E-01 1.392916032E-03 4.424365055E+00
3.092500000E-01 9.961459856E-01 9.720762938E-04 4.009054163E+00
3.498150000E-01 9.969804477E-01 6.174280666E-04 3.544159056E+00
3.958220000E-01 9.976456817E-01 3.908692642E-04 3.132215996E+00
4.465280000E-01 9.981579122E-01 2.489954490E-04 2.776533610E+00
5.063050000E-01 9.985758402E-01 1.546698543E-04 2.448721620E+00
5.663770000E-01 9.988689025E-01 1.008131141E-04 2.189001319E+00
6.387230000E-01 9.991166007E-01 6.353698399E-05 1.941060522E+00
7.164110000E-01 9.993023128E-01 4.070358126E-05 1.730570859E+00
8.083100000E-01 9.994554565E-01 2.540975597E-05 1.533817471E+00
9.043670000E-01 9.995674111E-01 1.635600915E-05 1.370903627E+00
1.012840000E+00 9.996568705E-01 1.045169750E-05 1.224082777E+00
1.140320000E+00 9.997306052E-01 6.532867080E-06 1.087238670E+00
1.271670000E+00 9.997842409E-01 4.224318526E-06 9.749384667E-01
1.421310000E+00 9.998278955E-01 2.704614830E-06 8.722938697E-01
1.589000000E+00 9.998627353E-01 1.723657126E-06 7.802391441E-01
1.779400000E+00 9.998908412E-01 1.089091683E-06 6.967517141E-01
1.988570000E+00 9.999128028E-01 6.920389290E-07 6.234630916E-01
2.207950000E+00 9.999294059E-01 4.506852241E-07 5.615163387E-01
2.448540000E+00 9.999426917E-01 2.944182890E-07 5.063425552E-01
2.729440000E+00 9.999539484E-01 1.878155555E-07 4.542323700E-01
3.033420000E+00 9.999627614E-01 1.211742969E-07 4.087135972E-01
3.373310000E+00 9.999699191E-01 7.782725014E-08 3.675321865E-01
3.746780000E+00 9.999756384E-01 5.020423055E-08 3.308974640E-01
4.160830000E+00 9.999802603E-01 3.230301116E-08 2.979693955E-01
4.558250000E+00 9.999835614E-01 2.198837518E-08 2.719903472E-01
5.024410000E+00 9.999864771E-01 1.458152114E-08 2.467553404E-01
5.563100000E+00 9.999889741E-01 9.462496724E-09 2.228613543E-01
6.156810000E+00 9.999910015E-01 6.151327842E-09 2.013705149E-01
6.809210000E+00 9.999926455E-01 4.001737830E-09 1.820769223E-01
7.502870000E+00 9.999939441E-01 2.643980404E-09 1.652434335E-01
8.317640000E+00 9.999950735E-01 1.701726515E-09 1.490567036E-01
9.215030000E+00 9.999959871E-01 1.095289779E-09 1.345410704E-01
1.006680000E+01 9.999966379E-01 7.491102887E-10 1.231573092E-01
1.114520000E+01 9.999972574E-01 4.834481440E-10 1.112407135E-01
1.230240000E+01 9.999977494E-01 3.153975539E-10 1.007770841E-01
1.357990000E+01 9.999981531E-01 2.056639299E-10 9.129669585E-02
1.474330000E+01 9.999984332E-01 1.441488499E-10 8.409243521E-02
1.576080000E+01 9.999986290E-01 1.079644842E-10 7.866351962E-02
1.676390000E+01 9.999987882E-01 8.256583866E-11 7.395653756E-02
1.774710000E+01 9.999989188E-01 6.445250682E-11 6.985930096E-02
1.860050000E+01 9.999990158E-01 5.254822953E-11 6.665412220E-02
1.933440000E+01 9.999990891E-01 4.440120699E-11 6.412404833E-02
1.977720000E+01 9.999991294E-01 4.023745647E-11 6.268834820E-02
2.011820000E+01 9.999991587E-01 3.735315518E-11 6.162579157E-02
2.060300000E+01 9.999991978E-01 3.367646557E-11 6.017570257E-02
2.097820000E+01 9.999992263E-01 3.114518788E-11 5.909944609E-02
2.136820000E+01 9.999992543E-01 2.874304581E-11 5.802079726E-02
2.228320000E+01 9.999993142E-01 2.394968922E-11 5.563832843E-02
2.374750000E+01 9.999993962E-01 1.814785921E-11 5.220760080E-02
2.570510000E+01 9.999994847E-01 1.284442424E-11 4.823167387E-02
2.840780000E+01 9.999995781E-01 8.298478919E-12 4.364294314E-02
3.102420000E+01 9.999996463E-01 5.648823682E-12 3.996235197E-02
3.427070000E+01 9.999997101E-01 3.657936838E-12 3.617667570E-02
3.771520000E+01 9.999997606E-01 2.407626141E-12 3.287268793E-02
4.129770000E+01 9.999998004E-01 1.618368333E-12 3.002104233E-02
4.536680000E+01 9.999998346E-01 1.072655862E-12 2.732835466E-02
5.018910000E+01 9.999998648E-01 6.893936957E-13 2.470257486E-02
5.543780000E+01 9.999998892E-01 4.461656254E-13 2.236380232E-02
6.048100000E+01 9.999999069E-01 3.047787040E-13 2.049899969E-02
6.687540000E+01 9.999999239E-01 1.963269901E-13 1.853895453E-02
7.354300000E+01 9.999999371E-01 1.295826552E-13 1.685816461E-02
8.107430000E+01 9.999999482E-01 8.468961088E-14 1.529214560E-02
8.932950000E+01 9.999999573E-01 5.546445815E-14 1.387895376E-02
9.864210000E+01 9.999999650E-01 3.597400857E-14 1.256866997E-02
1.082870000E+02 9.999999710E-01 2.398826370E-14 1.144920443E-02
1.200380000E+02 9.999999764E-01 1.534494032E-14 1.032839601E-02
1.326340000E+02 9.999999806E-01 9.954724573E-15 9.347527783E-03
1.459240000E+02 9.999999840E-01 6.598810163E-15 8.496203503E-03
1.592270000E+02 9.999999866E-01 4.531269859E-15 7.786367890E-03
1.753750000E+02 9.999999889E-01 2.999043863E-15 7.069422666E-03
1.944240000E+02 9.999999910E-01 1.933932062E-15 6.376784759E-03
2.137000000E+02 9.999999925E-01 1.298583113E-15 5.801591015E-03
2.343170000E+02 9.999999938E-01 8.819743585E-16 5.291122710E-03
2.590820000E+02 9.999999949E-01 5.804663306E-16 4.785357532E-03
2.887740000E+02 9.999999959E-01 3.717060575E-16 4.293322806E-03
3.204580000E+02 9.999999967E-01 2.437755594E-16 3.868837726E-03
3.513680000E+02 9.999999972E-01 1.687209660E-16 3.528494342E-03
3.897280000E+02 9.999999978E-01 1.122519202E-16 3.181193037E-03
4.302790000E+02 9.999999982E-01 7.661052439E-17 2.881386263E-03
4.841720000E+02 9.999999985E-01 4.905483474E-17 2.560660261E-03
5.457970000E+02 9.999999989E-01 3.161604182E-17 2.271540518E-03
6.168170000E+02 9.999999991E-01 2.045330578E-17 2.009996482E-03
6.978310000E+02 9.999999993E-01 1.338206265E-17 1.776647928E-03
8.035260000E+02 9.999999995E-01 8.396906245E-18 1.542949450E-03
9.174410000E+02 9.999999996E-01 5.532990019E-18 1.351367554E-03
1.022000000E+03 9.999999997E-01 3.960924201E-18 1.213111546E-03
1.228710000E+03 9.999999998E-01 2.298427176E-18 1.009025726E-03
1.477240000E+03 9.999999998E-01 1.333702563E-18 8.392678238E-04
1.776030000E+03 9.999999999E-01 7.739130917E-19 6.980737938E-04
2.135260000E+03 9.999999999E-01 4.490777052E-19 5.806318668E-04
2.567150000E+03 9.999999999E-01 2.605863733E-19 4.829480163E-04
3.086390000E+03 1.000000000E+00 1.512111088E-19 4.016990724E-04
3.710660000E+03 1.000000000E+00 8.774360273E-20 3.341184587E-04
4.461190000E+03 1.000000000E+00 5.091512723E-20 2.779079125E-04
5.363530000E+03 1.000000000E+00 2.954466599E-20 2.311537364E-04
6.448380000E+03 1.000000000E+00 1.714393508E-20 1.922653442E-04
7.752660000E+03 1.000000000E+00 9.948136207E-21 1.599193051E-04
9.320750000E+03 1.000000000E+00 5.772615865E-21 1.330150471E-04
1.000000000E+04 0.000000000E+00 0.000000000E+00 1.239800000E-04
