# 11/08/2021 
# Data retrieved from www.chemicool.com/densities.html 
# Includes the real (n) and complex (k) part of the  refractive index. 
# Element, C  (Z = 6) 
# Nominal density, g cm-3 =  2.267 
#    E [keV]      n       k    Wavelength [nm] 
1.000000000E-03 -4.689798899E+02 3.244744740E-06 1.239800000E+03
1.125000000E-03 -7.615262370E+01 0.000000000E+00 1.102044444E+03
1.265630000E-03 -5.982460362E+01 0.000000000E+00 9.795911917E+02
1.423830000E-03 -4.693938072E+01 0.000000000E+00 8.707500193E+02
1.500000000E-03 -4.214238428E+01 0.000000000E+00 8.265333333E+02
1.601810000E-03 -3.674115486E+01 0.000000000E+00 7.739994132E+02
1.802030000E-03 -2.867825385E+01 0.000000000E+00 6.880018646E+02
2.000000000E-03 -2.297982464E+01 0.000000000E+00 6.199000000E+02
2.027290000E-03 -2.232236414E+01 0.000000000E+00 6.115553276E+02
2.250000000E-03 -1.782722261E+01 0.000000000E+00 5.510222222E+02
2.280700000E-03 -1.730419249E+01 0.000000000E+00 5.436050335E+02
2.565780000E-03 -1.331958788E+01 0.000000000E+00 4.832058867E+02
2.812500000E-03 -1.081435576E+01 0.000000000E+00 4.408177778E+02
2.886510000E-03 -1.017828951E+01 0.000000000E+00 4.295152277E+02
3.206180000E-03 -7.927350596E+00 0.000000000E+00 3.866907036E+02
3.515630000E-03 -6.317783182E+00 0.000000000E+00 3.526537207E+02
3.730650000E-03 -5.416864240E+00 0.000000000E+00 3.323281466E+02
4.000000000E-03 -4.489944537E+00 0.000000000E+00 3.099500000E+02
4.132190000E-03 -4.093650340E+00 0.000000000E+00 3.000346063E+02
4.460120000E-03 -3.263528169E+00 0.000000000E+00 2.779745836E+02
4.706070000E-03 -2.742741936E+00 0.000000000E+00 2.634469951E+02
4.890530000E-03 -2.405448993E+00 0.000000000E+00 2.535103557E+02
5.028870000E-03 -2.174497809E+00 0.000000000E+00 2.465364983E+02
5.132630000E-03 -2.010771120E+00 0.000000000E+00 2.415525764E+02
5.210450000E-03 -1.894840170E+00 0.000000000E+00 2.379448992E+02
5.268810000E-03 -1.811476885E+00 0.000000000E+00 2.353093013E+02
5.312590000E-03 -1.750893428E+00 0.000000000E+00 2.333701641E+02
5.345420000E-03 -1.706511869E+00 0.000000000E+00 2.319368731E+02
5.394660000E-03 -1.641578808E+00 0.000000000E+00 2.298198589E+02
5.419280000E-03 -1.609814327E+00 0.000000000E+00 2.287757783E+02
5.443910000E-03 -1.577633126E+00 0.000000000E+00 2.277407231E+02
5.454280000E-03 -1.564021755E+00 0.000000000E+00 2.273077290E+02
5.481130000E-03 -1.529182230E+00 0.000000000E+00 2.261942337E+02
5.494550000E-03 -1.511989157E+00 0.000000000E+00 2.256417723E+02
5.507980000E-03 -1.494898527E+00 0.000000000E+00 2.250915944E+02
5.521400000E-03 -1.477978930E+00 0.000000000E+00 2.245444996E+02
5.529550000E-03 -1.467758244E+00 0.000000000E+00 2.242135436E+02
5.537700000E-03 -1.457586949E+00 0.000000000E+00 2.238835618E+02
5.544400000E-03 -1.449254853E+00 0.000000000E+00 2.236130149E+02
5.551100000E-03 -1.440981229E+00 0.000000000E+00 2.233431212E+02
5.557800000E-03 -1.432714991E+00 0.000000000E+00 2.230738782E+02
5.564500000E-03 -1.424506768E+00 0.000000000E+00 2.228052835E+02
5.569800000E-03 -1.418025742E+00 0.000000000E+00 2.225932709E+02
5.575100000E-03 -1.411564966E+00 0.000000000E+00 2.223816613E+02
5.588530000E-03 -1.395271521E+00 0.000000000E+00 2.218472478E+02
5.590210000E-03 -1.393255359E+00 0.000000000E+00 2.217805771E+02
5.593140000E-03 -1.389721619E+00 0.000000000E+00 2.216643960E+02
5.597550000E-03 -1.384407135E+00 0.000000000E+00 2.214897589E+02
5.599750000E-03 -1.381759312E+00 0.000000000E+00 2.214027412E+02
5.600300000E-03 -1.381116627E+00 0.000000000E+00 2.213809974E+02
5.601650000E-03 -1.379494605E+00 0.000000000E+00 2.213276445E+02
5.602460000E-03 -1.378507031E+00 0.000000000E+00 2.212956451E+02
5.603440000E-03 -1.377350715E+00 0.000000000E+00 2.212569422E+02
5.605270000E-03 -1.375150236E+00 0.000000000E+00 2.211847065E+02
5.608480000E-03 -1.371311204E+00 0.000000000E+00 2.210581120E+02
5.618100000E-03 -1.359870629E+00 0.000000000E+00 2.206795892E+02
5.621450000E-03 -1.355893411E+00 0.000000000E+00 2.205480792E+02
5.626470000E-03 -1.349958752E+00 0.000000000E+00 2.203513037E+02
5.631500000E-03 -1.344033176E+00 0.000000000E+00 2.201544881E+02
5.637540000E-03 -1.336917477E+00 0.000000000E+00 2.199186170E+02
5.646600000E-03 -1.326327772E+00 0.000000000E+00 2.195657564E+02
5.651130000E-03 -1.321053872E+00 0.000000000E+00 2.193897504E+02
5.655660000E-03 -1.315769378E+00 0.000000000E+00 2.192140263E+02
5.669080000E-03 -1.300259185E+00 0.000000000E+00 2.186950969E+02
5.682510000E-03 -1.284837198E+00 0.000000000E+00 2.181782346E+02
5.695930000E-03 -1.269567033E+00 0.000000000E+00 2.176641918E+02
5.703910000E-03 -1.260523608E+00 0.000000000E+00 2.173596708E+02
5.717340000E-03 -1.245433546E+00 0.000000000E+00 2.168490942E+02
5.720060000E-03 -1.242388518E+00 0.000000000E+00 2.167459782E+02
5.722780000E-03 -1.239348262E+00 0.000000000E+00 2.166429602E+02
5.725580000E-03 -1.236226377E+00 0.000000000E+00 2.165370146E+02
5.731170000E-03 -1.230005473E+00 0.000000000E+00 2.163258113E+02
5.736710000E-03 -1.223843322E+00 0.000000000E+00 2.161169032E+02
5.742200000E-03 -1.217786941E+00 0.000000000E+00 2.159102783E+02
5.747660000E-03 -1.211748997E+00 0.000000000E+00 2.157051739E+02
5.753070000E-03 -1.205815659E+00 0.000000000E+00 2.155023318E+02
5.758430000E-03 -1.199938906E+00 0.000000000E+00 2.153017402E+02
5.763760000E-03 -1.194103028E+00 0.000000000E+00 2.151026413E+02
5.829500000E-03 -1.123613463E+00 0.000000000E+00 2.126769020E+02
6.440240000E-03 -5.327519726E-01 0.000000000E+00 1.925083537E+02
6.471950000E-03 -5.057777121E-01 0.000000000E+00 1.915651388E+02
6.487800000E-03 -4.924722471E-01 0.000000000E+00 1.910971362E+02
6.504380000E-03 -4.786500789E-01 0.000000000E+00 1.906100197E+02
6.520230000E-03 -4.655719575E-01 0.000000000E+00 1.901466666E+02
6.533420000E-03 -4.547591201E-01 0.000000000E+00 1.897627889E+02
6.546600000E-03 -4.440441324E-01 0.000000000E+00 1.893807473E+02
6.557200000E-03 -4.354792673E-01 0.000000000E+00 1.890746050E+02
6.567790000E-03 -4.269664742E-01 0.000000000E+00 1.887697384E+02
6.583650000E-03 -4.142966695E-01 0.000000000E+00 1.883149924E+02
6.599500000E-03 -4.017542696E-01 0.000000000E+00 1.878627169E+02
6.615350000E-03 -3.892977859E-01 0.000000000E+00 1.874126086E+02
6.619320000E-03 -3.862011191E-01 0.000000000E+00 1.873002061E+02
6.631210000E-03 -3.769579033E-01 0.000000000E+00 1.869643700E+02
6.634530000E-03 -3.743874496E-01 0.000000000E+00 1.868708107E+02
6.640330000E-03 -3.698906629E-01 0.000000000E+00 1.867075883E+02
6.644690000E-03 -3.665317592E-01 0.000000000E+00 1.865850777E+02
6.651220000E-03 -3.615117956E-01 0.000000000E+00 1.864018932E+02
6.657760000E-03 -3.565048122E-01 0.000000000E+00 1.862187883E+02
6.663010000E-03 -3.524971174E-01 0.000000000E+00 1.860720605E+02
6.669900000E-03 -3.472560616E-01 0.000000000E+00 1.858798483E+02
6.676550000E-03 -3.422005446E-01 0.000000000E+00 1.856947076E+02
6.686690000E-03 -3.345402743E-01 0.000000000E+00 1.854131117E+02
6.690660000E-03 -3.315566770E-01 0.000000000E+00 1.853030942E+02
6.694620000E-03 -3.285831837E-01 0.000000000E+00 1.851934837E+02
6.702170000E-03 -3.229226285E-01 0.000000000E+00 1.849848631E+02
6.709720000E-03 -3.173015773E-01 0.000000000E+00 1.847767120E+02
6.725570000E-03 -3.055393373E-01 0.000000000E+00 1.843412529E+02
6.742180000E-03 -2.933400116E-01 0.000000000E+00 1.838871107E+02
6.757280000E-03 -2.823321960E-01 0.000000000E+00 1.834761916E+02
6.758040000E-03 -2.817692841E-01 0.000000000E+00 1.834555581E+02
6.768150000E-03 -2.744532857E-01 0.000000000E+00 1.831815193E+02
6.768910000E-03 -2.738934882E-01 0.000000000E+00 1.831609521E+02
6.801200000E-03 -2.494092473E-01 0.000000000E+00 1.822913603E+02
7.043400000E-03 -6.292592085E-02 0.000000000E+00 1.760229435E+02
7.103950000E-03 -1.980800552E-02 0.000000000E+00 1.745226247E+02
7.149360000E-03 1.167042643E-02 0.000000000E+00 1.734141238E+02
7.217480000E-03 5.756990570E-02 0.000000000E+00 1.717774071E+02
7.251830000E-03 8.061684637E-02 0.000000000E+00 1.709637429E+02
7.285590000E-03 1.062268958E-01 0.000000000E+00 1.701715304E+02
7.285600000E-03 1.062293496E-01 0.000000000E+00 1.701712968E+02
7.295970000E-03 1.140086097E-01 0.000000000E+00 1.699294268E+02
7.301310000E-03 1.179939697E-01 0.000000000E+00 1.698051446E+02
7.311670000E-03 1.257095459E-01 0.000000000E+00 1.695645454E+02
7.331890000E-03 1.406410949E-01 0.000000000E+00 1.690969177E+02
7.339400000E-03 1.461518506E-01 0.000000000E+00 1.689238902E+02
7.349840000E-03 1.537686557E-01 0.000000000E+00 1.686839441E+02
7.357330000E-03 1.592110015E-01 0.000000000E+00 1.685122184E+02
7.367800000E-03 1.667809052E-01 0.000000000E+00 1.682727544E+02
7.383660000E-03 1.781896088E-01 0.000000000E+00 1.679113069E+02
7.403720000E-03 1.924717137E-01 0.000000000E+00 1.674563598E+02
7.421680000E-03 2.051525845E-01 0.000000000E+00 1.670511259E+02
7.430650000E-03 2.114413929E-01 0.000000000E+00 1.668494681E+02
7.439630000E-03 2.177043036E-01 0.000000000E+00 1.666480726E+02
7.448610000E-03 2.239393235E-01 0.000000000E+00 1.664471626E+02
7.457590000E-03 2.301465983E-01 0.000000000E+00 1.662467365E+02
7.475550000E-03 2.424925169E-01 0.000000000E+00 1.658473290E+02
7.493510000E-03 2.547151092E-01 0.000000000E+00 1.654498359E+02
7.494630000E-03 2.554818988E-01 0.000000000E+00 1.654251110E+02
7.496730000E-03 2.569027983E-01 0.000000000E+00 1.653787718E+02
7.500420000E-03 2.593887880E-01 0.000000000E+00 1.652974100E+02
7.503180000E-03 2.612557901E-01 0.000000000E+00 1.652366063E+02
7.507320000E-03 2.640445695E-01 0.000000000E+00 1.651454847E+02
7.510430000E-03 2.661403382E-01 0.000000000E+00 1.650770994E+02
7.511470000E-03 2.668296043E-01 0.000000000E+00 1.650542437E+02
7.513040000E-03 2.678994949E-01 0.000000000E+00 1.650197523E+02
7.515990000E-03 2.698750416E-01 0.000000000E+00 1.649549826E+02
7.521160000E-03 2.733302463E-01 0.000000000E+00 1.648415936E+02
7.528910000E-03 2.785025133E-01 0.000000000E+00 1.646719113E+02
7.536660000E-03 2.836550523E-01 0.000000000E+00 1.645025781E+02
7.543830000E-03 2.884032131E-01 0.000000000E+00 1.643462273E+02
7.554590000E-03 2.954950319E-01 0.000000000E+00 1.641121490E+02
7.559960000E-03 2.990318874E-01 0.000000000E+00 1.639955767E+02
7.565340000E-03 3.025612587E-01 0.000000000E+00 1.638789532E+02
7.574320000E-03 3.084207272E-01 0.000000000E+00 1.636846608E+02
7.583300000E-03 3.142544138E-01 0.000000000E+00 1.634908285E+02
7.596470000E-03 3.233515105E-01 0.000000000E+00 1.632073845E+02
7.601260000E-03 3.269977001E-01 0.000000000E+00 1.631045379E+02
7.608390000E-03 3.324275936E-01 0.000000000E+00 1.629516889E+02
7.619210000E-03 3.406391860E-01 0.000000000E+00 1.627202820E+02
7.626320000E-03 3.460041132E-01 0.000000000E+00 1.625685783E+02
7.644260000E-03 3.594490159E-01 0.000000000E+00 1.621870528E+02
7.650370000E-03 3.640061797E-01 0.000000000E+00 1.620575214E+02
7.653350000E-03 3.662270588E-01 0.000000000E+00 1.619944207E+02
7.655130000E-03 3.675513480E-01 0.000000000E+00 1.619567532E+02
7.660730000E-03 3.717067740E-01 0.000000000E+00 1.618383627E+02
7.663450000E-03 3.737137433E-01 0.000000000E+00 1.617809211E+02
7.671610000E-03 3.797318426E-01 0.000000000E+00 1.616088409E+02
7.679770000E-03 3.857390774E-01 0.000000000E+00 1.614371264E+02
7.932760000E-03 5.706144169E-01 0.000000000E+00 1.562886057E+02
7.935180000E-03 5.724691272E-01 0.000000000E+00 1.562409422E+02
7.943120000E-03 5.785767783E-01 0.000000000E+00 1.560847627E+02
7.945540000E-03 5.804221469E-01 0.000000000E+00 1.560372234E+02
7.974240000E-03 6.022287649E-01 0.000000000E+00 1.554756315E+02
7.984650000E-03 6.100741706E-01 0.000000000E+00 1.552729299E+02
7.993770000E-03 6.169106464E-01 0.000000000E+00 1.550957808E+02
8.004210000E-03 6.247339083E-01 0.000000000E+00 1.548934873E+02
8.013300000E-03 6.315519185E-01 0.000000000E+00 1.547177817E+02
8.030430000E-03 6.443372264E-01 0.000000000E+00 1.543877476E+02
8.052360000E-03 6.624893564E-01 0.000000000E+00 1.539672841E+02
8.071900000E-03 6.809099486E-01 0.000000000E+00 1.535945688E+02
8.091430000E-03 6.991679814E-01 0.000000000E+00 1.532238430E+02
8.110960000E-03 7.172421647E-01 0.000000000E+00 1.528549025E+02
8.130490000E-03 7.351463665E-01 0.000000000E+00 1.524877344E+02
8.150020000E-03 7.528942014E-01 0.000000000E+00 1.521223261E+02
8.169550000E-03 7.704638155E-01 0.000000000E+00 1.517586648E+02
8.184670000E-03 7.839556063E-01 0.000000000E+00 1.514783125E+02
8.199780000E-03 7.973490428E-01 0.000000000E+00 1.511991785E+02
8.213960000E-03 8.098244880E-01 0.000000000E+00 1.509381589E+02
8.228150000E-03 8.222156446E-01 0.000000000E+00 1.506778559E+02
8.238890000E-03 8.315443328E-01 0.000000000E+00 1.504814362E+02
8.248090000E-03 8.394986669E-01 0.000000000E+00 1.503135878E+02
8.263200000E-03 8.524789466E-01 0.000000000E+00 1.500387259E+02
8.268400000E-03 8.569280598E-01 0.000000000E+00 1.499443665E+02
8.278270000E-03 8.653414438E-01 0.000000000E+00 1.497655911E+02
8.288700000E-03 8.741770499E-01 0.000000000E+00 1.495771351E+02
8.298550000E-03 8.824858261E-01 0.000000000E+00 1.493995939E+02
8.317120000E-03 8.980641920E-01 0.000000000E+00 1.490660229E+02
8.325800000E-03 9.052850150E-01 0.000000000E+00 1.489106152E+02
8.336680000E-03 9.155437126E-01 0.000000000E+00 1.487162755E+02
8.359380000E-03 9.408614812E-01 0.000000000E+00 1.483124347E+02
8.373030000E-03 9.561426732E-01 0.000000000E+00 1.480706506E+02
8.395380000E-03 9.809339003E-01 0.000000000E+00 1.476764601E+02
8.416040000E-03 1.003628580E+00 0.000000000E+00 1.473139386E+02
8.436710000E-03 1.026101398E+00 0.000000000E+00 1.469530184E+02
8.457370000E-03 1.048354859E+00 0.000000000E+00 1.465940357E+02
8.478040000E-03 1.070990776E+00 0.000000000E+00 1.462366302E+02
8.490970000E-03 1.088805334E+00 0.000000000E+00 1.460139419E+02
8.503910000E-03 1.107410379E+00 0.000000000E+00 1.457917593E+02
8.514740000E-03 1.122905841E+00 0.000000000E+00 1.456063250E+02
8.530990000E-03 1.146006202E+00 0.000000000E+00 1.453289712E+02
8.539120000E-03 1.157484582E+00 0.000000000E+00 1.451906051E+02
8.547240000E-03 1.168919442E+00 0.000000000E+00 1.450526720E+02
8.555590000E-03 1.180622077E+00 0.000000000E+00 1.449111049E+02
8.563940000E-03 1.192278771E+00 0.000000000E+00 1.447698139E+02
8.573170000E-03 1.205127186E+00 0.000000000E+00 1.446139526E+02
8.577790000E-03 1.211530247E+00 0.000000000E+00 1.445360635E+02
8.580100000E-03 1.214726562E+00 0.000000000E+00 1.444971504E+02
8.582410000E-03 1.217919405E+00 0.000000000E+00 1.444582582E+02
8.583680000E-03 1.219673485E+00 0.000000000E+00 1.444368849E+02
8.586060000E-03 1.222952984E+00 0.000000000E+00 1.443968479E+02
8.590210000E-03 1.228684081E+00 0.000000000E+00 1.443270886E+02
8.593330000E-03 1.232974665E+00 0.000000000E+00 1.442746875E+02
8.598010000E-03 1.239398753E+00 0.000000000E+00 1.441961570E+02
8.600350000E-03 1.242605503E+00 0.000000000E+00 1.441569238E+02
8.601520000E-03 1.244202261E+00 0.000000000E+00 1.441373153E+02
8.602690000E-03 1.245808729E+00 0.000000000E+00 1.441177120E+02
8.605600000E-03 1.249779586E+00 0.000000000E+00 1.440689783E+02
8.629470000E-03 1.284049179E+00 9.806583514E-07 1.436704688E+02
8.633550000E-03 1.290845070E+00 1.637644756E-06 1.436025737E+02
8.650540000E-03 1.320331676E+00 5.256719035E-06 1.433205326E+02
8.662280000E-03 1.341613001E+00 1.132900366E-05 1.431262901E+02
8.679740000E-03 1.374843344E+00 3.364562234E-05 1.428383800E+02
8.697410000E-03 1.410695412E+00 9.513345697E-05 1.425481839E+02
8.711910000E-03 1.442046471E+00 2.130489099E-04 1.423109284E+02
8.727750000E-03 1.478678855E+00 4.906432543E-04 1.420526482E+02
8.747010000E-03 1.527216882E+00 1.266635513E-03 1.417398631E+02
8.769180000E-03 1.589911060E+00 3.461087354E-03 1.413815203E+02
8.787330000E-03 1.647966702E+00 7.369390833E-03 1.410895005E+02
8.808660000E-03 1.725580381E+00 1.661584121E-02 1.407478550E+02
8.825720000E-03 1.795770046E+00 3.002410828E-02 1.404757912E+02
8.847350000E-03 1.895371464E+00 5.921690397E-02 1.401323560E+02
8.869170000E-03 2.005854024E+00 1.086251024E-01 1.397876013E+02
8.907740000E-03 2.206772086E+00 2.642963492E-01 1.391823291E+02
8.951850000E-03 2.379352327E+00 5.606722142E-01 1.384965119E+02
8.996970000E-03 2.402182065E+00 9.366469711E-01 1.378019489E+02
9.022270000E-03 2.346054674E+00 1.135716485E+00 1.374155285E+02
9.046540000E-03 2.248985858E+00 1.295699557E+00 1.370468710E+02
9.067910000E-03 2.144572264E+00 1.405057510E+00 1.367238978E+02
9.091070000E-03 2.024370688E+00 1.489597256E+00 1.363755862E+02
9.103300000E-03 1.962050982E+00 1.521263326E+00 1.361923698E+02
9.113410000E-03 1.912141595E+00 1.542485571E+00 1.360412842E+02
9.125950000E-03 1.853128866E+00 1.561714316E+00 1.358543494E+02
9.142600000E-03 1.779913936E+00 1.579317048E+00 1.356069389E+02
9.167850000E-03 1.682750679E+00 1.592146430E+00 1.352334517E+02
9.206120000E-03 1.563682123E+00 1.594848097E+00 1.346712839E+02
9.228430000E-03 1.503731372E+00 1.592869094E+00 1.343457121E+02
9.278160000E-03 1.409788936E+00 1.582347820E+00 1.336256327E+02
9.346320000E-03 1.284648102E+00 1.568125522E+00 1.326511397E+02
9.420000000E-03 1.198646973E+00 1.552344498E+00 1.316135881E+02
9.557400000E-03 1.055612824E+00 1.523643833E+00 1.297214724E+02
9.700000000E-03 9.468264218E-01 1.494731351E+00 1.278144330E+02
9.966470000E-03 8.059817638E-01 1.438259276E+00 1.243971035E+02
1.023290000E-02 7.084812468E-01 1.384618668E+00 1.211582249E+02
1.041690000E-02 6.587106410E-01 1.347140870E+00 1.190181340E+02
1.084190000E-02 5.704406363E-01 1.265846917E+00 1.143526504E+02
1.121370000E-02 5.202376233E-01 1.196844866E+00 1.105611885E+02
1.200000000E-02 4.606527219E-01 1.064905880E+00 1.033166667E+02
1.312550000E-02 4.367506882E-01 9.040697702E-01 9.445735401E+01
1.449710000E-02 4.502106746E-01 7.443977901E-01 8.552055239E+01
1.488690000E-02 4.600064464E-01 7.053384710E-01 8.328127414E+01
1.503270000E-02 4.643831374E-01 6.912686374E-01 8.247354101E+01
1.514210000E-02 4.676246576E-01 6.809777112E-01 8.187767879E+01
1.525150000E-02 4.708319916E-01 6.709098603E-01 8.129036488E+01
1.536090000E-02 4.739989667E-01 6.610620392E-01 8.071141665E+01
1.554320000E-02 4.791945587E-01 6.451111510E-01 7.976478460E+01
1.569710000E-02 4.838648049E-01 6.320813276E-01 7.898274204E+01
1.581280000E-02 4.878145677E-01 6.225395619E-01 7.840483659E+01
1.588980000E-02 4.904079097E-01 6.163034417E-01 7.802489647E+01
1.596690000E-02 4.929784473E-01 6.101538010E-01 7.764813458E+01
1.604400000E-02 4.955962860E-01 6.040601360E-01 7.727499377E+01
1.612110000E-02 4.982747941E-01 5.980156583E-01 7.690542209E+01
1.619820000E-02 5.010059145E-01 5.920257675E-01 7.653936857E+01
1.631380000E-02 5.060652895E-01 5.830499360E-01 7.599700867E+01
1.657750000E-02 5.184667122E-01 5.632909869E-01 7.478811642E+01
1.670230000E-02 5.241472036E-01 5.542726002E-01 7.422929776E+01
1.682050000E-02 5.294239564E-01 5.459201663E-01 7.370767813E+01
1.697440000E-02 5.376626845E-01 5.353124668E-01 7.303940051E+01
1.756000000E-02 5.889825183E-01 5.258619843E-01 7.060364465E+01
1.853860000E-02 5.715456842E-01 5.012461558E-01 6.687667893E+01
2.400000000E-02 6.524127229E-01 3.008246742E-01 5.165833333E+01
3.273410000E-02 7.625223235E-01 1.476514183E-01 3.787487666E+01
4.095190000E-02 8.304148146E-01 8.272673707E-02 3.027454160E+01
5.190530000E-02 8.858386634E-01 4.327620974E-02 2.388580742E+01
6.651060000E-02 9.269998800E-01 2.118054403E-02 1.864063773E+01
8.309780000E-02 9.521374669E-01 1.089047096E-02 1.491976924E+01
1.007900000E-01 9.672108953E-01 6.005999508E-03 1.230082349E+01
1.222330000E-01 9.777825943E-01 3.265473780E-03 1.014292376E+01
1.456860000E-01 9.845769343E-01 1.857364461E-03 8.510083330E+00
1.726680000E-01 9.893172196E-01 1.065825952E-03 7.180253434E+00
2.031930000E-01 9.926677859E-01 6.217001871E-04 6.101588145E+00
2.283370000E-01 9.945872530E-01 4.201601741E-04 5.429693830E+00
2.434170000E-01 9.955536987E-01 3.387805528E-04 5.093317229E+00
2.536970000E-01 9.961717823E-01 2.943686209E-04 4.886932049E+00
2.605320000E-01 9.965903643E-01 2.690710077E-04 4.758724456E+00
2.644840000E-01 9.968466742E-01 2.556079452E-04 4.687618155E+00
2.683100000E-01 9.971058038E-01 2.435462040E-04 4.620774477E+00
2.704030000E-01 9.972652301E-01 2.371939319E-04 4.585008302E+00
2.723200000E-01 9.974124506E-01 2.315543393E-04 4.552732080E+00
2.740710000E-01 9.975436009E-01 2.265500248E-04 4.523645333E+00
2.746980000E-01 9.976001176E-01 2.248119230E-04 4.513320082E+00
2.752570000E-01 9.976501888E-01 2.232719856E-04 4.504154299E+00
2.766120000E-01 9.977698684E-01 2.195916838E-04 4.482090437E+00
2.772890000E-01 9.978388637E-01 2.177818870E-04 4.471147431E+00
2.779670000E-01 9.979091255E-01 2.159855408E-04 4.460241683E+00
2.786440000E-01 9.979787052E-01 2.142046065E-04 4.449404976E+00
2.793220000E-01 9.980476598E-01 2.124378629E-04 4.438604908E+00
2.800650000E-01 9.981331390E-01 2.105339690E-04 4.426829486E+00
2.808080000E-01 9.982250458E-01 2.086959161E-04 4.415116378E+00
2.810840000E-01 9.982607818E-01 2.080333764E-04 4.410781119E+00
2.815390000E-01 9.983221336E-01 2.069828901E-04 4.403652780E+00
2.822680000E-01 9.984274924E-01 2.055502788E-04 4.392279677E+00
2.833560000E-01 9.986053927E-01 2.051712857E-04 4.375414673E+00
2.840160000E-01 9.987296282E-01 2.078178277E-04 4.365247028E+00
2.848210000E-01 9.989036301E-01 2.185263597E-04 4.352909371E+00
2.851910000E-01 9.989932851E-01 2.283461254E-04 4.347262010E+00
2.856920000E-01 9.991258977E-01 2.496044371E-04 4.339638492E+00
2.859370000E-01 9.991953154E-01 2.643442040E-04 4.335920150E+00
2.861700000E-01 9.992644351E-01 2.817471316E-04 4.332389838E+00
2.863920000E-01 9.993329740E-01 3.018655371E-04 4.329031537E+00
2.865360000E-01 9.993785286E-01 3.170221621E-04 4.326855962E+00
2.866670000E-01 9.994207170E-01 3.322336186E-04 4.324878692E+00
2.868070000E-01 9.994667297E-01 3.501625821E-04 4.322767575E+00
2.868940000E-01 9.994955369E-01 3.622766977E-04 4.321456705E+00
2.870050000E-01 9.995329120E-01 3.788718927E-04 4.319785370E+00
2.870320000E-01 9.995421398E-01 3.832117348E-04 4.319379024E+00
2.871030000E-01 9.995661980E-01 3.946111261E-04 4.318310850E+00
2.874300000E-01 9.996790257E-01 4.550044745E-04 4.313398045E+00
2.875940000E-01 9.997360916E-01 4.901237890E-04 4.310938337E+00
2.883900000E-01 1.000010316E+00 7.112333072E-04 4.299039495E+00
2.885510000E-01 1.000063035E+00 7.668744692E-04 4.296640802E+00
2.891620000E-01 1.000245938E+00 1.010854478E-03 4.287561989E+00
2.896100000E-01 1.000353735E+00 1.220443122E-03 4.280929526E+00
2.900670000E-01 1.000434164E+00 1.455511953E-03 4.274184930E+00
2.903800000E-01 1.000469601E+00 1.625555864E-03 4.269577795E+00
2.907230000E-01 1.000466231E+00 1.818505523E-03 4.264540473E+00
2.913800000E-01 1.000458750E+00 2.184461471E-03 4.254924840E+00
2.917550000E-01 1.000405755E+00 2.385169831E-03 4.249455879E+00
2.922160000E-01 1.000314437E+00 2.617309088E-03 4.242751937E+00
2.924460000E-01 1.000254143E+00 2.724016571E-03 4.239415140E+00
2.927990000E-01 1.000152599E+00 2.874959463E-03 4.234304079E+00
2.931960000E-01 1.000024374E+00 3.023202598E-03 4.228570649E+00
2.936040000E-01 9.998819962E-01 3.151907703E-03 4.222694514E+00
2.938280000E-01 9.998007647E-01 3.209428364E-03 4.219475339E+00
2.944500000E-01 9.995746793E-01 3.340521899E-03 4.210562065E+00
2.945190000E-01 9.995500006E-01 3.351052584E-03 4.209575613E+00
2.951010000E-01 9.993463987E-01 3.426242226E-03 4.201273462E+00
2.956360000E-01 9.991704158E-01 3.466344504E-03 4.193670595E+00
2.964510000E-01 9.989384726E-01 3.484589441E-03 4.182141399E+00
2.977500000E-01 9.986434431E-01 3.459792879E-03 4.163895886E+00
2.998610000E-01 9.983144482E-01 3.377953160E-03 4.134582356E+00
3.016070000E-01 9.981196814E-01 3.308420508E-03 4.110647299E+00
3.025000000E-01 9.980306990E-01 3.273314140E-03 4.098512397E+00
3.048810000E-01 9.978605313E-01 3.191281206E-03 4.066504636E+00
3.077460000E-01 9.977059092E-01 3.103007241E-03 4.028647001E+00
3.148510000E-01 9.974383140E-01 2.914743401E-03 3.937735627E+00
3.202790000E-01 9.973072537E-01 2.782784042E-03 3.870999972E+00
3.406950000E-01 9.970883412E-01 2.333247867E-03 3.639031979E+00
3.546650000E-01 9.970746351E-01 2.052572590E-03 3.495693119E+00
3.728240000E-01 9.971510122E-01 1.732272976E-03 3.325429693E+00
3.844840000E-01 9.972296794E-01 1.559844051E-03 3.224581517E+00
3.952980000E-01 9.973108974E-01 1.419244065E-03 3.136368006E+00
4.059170000E-01 9.973958073E-01 1.296401076E-03 3.054318986E+00
4.148500000E-01 9.974682924E-01 1.203786592E-03 2.988550078E+00
4.255430000E-01 9.975560751E-01 1.103903093E-03 2.913454105E+00
4.326390000E-01 9.976121497E-01 1.042887493E-03 2.865668606E+00
4.373410000E-01 9.976502551E-01 1.005302346E-03 2.834858840E+00
4.422190000E-01 9.976886439E-01 9.677637343E-04 2.803588267E+00
4.541800000E-01 9.977808222E-01 8.835482769E-04 2.729754723E+00
4.686170000E-01 9.978871750E-01 7.928772803E-04 2.645657328E+00
4.872590000E-01 9.980181147E-01 6.919031287E-04 2.544437353E+00
4.963870000E-01 9.980786637E-01 6.480456591E-04 2.497648004E+00
5.122270000E-01 9.981794949E-01 5.792435632E-04 2.420411263E+00
5.368390000E-01 9.983248700E-01 4.895428335E-04 2.309444731E+00
5.678390000E-01 9.984879107E-01 4.003090826E-04 2.183365355E+00
6.130770000E-01 9.986902070E-01 3.035065163E-04 2.022258216E+00
6.851680000E-01 9.989424705E-01 2.024677477E-04 1.809483222E+00
7.729320000E-01 9.991662349E-01 1.296973570E-04 1.604022087E+00
8.684600000E-01 9.993398296E-01 8.401609583E-05 1.427584460E+00
9.825750000E-01 9.994855673E-01 5.280013796E-05 1.261786632E+00
1.117130000E+00 9.996037219E-01 3.241796624E-05 1.109808169E+00
1.259830000E+00 9.996898486E-01 2.046913881E-05 9.841010295E-01
1.418370000E+00 9.997564976E-01 1.294934864E-05 8.741019621E-01
1.608450000E+00 9.998116108E-01 7.938654718E-06 7.708041904E-01
1.804990000E+00 9.998510712E-01 5.054508280E-06 6.868736115E-01
2.036170000E+00 9.998834756E-01 3.140171325E-06 6.088882559E-01
2.297070000E+00 9.999088011E-01 1.946539014E-06 5.397310487E-01
2.577540000E+00 9.999278132E-01 1.228693727E-06 4.810012648E-01
2.897400000E+00 9.999430442E-01 7.681678016E-07 4.279008766E-01
3.239180000E+00 9.999545454E-01 4.901860879E-07 3.827511901E-01
3.630780000E+00 9.999639035E-01 3.085612076E-07 3.414693262E-01
4.031230000E+00 9.999707716E-01 2.017114790E-07 3.075488126E-01
4.493060000E+00 9.999765097E-01 1.293105129E-07 2.759366668E-01
5.010210000E+00 9.999811353E-01 8.276344694E-08 2.474546975E-01
5.580290000E+00 9.999848109E-01 5.300691913E-08 2.221748332E-01
6.192770000E+00 9.999876791E-01 3.447227697E-08 2.002012024E-01
6.852630000E+00 9.999899461E-01 2.261130442E-08 1.809232368E-01
7.614260000E+00 9.999918628E-01 1.457345933E-08 1.628260658E-01
8.497940000E+00 9.999934713E-01 9.199994589E-09 1.458941814E-01
9.366060000E+00 9.999946281E-01 6.117223309E-09 1.323715629E-01
1.038340000E+01 9.999956311E-01 3.960234231E-09 1.194021226E-01
1.153020000E+01 9.999964583E-01 2.542905448E-09 1.075263222E-01
1.280240000E+01 9.999971281E-01 1.632801639E-09 9.684121727E-02
1.419640000E+01 9.999976650E-01 1.051946405E-09 8.733199966E-02
1.566750000E+01 9.999980833E-01 6.910617993E-10 7.913196107E-02
1.731560000E+01 9.999984311E-01 4.509604568E-10 7.160017556E-02
1.894860000E+01 9.999986900E-01 3.065436472E-10 6.542963596E-02
2.070540000E+01 9.999989030E-01 2.096932309E-10 5.987809943E-02
2.241250000E+01 9.999990639E-01 1.492943478E-10 5.531734523E-02
2.405580000E+01 9.999991874E-01 1.101201145E-10 5.153850631E-02
2.560200000E+01 9.999992827E-01 8.419169223E-11 4.842590423E-02
2.699510000E+01 9.999993548E-01 6.701159478E-11 4.592685339E-02
2.802340000E+01 9.999994013E-01 5.704823530E-11 4.424159809E-02
2.860920000E+01 9.999994256E-01 5.219331802E-11 4.333571019E-02
2.900350000E+01 9.999994411E-01 4.917692614E-11 4.274656507E-02
2.959160000E+01 9.999994631E-01 4.509381114E-11 4.189702483E-02
3.008900000E+01 9.999994807E-01 4.196674406E-11 4.120442687E-02
3.102210000E+01 9.999995115E-01 3.680535498E-11 3.996505717E-02
3.243390000E+01 9.999995531E-01 3.037666608E-11 3.822543697E-02
3.440740000E+01 9.999996029E-01 2.352535323E-11 3.603294640E-02
3.722310000E+01 9.999996607E-01 1.672992986E-11 3.330727425E-02
4.096630000E+01 9.999997199E-01 1.104506098E-11 3.026389984E-02
4.539230000E+01 9.999997719E-01 7.083001801E-12 2.731300243E-02
4.976240000E+01 9.999998102E-01 4.758644103E-12 2.491439320E-02
5.495410000E+01 9.999998444E-01 3.094790963E-12 2.256064607E-02
6.085640000E+01 9.999998731E-01 1.988568959E-12 2.037254915E-02
6.727260000E+01 9.999998961E-01 1.287590066E-12 1.842949433E-02
7.405110000E+01 9.999999143E-01 8.491346741E-13 1.674249268E-02
8.145810000E+01 9.999999292E-01 5.612102956E-13 1.522009475E-02
8.944000000E+01 9.999999412E-01 3.743405884E-13 1.386180680E-02
9.864210000E+01 9.999999517E-01 2.449016300E-13 1.256866997E-02
1.084510000E+02 9.999999600E-01 1.627638326E-13 1.143189090E-02
1.188940000E+02 9.999999668E-01 1.094555301E-13 1.042777600E-02
1.305870000E+02 9.999999724E-01 7.307127720E-14 9.494053773E-03
1.444210000E+02 9.999999775E-01 4.748103340E-14 8.584624120E-03
1.587890000E+02 9.999999814E-01 3.162633488E-14 7.807845632E-03
1.756930000E+02 9.999999848E-01 2.057539940E-14 7.056627185E-03
1.939000000E+02 9.999999875E-01 1.355947583E-14 6.394017535E-03
2.155950000E+02 9.999999899E-01 8.685648025E-15 5.750597185E-03
2.370730000E+02 9.999999916E-01 5.843755292E-15 5.229612820E-03
2.617520000E+02 9.999999931E-01 3.879433954E-15 4.736544515E-03
2.918470000E+02 9.999999945E-01 2.486131216E-15 4.248116308E-03
3.256960000E+02 9.999999956E-01 1.597651355E-15 3.806617214E-03
3.636310000E+02 9.999999964E-01 1.031675104E-15 3.409500290E-03
4.027440000E+02 9.999999971E-01 6.926517383E-16 3.078382297E-03
4.521810000E+02 9.999999977E-01 4.454147531E-16 2.741822412E-03
5.071150000E+02 9.999999982E-01 2.907017192E-16 2.444810349E-03
5.688530000E+02 9.999999985E-01 1.916650752E-16 2.179473432E-03
6.456540000E+02 9.999999989E-01 1.228846877E-16 1.920223525E-03
7.359950000E+02 9.999999991E-01 7.885521156E-17 1.684522313E-03
8.436430000E+02 9.999999993E-01 5.062047627E-17 1.469578957E-03
9.891760000E+02 9.999999995E-01 3.084781121E-17 1.253366438E-03
1.173410000E+03 9.999999997E-01 1.855173331E-17 1.056578689E-03
1.410750000E+03 9.999999998E-01 1.074703051E-17 8.788233209E-04
1.696100000E+03 9.999999998E-01 6.225712662E-18 7.309710512E-04
2.039160000E+03 9.999999999E-01 3.606557156E-18 6.079954491E-04
2.451610000E+03 9.999999999E-01 2.089274016E-18 5.057084936E-04
2.947480000E+03 9.999999999E-01 1.210319717E-18 4.206305047E-04
3.543650000E+03 1.000000000E+00 7.011388019E-19 3.498652519E-04
4.260410000E+03 1.000000000E+00 4.061697644E-19 2.910048563E-04
5.122130000E+03 1.000000000E+00 2.352952075E-19 2.420477419E-04
6.158160000E+03 1.000000000E+00 1.363062464E-19 2.013263702E-04
7.403740000E+03 1.000000000E+00 7.896226254E-20 1.674559074E-04
8.901250000E+03 1.000000000E+00 4.574281999E-20 1.392838085E-04
1.000000000E+04 0.000000000E+00 0.000000000E+00 1.239800000E-04
