# 11/08/2021 
# Data retrieved from www.chemicool.com/densities.html 
# Includes the real (n) and complex (k) part of the  refractive index. 
# Element, Ce  (Z = 58) 
# Nominal density, g cm-3 =  6.78 
#    E [keV]      n       k    Wavelength [nm] 
1.000000000E-03 -1.155314533E+03 3.014739593E-02 1.239800000E+03
1.118290000E-03 -2.873582385E+02 0.000000000E+00 1.108656967E+03
1.221790000E-03 -2.405553511E+02 0.000000000E+00 1.014740667E+03
1.312350000E-03 -2.083552374E+02 0.000000000E+00 9.447174915E+02
1.391590000E-03 -1.851824780E+02 0.000000000E+00 8.909233323E+02
1.460930000E-03 -1.679208398E+02 0.000000000E+00 8.486375117E+02
1.582270000E-03 -1.429940545E+02 0.000000000E+00 7.835577999E+02
1.673280000E-03 -1.277484138E+02 0.000000000E+00 7.409399503E+02
1.741530000E-03 -1.178496332E+02 0.000000000E+00 7.119027522E+02
1.843910000E-03 -1.050110858E+02 0.000000000E+00 6.723755498E+02
1.895100000E-03 -9.935798575E+01 0.000000000E+00 6.542134980E+02
1.946290000E-03 -9.414460184E+01 0.000000000E+00 6.370068181E+02
1.951080000E-03 -9.367800570E+01 0.000000000E+00 6.354429342E+02
1.955880000E-03 -9.321334496E+01 0.000000000E+00 6.338834693E+02
1.960670000E-03 -9.275357288E+01 0.000000000E+00 6.323348651E+02
1.965460000E-03 -9.229663821E+01 0.000000000E+00 6.307938091E+02
1.970250000E-03 -9.184355088E+01 0.000000000E+00 6.292602462E+02
1.975040000E-03 -9.139324112E+01 0.000000000E+00 6.277341218E+02
1.979830000E-03 -9.094619711E+01 0.000000000E+00 6.262153821E+02
1.984620000E-03 -9.050289737E+01 0.000000000E+00 6.247039736E+02
1.989410000E-03 -9.006228824E+01 0.000000000E+00 6.231998432E+02
1.994200000E-03 -8.962535662E+01 0.000000000E+00 6.217029385E+02
1.998990000E-03 -8.919105950E+01 0.000000000E+00 6.202132077E+02
2.003780000E-03 -8.875987437E+01 0.000000000E+00 6.187305992E+02
2.008570000E-03 -8.833127369E+01 0.000000000E+00 6.172550621E+02
2.018150000E-03 -8.748370986E+01 0.000000000E+00 6.143250006E+02
2.022940000E-03 -8.706468441E+01 0.000000000E+00 6.128703768E+02
2.027730000E-03 -8.664813755E+01 0.000000000E+00 6.114226253E+02
2.032520000E-03 -8.623502080E+01 0.000000000E+00 6.099816976E+02
2.037320000E-03 -8.582347932E+01 0.000000000E+00 6.085445585E+02
2.042110000E-03 -8.541616673E+01 0.000000000E+00 6.071171484E+02
2.069400000E-03 -8.314776479E+01 0.000000000E+00 5.991108534E+02
2.074500000E-03 -8.273359810E+01 0.000000000E+00 5.976379851E+02
2.079590000E-03 -8.232374287E+01 0.000000000E+00 5.961752076E+02
2.084680000E-03 -8.191642504E+01 0.000000000E+00 5.947195733E+02
2.089780000E-03 -8.151129241E+01 0.000000000E+00 5.932681909E+02
2.094870000E-03 -8.111035900E+01 0.000000000E+00 5.918267005E+02
2.099970000E-03 -8.071110479E+01 0.000000000E+00 5.903893865E+02
2.105060000E-03 -8.031597703E+01 0.000000000E+00 5.889618348E+02
2.110150000E-03 -7.992325511E+01 0.000000000E+00 5.875411701E+02
2.115250000E-03 -7.953260554E+01 0.000000000E+00 5.861245716E+02
2.116540000E-03 -7.943446858E+01 0.000000000E+00 5.857673373E+02
2.120340000E-03 -7.914597636E+01 0.000000000E+00 5.847175453E+02
2.125430000E-03 -7.876167798E+01 0.000000000E+00 5.833172582E+02
2.126960000E-03 -7.864696825E+01 0.000000000E+00 5.828976567E+02
2.132170000E-03 -7.825732217E+01 0.000000000E+00 5.814733347E+02
2.137380000E-03 -7.787052412E+01 0.000000000E+00 5.800559564E+02
2.142590000E-03 -7.748698398E+01 0.000000000E+00 5.786454711E+02
2.150900000E-03 -7.688038414E+01 0.000000000E+00 5.764098749E+02
2.158220000E-03 -7.635212624E+01 0.000000000E+00 5.744548749E+02
2.163430000E-03 -7.597915567E+01 0.000000000E+00 5.730714652E+02
2.168640000E-03 -7.560887207E+01 0.000000000E+00 5.716947027E+02
2.173850000E-03 -7.524167472E+01 0.000000000E+00 5.703245394E+02
2.179060000E-03 -7.487668603E+01 0.000000000E+00 5.689609281E+02
2.184270000E-03 -7.451430801E+01 0.000000000E+00 5.676038219E+02
2.194690000E-03 -7.379770192E+01 0.000000000E+00 5.649089393E+02
2.199900000E-03 -7.344300606E+01 0.000000000E+00 5.635710714E+02
2.205110000E-03 -7.309123645E+01 0.000000000E+00 5.622395255E+02
2.210320000E-03 -7.274154118E+01 0.000000000E+00 5.609142568E+02
2.215530000E-03 -7.239431194E+01 0.000000000E+00 5.595952210E+02
2.220740000E-03 -7.204993294E+01 0.000000000E+00 5.582823743E+02
2.244680000E-03 -7.049686587E+01 0.000000000E+00 5.523281715E+02
2.262650000E-03 -6.936336298E+01 0.000000000E+00 5.479415729E+02
2.276120000E-03 -6.853146036E+01 0.000000000E+00 5.446988735E+02
2.286220000E-03 -6.791731606E+01 0.000000000E+00 5.422925178E+02
2.301380000E-03 -6.701044497E+01 0.000000000E+00 5.387202461E+02
2.308950000E-03 -6.656447160E+01 0.000000000E+00 5.369540267E+02
2.312740000E-03 -6.634283508E+01 0.000000000E+00 5.360740939E+02
2.316530000E-03 -6.612191179E+01 0.000000000E+00 5.351970404E+02
2.322230000E-03 -6.579243721E+01 0.000000000E+00 5.338833793E+02
2.327940000E-03 -6.546443909E+01 0.000000000E+00 5.325738636E+02
2.333640000E-03 -6.513941430E+01 0.000000000E+00 5.312730327E+02
2.339340000E-03 -6.481676426E+01 0.000000000E+00 5.299785410E+02
2.345040000E-03 -6.449646590E+01 0.000000000E+00 5.286903422E+02
2.350740000E-03 -6.417849641E+01 0.000000000E+00 5.274083905E+02
2.353590000E-03 -6.402074061E+01 0.000000000E+00 5.267697432E+02
2.356440000E-03 -6.386319511E+01 0.000000000E+00 5.261326408E+02
2.359300000E-03 -6.370567210E+01 0.000000000E+00 5.254948502E+02
2.362150000E-03 -6.354926785E+01 0.000000000E+00 5.248608259E+02
2.365000000E-03 -6.339342916E+01 0.000000000E+00 5.242283298E+02
2.367850000E-03 -6.323815328E+01 0.000000000E+00 5.235973563E+02
2.373550000E-03 -6.292927910E+01 0.000000000E+00 5.223399549E+02
2.374260000E-03 -6.289104993E+01 0.000000000E+00 5.221837541E+02
2.379250000E-03 -6.262262390E+01 0.000000000E+00 5.210885783E+02
2.379270000E-03 -6.262155429E+01 0.000000000E+00 5.210841981E+02
2.379320000E-03 -6.261888038E+01 0.000000000E+00 5.210732478E+02
2.379360000E-03 -6.261674137E+01 0.000000000E+00 5.210644879E+02
2.379410000E-03 -6.261406777E+01 0.000000000E+00 5.210535385E+02
2.379490000E-03 -6.260979034E+01 0.000000000E+00 5.210360203E+02
2.379660000E-03 -6.260070225E+01 0.000000000E+00 5.209987981E+02
2.379990000E-03 -6.258306624E+01 0.000000000E+00 5.209265585E+02
2.380610000E-03 -6.254995172E+01 0.000000000E+00 5.207908897E+02
2.381700000E-03 -6.249179697E+01 0.000000000E+00 5.205525465E+02
2.386380000E-03 -6.224230442E+01 0.000000000E+00 5.195316756E+02
2.388520000E-03 -6.212867890E+01 0.000000000E+00 5.190662000E+02
2.390660000E-03 -6.201571016E+01 0.000000000E+00 5.186015577E+02
2.393510000E-03 -6.186538074E+01 0.000000000E+00 5.179840485E+02
2.396360000E-03 -6.171558778E+01 0.000000000E+00 5.173680081E+02
2.399210000E-03 -6.156632873E+01 0.000000000E+00 5.167534313E+02
2.402060000E-03 -6.141760107E+01 0.000000000E+00 5.161403129E+02
2.404910000E-03 -6.126940225E+01 0.000000000E+00 5.155286476E+02
2.407760000E-03 -6.112172981E+01 0.000000000E+00 5.149184304E+02
2.413460000E-03 -6.082829890E+01 0.000000000E+00 5.137023195E+02
2.419160000E-03 -6.053659725E+01 0.000000000E+00 5.124919394E+02
2.420590000E-03 -6.046356853E+01 0.000000000E+00 5.121891770E+02
2.427720000E-03 -6.010239084E+01 0.000000000E+00 5.106849225E+02
2.428960000E-03 -6.004002043E+01 0.000000000E+00 5.104242145E+02
2.429370000E-03 -6.001907859E+01 0.000000000E+00 5.103380712E+02
2.429670000E-03 -6.000401102E+01 0.000000000E+00 5.102750579E+02
2.429890000E-03 -5.999296504E+01 0.000000000E+00 5.102288581E+02
2.429980000E-03 -5.998844709E+01 0.000000000E+00 5.102099606E+02
2.430050000E-03 -5.998493348E+01 0.000000000E+00 5.101952635E+02
2.430180000E-03 -5.997840899E+01 0.000000000E+00 5.101679711E+02
2.430370000E-03 -5.996887510E+01 0.000000000E+00 5.101280875E+02
2.430470000E-03 -5.996385815E+01 0.000000000E+00 5.101070986E+02
2.430570000E-03 -5.995884184E+01 0.000000000E+00 5.100861115E+02
2.430710000E-03 -5.995182003E+01 0.000000000E+00 5.100567324E+02
2.430980000E-03 -5.993828139E+01 0.000000000E+00 5.100000823E+02
2.431530000E-03 -5.991071664E+01 0.000000000E+00 5.098847228E+02
2.432620000E-03 -5.985580408E+01 0.000000000E+00 5.096562554E+02
2.434710000E-03 -5.975136944E+01 0.000000000E+00 5.092187571E+02
2.450440000E-03 -5.897224299E+01 0.000000000E+00 5.059499518E+02
2.458300000E-03 -5.858835659E+01 0.000000000E+00 5.043322621E+02
2.462240000E-03 -5.839747496E+01 0.000000000E+00 5.035252453E+02
2.464200000E-03 -5.830269342E+01 0.000000000E+00 5.031247464E+02
2.466170000E-03 -5.820798813E+01 0.000000000E+00 5.027228455E+02
2.469200000E-03 -5.806243742E+01 0.000000000E+00 5.021059452E+02
2.478310000E-03 -5.762804004E+01 0.000000000E+00 5.002602580E+02
2.484380000E-03 -5.734125137E+01 0.000000000E+00 4.990379894E+02
2.490450000E-03 -5.705655869E+01 0.000000000E+00 4.978216788E+02
2.496520000E-03 -5.677394166E+01 0.000000000E+00 4.966112829E+02
2.499550000E-03 -5.663363579E+01 0.000000000E+00 4.960092817E+02
2.502590000E-03 -5.649338014E+01 0.000000000E+00 4.954067586E+02
2.505620000E-03 -5.635409290E+01 0.000000000E+00 4.948076724E+02
2.508660000E-03 -5.621485428E+01 0.000000000E+00 4.942080633E+02
2.511690000E-03 -5.607657580E+01 0.000000000E+00 4.936118709E+02
2.513210000E-03 -5.600755638E+01 0.000000000E+00 4.933133324E+02
2.517760000E-03 -5.580106500E+01 0.000000000E+00 4.924218353E+02
2.520040000E-03 -5.569833024E+01 0.000000000E+00 4.919763178E+02
2.521560000E-03 -5.562967924E+01 0.000000000E+00 4.916797538E+02
2.524880000E-03 -5.548053573E+01 0.000000000E+00 4.910332372E+02
2.525380000E-03 -5.545817278E+01 0.000000000E+00 4.909360175E+02
2.525750000E-03 -5.544163276E+01 0.000000000E+00 4.908640998E+02
2.526310000E-03 -5.541661301E+01 0.000000000E+00 4.907552913E+02
2.526590000E-03 -5.540410939E+01 0.000000000E+00 4.907009052E+02
2.527250000E-03 -5.537433845E+01 0.000000000E+00 4.905727569E+02
2.532940000E-03 -5.512103105E+01 0.000000000E+00 4.894707336E+02
2.534460000E-03 -5.505342321E+01 0.000000000E+00 4.891771817E+02
2.539010000E-03 -5.485239200E+01 0.000000000E+00 4.883005581E+02
2.542050000E-03 -5.471857492E+01 0.000000000E+00 4.877166067E+02
2.545080000E-03 -5.458567424E+01 0.000000000E+00 4.871359643E+02
2.548120000E-03 -5.445281249E+01 0.000000000E+00 4.865547933E+02
2.551150000E-03 -5.432085951E+01 0.000000000E+00 4.859769124E+02
2.554190000E-03 -5.418894406E+01 0.000000000E+00 4.853985021E+02
2.557220000E-03 -5.405792975E+01 0.000000000E+00 4.848233629E+02
2.563290000E-03 -5.379686712E+01 0.000000000E+00 4.836752767E+02
2.569360000E-03 -5.353765399E+01 0.000000000E+00 4.825326151E+02
2.575430000E-03 -5.328027295E+01 0.000000000E+00 4.813953398E+02
2.581500000E-03 -5.302470677E+01 0.000000000E+00 4.802634127E+02
2.587570000E-03 -5.277093844E+01 0.000000000E+00 4.791367963E+02
2.590030000E-03 -5.266854466E+01 0.000000000E+00 4.786817141E+02
2.594790000E-03 -5.247152290E+01 0.000000000E+00 4.778035987E+02
2.603710000E-03 -5.210488742E+01 0.000000000E+00 4.761667006E+02
2.611510000E-03 -5.178754708E+01 0.000000000E+00 4.747444965E+02
2.625170000E-03 -5.123816181E+01 0.000000000E+00 4.722741765E+02
2.645660000E-03 -5.043042920E+01 0.000000000E+00 4.686165267E+02
2.666160000E-03 -4.964059849E+01 0.000000000E+00 4.650133525E+02
2.672720000E-03 -4.939175369E+01 0.000000000E+00 4.638720105E+02
2.679280000E-03 -4.914473587E+01 0.000000000E+00 4.627362575E+02
2.685840000E-03 -4.889952717E+01 0.000000000E+00 4.616060525E+02
2.692410000E-03 -4.865574111E+01 0.000000000E+00 4.604796446E+02
2.698970000E-03 -4.841410074E+01 0.000000000E+00 4.593604227E+02
2.705530000E-03 -4.817421724E+01 0.000000000E+00 4.582466282E+02
2.712090000E-03 -4.793607365E+01 0.000000000E+00 4.571382218E+02
2.718660000E-03 -4.769902316E+01 0.000000000E+00 4.560334871E+02
2.725220000E-03 -4.746431315E+01 0.000000000E+00 4.549357483E+02
2.731780000E-03 -4.723129329E+01 0.000000000E+00 4.538432817E+02
2.738340000E-03 -4.699994737E+01 0.000000000E+00 4.527560493E+02
2.744900000E-03 -4.677025942E+01 0.000000000E+00 4.516740136E+02
2.751470000E-03 -4.654186808E+01 0.000000000E+00 4.505954999E+02
2.764590000E-03 -4.609064567E+01 0.000000000E+00 4.484570949E+02
2.771150000E-03 -4.586743588E+01 0.000000000E+00 4.473954856E+02
2.777720000E-03 -4.564547105E+01 0.000000000E+00 4.463372838E+02
2.784280000E-03 -4.542541036E+01 0.000000000E+00 4.452856753E+02
2.790840000E-03 -4.520690085E+01 0.000000000E+00 4.442390105E+02
2.797400000E-03 -4.498967128E+01 0.000000000E+00 4.431972546E+02
2.866120000E-03 -4.280561663E+01 0.000000000E+00 4.325708624E+02
2.934830000E-03 -4.077334935E+01 0.000000000E+00 4.224435487E+02
2.942060000E-03 -4.056759257E+01 0.000000000E+00 4.214054098E+02
2.949280000E-03 -4.036386028E+01 0.000000000E+00 4.203737861E+02
2.956500000E-03 -4.016161990E+01 0.000000000E+00 4.193472011E+02
2.963730000E-03 -3.996058045E+01 0.000000000E+00 4.183242063E+02
2.970950000E-03 -3.976105487E+01 0.000000000E+00 4.173075952E+02
2.978180000E-03 -3.956293439E+01 0.000000000E+00 4.162945154E+02
2.985400000E-03 -3.936652311E+01 0.000000000E+00 4.152877336E+02
2.992620000E-03 -3.917130850E+01 0.000000000E+00 4.142858098E+02
2.999850000E-03 -3.897746000E+01 0.000000000E+00 4.132873310E+02
3.007070000E-03 -3.878527373E+01 0.000000000E+00 4.122950247E+02
3.014290000E-03 -3.859424680E+01 0.000000000E+00 4.113074721E+02
3.021520000E-03 -3.840454841E+01 0.000000000E+00 4.103232810E+02
3.028740000E-03 -3.821646690E+01 0.000000000E+00 4.093451402E+02
3.043190000E-03 -3.784384292E+01 0.000000000E+00 4.074014439E+02
3.050410000E-03 -3.765975018E+01 0.000000000E+00 4.064371675E+02
3.057640000E-03 -3.747670931E+01 0.000000000E+00 4.054761188E+02
3.064860000E-03 -3.729499938E+01 0.000000000E+00 4.045209243E+02
3.072080000E-03 -3.711478344E+01 0.000000000E+00 4.035702195E+02
3.079310000E-03 -3.693558829E+01 0.000000000E+00 4.026226655E+02
3.118280000E-03 -3.599064459E+01 0.000000000E+00 3.975909796E+02
3.391100000E-03 -3.026311749E+01 0.000000000E+00 3.656040813E+02
3.400150000E-03 -3.009639492E+01 0.000000000E+00 3.646309722E+02
3.407800000E-03 -2.995641920E+01 0.000000000E+00 3.638124303E+02
3.416140000E-03 -2.980510841E+01 0.000000000E+00 3.629242361E+02
3.424490000E-03 -2.965455230E+01 0.000000000E+00 3.620393110E+02
3.433630000E-03 -2.949105929E+01 0.000000000E+00 3.610755964E+02
3.441990000E-03 -2.934261544E+01 0.000000000E+00 3.601986060E+02
3.449940000E-03 -2.920259670E+01 0.000000000E+00 3.593685687E+02
3.457880000E-03 -2.906354926E+01 0.000000000E+00 3.585433850E+02
3.467100000E-03 -2.890336555E+01 0.000000000E+00 3.575899166E+02
3.475470000E-03 -2.875917339E+01 0.000000000E+00 3.567287302E+02
3.483840000E-03 -2.861585454E+01 0.000000000E+00 3.558716818E+02
3.492210000E-03 -2.847356615E+01 0.000000000E+00 3.550187417E+02
3.504310000E-03 -2.826988879E+01 0.000000000E+00 3.537929007E+02
3.517320000E-03 -2.805294818E+01 0.000000000E+00 3.524842778E+02
3.525090000E-03 -2.792468906E+01 0.000000000E+00 3.517073323E+02
3.533000000E-03 -2.779499375E+01 0.000000000E+00 3.509198981E+02
3.541340000E-03 -2.765904615E+01 0.000000000E+00 3.500934674E+02
3.552350000E-03 -2.748103550E+01 0.000000000E+00 3.490084029E+02
3.558040000E-03 -2.738985620E+01 0.000000000E+00 3.484502704E+02
3.567530000E-03 -2.723854366E+01 0.000000000E+00 3.475233565E+02
3.604430000E-03 -2.666146910E+01 0.000000000E+00 3.439656201E+02
3.613110000E-03 -2.652826136E+01 0.000000000E+00 3.431392900E+02
3.621790000E-03 -2.639601130E+01 0.000000000E+00 3.423169206E+02
3.639150000E-03 -2.613449949E+01 0.000000000E+00 3.406839509E+02
3.649420000E-03 -2.598139018E+01 0.000000000E+00 3.397252166E+02
3.658410000E-03 -2.584864741E+01 0.000000000E+00 3.388903923E+02
3.667390000E-03 -2.571687670E+01 0.000000000E+00 3.380605826E+02
3.676370000E-03 -2.558607149E+01 0.000000000E+00 3.372348267E+02
3.685350000E-03 -2.545622241E+01 0.000000000E+00 3.364130951E+02
3.694340000E-03 -2.532717762E+01 0.000000000E+00 3.355944499E+02
3.703320000E-03 -2.519921403E+01 0.000000000E+00 3.347806833E+02
3.712300000E-03 -2.507217899E+01 0.000000000E+00 3.339708536E+02
3.721280000E-03 -2.494620864E+01 0.000000000E+00 3.331649325E+02
3.730270000E-03 -2.482086484E+01 0.000000000E+00 3.323620006E+02
3.739250000E-03 -2.469656250E+01 0.000000000E+00 3.315638163E+02
3.748230000E-03 -2.457315352E+01 0.000000000E+00 3.307694565E+02
3.757220000E-03 -2.445049392E+01 0.000000000E+00 3.299780157E+02
3.766200000E-03 -2.432884714E+01 0.000000000E+00 3.291912272E+02
3.784160000E-03 -2.408828983E+01 0.000000000E+00 3.276288529E+02
3.793150000E-03 -2.396909031E+01 0.000000000E+00 3.268523523E+02
3.802130000E-03 -2.385086703E+01 0.000000000E+00 3.260803813E+02
3.811110000E-03 -2.373347944E+01 0.000000000E+00 3.253120482E+02
3.820090000E-03 -2.361691969E+01 0.000000000E+00 3.245473274E+02
3.829080000E-03 -2.350105204E+01 0.000000000E+00 3.237853479E+02
3.859810000E-03 -2.311125974E+01 0.000000000E+00 3.212075206E+02
3.870050000E-03 -2.298329716E+01 0.000000000E+00 3.203576181E+02
3.889140000E-03 -2.274763221E+01 0.000000000E+00 3.187851299E+02
3.898670000E-03 -2.263127909E+01 0.000000000E+00 3.180058841E+02
3.908200000E-03 -2.251577707E+01 0.000000000E+00 3.172304386E+02
3.912960000E-03 -2.245846816E+01 0.000000000E+00 3.168445371E+02
3.917720000E-03 -2.240123732E+01 0.000000000E+00 3.164595734E+02
3.919650000E-03 -2.237819788E+01 0.000000000E+00 3.163037516E+02
3.923040000E-03 -2.233755088E+01 0.000000000E+00 3.160304254E+02
3.928110000E-03 -2.227721615E+01 0.000000000E+00 3.156225258E+02
3.933180000E-03 -2.221698492E+01 0.000000000E+00 3.152156779E+02
3.939740000E-03 -2.213947397E+01 0.000000000E+00 3.146908172E+02
3.943020000E-03 -2.210086364E+01 0.000000000E+00 3.144290417E+02
3.946300000E-03 -2.206234966E+01 0.000000000E+00 3.141677014E+02
3.951060000E-03 -2.200668619E+01 0.000000000E+00 3.137892110E+02
3.955820000E-03 -2.195109532E+01 0.000000000E+00 3.134116315E+02
3.965350000E-03 -2.184052702E+01 0.000000000E+00 3.126584034E+02
3.974880000E-03 -2.173075398E+01 0.000000000E+00 3.119087872E+02
3.984400000E-03 -2.162188212E+01 0.000000000E+00 3.111635378E+02
3.992180000E-03 -2.153341841E+01 0.000000000E+00 3.105571392E+02
4.000000000E-03 -2.144514777E+01 0.000000000E+00 3.099500000E+02
4.006690000E-03 -2.136913051E+01 0.000000000E+00 3.094324742E+02
4.013420000E-03 -2.129317529E+01 0.000000000E+00 3.089135949E+02
4.023160000E-03 -2.118374977E+01 0.000000000E+00 3.081657205E+02
4.032030000E-03 -2.108489456E+01 0.000000000E+00 3.074877915E+02
4.041560000E-03 -2.097926623E+01 0.000000000E+00 3.067627352E+02
4.055330000E-03 -2.082805842E+01 0.000000000E+00 3.057211127E+02
4.060570000E-03 -2.077102734E+01 0.000000000E+00 3.053265921E+02
4.067950000E-03 -2.069089189E+01 0.000000000E+00 3.047726742E+02
4.077790000E-03 -2.058476438E+01 0.000000000E+00 3.040372359E+02
4.087640000E-03 -2.047942126E+01 0.000000000E+00 3.033045963E+02
4.097480000E-03 -2.037482509E+01 0.000000000E+00 3.025762176E+02
4.107320000E-03 -2.027098349E+01 0.000000000E+00 3.018513288E+02
4.120500000E-03 -2.013311331E+01 0.000000000E+00 3.008858148E+02
4.136850000E-03 -1.996393036E+01 0.000000000E+00 2.996966291E+02
4.146700000E-03 -1.986293521E+01 0.000000000E+00 2.989847348E+02
4.156540000E-03 -1.976276074E+01 0.000000000E+00 2.982769323E+02
4.166380000E-03 -1.966341446E+01 0.000000000E+00 2.975724730E+02
4.168940000E-03 -1.963758257E+01 0.000000000E+00 2.973897442E+02
4.168970000E-03 -1.963728554E+01 0.000000000E+00 2.973876041E+02
4.179230000E-03 -1.953458580E+01 0.000000000E+00 2.966575183E+02
4.189490000E-03 -1.943264331E+01 0.000000000E+00 2.959310083E+02
4.199750000E-03 -1.933133679E+01 0.000000000E+00 2.952080481E+02
4.210010000E-03 -1.923088725E+01 0.000000000E+00 2.944886117E+02
4.220270000E-03 -1.913117300E+01 0.000000000E+00 2.937726733E+02
4.229090000E-03 -1.904594343E+01 0.000000000E+00 2.931599942E+02
4.237910000E-03 -1.896136011E+01 0.000000000E+00 2.925498654E+02
4.251060000E-03 -1.883616663E+01 0.000000000E+00 2.916449074E+02
4.261320000E-03 -1.873932425E+01 0.000000000E+00 2.909427126E+02
4.271580000E-03 -1.864307222E+01 0.000000000E+00 2.902438910E+02
4.281840000E-03 -1.854762451E+01 0.000000000E+00 2.895484184E+02
4.292100000E-03 -1.845286388E+01 0.000000000E+00 2.888562708E+02
4.309100000E-03 -1.829729809E+01 0.000000000E+00 2.877166926E+02
4.322890000E-03 -1.817244296E+01 0.000000000E+00 2.867988776E+02
4.333150000E-03 -1.808036690E+01 0.000000000E+00 2.861197974E+02
4.343410000E-03 -1.798883937E+01 0.000000000E+00 2.854439254E+02
4.353670000E-03 -1.789806766E+01 0.000000000E+00 2.847712390E+02
4.360000000E-03 -1.784238836E+01 0.000000000E+00 2.843577982E+02
4.374190000E-03 -1.771844635E+01 0.000000000E+00 2.834353332E+02
4.381910000E-03 -1.765150237E+01 0.000000000E+00 2.829359800E+02
4.392310000E-03 -1.756182409E+01 0.000000000E+00 2.822660513E+02
4.403990000E-03 -1.746194394E+01 0.000000000E+00 2.815174421E+02
4.414370000E-03 -1.737388266E+01 0.000000000E+00 2.808554788E+02
4.438040000E-03 -1.717525181E+01 0.000000000E+00 2.793575542E+02
4.448700000E-03 -1.708683189E+01 0.000000000E+00 2.786881561E+02
4.458650000E-03 -1.700488256E+01 0.000000000E+00 2.780662308E+02
4.467320000E-03 -1.693395681E+01 0.000000000E+00 2.775265707E+02
4.478050000E-03 -1.684671307E+01 0.000000000E+00 2.768615804E+02
4.491500000E-03 -1.673829474E+01 0.000000000E+00 2.760325058E+02
4.510250000E-03 -1.658874813E+01 0.000000000E+00 2.748849842E+02
4.520980000E-03 -1.650398173E+01 0.000000000E+00 2.742325779E+02
4.531710000E-03 -1.641981999E+01 0.000000000E+00 2.735832611E+02
4.542440000E-03 -1.633625718E+01 0.000000000E+00 2.729370118E+02
4.549760000E-03 -1.627954786E+01 0.000000000E+00 2.724978900E+02
4.553170000E-03 -1.625328767E+01 0.000000000E+00 2.722938085E+02
4.569380000E-03 -1.612907137E+01 0.000000000E+00 2.713278388E+02
4.575410000E-03 -1.608318415E+01 0.000000000E+00 2.709702518E+02
4.605210000E-03 -1.585921192E+01 0.000000000E+00 2.692168218E+02
4.623890000E-03 -1.571997998E+01 1.797268424E-07 2.681292159E+02
4.636700000E-03 -1.562398419E+01 9.057579892E-07 2.673884444E+02
4.655280000E-03 -1.548561848E+01 7.611537033E-06 2.663212524E+02
4.686920000E-03 -1.525117134E+01 1.647448035E-04 2.645233970E+02
4.760080000E-03 -1.470315887E+01 1.755358277E-02 2.604578074E+02
4.786400000E-03 -1.451032748E+01 4.496416666E-02 2.590255725E+02
4.863750000E-03 -1.405335563E+01 1.375897017E-01 2.549061938E+02
4.910390000E-03 -1.380849277E+01 1.440593277E-01 2.524850368E+02
5.293590000E-03 -1.181217312E+01 9.412602349E-02 2.342077872E+02
5.333830000E-03 -1.162163229E+01 9.006050613E-02 2.324408539E+02
5.374180000E-03 -1.143483130E+01 8.609456987E-02 2.306956596E+02
5.395380000E-03 -1.133806230E+01 8.415166441E-02 2.297891900E+02
5.438600000E-03 -1.114416904E+01 8.027541859E-02 2.279630787E+02
5.464800000E-03 -1.102880930E+01 7.800820185E-02 2.268701508E+02
5.500330000E-03 -1.087470510E+01 7.511461443E-02 2.254046575E+02
5.552170000E-03 -1.065510249E+01 7.101351630E-02 2.233000791E+02
5.592160000E-03 -1.048945494E+01 6.807314485E-02 2.217032417E+02
5.630400000E-03 -1.033436257E+01 6.535012082E-02 2.201974993E+02
5.678150000E-03 -1.014484460E+01 6.212324392E-02 2.183457640E+02
5.777870000E-03 -9.763648100E+00 5.591466043E-02 2.145773442E+02
5.820320000E-03 -9.607094601E+00 5.352575101E-02 2.130123430E+02
5.876930000E-03 -9.403498771E+00 5.047569409E-02 2.109604845E+02
5.905230000E-03 -9.303850226E+00 4.903899969E-02 2.099494855E+02
5.961230000E-03 -9.110774375E+00 4.628380045E-02 2.079772128E+02
6.043970000E-03 -8.835072851E+00 4.253449457E-02 2.051300718E+02
6.073240000E-03 -8.740174187E+00 4.130289594E-02 2.041414467E+02
6.131090000E-03 -8.556539494E+00 3.895608457E-02 2.022152668E+02
6.174330000E-03 -8.422576053E+00 3.731117540E-02 2.007991150E+02
6.298750000E-03 -8.052027301E+00 3.299615342E-02 1.968327049E+02
6.428460000E-03 -7.687259177E+00 2.923063535E-02 1.928611207E+02
6.482400000E-03 -7.541709909E+00 2.845144416E-02 1.912563248E+02
6.591350000E-03 -7.260234372E+00 2.747792156E-02 1.880950033E+02
6.717510000E-03 -6.950966600E+00 2.491657218E-02 1.845624346E+02
6.827790000E-03 -6.693699316E+00 2.341883648E-02 1.815814488E+02
7.012500000E-03 -6.291566447E+00 2.156407748E-02 1.767985740E+02
7.420000000E-03 -5.506608847E+00 1.657889816E-02 1.670889488E+02
7.804830000E-03 -4.874820417E+00 1.351169124E-02 1.588503529E+02
8.317640000E-03 -4.163223402E+00 1.101076511E-02 1.490567036E+02
8.851970000E-03 -3.548474002E+00 9.607674906E-03 1.400592185E+02
9.436300000E-03 -2.992627838E+00 8.919179698E-03 1.313862425E+02
9.830130000E-03 -2.672902916E+00 8.764310282E-03 1.261224419E+02
1.049490000E-02 -2.213075052E+00 8.835783132E-03 1.181335696E+02
1.084680000E-02 -2.003365000E+00 8.998894530E-03 1.143009920E+02
1.119350000E-02 -1.815917118E+00 9.201956749E-03 1.107607093E+02
1.165000000E-02 -1.594364811E+00 9.527333587E-03 1.064206009E+02
1.196040000E-02 -1.458082457E+00 9.778575160E-03 1.036587405E+02
1.223750000E-02 -1.344187206E+00 9.999817581E-03 1.013115424E+02
1.280100000E-02 -1.134894096E+00 1.050498034E-02 9.685180845E+01
1.321170000E-02 -9.991278898E-01 1.088027388E-02 9.384106512E+01
1.360940000E-02 -8.793434150E-01 1.124504178E-02 9.109879936E+01
1.430560000E-02 -6.935114301E-01 1.188569594E-02 8.666536182E+01
1.482770000E-02 -5.707951021E-01 1.235616252E-02 8.361377692E+01
1.521930000E-02 -4.861871539E-01 1.269469053E-02 8.146235372E+01
1.584890000E-02 -3.630890476E-01 1.323894819E-02 7.822624914E+01
1.651500000E-02 -2.480673512E-01 1.382288891E-02 7.507114744E+01
1.703960000E-02 -1.660226295E-01 1.424618339E-02 7.275992394E+01
1.752660000E-02 -9.625148540E-02 1.466377041E-02 7.073819223E+01
1.789090000E-02 -4.754299957E-02 1.496120622E-02 6.929779944E+01
1.815500000E-02 -1.407570986E-02 1.516292759E-02 6.828972735E+01
1.849670000E-02 2.799505500E-02 1.539829347E-02 6.702817259E+01
1.867840000E-02 4.939929097E-02 1.551242539E-02 6.637613500E+01
1.895300000E-02 8.051995672E-02 1.568511951E-02 6.541444626E+01
1.911490000E-02 9.819032750E-02 1.583200194E-02 6.486039686E+01
1.930310000E-02 1.182286367E-01 1.599382161E-02 6.422802555E+01
1.944430000E-02 1.332466600E-01 1.610900724E-02 6.376161651E+01
1.946450000E-02 1.353681658E-01 1.612521696E-02 6.369544555E+01
1.956030000E-02 1.453971398E-01 1.620018767E-02 6.338348594E+01
1.960820000E-02 1.503719843E-01 1.623686171E-02 6.322864924E+01
1.965610000E-02 1.553085452E-01 1.627293429E-02 6.307456718E+01
1.970410000E-02 1.602157275E-01 1.630835084E-02 6.292091494E+01
1.978860000E-02 1.687728519E-01 1.636984541E-02 6.265223411E+01
1.984780000E-02 1.746929242E-01 1.641180439E-02 6.246536140E+01
1.989570000E-02 1.794436016E-01 1.644528124E-02 6.231497258E+01
1.994360000E-02 1.841632657E-01 1.647819701E-02 6.216530616E+01
1.999840000E-02 1.895122939E-01 1.651534077E-02 6.199495960E+01
2.003940000E-02 1.934856658E-01 1.654257293E-02 6.186811980E+01
2.008730000E-02 1.980941721E-01 1.657399492E-02 6.172058963E+01
2.013520000E-02 2.027274636E-01 1.660498057E-02 6.157376137E+01
2.018370000E-02 2.074913269E-01 1.663563082E-02 6.142580399E+01
2.023110000E-02 2.121183365E-01 1.666525324E-02 6.128188779E+01
2.025050000E-02 2.139994834E-01 1.667727752E-02 6.122317967E+01
2.026990000E-02 2.158748752E-01 1.668922527E-02 6.116458394E+01
2.027900000E-02 2.167543051E-01 1.669476634E-02 6.113713694E+01
2.032690000E-02 2.213602388E-01 1.672376788E-02 6.099306830E+01
2.036970000E-02 2.254422414E-01 1.674927656E-02 6.086491210E+01
2.041960000E-02 2.301675090E-01 1.677861168E-02 6.071617466E+01
2.046940000E-02 2.348484866E-01 1.680757830E-02 6.056845828E+01
2.051930000E-02 2.395053290E-01 1.683590230E-02 6.042116446E+01
2.055660000E-02 2.429567060E-01 1.685667159E-02 6.031153012E+01
2.059380000E-02 2.463855087E-01 1.687734398E-02 6.020258524E+01
2.063140000E-02 2.498283348E-01 1.689785768E-02 6.009286815E+01
2.065020000E-02 2.515422229E-01 1.690799301E-02 6.003815944E+01
2.066900000E-02 2.532464175E-01 1.691811053E-02 5.998355024E+01
2.069400000E-02 2.555139922E-01 1.693129638E-02 5.991108534E+01
2.070640000E-02 2.566349679E-01 1.693805738E-02 5.987520767E+01
2.071890000E-02 2.577609594E-01 1.694457971E-02 5.983908412E+01
2.073140000E-02 2.588847763E-01 1.695107400E-02 5.980300414E+01
2.075160000E-02 2.606954240E-01 1.696161160E-02 5.974479076E+01
2.075940000E-02 2.614280114E-01 1.696583500E-02 5.972234265E+01
2.076410000E-02 2.618648302E-01 1.696821919E-02 5.970882437E+01
2.076650000E-02 2.620866733E-01 1.696932810E-02 5.970192377E+01
2.076760000E-02 2.621927872E-01 1.697004563E-02 5.969876153E+01
2.076960000E-02 2.623767845E-01 1.697096858E-02 5.969301286E+01
2.077110000E-02 2.625159089E-01 1.697182331E-02 5.968870209E+01
2.081870000E-02 2.669365229E-01 1.699617539E-02 5.955222949E+01
2.083120000E-02 2.680937780E-01 1.700249456E-02 5.951649449E+01
2.086860000E-02 2.715358714E-01 1.702135903E-02 5.940983104E+01
2.088770000E-02 2.732864800E-01 1.703099132E-02 5.935550587E+01
2.091650000E-02 2.759153709E-01 1.704505318E-02 5.927377907E+01
2.094520000E-02 2.785256714E-01 1.705913625E-02 5.919255963E+01
2.098170000E-02 2.818641310E-01 1.707685947E-02 5.908958759E+01
2.101830000E-02 2.851996683E-01 1.709419413E-02 5.898669255E+01
2.106820000E-02 2.897130774E-01 1.711767633E-02 5.884698266E+01
2.111800000E-02 2.941896800E-01 1.714086325E-02 5.870821100E+01
2.116790000E-02 2.986386941E-01 1.716343575E-02 5.856981562E+01
2.124640000E-02 3.056541410E-01 1.719797739E-02 5.835341517E+01
2.126770000E-02 3.076082704E-01 1.720733611E-02 5.829497313E+01
2.128210000E-02 3.089263541E-01 1.721359614E-02 5.825552929E+01
2.129660000E-02 3.102479846E-01 1.721966181E-02 5.821586544E+01
2.132980000E-02 3.132677555E-01 1.723391776E-02 5.812525199E+01
2.136310000E-02 3.162785016E-01 1.724788452E-02 5.803464853E+01
2.141550000E-02 3.209868792E-01 1.726949229E-02 5.789264785E+01
2.146780000E-02 3.256424902E-01 1.729651127E-02 5.775160939E+01
2.163420000E-02 3.404398926E-01 1.737975261E-02 5.730741141E+01
2.166080000E-02 3.428465895E-01 1.739253753E-02 5.723703649E+01
2.168730000E-02 3.452374325E-01 1.740532527E-02 5.716709779E+01
2.170100000E-02 3.464691125E-01 1.741180729E-02 5.713100779E+01
2.171220000E-02 3.474712817E-01 1.741694403E-02 5.710153738E+01
2.171470000E-02 3.476982066E-01 1.741830169E-02 5.709496332E+01
2.171930000E-02 3.481064933E-01 1.742033532E-02 5.708287099E+01
2.172380000E-02 3.485127512E-01 1.742252608E-02 5.707104650E+01
2.173570000E-02 3.495745768E-01 1.742811543E-02 5.703980088E+01
2.174170000E-02 3.501077534E-01 1.743086393E-02 5.702405976E+01
2.174460000E-02 3.503703075E-01 1.743237514E-02 5.701645466E+01
2.174760000E-02 3.506344692E-01 1.743372459E-02 5.700858945E+01
2.175340000E-02 3.511504985E-01 1.743631540E-02 5.699338954E+01
2.177350000E-02 3.529411125E-01 1.744566250E-02 5.694077663E+01
2.182410000E-02 3.574142469E-01 1.746903357E-02 5.680875729E+01
2.185470000E-02 3.601376987E-01 1.748273098E-02 5.672921614E+01
2.190820000E-02 3.650377155E-01 1.750664269E-02 5.659068294E+01
2.196170000E-02 3.698976378E-01 1.753015583E-02 5.645282469E+01
2.198850000E-02 3.723176240E-01 1.754162759E-02 5.638401892E+01
2.201530000E-02 3.747277011E-01 1.755303301E-02 5.631538067E+01
2.203950000E-02 3.768982401E-01 1.756343014E-02 5.625354477E+01
2.207590000E-02 3.803115886E-01 1.757864025E-02 5.616079073E+01
2.211230000E-02 3.837346158E-01 1.759369617E-02 5.606834205E+01
2.214410000E-02 3.867118046E-01 1.760665741E-02 5.598782520E+01
2.216000000E-02 3.881928994E-01 1.761306252E-02 5.594765343E+01
2.217580000E-02 3.896648739E-01 1.761963091E-02 5.590779138E+01
2.220260000E-02 3.921724650E-01 1.763025852E-02 5.584030699E+01
2.221600000E-02 3.934630913E-01 1.763557457E-02 5.580662586E+01
2.222270000E-02 3.941053694E-01 1.763820264E-02 5.578980052E+01
2.222600000E-02 3.944235347E-01 1.763959365E-02 5.578151714E+01
2.222770000E-02 3.945852801E-01 1.764018886E-02 5.577725091E+01
2.222940000E-02 3.947510484E-01 1.764082434E-02 5.577298533E+01
2.223020000E-02 3.948271291E-01 1.764122128E-02 5.577097822E+01
2.223190000E-02 3.949887692E-01 1.764177487E-02 5.576671360E+01
2.223340000E-02 3.951354215E-01 1.764256421E-02 5.576295124E+01
2.223500000E-02 3.952874791E-01 1.764307259E-02 5.575893861E+01
2.223830000E-02 3.956050412E-01 1.764445771E-02 5.575066439E+01
2.226060000E-02 3.977396297E-01 1.765314828E-02 5.569481505E+01
2.227730000E-02 3.993344108E-01 1.765968004E-02 5.565306388E+01
2.228290000E-02 3.998668880E-01 1.766176873E-02 5.563907750E+01
2.233640000E-02 4.050333228E-01 1.768227001E-02 5.550581114E+01
2.236320000E-02 4.076474201E-01 1.769225204E-02 5.543929312E+01
2.239350000E-02 4.105952825E-01 1.770349256E-02 5.536427981E+01
2.241310000E-02 4.125534132E-01 1.771073182E-02 5.531586438E+01
2.244780000E-02 4.160026205E-01 1.772335076E-02 5.523035665E+01
2.248250000E-02 4.195009095E-01 1.773584722E-02 5.514511287E+01
2.251760000E-02 4.230761990E-01 1.774846318E-02 5.505915373E+01
2.255300000E-02 4.267223520E-01 1.776233793E-02 5.497273090E+01
2.260770000E-02 4.324683384E-01 1.778606497E-02 5.483972275E+01
2.266100000E-02 4.382017915E-01 1.780920975E-02 5.471073651E+01
2.271310000E-02 4.439613710E-01 1.783141175E-02 5.458523936E+01
2.281010000E-02 4.552168210E-01 1.787582233E-02 5.435311551E+01
2.281820000E-02 4.561899569E-01 1.788014767E-02 5.433382125E+01
2.286050000E-02 4.614178623E-01 1.790832887E-02 5.423328449E+01
2.290990000E-02 4.678523354E-01 1.795633342E-02 5.411634272E+01
2.292170000E-02 4.694476824E-01 1.797241340E-02 5.408848384E+01
2.298260000E-02 4.780326084E-01 1.810798772E-02 5.394515851E+01
2.307180000E-02 4.921027974E-01 1.868849772E-02 5.373659619E+01
2.314520000E-02 5.054549039E-01 2.003960597E-02 5.356618219E+01
2.322440000E-02 5.219950641E-01 2.348260187E-02 5.338351045E+01
2.332510000E-02 5.455493706E-01 3.342006365E-02 5.315304114E+01
2.361900000E-02 5.884480297E-01 1.102549209E-01 5.249163809E+01
2.382570000E-02 5.643925250E-01 1.594972074E-01 5.203624657E+01
2.412890000E-02 5.237578688E-01 1.704770035E-01 5.138236720E+01
2.450620000E-02 5.087171572E-01 1.607688191E-01 5.059127894E+01
2.464910000E-02 5.075298970E-01 1.569945174E-01 5.029798248E+01
2.473640000E-02 5.074312723E-01 1.547294619E-01 5.012047024E+01
2.483130000E-02 5.081168732E-01 1.523944379E-01 4.992892035E+01
2.495610000E-02 5.093246499E-01 1.493652290E-01 4.967923674E+01
2.501050000E-02 5.102429518E-01 1.480475629E-01 4.957118010E+01
2.507300000E-02 5.113363074E-01 1.465454253E-01 4.944761297E+01
2.511870000E-02 5.121990606E-01 1.454548761E-01 4.935764988E+01
2.518450000E-02 5.137502175E-01 1.439423382E-01 4.922869225E+01
2.530620000E-02 5.172332578E-01 1.412318411E-01 4.899194664E+01
2.541540000E-02 5.206389354E-01 1.388399964E-01 4.878144747E+01
2.549580000E-02 5.233700645E-01 1.371035350E-01 4.862761710E+01
2.556310000E-02 5.258456689E-01 1.356700190E-01 4.849959512E+01
2.569650000E-02 5.318632707E-01 1.329778945E-01 4.824781585E+01
2.588340000E-02 5.435829269E-01 1.303621719E-01 4.789942589E+01
2.603490000E-02 5.564395735E-01 1.318411855E-01 4.762069376E+01
2.632030000E-02 5.758454779E-01 1.529986473E-01 4.710432632E+01
2.672800000E-02 5.591670902E-01 1.792170676E-01 4.638581263E+01
2.754230000E-02 5.446503436E-01 1.619742756E-01 4.501439604E+01
2.831680000E-02 5.516668393E-01 1.450126379E-01 4.378319584E+01
2.985380000E-02 5.781651055E-01 1.180128855E-01 4.152905158E+01
3.274580000E-02 6.353927400E-01 8.352774541E-02 3.786134405E+01
3.620960000E-02 6.963799113E-01 5.883432083E-02 3.423953869E+01
3.977340000E-02 7.467017606E-01 4.364617479E-02 3.117158704E+01
4.073800000E-02 7.584242839E-01 4.065548148E-02 3.043350189E+01
4.278180000E-02 7.807425543E-01 3.585519348E-02 2.897961283E+01
4.920750000E-02 8.338045791E-01 2.546225348E-02 2.519534624E+01
6.241840000E-02 8.962809562E-01 1.566450782E-02 1.986273278E+01
6.927140000E-02 9.155569762E-01 1.281983868E-02 1.789771825E+01
7.328250000E-02 9.244749903E-01 1.151276766E-02 1.691809095E+01
7.688410000E-02 9.313895433E-01 1.053631456E-02 1.612557083E+01
8.005080000E-02 9.367104473E-01 9.777066005E-03 1.548766533E+01
8.162800000E-02 9.391452177E-01 9.420682319E-03 1.518841574E+01
8.229690000E-02 9.401476419E-01 9.275964711E-03 1.506496600E+01
8.420060000E-02 9.428733309E-01 8.883392556E-03 1.472436063E+01
8.609940000E-02 9.454140180E-01 8.512963544E-03 1.439963577E+01
8.799400000E-02 9.477891074E-01 8.166357678E-03 1.408959702E+01
8.945580000E-02 9.495427755E-01 7.915501562E-03 1.385935848E+01
9.131050000E-02 9.516654560E-01 7.608194285E-03 1.357784702E+01
9.300000000E-02 9.534927559E-01 7.340498644E-03 1.333118280E+01
9.463850000E-02 9.551977524E-01 7.094309722E-03 1.310037670E+01
9.641170000E-02 9.569639399E-01 6.843295229E-03 1.285943511E+01
9.810460000E-02 9.585925116E-01 6.609677980E-03 1.263753178E+01
9.941310000E-02 9.598034221E-01 6.436643675E-03 1.247119343E+01
1.001750000E-01 9.605090283E-01 6.337584426E-03 1.237634140E+01
1.008310000E-01 9.611043902E-01 6.252840037E-03 1.229582172E+01
1.019330000E-01 9.620864266E-01 6.114911003E-03 1.216289131E+01
1.030350000E-01 9.630664160E-01 5.980928725E-03 1.203280439E+01
1.033850000E-01 9.633765798E-01 5.939091992E-03 1.199206848E+01
1.035420000E-01 9.635156649E-01 5.920457777E-03 1.197388499E+01
1.037960000E-01 9.637395037E-01 5.890454447E-03 1.194458361E+01
1.040490000E-01 9.639609016E-01 5.860767249E-03 1.191553979E+01
1.043440000E-01 9.642188201E-01 5.826438961E-03 1.188185233E+01
1.046580000E-01 9.645036271E-01 5.790227773E-03 1.184620383E+01
1.050640000E-01 9.648678800E-01 5.743889520E-03 1.180042641E+01
1.053840000E-01 9.651518187E-01 5.707739268E-03 1.176459425E+01
1.055710000E-01 9.653164384E-01 5.686869832E-03 1.174375539E+01
1.057010000E-01 9.654302869E-01 5.672422584E-03 1.172931193E+01
1.060780000E-01 9.657596535E-01 5.630835887E-03 1.168762609E+01
1.062220000E-01 9.658891019E-01 5.615063028E-03 1.167178174E+01
1.063850000E-01 9.660382768E-01 5.597284023E-03 1.165389858E+01
1.064820000E-01 9.661265216E-01 5.586754329E-03 1.164328243E+01
1.069120000E-01 9.665146192E-01 5.540393456E-03 1.159645316E+01
1.070430000E-01 9.666321173E-01 5.526385181E-03 1.158226133E+01
1.071750000E-01 9.667551832E-01 5.512325944E-03 1.156799627E+01
1.074570000E-01 9.670214718E-01 5.482457636E-03 1.153763831E+01
1.076950000E-01 9.672453580E-01 5.457421204E-03 1.151214077E+01
1.079990000E-01 9.675309372E-01 5.425707545E-03 1.147973592E+01
1.081650000E-01 9.676904429E-01 5.408500143E-03 1.146211806E+01
1.083730000E-01 9.678921697E-01 5.387057772E-03 1.144011885E+01
1.084980000E-01 9.680145726E-01 5.374242575E-03 1.142693875E+01
1.086490000E-01 9.681634875E-01 5.358838270E-03 1.141105763E+01
1.087520000E-01 9.682655469E-01 5.348233675E-03 1.140025011E+01
1.088580000E-01 9.683720720E-01 5.337331510E-03 1.138914917E+01
1.090020000E-01 9.685179695E-01 5.322630124E-03 1.137410323E+01
1.090230000E-01 9.685392227E-01 5.320495328E-03 1.137191235E+01
1.090620000E-01 9.685791142E-01 5.316538847E-03 1.136784581E+01
1.090870000E-01 9.686043179E-01 5.314017893E-03 1.136524059E+01
1.091470000E-01 9.686664798E-01 5.307974738E-03 1.135899292E+01
1.092390000E-01 9.687626662E-01 5.298802184E-03 1.134942649E+01
1.092920000E-01 9.688196949E-01 5.293546507E-03 1.134392270E+01
1.093100000E-01 9.688392095E-01 5.291769663E-03 1.134205471E+01
1.093480000E-01 9.688801836E-01 5.288058767E-03 1.133811318E+01
1.096200000E-01 9.691793628E-01 5.262367038E-03 1.130997993E+01
1.097160000E-01 9.692880100E-01 5.253913012E-03 1.130008385E+01
1.099890000E-01 9.696054983E-01 5.232845736E-03 1.127203629E+01
1.101560000E-01 9.698075092E-01 5.223331868E-03 1.125494753E+01
1.104090000E-01 9.701334157E-01 5.217020376E-03 1.122915704E+01
1.105920000E-01 9.703801596E-01 5.221186489E-03 1.121057581E+01
1.108850000E-01 9.707939680E-01 5.251776016E-03 1.118095324E+01
1.110900000E-01 9.710950351E-01 5.296902325E-03 1.116032046E+01
1.112700000E-01 9.713656527E-01 5.356635633E-03 1.114226656E+01
1.115320000E-01 9.717617946E-01 5.481826569E-03 1.111609224E+01
1.116300000E-01 9.719087202E-01 5.541910089E-03 1.110633342E+01
1.117900000E-01 9.721414578E-01 5.652529592E-03 1.109043743E+01
1.123040000E-01 9.728055367E-01 6.112813317E-03 1.103967802E+01
1.125580000E-01 9.730654426E-01 6.376317332E-03 1.101476572E+01
1.129040000E-01 9.733565005E-01 6.738934990E-03 1.098101042E+01
1.132840000E-01 9.735925499E-01 7.103628350E-03 1.094417570E+01
1.137210000E-01 9.738134426E-01 7.459224253E-03 1.090212010E+01
1.143250000E-01 9.741304444E-01 7.872355355E-03 1.084452220E+01
1.148780000E-01 9.744594294E-01 8.266470963E-03 1.079231881E+01
1.154980000E-01 9.747884665E-01 8.814579879E-03 1.073438501E+01
1.161450000E-01 9.749568868E-01 9.457017101E-03 1.067458780E+01
1.167650000E-01 9.749551554E-01 1.001746638E-02 1.061790776E+01
1.173050000E-01 9.748630220E-01 1.040275655E-02 1.056902945E+01
1.178000000E-01 9.747605730E-01 1.068281130E-02 1.052461800E+01
1.181380000E-01 9.746878845E-01 1.084392895E-02 1.049450642E+01
1.183770000E-01 9.746378947E-01 1.094241892E-02 1.047331830E+01
1.185410000E-01 9.746030938E-01 1.100851393E-02 1.045882859E+01
1.185720000E-01 9.745966543E-01 1.102034699E-02 1.045609419E+01
1.198080000E-01 9.743203995E-01 1.140625170E-02 1.034822382E+01
1.222430000E-01 9.737167628E-01 1.166504161E-02 1.014209403E+01
1.246010000E-01 9.732307436E-01 1.135156106E-02 9.950160914E+00
1.270760000E-01 9.730076742E-01 1.063421953E-02 9.756366269E+00
1.313120000E-01 9.733524333E-01 9.103725120E-03 9.441635189E+00
1.368690000E-01 9.746473975E-01 7.263248742E-03 9.058296619E+00
1.458590000E-01 9.773855724E-01 5.135508700E-03 8.499989716E+00
1.545480000E-01 9.800082479E-01 3.859328990E-03 8.022103165E+00
1.632170000E-01 9.823308322E-01 3.085138750E-03 7.596022473E+00
1.737180000E-01 9.847198015E-01 2.533357904E-03 7.136853982E+00
1.866820000E-01 9.870926455E-01 2.159447257E-03 6.641240184E+00
2.027590000E-01 9.894522549E-01 1.910888900E-03 6.114648425E+00
2.042790000E-01 9.896696292E-01 1.894929069E-03 6.069150525E+00
2.057000000E-01 9.898875385E-01 1.888189613E-03 6.027224113E+00
2.073730000E-01 9.901685558E-01 1.924275795E-03 5.978598950E+00
2.084610000E-01 9.903402515E-01 1.996226903E-03 5.947395436E+00
2.118620000E-01 9.905920883E-01 2.241979890E-03 5.851922478E+00
2.150950000E-01 9.907596267E-01 2.240495593E-03 5.763964760E+00
2.232970000E-01 9.913825526E-01 2.150742028E-03 5.552246560E+00
2.281380000E-01 9.917878877E-01 2.156955077E-03 5.434430038E+00
2.786760000E-01 9.942850705E-01 1.781573792E-03 4.448894056E+00
2.830500000E-01 9.944911725E-01 1.774162879E-03 4.380144851E+00
2.862850000E-01 9.946060708E-01 1.813121777E-03 4.330649528E+00
3.008810000E-01 9.949657954E-01 1.731938230E-03 4.120565938E+00
3.716690000E-01 9.964644129E-01 1.238208747E-03 3.335763811E+00
4.492620000E-01 9.974611729E-01 8.601937513E-04 2.759636916E+00
5.837810000E-01 9.984617344E-01 4.829816740E-04 2.123741609E+00
6.971120000E-01 9.989797151E-01 3.118584791E-04 1.778480359E+00
7.680000000E-01 9.992412730E-01 2.424654758E-04 1.614322917E+00
8.066670000E-01 9.993882530E-01 2.127552960E-04 1.536941514E+00
8.293730000E-01 9.994857018E-01 1.974345015E-04 1.494864193E+00
8.486920000E-01 9.995878121E-01 1.854779801E-04 1.460836204E+00
8.598320000E-01 9.996653815E-01 1.790569717E-04 1.441909582E+00
8.619190000E-01 9.996837052E-01 1.780048719E-04 1.438418227E+00
8.662130000E-01 9.997262582E-01 1.768291390E-04 1.431287686E+00
8.684200000E-01 9.997516339E-01 1.776162491E-04 1.427650215E+00
8.706920000E-01 9.997814928E-01 1.806550793E-04 1.423924878E+00
8.732470000E-01 9.998198629E-01 1.887722987E-04 1.419758671E+00
8.789210000E-01 9.999144815E-01 2.378836055E-04 1.410593216E+00
8.812710000E-01 9.999503232E-01 2.741458016E-04 1.406831724E+00
8.825010000E-01 9.999663192E-01 2.966115010E-04 1.404870929E+00
8.833830000E-01 9.999762687E-01 3.138533674E-04 1.403468258E+00
8.842500000E-01 9.999848422E-01 3.314969915E-04 1.402092169E+00
8.856920000E-01 9.999921589E-01 3.620362476E-04 1.399809415E+00
8.865130000E-01 9.999966644E-01 3.794933383E-04 1.398513051E+00
8.869530000E-01 9.999991931E-01 3.888942329E-04 1.397819276E+00
8.871700000E-01 1.000000467E+00 3.935251971E-04 1.397477372E+00
8.875950000E-01 1.000003022E+00 4.026489818E-04 1.396808229E+00
8.878830000E-01 1.000004798E+00 4.088448119E-04 1.396355150E+00
8.886820000E-01 1.000005639E+00 4.254570860E-04 1.395099709E+00
8.890000000E-01 1.000006062E+00 4.321044395E-04 1.394600675E+00
8.899500000E-01 1.000005585E+00 4.511381945E-04 1.393111973E+00
8.900820000E-01 1.000005558E+00 4.538087364E-04 1.392905373E+00
8.908950000E-01 1.000004070E+00 4.693130384E-04 1.391634255E+00
8.911300000E-01 1.000003701E+00 4.738642156E-04 1.391267267E+00
8.917830000E-01 1.000001849E+00 4.856232243E-04 1.390248525E+00
8.921470000E-01 1.000000898E+00 4.923064195E-04 1.389681297E+00
8.924130000E-01 9.999999420E-01 4.968079526E-04 1.389267077E+00
8.927170000E-01 9.999988859E-01 5.020175440E-04 1.388793985E+00
8.931310000E-01 9.999975019E-01 5.092405762E-04 1.388150227E+00
8.940850000E-01 9.999937680E-01 5.248276242E-04 1.386669053E+00
8.972050000E-01 9.999804630E-01 5.713477611E-04 1.381846958E+00
8.998300000E-01 9.999684525E-01 6.085501059E-04 1.377815810E+00
9.016890000E-01 9.999584797E-01 6.352818184E-04 1.374975185E+00
9.033440000E-01 9.999480859E-01 6.590079990E-04 1.372456119E+00
9.068720000E-01 9.999178228E-01 7.085303715E-04 1.367116859E+00
9.106260000E-01 9.998743667E-01 7.522883033E-04 1.361481003E+00
9.133240000E-01 9.998370276E-01 7.742678320E-04 1.357459127E+00
9.154890000E-01 9.998052395E-01 7.857625837E-04 1.354248931E+00
9.173100000E-01 9.997817405E-01 7.917271781E-04 1.351560541E+00
9.189430000E-01 9.997615916E-01 7.943109400E-04 1.349158762E+00
9.230550000E-01 9.997154922E-01 7.931674708E-04 1.343148566E+00
9.284220000E-01 9.996681564E-01 7.835716169E-04 1.335384125E+00
9.396850000E-01 9.996021916E-01 7.588286843E-04 1.319378302E+00
9.563570000E-01 9.995420124E-01 7.227166108E-04 1.296377817E+00
9.848740000E-01 9.994842968E-01 6.656975232E-04 1.258841232E+00
1.037350000E+00 9.994433553E-01 5.731785121E-04 1.195160746E+00
1.091160000E+00 9.994436861E-01 4.884828950E-04 1.136222002E+00
1.138860000E+00 9.994718689E-01 4.250879476E-04 1.088632492E+00
1.153190000E+00 9.994900714E-01 4.103594341E-04 1.075104710E+00
1.170160000E+00 9.995130712E-01 4.161304415E-04 1.059513229E+00
1.181790000E+00 9.995086604E-01 4.244736564E-04 1.049086555E+00
1.205480000E+00 9.994964513E-01 4.057935390E-04 1.028469987E+00
1.239910000E+00 9.995060542E-01 3.718875151E-04 9.999112839E-01
1.263880000E+00 9.995180995E-01 3.623028601E-04 9.809475583E-01
1.304460000E+00 9.995191379E-01 3.348633653E-04 9.504315962E-01
1.366540000E+00 9.995404224E-01 2.889587033E-04 9.072548187E-01
1.406470000E+00 9.995612625E-01 2.679527091E-04 8.814976501E-01
1.451620000E+00 9.995714324E-01 2.487961535E-04 8.540802689E-01
1.534150000E+00 9.995990801E-01 2.082847500E-04 8.081347978E-01
1.650060000E+00 9.996395140E-01 1.643395928E-04 7.513666170E-01
1.794990000E+00 9.996855583E-01 1.246224107E-04 6.907002267E-01
1.967070000E+00 9.997316339E-01 9.194265667E-05 6.302775194E-01
2.144700000E+00 9.997707402E-01 6.869379015E-05 5.780761878E-01
2.406270000E+00 9.998156191E-01 4.649471640E-05 5.152372759E-01
2.690020000E+00 9.998516017E-01 3.172006511E-05 4.608887666E-01
3.129460000E+00 9.998902835E-01 1.878444823E-05 3.961705853E-01
3.636010000E+00 9.999192255E-01 1.111679012E-05 3.409781601E-01
4.201440000E+00 9.999402888E-01 6.675076063E-06 2.950893027E-01
4.711130000E+00 9.999533824E-01 4.442950172E-06 2.631640392E-01
5.084520000E+00 9.999608411E-01 3.383545687E-06 2.438381597E-01
5.333480000E+00 9.999652577E-01 2.851046295E-06 2.324561075E-01
5.497090000E+00 9.999681865E-01 2.557846979E-06 2.255375117E-01
5.584330000E+00 9.999700169E-01 2.431502982E-06 2.220141002E-01
5.615330000E+00 9.999708413E-01 2.456046114E-06 2.207884488E-01
5.637710000E+00 9.999715214E-01 2.581172307E-06 2.199119855E-01
5.658860000E+00 9.999721925E-01 2.851295506E-06 2.190900641E-01
5.685210000E+00 9.999729402E-01 3.444669508E-06 2.180746182E-01
5.713590000E+00 9.999733858E-01 4.310830991E-06 2.169914187E-01
5.741340000E+00 9.999734731E-01 5.126016502E-06 2.159426197E-01
5.773650000E+00 9.999732109E-01 5.740194960E-06 2.147341803E-01
5.830350000E+00 9.999727810E-01 5.955180219E-06 2.126458960E-01
5.901500000E+00 9.999728437E-01 5.742551390E-06 2.100821825E-01
5.998660000E+00 9.999734398E-01 5.424836286E-06 2.066794918E-01
6.076260000E+00 9.999742572E-01 5.256087325E-06 2.040399851E-01
6.126760000E+00 9.999749302E-01 5.439405086E-06 2.023581795E-01
6.176270000E+00 9.999753262E-01 5.914064789E-06 2.007360430E-01
6.228350000E+00 9.999753161E-01 6.270801159E-06 1.990575353E-01
6.308250000E+00 9.999752940E-01 6.188675558E-06 1.965362819E-01
6.396800000E+00 9.999756718E-01 5.910570374E-06 1.938156578E-01
6.483310000E+00 9.999762735E-01 5.862658746E-06 1.912294800E-01
6.547180000E+00 9.999765256E-01 6.024759604E-06 1.893639704E-01
6.649280000E+00 9.999766608E-01 5.918307089E-06 1.864562780E-01
6.766790000E+00 9.999770413E-01 5.569242521E-06 1.832183354E-01
6.973290000E+00 9.999779242E-01 5.009432392E-06 1.777926918E-01
7.218020000E+00 9.999790417E-01 4.436060392E-06 1.717645559E-01
7.498940000E+00 9.999803035E-01 3.871873117E-06 1.653300333E-01
7.829790000E+00 9.999817133E-01 3.318599483E-06 1.583439658E-01
8.133560000E+00 9.999829108E-01 2.895203340E-06 1.524301782E-01
8.511380000E+00 9.999842718E-01 2.458605801E-06 1.456638054E-01
8.874110000E+00 9.999854509E-01 2.114193338E-06 1.397097850E-01
9.192580000E+00 9.999863905E-01 1.860273543E-06 1.348696449E-01
9.531900000E+00 9.999873035E-01 1.631139956E-06 1.300685068E-01
9.890460000E+00 9.999881773E-01 1.426900681E-06 1.253531181E-01
1.019390000E+01 9.999888519E-01 1.278635315E-06 1.216217542E-01
1.055320000E+01 9.999895813E-01 1.127383474E-06 1.174809536E-01
1.085290000E+01 9.999901386E-01 1.018076854E-06 1.142367478E-01
1.113110000E+01 9.999906182E-01 9.283837410E-07 1.113816245E-01
1.135060000E+01 9.999909727E-01 8.642273737E-07 1.092277060E-01
1.161860000E+01 9.999913802E-01 7.932748992E-07 1.067082093E-01
1.191180000E+01 9.999917963E-01 7.240206348E-07 1.040816669E-01
1.216430000E+01 9.999921313E-01 6.702812855E-07 1.019211956E-01
1.239240000E+01 9.999924171E-01 6.259470815E-07 1.000451890E-01
1.243430000E+01 9.999924679E-01 6.181588298E-07 9.970806559E-02
1.269080000E+01 9.999927688E-01 5.734286702E-07 9.769281684E-02
1.299420000E+01 9.999931021E-01 5.256904714E-07 9.541179911E-02
1.320460000E+01 9.999933201E-01 4.955286213E-07 9.389152265E-02
1.339710000E+01 9.999935109E-01 4.698201851E-07 9.254241590E-02
1.359680000E+01 9.999937003E-01 4.447388327E-07 9.118321958E-02
1.392390000E+01 9.999939937E-01 4.072971710E-07 8.904114508E-02
1.433500000E+01 9.999943345E-01 3.657553294E-07 8.648761772E-02
1.486880000E+01 9.999947360E-01 3.193774231E-07 8.338265361E-02
1.548120000E+01 9.999951468E-01 2.748692212E-07 8.008423120E-02
1.642350000E+01 9.999956918E-01 2.205887829E-07 7.548939020E-02
1.868290000E+01 9.999966799E-01 1.363100289E-07 6.636014751E-02
2.126070000E+01 9.999974445E-01 8.394841562E-08 5.831416651E-02
2.414470000E+01 9.999980257E-01 5.197185894E-08 5.134874320E-02
2.745500000E+01 9.999984796E-01 3.196368288E-08 4.515753050E-02
3.116170000E+01 9.999988259E-01 1.977168098E-08 3.978601938E-02
3.421570000E+01 9.999990316E-01 1.384833703E-08 3.623482787E-02
3.630780000E+01 9.999991448E-01 1.104310143E-08 3.414693262E-02
3.775010000E+01 9.999992136E-01 9.517091110E-09 3.284229711E-02
3.871650000E+01 9.999992573E-01 8.641036108E-09 3.202252270E-02
3.931670000E+01 9.999992846E-01 8.159568431E-09 3.153367399E-02
3.962780000E+01 9.999992999E-01 8.151715078E-09 3.128611732E-02
3.978310000E+01 9.999993082E-01 8.606204694E-09 3.116398672E-02
3.989860000E+01 9.999993148E-01 9.456200099E-09 3.107377201E-02
4.000170000E+01 9.999993208E-01 1.079306744E-08 3.099368277E-02
4.010860000E+01 9.999993269E-01 1.290763786E-08 3.091107643E-02
4.023370000E+01 9.999993336E-01 1.638841214E-08 3.081496358E-02
4.042180000E+01 9.999993414E-01 2.316015518E-08 3.067156831E-02
4.060350000E+01 9.999993463E-01 2.986671587E-08 3.053431354E-02
4.077240000E+01 9.999993485E-01 3.475502974E-08 3.040782490E-02
4.098370000E+01 9.999993500E-01 3.809199181E-08 3.025105103E-02
4.128470000E+01 9.999993532E-01 3.900625170E-08 3.003049556E-02
4.166350000E+01 9.999993598E-01 3.807974030E-08 2.975746157E-02
4.223500000E+01 9.999993724E-01 3.627124942E-08 2.935480052E-02
4.301020000E+01 9.999993908E-01 3.397738694E-08 2.882572041E-02
4.404300000E+01 9.999994156E-01 3.120324403E-08 2.814976273E-02
4.538560000E+01 9.999994466E-01 2.799514835E-08 2.731703448E-02
4.674720000E+01 9.999994763E-01 2.512266338E-08 2.652137454E-02
4.839000000E+01 9.999995096E-01 2.214529188E-08 2.562099607E-02
4.999970000E+01 9.999995394E-01 1.966151998E-08 2.479614878E-02
5.202370000E+01 9.999995735E-01 1.702157505E-08 2.383144605E-02
5.432790000E+01 9.999996081E-01 1.454149263E-08 2.282068698E-02
5.637330000E+01 9.999996355E-01 1.268999960E-08 2.199268093E-02
5.843860000E+01 9.999996604E-01 1.111120395E-08 2.121542953E-02
6.081240000E+01 9.999996861E-01 9.590771342E-09 2.038728943E-02
6.331460000E+01 9.999997102E-01 8.254887784E-09 1.958158150E-02
6.567620000E+01 9.999997305E-01 7.203762899E-09 1.887746246E-02
6.708540000E+01 9.999997416E-01 6.654561044E-09 1.848092133E-02
6.954080000E+01 9.999997595E-01 5.820074347E-09 1.782838276E-02
7.240650000E+01 9.999997781E-01 5.005300213E-09 1.712277213E-02
7.577270000E+01 9.999997973E-01 4.224713659E-09 1.636209347E-02
7.771840000E+01 9.999998073E-01 3.840860938E-09 1.595246428E-02
7.957080000E+01 9.999998162E-01 3.513980925E-09 1.558109256E-02
8.334750000E+01 9.999998324E-01 2.949515490E-09 1.487507124E-02
8.834890000E+01 9.999998509E-01 2.368058756E-09 1.403299871E-02
9.203960000E+01 9.999998626E-01 2.028422934E-09 1.347028888E-02
9.776610000E+01 9.999998782E-01 1.613566347E-09 1.268128728E-02
1.087300000E+02 9.999999016E-01 1.076966372E-09 1.140255679E-02
1.231750000E+02 9.999999234E-01 6.697559338E-10 1.006535417E-02
1.391950000E+02 9.999999400E-01 4.194984623E-10 8.906929128E-03
1.575890000E+02 9.999999532E-01 2.610941915E-10 7.867300383E-03
1.781780000E+02 9.999999635E-01 1.632774916E-10 6.958210329E-03
2.014730000E+02 9.999999714E-01 1.021367871E-10 6.153678160E-03
2.270290000E+02 9.999999775E-01 6.489219239E-11 5.460976351E-03
2.572640000E+02 9.999999825E-01 4.042765897E-11 4.819174078E-03
2.922910000E+02 9.999999864E-01 2.507572058E-11 4.241663274E-03
3.315170000E+02 9.999999895E-01 1.571527567E-11 3.739778051E-03
3.782450000E+02 9.999999919E-01 9.699748245E-12 3.277769700E-03
4.315190000E+02 9.999999938E-01 6.041629532E-12 2.873106399E-03
4.928600000E+02 9.999999952E-01 3.781466692E-12 2.515521649E-03
5.623410000E+02 9.999999963E-01 2.399177913E-12 2.204712088E-03
6.475150000E+02 9.999999972E-01 1.492387150E-12 1.914704679E-03
7.520560000E+02 9.999999980E-01 9.142339494E-13 1.648547449E-03
8.748190000E+02 9.999999985E-01 5.659659544E-13 1.417207445E-03
1.022000000E+03 9.999999989E-01 3.520724773E-13 1.213111546E-03
1.228710000E+03 9.999999992E-01 1.989956688E-13 1.009025726E-03
1.477240000E+03 9.999999995E-01 1.124728982E-13 8.392678238E-04
1.776030000E+03 9.999999996E-01 6.357076262E-14 6.980737938E-04
2.135260000E+03 9.999999997E-01 3.593060185E-14 5.806318668E-04
2.567150000E+03 9.999999998E-01 2.030818205E-14 4.829480163E-04
3.086390000E+03 9.999999999E-01 1.147837401E-14 4.016990724E-04
3.710660000E+03 9.999999999E-01 6.487640800E-15 3.341184587E-04
4.461190000E+03 9.999999999E-01 3.666874417E-15 2.779079125E-04
5.363530000E+03 1.000000000E+00 2.072545082E-15 2.311537364E-04
6.448380000E+03 1.000000000E+00 1.171418652E-15 1.922653442E-04
7.752660000E+03 1.000000000E+00 6.620924939E-16 1.599193051E-04
9.320750000E+03 1.000000000E+00 3.742207511E-16 1.330150471E-04
1.000000000E+04 0.000000000E+00 0.000000000E+00 1.239800000E-04
