# 11/08/2021 
# Data retrieved from www.chemicool.com/densities.html 
# Includes the real (n) and complex (k) part of the  refractive index. 
# Element, Cl  (Z = 17) 
# Nominal density, g cm-3 =  0.003214 
#    E [keV]      n       k    Wavelength [nm] 
1.000000000E-03 3.611233994E-01 2.282400393E-07 1.239800000E+03
1.265630000E-03 9.703439274E-01 0.000000000E+00 9.795911917E+02
1.500000000E-03 9.790461640E-01 0.000000000E+00 8.265333333E+02
1.802030000E-03 9.856982195E-01 0.000000000E+00 6.880018646E+02
2.027290000E-03 9.888271839E-01 0.000000000E+00 6.115553276E+02
2.250000000E-03 9.910328741E-01 0.000000000E+00 5.510222222E+02
2.565780000E-03 9.932597818E-01 0.000000000E+00 4.832058867E+02
2.812500000E-03 9.944908452E-01 0.000000000E+00 4.408177778E+02
3.247320000E-03 9.960394601E-01 0.000000000E+00 3.817917544E+02
3.515630000E-03 9.967113594E-01 0.000000000E+00 3.526537207E+02
3.653240000E-03 9.970111270E-01 0.000000000E+00 3.393699839E+02
4.109890000E-03 9.977870312E-01 0.000000000E+00 3.016625749E+02
4.394530000E-03 9.981460773E-01 0.000000000E+00 2.821234580E+02
4.623630000E-03 9.983991891E-01 0.000000000E+00 2.681442936E+02
4.943850000E-03 9.986902338E-01 0.000000000E+00 2.507762169E+02
5.114080000E-03 9.988296528E-01 0.000000000E+00 2.424287457E+02
5.561830000E-03 9.991296128E-01 0.000000000E+00 2.229122429E+02
5.918740000E-03 9.993332666E-01 0.000000000E+00 2.094702589E+02
6.257060000E-03 9.994898388E-01 0.000000000E+00 1.981441763E+02
6.534800000E-03 9.996123948E-01 0.000000000E+00 1.897227153E+02
6.786360000E-03 9.997078531E-01 0.000000000E+00 1.826899840E+02
6.965330000E-03 9.997687522E-01 0.000000000E+00 1.779958738E+02
7.226590000E-03 9.998606959E-01 0.000000000E+00 1.715608607E+02
7.556760000E-03 9.999599289E-01 0.000000000E+00 1.640650226E+02
7.804390000E-03 1.000035962E+00 0.000000000E+00 1.588593087E+02
7.990110000E-03 1.000087307E+00 0.000000000E+00 1.551668250E+02
8.129410000E-03 1.000124489E+00 0.000000000E+00 1.525079926E+02
8.233870000E-03 1.000154935E+00 0.000000000E+00 1.505731813E+02
8.312230000E-03 1.000176758E+00 0.000000000E+00 1.491537169E+02
8.429750000E-03 1.000207931E+00 0.000000000E+00 1.470743498E+02
8.488520000E-03 1.000222873E+00 0.000000000E+00 1.460560852E+02
8.547280000E-03 1.000237335E+00 0.000000000E+00 1.450519931E+02
8.568320000E-03 1.000243091E+00 0.000000000E+00 1.446958097E+02
8.589360000E-03 1.000248839E+00 0.000000000E+00 1.443413712E+02
8.610390000E-03 1.000254732E+00 0.000000000E+00 1.439888321E+02
8.631430000E-03 1.000260716E+00 0.000000000E+00 1.436378445E+02
8.652470000E-03 1.000266688E+00 0.000000000E+00 1.432885638E+02
8.668760000E-03 1.000271246E+00 0.000000000E+00 1.430193015E+02
8.685060000E-03 1.000275817E+00 0.000000000E+00 1.427508849E+02
8.727810000E-03 1.000287549E+00 0.000000000E+00 1.420516716E+02
8.749190000E-03 1.000293323E+00 0.000000000E+00 1.417045464E+02
8.770570000E-03 1.000299038E+00 0.000000000E+00 1.413591135E+02
8.791940000E-03 1.000304695E+00 0.000000000E+00 1.410155210E+02
8.806360000E-03 1.000308454E+00 0.000000000E+00 1.407846148E+02
8.820770000E-03 1.000312235E+00 0.000000000E+00 1.405546228E+02
8.838420000E-03 1.000316771E+00 0.000000000E+00 1.402739404E+02
8.847250000E-03 1.000319072E+00 0.000000000E+00 1.401339399E+02
8.856080000E-03 1.000321315E+00 0.000000000E+00 1.399942187E+02
8.872110000E-03 1.000325415E+00 0.000000000E+00 1.397412791E+02
8.877450000E-03 1.000326742E+00 0.000000000E+00 1.396572214E+02
8.898830000E-03 1.000332113E+00 0.000000000E+00 1.393216861E+02
8.901500000E-03 1.000332769E+00 0.000000000E+00 1.392798966E+02
8.906180000E-03 1.000333938E+00 0.000000000E+00 1.392067082E+02
8.914950000E-03 1.000336122E+00 0.000000000E+00 1.390697648E+02
8.915600000E-03 1.000336310E+00 0.000000000E+00 1.390596258E+02
8.920210000E-03 1.000337429E+00 0.000000000E+00 1.389877593E+02
8.921540000E-03 1.000337754E+00 0.000000000E+00 1.389670393E+02
8.924050000E-03 1.000338367E+00 0.000000000E+00 1.389279531E+02
8.928430000E-03 1.000339451E+00 0.000000000E+00 1.388597995E+02
8.941580000E-03 1.000342690E+00 0.000000000E+00 1.386555844E+02
8.948200000E-03 1.000344299E+00 0.000000000E+00 1.385530051E+02
8.958120000E-03 1.000346866E+00 0.000000000E+00 1.383995749E+02
8.968040000E-03 1.000349843E+00 0.000000000E+00 1.382464842E+02
8.977460000E-03 1.000352658E+00 0.000000000E+00 1.381014229E+02
8.991590000E-03 1.000356857E+00 0.000000000E+00 1.378844009E+02
8.998650000E-03 1.000358947E+00 0.000000000E+00 1.377762220E+02
9.005720000E-03 1.000361029E+00 0.000000000E+00 1.376680599E+02
9.027090000E-03 1.000367542E+00 0.000000000E+00 1.373421557E+02
9.048470000E-03 1.000374357E+00 0.000000000E+00 1.370176394E+02
9.069850000E-03 1.000381058E+00 0.000000000E+00 1.366946532E+02
9.080540000E-03 1.000384407E+00 0.000000000E+00 1.365337304E+02
9.091220000E-03 1.000387693E+00 0.000000000E+00 1.363733360E+02
9.101910000E-03 1.000391008E+00 0.000000000E+00 1.362131684E+02
9.107260000E-03 1.000392681E+00 0.000000000E+00 1.361331509E+02
9.112600000E-03 1.000394306E+00 0.000000000E+00 1.360533766E+02
9.116810000E-03 1.000395572E+00 0.000000000E+00 1.359905493E+02
9.125160000E-03 1.000398148E+00 0.000000000E+00 1.358661108E+02
9.133380000E-03 1.000400635E+00 0.000000000E+00 1.357438320E+02
9.149560000E-03 1.000405513E+00 0.000000000E+00 1.355037838E+02
9.180420000E-03 1.000414759E+00 0.000000000E+00 1.350482876E+02
9.212720000E-03 1.000424272E+00 0.000000000E+00 1.345748053E+02
9.271440000E-03 1.000441244E+00 0.000000000E+00 1.337224854E+02
9.318900000E-03 1.000454616E+00 0.000000000E+00 1.330414534E+02
9.485020000E-03 1.000499114E+00 0.000000000E+00 1.307113744E+02
9.568090000E-03 1.000520084E+00 0.000000000E+00 1.295765404E+02
9.609620000E-03 1.000530270E+00 0.000000000E+00 1.290165480E+02
9.630380000E-03 1.000535331E+00 0.000000000E+00 1.287384298E+02
9.651150000E-03 1.000540303E+00 0.000000000E+00 1.284613751E+02
9.698660000E-03 1.000554107E+00 0.000000000E+00 1.278320923E+02
9.722410000E-03 1.000561556E+00 0.000000000E+00 1.275198228E+02
9.746170000E-03 1.000569004E+00 0.000000000E+00 1.272089446E+02
9.769920000E-03 1.000577242E+00 0.000000000E+00 1.268997085E+02
9.791490000E-03 1.000584633E+00 0.000000000E+00 1.266201569E+02
9.813050000E-03 1.000591916E+00 0.000000000E+00 1.263419630E+02
9.827750000E-03 1.000596888E+00 0.000000000E+00 1.261529852E+02
9.842440000E-03 1.000601790E+00 0.000000000E+00 1.259646998E+02
9.866550000E-03 1.000609793E+00 0.000000000E+00 1.256568912E+02
9.890660000E-03 1.000617673E+00 0.000000000E+00 1.253505833E+02
9.918130000E-03 1.000626614E+00 0.000000000E+00 1.250034029E+02
9.924030000E-03 1.000628506E+00 0.000000000E+00 1.249290863E+02
9.945750000E-03 1.000635466E+00 0.000000000E+00 1.246562602E+02
9.953960000E-03 1.000638065E+00 0.000000000E+00 1.245534441E+02
9.975280000E-03 1.000644796E+00 0.000000000E+00 1.242872381E+02
9.995590000E-03 1.000651143E+00 0.000000000E+00 1.240346993E+02
1.000750000E-02 1.000654818E+00 0.000000000E+00 1.238870847E+02
1.003200000E-02 1.000662393E+00 0.000000000E+00 1.235845295E+02
1.003480000E-02 1.000663220E+00 0.000000000E+00 1.235500458E+02
1.005500000E-02 1.000669417E+00 0.000000000E+00 1.233018399E+02
1.007870000E-02 1.000676573E+00 0.000000000E+00 1.230118964E+02
1.011720000E-02 1.000688016E+00 0.000000000E+00 1.225437868E+02
1.012630000E-02 1.000690670E+00 0.000000000E+00 1.224336628E+02
1.013190000E-02 1.000692327E+00 0.000000000E+00 1.223659926E+02
1.015040000E-02 1.000697732E+00 0.000000000E+00 1.221429697E+02
1.017450000E-02 1.000704719E+00 0.000000000E+00 1.218536537E+02
1.019970000E-02 1.000711913E+00 0.000000000E+00 1.215525947E+02
1.022270000E-02 1.000720454E+00 0.000000000E+00 1.212791141E+02
1.025230000E-02 1.000731303E+00 0.000000000E+00 1.209289623E+02
1.027080000E-02 1.000738089E+00 0.000000000E+00 1.207111423E+02
1.027640000E-02 1.000740065E+00 0.000000000E+00 1.206453622E+02
1.032640000E-02 1.000759527E+00 0.000000000E+00 1.200612024E+02
1.040150000E-02 1.000788742E+00 0.000000000E+00 1.191943470E+02
1.043900000E-02 1.000803013E+00 0.000000000E+00 1.187661653E+02
1.047650000E-02 1.000817060E+00 0.000000000E+00 1.183410490E+02
1.049730000E-02 1.000824721E+00 0.000000000E+00 1.181065607E+02
1.054900000E-02 1.000843510E+00 0.000000000E+00 1.175277277E+02
1.057480000E-02 1.000852794E+00 0.000000000E+00 1.172409880E+02
1.060070000E-02 1.000862028E+00 0.000000000E+00 1.169545407E+02
1.061430000E-02 1.000868139E+00 0.000000000E+00 1.168046880E+02
1.063130000E-02 1.000875587E+00 0.000000000E+00 1.166179113E+02
1.064890000E-02 1.000883382E+00 0.000000000E+00 1.164251707E+02
1.066660000E-02 1.000891071E+00 0.000000000E+00 1.162319764E+02
1.068760000E-02 1.000900159E+00 0.000000000E+00 1.160035929E+02
1.070860000E-02 1.000909694E+00 0.000000000E+00 1.157761052E+02
1.073440000E-02 1.000921821E+00 0.000000000E+00 1.154978387E+02
1.076020000E-02 1.000933789E+00 0.000000000E+00 1.152209067E+02
1.078600000E-02 1.000945664E+00 0.000000000E+00 1.149452995E+02
1.081320000E-02 1.000958068E+00 0.000000000E+00 1.146561610E+02
1.082090000E-02 1.000961526E+00 0.000000000E+00 1.145745733E+02
1.085600000E-02 1.000977290E+00 0.000000000E+00 1.142041268E+02
1.087560000E-02 1.000985957E+00 0.000000000E+00 1.139983081E+02
1.088480000E-02 1.000990009E+00 0.000000000E+00 1.139019550E+02
1.090090000E-02 1.000997253E+00 0.000000000E+00 1.137337284E+02
1.092510000E-02 1.001010151E+00 0.000000000E+00 1.134817988E+02
1.094930000E-02 1.001022925E+00 0.000000000E+00 1.132309828E+02
1.096650000E-02 1.001031955E+00 0.000000000E+00 1.130533899E+02
1.098640000E-02 1.001042283E+00 0.000000000E+00 1.128486128E+02
1.100620000E-02 1.001052672E+00 0.000000000E+00 1.126455998E+02
1.101410000E-02 1.001057057E+00 0.000000000E+00 1.125648033E+02
1.103240000E-02 1.001067252E+00 0.000000000E+00 1.123780864E+02
1.105850000E-02 1.001081732E+00 0.000000000E+00 1.121128544E+02
1.108460000E-02 1.001096033E+00 0.000000000E+00 1.118488714E+02
1.112390000E-02 1.001117318E+00 0.000000000E+00 1.114537168E+02
1.113680000E-02 1.001126262E+00 0.000000000E+00 1.113246175E+02
1.113690000E-02 1.001126332E+00 0.000000000E+00 1.113236179E+02
1.113720000E-02 1.001126545E+00 0.000000000E+00 1.113206192E+02
1.115700000E-02 1.001140328E+00 0.000000000E+00 1.111230618E+02
1.116460000E-02 1.001145569E+00 0.000000000E+00 1.110474177E+02
1.119200000E-02 1.001164364E+00 0.000000000E+00 1.107755540E+02
1.121190000E-02 1.001177899E+00 0.000000000E+00 1.105789384E+02
1.123350000E-02 1.001192491E+00 0.000000000E+00 1.103663150E+02
1.123940000E-02 1.001196870E+00 0.000000000E+00 1.103083795E+02
1.126680000E-02 1.001217354E+00 0.000000000E+00 1.100401179E+02
1.127500000E-02 1.001223370E+00 0.000000000E+00 1.099600887E+02
1.129480000E-02 1.001237965E+00 0.000000000E+00 1.097673266E+02
1.131260000E-02 1.001251041E+00 0.000000000E+00 1.095946113E+02
1.133050000E-02 1.001263977E+00 0.000000000E+00 1.094214730E+02
1.135720000E-02 1.001283222E+00 0.000000000E+00 1.091642306E+02
1.137050000E-02 1.001292768E+00 0.000000000E+00 1.090365419E+02
1.138390000E-02 1.001302272E+00 0.000000000E+00 1.089081949E+02
1.139760000E-02 1.001311978E+00 0.000000000E+00 1.087772864E+02
1.141130000E-02 1.001321604E+00 0.000000000E+00 1.086466923E+02
1.143820000E-02 1.001340393E+00 0.000000000E+00 1.083911804E+02
1.144600000E-02 1.001345778E+00 0.000000000E+00 1.083173161E+02
1.147010000E-02 1.001364501E+00 0.000000000E+00 1.080897289E+02
1.147340000E-02 1.001367490E+00 0.000000000E+00 1.080586400E+02
1.150120000E-02 1.001392867E+00 0.000000000E+00 1.077974472E+02
1.151980000E-02 1.001409643E+00 0.000000000E+00 1.076233962E+02
1.153100000E-02 1.001419643E+00 0.000000000E+00 1.075188622E+02
1.154750000E-02 1.001434471E+00 0.000000000E+00 1.073652306E+02
1.156000000E-02 1.001445481E+00 0.000000000E+00 1.072491349E+02
1.157860000E-02 1.001461979E+00 0.000000000E+00 1.070768487E+02
1.158790000E-02 1.001471209E+00 0.000000000E+00 1.069909129E+02
1.159720000E-02 1.001480407E+00 0.000000000E+00 1.069051150E+02
1.163060000E-02 1.001513289E+00 0.000000000E+00 1.065981119E+02
1.166350000E-02 1.001554064E+00 0.000000000E+00 1.062974236E+02
1.170890000E-02 1.001609566E+00 0.000000000E+00 1.058852668E+02
1.173880000E-02 1.001645595E+00 0.000000000E+00 1.056155655E+02
1.179350000E-02 1.001716089E+00 0.000000000E+00 1.051257048E+02
1.189810000E-02 1.001886688E+00 8.952618270E-08 1.042015112E+02
1.195970000E-02 1.002013415E+00 9.707177339E-07 1.036648076E+02
1.205110000E-02 1.002274737E+00 1.658626677E-05 1.028785754E+02
1.213660000E-02 1.002635337E+00 1.165613243E-04 1.021538157E+02
1.220870000E-02 1.002992495E+00 3.774409675E-04 1.015505336E+02
1.226440000E-02 1.003210407E+00 7.239929843E-04 1.010893317E+02
1.231820000E-02 1.003298727E+00 1.138393909E-03 1.006478219E+02
1.235180000E-02 1.003279892E+00 1.405049699E-03 1.003740346E+02
1.238140000E-02 1.003219202E+00 1.626199772E-03 1.001340721E+02
1.243040000E-02 1.003046535E+00 1.940561479E-03 9.973934869E+01
1.246460000E-02 1.002896222E+00 2.111993266E-03 9.946568683E+01
1.249610000E-02 1.002747464E+00 2.232000471E-03 9.921495507E+01
1.252500000E-02 1.002609592E+00 2.315213666E-03 9.898602794E+01
1.254550000E-02 1.002514436E+00 2.360499876E-03 9.882427962E+01
1.255400000E-02 1.002478197E+00 2.374424076E-03 9.875736817E+01
1.257850000E-02 1.002373999E+00 2.410559678E-03 9.856501173E+01
1.260390000E-02 1.002270409E+00 2.437622624E-03 9.836637866E+01
1.266240000E-02 1.002069184E+00 2.470030793E-03 9.791192823E+01
1.267810000E-02 1.002021752E+00 2.475343454E-03 9.779067841E+01
1.272120000E-02 1.001913840E+00 2.482808648E-03 9.745935918E+01
1.273500000E-02 1.001879620E+00 2.485181501E-03 9.735374951E+01
1.274480000E-02 1.001858356E+00 2.486018298E-03 9.727889021E+01
1.277500000E-02 1.001793035E+00 2.488622246E-03 9.704892368E+01
1.283530000E-02 1.001664196E+00 2.493735918E-03 9.659298965E+01
1.288250000E-02 1.001567754E+00 2.497243768E-03 9.623908403E+01
1.298960000E-02 1.001400726E+00 2.500331209E-03 9.544558724E+01
1.312000000E-02 1.001213194E+00 2.503678262E-03 9.449695122E+01
1.335240000E-02 1.000941827E+00 2.498196281E-03 9.285222132E+01
1.348960000E-02 1.000797410E+00 2.490718836E-03 9.190784011E+01
1.358540000E-02 1.000704840E+00 2.482652626E-03 9.125973472E+01
1.370000000E-02 1.000598272E+00 2.471871056E-03 9.049635036E+01
1.381110000E-02 1.000502837E+00 2.456570512E-03 8.976837471E+01
1.396370000E-02 1.000376636E+00 2.435810798E-03 8.878735579E+01
1.400000000E-02 1.000347880E+00 2.429628372E-03 8.855714286E+01
1.424850000E-02 1.000161762E+00 2.381991223E-03 8.701266800E+01
1.515000000E-02 9.996174990E-01 2.128540244E-03 8.183498350E+01
1.600000000E-02 9.992712364E-01 1.811919491E-03 7.748750000E+01
1.682140000E-02 9.990757472E-01 1.483667192E-03 7.370373453E+01
1.759040000E-02 9.989930422E-01 1.193393984E-03 7.048162634E+01
1.845470000E-02 9.989806527E-01 9.110262423E-04 6.718071819E+01
1.927630000E-02 9.990202282E-01 6.938207301E-04 6.431732231E+01
1.992190000E-02 9.990708032E-01 5.569980404E-04 6.223301994E+01
2.032440000E-02 9.991064102E-01 4.848891481E-04 6.100057074E+01
2.061680000E-02 9.991335217E-01 4.384875555E-04 6.013542354E+01
2.074320000E-02 9.991452775E-01 4.197021608E-04 5.976898453E+01
2.078950000E-02 9.991496768E-01 4.130925225E-04 5.963587388E+01
2.080920000E-02 9.991515407E-01 4.102900028E-04 5.957941680E+01
2.091160000E-02 9.991612172E-01 3.960218631E-04 5.928766809E+01
2.096830000E-02 9.991665468E-01 3.882950555E-04 5.912734938E+01
2.101410000E-02 9.991709080E-01 3.822901377E-04 5.899848197E+01
2.106530000E-02 9.991757467E-01 3.756353217E-04 5.885508395E+01
2.109090000E-02 9.991781517E-01 3.723304421E-04 5.878364603E+01
2.111650000E-02 9.991805618E-01 3.690615753E-04 5.871238131E+01
2.114210000E-02 9.991829787E-01 3.658343833E-04 5.864128918E+01
2.116770000E-02 9.991853871E-01 3.626208740E-04 5.857036901E+01
2.120620000E-02 9.991889884E-01 3.578255599E-04 5.846403410E+01
2.126380000E-02 9.991943909E-01 3.507696917E-04 5.830566503E+01
2.128990000E-02 9.991968581E-01 3.476491844E-04 5.823418616E+01
2.132250000E-02 9.991999263E-01 3.437749352E-04 5.814515183E+01
2.137260000E-02 9.992046525E-01 3.379293578E-04 5.800885246E+01
2.138540000E-02 9.992058545E-01 3.364452634E-04 5.797413188E+01
2.142380000E-02 9.992094458E-01 3.320111545E-04 5.787021910E+01
2.144940000E-02 9.992118348E-01 3.290881470E-04 5.780115061E+01
2.147510000E-02 9.992142449E-01 3.262289485E-04 5.773197797E+01
2.150070000E-02 9.992166384E-01 3.233854800E-04 5.766323887E+01
2.152630000E-02 9.992190227E-01 3.205546069E-04 5.759466327E+01
2.157750000E-02 9.992237754E-01 3.149505938E-04 5.745800023E+01
2.162870000E-02 9.992285290E-01 3.094571329E-04 5.732198422E+01
2.168790000E-02 9.992339799E-01 3.031676460E-04 5.716551626E+01
2.173120000E-02 9.992380042E-01 2.987489981E-04 5.705161243E+01
2.183360000E-02 9.992474363E-01 2.884562670E-04 5.678403928E+01
2.187330000E-02 9.992510718E-01 2.845688154E-04 5.668097635E+01
2.191840000E-02 9.992551754E-01 2.801909382E-04 5.656434776E+01
2.202630000E-02 9.992649388E-01 2.701900526E-04 5.628725660E+01
2.222460000E-02 9.992825616E-01 2.524542347E-04 5.578503100E+01
2.256580000E-02 9.993123023E-01 2.249096178E-04 5.494154872E+01
2.333900000E-02 9.993757020E-01 1.735217192E-04 5.312138481E+01
2.444780000E-02 9.994567511E-01 1.207712295E-04 5.071212952E+01
2.543720000E-02 9.995186925E-01 8.996177880E-05 4.873964116E+01
2.656960000E-02 9.995783478E-01 6.488556263E-05 4.666235096E+01
2.766150000E-02 9.996268551E-01 4.839959676E-05 4.482041827E+01
2.886790000E-02 9.996718189E-01 3.617343300E-05 4.294735675E+01
3.014930000E-02 9.997114582E-01 2.772666125E-05 4.112201610E+01
3.137060000E-02 9.997429527E-01 2.249303599E-05 3.952108025E+01
3.292500000E-02 9.997761143E-01 1.837131176E-05 3.765527715E+01
3.464380000E-02 9.998057186E-01 1.582084830E-05 3.578706724E+01
3.672820000E-02 9.998340804E-01 1.430342813E-05 3.375607844E+01
3.981070000E-02 9.998653408E-01 1.353350237E-05 3.114238132E+01
4.500000000E-02 9.998997666E-01 1.341775543E-05 2.755111111E+01
5.559040000E-02 9.999372531E-01 1.269247408E-05 2.230241193E+01
6.410060000E-02 9.999529455E-01 1.135419529E-05 1.934147262E+01
7.328250000E-02 9.999637360E-01 9.646398046E-06 1.691809095E+01
8.500000000E-02 9.999728430E-01 7.626615829E-06 1.458588235E+01
1.115770000E-01 9.999845614E-01 4.428116694E-06 1.111160902E+01
1.345090000E-01 9.999902807E-01 2.881226648E-06 9.217227100E+00
1.536710000E-01 9.999936912E-01 2.072807141E-06 8.067885287E+00
1.658390000E-01 9.999955684E-01 1.701846254E-06 7.475925446E+00
1.740730000E-01 9.999968040E-01 1.496722269E-06 7.122299265E+00
1.804060000E-01 9.999978069E-01 1.359382976E-06 6.872276975E+00
1.844600000E-01 9.999984954E-01 1.279658683E-06 6.721240377E+00
1.881930000E-01 9.999991923E-01 1.211309140E-06 6.587917723E+00
1.896980000E-01 9.999995217E-01 1.185116052E-06 6.535651404E+00
1.907040000E-01 9.999997532E-01 1.168071546E-06 6.501174595E+00
1.930510000E-01 1.000000275E+00 1.129431237E-06 6.422137155E+00
1.937930000E-01 1.000000434E+00 1.117532065E-06 6.397547899E+00
1.958670000E-01 1.000000987E+00 1.085102667E-06 6.329805429E+00
1.968060000E-01 1.000001260E+00 1.070818164E-06 6.299604687E+00
1.991530000E-01 1.000002052E+00 1.036115431E-06 6.225364418E+00
2.007460000E-01 1.000002689E+00 1.013404781E-06 6.175963656E+00
2.019920000E-01 1.000003296E+00 9.973895103E-07 6.137866846E+00
2.028530000E-01 1.000003805E+00 9.925534442E-07 6.111814960E+00
2.035990000E-01 1.000004328E+00 1.005539830E-06 6.089420871E+00
2.043420000E-01 1.000004952E+00 1.062361313E-06 6.067279365E+00
2.050420000E-01 1.000005650E+00 1.201697800E-06 6.046566069E+00
2.057150000E-01 1.000006415E+00 1.472228630E-06 6.026784629E+00
2.063220000E-01 1.000007154E+00 1.880111050E-06 6.009053809E+00
2.071050000E-01 1.000008085E+00 2.688188987E-06 5.986335434E+00
2.080860000E-01 1.000009006E+00 4.142884563E-06 5.958113472E+00
2.092380000E-01 1.000009421E+00 6.243007267E-06 5.925309934E+00
2.104000000E-01 1.000009005E+00 8.330194469E-06 5.892585551E+00
2.118390000E-01 1.000007715E+00 1.027512337E-05 5.852557839E+00
2.135250000E-01 1.000005897E+00 1.148518282E-05 5.806345861E+00
2.157280000E-01 1.000003951E+00 1.202645975E-05 5.747051843E+00
2.168830000E-01 1.000003149E+00 1.211929760E-05 5.716446194E+00
2.181000000E-01 1.000002405E+00 1.215927912E-05 5.684548372E+00
2.196000000E-01 1.000001599E+00 1.214451527E-05 5.645719490E+00
2.220000000E-01 1.000000498E+00 1.201591977E-05 5.584684685E+00
2.230000000E-01 1.000000103E+00 1.192799679E-05 5.559641256E+00
2.245000000E-01 9.999995399E-01 1.177854397E-05 5.522494432E+00
2.274440000E-01 9.999986188E-01 1.140953849E-05 5.451012117E+00
2.308800000E-01 9.999977652E-01 1.091713989E-05 5.369889120E+00
2.350000000E-01 9.999969987E-01 1.027082493E-05 5.275744681E+00
2.402350000E-01 9.999963418E-01 9.457868062E-06 5.160780070E+00
2.473370000E-01 9.999958349E-01 8.471022204E-06 5.012594153E+00
2.508580000E-01 9.999956960E-01 8.020013270E-06 4.942238238E+00
2.540970000E-01 9.999956269E-01 7.639415451E-06 4.879239031E+00
2.571500000E-01 9.999956032E-01 7.296546204E-06 4.821310519E+00
2.593520000E-01 9.999956184E-01 7.064623203E-06 4.780375706E+00
2.618850000E-01 9.999956788E-01 6.810696184E-06 4.734139030E+00
2.635610000E-01 9.999957577E-01 6.664267053E-06 4.704034360E+00
2.660250000E-01 9.999959249E-01 6.548884546E-06 4.660464242E+00
2.680520000E-01 9.999960075E-01 6.587814952E-06 4.625221972E+00
2.736050000E-01 9.999957584E-01 6.521454525E-06 4.531349939E+00
3.005420000E-01 9.999955124E-01 5.040165260E-06 4.125213780E+00
3.273410000E-01 9.999957022E-01 3.929409929E-06 3.787487666E+00
3.550900000E-01 9.999960127E-01 3.070243636E-06 3.491509195E+00
3.805310000E-01 9.999963291E-01 2.467515503E-06 3.258078842E+00
4.085540000E-01 9.999966779E-01 1.961371646E-06 3.034604973E+00
4.369090000E-01 9.999970048E-01 1.574148454E-06 2.837661847E+00
4.731510000E-01 9.999973745E-01 1.209892363E-06 2.620305146E+00
5.099110000E-01 9.999976955E-01 9.413895743E-07 2.431404696E+00
5.412750000E-01 9.999979315E-01 7.687255592E-07 2.290517759E+00
5.792310000E-01 9.999981758E-01 6.097239994E-07 2.140424114E+00
6.201550000E-01 9.999983979E-01 4.821203705E-07 1.999177625E+00
6.625980000E-01 9.999985899E-01 3.835284913E-07 1.871119442E+00
7.323630000E-01 9.999988413E-01 2.705560884E-07 1.692876347E+00
7.947570000E-01 9.999990153E-01 2.029493441E-07 1.559973677E+00
8.854980000E-01 9.999992079E-01 1.384221260E-07 1.400116093E+00
1.008080000E+00 9.999993913E-01 8.709675678E-08 1.229862709E+00
1.157230000E+00 9.999995410E-01 5.298174523E-08 1.071351417E+00
1.326900000E+00 9.999996538E-01 3.223237108E-08 9.343582787E-01
1.522640000E+00 9.999997397E-01 1.948602535E-08 8.142436820E-01
1.734600000E+00 9.999998017E-01 1.205893255E-08 7.147469157E-01
1.979040000E+00 9.999998500E-01 7.406450626E-09 6.264653569E-01
2.220860000E+00 9.999998832E-01 4.824263603E-09 5.582522086E-01
2.408330000E+00 9.999999029E-01 3.564786390E-09 5.147965603E-01
2.532920000E+00 9.999999143E-01 2.952435215E-09 4.894745985E-01
2.608890000E+00 9.999999210E-01 2.643282049E-09 4.752212627E-01
2.675110000E+00 9.999999270E-01 2.406419489E-09 4.634575774E-01
2.720640000E+00 9.999999318E-01 2.260837041E-09 4.557015996E-01
2.735880000E+00 9.999999338E-01 2.237464325E-09 4.531631504E-01
2.747590000E+00 9.999999356E-01 2.297690192E-09 4.512318068E-01
2.754440000E+00 9.999999367E-01 2.422890518E-09 4.501096412E-01
2.761430000E+00 9.999999381E-01 2.682886887E-09 4.489702799E-01
2.768030000E+00 9.999999394E-01 3.116048009E-09 4.478997699E-01
2.774380000E+00 9.999999408E-01 3.764360929E-09 4.468746170E-01
2.782300000E+00 9.999999425E-01 4.956244697E-09 4.456025590E-01
2.795790000E+00 9.999999447E-01 7.958885035E-09 4.434524768E-01
2.810130000E+00 9.999999453E-01 1.182623316E-08 4.411895535E-01
2.821630000E+00 9.999999446E-01 1.456518225E-08 4.393914156E-01
2.834400000E+00 9.999999431E-01 1.659826004E-08 4.374117979E-01
2.855270000E+00 9.999999405E-01 1.776155512E-08 4.342146277E-01
2.872320000E+00 9.999999392E-01 1.774085843E-08 4.316371435E-01
2.905500000E+00 9.999999381E-01 1.721123475E-08 4.267079676E-01
2.952680000E+00 9.999999378E-01 1.640836200E-08 4.198897273E-01
3.019590000E+00 9.999999384E-01 1.521477116E-08 4.105855431E-01
3.092380000E+00 9.999999397E-01 1.398849581E-08 4.009209735E-01
3.176640000E+00 9.999999416E-01 1.271967284E-08 3.902865921E-01
3.283030000E+00 9.999999442E-01 1.130889053E-08 3.776389494E-01
3.378700000E+00 9.999999466E-01 1.019423529E-08 3.669458668E-01
3.459890000E+00 9.999999486E-01 9.358852369E-09 3.583350916E-01
3.557550000E+00 9.999999510E-01 8.466655334E-09 3.484982643E-01
3.666430000E+00 9.999999534E-01 7.596382059E-09 3.381490987E-01
3.772880000E+00 9.999999557E-01 6.855229754E-09 3.286083840E-01
3.866280000E+00 9.999999576E-01 6.276369777E-09 3.206699980E-01
3.951590000E+00 9.999999593E-01 5.803790251E-09 3.137471246E-01
4.051150000E+00 9.999999611E-01 5.306813674E-09 3.060365575E-01
4.127050000E+00 9.999999624E-01 4.965369628E-09 3.004082819E-01
4.170110000E+00 9.999999632E-01 4.781525927E-09 2.973063061E-01
4.270770000E+00 9.999999648E-01 4.388533243E-09 2.902989391E-01
4.379640000E+00 9.999999664E-01 4.008128398E-09 2.830826278E-01
4.528000000E+00 9.999999685E-01 3.549419039E-09 2.738074205E-01
4.679880000E+00 9.999999704E-01 3.143851045E-09 2.649213228E-01
4.919240000E+00 9.999999731E-01 2.617253474E-09 2.520308015E-01
5.259950000E+00 9.999999764E-01 2.044726293E-09 2.357056626E-01
5.754690000E+00 9.999999803E-01 1.465104741E-09 2.154416658E-01
6.338320000E+00 9.999999837E-01 1.019584514E-09 1.956038824E-01
7.199940000E+00 9.999999874E-01 6.305420435E-10 1.721958794E-01
8.132360000E+00 9.999999901E-01 3.962031276E-10 1.524526706E-01
9.243580000E+00 9.999999924E-01 2.423134864E-10 1.341255228E-01
1.047260000E+01 9.999999941E-01 1.494352923E-10 1.183851193E-01
1.178010000E+01 9.999999953E-01 9.451295618E-11 1.052452865E-01
1.322890000E+01 9.999999963E-01 5.993717566E-11 9.371905449E-02
1.483840000E+01 9.999999971E-01 3.808890551E-11 8.355348286E-02
1.658010000E+01 9.999999977E-01 2.452368577E-11 7.477638856E-02
1.864130000E+01 9.999999981E-01 1.535433209E-11 6.650823709E-02
2.093810000E+01 9.999999985E-01 9.639315285E-12 5.921263152E-02
2.343170000E+01 9.999999988E-01 6.121583185E-12 5.291122710E-02
2.623510000E+01 9.999999991E-01 3.875735927E-12 4.725730033E-02
2.926090000E+01 9.999999993E-01 2.484441919E-12 4.237053542E-02
3.274550000E+01 9.999999994E-01 1.570778583E-12 3.786169092E-02
3.637350000E+01 9.999999995E-01 1.020208019E-12 3.408525437E-02
4.044960000E+01 9.999999996E-01 6.596772305E-13 3.065048851E-02
4.465710000E+01 9.999999997E-01 4.385871872E-13 2.776266260E-02
4.859910000E+01 9.999999997E-01 3.091099011E-13 2.551076049E-02
5.212960000E+01 9.999999998E-01 2.313302770E-13 2.378303306E-02
5.532880000E+01 9.999999998E-01 1.807391432E-13 2.240785992E-02
5.786190000E+01 9.999999998E-01 1.500006444E-13 2.142688021E-02
5.987420000E+01 9.999999998E-01 1.301087476E-13 2.070674848E-02
6.100740000E+01 9.999999998E-01 1.203208144E-13 2.032212486E-02
6.224220000E+01 9.999999998E-01 1.107008776E-13 1.991896173E-02
6.421000000E+01 9.999999998E-01 9.728295582E-14 1.930851892E-02
6.671010000E+01 9.999999999E-01 8.297752971E-14 1.858489194E-02
7.056310000E+01 9.999999999E-01 6.569259616E-14 1.757008975E-02
7.635540000E+01 9.999999999E-01 4.725641876E-14 1.623722749E-02
8.394110000E+01 9.999999999E-01 3.182280849E-14 1.476988031E-02
9.346910000E+01 9.999999999E-01 2.031528139E-14 1.326427664E-02
1.033570000E+02 9.999999999E-01 1.335772635E-14 1.199531720E-02
1.148150000E+02 1.000000000E+00 8.610107590E-15 1.079824065E-02
1.274890000E+02 1.000000000E+00 5.562938961E-15 9.724760568E-03
1.410750000E+02 1.000000000E+00 3.648538109E-15 8.788233209E-03
1.562580000E+02 1.000000000E+00 2.384571709E-15 7.934313763E-03
1.737800000E+02 1.000000000E+00 1.533577467E-15 7.134307745E-03
1.935820000E+02 1.000000000E+00 9.832634957E-16 6.404521082E-03
2.144240000E+02 1.000000000E+00 6.464799008E-16 5.782002015E-03
2.378420000E+02 1.000000000E+00 4.235854622E-16 5.212704232E-03
2.639390000E+02 1.000000000E+00 2.780772260E-16 4.697297482E-03
2.921100000E+02 1.000000000E+00 1.852558652E-16 4.244291534E-03
3.258420000E+02 1.000000000E+00 1.202529533E-16 3.804911583E-03
3.641250000E+02 1.000000000E+00 7.796415625E-17 3.404874700E-03
4.080950000E+02 1.000000000E+00 5.039315616E-17 3.038018109E-03
4.576500000E+02 1.000000000E+00 3.276600745E-17 2.709057140E-03
5.128610000E+02 1.000000000E+00 2.156933651E-17 2.417419145E-03
5.821030000E+02 1.000000000E+00 1.372588856E-17 2.129863615E-03
6.587950000E+02 1.000000000E+00 8.937627322E-18 1.881920780E-03
7.585780000E+02 1.000000000E+00 5.574236340E-18 1.634373789E-03
8.756770000E+02 1.000000000E+00 3.515260706E-18 1.415818846E-03
1.015620000E+03 1.000000000E+00 2.228602826E-18 1.220732164E-03
1.228710000E+03 1.000000000E+00 1.256672357E-18 1.009025726E-03
1.477240000E+03 1.000000000E+00 7.216919358E-19 8.392678238E-04
1.776030000E+03 1.000000000E+00 4.144629313E-19 6.980737938E-04
2.135260000E+03 1.000000000E+00 2.380213434E-19 5.806318668E-04
2.567150000E+03 1.000000000E+00 1.366935639E-19 4.829480163E-04
3.086390000E+03 1.000000000E+00 7.850185915E-20 4.016990724E-04
3.710660000E+03 1.000000000E+00 4.508292796E-20 3.341184587E-04
4.461190000E+03 1.000000000E+00 2.589079585E-20 2.779079125E-04
5.363530000E+03 1.000000000E+00 1.486888686E-20 2.311537364E-04
6.448380000E+03 1.000000000E+00 8.539062281E-21 1.922653442E-04
7.752660000E+03 1.000000000E+00 4.903909622E-21 1.599193051E-04
9.320750000E+03 1.000000000E+00 2.816273032E-21 1.330150471E-04
1.000000000E+04 0.000000000E+00 0.000000000E+00 1.239800000E-04
