# 11/08/2021 
# Data retrieved from www.chemicool.com/densities.html 
# Includes the real (n) and complex (k) part of the  refractive index. 
# Element, Co  (Z = 27) 
# Nominal density, g cm-3 =  8.9 
#    E [keV]      n       k    Wavelength [nm] 
1.000000000E-03 -1.687212266E+03 3.176990291E-03 1.239800000E+03
1.125000000E-03 -1.911404050E+02 0.000000000E+00 1.102044444E+03
1.265630000E-03 -1.507469031E+02 0.000000000E+00 9.795911917E+02
1.423830000E-03 -1.188406601E+02 0.000000000E+00 8.707500193E+02
1.601810000E-03 -9.363745498E+01 0.000000000E+00 7.739994132E+02
1.802030000E-03 -7.373138579E+01 0.000000000E+00 6.880018646E+02
2.027290000E-03 -5.799936700E+01 0.000000000E+00 6.115553276E+02
2.275080000E-03 -4.577354114E+01 0.000000000E+00 5.449478700E+02
2.491890000E-03 -3.793492770E+01 0.000000000E+00 4.975340003E+02
2.681610000E-03 -3.258052657E+01 0.000000000E+00 4.623341948E+02
2.847610000E-03 -2.874782147E+01 0.000000000E+00 4.353826542E+02
2.992860000E-03 -2.590523774E+01 0.000000000E+00 4.142525878E+02
3.119950000E-03 -2.373796561E+01 0.000000000E+00 3.973781631E+02
3.231160000E-03 -2.204759424E+01 0.000000000E+00 3.837012095E+02
3.328470000E-03 -2.070608868E+01 0.000000000E+00 3.724834534E+02
3.413610000E-03 -1.962607293E+01 0.000000000E+00 3.631932177E+02
3.488110000E-03 -1.874461688E+01 0.000000000E+00 3.554360384E+02
3.553300000E-03 -1.801883532E+01 0.000000000E+00 3.489150930E+02
3.667370000E-03 -1.684105804E+01 0.000000000E+00 3.380624262E+02
3.752930000E-03 -1.602749557E+01 0.000000000E+00 3.303552158E+02
3.817100000E-03 -1.545291804E+01 0.000000000E+00 3.248015509E+02
3.865230000E-03 -1.504110818E+01 0.000000000E+00 3.207571089E+02
3.901320000E-03 -1.474199016E+01 0.000000000E+00 3.177898762E+02
3.928390000E-03 -1.452294199E+01 0.000000000E+00 3.156000295E+02
3.948700000E-03 -1.436165876E+01 0.000000000E+00 3.139767518E+02
3.979150000E-03 -1.412467983E+01 0.000000000E+00 3.115740799E+02
4.000000000E-03 -1.396506489E+01 0.000000000E+00 3.099500000E+02
4.009610000E-03 -1.389146620E+01 0.000000000E+00 3.092071299E+02
4.019480000E-03 -1.381648247E+01 0.000000000E+00 3.084478589E+02
4.029350000E-03 -1.374166768E+01 0.000000000E+00 3.076923077E+02
4.039220000E-03 -1.366779058E+01 0.000000000E+00 3.069404489E+02
4.049090000E-03 -1.359407534E+01 0.000000000E+00 3.061922555E+02
4.051900000E-03 -1.357307658E+01 0.000000000E+00 3.059799107E+02
4.061870000E-03 -1.349972413E+01 0.000000000E+00 3.052288724E+02
4.071840000E-03 -1.342653634E+01 0.000000000E+00 3.044815120E+02
4.081820000E-03 -1.335419569E+01 0.000000000E+00 3.037370585E+02
4.091790000E-03 -1.328208365E+01 0.000000000E+00 3.029969769E+02
4.101760000E-03 -1.321087491E+01 0.000000000E+00 3.022604931E+02
4.109970000E-03 -1.315230105E+01 0.000000000E+00 3.016567031E+02
4.118170000E-03 -1.309451900E+01 0.000000000E+00 3.010560516E+02
4.124930000E-03 -1.304688632E+01 0.000000000E+00 3.005626762E+02
4.128300000E-03 -1.302322653E+01 0.000000000E+00 3.003173219E+02
4.131680000E-03 -1.299955744E+01 0.000000000E+00 3.000716416E+02
4.139160000E-03 -1.294754135E+01 0.000000000E+00 2.995293731E+02
4.144150000E-03 -1.291287772E+01 0.000000000E+00 2.991687077E+02
4.147890000E-03 -1.288707076E+01 0.000000000E+00 2.988989583E+02
4.149760000E-03 -1.287419369E+01 0.000000000E+00 2.987642659E+02
4.151160000E-03 -1.286447315E+01 0.000000000E+00 2.986635061E+02
4.151940000E-03 -1.285926437E+01 0.000000000E+00 2.986073980E+02
4.152550000E-03 -1.285482930E+01 0.000000000E+00 2.985635333E+02
4.161600000E-03 -1.279282612E+01 0.000000000E+00 2.979142637E+02
4.164100000E-03 -1.277590793E+01 0.000000000E+00 2.977354050E+02
4.171580000E-03 -1.272510835E+01 0.000000000E+00 2.972015399E+02
4.175500000E-03 -1.269863071E+01 0.000000000E+00 2.969225242E+02
4.181370000E-03 -1.265876180E+01 0.000000000E+00 2.965056907E+02
4.187250000E-03 -1.261935500E+01 0.000000000E+00 2.960893188E+02
4.194370000E-03 -1.257173067E+01 0.000000000E+00 2.955867031E+02
4.201500000E-03 -1.252428630E+01 0.000000000E+00 2.950850887E+02
4.211470000E-03 -1.245856138E+01 0.000000000E+00 2.943865206E+02
4.221440000E-03 -1.239295395E+01 0.000000000E+00 2.936912523E+02
4.231420000E-03 -1.232775170E+01 0.000000000E+00 2.929985679E+02
4.246380000E-03 -1.223122818E+01 0.000000000E+00 2.919663337E+02
4.251360000E-03 -1.219920784E+01 0.000000000E+00 2.916243273E+02
4.255450000E-03 -1.217315555E+01 0.000000000E+00 2.913440412E+02
4.263590000E-03 -1.212152389E+01 0.000000000E+00 2.907878103E+02
4.271680000E-03 -1.207015212E+01 0.000000000E+00 2.902370964E+02
4.287710000E-03 -1.196953763E+01 0.000000000E+00 2.891520182E+02
4.303500000E-03 -1.187149225E+01 0.000000000E+00 2.880910886E+02
4.319030000E-03 -1.177640547E+01 0.000000000E+00 2.870551953E+02
4.334330000E-03 -1.168336078E+01 0.000000000E+00 2.860419027E+02
4.364440000E-03 -1.150336563E+01 0.000000000E+00 2.840685174E+02
4.393610000E-03 -1.133269585E+01 0.000000000E+00 2.821825333E+02
4.421870000E-03 -1.117043367E+01 0.000000000E+00 2.803791156E+02
4.449250000E-03 -1.101635394E+01 0.000000000E+00 2.786537057E+02
4.475770000E-03 -1.086968177E+01 0.000000000E+00 2.770026163E+02
4.501460000E-03 -1.073025524E+01 0.000000000E+00 2.754217521E+02
4.526350000E-03 -1.059731846E+01 0.000000000E+00 2.739072321E+02
4.550460000E-03 -1.047081422E+01 0.000000000E+00 2.724559715E+02
4.573820000E-03 -1.035004697E+01 0.000000000E+00 2.710644494E+02
4.596450000E-03 -1.023470348E+01 0.000000000E+00 2.697299002E+02
4.771820000E-03 -9.397117151E+00 0.000000000E+00 2.598170090E+02
4.837580000E-03 -9.106725844E+00 0.000000000E+00 2.562851674E+02
4.895130000E-03 -8.862109073E+00 0.000000000E+00 2.532721296E+02
4.945480000E-03 -8.655141186E+00 0.000000000E+00 2.506935626E+02
4.989530000E-03 -8.479117250E+00 0.000000000E+00 2.484803178E+02
5.028080000E-03 -8.329114980E+00 0.000000000E+00 2.465752335E+02
5.061810000E-03 -8.200548582E+00 0.000000000E+00 2.449321488E+02
5.091330000E-03 -8.090054901E+00 0.000000000E+00 2.435120096E+02
5.142980000E-03 -7.901755308E+00 0.000000000E+00 2.410664634E+02
5.181720000E-03 -7.764011768E+00 0.000000000E+00 2.392641825E+02
5.210770000E-03 -7.662871091E+00 0.000000000E+00 2.379302867E+02
5.232560000E-03 -7.588123729E+00 0.000000000E+00 2.369394713E+02
5.248900000E-03 -7.532688667E+00 0.000000000E+00 2.362018709E+02
5.261160000E-03 -7.491382291E+00 0.000000000E+00 2.356514533E+02
5.279540000E-03 -7.430112729E+00 0.000000000E+00 2.348310648E+02
5.288740000E-03 -7.399464243E+00 0.000000000E+00 2.344225657E+02
5.293330000E-03 -7.384456204E+00 0.000000000E+00 2.342192911E+02
5.297930000E-03 -7.369232577E+00 0.000000000E+00 2.340159270E+02
5.310970000E-03 -7.326629234E+00 0.000000000E+00 2.334413488E+02
5.324010000E-03 -7.284342349E+00 0.000000000E+00 2.328695851E+02
5.337050000E-03 -7.242148723E+00 0.000000000E+00 2.323006155E+02
5.350090000E-03 -7.200486561E+00 0.000000000E+00 2.317344194E+02
5.363130000E-03 -7.159131645E+00 0.000000000E+00 2.311709766E+02
5.369650000E-03 -7.138459752E+00 0.000000000E+00 2.308902815E+02
5.376170000E-03 -7.118080991E+00 0.000000000E+00 2.306102672E+02
5.382690000E-03 -7.097560631E+00 0.000000000E+00 2.303309312E+02
5.389210000E-03 -7.077115752E+00 0.000000000E+00 2.300522711E+02
5.395730000E-03 -7.056961336E+00 0.000000000E+00 2.297742845E+02
5.402250000E-03 -7.036665800E+00 0.000000000E+00 2.294969689E+02
5.408770000E-03 -7.016658955E+00 0.000000000E+00 2.292203218E+02
5.412030000E-03 -7.006575908E+00 0.000000000E+00 2.290822483E+02
5.415290000E-03 -6.996511314E+00 0.000000000E+00 2.289443409E+02
5.418550000E-03 -6.986465148E+00 0.000000000E+00 2.288065996E+02
5.423440000E-03 -6.971430325E+00 0.000000000E+00 2.286002980E+02
5.425880000E-03 -6.964049525E+00 0.000000000E+00 2.284974972E+02
5.427110000E-03 -6.960227125E+00 0.000000000E+00 2.284457105E+02
5.427410000E-03 -6.959347149E+00 0.000000000E+00 2.284330832E+02
5.427530000E-03 -6.958995194E+00 0.000000000E+00 2.284280326E+02
5.427580000E-03 -6.958848557E+00 0.000000000E+00 2.284259283E+02
5.427770000E-03 -6.958291364E+00 0.000000000E+00 2.284179322E+02
5.428050000E-03 -6.957470345E+00 0.000000000E+00 2.284061495E+02
5.428190000E-03 -6.957059883E+00 0.000000000E+00 2.284002586E+02
5.428530000E-03 -6.955850434E+00 0.000000000E+00 2.283859535E+02
5.429340000E-03 -6.953476751E+00 0.000000000E+00 2.283518807E+02
5.441370000E-03 -6.916865653E+00 0.000000000E+00 2.278470312E+02
5.444630000E-03 -6.907176467E+00 0.000000000E+00 2.277106066E+02
5.454410000E-03 -6.877581621E+00 0.000000000E+00 2.273023113E+02
5.460930000E-03 -6.857941263E+00 0.000000000E+00 2.270309270E+02
5.467450000E-03 -6.838581859E+00 0.000000000E+00 2.267601899E+02
5.473970000E-03 -6.819083102E+00 0.000000000E+00 2.264900977E+02
5.480490000E-03 -6.799863630E+00 0.000000000E+00 2.262206482E+02
5.487010000E-03 -6.780505130E+00 0.000000000E+00 2.259518390E+02
5.493530000E-03 -6.761216506E+00 0.000000000E+00 2.256836679E+02
5.506570000E-03 -6.723054309E+00 0.000000000E+00 2.251492308E+02
5.519610000E-03 -6.685165688E+00 0.000000000E+00 2.246173190E+02
5.532650000E-03 -6.647343220E+00 0.000000000E+00 2.240879145E+02
5.545690000E-03 -6.609994945E+00 0.000000000E+00 2.235609996E+02
5.558730000E-03 -6.572912551E+00 0.000000000E+00 2.230365569E+02
5.566950000E-03 -6.549553653E+00 0.000000000E+00 2.227072275E+02
5.583130000E-03 -6.504049412E+00 0.000000000E+00 2.220618184E+02
5.598800000E-03 -6.460503247E+00 0.000000000E+00 2.214403086E+02
5.629160000E-03 -6.376882568E+00 0.000000000E+00 2.202460047E+02
5.657630000E-03 -6.299692402E+00 0.000000000E+00 2.191376955E+02
5.684320000E-03 -6.228393251E+00 0.000000000E+00 2.181087623E+02
5.734360000E-03 -6.097450215E+00 0.000000000E+00 2.162054702E+02
5.778150000E-03 -5.985210904E+00 0.000000000E+00 2.145669462E+02
5.854770000E-03 -5.794251592E+00 0.000000000E+00 2.117589589E+02
5.912240000E-03 -5.655990558E+00 0.000000000E+00 2.097005534E+02
6.084640000E-03 -5.264851948E+00 0.000000000E+00 2.037589734E+02
6.095620000E-03 -5.240952733E+00 0.000000000E+00 2.033919437E+02
6.125630000E-03 -5.176610882E+00 0.000000000E+00 2.023955087E+02
6.140630000E-03 -5.144809264E+00 0.000000000E+00 2.019011079E+02
6.155640000E-03 -5.113224023E+00 0.000000000E+00 2.014087893E+02
6.162720000E-03 -5.098525503E+00 0.000000000E+00 2.011774022E+02
6.170640000E-03 -5.082057386E+00 0.000000000E+00 2.009191915E+02
6.193060000E-03 -5.035648807E+00 0.000000000E+00 2.001918276E+02
6.208230000E-03 -5.004561584E+00 0.000000000E+00 1.997026528E+02
6.223400000E-03 -4.973705370E+00 0.000000000E+00 1.992158627E+02
6.234410000E-03 -4.951334377E+00 0.000000000E+00 1.988640465E+02
6.247540000E-03 -4.925060672E+00 0.000000000E+00 1.984461084E+02
6.260660000E-03 -4.898813678E+00 0.000000000E+00 1.980302396E+02
6.284070000E-03 -4.852405682E+00 0.000000000E+00 1.972925190E+02
6.299240000E-03 -4.822671763E+00 0.000000000E+00 1.968173938E+02
6.314410000E-03 -4.793155686E+00 0.000000000E+00 1.963445516E+02
6.329580000E-03 -4.763855333E+00 0.000000000E+00 1.958739758E+02
6.344750000E-03 -4.734768637E+00 0.000000000E+00 1.954056503E+02
6.362720000E-03 -4.700563008E+00 0.000000000E+00 1.948537732E+02
6.380690000E-03 -4.666651197E+00 0.000000000E+00 1.943050046E+02
6.390250000E-03 -4.648787734E+00 0.000000000E+00 1.940143187E+02
6.395700000E-03 -4.638551690E+00 0.000000000E+00 1.938489923E+02
6.405420000E-03 -4.620535227E+00 0.000000000E+00 1.935548333E+02
6.420590000E-03 -4.592486344E+00 0.000000000E+00 1.930975191E+02
6.435760000E-03 -4.564639153E+00 0.000000000E+00 1.926423608E+02
6.450930000E-03 -4.536991742E+00 0.000000000E+00 1.921893432E+02
6.465650000E-03 -4.510309165E+00 0.000000000E+00 1.917517960E+02
6.466100000E-03 -4.509542227E+00 0.000000000E+00 1.917384513E+02
6.504550000E-03 -4.440745419E+00 0.000000000E+00 1.906050380E+02
6.571850000E-03 -4.323495218E+00 0.000000000E+00 1.886531190E+02
6.773750000E-03 -3.983139944E+00 0.000000000E+00 1.830300794E+02
6.778200000E-03 -3.975916758E+00 0.000000000E+00 1.829099171E+02
6.801060000E-03 -3.938998288E+00 0.000000000E+00 1.822951128E+02
6.811570000E-03 -3.922282264E+00 0.000000000E+00 1.820138382E+02
6.828250000E-03 -3.895708514E+00 0.000000000E+00 1.815692161E+02
6.834540000E-03 -3.885761831E+00 0.000000000E+00 1.814021134E+02
6.844940000E-03 -3.869320790E+00 0.000000000E+00 1.811264964E+02
6.851280000E-03 -3.859378107E+00 0.000000000E+00 1.809588865E+02
6.868020000E-03 -3.833326168E+00 0.000000000E+00 1.805178203E+02
6.888610000E-03 -3.801304881E+00 0.000000000E+00 1.799782540E+02
6.922110000E-03 -3.750103575E+00 0.000000000E+00 1.791072375E+02
6.938860000E-03 -3.724724229E+00 0.000000000E+00 1.786748832E+02
6.951720000E-03 -3.705443572E+00 0.000000000E+00 1.783443522E+02
6.968460000E-03 -3.680410285E+00 0.000000000E+00 1.779159240E+02
6.985200000E-03 -3.655562632E+00 0.000000000E+00 1.774895493E+02
7.005860000E-03 -3.625207050E+00 0.000000000E+00 1.769661398E+02
7.045140000E-03 -3.568217472E+00 0.000000000E+00 1.759794695E+02
7.056110000E-03 -3.552513192E+00 0.000000000E+00 1.757058776E+02
7.068900000E-03 -3.534297507E+00 0.000000000E+00 1.753879670E+02
7.078510000E-03 -3.520617660E+00 0.000000000E+00 1.751498550E+02
7.086490000E-03 -3.509318563E+00 0.000000000E+00 1.749526211E+02
7.099850000E-03 -3.490498239E+00 0.000000000E+00 1.746234075E+02
7.102380000E-03 -3.486926746E+00 0.000000000E+00 1.745612034E+02
7.111880000E-03 -3.473584024E+00 0.000000000E+00 1.743280258E+02
7.123620000E-03 -3.457244771E+00 0.000000000E+00 1.740407265E+02
7.134800000E-03 -3.441809064E+00 0.000000000E+00 1.737680103E+02
7.135860000E-03 -3.440366419E+00 0.000000000E+00 1.737421979E+02
7.141060000E-03 -3.433164298E+00 0.000000000E+00 1.736156817E+02
7.152270000E-03 -3.417685399E+00 0.000000000E+00 1.733435678E+02
7.158510000E-03 -3.409130627E+00 0.000000000E+00 1.731924660E+02
7.169750000E-03 -3.393853536E+00 0.000000000E+00 1.729209526E+02
7.187220000E-03 -3.370091765E+00 0.000000000E+00 1.725006331E+02
7.228300000E-03 -3.315040755E+00 0.000000000E+00 1.715202745E+02
7.245750000E-03 -3.292012938E+00 0.000000000E+00 1.711072008E+02
7.260910000E-03 -3.272087479E+00 0.000000000E+00 1.707499473E+02
7.278350000E-03 -3.249271888E+00 0.000000000E+00 1.703408053E+02
7.295790000E-03 -3.226743153E+00 0.000000000E+00 1.699336193E+02
7.315540000E-03 -3.201257344E+00 0.000000000E+00 1.694748440E+02
7.350440000E-03 -3.156931192E+00 0.000000000E+00 1.686701748E+02
7.363060000E-03 -3.141074760E+00 0.000000000E+00 1.683810807E+02
7.380920000E-03 -3.118756563E+00 0.000000000E+00 1.679736401E+02
7.396930000E-03 -3.098883932E+00 0.000000000E+00 1.676100761E+02
7.410480000E-03 -3.082195565E+00 0.000000000E+00 1.673036025E+02
7.427770000E-03 -3.061053904E+00 0.000000000E+00 1.669141613E+02
7.449350000E-03 -3.034847561E+00 0.000000000E+00 1.664306282E+02
7.526410000E-03 -2.939366669E+00 1.071271326E-06 1.647266094E+02
7.550800000E-03 -2.907250683E+00 6.193704901E-06 1.641945224E+02
7.572630000E-03 -2.877977368E+00 2.601032782E-05 1.637211907E+02
7.603800000E-03 -2.835296704E+00 1.629065833E-04 1.630500539E+02
7.665030000E-03 -2.744601299E+00 2.966015337E-03 1.617475731E+02
7.750000000E-03 -2.601667332E+00 4.051186813E-02 1.599741935E+02
7.843650000E-03 -2.508329086E+00 1.496861260E-01 1.580641666E+02
7.923650000E-03 -2.502153187E+00 1.956955788E-01 1.564682943E+02
8.024810000E-03 -2.470394469E+00 1.876443049E-01 1.544958697E+02
8.421000000E-03 -2.194495082E+00 1.299547335E-01 1.472271702E+02
8.830790000E-03 -1.898061311E+00 8.866072164E-02 1.403951402E+02
9.185970000E-03 -1.661195120E+00 6.344747745E-02 1.349666938E+02
9.392710000E-03 -1.533396004E+00 5.211679319E-02 1.319959841E+02
9.492530000E-03 -1.474272712E+00 4.735294997E-02 1.306079623E+02
9.545130000E-03 -1.443843842E+00 4.504258674E-02 1.298882257E+02
9.648920000E-03 -1.385086747E+00 4.072109015E-02 1.284910643E+02
9.700810000E-03 -1.356374643E+00 3.868987415E-02 1.278037607E+02
9.752710000E-03 -1.328066248E+00 3.679753943E-02 1.271236405E+02
9.776710000E-03 -1.315141721E+00 3.593513706E-02 1.268115757E+02
9.800720000E-03 -1.302311014E+00 3.508059353E-02 1.265009101E+02
9.824720000E-03 -1.289582591E+00 3.426767926E-02 1.261918915E+02
9.842730000E-03 -1.280046532E+00 3.366958020E-02 1.259609885E+02
9.856980000E-03 -1.272555485E+00 3.319906862E-02 1.257788897E+02
9.864860000E-03 -1.268410919E+00 3.294014837E-02 1.256784181E+02
9.883440000E-03 -1.258734812E+00 3.233247436E-02 1.254421537E+02
9.899620000E-03 -1.250333889E+00 3.180669362E-02 1.252371303E+02
9.915550000E-03 -1.242088780E+00 3.131858779E-02 1.250359284E+02
9.930150000E-03 -1.234610547E+00 3.087387931E-02 1.248520919E+02
9.944750000E-03 -1.227103134E+00 3.043164540E-02 1.246687951E+02
9.957280000E-03 -1.220679543E+00 3.005410706E-02 1.245119149E+02
9.963540000E-03 -1.217511022E+00 2.986598057E-02 1.244336852E+02
9.969810000E-03 -1.214344263E+00 2.967830627E-02 1.243554290E+02
9.982080000E-03 -1.208148802E+00 2.931205221E-02 1.242025710E+02
9.994350000E-03 -1.201914305E+00 2.894750617E-02 1.240500883E+02
1.001210000E-02 -1.193050625E+00 2.843473014E-02 1.238301655E+02
1.001890000E-02 -1.189637496E+00 2.824449364E-02 1.237461198E+02
1.004340000E-02 -1.177413791E+00 2.756381355E-02 1.234442519E+02
1.006800000E-02 -1.165239980E+00 2.688888242E-02 1.231426301E+02
1.009250000E-02 -1.153201511E+00 2.622065418E-02 1.228436958E+02
1.010480000E-02 -1.147164535E+00 2.590032187E-02 1.226941651E+02
1.011700000E-02 -1.141254120E+00 2.558552739E-02 1.225462094E+02
1.012930000E-02 -1.135262662E+00 2.527173551E-02 1.223974016E+02
1.014770000E-02 -1.126369490E+00 2.480397073E-02 1.221754683E+02
1.015690000E-02 -1.121972191E+00 2.457126626E-02 1.220648032E+02
1.016610000E-02 -1.117587320E+00 2.433942381E-02 1.219543384E+02
1.017840000E-02 -1.111685731E+00 2.403130316E-02 1.218069638E+02
1.018760000E-02 -1.107269420E+00 2.380216506E-02 1.216969649E+02
1.019680000E-02 -1.102925904E+00 2.358406529E-02 1.215871646E+02
1.020600000E-02 -1.098534427E+00 2.336671286E-02 1.214775622E+02
1.020830000E-02 -1.097468579E+00 2.331244607E-02 1.214501925E+02
1.020920000E-02 -1.097038636E+00 2.329197452E-02 1.214394860E+02
1.021120000E-02 -1.096096991E+00 2.324346680E-02 1.214157004E+02
1.021320000E-02 -1.095155925E+00 2.319673839E-02 1.213919242E+02
1.021420000E-02 -1.094685608E+00 2.317338724E-02 1.213800396E+02
1.021520000E-02 -1.094215435E+00 2.315004478E-02 1.213681573E+02
1.023970000E-02 -1.082651319E+00 2.257616751E-02 1.210777660E+02
1.024590000E-02 -1.079773238E+00 2.243317088E-02 1.210044994E+02
1.026430000E-02 -1.071192770E+00 2.200707034E-02 1.207875842E+02
1.027940000E-02 -1.064162908E+00 2.165955943E-02 1.206101523E+02
1.028880000E-02 -1.059859904E+00 2.145476162E-02 1.204999611E+02
1.030110000E-02 -1.054175609E+00 2.118925833E-02 1.203560785E+02
1.031950000E-02 -1.045679345E+00 2.079343242E-02 1.201414797E+02
1.033790000E-02 -1.037289168E+00 2.040034651E-02 1.199276449E+02
1.036240000E-02 -1.026207283E+00 1.988039640E-02 1.196440979E+02
1.038700000E-02 -1.015110250E+00 1.937386977E-02 1.193607394E+02
1.040640000E-02 -1.006388182E+00 1.899011446E-02 1.191382226E+02
1.041150000E-02 -1.004133845E+00 1.888869110E-02 1.190798636E+02
1.043100000E-02 -9.954952494E-01 1.850634429E-02 1.188572524E+02
1.045560000E-02 -9.846251467E-01 1.802691138E-02 1.185776043E+02
1.046060000E-02 -9.823845858E-01 1.793095764E-02 1.185209261E+02
1.048030000E-02 -9.737973300E-01 1.756621972E-02 1.182981403E+02
1.050490000E-02 -9.630298477E-01 1.711850429E-02 1.180211140E+02
1.053840000E-02 -9.485934664E-01 1.651604721E-02 1.176459425E+02
1.060130000E-02 -9.215226008E-01 1.544157765E-02 1.169479215E+02
1.065620000E-02 -8.974679701E-01 1.454811942E-02 1.163454139E+02
1.075240000E-02 -8.554786861E-01 1.309751256E-02 1.153044902E+02
1.104100000E-02 -7.352136020E-01 9.455805804E-03 1.122905534E+02
1.109540000E-02 -7.136565768E-01 8.872472332E-03 1.117400004E+02
1.112260000E-02 -7.030048894E-01 8.596211622E-03 1.114667434E+02
1.114970000E-02 -6.924669761E-01 8.322636632E-03 1.111958169E+02
1.117690000E-02 -6.819810223E-01 8.059044894E-03 1.109252118E+02
1.120410000E-02 -6.715268778E-01 7.804404342E-03 1.106559206E+02
1.123130000E-02 -6.612038534E-01 7.552133020E-03 1.103879337E+02
1.125840000E-02 -6.509902867E-01 7.304165428E-03 1.101222199E+02
1.128580000E-02 -6.407683122E-01 7.068549798E-03 1.098548619E+02
1.131350000E-02 -6.304904175E-01 6.832218716E-03 1.095858930E+02
1.134120000E-02 -6.202932340E-01 6.599766644E-03 1.093182379E+02
1.136890000E-02 -6.101759555E-01 6.379682543E-03 1.090518872E+02
1.139660000E-02 -6.001377740E-01 6.161657559E-03 1.087868312E+02
1.144870000E-02 -5.814936887E-01 5.771976028E-03 1.082917711E+02
1.147590000E-02 -5.718634272E-01 5.574978451E-03 1.080350996E+02
1.150300000E-02 -5.623336254E-01 5.380344762E-03 1.077805790E+02
1.153020000E-02 -5.528018492E-01 5.196866128E-03 1.075263222E+02
1.156740000E-02 -5.399722694E-01 4.948471714E-03 1.071805246E+02
1.158460000E-02 -5.340479846E-01 4.840400942E-03 1.070213905E+02
1.172920000E-02 -4.855196681E-01 3.984685370E-03 1.057020087E+02
1.186780000E-02 -4.407862904E-01 3.279599420E-03 1.044675509E+02
1.190540000E-02 -4.284709557E-01 3.107722740E-03 1.041376182E+02
1.196450000E-02 -4.090503393E-01 2.850042131E-03 1.036232187E+02
1.199380000E-02 -3.995157228E-01 2.728085922E-03 1.033700745E+02
1.202310000E-02 -3.900572016E-01 2.609273988E-03 1.031181642E+02
1.205580000E-02 -3.792914395E-01 2.482741846E-03 1.028384678E+02
1.207530000E-02 -3.728624151E-01 2.408879284E-03 1.026723974E+02
1.210450000E-02 -3.633370902E-01 2.302944682E-03 1.024247181E+02
1.213380000E-02 -3.538225456E-01 2.198019818E-03 1.021773888E+02
1.215170000E-02 -3.480537477E-01 2.137372122E-03 1.020268769E+02
1.216960000E-02 -3.423130085E-01 2.077075710E-03 1.018768078E+02
1.219890000E-02 -3.330077963E-01 1.981328187E-03 1.016321144E+02
1.223380000E-02 -3.219781460E-01 1.871877991E-03 1.013421831E+02
1.226450000E-02 -3.123671560E-01 1.778652215E-03 1.010885075E+02
1.230490000E-02 -2.998299241E-01 1.661095770E-03 1.007566092E+02
1.234130000E-02 -2.886747495E-01 1.562220725E-03 1.004594330E+02
1.239240000E-02 -2.732107918E-01 1.428913445E-03 1.000451890E+02
1.244220000E-02 -2.583007457E-01 1.307510956E-03 9.964475736E+01
1.249190000E-02 -2.436476031E-01 1.193566620E-03 9.924831291E+01
1.253050000E-02 -2.322039696E-01 1.110437029E-03 9.894258010E+01
1.254790000E-02 -2.266387272E-01 1.074492520E-03 9.880537779E+01
1.256020000E-02 -2.226875296E-01 1.049295288E-03 9.870861929E+01
1.258990000E-02 -2.132470676E-01 9.917947689E-04 9.847576232E+01
1.260590000E-02 -2.081965073E-01 9.610020980E-04 9.835077226E+01
1.263680000E-02 -1.985259989E-01 9.045147369E-04 9.811028108E+01
1.264920000E-02 -1.946491373E-01 8.822841239E-04 9.801410366E+01
1.266760000E-02 -1.889150550E-01 8.496230001E-04 9.787173577E+01
1.270240000E-02 -1.781741996E-01 7.920395638E-04 9.760360247E+01
1.273700000E-02 -1.668738571E-01 7.370272700E-04 9.733846275E+01
1.279500000E-02 -1.482000890E-01 6.515543398E-04 9.689722548E+01
1.282790000E-02 -1.377459978E-01 6.065197345E-04 9.664871101E+01
1.285930000E-02 -1.278742279E-01 5.656470483E-04 9.641271298E+01
1.289930000E-02 -1.153889163E-01 5.164165527E-04 9.611374261E+01
1.308000000E-02 -6.063416741E-02 3.357215146E-04 9.478593272E+01
1.311030000E-02 -5.168835890E-02 3.113930609E-04 9.456686727E+01
1.321000000E-02 -2.139447682E-02 2.426890618E-04 9.385314156E+01
1.325380000E-02 -6.945580430E-03 2.192427434E-04 9.354298390E+01
1.335490000E-02 2.803324277E-02 2.572193141E-04 9.283483965E+01
1.343980000E-02 6.255808074E-02 1.099560920E-03 9.224839655E+01
1.366320000E-02 1.780310615E-01 4.284280103E-02 9.074009017E+01
1.390320000E-02 2.224462831E-01 1.589244809E-01 8.917371540E+01
1.450990000E-02 1.959100186E-01 2.073743357E-01 8.544510989E+01
1.600000000E-02 3.242582178E-01 1.934247176E-01 7.748750000E+01
1.778280000E-02 4.736963781E-01 1.898329145E-01 6.971905437E+01
2.020000000E-02 6.200215785E-01 1.937813124E-01 6.137623762E+01
2.317400000E-02 7.345585670E-01 2.015659764E-01 5.349961163E+01
2.580000000E-02 7.984176496E-01 2.071093350E-01 4.805426357E+01
2.709270000E-02 8.212695918E-01 2.088374067E-01 4.576140436E+01
2.818380000E-02 8.370819535E-01 2.100428078E-01 4.398980975E+01
2.951210000E-02 8.524755307E-01 2.111052553E-01 4.200988747E+01
3.019950000E-02 8.593762203E-01 2.113618855E-01 4.105365983E+01
3.200000000E-02 8.732861706E-01 2.113989053E-01 3.874375000E+01
3.235940000E-02 8.758876533E-01 2.112484467E-01 3.831344215E+01
3.427680000E-02 8.863269805E-01 2.098084191E-01 3.617023760E+01
3.450000000E-02 8.873031811E-01 2.095512937E-01 3.593623188E+01
3.514640000E-02 8.897405921E-01 2.087097308E-01 3.527530558E+01
3.630780000E-02 8.938756321E-01 2.070105276E-01 3.414693262E+01
3.650000000E-02 8.944209131E-01 2.066724156E-01 3.396712329E+01
3.786900000E-02 8.976976193E-01 2.039734595E-01 3.273917980E+01
3.850000000E-02 8.991412864E-01 2.026813903E-01 3.220259740E+01
4.027170000E-02 9.017510891E-01 1.982463160E-01 3.078588686E+01
4.070000000E-02 9.022448794E-01 1.970631655E-01 3.046191646E+01
4.220000000E-02 9.036491132E-01 1.927007174E-01 2.937914692E+01
4.233570000E-02 9.037445895E-01 1.922750535E-01 2.928497698E+01
4.300000000E-02 9.042204096E-01 1.902123598E-01 2.883255814E+01
4.415970000E-02 9.048832721E-01 1.864773337E-01 2.807537189E+01
4.518560000E-02 9.053456592E-01 1.829885659E-01 2.743794483E+01
4.575560000E-02 9.055600704E-01 1.809927954E-01 2.709613687E+01
4.645380000E-02 9.058470581E-01 1.786055770E-01 2.668888229E+01
4.710840000E-02 9.060610807E-01 1.762478439E-01 2.631802396E+01
4.772210000E-02 9.062537633E-01 1.740035645E-01 2.597957760E+01
4.829740000E-02 9.065009862E-01 1.719154087E-01 2.567011889E+01
4.895490000E-02 9.068661796E-01 1.695893072E-01 2.532535048E+01
4.932470000E-02 9.070565751E-01 1.682196877E-01 2.513547979E+01
4.956230000E-02 9.071773270E-01 1.673434449E-01 2.501498114E+01
5.002260000E-02 9.074195095E-01 1.656669623E-01 2.478479727E+01
5.045410000E-02 9.076343184E-01 1.640502479E-01 2.457282956E+01
5.085870000E-02 9.078425219E-01 1.625620490E-01 2.437734350E+01
5.161730000E-02 9.082465293E-01 1.598421607E-01 2.401907887E+01
5.228100000E-02 9.086001644E-01 1.574328737E-01 2.371416002E+01
5.300000000E-02 9.089897226E-01 1.548308550E-01 2.339245283E+01
5.337000000E-02 9.091885111E-01 1.534658474E-01 2.323027918E+01
5.381460000E-02 9.094336812E-01 1.518558639E-01 2.303835762E+01
5.459280000E-02 9.098726029E-01 1.491136792E-01 2.270995443E+01
5.517640000E-02 9.102122015E-01 1.470810632E-01 2.246975156E+01
5.561410000E-02 9.104726359E-01 1.455266634E-01 2.229290773E+01
5.594240000E-02 9.106709242E-01 1.443807482E-01 2.216208100E+01
5.643480000E-02 9.109709468E-01 1.426669612E-01 2.196871434E+01
5.668100000E-02 9.111240647E-01 1.418051523E-01 2.187329087E+01
5.692720000E-02 9.112759351E-01 1.409526897E-01 2.177869279E+01
5.714430000E-02 9.114131390E-01 1.402087710E-01 2.169595218E+01
5.742560000E-02 9.115887675E-01 1.392556286E-01 2.158967429E+01
5.756620000E-02 9.116776751E-01 1.387837653E-01 2.153694355E+01
5.770690000E-02 9.117651898E-01 1.383143626E-01 2.148443254E+01
5.784750000E-02 9.118544681E-01 1.378483555E-01 2.143221401E+01
5.804820000E-02 9.119810326E-01 1.371879784E-01 2.135811274E+01
5.826950000E-02 9.121257659E-01 1.364562824E-01 2.127699740E+01
5.841010000E-02 9.122212032E-01 1.359771056E-01 2.122578116E+01
5.855080000E-02 9.123170378E-01 1.355004894E-01 2.117477473E+01
5.869150000E-02 9.124129635E-01 1.350266930E-01 2.112401285E+01
5.876180000E-02 9.124717044E-01 1.347913238E-01 2.109874102E+01
5.883210000E-02 9.125322261E-01 1.345565122E-01 2.107352959E+01
5.904740000E-02 9.127121766E-01 1.338421084E-01 2.099669079E+01
5.912000000E-02 9.127739546E-01 1.336025625E-01 2.097090663E+01
5.926480000E-02 9.128944288E-01 1.331274012E-01 2.091966901E+01
5.940960000E-02 9.130165424E-01 1.326552794E-01 2.086868116E+01
5.953540000E-02 9.131201949E-01 1.322475595E-01 2.082458504E+01
5.967600000E-02 9.132456581E-01 1.317821657E-01 2.077552115E+01
5.975420000E-02 9.133198159E-01 1.315226274E-01 2.074833233E+01
5.987150000E-02 9.134282580E-01 1.311349296E-01 2.070768229E+01
5.993010000E-02 9.134822657E-01 1.309419716E-01 2.068743419E+01
5.998880000E-02 9.135382580E-01 1.307490812E-01 2.066719121E+01
6.006120000E-02 9.136040648E-01 1.305120877E-01 2.064227821E+01
6.009740000E-02 9.136386794E-01 1.303937900E-01 2.062984422E+01
6.020600000E-02 9.137389395E-01 1.300403821E-01 2.059263196E+01
6.024220000E-02 9.137717478E-01 1.299228421E-01 2.058025769E+01
6.026930000E-02 9.137974946E-01 1.298350263E-01 2.057100381E+01
6.027840000E-02 9.138062650E-01 1.298054907E-01 2.056789829E+01
6.042320000E-02 9.139389750E-01 1.293383043E-01 2.051860875E+01
6.044130000E-02 9.139561875E-01 1.292800731E-01 2.051246416E+01
6.056800000E-02 9.140731118E-01 1.288739255E-01 2.046955488E+01
6.064040000E-02 9.141400681E-01 1.286429306E-01 2.044511580E+01
6.071280000E-02 9.142069496E-01 1.284125001E-01 2.042073500E+01
6.078520000E-02 9.142720594E-01 1.281829716E-01 2.039641228E+01
6.089380000E-02 9.143712895E-01 1.278399585E-01 2.036003665E+01
6.100240000E-02 9.144720419E-01 1.274985734E-01 2.032379054E+01
6.114720000E-02 9.146033119E-01 1.270458508E-01 2.027566266E+01
6.122750000E-02 9.146766433E-01 1.267956122E-01 2.024907109E+01
6.129200000E-02 9.147359665E-01 1.265953107E-01 2.022776219E+01
6.137280000E-02 9.148105207E-01 1.263450860E-01 2.020113145E+01
6.143680000E-02 9.148683207E-01 1.261474353E-01 2.018008750E+01
6.151820000E-02 9.149427067E-01 1.258969870E-01 2.015338550E+01
6.166350000E-02 9.150743191E-01 1.254521116E-01 2.010589733E+01
6.172640000E-02 9.151321273E-01 1.252602477E-01 2.008540916E+01
6.195420000E-02 9.153385626E-01 1.245701311E-01 2.001155692E+01
6.210860000E-02 9.154777934E-01 1.241062750E-01 1.996180883E+01
6.240790000E-02 9.157489074E-01 1.232107437E-01 1.986607465E+01
6.268850000E-02 9.160132684E-01 1.223447246E-01 1.977715211E+01
6.295150000E-02 9.162595115E-01 1.215427590E-01 1.969452674E+01
6.344470000E-02 9.167184264E-01 1.200632172E-01 1.954142742E+01
6.402720000E-02 9.172633801E-01 1.183349762E-01 1.936364545E+01
6.463140000E-02 9.179700622E-01 1.165472303E-01 1.918262640E+01
6.576420000E-02 9.192945064E-01 1.133173379E-01 1.885220226E+01
6.759830000E-02 9.216443055E-01 1.083236022E-01 1.834069792E+01
6.914180000E-02 9.240479054E-01 1.043161640E-01 1.793126589E+01
6.988980000E-02 9.254519017E-01 1.024299599E-01 1.773935539E+01
7.057680000E-02 9.271692844E-01 1.007627293E-01 1.756667914E+01
7.205660000E-02 9.327695758E-01 1.005524533E-01 1.720591868E+01
7.312560000E-02 9.321648823E-01 1.029762575E-01 1.695439080E+01
8.200330000E-02 9.276624398E-01 8.463812474E-02 1.511890375E+01
1.020350000E-01 9.426388458E-01 5.361560389E-02 1.215073259E+01
1.047620000E-01 9.447099447E-01 5.079130808E-02 1.183444379E+01
1.063370000E-01 9.459553035E-01 4.925866944E-02 1.165915909E+01
1.077480000E-01 9.473366647E-01 4.796732911E-02 1.150647808E+01
1.094560000E-01 9.492714480E-01 4.744829264E-02 1.132692589E+01
1.562250000E-01 9.657401961E-01 2.245792604E-02 7.935989758E+00
2.041740000E-01 9.769501376E-01 1.163177262E-02 6.072271690E+00
2.618670000E-01 9.848152928E-01 5.961600981E-03 4.734464442E+00
3.368990000E-01 9.904026479E-01 2.926687129E-03 3.680034669E+00
4.270790000E-01 9.939698213E-01 1.451859091E-03 2.902975796E+00
5.268590000E-01 9.961336920E-01 7.643268297E-04 2.353191271E+00
6.112640000E-01 9.972766311E-01 4.801648488E-04 2.028256204E+00
6.676300000E-01 9.978675896E-01 3.628538258E-04 1.857016611E+00
7.057840000E-01 9.982345869E-01 3.037095584E-04 1.756628090E+00
7.286180000E-01 9.984602434E-01 2.741366904E-04 1.701577507E+00
7.439940000E-01 9.986261994E-01 2.562841975E-04 1.666411288E+00
7.483510000E-01 9.986790599E-01 2.514972804E-04 1.656709218E+00
7.572180000E-01 9.987913859E-01 2.420738146E-04 1.637309203E+00
7.603540000E-01 9.988334778E-01 2.388350940E-04 1.630556294E+00
7.648130000E-01 9.989004711E-01 2.343733861E-04 1.621049851E+00
7.680920000E-01 9.989550674E-01 2.311895312E-04 1.614129557E+00
7.696220000E-01 9.989828538E-01 2.297801060E-04 1.610920686E+00
7.736350000E-01 9.990628193E-01 2.269174525E-04 1.602564517E+00
7.753070000E-01 9.991003274E-01 2.266782371E-04 1.599108482E+00
7.777260000E-01 9.991619400E-01 2.288899159E-04 1.594134695E+00
7.797520000E-01 9.992204045E-01 2.350717045E-04 1.589992716E+00
7.811290000E-01 9.992639023E-01 2.429498627E-04 1.587189824E+00
7.829150000E-01 9.993244643E-01 2.594171460E-04 1.583569098E+00
7.845760000E-01 9.993838594E-01 2.828569516E-04 1.580216576E+00
7.858190000E-01 9.994292110E-01 3.066233339E-04 1.577717006E+00
7.868160000E-01 9.994653323E-01 3.296964168E-04 1.575717830E+00
7.883760000E-01 9.995198794E-01 3.735119841E-04 1.572599876E+00
7.885860000E-01 9.995269806E-01 3.800144721E-04 1.572181094E+00
7.886570000E-01 9.995293741E-01 3.822634481E-04 1.572039556E+00
7.888310000E-01 9.995350125E-01 3.880222853E-04 1.571692796E+00
7.888710000E-01 9.995363189E-01 3.893510605E-04 1.571613103E+00
7.912170000E-01 9.996060642E-01 4.752637832E-04 1.566953187E+00
7.932530000E-01 9.996488147E-01 5.617429634E-04 1.562931372E+00
7.949380000E-01 9.996706308E-01 6.374917806E-04 1.559618486E+00
7.957970000E-01 9.996824591E-01 6.766644908E-04 1.557935001E+00
7.971000000E-01 9.996946468E-01 7.360447014E-04 1.555388283E+00
7.980410000E-01 9.996982017E-01 7.788644828E-04 1.553554266E+00
7.992000000E-01 9.996975942E-01 8.300247966E-04 1.551301301E+00
8.003860000E-01 9.996927547E-01 8.804406896E-04 1.549002606E+00
8.024130000E-01 9.996775665E-01 9.629742222E-04 1.545089623E+00
8.038200000E-01 9.996617620E-01 1.016392694E-03 1.542385111E+00
8.075640000E-01 9.996036815E-01 1.146617369E-03 1.535234359E+00
8.092470000E-01 9.995689677E-01 1.198739405E-03 1.532041515E+00
8.137000000E-01 9.994650240E-01 1.310363135E-03 1.523657368E+00
8.177320000E-01 9.993577095E-01 1.375509033E-03 1.516144654E+00
8.270070000E-01 9.991389413E-01 1.416550267E-03 1.499140878E+00
8.452560000E-01 9.988990620E-01 1.341310476E-03 1.466774563E+00
8.683040000E-01 9.987768491E-01 1.226626866E-03 1.427840941E+00
8.938940000E-01 9.987342174E-01 1.110088220E-03 1.386965345E+00
9.099310000E-01 9.987554071E-01 1.049003672E-03 1.362520894E+00
9.190330000E-01 9.987825208E-01 1.047152686E-03 1.349026640E+00
9.305920000E-01 9.987662592E-01 1.071580142E-03 1.332270211E+00
9.440610000E-01 9.987205014E-01 1.041699959E-03 1.313262596E+00
9.657900000E-01 9.986997114E-01 9.664506650E-04 1.283715922E+00
1.009650000E+00 9.987142682E-01 8.345272062E-04 1.227950280E+00
1.068440000E+00 9.987730731E-01 6.907560538E-04 1.160383363E+00
1.117260000E+00 9.988343467E-01 5.945709998E-04 1.109679036E+00
1.191040000E+00 9.989308048E-01 4.790381173E-04 1.040939011E+00
1.260440000E+00 9.990189187E-01 3.952760732E-04 9.836247660E-01
1.312840000E+00 9.990809723E-01 3.436742119E-04 9.443648883E-01
1.375430000E+00 9.991502223E-01 2.925275743E-04 9.013908378E-01
1.426130000E+00 9.992018579E-01 2.578160693E-04 8.693457118E-01
1.513030000E+00 9.992821765E-01 2.096306432E-04 8.194153454E-01
1.580340000E+00 9.993372777E-01 1.800590356E-04 7.845147247E-01
1.645320000E+00 9.993851468E-01 1.562865235E-04 7.535312280E-01
1.681980000E+00 9.994101338E-01 1.445379942E-04 7.371074567E-01
1.716830000E+00 9.994326257E-01 1.343695063E-04 7.221448833E-01
1.778280000E+00 9.994695472E-01 1.185933794E-04 6.971905437E-01
1.833300000E+00 9.994997480E-01 1.063710848E-04 6.762668412E-01
1.877330000E+00 9.995222803E-01 9.770093191E-05 6.604060021E-01
1.914510000E+00 9.995402271E-01 9.108002307E-05 6.475808431E-01
1.954630000E+00 9.995585112E-01 8.456874277E-05 6.342888424E-01
1.956790000E+00 9.995594655E-01 8.423658067E-05 6.335886835E-01
1.961780000E+00 9.995616601E-01 8.347838556E-05 6.319770820E-01
1.968610000E+00 9.995646374E-01 8.245217976E-05 6.297844672E-01
1.973950000E+00 9.995669443E-01 8.165993116E-05 6.280807518E-01
2.003170000E+00 9.995792767E-01 7.745693086E-05 6.189190134E-01
2.035100000E+00 9.995921883E-01 7.320120215E-05 6.092083927E-01
2.065770000E+00 9.996040576E-01 6.939399870E-05 6.001636194E-01
2.105900000E+00 9.996188212E-01 6.473700870E-05 5.887269101E-01
2.159860000E+00 9.996375131E-01 5.908142382E-05 5.740186864E-01
2.184580000E+00 9.996456324E-01 5.670210551E-05 5.675232768E-01
2.205150000E+00 9.996521906E-01 5.479642903E-05 5.622293268E-01
2.265540000E+00 9.996704719E-01 4.968580455E-05 5.472426000E-01
2.347250000E+00 9.996930747E-01 4.370765588E-05 5.281925658E-01
2.409210000E+00 9.997087277E-01 3.976437605E-05 5.146085231E-01
2.459350000E+00 9.997205595E-01 3.689738911E-05 5.041169415E-01
2.476520000E+00 9.997244489E-01 3.597270899E-05 5.006218403E-01
2.510900000E+00 9.997320044E-01 3.420884635E-05 4.937671751E-01
2.535920000E+00 9.997373127E-01 3.299431854E-05 4.888955488E-01
2.627080000E+00 9.997554214E-01 2.900577264E-05 4.719308129E-01
2.714880000E+00 9.997711676E-01 2.572653245E-05 4.566684347E-01
2.863350000E+00 9.997946061E-01 2.115959053E-05 4.329893307E-01
3.117090000E+00 9.998272158E-01 1.548677440E-05 3.977427665E-01
3.554000000E+00 9.998678656E-01 9.535156247E-06 3.488463703E-01
4.026040000E+00 9.998976857E-01 5.994981765E-06 3.079452763E-01
4.579520000E+00 9.999215196E-01 3.702637373E-06 2.707270631E-01
5.218450000E+00 9.999401168E-01 2.265746864E-06 2.375801244E-01
5.950200000E+00 9.999545147E-01 1.380494120E-06 2.083627441E-01
6.489360000E+00 9.999622439E-01 9.940867936E-07 1.910511977E-01
6.836040000E+00 9.999663843E-01 8.156343637E-07 1.813623092E-01
7.123600000E+00 9.999695019E-01 6.972018991E-07 1.740412151E-01
7.319190000E+00 9.999715900E-01 6.290347396E-07 1.693903287E-01
7.444500000E+00 9.999730237E-01 5.901001414E-07 1.665390557E-01
7.503180000E+00 9.999738047E-01 5.819842683E-07 1.652366063E-01
7.535880000E+00 9.999743132E-01 6.055844902E-07 1.645196049E-01
7.556900000E+00 9.999746790E-01 6.536860972E-07 1.640619831E-01
7.574870000E+00 9.999750145E-01 7.313799528E-07 1.636727759E-01
7.591700000E+00 9.999753411E-01 8.469705363E-07 1.633099306E-01
7.610420000E+00 9.999757040E-01 1.036025304E-06 1.629082232E-01
7.632690000E+00 9.999761021E-01 1.351114353E-06 1.624329037E-01
7.664320000E+00 9.999765223E-01 1.941328908E-06 1.617625569E-01
7.704090000E+00 9.999766959E-01 2.752100375E-06 1.609275073E-01
7.734050000E+00 9.999765901E-01 3.252054330E-06 1.603041097E-01
7.762490000E+00 9.999763934E-01 3.566436146E-06 1.597167919E-01
7.810440000E+00 9.999760746E-01 3.776572345E-06 1.587362556E-01
7.865390000E+00 9.999759025E-01 3.762255521E-06 1.576272760E-01
7.937570000E+00 9.999759037E-01 3.655583015E-06 1.561938981E-01
8.044630000E+00 9.999761229E-01 3.492880127E-06 1.541152297E-01
8.187000000E+00 9.999765646E-01 3.284558022E-06 1.514352021E-01
8.367180000E+00 9.999772356E-01 3.038536606E-06 1.481741758E-01
8.609940000E+00 9.999782024E-01 2.745088729E-06 1.439963577E-01
8.874110000E+00 9.999792577E-01 2.464809064E-06 1.397097850E-01
9.085410000E+00 9.999800753E-01 2.266494093E-06 1.364605450E-01
9.381750000E+00 9.999811660E-01 2.017728655E-06 1.321501852E-01
9.643290000E+00 9.999820804E-01 1.825510938E-06 1.285660807E-01
9.890460000E+00 9.999828938E-01 1.664408028E-06 1.253531181E-01
1.010460000E+01 9.999835614E-01 1.539014654E-06 1.226965936E-01
1.030430000E+01 9.999841541E-01 1.432902559E-06 1.203187019E-01
1.057060000E+01 9.999849001E-01 1.305550276E-06 1.172875712E-01
1.086820000E+01 9.999856780E-01 1.179706175E-06 1.140759279E-01
1.095130000E+01 9.999858858E-01 1.147614760E-06 1.132103038E-01
1.112360000E+01 9.999863022E-01 1.083805930E-06 1.114567226E-01
1.142730000E+01 9.999869956E-01 9.824370813E-07 1.084945700E-01
1.173210000E+01 9.999876423E-01 8.925702226E-07 1.056758807E-01
1.209690000E+01 9.999883557E-01 7.971628667E-07 1.024890674E-01
1.255940000E+01 9.999891796E-01 6.933671743E-07 9.871490676E-02
1.318910000E+01 9.999901723E-01 5.779601108E-07 9.400186518E-02
1.402940000E+01 9.999913018E-01 4.590271897E-07 8.837156258E-02
1.532740000E+01 9.999927040E-01 3.300040578E-07 8.088782181E-02
1.684250000E+01 9.999939552E-01 2.309289558E-07 7.361139973E-02
1.906170000E+01 9.999952825E-01 1.444424184E-07 6.504141813E-02
2.152100000E+01 9.999963026E-01 9.065998801E-08 5.760884717E-02
2.442320000E+01 9.999971328E-01 5.563544285E-08 5.076320875E-02
2.754230000E+01 9.999977485E-01 3.488511454E-08 4.501439604E-02
3.100290000E+01 9.999982255E-01 2.194309797E-08 3.998980741E-02
3.495990000E+01 9.999986063E-01 1.369210353E-08 3.546348817E-02
3.916450000E+01 9.999988908E-01 8.731977169E-09 3.165621928E-02
4.415700000E+01 9.999991284E-01 5.422171835E-09 2.807708857E-02
4.948110000E+01 9.999993065E-01 3.440455389E-09 2.505603149E-02
5.548980000E+01 9.999994491E-01 2.173556755E-09 2.234284499E-02
6.115290000E+01 9.999995467E-01 1.468851674E-09 2.027377279E-02
6.675540000E+01 9.999996198E-01 1.032102643E-09 1.857228029E-02
7.126620000E+01 9.999996665E-01 7.920099651E-10 1.739674628E-02
7.541450000E+01 9.999997023E-01 6.298827576E-10 1.643980932E-02
7.878020000E+01 9.999997272E-01 5.275398065E-10 1.573745687E-02
8.022060000E+01 9.999997369E-01 4.902412260E-10 1.545488316E-02
8.156360000E+01 9.999997455E-01 4.581672139E-10 1.520040803E-02
8.289890000E+01 9.999997537E-01 4.290360250E-10 1.495556636E-02
8.480680000E+01 9.999997647E-01 3.912437724E-10 1.461911073E-02
8.829530000E+01 9.999997829E-01 3.323078222E-10 1.404151750E-02
9.374110000E+01 9.999998075E-01 2.604860923E-10 1.322578890E-02
1.012280000E+02 9.999998349E-01 1.905801061E-10 1.224759948E-02
1.116360000E+02 9.999998643E-01 1.279364125E-10 1.110573650E-02
1.246620000E+02 9.999998912E-01 8.165042073E-11 9.945292070E-03
1.384190000E+02 9.999999118E-01 5.332650829E-11 8.956862858E-03
1.542130000E+02 9.999999289E-01 3.436001219E-11 8.039529741E-03
1.717910000E+02 9.999999428E-01 2.217004886E-11 7.216908918E-03
1.917720000E+02 9.999999541E-01 1.422067354E-11 6.464968817E-03
2.150020000E+02 9.999999635E-01 8.969254219E-12 5.766457986E-03
2.405960000E+02 9.999999708E-01 5.724882114E-12 5.153036626E-03
2.674540000E+02 9.999999764E-01 3.762907280E-12 4.635563499E-03
2.993800000E+02 9.999999812E-01 2.416243651E-12 4.141225199E-03
3.359760000E+02 9.999999850E-01 1.545398943E-12 3.690144534E-03
3.771750000E+02 9.999999881E-01 9.932343197E-13 3.287068337E-03
4.253530000E+02 9.999999907E-01 6.324277878E-13 2.914755509E-03
4.789190000E+02 9.999999926E-01 4.090301465E-13 2.588746740E-03
5.372250000E+02 9.999999942E-01 2.705915231E-13 2.307785379E-03
6.143120000E+02 9.999999955E-01 1.691779790E-13 2.018192710E-03
6.998420000E+02 9.999999966E-01 1.088152307E-13 1.771542720E-03
8.012170000E+02 9.999999974E-01 6.983889246E-14 1.547396024E-03
9.278970000E+02 9.999999980E-01 4.390466537E-14 1.336139679E-03
1.070170000E+03 9.999999985E-01 2.845809885E-14 1.158507527E-03
1.286620000E+03 9.999999990E-01 1.624839432E-14 9.636100791E-04
1.546860000E+03 9.999999993E-01 9.276998725E-15 8.014946408E-04
1.859730000E+03 9.999999995E-01 5.296744896E-15 6.666559124E-04
2.235890000E+03 9.999999997E-01 3.024168227E-15 5.544995505E-04
2.688130000E+03 9.999999998E-01 1.726654220E-15 4.612128134E-04
3.231850000E+03 9.999999998E-01 9.858333928E-16 3.836192893E-04
3.885540000E+03 9.999999999E-01 5.628624410E-16 3.190804882E-04
4.671440000E+03 9.999999999E-01 3.213683155E-16 2.653999623E-04
5.616310000E+03 9.999999999E-01 1.834846301E-16 2.207499230E-04
6.752290000E+03 1.000000000E+00 1.047607468E-16 1.836117821E-04
8.118030000E+03 1.000000000E+00 5.981338265E-17 1.527217810E-04
9.760020000E+03 1.000000000E+00 3.415051158E-17 1.270284282E-04
1.000000000E+04 0.000000000E+00 0.000000000E+00 1.239800000E-04
