# 11/08/2021 
# Data retrieved from www.chemicool.com/densities.html 
# Includes the real (n) and complex (k) part of the  refractive index. 
# Element, Cs  (Z = 55) 
# Nominal density, g cm-3 =  1.873 
#    E [keV]      n       k    Wavelength [nm] 
1.000000000E-03 -3.185120246E+02 6.968363504E-03 1.239800000E+03
1.030280000E-03 -7.367632264E+01 0.000000000E+00 1.203362193E+03
1.056780000E-03 -6.997494395E+01 0.000000000E+00 1.173186472E+03
1.079960000E-03 -6.695835554E+01 0.000000000E+00 1.148005482E+03
1.100250000E-03 -6.447257448E+01 0.000000000E+00 1.126834810E+03
1.118000000E-03 -6.240824644E+01 0.000000000E+00 1.108944544E+03
1.133530000E-03 -6.068132503E+01 0.000000000E+00 1.093751378E+03
1.160710000E-03 -5.782336145E+01 0.000000000E+00 1.068139329E+03
1.181100000E-03 -5.580821288E+01 0.000000000E+00 1.049699433E+03
1.196390000E-03 -5.436382567E+01 0.000000000E+00 1.036284155E+03
1.207850000E-03 -5.331743097E+01 0.000000000E+00 1.026451960E+03
1.216450000E-03 -5.255133354E+01 0.000000000E+00 1.019195199E+03
1.222900000E-03 -5.198714414E+01 0.000000000E+00 1.013819609E+03
1.227740000E-03 -5.156980740E+01 0.000000000E+00 1.009822927E+03
1.235000000E-03 -5.095278923E+01 0.000000000E+00 1.003886640E+03
1.238630000E-03 -5.064872376E+01 0.000000000E+00 1.000944592E+03
1.240440000E-03 -5.049772604E+01 0.000000000E+00 9.994840540E+02
1.242250000E-03 -5.034776754E+01 0.000000000E+00 9.980277722E+02
1.245310000E-03 -5.009535485E+01 0.000000000E+00 9.955753989E+02
1.248370000E-03 -4.984479695E+01 0.000000000E+00 9.931350481E+02
1.251430000E-03 -4.959644928E+01 0.000000000E+00 9.907066316E+02
1.254480000E-03 -4.935034770E+01 0.000000000E+00 9.882979402E+02
1.257540000E-03 -4.910523865E+01 0.000000000E+00 9.858930929E+02
1.260600000E-03 -4.886191326E+01 0.000000000E+00 9.834999207E+02
1.262130000E-03 -4.874109767E+01 0.000000000E+00 9.823076862E+02
1.263660000E-03 -4.862072066E+01 0.000000000E+00 9.811183388E+02
1.265190000E-03 -4.850041461E+01 0.000000000E+00 9.799318679E+02
1.266710000E-03 -4.838168895E+01 0.000000000E+00 9.787559899E+02
1.268240000E-03 -4.826261306E+01 0.000000000E+00 9.775752224E+02
1.269770000E-03 -4.814360448E+01 0.000000000E+00 9.763973003E+02
1.272830000E-03 -4.790759705E+01 0.000000000E+00 9.740499517E+02
1.273590000E-03 -4.784888370E+01 0.000000000E+00 9.734686987E+02
1.275310000E-03 -4.771720839E+01 0.000000000E+00 9.721557896E+02
1.275600000E-03 -4.769505978E+01 0.000000000E+00 9.719347758E+02
1.276080000E-03 -4.765843318E+01 0.000000000E+00 9.715691806E+02
1.276440000E-03 -4.763099035E+01 0.000000000E+00 9.712951647E+02
1.276750000E-03 -4.760737762E+01 0.000000000E+00 9.710593303E+02
1.277020000E-03 -4.758682570E+01 0.000000000E+00 9.708540195E+02
1.279330000E-03 -4.741116674E+01 0.000000000E+00 9.691010138E+02
1.280000000E-03 -4.736049956E+01 0.000000000E+00 9.685937500E+02
1.281000000E-03 -4.728502475E+01 0.000000000E+00 9.678376269E+02
1.282000000E-03 -4.720972647E+01 0.000000000E+00 9.670826833E+02
1.282770000E-03 -4.715151122E+01 0.000000000E+00 9.665021789E+02
1.283910000E-03 -4.706604051E+01 0.000000000E+00 9.656440093E+02
1.285060000E-03 -4.698005041E+01 0.000000000E+00 9.647798546E+02
1.286590000E-03 -4.686600348E+01 0.000000000E+00 9.636325481E+02
1.287350000E-03 -4.680915079E+01 0.000000000E+00 9.630636579E+02
1.288120000E-03 -4.675201009E+01 0.000000000E+00 9.624879670E+02
1.290410000E-03 -4.658267620E+01 0.000000000E+00 9.607799072E+02
1.291180000E-03 -4.652558998E+01 0.000000000E+00 9.602069425E+02
1.293470000E-03 -4.635745734E+01 0.000000000E+00 9.585069619E+02
1.293850000E-03 -4.632964393E+01 0.000000000E+00 9.582254512E+02
1.294230000E-03 -4.630185502E+01 0.000000000E+00 9.579441058E+02
1.294620000E-03 -4.627336026E+01 0.000000000E+00 9.576555283E+02
1.295950000E-03 -4.617603084E+01 0.000000000E+00 9.566727111E+02
1.296290000E-03 -4.615128677E+01 0.000000000E+00 9.564217883E+02
1.296790000E-03 -4.611493377E+01 0.000000000E+00 9.560530232E+02
1.297040000E-03 -4.609677304E+01 0.000000000E+00 9.558687473E+02
1.297290000E-03 -4.607862281E+01 0.000000000E+00 9.556845424E+02
1.300350000E-03 -4.585696551E+01 0.000000000E+00 9.534356135E+02
1.301880000E-03 -4.574689540E+01 0.000000000E+00 9.523151135E+02
1.302640000E-03 -4.569236418E+01 0.000000000E+00 9.517595038E+02
1.303410000E-03 -4.563721270E+01 0.000000000E+00 9.511972442E+02
1.303840000E-03 -4.560645632E+01 0.000000000E+00 9.508835440E+02
1.304640000E-03 -4.554897234E+01 0.000000000E+00 9.503004660E+02
1.310260000E-03 -4.515016991E+01 0.000000000E+00 9.462244135E+02
1.313470000E-03 -4.492453288E+01 0.000000000E+00 9.439119279E+02
1.316670000E-03 -4.470157660E+01 0.000000000E+00 9.416178693E+02
1.319880000E-03 -4.447921504E+01 0.000000000E+00 9.393278177E+02
1.321490000E-03 -4.436846591E+01 0.000000000E+00 9.381834142E+02
1.323090000E-03 -4.425847075E+01 0.000000000E+00 9.370488780E+02
1.324700000E-03 -4.414852608E+01 0.000000000E+00 9.359100174E+02
1.326300000E-03 -4.403932812E+01 0.000000000E+00 9.347809696E+02
1.327910000E-03 -4.393018013E+01 0.000000000E+00 9.336476117E+02
1.328710000E-03 -4.387609259E+01 0.000000000E+00 9.330854739E+02
1.331120000E-03 -4.371341269E+01 0.000000000E+00 9.313961176E+02
1.331920000E-03 -4.365971579E+01 0.000000000E+00 9.308366869E+02
1.332320000E-03 -4.363290361E+01 0.000000000E+00 9.305572235E+02
1.333120000E-03 -4.357935162E+01 0.000000000E+00 9.299987998E+02
1.334530000E-03 -4.348520061E+01 0.000000000E+00 9.290162080E+02
1.334880000E-03 -4.346154767E+01 0.000000000E+00 9.287726238E+02
1.335140000E-03 -4.344423282E+01 0.000000000E+00 9.285917582E+02
1.335540000E-03 -4.341761432E+01 0.000000000E+00 9.283136409E+02
1.335730000E-03 -4.340497892E+01 0.000000000E+00 9.281815936E+02
1.336130000E-03 -4.337839567E+01 0.000000000E+00 9.279037219E+02
1.339140000E-03 -4.317879401E+01 0.000000000E+00 9.258180623E+02
1.339940000E-03 -4.312605660E+01 0.000000000E+00 9.252653104E+02
1.342350000E-03 -4.296775461E+01 0.000000000E+00 9.236041271E+02
1.343950000E-03 -4.286280400E+01 0.000000000E+00 9.225045575E+02
1.345560000E-03 -4.275790067E+01 0.000000000E+00 9.214007551E+02
1.347160000E-03 -4.265402130E+01 0.000000000E+00 9.203064224E+02
1.348770000E-03 -4.254954403E+01 0.000000000E+00 9.192078709E+02
1.350370000E-03 -4.244640489E+01 0.000000000E+00 9.181187378E+02
1.351980000E-03 -4.234299055E+01 0.000000000E+00 9.170253998E+02
1.355190000E-03 -4.213758456E+01 0.000000000E+00 9.148532678E+02
1.358390000E-03 -4.193426590E+01 0.000000000E+00 9.126981206E+02
1.361600000E-03 -4.173175213E+01 0.000000000E+00 9.105464160E+02
1.364810000E-03 -4.153098042E+01 0.000000000E+00 9.084048329E+02
1.368020000E-03 -4.133130775E+01 0.000000000E+00 9.062733001E+02
1.370520000E-03 -4.117670193E+01 0.000000000E+00 9.046201442E+02
1.375430000E-03 -4.087580599E+01 0.000000000E+00 9.013908378E+02
1.380200000E-03 -4.058655172E+01 0.000000000E+00 8.982756122E+02
1.384810000E-03 -4.030982621E+01 0.000000000E+00 8.952852738E+02
1.393750000E-03 -3.978097216E+01 0.000000000E+00 8.895426009E+02
1.402130000E-03 -3.929436884E+01 0.000000000E+00 8.842261417E+02
1.409980000E-03 -3.884635510E+01 0.000000000E+00 8.793032525E+02
1.424710000E-03 -3.802581111E+01 0.000000000E+00 8.702121835E+02
1.437600000E-03 -3.732826253E+01 0.000000000E+00 8.624095715E+02
1.460150000E-03 -3.615217785E+01 0.000000000E+00 8.490908468E+02
1.477070000E-03 -3.530481573E+01 0.000000000E+00 8.393644174E+02
1.502440000E-03 -3.408753588E+01 0.000000000E+00 8.251910226E+02
1.527810000E-03 -3.293041724E+01 0.000000000E+00 8.114883395E+02
1.531580000E-03 -3.276333328E+01 0.000000000E+00 8.094908526E+02
1.535340000E-03 -3.259791687E+01 0.000000000E+00 8.075084346E+02
1.539100000E-03 -3.243395890E+01 0.000000000E+00 8.055357027E+02
1.542860000E-03 -3.227095241E+01 0.000000000E+00 8.035725860E+02
1.546620000E-03 -3.210913392E+01 0.000000000E+00 8.016190144E+02
1.550380000E-03 -3.194849193E+01 0.000000000E+00 7.996749184E+02
1.554140000E-03 -3.178901507E+01 0.000000000E+00 7.977402293E+02
1.557900000E-03 -3.163069209E+01 0.000000000E+00 7.958148790E+02
1.561660000E-03 -3.147351189E+01 0.000000000E+00 7.938988000E+02
1.565420000E-03 -3.131770224E+01 0.000000000E+00 7.919919255E+02
1.569180000E-03 -3.116277369E+01 0.000000000E+00 7.900941893E+02
1.572940000E-03 -3.100895542E+01 0.000000000E+00 7.882055260E+02
1.576700000E-03 -3.085623683E+01 0.000000000E+00 7.863258705E+02
1.583950000E-03 -3.056481538E+01 0.000000000E+00 7.827267275E+02
1.587980000E-03 -3.040457532E+01 0.000000000E+00 7.807403116E+02
1.591750000E-03 -3.025575947E+01 0.000000000E+00 7.788911575E+02
1.595650000E-03 -3.010315897E+01 0.000000000E+00 7.769874346E+02
1.599550000E-03 -2.995144465E+01 0.000000000E+00 7.750929949E+02
1.603450000E-03 -2.980083657E+01 0.000000000E+00 7.732077707E+02
1.607350000E-03 -2.965132399E+01 0.000000000E+00 7.713316950E+02
1.611240000E-03 -2.950327495E+01 0.000000000E+00 7.694694769E+02
1.615140000E-03 -2.935591899E+01 0.000000000E+00 7.676114764E+02
1.619040000E-03 -2.920962714E+01 0.000000000E+00 7.657624271E+02
1.622940000E-03 -2.906438921E+01 0.000000000E+00 7.639222645E+02
1.626840000E-03 -2.892019508E+01 0.000000000E+00 7.620909247E+02
1.630740000E-03 -2.877725479E+01 0.000000000E+00 7.602683444E+02
1.634640000E-03 -2.863511743E+01 0.000000000E+00 7.584544609E+02
1.642430000E-03 -2.835423326E+01 0.000000000E+00 7.548571324E+02
1.646330000E-03 -2.821510734E+01 0.000000000E+00 7.530689473E+02
1.650230000E-03 -2.807696714E+01 0.000000000E+00 7.512892142E+02
1.654130000E-03 -2.793980340E+01 0.000000000E+00 7.495178734E+02
1.658030000E-03 -2.780360693E+01 0.000000000E+00 7.477548657E+02
1.661930000E-03 -2.766836866E+01 0.000000000E+00 7.460001324E+02
1.712820000E-03 -2.598793693E+01 0.000000000E+00 7.238355461E+02
1.801880000E-03 -2.338226304E+01 0.000000000E+00 6.880591382E+02
1.935470000E-03 -2.012791089E+01 0.000000000E+00 6.405679241E+02
2.069060000E-03 -1.748061029E+01 0.000000000E+00 5.992093028E+02
2.074160000E-03 -1.738956881E+01 0.000000000E+00 5.977359509E+02
2.079250000E-03 -1.729923779E+01 0.000000000E+00 5.962726945E+02
2.084340000E-03 -1.720956871E+01 0.000000000E+00 5.948165846E+02
2.089430000E-03 -1.712068915E+01 0.000000000E+00 5.933675691E+02
2.094530000E-03 -1.703215189E+01 0.000000000E+00 5.919227703E+02
2.099620000E-03 -1.694443091E+01 0.000000000E+00 5.904878026E+02
2.104710000E-03 -1.685747862E+01 0.000000000E+00 5.890597755E+02
2.109800000E-03 -1.677102410E+01 0.000000000E+00 5.876386387E+02
2.114900000E-03 -1.668502676E+01 0.000000000E+00 5.862215708E+02
2.119990000E-03 -1.659981629E+01 0.000000000E+00 5.848140793E+02
2.125080000E-03 -1.651534787E+01 0.000000000E+00 5.834133303E+02
2.130180000E-03 -1.643119225E+01 0.000000000E+00 5.820165432E+02
2.135270000E-03 -1.634780232E+01 0.000000000E+00 5.806291476E+02
2.145450000E-03 -1.618292934E+01 0.000000000E+00 5.778741057E+02
2.150550000E-03 -1.610114831E+01 0.000000000E+00 5.765036851E+02
2.155640000E-03 -1.602023176E+01 0.000000000E+00 5.751424171E+02
2.160730000E-03 -1.593976166E+01 0.000000000E+00 5.737875625E+02
2.165820000E-03 -1.585985913E+01 0.000000000E+00 5.724390762E+02
2.170920000E-03 -1.578048838E+01 0.000000000E+00 5.710942826E+02
2.313910000E-03 -1.376233550E+01 0.000000000E+00 5.358030347E+02
2.385400000E-03 -1.288683888E+01 0.000000000E+00 5.197451161E+02
2.421150000E-03 -1.247787224E+01 0.000000000E+00 5.120707102E+02
2.439020000E-03 -1.228021362E+01 0.000000000E+00 5.083189150E+02
2.456900000E-03 -1.208665522E+01 0.000000000E+00 5.046196426E+02
2.462940000E-03 -1.202225838E+01 0.000000000E+00 5.033821368E+02
2.468990000E-03 -1.195822931E+01 0.000000000E+00 5.021486519E+02
2.475040000E-03 -1.189466990E+01 0.000000000E+00 5.009211972E+02
2.478870000E-03 -1.185466422E+01 0.000000000E+00 5.001472445E+02
2.481090000E-03 -1.183157558E+01 0.000000000E+00 4.996997287E+02
2.487130000E-03 -1.176894994E+01 0.000000000E+00 4.984862070E+02
2.491070000E-03 -1.172840131E+01 0.000000000E+00 4.976977765E+02
2.497170000E-03 -1.166601081E+01 0.000000000E+00 4.964820176E+02
2.503270000E-03 -1.160407655E+01 0.000000000E+00 4.952721840E+02
2.506320000E-03 -1.157323255E+01 0.000000000E+00 4.946694756E+02
2.510900000E-03 -1.152722045E+01 0.000000000E+00 4.937671751E+02
2.515470000E-03 -1.148146657E+01 0.000000000E+00 4.928701197E+02
2.519910000E-03 -1.143733717E+01 0.000000000E+00 4.920016985E+02
2.524350000E-03 -1.139344074E+01 0.000000000E+00 4.911363321E+02
2.529460000E-03 -1.134314270E+01 0.000000000E+00 4.901441414E+02
2.533780000E-03 -1.130090713E+01 0.000000000E+00 4.893084640E+02
2.539880000E-03 -1.124162012E+01 0.000000000E+00 4.881332976E+02
2.545980000E-03 -1.118266915E+01 0.000000000E+00 4.869637625E+02
2.553650000E-03 -1.110923783E+01 0.000000000E+00 4.855011454E+02
2.559700000E-03 -1.105179582E+01 0.000000000E+00 4.843536352E+02
2.565750000E-03 -1.099476031E+01 0.000000000E+00 4.832115366E+02
2.570390000E-03 -1.095122850E+01 0.000000000E+00 4.823392559E+02
2.576490000E-03 -1.089444055E+01 0.000000000E+00 4.811972878E+02
2.582590000E-03 -1.083805514E+01 0.000000000E+00 4.800607142E+02
2.588690000E-03 -1.078206848E+01 0.000000000E+00 4.789294972E+02
2.598540000E-03 -1.069248258E+01 0.000000000E+00 4.771140717E+02
2.600890000E-03 -1.067118997E+01 0.000000000E+00 4.766829816E+02
2.605890000E-03 -1.062627290E+01 0.000000000E+00 4.757683555E+02
2.610910000E-03 -1.058135072E+01 0.000000000E+00 4.748535951E+02
2.617090000E-03 -1.052646261E+01 0.000000000E+00 4.737322752E+02
2.618170000E-03 -1.051686985E+01 0.000000000E+00 4.735368597E+02
2.623270000E-03 -1.047196257E+01 0.000000000E+00 4.726162385E+02
2.629460000E-03 -1.041767548E+01 0.000000000E+00 4.715036547E+02
2.635640000E-03 -1.036394169E+01 0.000000000E+00 4.703980817E+02
2.671690000E-03 -1.005777856E+01 0.000000000E+00 4.640508442E+02
2.924030000E-03 -8.222486389E+00 0.000000000E+00 4.240038577E+02
2.934300000E-03 -8.157634583E+00 0.000000000E+00 4.225198514E+02
2.938420000E-03 -8.131836976E+00 0.000000000E+00 4.219274304E+02
2.945620000E-03 -8.086979801E+00 0.000000000E+00 4.208961102E+02
2.948740000E-03 -8.067693202E+00 0.000000000E+00 4.204507688E+02
2.952820000E-03 -8.042451013E+00 0.000000000E+00 4.198698194E+02
2.955960000E-03 -8.023183380E+00 0.000000000E+00 4.194238082E+02
2.963190000E-03 -7.978938563E+00 0.000000000E+00 4.184004401E+02
2.971750000E-03 -7.926954923E+00 0.000000000E+00 4.171952553E+02
2.980280000E-03 -7.875664064E+00 0.000000000E+00 4.160011811E+02
2.988800000E-03 -7.824806038E+00 0.000000000E+00 4.148153105E+02
2.993800000E-03 -7.795223166E+00 0.000000000E+00 4.141225199E+02
2.999300000E-03 -7.762800960E+00 0.000000000E+00 4.133631181E+02
3.006520000E-03 -7.720505787E+00 0.000000000E+00 4.123704482E+02
3.013740000E-03 -7.678514853E+00 0.000000000E+00 4.113825347E+02
3.022700000E-03 -7.626820593E+00 0.000000000E+00 4.101630992E+02
3.039180000E-03 -7.533009404E+00 0.000000000E+00 4.079389835E+02
3.042630000E-03 -7.513543039E+00 0.000000000E+00 4.074764266E+02
3.049850000E-03 -7.473030443E+00 0.000000000E+00 4.065117957E+02
3.057080000E-03 -7.432749968E+00 0.000000000E+00 4.055503945E+02
3.064300000E-03 -7.392809643E+00 0.000000000E+00 4.045948504E+02
3.067970000E-03 -7.372680022E+00 0.000000000E+00 4.041108616E+02
3.078740000E-03 -7.313833792E+00 0.000000000E+00 4.026972073E+02
3.080520000E-03 -7.304167044E+00 0.000000000E+00 4.024645190E+02
3.087640000E-03 -7.265667440E+00 0.000000000E+00 4.015364485E+02
3.154440000E-03 -6.917240482E+00 0.000000000E+00 3.930333118E+02
3.160050000E-03 -6.888978903E+00 0.000000000E+00 3.923355643E+02
3.169970000E-03 -6.839390035E+00 0.000000000E+00 3.911078023E+02
3.175610000E-03 -6.811394633E+00 0.000000000E+00 3.904131805E+02
3.183380000E-03 -6.773078109E+00 0.000000000E+00 3.894602592E+02
3.191160000E-03 -6.734935768E+00 0.000000000E+00 3.885107610E+02
3.198940000E-03 -6.697129247E+00 0.000000000E+00 3.875658812E+02
3.216550000E-03 -6.612570398E+00 0.000000000E+00 3.854440316E+02
3.224320000E-03 -6.575699807E+00 0.000000000E+00 3.845151846E+02
3.230050000E-03 -6.548677350E+00 0.000000000E+00 3.838330676E+02
3.237830000E-03 -6.512221126E+00 0.000000000E+00 3.829107767E+02
3.245610000E-03 -6.476027283E+00 0.000000000E+00 3.819929073E+02
3.255370000E-03 -6.430990356E+00 0.000000000E+00 3.808476456E+02
3.276720000E-03 -6.333816318E+00 0.000000000E+00 3.783661710E+02
3.284500000E-03 -6.298897300E+00 0.000000000E+00 3.774699345E+02
3.288560000E-03 -6.280778044E+00 0.000000000E+00 3.770039166E+02
3.292280000E-03 -6.264226052E+00 0.000000000E+00 3.765779338E+02
3.300050000E-03 -6.229844057E+00 0.000000000E+00 3.756912774E+02
3.304750000E-03 -6.209133473E+00 0.000000000E+00 3.751569710E+02
3.309720000E-03 -6.187391903E+00 0.000000000E+00 3.745936212E+02
3.312840000E-03 -6.173753633E+00 0.000000000E+00 3.742408326E+02
3.315610000E-03 -6.161718912E+00 0.000000000E+00 3.739281761E+02
3.320930000E-03 -6.138632561E+00 0.000000000E+00 3.733291578E+02
3.329030000E-03 -6.103725060E+00 0.000000000E+00 3.724207952E+02
3.353310000E-03 -6.000550554E+00 0.000000000E+00 3.697242426E+02
3.361410000E-03 -5.966593820E+00 0.000000000E+00 3.688333170E+02
3.369500000E-03 -5.932974977E+00 0.000000000E+00 3.679477667E+02
3.377590000E-03 -5.899597911E+00 0.000000000E+00 3.670664586E+02
3.385690000E-03 -5.866419750E+00 0.000000000E+00 3.661882807E+02
3.401880000E-03 -5.800763880E+00 0.000000000E+00 3.644455419E+02
3.410150000E-03 -5.767617399E+00 0.000000000E+00 3.635617202E+02
3.418440000E-03 -5.734582810E+00 0.000000000E+00 3.626800529E+02
3.426740000E-03 -5.701798999E+00 0.000000000E+00 3.618015957E+02
3.443320000E-03 -5.636970353E+00 0.000000000E+00 3.600594775E+02
3.459900000E-03 -5.573073581E+00 0.000000000E+00 3.583340559E+02
3.471040000E-03 -5.530707079E+00 0.000000000E+00 3.571840140E+02
3.494210000E-03 -5.443761475E+00 0.000000000E+00 3.548155377E+02
3.583620000E-03 -5.123181430E+00 2.747120014E-06 3.459630206E+02
3.619320000E-03 -5.000704613E+00 1.229894342E-04 3.425505344E+02
3.677820000E-03 -4.806309246E+00 3.869259535E-03 3.371018701E+02
3.721460000E-03 -4.671902982E+00 8.986958703E-03 3.331488179E+02
3.735770000E-03 -4.629623285E+00 9.727221725E-03 3.318726795E+02
3.761430000E-03 -4.554730140E+00 9.997133147E-03 3.296086861E+02
3.961980000E-03 -4.008406031E+00 7.246742113E-03 3.129243459E+02
4.168380000E-03 -3.520858327E+00 5.175180236E-03 2.974296969E+02
4.375850000E-03 -3.097594757E+00 3.730952421E-03 2.833278106E+02
4.596430000E-03 -2.708875393E+00 2.666731695E-03 2.697310739E+02
4.827810000E-03 -2.357068377E+00 1.897821457E-03 2.568038096E+02
5.043510000E-03 -2.071873732E+00 1.397539021E-03 2.458208668E+02
5.313400000E-03 -1.762966312E+00 9.694585920E-04 2.333345880E+02
5.591480000E-03 -1.490526373E+00 6.771131440E-04 2.217302038E+02
5.850550000E-03 -1.271047933E+00 4.949056334E-04 2.119117006E+02
6.000000000E-03 -1.157240764E+00 4.172901634E-04 2.066333333E+02
6.270000000E-03 -9.703753371E-01 3.122334236E-04 1.977352472E+02
6.373230000E-03 -9.051897617E-01 2.817692593E-04 1.945324427E+02
6.653900000E-03 -7.431751673E-01 2.177690507E-04 1.863268159E+02
7.000000000E-03 -5.698676737E-01 1.661719093E-04 1.771142857E+02
7.387500000E-03 -4.042763485E-01 1.311034551E-04 1.678240271E+02
7.845000000E-03 -2.384203284E-01 1.073385707E-04 1.580369662E+02
8.222430000E-03 -1.217464938E-01 9.598157663E-05 1.507826762E+02
8.609940000E-03 -1.737090958E-02 8.870979978E-05 1.439963577E+02
9.061190000E-03 8.790665632E-02 8.352518808E-05 1.368252956E+02
9.481530000E-03 1.728808263E-01 8.036197690E-05 1.307594871E+02
9.885530000E-03 2.452109122E-01 7.813520027E-05 1.254156327E+02
1.017110000E-02 2.911054493E-01 7.697618049E-05 1.218943870E+02
1.045270000E-02 3.332311012E-01 7.584133448E-05 1.186105025E+02
1.094550000E-02 3.995130328E-01 7.388411334E-05 1.132702937E+02
1.131510000E-02 4.440828159E-01 7.244771891E-05 1.095703971E+02
1.161450000E-02 4.775093627E-01 7.130652308E-05 1.067458780E+02
1.180020000E-02 4.971272616E-01 7.059452943E-05 1.050660158E+02
1.195610000E-02 5.128572113E-01 7.000395922E-05 1.036960213E+02
1.219000000E-02 5.356873970E-01 6.913034012E-05 1.017063167E+02
1.230700000E-02 5.467564808E-01 6.869860160E-05 1.007394166E+02
1.236540000E-02 5.521869228E-01 6.848550274E-05 1.002636389E+02
1.242390000E-02 5.575464417E-01 6.827226617E-05 9.979153084E+01
1.246610000E-02 5.613614010E-01 6.811876928E-05 9.945371848E+01
1.248510000E-02 5.630895242E-01 6.805009207E-05 9.930236842E+01
1.251560000E-02 5.658475989E-01 6.794030723E-05 9.906037265E+01
1.254620000E-02 5.685909276E-01 6.783007471E-05 9.881876584E+01
1.257680000E-02 5.713127303E-01 6.771973943E-05 9.857833471E+01
1.260740000E-02 5.740132231E-01 6.760452183E-05 9.833907070E+01
1.263800000E-02 5.766926195E-01 6.748522924E-05 9.810096534E+01
1.267270000E-02 5.797070582E-01 6.735149494E-05 9.783234828E+01
1.269910000E-02 5.820041471E-01 6.724951462E-05 9.762896583E+01
1.272970000E-02 5.846503442E-01 6.713165893E-05 9.739428266E+01
1.276030000E-02 5.872795894E-01 6.701379962E-05 9.716072506E+01
1.279090000E-02 5.899134901E-01 6.689665595E-05 9.692828495E+01
1.280610000E-02 5.912181726E-01 6.683926063E-05 9.681323744E+01
1.282140000E-02 5.925241807E-01 6.678090756E-05 9.669770852E+01
1.283670000E-02 5.938322284E-01 6.672264261E-05 9.658245499E+01
1.285200000E-02 5.951316640E-01 6.666446566E-05 9.646747588E+01
1.286730000E-02 5.964296049E-01 6.660637658E-05 9.635277020E+01
1.288260000E-02 5.977260509E-01 6.654837523E-05 9.623833698E+01
1.291320000E-02 6.003074393E-01 6.643228435E-05 9.601028405E+01
1.294380000E-02 6.028689429E-01 6.631689529E-05 9.578330938E+01
1.297430000E-02 6.054255267E-01 6.620287499E-05 9.555814187E+01
1.300490000E-02 6.079754711E-01 6.608817715E-05 9.533329745E+01
1.303550000E-02 6.105092919E-01 6.597348113E-05 9.510950865E+01
1.312990000E-02 6.182311737E-01 6.562279523E-05 9.442570012E+01
1.339020000E-02 6.391228661E-01 6.467387584E-05 9.259010321E+01
1.352820000E-02 6.499962389E-01 6.417982346E-05 9.164559956E+01
1.366610000E-02 6.606547577E-01 6.368741691E-05 9.072083477E+01
1.369980000E-02 6.632137132E-01 6.355932123E-05 9.049767150E+01
1.372770000E-02 6.653170471E-01 6.345428098E-05 9.031374520E+01
1.373340000E-02 6.657436995E-01 6.343263811E-05 9.027626079E+01
1.376700000E-02 6.683363725E-01 6.330643304E-05 9.005593085E+01
1.380070000E-02 6.709340610E-01 6.317978791E-05 8.983602281E+01
1.383430000E-02 6.735056851E-01 6.305453553E-05 8.961783393E+01
1.386800000E-02 6.760700777E-01 6.292884626E-05 8.940005769E+01
1.393520000E-02 6.811299417E-01 6.268069297E-05 8.896894196E+01
1.395170000E-02 6.823586057E-01 6.261998492E-05 8.886372270E+01
1.397710000E-02 6.842457289E-01 6.252646106E-05 8.870223437E+01
1.400250000E-02 6.861511007E-01 6.243350147E-05 8.854133191E+01
1.400780000E-02 6.865585019E-01 6.241429248E-05 8.850783135E+01
1.402040000E-02 6.875263888E-01 6.236793516E-05 8.842829021E+01
1.405470000E-02 6.901425618E-01 6.224337295E-05 8.821248408E+01
1.407680000E-02 6.918203537E-01 6.216293646E-05 8.807399409E+01
1.411130000E-02 6.944242301E-01 6.203798058E-05 8.785866646E+01
1.414570000E-02 6.970021175E-01 6.191408571E-05 8.764500873E+01
1.418020000E-02 6.995628543E-01 6.179008086E-05 8.743177106E+01
1.420220000E-02 7.011948456E-01 6.171162656E-05 8.729633437E+01
1.423530000E-02 7.036943078E-01 6.159300156E-05 8.709335244E+01
1.425180000E-02 7.049589580E-01 6.153457222E-05 8.699252024E+01
1.426830000E-02 7.062185542E-01 6.147596090E-05 8.689192125E+01
1.429510000E-02 7.082523834E-01 6.138080124E-05 8.672901903E+01
1.430660000E-02 7.091213899E-01 6.134018632E-05 8.665930410E+01
1.431810000E-02 7.099879821E-01 6.129962263E-05 8.658970115E+01
1.432670000E-02 7.106353370E-01 6.126937599E-05 8.653772327E+01
1.433970000E-02 7.116064496E-01 6.122292094E-05 8.645927042E+01
1.434610000E-02 7.120882720E-01 6.120071413E-05 8.642069970E+01
1.434940000E-02 7.123314928E-01 6.118876360E-05 8.640082512E+01
1.435100000E-02 7.124524474E-01 6.118335839E-05 8.639119225E+01
1.435260000E-02 7.125733551E-01 6.117767007E-05 8.638156153E+01
1.435370000E-02 7.126543224E-01 6.117368895E-05 8.637494165E+01
1.435580000E-02 7.128093529E-01 6.116629647E-05 8.636230652E+01
1.438710000E-02 7.151344681E-01 6.105646354E-05 8.617442014E+01
1.439140000E-02 7.154543841E-01 6.104145102E-05 8.614867212E+01
1.440650000E-02 7.165776793E-01 6.098853931E-05 8.605837643E+01
1.442160000E-02 7.177531550E-01 6.093571523E-05 8.596826982E+01
1.443350000E-02 7.187013986E-01 6.089453226E-05 8.589739149E+01
1.445450000E-02 7.203610084E-01 6.082104664E-05 8.577259677E+01
1.447020000E-02 7.215989490E-01 6.076653369E-05 8.567953449E+01
1.449370000E-02 7.234451332E-01 6.068549710E-05 8.554061420E+01
1.451730000E-02 7.252846166E-01 6.060355382E-05 8.540155539E+01
1.453550000E-02 7.266948465E-01 6.054077015E-05 8.529462351E+01
1.455950000E-02 7.285473062E-01 6.045781061E-05 8.515402315E+01
1.459390000E-02 7.311907182E-01 6.034014213E-05 8.495330241E+01
1.462840000E-02 7.338296060E-01 6.022208714E-05 8.475294632E+01
1.463850000E-02 7.345981120E-01 6.018761138E-05 8.469447006E+01
1.469740000E-02 7.390448182E-01 5.998729991E-05 8.435505600E+01
1.470750000E-02 7.398006850E-01 5.995308119E-05 8.429712732E+01
1.472520000E-02 7.411192601E-01 5.989321992E-05 8.419580040E+01
1.475170000E-02 7.430889634E-01 5.980404796E-05 8.404455080E+01
1.477830000E-02 7.452800417E-01 5.971432171E-05 8.389327595E+01
1.481390000E-02 7.482170181E-01 5.959508170E-05 8.369166796E+01
1.484960000E-02 7.511294907E-01 5.947576163E-05 8.349046439E+01
1.488530000E-02 7.540195933E-01 5.935689929E-05 8.329022593E+01
1.492320000E-02 7.570643020E-01 5.923153549E-05 8.307869626E+01
1.493590000E-02 7.580725813E-01 5.918933195E-05 8.300805442E+01
1.500940000E-02 7.639004829E-01 5.893489578E-05 8.260156968E+01
1.501280000E-02 7.641943053E-01 5.892274063E-05 8.258286262E+01
1.501680000E-02 7.645456209E-01 5.890873676E-05 8.256086516E+01
1.503150000E-02 7.658215472E-01 5.885649382E-05 8.248012507E+01
1.503880000E-02 7.664549625E-01 5.883066856E-05 8.244008830E+01
1.504620000E-02 7.670929391E-01 5.880434247E-05 8.239954274E+01
1.505540000E-02 7.678859732E-01 5.877172896E-05 8.234919032E+01
1.508290000E-02 7.702540416E-01 5.867513809E-05 8.219904660E+01
1.509290000E-02 7.711079931E-01 5.863978835E-05 8.214458454E+01
1.512280000E-02 7.736596374E-01 5.853502161E-05 8.198217261E+01
1.513620000E-02 7.748109736E-01 5.848811586E-05 8.190959422E+01
1.515960000E-02 7.768141304E-01 5.840646744E-05 8.178316051E+01
1.517720000E-02 7.783092888E-01 5.834524844E-05 8.168832196E+01
1.519040000E-02 7.794271393E-01 5.829916386E-05 8.161733727E+01
1.521020000E-02 7.812047446E-01 5.823042484E-05 8.151109124E+01
1.522010000E-02 7.821257169E-01 5.819611542E-05 8.145807189E+01
1.523000000E-02 7.830444802E-01 5.816184598E-05 8.140512147E+01
1.524970000E-02 7.848725835E-01 5.809418863E-05 8.129996000E+01
1.525960000E-02 7.857822588E-01 5.805978649E-05 8.124721487E+01
1.526460000E-02 7.862389353E-01 5.804234586E-05 8.122060192E+01
1.526700000E-02 7.864642691E-01 5.803438969E-05 8.120783389E+01
1.527180000E-02 7.869045097E-01 5.801773122E-05 8.118230988E+01
1.527610000E-02 7.872977268E-01 5.800287350E-05 8.115945824E+01
1.528360000E-02 7.879873103E-01 5.797726813E-05 8.111963150E+01
1.529350000E-02 7.888895433E-01 5.794325309E-05 8.106712002E+01
1.529980000E-02 7.894682487E-01 5.792178674E-05 8.103373900E+01
1.530300000E-02 7.897586447E-01 5.791080594E-05 8.101679409E+01
1.530620000E-02 7.900488163E-01 5.789957954E-05 8.099985627E+01
1.530850000E-02 7.902566926E-01 5.789166926E-05 8.098768658E+01
1.534290000E-02 7.933881572E-01 5.777402450E-05 8.080610576E+01
1.535410000E-02 7.945555617E-01 5.773617561E-05 8.074716200E+01
1.537100000E-02 7.963045923E-01 5.767861966E-05 8.065838267E+01
1.538790000E-02 7.980489097E-01 5.762117715E-05 8.056979835E+01
1.540930000E-02 8.002380760E-01 5.754821809E-05 8.045790529E+01
1.542530000E-02 8.018816580E-01 5.749405300E-05 8.037444977E+01
1.544930000E-02 8.043497850E-01 5.741311684E-05 8.024959060E+01
1.547330000E-02 8.068035643E-01 5.733240578E-05 8.012511875E+01
1.548960000E-02 8.084657374E-01 5.727788609E-05 8.004080157E+01
1.550790000E-02 8.103235820E-01 5.721673769E-05 7.994634992E+01
1.552630000E-02 8.121756243E-01 5.715473935E-05 7.985160663E+01
1.556290000E-02 8.159469418E-01 5.703309027E-05 7.966381587E+01
1.557210000E-02 8.170208406E-01 5.700239192E-05 7.961675047E+01
1.559960000E-02 8.202258137E-01 5.691122261E-05 7.947639683E+01
1.560410000E-02 8.207451633E-01 5.689618293E-05 7.945347697E+01
1.561250000E-02 8.217156544E-01 5.686833795E-05 7.941072858E+01
1.561980000E-02 8.225632700E-01 5.684444958E-05 7.937361554E+01
1.567110000E-02 8.285590282E-01 5.667538459E-05 7.911378270E+01
1.568390000E-02 8.302348470E-01 5.663357323E-05 7.904921608E+01
1.570040000E-02 8.323999868E-01 5.657915565E-05 7.896614099E+01
1.571790000E-02 8.347006048E-01 5.652191201E-05 7.887822165E+01
1.573530000E-02 8.369680712E-01 5.646502801E-05 7.879099858E+01
1.575260000E-02 8.392238868E-01 5.640873771E-05 7.870446783E+01
1.575970000E-02 8.401413355E-01 5.638571843E-05 7.866901020E+01
1.576670000E-02 8.410575345E-01 5.636319734E-05 7.863408323E+01
1.577920000E-02 8.427378877E-01 5.649104707E-05 7.857179071E+01
1.583110000E-02 8.503384862E-01 5.734795401E-05 7.831420432E+01
1.585180000E-02 8.535486077E-01 5.856658744E-05 7.821193808E+01
1.588900000E-02 8.596191008E-01 6.458198030E-05 7.802882497E+01
1.592530000E-02 8.660115105E-01 8.269782306E-05 7.785096670E+01
1.594620000E-02 8.699608989E-01 1.056922014E-04 7.774893078E+01
1.596730000E-02 8.741410672E-01 1.463022896E-04 7.764618940E+01
1.598090000E-02 8.769575203E-01 1.869477364E-04 7.758011126E+01
1.600480000E-02 8.821963806E-01 3.017662851E-04 7.746426072E+01
1.602270000E-02 8.863836171E-01 4.412687394E-04 7.737772036E+01
1.603820000E-02 8.902126587E-01 6.166218420E-04 7.730293923E+01
1.605630000E-02 8.949374056E-01 9.097830199E-04 7.721579691E+01
1.606640000E-02 8.977030900E-01 1.127734190E-03 7.716725589E+01
1.607140000E-02 8.991234998E-01 1.253803208E-03 7.714324825E+01
1.608200000E-02 9.021903410E-01 1.561269632E-03 7.709240144E+01
1.610150000E-02 9.081453164E-01 2.313212568E-03 7.699903736E+01
1.610630000E-02 9.096862670E-01 2.544643442E-03 7.697609010E+01
1.611280000E-02 9.118232609E-01 2.889709256E-03 7.694503749E+01
1.611640000E-02 9.129978711E-01 3.094853081E-03 7.692784989E+01
1.611860000E-02 9.137489534E-01 3.230850759E-03 7.691735014E+01
1.612080000E-02 9.145086337E-01 3.370105858E-03 7.690685326E+01
1.612560000E-02 9.161636678E-01 3.689446576E-03 7.688396091E+01
1.615090000E-02 9.252986794E-01 5.832431150E-03 7.676352401E+01
1.615930000E-02 9.285085138E-01 6.748281883E-03 7.672362045E+01
1.619270000E-02 9.420121177E-01 1.164922982E-02 7.656536587E+01
1.619870000E-02 9.445254580E-01 1.276951228E-02 7.653700606E+01
1.622070000E-02 9.540547721E-01 1.767153571E-02 7.643319955E+01
1.624080000E-02 9.628964553E-01 2.329307660E-02 7.633860401E+01
1.626990000E-02 9.755781404E-01 3.357265301E-02 7.620206639E+01
1.631520000E-02 9.935954155E-01 5.508799872E-02 7.599048740E+01
1.633830000E-02 1.001098020E+00 6.849693624E-02 7.588304781E+01
1.635920000E-02 1.006525389E+00 8.186008049E-02 7.578610201E+01
1.638870000E-02 1.011204647E+00 1.023754892E-01 7.564968545E+01
1.642730000E-02 1.010339063E+00 1.302953860E-01 7.547192783E+01
1.646550000E-02 1.006303299E+00 1.574881813E-01 7.529683277E+01
1.652920000E-02 9.849422039E-01 1.962789717E-01 7.500665489E+01
1.654120000E-02 9.795671788E-01 2.020189354E-01 7.495224047E+01
1.657720000E-02 9.624113970E-01 2.167220551E-01 7.478946987E+01
1.661990000E-02 9.409136845E-01 2.283116240E-01 7.459732008E+01
1.666280000E-02 9.201905416E-01 2.343143834E-01 7.440526202E+01
1.672600000E-02 8.933848548E-01 2.361355450E-01 7.412411814E+01
1.673300000E-02 8.908768119E-01 2.358460815E-01 7.409310942E+01
1.677300000E-02 8.775407685E-01 2.337825918E-01 7.391641328E+01
1.681710000E-02 8.652077008E-01 2.303818842E-01 7.372257999E+01
1.685820000E-02 8.552707854E-01 2.267340647E-01 7.354284562E+01
1.689930000E-02 8.472859628E-01 2.228342134E-01 7.336398549E+01
1.694030000E-02 8.401122596E-01 2.189598469E-01 7.318642527E+01
1.697210000E-02 8.353875359E-01 2.159729989E-01 7.304929855E+01
1.700390000E-02 8.312577095E-01 2.129968249E-01 7.291268474E+01
1.703620000E-02 8.271719986E-01 2.099826554E-01 7.277444501E+01
1.706860000E-02 8.236867572E-01 2.069752805E-01 7.263630292E+01
1.710880000E-02 8.200892222E-01 2.033355153E-01 7.246563172E+01
1.714970000E-02 8.168744878E-01 1.999201234E-01 7.229280979E+01
1.718700000E-02 8.142243012E-01 1.968218267E-01 7.213591668E+01
1.722800000E-02 8.116422282E-01 1.934326575E-01 7.196424425E+01
1.727700000E-02 8.090185067E-01 1.893974451E-01 7.176014354E+01
1.732610000E-02 8.071176254E-01 1.855742781E-01 7.155678427E+01
1.735540000E-02 8.062805333E-01 1.834002055E-01 7.143597958E+01
1.739230000E-02 8.052294830E-01 1.806779161E-01 7.128441897E+01
1.743350000E-02 8.044550378E-01 1.776451438E-01 7.111595491E+01
1.748230000E-02 8.036386495E-01 1.740721234E-01 7.091744221E+01
1.752580000E-02 8.032217555E-01 1.710449429E-01 7.074142122E+01
1.757340000E-02 8.032765923E-01 1.678578602E-01 7.054980823E+01
1.760920000E-02 8.035077656E-01 1.654789318E-01 7.040637848E+01
1.767540000E-02 8.046285555E-01 1.612558312E-01 7.014268418E+01
1.771800000E-02 8.058389909E-01 1.586490285E-01 6.997403770E+01
1.790470000E-02 8.165756141E-01 1.487230521E-01 6.924438834E+01
1.802410000E-02 8.306366750E-01 1.476678697E-01 6.878568139E+01
1.815400000E-02 8.480395602E-01 1.604999267E-01 6.829348904E+01
1.820970000E-02 8.520924087E-01 1.713014161E-01 6.808459228E+01
1.828280000E-02 8.511567444E-01 1.878913975E-01 6.781237010E+01
1.837770000E-02 8.395943800E-01 2.064550471E-01 6.746219603E+01
1.848930000E-02 8.178326473E-01 2.162836209E-01 6.705499938E+01
1.861910000E-02 7.954969459E-01 2.132599971E-01 6.658753645E+01
1.875000000E-02 7.810821723E-01 2.044633135E-01 6.612266667E+01
1.901740000E-02 7.652178525E-01 1.858013937E-01 6.519292858E+01
1.950000000E-02 7.555936882E-01 1.575956294E-01 6.357948718E+01
2.003350000E-02 7.558021617E-01 1.330486895E-01 6.188634038E+01
2.109380000E-02 7.681470477E-01 9.811353100E-02 5.877556438E+01
2.237190000E-02 7.888179947E-01 7.080113256E-02 5.541773385E+01
2.381290000E-02 8.119526120E-01 5.103782285E-02 5.206421729E+01
2.539320000E-02 8.346380557E-01 3.691535265E-02 4.882409464E+01
2.743170000E-02 8.591490221E-01 2.536230347E-02 4.519588651E+01
2.831120000E-02 8.682394603E-01 2.182235582E-02 4.379185623E+01
2.871500000E-02 8.721426277E-01 2.040725729E-02 4.317604040E+01
2.935510000E-02 8.780074438E-01 1.839929582E-02 4.223456912E+01
3.218550000E-02 9.000043166E-01 1.209014895E-02 3.852045176E+01
3.509860000E-02 9.172240796E-01 8.198282926E-03 3.532334623E+01
3.837920000E-02 9.320215454E-01 5.560292031E-03 3.230395631E+01
4.198800000E-02 9.443694320E-01 3.815492392E-03 2.952748404E+01
4.570880000E-02 9.541105836E-01 2.717368619E-03 2.712387987E+01
5.011870000E-02 9.629269127E-01 1.921202689E-03 2.473727371E+01
5.571060000E-02 9.712833979E-01 1.331046921E-03 2.225429272E+01
6.245830000E-02 9.787358298E-01 9.302866383E-04 1.985004395E+01
6.998880000E-02 9.852736295E-01 6.759217867E-04 1.771426285E+01
7.497240000E-02 9.892998669E-01 5.656770465E-04 1.653675219E+01
7.677570000E-02 9.908924509E-01 5.330509660E-04 1.614833860E+01
7.851180000E-02 9.926317777E-01 5.047782280E-04 1.579125686E+01
7.886120000E-02 9.930248582E-01 4.993566352E-04 1.572129260E+01
7.924940000E-02 9.934736466E-01 4.934229062E-04 1.564428248E+01
7.944360000E-02 9.937066687E-01 4.904888405E-04 1.560604001E+01
7.963770000E-02 9.939374831E-01 4.875787154E-04 1.556800360E+01
7.984810000E-02 9.941852118E-01 4.844500643E-04 1.552698186E+01
8.038680000E-02 9.948986216E-01 4.766434898E-04 1.542293013E+01
8.068770000E-02 9.953475334E-01 4.725829194E-04 1.536541505E+01
8.090270000E-02 9.956828382E-01 4.702085426E-04 1.532458126E+01
8.142760000E-02 9.966155541E-01 4.745239045E-04 1.522579568E+01
8.171440000E-02 9.972126362E-01 4.982120331E-04 1.517235640E+01
8.193590000E-02 9.977153443E-01 5.435601681E-04 1.513134047E+01
8.223870000E-02 9.984676768E-01 6.762524598E-04 1.507562741E+01
8.261210000E-02 9.995041764E-01 1.017407018E-03 1.500748680E+01
8.278810000E-02 9.999999146E-01 1.263828466E-03 1.497558224E+01
8.285500000E-02 1.000185271E+00 1.371783662E-03 1.496349044E+01
8.305590000E-02 1.000719695E+00 1.743118062E-03 1.492729595E+01
8.330790000E-02 1.001325407E+00 2.285005711E-03 1.488214203E+01
8.350140000E-02 1.001713719E+00 2.737116689E-03 1.484765525E+01
8.386260000E-02 1.002350001E+00 3.584287899E-03 1.478370573E+01
8.450540000E-02 1.003318624E+00 4.959503381E-03 1.467125178E+01
8.505850000E-02 1.004329010E+00 6.143498721E-03 1.457585074E+01
8.572000000E-02 1.005780329E+00 8.092651224E-03 1.446336911E+01
8.620000000E-02 1.006694896E+00 1.011627756E-02 1.438283063E+01
8.670640000E-02 1.007292856E+00 1.283907201E-02 1.429882915E+01
8.706650000E-02 1.007156097E+00 1.501966881E-02 1.423969035E+01
8.732520000E-02 1.006785016E+00 1.660805606E-02 1.419750542E+01
8.765390000E-02 1.005952134E+00 1.853676255E-02 1.414426512E+01
8.799510000E-02 1.004707444E+00 2.031951498E-02 1.408942089E+01
8.829590000E-02 1.003369617E+00 2.163164395E-02 1.404142208E+01
8.861650000E-02 1.001793665E+00 2.273811028E-02 1.399062251E+01
8.881940000E-02 1.000751168E+00 2.328472701E-02 1.395866218E+01
8.901440000E-02 9.997429784E-01 2.369871027E-02 1.392808355E+01
8.933020000E-02 9.981117129E-01 2.416151155E-02 1.387884500E+01
8.998000000E-02 9.949573790E-01 2.445430901E-02 1.377861747E+01
9.071200000E-02 9.918098781E-01 2.398864261E-02 1.366743099E+01
9.145000000E-02 9.891857255E-01 2.289270584E-02 1.355713505E+01
9.224630000E-02 9.870916549E-01 2.129298386E-02 1.344010546E+01
9.335000000E-02 9.852577355E-01 1.905187962E-02 1.328119979E+01
9.500000000E-02 9.837037752E-01 1.613254299E-02 1.305052632E+01
9.692280000E-02 9.831157624E-01 1.305999771E-02 1.279162385E+01
9.924720000E-02 9.834046880E-01 1.046349369E-02 1.249204008E+01
1.031430000E-01 9.842187946E-01 7.518465671E-03 1.202020496E+01
1.075810000E-01 9.854632372E-01 5.175741867E-03 1.152433980E+01
1.114850000E-01 9.866676125E-01 3.740999968E-03 1.112077858E+01
1.154590000E-01 9.878614417E-01 2.721162931E-03 1.073801090E+01
1.196160000E-01 9.890038140E-01 1.983432642E-03 1.036483414E+01
1.236010000E-01 9.899830196E-01 1.491273006E-03 1.003066318E+01
1.280000000E-01 9.909327589E-01 1.111738372E-03 9.685937500E+00
1.327780000E-01 9.918411174E-01 8.299385332E-04 9.337390230E+00
1.374770000E-01 9.926145881E-01 6.427117358E-04 9.018235778E+00
1.429410000E-01 9.933878944E-01 5.000790838E-04 8.673508650E+00
1.487100000E-01 9.940888148E-01 4.075507251E-04 8.337031807E+00
1.548820000E-01 9.947316055E-01 3.511035423E-04 8.004803657E+00
1.601200000E-01 9.952151694E-01 3.251330776E-04 7.742942793E+00
1.612120000E-01 9.953095086E-01 3.214974075E-04 7.690494504E+00
1.618560000E-01 9.953659654E-01 3.195627181E-04 7.659895216E+00
1.624480000E-01 9.954180132E-01 3.178918362E-04 7.631980695E+00
1.641180000E-01 9.955689992E-01 3.150109463E-04 7.554320672E+00
1.650560000E-01 9.956604707E-01 3.179539796E-04 7.511390074E+00
1.660990000E-01 9.957675373E-01 3.360124664E-04 7.464223144E+00
1.670370000E-01 9.958572946E-01 3.735985536E-04 7.422307632E+00
1.694160000E-01 9.959762896E-01 4.852154391E-04 7.318080937E+00
1.705000000E-01 9.960064007E-01 4.995364982E-04 7.271554252E+00
1.741040000E-01 9.961565356E-01 4.893276879E-04 7.121031108E+00
1.760480000E-01 9.962513504E-01 4.829543190E-04 7.042397528E+00
1.788470000E-01 9.963955500E-01 4.779570825E-04 6.932182256E+00
1.810910000E-01 9.965153853E-01 4.915803072E-04 6.846281704E+00
1.852080000E-01 9.966670820E-01 5.287352139E-04 6.694095287E+00
2.120000000E-01 9.975028631E-01 5.066167188E-04 5.848113208E+00
2.257200000E-01 9.978218131E-01 4.954924035E-04 5.492645756E+00
2.284880000E-01 9.978860013E-01 4.946249425E-04 5.426105529E+00
2.307410000E-01 9.979403238E-01 5.037185203E-04 5.373123979E+00
2.371110000E-01 9.980304818E-01 5.329920033E-04 5.228774709E+00
2.711450000E-01 9.984438164E-01 4.776615150E-04 4.572461229E+00
3.226640000E-01 9.988600104E-01 3.831411076E-04 3.842387127E+00
3.877490000E-01 9.991831646E-01 2.816949238E-04 3.197429265E+00
4.883200000E-01 9.994867432E-01 1.761915609E-04 2.538908912E+00
5.567520000E-01 9.996284268E-01 1.304432960E-04 2.226844268E+00
6.032710000E-01 9.997105451E-01 1.074393383E-04 2.055129453E+00
6.419520000E-01 9.997782550E-01 9.200435510E-05 1.931297044E+00
6.644740000E-01 9.998218161E-01 8.427464079E-05 1.865836737E+00
6.840670000E-01 9.998677922E-01 7.818720788E-05 1.812395569E+00
6.938640000E-01 9.998951368E-01 7.535204394E-05 1.786805483E+00
7.048670000E-01 9.999344481E-01 7.232034031E-05 1.758913384E+00
7.082700000E-01 9.999496732E-01 7.141865239E-05 1.750462394E+00
7.118480000E-01 9.999688261E-01 7.054571841E-05 1.741663951E+00
7.140770000E-01 9.999824501E-01 7.017379560E-05 1.736227326E+00
7.155000000E-01 9.999921079E-01 7.014019022E-05 1.732774284E+00
7.163020000E-01 9.999979556E-01 7.025139763E-05 1.730834201E+00
7.165060000E-01 9.999994883E-01 7.030017375E-05 1.730341407E+00
7.166890000E-01 1.000000893E+00 7.035243612E-05 1.729899580E+00
7.172530000E-01 1.000005318E+00 7.056833225E-05 1.728539302E+00
7.179960000E-01 1.000011489E+00 7.100680887E-05 1.726750567E+00
7.192740000E-01 1.000023268E+00 7.231242337E-05 1.723682491E+00
7.209790000E-01 1.000040827E+00 7.563540312E-05 1.719606258E+00
7.231740000E-01 1.000066348E+00 8.405816288E-05 1.714386856E+00
7.252400000E-01 1.000092233E+00 9.810570434E-05 1.709503061E+00
7.273710000E-01 1.000118407E+00 1.203203466E-04 1.704494680E+00
7.298690000E-01 1.000143832E+00 1.564110259E-04 1.698660993E+00
7.316570000E-01 1.000154979E+00 1.873376401E-04 1.694509859E+00
7.344590000E-01 1.000161389E+00 2.385693019E-04 1.688045214E+00
7.371530000E-01 1.000153759E+00 2.847478782E-04 1.681876083E+00
7.414960000E-01 1.000126499E+00 3.452011213E-04 1.672025203E+00
7.452700000E-01 1.000096436E+00 3.879122879E-04 1.663558174E+00
7.461060000E-01 1.000088793E+00 3.967732401E-04 1.661694183E+00
7.477390000E-01 1.000071080E+00 4.130281825E-04 1.658065180E+00
7.490340000E-01 1.000058174E+00 4.249881693E-04 1.655198562E+00
7.502670000E-01 1.000043472E+00 4.348951949E-04 1.652478384E+00
7.525820000E-01 1.000013181E+00 4.490195067E-04 1.647395234E+00
7.528610000E-01 1.000009451E+00 4.503671611E-04 1.646784732E+00
7.540000000E-01 9.999936784E-01 4.545778683E-04 1.644297082E+00
7.586250000E-01 9.999347624E-01 4.554899035E-04 1.634272533E+00
7.622440000E-01 9.998983517E-01 4.442473385E-04 1.626513295E+00
7.655990000E-01 9.998724410E-01 4.296704375E-04 1.619385605E+00
7.695000000E-01 9.998504749E-01 4.118937855E-04 1.611176088E+00
7.760000000E-01 9.998275790E-01 3.848657650E-04 1.597680412E+00
7.852360000E-01 9.998101412E-01 3.550709403E-04 1.578888385E+00
8.077290000E-01 9.997904940E-01 3.098162382E-04 1.534920747E+00
8.470000000E-01 9.997800832E-01 2.595668428E-04 1.463754427E+00
9.049240000E-01 9.997828578E-01 2.096205987E-04 1.370059806E+00
9.567560000E-01 9.997966812E-01 1.757445148E-04 1.295837183E+00
9.725770000E-01 9.998046635E-01 1.671001961E-04 1.274757680E+00
9.826960000E-01 9.998126811E-01 1.651838864E-04 1.261631267E+00
9.914520000E-01 9.998167595E-01 1.688212657E-04 1.250489182E+00
1.019220000E+00 9.998101214E-01 1.645139449E-04 1.216420400E+00
1.045040000E+00 9.998136851E-01 1.524356730E-04 1.186366072E+00
1.063320000E+00 9.998175830E-01 1.494324497E-04 1.165970733E+00
1.097630000E+00 9.998173555E-01 1.381148964E-04 1.129524521E+00
1.155590000E+00 9.998258833E-01 1.176654891E-04 1.072871866E+00
1.189830000E+00 9.998339007E-01 1.084748734E-04 1.041997596E+00
1.211560000E+00 9.998365193E-01 1.055078470E-04 1.023308792E+00
1.252370000E+00 9.998411233E-01 9.532354649E-05 9.899630301E-01
1.336880000E+00 9.998540252E-01 7.743072099E-05 9.273831608E-01
1.449060000E+00 9.998707609E-01 5.969756402E-05 8.555891405E-01
1.584890000E+00 9.998885721E-01 4.458361509E-05 7.822624914E-01
1.737800000E+00 9.999052687E-01 3.283878507E-05 7.134307745E-01
1.935170000E+00 9.999223525E-01 2.290010665E-05 6.406672282E-01
2.178340000E+00 9.999380900E-01 1.533283931E-05 5.691489850E-01
2.461780000E+00 9.999513431E-01 1.008353515E-05 5.036193324E-01
2.871780000E+00 9.999643220E-01 5.917722446E-06 4.317183071E-01
3.333720000E+00 9.999737681E-01 3.513017728E-06 3.718968600E-01
3.855790000E+00 9.999807336E-01 2.102270321E-06 3.215424077E-01
4.271370000E+00 9.999846509E-01 1.461684981E-06 2.902581607E-01
4.554050000E+00 9.999868358E-01 1.163000060E-06 2.722411919E-01
4.734920000E+00 9.999881491E-01 1.011829026E-06 2.618418051E-01
4.851250000E+00 9.999890576E-01 9.276233332E-07 2.555629992E-01
4.893520000E+00 9.999894549E-01 9.046406201E-07 2.533554578E-01
4.920220000E+00 9.999897583E-01 9.145448912E-07 2.519806025E-01
4.938730000E+00 9.999900001E-01 9.588115553E-07 2.510361976E-01
4.956540000E+00 9.999902449E-01 1.054304300E-06 2.501341662E-01
4.978600000E+00 9.999905229E-01 1.263920828E-06 2.490258306E-01
5.006540000E+00 9.999907242E-01 1.639637693E-06 2.476360920E-01
5.032610000E+00 9.999907444E-01 1.979029459E-06 2.463532839E-01
5.060870000E+00 9.999906236E-01 2.208062698E-06 2.449776422E-01
5.112780000E+00 9.999904445E-01 2.281009854E-06 2.424903868E-01
5.178110000E+00 9.999904725E-01 2.194272362E-06 2.394309893E-01
5.253410000E+00 9.999906879E-01 2.089857478E-06 2.359990939E-01
5.301050000E+00 9.999909236E-01 2.077481927E-06 2.338781939E-01
5.356810000E+00 9.999911797E-01 2.255071276E-06 2.314437137E-01
5.400360000E+00 9.999912073E-01 2.432671286E-06 2.295772874E-01
5.470240000E+00 9.999911390E-01 2.460069063E-06 2.266445348E-01
5.549330000E+00 9.999912193E-01 2.346807985E-06 2.234143581E-01
5.636080000E+00 9.999914471E-01 2.268563636E-06 2.199755859E-01
5.695460000E+00 9.999915791E-01 2.325355336E-06 2.176821539E-01
5.770990000E+00 9.999916062E-01 2.337698927E-06 2.148331569E-01
5.864170000E+00 9.999916910E-01 2.222164192E-06 2.114195189E-01
6.009130000E+00 9.999919179E-01 2.039351811E-06 2.063193840E-01
6.212680000E+00 9.999922829E-01 1.814264614E-06 1.995596103E-01
6.436830000E+00 9.999926936E-01 1.600063464E-06 1.926103377E-01
6.695670000E+00 9.999931547E-01 1.390398732E-06 1.851644421E-01
6.933890000E+00 9.999935555E-01 1.227033860E-06 1.788029519E-01
7.199740000E+00 9.999939732E-01 1.072075697E-06 1.722006628E-01
7.498940000E+00 9.999944042E-01 9.255893238E-07 1.653300333E-01
7.785570000E+00 9.999947818E-01 8.083135069E-07 1.592433181E-01
8.059990000E+00 9.999951119E-01 7.131366367E-07 1.538215308E-01
8.314360000E+00 9.999953931E-01 6.374986079E-07 1.491155062E-01
8.588280000E+00 9.999956712E-01 5.668686234E-07 1.443595225E-01
8.848300000E+00 9.999959140E-01 5.086268975E-07 1.401173107E-01
9.120110000E+00 9.999961476E-01 4.557685108E-07 1.359413428E-01
9.384050000E+00 9.999963567E-01 4.108289387E-07 1.321177956E-01
9.702310000E+00 9.999965878E-01 3.638838871E-07 1.277840020E-01
9.997930000E+00 9.999967838E-01 3.260805682E-07 1.240056692E-01
1.012520000E+01 9.999968632E-01 3.113269682E-07 1.224469640E-01
1.025260000E+01 9.999969399E-01 2.973197103E-07 1.209254238E-01
1.034910000E+01 9.999969962E-01 2.872763757E-07 1.197978568E-01
1.043370000E+01 9.999970443E-01 2.787887039E-07 1.188264949E-01
1.044870000E+01 9.999970527E-01 2.773093416E-07 1.186559093E-01
1.047070000E+01 9.999970650E-01 2.751644566E-07 1.184066013E-01
1.055560000E+01 9.999971117E-01 2.671533622E-07 1.174542423E-01
1.071330000E+01 9.999971957E-01 2.529751347E-07 1.157253134E-01
1.083170000E+01 9.999972563E-01 2.429795798E-07 1.144603340E-01
1.103400000E+01 9.999973557E-01 2.270075289E-07 1.123617908E-01
1.127480000E+01 9.999974672E-01 2.096717154E-07 1.099620392E-01
1.150000000E+01 9.999975653E-01 1.949431442E-07 1.078086957E-01
1.180960000E+01 9.999976913E-01 1.767346620E-07 1.049823872E-01
1.213610000E+01 9.999978142E-01 1.597825609E-07 1.021580244E-01
1.235050000E+01 9.999978897E-01 1.497665486E-07 1.003845998E-01
1.253590000E+01 9.999979519E-01 1.417574489E-07 9.889995932E-02
1.268050000E+01 9.999979986E-01 1.358595282E-07 9.777216987E-02
1.279190000E+01 9.999980335E-01 1.315392433E-07 9.692070764E-02
1.282790000E+01 9.999980446E-01 1.301716273E-07 9.664871101E-02
1.289800000E+01 9.999980659E-01 1.275497026E-07 9.612342999E-02
1.294990000E+01 9.999980815E-01 1.256690827E-07 9.573819103E-02
1.323540000E+01 9.999981639E-01 1.158921626E-07 9.367302839E-02
1.349930000E+01 9.999982355E-01 1.076792343E-07 9.184179920E-02
1.383940000E+01 9.999983219E-01 9.814247681E-08 8.958480859E-02
1.539930000E+01 9.999986475E-01 6.595087865E-08 8.051015306E-02
1.750020000E+01 9.999989560E-01 4.084972534E-08 7.084490463E-02
1.971540000E+01 9.999991802E-01 2.609164043E-08 6.288485144E-02
2.237840000E+01 9.999993662E-01 1.617507147E-08 5.540163729E-02
2.537160000E+01 9.999995092E-01 1.004920590E-08 4.886566082E-02
2.880530000E+01 9.999996216E-01 6.201870371E-09 4.304069043E-02
3.114290000E+01 9.999996782E-01 4.607229117E-09 3.981003696E-02
3.279440000E+01 9.999997115E-01 3.781108443E-09 3.780523504E-02
3.388440000E+01 9.999997315E-01 3.336807123E-09 3.658910885E-02
3.465250000E+01 9.999997452E-01 3.062174655E-09 3.577808239E-02
3.511330000E+01 9.999997537E-01 2.934329600E-09 3.530855830E-02
3.530650000E+01 9.999997576E-01 3.006494606E-09 3.511534703E-02
3.542790000E+01 9.999997603E-01 3.234771476E-09 3.499501805E-02
3.552670000E+01 9.999997626E-01 3.627384327E-09 3.489769666E-02
3.561150000E+01 9.999997646E-01 4.175158616E-09 3.481459641E-02
3.571280000E+01 9.999997669E-01 5.132738002E-09 3.471584418E-02
3.583230000E+01 9.999997694E-01 6.678774049E-09 3.460006754E-02
3.598930000E+01 9.999997717E-01 9.142635063E-09 3.444912794E-02
3.614450000E+01 9.999997731E-01 1.149813628E-08 3.430120765E-02
3.630900000E+01 9.999997737E-01 1.331175960E-08 3.414580407E-02
3.649060000E+01 9.999997740E-01 1.429491890E-08 3.397587324E-02
3.679390000E+01 9.999997753E-01 1.448329299E-08 3.369580284E-02
3.713680000E+01 9.999997777E-01 1.406863703E-08 3.338467504E-02
3.764340000E+01 9.999997820E-01 1.340119942E-08 3.293538841E-02
3.834860000E+01 9.999997885E-01 1.253755270E-08 3.232973303E-02
3.924380000E+01 9.999997968E-01 1.154168049E-08 3.159225151E-02
4.031950000E+01 9.999998065E-01 1.046541174E-08 3.074938925E-02
4.161270000E+01 9.999998175E-01 9.323365191E-09 2.979378892E-02
4.307820000E+01 9.999998291E-01 8.213164570E-09 2.878021830E-02
4.472710000E+01 9.999998409E-01 7.168800895E-09 2.771921274E-02
4.612830000E+01 9.999998502E-01 6.410258797E-09 2.687720987E-02
4.743310000E+01 9.999998581E-01 5.791566781E-09 2.613786575E-02
4.876520000E+01 9.999998655E-01 5.232130371E-09 2.542386784E-02
5.059770000E+01 9.999998749E-01 4.565514425E-09 2.450309006E-02
5.235250000E+01 9.999998830E-01 4.026704503E-09 2.368177260E-02
5.404460000E+01 9.999998901E-01 3.580167608E-09 2.294031226E-02
5.603500000E+01 9.999998977E-01 3.128985228E-09 2.212545730E-02
5.743140000E+01 9.999999026E-01 2.854072819E-09 2.158749395E-02
5.857840000E+01 9.999999063E-01 2.651109326E-09 2.116479795E-02
6.011110000E+01 9.999999110E-01 2.407376547E-09 2.062514244E-02
6.154590000E+01 9.999999151E-01 2.204635013E-09 2.014431506E-02
6.286820000E+01 9.999999186E-01 2.036314000E-09 1.972062187E-02
6.448280000E+01 9.999999226E-01 1.852249619E-09 1.922683258E-02
6.611260000E+01 9.999999264E-01 1.687538196E-09 1.875285498E-02
6.732930000E+01 9.999999290E-01 1.576650688E-09 1.841397430E-02
6.784710000E+01 9.999999301E-01 1.531642957E-09 1.827344131E-02
6.809370000E+01 9.999999306E-01 1.510652082E-09 1.820726440E-02
6.879840000E+01 9.999999320E-01 1.453325850E-09 1.802076792E-02
6.950870000E+01 9.999999334E-01 1.397752717E-09 1.783661614E-02
7.080340000E+01 9.999999358E-01 1.303933868E-09 1.751045854E-02
7.127900000E+01 9.999999367E-01 1.271069068E-09 1.739362224E-02
7.286500000E+01 9.999999394E-01 1.169672253E-09 1.701502779E-02
7.501990000E+01 9.999999428E-01 1.047629239E-09 1.652628169E-02
7.721100000E+01 9.999999460E-01 9.400005091E-10 1.605729754E-02
7.828550000E+01 9.999999475E-01 8.918632880E-10 1.583690466E-02
8.008850000E+01 9.999999498E-01 8.184201390E-10 1.548037484E-02
8.051740000E+01 9.999999504E-01 8.018488583E-10 1.539791399E-02
8.150180000E+01 9.999999516E-01 7.659533363E-10 1.521193397E-02
8.209050000E+01 9.999999523E-01 7.452183648E-10 1.510284381E-02
8.247530000E+01 9.999999527E-01 7.322980364E-10 1.503237939E-02
8.344610000E+01 9.999999538E-01 7.006760433E-10 1.485749484E-02
8.413950000E+01 9.999999546E-01 6.789649020E-10 1.473505310E-02
8.634750000E+01 9.999999568E-01 6.152121491E-10 1.435826168E-02
8.841660000E+01 9.999999588E-01 5.623011623E-10 1.402225374E-02
9.029030000E+01 9.999999605E-01 5.189718818E-10 1.373126460E-02
9.463540000E+01 9.999999641E-01 4.337542908E-10 1.310080583E-02
1.068900000E+02 9.999999719E-01 2.725384208E-10 1.159883993E-02
1.204770000E+02 9.999999779E-01 1.720401504E-10 1.029076089E-02
1.359670000E+02 9.999999826E-01 1.080740289E-10 9.118389021E-03
1.533970000E+02 9.999999864E-01 6.798447801E-11 8.082296264E-03
1.728140000E+02 9.999999893E-01 4.300806926E-11 7.174187276E-03
1.955010000E+02 9.999999916E-01 2.679479062E-11 6.341655541E-03
2.203330000E+02 9.999999934E-01 1.695037111E-11 5.626937408E-03
2.490960000E+02 9.999999948E-01 1.063446405E-11 4.977197546E-03
2.798460000E+02 9.999999959E-01 6.849951701E-12 4.430293804E-03
3.161420000E+02 9.999999968E-01 4.340338592E-12 3.921655459E-03
3.591780000E+02 9.999999975E-01 2.708463091E-12 3.451770431E-03
4.085910000E+02 9.999999981E-01 1.695798009E-12 3.034330174E-03
4.654270000E+02 9.999999985E-01 1.064821483E-12 2.663790455E-03
5.298830000E+02 9.999999989E-01 6.765342826E-13 2.339761796E-03
6.060380000E+02 9.999999991E-01 4.275594645E-13 2.045746306E-03
7.002200000E+02 9.999999993E-01 2.643809230E-13 1.770586387E-03
8.122460000E+02 9.999999995E-01 1.637846698E-13 1.526384864E-03
9.495110000E+02 9.999999996E-01 1.006307730E-13 1.305724736E-03
1.139250000E+03 9.999999998E-01 5.761515897E-14 1.088259820E-03
1.347260000E+03 9.999999998E-01 3.427874910E-14 9.202381129E-04
1.619760000E+03 9.999999999E-01 1.939025115E-14 7.654220378E-04
1.947380000E+03 9.999999999E-01 1.096832625E-14 6.366502686E-04
2.341270000E+03 9.999999999E-01 6.204338653E-15 5.295416590E-04
2.814820000E+03 1.000000000E+00 3.509575620E-15 4.404544518E-04
3.384160000E+03 1.000000000E+00 1.985229446E-15 3.663538367E-04
4.068660000E+03 1.000000000E+00 1.122965066E-15 3.047194900E-04
4.891600000E+03 1.000000000E+00 6.352214647E-16 2.534549023E-04
5.881000000E+03 1.000000000E+00 3.593199323E-16 2.108144873E-04
7.070510000E+03 1.000000000E+00 2.032542096E-16 1.753480301E-04
8.500630000E+03 1.000000000E+00 1.149732487E-16 1.458480136E-04
1.000000000E+04 0.000000000E+00 0.000000000E+00 1.239800000E-04
