# 11/08/2021 
# Data retrieved from www.chemicool.com/densities.html 
# Includes the real (n) and complex (k) part of the  refractive index. 
# Element, Fe  (Z = 26) 
# Nominal density, g cm-3 =  7.87 
#    E [keV]      n       k    Wavelength [nm] 
1.000000000E-03 -1.516184407E+03 2.499738418E-03 1.239800000E+03
1.125000000E-03 -2.016869219E+02 0.000000000E+00 1.102044444E+03
1.265630000E-03 -1.590843369E+02 0.000000000E+00 9.795911917E+02
1.423830000E-03 -1.254293401E+02 0.000000000E+00 8.707500193E+02
1.601810000E-03 -9.884446856E+01 0.000000000E+00 7.739994132E+02
1.802030000E-03 -7.784676561E+01 0.000000000E+00 6.880018646E+02
2.027290000E-03 -6.125274375E+01 0.000000000E+00 6.115553276E+02
2.246670000E-03 -4.962385482E+01 0.000000000E+00 5.518389439E+02
2.438640000E-03 -4.191912919E+01 0.000000000E+00 5.083981235E+02
2.606610000E-03 -3.652890731E+01 0.000000000E+00 4.756369384E+02
2.753580000E-03 -3.260035204E+01 0.000000000E+00 4.502502197E+02
2.882180000E-03 -2.964557614E+01 0.000000000E+00 4.301605035E+02
2.994710000E-03 -2.736683694E+01 0.000000000E+00 4.139966808E+02
3.093170000E-03 -2.557437913E+01 0.000000000E+00 4.008185777E+02
3.179320000E-03 -2.414098682E+01 0.000000000E+00 3.899576010E+02
3.254710000E-03 -2.297873130E+01 0.000000000E+00 3.809248750E+02
3.320670000E-03 -2.202657166E+01 0.000000000E+00 3.733583885E+02
3.378380000E-03 -2.123942787E+01 0.000000000E+00 3.669806238E+02
3.479380000E-03 -1.995446357E+01 0.000000000E+00 3.563278515E+02
3.555140000E-03 -1.906164289E+01 0.000000000E+00 3.487345083E+02
3.611950000E-03 -1.842925477E+01 0.000000000E+00 3.432494913E+02
3.654560000E-03 -1.797401046E+01 0.000000000E+00 3.392474060E+02
3.686520000E-03 -1.764300529E+01 0.000000000E+00 3.363063268E+02
3.710490000E-03 -1.739993881E+01 0.000000000E+00 3.341337667E+02
3.746440000E-03 -1.704475832E+01 0.000000000E+00 3.309274938E+02
3.764410000E-03 -1.687123920E+01 0.000000000E+00 3.293477597E+02
3.782390000E-03 -1.669969264E+01 0.000000000E+00 3.277821695E+02
3.791700000E-03 -1.661206716E+01 0.000000000E+00 3.269773453E+02
3.801010000E-03 -1.652468182E+01 0.000000000E+00 3.261764636E+02
3.810320000E-03 -1.643834217E+01 0.000000000E+00 3.253794957E+02
3.819630000E-03 -1.635223404E+01 0.000000000E+00 3.245864128E+02
3.820680000E-03 -1.634269787E+01 0.000000000E+00 3.244972099E+02
3.830080000E-03 -1.625687784E+01 0.000000000E+00 3.237008104E+02
3.839490000E-03 -1.617120302E+01 0.000000000E+00 3.229074695E+02
3.848890000E-03 -1.608664243E+01 0.000000000E+00 3.221188447E+02
3.858300000E-03 -1.600221992E+01 0.000000000E+00 3.213332297E+02
3.867700000E-03 -1.591889428E+01 0.000000000E+00 3.205522662E+02
3.871970000E-03 -1.588120840E+01 0.000000000E+00 3.201987619E+02
3.878390000E-03 -1.582458897E+01 0.000000000E+00 3.196687285E+02
3.884800000E-03 -1.576872528E+01 0.000000000E+00 3.191412685E+02
3.890360000E-03 -1.572005560E+01 0.000000000E+00 3.186851602E+02
3.893130000E-03 -1.569588510E+01 0.000000000E+00 3.184584126E+02
3.895910000E-03 -1.567206628E+01 0.000000000E+00 3.182311706E+02
3.902960000E-03 -1.561112235E+01 0.000000000E+00 3.176563429E+02
3.907670000E-03 -1.557071986E+01 0.000000000E+00 3.172734648E+02
3.911190000E-03 -1.554052414E+01 0.000000000E+00 3.169879244E+02
3.912960000E-03 -1.552518145E+01 0.000000000E+00 3.168445371E+02
3.913840000E-03 -1.551775114E+01 0.000000000E+00 3.167732968E+02
3.914280000E-03 -1.551403787E+01 0.000000000E+00 3.167376887E+02
3.915010000E-03 -1.550787997E+01 0.000000000E+00 3.166786292E+02
3.915300000E-03 -1.550543463E+01 0.000000000E+00 3.166551733E+02
3.924120000E-03 -1.543056169E+01 0.000000000E+00 3.159434472E+02
3.926480000E-03 -1.541043708E+01 0.000000000E+00 3.157535503E+02
3.933530000E-03 -1.535090926E+01 0.000000000E+00 3.151876304E+02
3.937640000E-03 -1.531641651E+01 0.000000000E+00 3.148586463E+02
3.943800000E-03 -1.526473333E+01 0.000000000E+00 3.143668543E+02
3.949970000E-03 -1.521358581E+01 0.000000000E+00 3.138758016E+02
3.955850000E-03 -1.516467397E+01 0.000000000E+00 3.134092546E+02
3.961740000E-03 -1.511627226E+01 0.000000000E+00 3.129433027E+02
3.971140000E-03 -1.503895265E+01 0.000000000E+00 3.122025413E+02
3.980550000E-03 -1.496247183E+01 0.000000000E+00 3.114644961E+02
3.989950000E-03 -1.488661286E+01 0.000000000E+00 3.107307109E+02
4.004060000E-03 -1.477301920E+01 0.000000000E+00 3.096357197E+02
4.008760000E-03 -1.473496314E+01 0.000000000E+00 3.092726928E+02
4.012910000E-03 -1.470134507E+01 0.000000000E+00 3.089528547E+02
4.021170000E-03 -1.463545893E+01 0.000000000E+00 3.083182258E+02
4.029370000E-03 -1.457008389E+01 0.000000000E+00 3.076907804E+02
4.045650000E-03 -1.444145123E+01 0.000000000E+00 3.064526096E+02
4.061660000E-03 -1.431676718E+01 0.000000000E+00 3.052446537E+02
4.077430000E-03 -1.419499814E+01 0.000000000E+00 3.040640796E+02
4.092950000E-03 -1.407683817E+01 0.000000000E+00 3.029111032E+02
4.108230000E-03 -1.396177455E+01 0.000000000E+00 3.017844668E+02
4.138310000E-03 -1.373891166E+01 0.000000000E+00 2.995908958E+02
4.167450000E-03 -1.352778842E+01 0.000000000E+00 2.974960707E+02
4.195680000E-03 -1.332763268E+01 0.000000000E+00 2.954944133E+02
4.223030000E-03 -1.313707413E+01 0.000000000E+00 2.935806755E+02
4.249520000E-03 -1.295651295E+01 0.000000000E+00 2.917505977E+02
4.275190000E-03 -1.278461351E+01 0.000000000E+00 2.899988071E+02
4.300050000E-03 -1.262094152E+01 0.000000000E+00 2.883222288E+02
4.324140000E-03 -1.246521802E+01 0.000000000E+00 2.867159713E+02
4.347470000E-03 -1.231675445E+01 0.000000000E+00 2.851773560E+02
4.358770000E-03 -1.224564174E+01 0.000000000E+00 2.844380410E+02
4.536780000E-03 -1.119674821E+01 0.000000000E+00 2.732775228E+02
4.603530000E-03 -1.083484684E+01 0.000000000E+00 2.693150691E+02
4.661940000E-03 -1.053072286E+01 0.000000000E+00 2.659407886E+02
4.713050000E-03 -1.027409101E+01 0.000000000E+00 2.630568316E+02
4.757770000E-03 -1.005642888E+01 0.000000000E+00 2.605842653E+02
4.796890000E-03 -9.870725582E+00 0.000000000E+00 2.584591266E+02
4.831130000E-03 -9.712168766E+00 0.000000000E+00 2.566273315E+02
4.861090000E-03 -9.576323783E+00 0.000000000E+00 2.550456791E+02
4.887300000E-03 -9.459269977E+00 0.000000000E+00 2.536778999E+02
4.933180000E-03 -9.259135498E+00 0.000000000E+00 2.513186221E+02
4.967580000E-03 -9.112798910E+00 0.000000000E+00 2.495782655E+02
4.993390000E-03 -9.004772209E+00 0.000000000E+00 2.482882370E+02
5.012740000E-03 -8.925120086E+00 0.000000000E+00 2.473298037E+02
5.027250000E-03 -8.865826263E+00 0.000000000E+00 2.466159431E+02
5.049030000E-03 -8.778139536E+00 0.000000000E+00 2.455521160E+02
5.059910000E-03 -8.734534596E+00 0.000000000E+00 2.450241210E+02
5.065360000E-03 -8.712914366E+00 0.000000000E+00 2.447604909E+02
5.070800000E-03 -8.691402764E+00 0.000000000E+00 2.444979096E+02
5.083280000E-03 -8.642063036E+00 0.000000000E+00 2.438976409E+02
5.095760000E-03 -8.593315106E+00 0.000000000E+00 2.433003124E+02
5.108240000E-03 -8.544927878E+00 0.000000000E+00 2.427059026E+02
5.120720000E-03 -8.496674717E+00 0.000000000E+00 2.421143902E+02
5.133200000E-03 -8.448999423E+00 0.000000000E+00 2.415257539E+02
5.139440000E-03 -8.425182584E+00 0.000000000E+00 2.412325078E+02
5.145690000E-03 -8.401416872E+00 0.000000000E+00 2.409395047E+02
5.151930000E-03 -8.377995491E+00 0.000000000E+00 2.406476796E+02
5.158170000E-03 -8.354439981E+00 0.000000000E+00 2.403565606E+02
5.164410000E-03 -8.330970857E+00 0.000000000E+00 2.400661450E+02
5.170650000E-03 -8.307806534E+00 0.000000000E+00 2.397764304E+02
5.176890000E-03 -8.284508426E+00 0.000000000E+00 2.394874143E+02
5.180010000E-03 -8.272891323E+00 0.000000000E+00 2.393431673E+02
5.183130000E-03 -8.261295458E+00 0.000000000E+00 2.391990940E+02
5.186250000E-03 -8.249720772E+00 0.000000000E+00 2.390551940E+02
5.190930000E-03 -8.232615471E+00 0.000000000E+00 2.388396684E+02
5.193270000E-03 -8.223863387E+00 0.000000000E+00 2.387320513E+02
5.194440000E-03 -8.219708674E+00 0.000000000E+00 2.386782791E+02
5.194730000E-03 -8.218462510E+00 0.000000000E+00 2.386649547E+02
5.194840000E-03 -8.218072114E+00 0.000000000E+00 2.386599010E+02
5.194940000E-03 -8.217717230E+00 0.000000000E+00 2.386553069E+02
5.195110000E-03 -8.217113978E+00 0.000000000E+00 2.386474974E+02
5.195360000E-03 -8.216226946E+00 0.000000000E+00 2.386360137E+02
5.195480000E-03 -8.215801215E+00 0.000000000E+00 2.386305019E+02
5.195810000E-03 -8.214630609E+00 0.000000000E+00 2.386153458E+02
5.196570000E-03 -8.211718881E+00 0.000000000E+00 2.385804483E+02
5.208090000E-03 -8.169718224E+00 0.000000000E+00 2.380527218E+02
5.211210000E-03 -8.158310660E+00 0.000000000E+00 2.379101974E+02
5.220570000E-03 -8.124212148E+00 0.000000000E+00 2.374836464E+02
5.226810000E-03 -8.101796933E+00 0.000000000E+00 2.372001278E+02
5.233050000E-03 -8.079248983E+00 0.000000000E+00 2.369172853E+02
5.239290000E-03 -8.056782571E+00 0.000000000E+00 2.366351166E+02
5.245530000E-03 -8.034397299E+00 0.000000000E+00 2.363536192E+02
5.251780000E-03 -8.012270575E+00 0.000000000E+00 2.360723412E+02
5.258020000E-03 -7.990046046E+00 0.000000000E+00 2.357921803E+02
5.270500000E-03 -7.946047190E+00 0.000000000E+00 2.352338488E+02
5.282980000E-03 -7.902153636E+00 0.000000000E+00 2.346781551E+02
5.295460000E-03 -7.858782634E+00 0.000000000E+00 2.341250807E+02
5.307940000E-03 -7.815720624E+00 0.000000000E+00 2.335746071E+02
5.320420000E-03 -7.772758013E+00 0.000000000E+00 2.330267159E+02
5.328330000E-03 -7.745906474E+00 0.000000000E+00 2.326807837E+02
5.343900000E-03 -7.692967896E+00 0.000000000E+00 2.320028444E+02
5.358980000E-03 -7.642279846E+00 0.000000000E+00 2.313499957E+02
5.388210000E-03 -7.545343140E+00 0.000000000E+00 2.300949666E+02
5.415610000E-03 -7.455900856E+00 0.000000000E+00 2.289308130E+02
5.441290000E-03 -7.373310538E+00 0.000000000E+00 2.278503811E+02
5.489450000E-03 -7.221403528E+00 0.000000000E+00 2.258514059E+02
5.531590000E-03 -7.092029592E+00 0.000000000E+00 2.241308557E+02
5.614400000E-03 -6.845987735E+00 0.000000000E+00 2.208250214E+02
5.660650000E-03 -6.710815461E+00 0.000000000E+00 2.190207838E+02
5.826580000E-03 -6.252557934E+00 0.000000000E+00 2.127834853E+02
5.836540000E-03 -6.226280556E+00 0.000000000E+00 2.124203723E+02
5.865270000E-03 -6.151409073E+00 0.000000000E+00 2.113798683E+02
5.879640000E-03 -6.114295309E+00 0.000000000E+00 2.108632501E+02
5.892180000E-03 -6.082191993E+00 0.000000000E+00 2.104144816E+02
5.894000000E-03 -6.077650460E+00 0.000000000E+00 2.103495080E+02
5.908370000E-03 -6.041085952E+00 0.000000000E+00 2.098379079E+02
5.922740000E-03 -6.004792548E+00 0.000000000E+00 2.093287904E+02
5.937100000E-03 -5.968957041E+00 0.000000000E+00 2.088224891E+02
5.955650000E-03 -5.922808417E+00 0.000000000E+00 2.081720719E+02
5.969990000E-03 -5.887457081E+00 0.000000000E+00 2.076720397E+02
5.984330000E-03 -5.852528034E+00 0.000000000E+00 2.071744038E+02
5.998670000E-03 -5.817691289E+00 0.000000000E+00 2.066791472E+02
6.008930000E-03 -5.792971073E+00 0.000000000E+00 2.063262511E+02
6.023300000E-03 -5.758500967E+00 0.000000000E+00 2.058340113E+02
6.037660000E-03 -5.724464429E+00 0.000000000E+00 2.053444546E+02
6.052160000E-03 -5.690205198E+00 0.000000000E+00 2.048524824E+02
6.070380000E-03 -5.647564503E+00 0.000000000E+00 2.042376260E+02
6.084720000E-03 -5.614214287E+00 0.000000000E+00 2.037562945E+02
6.099060000E-03 -5.581103850E+00 0.000000000E+00 2.032772263E+02
6.110180000E-03 -5.555761252E+00 0.000000000E+00 2.029072793E+02
6.124680000E-03 -5.522729369E+00 0.000000000E+00 2.024269023E+02
6.139190000E-03 -5.489914900E+00 0.000000000E+00 2.019484655E+02
6.153230000E-03 -5.458478048E+00 0.000000000E+00 2.014876740E+02
6.168200000E-03 -5.425014355E+00 0.000000000E+00 2.009986706E+02
6.182240000E-03 -5.394027964E+00 0.000000000E+00 2.005421983E+02
6.182700000E-03 -5.393076552E+00 0.000000000E+00 2.005272777E+02
6.223310000E-03 -5.304475151E+00 0.000000000E+00 1.992187437E+02
6.294370000E-03 -5.153627635E+00 0.000000000E+00 1.969696729E+02
6.507550000E-03 -4.731087650E+00 0.000000000E+00 1.905171685E+02
6.511610000E-03 -4.723391286E+00 0.000000000E+00 1.903983807E+02
6.528770000E-03 -4.691285709E+00 0.000000000E+00 1.898979440E+02
6.543660000E-03 -4.663638145E+00 0.000000000E+00 1.894658341E+02
6.560910000E-03 -4.631720957E+00 0.000000000E+00 1.889676889E+02
6.576980000E-03 -4.602340357E+00 0.000000000E+00 1.885059708E+02
6.593050000E-03 -4.573178942E+00 0.000000000E+00 1.880465035E+02
6.609120000E-03 -4.544234562E+00 0.000000000E+00 1.875892706E+02
6.627710000E-03 -4.510912099E+00 0.000000000E+00 1.870631032E+02
6.646300000E-03 -4.478007627E+00 0.000000000E+00 1.865398793E+02
6.657330000E-03 -4.458550498E+00 0.000000000E+00 1.862308163E+02
6.673400000E-03 -4.430453888E+00 0.000000000E+00 1.857823598E+02
6.689470000E-03 -4.402563940E+00 0.000000000E+00 1.853360580E+02
6.705540000E-03 -4.374878651E+00 0.000000000E+00 1.848918954E+02
6.721610000E-03 -4.347396039E+00 0.000000000E+00 1.844498565E+02
6.758880000E-03 -4.284358968E+00 0.000000000E+00 1.834327581E+02
6.769820000E-03 -4.266017245E+00 0.000000000E+00 1.831363315E+02
6.785890000E-03 -4.239326681E+00 0.000000000E+00 1.827026374E+02
6.801960000E-03 -4.212829263E+00 0.000000000E+00 1.822709925E+02
6.818030000E-03 -4.186397296E+00 0.000000000E+00 1.818413823E+02
6.827910000E-03 -4.170394792E+00 0.000000000E+00 1.815782575E+02
6.832150000E-03 -4.163478006E+00 0.000000000E+00 1.814655709E+02
6.850170000E-03 -4.134352939E+00 0.000000000E+00 1.809882091E+02
6.861180000E-03 -4.116645416E+00 0.000000000E+00 1.806977808E+02
6.869730000E-03 -4.103049327E+00 0.000000000E+00 1.804728861E+02
6.877980000E-03 -4.089825311E+00 0.000000000E+00 1.802564125E+02
6.886520000E-03 -4.076345779E+00 0.000000000E+00 1.800328758E+02
6.894790000E-03 -4.063313907E+00 0.000000000E+00 1.798169342E+02
6.911590000E-03 -4.036892005E+00 0.000000000E+00 1.793798533E+02
6.953660000E-03 -3.971652779E+00 0.000000000E+00 1.782945959E+02
6.970440000E-03 -3.945938844E+00 0.000000000E+00 1.778653858E+02
6.984160000E-03 -3.925086637E+00 0.000000000E+00 1.775159790E+02
6.995620000E-03 -3.907648629E+00 0.000000000E+00 1.772251780E+02
7.012430000E-03 -3.882482272E+00 0.000000000E+00 1.768003388E+02
7.029230000E-03 -3.857395647E+00 0.000000000E+00 1.763777825E+02
7.071300000E-03 -3.795441419E+00 0.000000000E+00 1.753284403E+02
7.084230000E-03 -3.776553430E+00 0.000000000E+00 1.750084342E+02
7.096450000E-03 -3.758839376E+00 0.000000000E+00 1.747070718E+02
7.113260000E-03 -3.734755133E+00 0.000000000E+00 1.742942055E+02
7.130060000E-03 -3.710742974E+00 0.000000000E+00 1.738835297E+02
7.154720000E-03 -3.675811824E+00 0.000000000E+00 1.732842096E+02
7.163670000E-03 -3.663223571E+00 0.000000000E+00 1.730677153E+02
7.193550000E-03 -3.621625106E+00 0.000000000E+00 1.723488403E+02
7.247890000E-03 -3.544789250E+00 4.506801855E-07 1.710566799E+02
7.274160000E-03 -3.505609564E+00 3.389174553E-06 1.704389235E+02
7.295710000E-03 -3.473206274E+00 1.524899730E-05 1.699354826E+02
7.328060000E-03 -3.423776333E+00 1.141645002E-04 1.691852960E+02
7.392400000E-03 -3.319486081E+00 2.722214040E-03 1.677127861E+02
7.464310000E-03 -3.190459149E+00 2.824118299E-02 1.660970672E+02
7.538480000E-03 -3.087610891E+00 1.012225711E-01 1.644628625E+02
7.626780000E-03 -3.046613790E+00 1.616362419E-01 1.625587732E+02
7.723500000E-03 -2.997485131E+00 1.585832558E-01 1.605230789E+02
8.055040000E-03 -2.720363114E+00 1.140426860E-01 1.539160575E+02
8.345440000E-03 -2.460741654E+00 8.515983127E-02 1.485601718E+02
8.526460000E-03 -2.306906242E+00 7.092015879E-02 1.454061826E+02
8.659640000E-03 -2.198482499E+00 6.189388961E-02 1.431699239E+02
8.754040000E-03 -2.123993835E+00 5.619364166E-02 1.416260378E+02
8.798560000E-03 -2.089587791E+00 5.368346770E-02 1.409094215E+02
8.843090000E-03 -2.055707598E+00 5.124207304E-02 1.401998623E+02
8.864850000E-03 -2.039235784E+00 5.011906394E-02 1.398557223E+02
8.886620000E-03 -2.022881663E+00 4.900631597E-02 1.395131107E+02
8.908390000E-03 -2.006724626E+00 4.790383324E-02 1.391721736E+02
8.919270000E-03 -1.998658312E+00 4.735645994E-02 1.390024071E+02
8.930150000E-03 -1.990622359E+00 4.681161037E-02 1.388330543E+02
8.942740000E-03 -1.981402920E+00 4.619583421E-02 1.386375988E+02
8.951920000E-03 -1.974634287E+00 4.576349209E-02 1.384954289E+02
8.961610000E-03 -1.967549326E+00 4.530901545E-02 1.383456767E+02
8.968880000E-03 -1.962231302E+00 4.496933302E-02 1.382335364E+02
8.979780000E-03 -1.954318809E+00 4.446184511E-02 1.380657433E+02
8.990690000E-03 -1.946357023E+00 4.395651434E-02 1.378982036E+02
9.003840000E-03 -1.936891090E+00 4.335026466E-02 1.376968049E+02
9.010410000E-03 -1.932177389E+00 4.304848011E-02 1.375964024E+02
9.016990000E-03 -1.927395853E+00 4.274736198E-02 1.374959937E+02
9.028090000E-03 -1.919484057E+00 4.225851608E-02 1.373269429E+02
9.039180000E-03 -1.911537116E+00 4.177625793E-02 1.371584591E+02
9.055280000E-03 -1.900051522E+00 4.108067423E-02 1.369145957E+02
9.061380000E-03 -1.895720776E+00 4.081825562E-02 1.368224266E+02
9.083570000E-03 -1.880101331E+00 3.986912502E-02 1.364881869E+02
9.104280000E-03 -1.865530980E+00 3.900831887E-02 1.361777098E+02
9.126050000E-03 -1.850400817E+00 3.813810724E-02 1.358528608E+02
9.138100000E-03 -1.842047663E+00 3.765968871E-02 1.356737177E+02
9.150150000E-03 -1.833728597E+00 3.718365644E-02 1.354950465E+02
9.161250000E-03 -1.826099155E+00 3.674737494E-02 1.353308773E+02
9.177900000E-03 -1.814673865E+00 3.609673727E-02 1.350853681E+02
9.186220000E-03 -1.809023028E+00 3.577313496E-02 1.349630207E+02
9.197220000E-03 -1.801547004E+00 3.534720023E-02 1.348016031E+02
9.205640000E-03 -1.795803120E+00 3.503763043E-02 1.346783059E+02
9.211190000E-03 -1.792090275E+00 3.483427907E-02 1.345971585E+02
9.213960000E-03 -1.790205016E+00 3.473284967E-02 1.345566944E+02
9.219510000E-03 -1.786433741E+00 3.453012509E-02 1.344756934E+02
9.229220000E-03 -1.779886815E+00 3.417665956E-02 1.343342124E+02
9.230430000E-03 -1.779089378E+00 3.413254324E-02 1.343166028E+02
9.232960000E-03 -1.777360661E+00 3.404095736E-02 1.342797976E+02
9.235940000E-03 -1.775362956E+00 3.393271624E-02 1.342364719E+02
9.237440000E-03 -1.774393125E+00 3.387857203E-02 1.342146742E+02
9.238930000E-03 -1.773361242E+00 3.382453439E-02 1.341930288E+02
9.261120000E-03 -1.758518154E+00 3.302500308E-02 1.338714972E+02
9.283320000E-03 -1.743847095E+00 3.224514201E-02 1.335513588E+02
9.294420000E-03 -1.736484572E+00 3.186788559E-02 1.333918631E+02
9.305510000E-03 -1.729155215E+00 3.149240406E-02 1.332328911E+02
9.316610000E-03 -1.721914537E+00 3.111855215E-02 1.330741547E+02
9.333260000E-03 -1.711069989E+00 3.056087175E-02 1.328367580E+02
9.349900000E-03 -1.700224214E+00 3.000729476E-02 1.326003487E+02
9.372100000E-03 -1.685915229E+00 2.930528934E-02 1.322862539E+02
9.394290000E-03 -1.671650580E+00 2.860970388E-02 1.319737841E+02
9.411890000E-03 -1.660479307E+00 2.806242982E-02 1.317269964E+02
9.416480000E-03 -1.657556377E+00 2.792027582E-02 1.316627869E+02
9.434180000E-03 -1.646344852E+00 2.738736862E-02 1.314157669E+02
9.456470000E-03 -1.632313947E+00 2.673516635E-02 1.311060047E+02
9.460870000E-03 -1.629539270E+00 2.660703405E-02 1.310450307E+02
9.478760000E-03 -1.618385596E+00 2.608885386E-02 1.307976993E+02
9.501080000E-03 -1.604542374E+00 2.544736669E-02 1.304904285E+02
9.540450000E-03 -1.580391154E+00 2.437950940E-02 1.299519415E+02
9.580000000E-03 -1.556388339E+00 2.332354556E-02 1.294154489E+02
9.646660000E-03 -1.516590945E+00 2.166531447E-02 1.285211669E+02
9.767870000E-03 -1.446304967E+00 1.889343820E-02 1.269263412E+02
1.008730000E-02 -1.273185211E+00 1.300470993E-02 1.229070217E+02
1.013150000E-02 -1.250202643E+00 1.233618984E-02 1.223708237E+02
1.018140000E-02 -1.224023424E+00 1.160762224E-02 1.217710727E+02
1.020630000E-02 -1.210938410E+00 1.125816780E-02 1.214739916E+02
1.023130000E-02 -1.197743643E+00 1.091896987E-02 1.211771720E+02
1.025620000E-02 -1.184693701E+00 1.059199083E-02 1.208829781E+02
1.028120000E-02 -1.171702000E+00 1.026784779E-02 1.205890363E+02
1.030950000E-02 -1.157153457E+00 9.902870082E-03 1.202580145E+02
1.033100000E-02 -1.146156089E+00 9.642655794E-03 1.200077437E+02
1.035610000E-02 -1.133365285E+00 9.341880520E-03 1.197168818E+02
1.038140000E-02 -1.120645520E+00 9.043495153E-03 1.194251257E+02
1.040680000E-02 -1.107929548E+00 8.756588478E-03 1.191336434E+02
1.043220000E-02 -1.095312125E+00 8.473709294E-03 1.188435805E+02
1.045750000E-02 -1.082832095E+00 8.203685770E-03 1.185560602E+02
1.049490000E-02 -1.064614220E+00 7.810690020E-03 1.181335696E+02
1.050830000E-02 -1.058080528E+00 7.677722230E-03 1.179829278E+02
1.053050000E-02 -1.047407362E+00 7.458518047E-03 1.177342007E+02
1.055550000E-02 -1.035462715E+00 7.214879137E-03 1.174553550E+02
1.058040000E-02 -1.023646220E+00 6.976358597E-03 1.171789346E+02
1.060970000E-02 -1.009833951E+00 6.709979626E-03 1.168553305E+02
1.063030000E-02 -1.000188187E+00 6.525008883E-03 1.166288816E+02
1.078730000E-02 -9.287651590E-01 5.249555386E-03 1.149314472E+02
1.092410000E-02 -8.691419464E-01 4.306576188E-03 1.134921870E+02
1.095290000E-02 -8.568869415E-01 4.125612943E-03 1.131937660E+02
1.100730000E-02 -8.340393143E-01 3.799584989E-03 1.126343427E+02
1.103420000E-02 -8.228495149E-01 3.649062575E-03 1.123597542E+02
1.106110000E-02 -8.117467418E-01 3.499503426E-03 1.120865013E+02
1.107490000E-02 -8.061374045E-01 3.423628703E-03 1.119468347E+02
1.108840000E-02 -8.006002088E-01 3.353426371E-03 1.118105407E+02
1.110840000E-02 -7.924629252E-01 3.249418057E-03 1.116092327E+02
1.112850000E-02 -7.843876206E-01 3.146980833E-03 1.114076470E+02
1.114930000E-02 -7.760416769E-01 3.045951245E-03 1.111998063E+02
1.117280000E-02 -7.666568540E-01 2.932441356E-03 1.109659172E+02
1.119730000E-02 -7.560880037E-01 2.817061922E-03 1.107231208E+02
1.122450000E-02 -7.443833362E-01 2.694363190E-03 1.104548087E+02
1.125170000E-02 -7.328173968E-01 2.575094748E-03 1.101877938E+02
1.127890000E-02 -7.212966183E-01 2.459896540E-03 1.099220669E+02
1.131890000E-02 -7.040379391E-01 2.298549318E-03 1.095336119E+02
1.135330000E-02 -6.890069587E-01 2.164958980E-03 1.092017299E+02
1.139180000E-02 -6.723353227E-01 2.022188630E-03 1.088326691E+02
1.143860000E-02 -6.523743465E-01 1.859946189E-03 1.083873901E+02
1.148330000E-02 -6.335459147E-01 1.713377596E-03 1.079654803E+02
1.149250000E-02 -6.296913318E-01 1.683792903E-03 1.078790516E+02
1.151010000E-02 -6.223707999E-01 1.629144846E-03 1.077140946E+02
1.153440000E-02 -6.122881289E-01 1.556309872E-03 1.074871688E+02
1.156160000E-02 -6.011219837E-01 1.477161188E-03 1.072342928E+02
1.158940000E-02 -5.897910361E-01 1.399385476E-03 1.069770652E+02
1.161610000E-02 -5.789791328E-01 1.327338818E-03 1.067311748E+02
1.162300000E-02 -5.762388534E-01 1.309463091E-03 1.066678138E+02
1.164760000E-02 -5.663535598E-01 1.245635521E-03 1.064425289E+02
1.167500000E-02 -5.554476322E-01 1.178487645E-03 1.061927195E+02
1.170350000E-02 -5.442080726E-01 1.110912359E-03 1.059341223E+02
1.173210000E-02 -5.330331014E-01 1.045988638E-03 1.056758807E+02
1.174620000E-02 -5.275315548E-01 1.015345242E-03 1.055490286E+02
1.178450000E-02 -5.127740532E-01 9.349710357E-04 1.052059909E+02
1.182270000E-02 -4.981588973E-01 8.589279714E-04 1.048660627E+02
1.185130000E-02 -4.873546157E-01 8.056073751E-04 1.046129960E+02
1.188010000E-02 -4.765457169E-01 7.538876579E-04 1.043593909E+02
1.190930000E-02 -4.656841391E-01 7.041165909E-04 1.041035157E+02
1.194590000E-02 -4.522071579E-01 6.450336624E-04 1.037845621E+02
1.204250000E-02 -4.172633197E-01 5.075353396E-04 1.029520448E+02
1.218000000E-02 -3.691187115E-01 3.520667590E-04 1.017898194E+02
1.225140000E-02 -3.438135410E-01 2.885661941E-04 1.011965979E+02
1.243140000E-02 -2.693675958E-01 3.956348993E-04 9.973132551E+01
1.259240000E-02 -1.799662377E-01 1.086936256E-02 9.845621168E+01
1.270520000E-02 -1.121731469E-01 4.949418765E-02 9.758209237E+01
1.288250000E-02 -6.851579358E-02 1.449368650E-01 9.623908403E+01
1.329820000E-02 -8.195554352E-02 1.998278101E-01 9.323066280E+01
1.476240000E-02 1.013560978E-01 1.893809810E-01 8.398363410E+01
1.640590000E-02 2.923172947E-01 1.893908724E-01 7.557037407E+01
1.819700000E-02 4.471759141E-01 1.940149292E-01 6.813210969E+01
2.055000000E-02 5.878465885E-01 2.012044542E-01 6.033090024E+01
2.317400000E-02 6.898973888E-01 2.080474126E-01 5.349961163E+01
2.483130000E-02 7.354890329E-01 2.102633524E-01 4.992892035E+01
2.710800000E-02 7.800760157E-01 2.122197981E-01 4.573557621E+01
2.862160000E-02 8.016002859E-01 2.122907650E-01 4.331693546E+01
2.900000000E-02 8.063266708E-01 2.121279815E-01 4.275172414E+01
3.054920000E-02 8.224187070E-01 2.109573986E-01 4.058371414E+01
3.090300000E-02 8.255243064E-01 2.105335544E-01 4.011908229E+01
3.157600000E-02 8.308522580E-01 2.096066004E-01 3.926399797E+01
3.200000000E-02 8.340537817E-01 2.089662014E-01 3.874375000E+01
3.235940000E-02 8.368255553E-01 2.083885044E-01 3.831344215E+01
3.273410000E-02 8.393932512E-01 2.076869771E-01 3.787487666E+01
3.416110000E-02 8.479588795E-01 2.046474083E-01 3.629274233E+01
3.427680000E-02 8.486150864E-01 2.043905470E-01 3.617023760E+01
3.467370000E-02 8.506157408E-01 2.033940239E-01 3.575620715E+01
3.630780000E-02 8.577951906E-01 1.989393936E-01 3.414693262E+01
3.642310000E-02 8.582266375E-01 1.985867807E-01 3.403883799E+01
3.801890000E-02 8.635684308E-01 1.934796195E-01 3.261009656E+01
3.840230000E-02 8.646842868E-01 1.921522797E-01 3.228452462E+01
3.926820000E-02 8.669818490E-01 1.890530904E-01 3.157262110E+01
4.027170000E-02 8.694774261E-01 1.854457285E-01 3.078588686E+01
4.084100000E-02 8.706953129E-01 1.832015155E-01 3.035674935E+01
4.155450000E-02 8.721940465E-01 1.804627653E-01 2.983551721E+01
4.260040000E-02 8.742469732E-01 1.763804752E-01 2.910301312E+01
4.290220000E-02 8.747830958E-01 1.751406089E-01 2.889828494E+01
4.319450000E-02 8.753024757E-01 1.739566211E-01 2.870272836E+01
4.376090000E-02 8.762977152E-01 1.717070319E-01 2.833122719E+01
4.429190000E-02 8.772061780E-01 1.695831709E-01 2.799157408E+01
4.478970000E-02 8.780132837E-01 1.674595030E-01 2.768047118E+01
4.525640000E-02 8.787652703E-01 1.655156983E-01 2.739502037E+01
4.613150000E-02 8.801625316E-01 1.619881372E-01 2.687534548E+01
4.689720000E-02 8.813545122E-01 1.589144095E-01 2.643654632E+01
4.756710000E-02 8.823560805E-01 1.560998471E-01 2.606423347E+01
4.815330000E-02 8.832904656E-01 1.537141042E-01 2.574693739E+01
4.900000000E-02 8.847865896E-01 1.503890266E-01 2.530204082E+01
4.990050000E-02 8.863464019E-01 1.467737048E-01 2.484544243E+01
5.048960000E-02 8.873513689E-01 1.444094175E-01 2.455555203E+01
5.093140000E-02 8.880928688E-01 1.426822125E-01 2.434254703E+01
5.126280000E-02 8.886445850E-01 1.414112921E-01 2.418517912E+01
5.175980000E-02 8.894625694E-01 1.395441435E-01 2.395295190E+01
5.200830000E-02 8.898696540E-01 1.386096322E-01 2.383850270E+01
5.225690000E-02 8.902787176E-01 1.376690916E-01 2.372509659E+01
5.243080000E-02 8.905626862E-01 1.370182920E-01 2.364640631E+01
5.268890000E-02 8.909958032E-01 1.360130027E-01 2.353057285E+01
5.281790000E-02 8.912109448E-01 1.355098584E-01 2.347310287E+01
5.294700000E-02 8.914277834E-01 1.350092780E-01 2.341586870E+01
5.307600000E-02 8.916433938E-01 1.345124655E-01 2.335895697E+01
5.328590000E-02 8.919926304E-01 1.337109395E-01 2.326694304E+01
5.346320000E-02 8.922861756E-01 1.330404707E-01 2.318978288E+01
5.359220000E-02 8.924965227E-01 1.325565927E-01 2.313396352E+01
5.372130000E-02 8.927085204E-01 1.320751282E-01 2.307836929E+01
5.378370000E-02 8.928117187E-01 1.318434669E-01 2.305159370E+01
5.384600000E-02 8.929123116E-01 1.316132146E-01 2.302492293E+01
5.397940000E-02 8.931297399E-01 1.311221212E-01 2.296802113E+01
5.401990000E-02 8.931957000E-01 1.309734992E-01 2.295080146E+01
5.411110000E-02 8.933436229E-01 1.306404752E-01 2.291211969E+01
5.424370000E-02 8.935582350E-01 1.301586302E-01 2.285611048E+01
5.437620000E-02 8.937696555E-01 1.296804027E-01 2.280041636E+01
5.449560000E-02 8.939608226E-01 1.292520414E-01 2.275046059E+01
5.457210000E-02 8.940830733E-01 1.289789098E-01 2.271856865E+01
5.463640000E-02 8.941872009E-01 1.287501746E-01 2.269183182E+01
5.470070000E-02 8.942891766E-01 1.285221578E-01 2.266515785E+01
5.480350000E-02 8.944516411E-01 1.281590746E-01 2.262264271E+01
5.485490000E-02 8.945326952E-01 1.279781175E-01 2.260144490E+01
5.490630000E-02 8.946155716E-01 1.277976131E-01 2.258028678E+01
5.497260000E-02 8.947205511E-01 1.275656188E-01 2.255305370E+01
5.500570000E-02 8.947718078E-01 1.274494566E-01 2.253948227E+01
5.503890000E-02 8.948253308E-01 1.273297358E-01 2.252588624E+01
5.513830000E-02 8.949867474E-01 1.269724758E-01 2.248527793E+01
5.516310000E-02 8.950253944E-01 1.268837119E-01 2.247516909E+01
5.517140000E-02 8.950396788E-01 1.268539948E-01 2.247178792E+01
5.530390000E-02 8.952531826E-01 1.263809631E-01 2.241794882E+01
5.532050000E-02 8.952797144E-01 1.263217598E-01 2.241122188E+01
5.543650000E-02 8.954662239E-01 1.259101643E-01 2.236432675E+01
5.548120000E-02 8.955376669E-01 1.257522139E-01 2.234630830E+01
5.561540000E-02 8.957499134E-01 1.252799791E-01 2.229238664E+01
5.567010000E-02 8.958376412E-01 1.250882726E-01 2.227048272E+01
5.575210000E-02 8.959687774E-01 1.248018941E-01 2.223772737E+01
5.584400000E-02 8.961139171E-01 1.244824551E-01 2.220113172E+01
5.596660000E-02 8.963313560E-01 1.240585165E-01 2.215249810E+01
5.609910000E-02 8.965658089E-01 1.236031241E-01 2.210017630E+01
5.614730000E-02 8.966523876E-01 1.234379503E-01 2.208120426E+01
5.623170000E-02 8.968014230E-01 1.231502032E-01 2.204806186E+01
5.628020000E-02 8.968850135E-01 1.229853264E-01 2.202906173E+01
5.641320000E-02 8.971188001E-01 1.225349743E-01 2.197712592E+01
5.649680000E-02 8.972654202E-01 1.222532518E-01 2.194460571E+01
5.667910000E-02 8.975846721E-01 1.216432876E-01 2.187402411E+01
5.682270000E-02 8.978443661E-01 1.211664024E-01 2.181874497E+01
5.696180000E-02 8.980974644E-01 1.207076969E-01 2.176546387E+01
5.723130000E-02 8.985815898E-01 1.198273672E-01 2.166297114E+01
5.748400000E-02 8.990428495E-01 1.189783462E-01 2.156774059E+01
5.795770000E-02 8.999026534E-01 1.173930632E-01 2.139146308E+01
5.837220000E-02 9.006444063E-01 1.160349916E-01 2.123956267E+01
5.909760000E-02 9.019194191E-01 1.137131367E-01 2.097885532E+01
5.981800000E-02 9.031786926E-01 1.114296869E-01 2.072620282E+01
6.079600000E-02 9.050546644E-01 1.084491471E-01 2.039278900E+01
6.317250000E-02 9.101683374E-01 1.015626416E-01 1.962562824E+01
6.381010000E-02 9.116945267E-01 9.980017089E-02 1.942952605E+01
6.440650000E-02 9.134253150E-01 9.818750575E-02 1.924960990E+01
6.544560000E-02 9.176701555E-01 9.577484426E-02 1.894397790E+01
6.605520000E-02 9.211349476E-01 9.631836494E-02 1.876915065E+01
6.717340000E-02 9.218872823E-01 1.003034093E-01 1.845671054E+01
8.350730000E-02 9.268735933E-01 6.529194392E-02 1.484660622E+01
9.495110000E-02 9.386564342E-01 4.989123975E-02 1.305724736E+01
9.633070000E-02 9.400365150E-01 4.841582354E-02 1.287024801E+01
9.779250000E-02 9.415404974E-01 4.691986526E-02 1.267786384E+01
9.903710000E-02 9.430286207E-01 4.571852531E-02 1.251854103E+01
1.004550000E-01 9.451194909E-01 4.509514788E-02 1.234184461E+01
1.110070000E-01 9.495916454E-01 3.836414055E-02 1.116866504E+01
1.548820000E-01 9.679771227E-01 1.825161336E-02 8.004803657E+00
2.035870000E-01 9.791721876E-01 9.256800823E-03 6.089779799E+00
2.735040000E-01 9.875636850E-01 4.193849345E-03 4.533023283E+00
3.548130000E-01 9.924133411E-01 1.999804755E-03 3.494234991E+00
4.472460000E-01 9.952810726E-01 1.006331743E-03 2.772076218E+00
5.268590000E-01 9.967418312E-01 6.104677292E-04 2.353191271E+00
5.886750000E-01 9.975623580E-01 4.320770277E-04 2.106085701E+00
6.277150000E-01 9.980123234E-01 3.530326351E-04 1.975100165E+00
6.500000000E-01 9.982658489E-01 3.161481299E-04 1.907384615E+00
6.636290000E-01 9.984314069E-01 2.959817611E-04 1.868212510E+00
6.749240000E-01 9.985761067E-01 2.804864866E-04 1.836947567E+00
6.800870000E-01 9.986495677E-01 2.737217408E-04 1.823002057E+00
6.851720000E-01 9.987244197E-01 2.672675893E-04 1.809472658E+00
6.893710000E-01 9.987920219E-01 2.620962606E-04 1.798451052E+00
6.909440000E-01 9.988178828E-01 2.601910331E-04 1.794356706E+00
6.951030000E-01 9.988918860E-01 2.552523480E-04 1.783620557E+00
6.971200000E-01 9.989317796E-01 2.529142775E-04 1.778459950E+00
6.996870000E-01 9.989871411E-01 2.500568985E-04 1.771935165E+00
6.999320000E-01 9.989926506E-01 2.497970858E-04 1.771314928E+00
7.034530000E-01 9.990779364E-01 2.468085381E-04 1.762448948E+00
7.052500000E-01 9.991279027E-01 2.465851242E-04 1.757958171E+00
7.069920000E-01 9.991822785E-01 2.484345308E-04 1.753626632E+00
7.089010000E-01 9.992491683E-01 2.548084942E-04 1.748904290E+00
7.102100000E-01 9.992997084E-01 2.633879278E-04 1.745680855E+00
7.115360000E-01 9.993547200E-01 2.771161012E-04 1.742427649E+00
7.130330000E-01 9.994203699E-01 3.003462390E-04 1.738769454E+00
7.137420000E-01 9.994523673E-01 3.147860184E-04 1.737042237E+00
7.147250000E-01 9.994970603E-01 3.388609955E-04 1.734653188E+00
7.154470000E-01 9.995297574E-01 3.596876717E-04 1.732902647E+00
7.162780000E-01 9.995666532E-01 3.870952834E-04 1.730892195E+00
7.168120000E-01 9.995897403E-01 4.066673852E-04 1.729602741E+00
7.169700000E-01 9.995965335E-01 4.126680317E-04 1.729221585E+00
7.170300000E-01 9.995990930E-01 4.149168862E-04 1.729076887E+00
7.171340000E-01 9.996034297E-01 4.190977251E-04 1.728826133E+00
7.172900000E-01 9.996099471E-01 4.253831670E-04 1.728450139E+00
7.173680000E-01 9.996132150E-01 4.285260965E-04 1.728262203E+00
7.174530000E-01 9.996167391E-01 4.319217725E-04 1.728057448E+00
7.194030000E-01 9.996899734E-01 5.214214340E-04 1.723373408E+00
7.199470000E-01 9.997075980E-01 5.490928820E-04 1.722071208E+00
7.215510000E-01 9.997496416E-01 6.364765841E-04 1.718243063E+00
7.222400000E-01 9.997653497E-01 6.753480466E-04 1.716603899E+00
7.231310000E-01 9.997776189E-01 7.267656242E-04 1.714488799E+00
7.239460000E-01 9.997894495E-01 7.745552143E-04 1.712558672E+00
7.252520000E-01 9.997993053E-01 8.508336907E-04 1.709474776E+00
7.265580000E-01 9.998002589E-01 9.257191491E-04 1.706401967E+00
7.277600000E-01 9.997948428E-01 9.925307453E-04 1.703583599E+00
7.293160000E-01 9.997791530E-01 1.075129888E-03 1.699948993E+00
7.309500000E-01 9.997548671E-01 1.156954418E-03 1.696148847E+00
7.337000000E-01 9.996971237E-01 1.281679068E-03 1.689791468E+00
7.345000000E-01 9.996757694E-01 1.315878194E-03 1.687950987E+00
7.353250000E-01 9.996539587E-01 1.347702229E-03 1.686057186E+00
7.385000000E-01 9.995561472E-01 1.453728742E-03 1.678808395E+00
7.405000000E-01 9.994877729E-01 1.504897869E-03 1.674274139E+00
7.450940000E-01 9.993293396E-01 1.575127781E-03 1.663951126E+00
7.542890000E-01 9.990767098E-01 1.585606588E-03 1.643667083E+00
7.814770000E-01 9.987628774E-01 1.420917277E-03 1.586483031E+00
8.104390000E-01 9.986725182E-01 1.257373421E-03 1.529788177E+00
8.252930000E-01 9.986763077E-01 1.183126127E-03 1.502254351E+00
8.361670000E-01 9.987122190E-01 1.156244162E-03 1.482718165E+00
8.430220000E-01 9.987228117E-01 1.173218710E-03 1.470661501E+00
8.551550000E-01 9.986755640E-01 1.181787586E-03 1.449795651E+00
8.790910000E-01 9.986251904E-01 1.086232629E-03 1.410320433E+00
9.250360000E-01 9.986349393E-01 9.199349083E-04 1.340272162E+00
9.729080000E-01 9.986867138E-01 7.760977265E-04 1.274323985E+00
1.024000000E+00 9.987601144E-01 6.535891388E-04 1.210742187E+00
1.102100000E+00 9.988776742E-01 5.105384495E-04 1.124943290E+00
1.159990000E+00 9.989617096E-01 4.291090204E-04 1.068802317E+00
1.211870000E+00 9.990321111E-01 3.694185321E-04 1.023047026E+00
1.258930000E+00 9.990918589E-01 3.237941622E-04 9.848045563E-01
1.317340000E+00 9.991605176E-01 2.766158384E-04 9.411389618E-01
1.386360000E+00 9.992337585E-01 2.314543468E-04 8.942843129E-01
1.445050000E+00 9.992897174E-01 2.002746141E-04 8.579633923E-01
1.496860000E+00 9.993346013E-01 1.770224934E-04 8.282671726E-01
1.537680000E+00 9.993672828E-01 1.610059302E-04 8.062795900E-01
1.578190000E+00 9.993976079E-01 1.468111711E-04 7.855834849E-01
1.623710000E+00 9.994294664E-01 1.327011473E-04 7.635599953E-01
1.680310000E+00 9.994658458E-01 1.175019187E-04 7.378400414E-01
1.696120000E+00 9.994754340E-01 1.136511849E-04 7.309624319E-01
1.730900000E+00 9.994956783E-01 1.056857617E-04 7.162747704E-01
1.760140000E+00 9.995118848E-01 9.954228077E-05 7.043757883E-01
1.771500000E+00 9.995179829E-01 9.728204842E-05 6.998588767E-01
1.806650000E+00 9.995361625E-01 9.067799408E-05 6.862424930E-01
1.811480000E+00 9.995385844E-01 8.982211274E-05 6.844127454E-01
1.820700000E+00 9.995431583E-01 8.821529597E-05 6.809468886E-01
1.834160000E+00 9.995497298E-01 8.592223789E-05 6.759497536E-01
1.847480000E+00 9.995560925E-01 8.371621727E-05 6.710762769E-01
1.874520000E+00 9.995686215E-01 7.948431244E-05 6.613959840E-01
1.889720000E+00 9.995754414E-01 7.721275224E-05 6.560760324E-01
1.939000000E+00 9.995964829E-01 7.041264640E-05 6.394017535E-01
1.990520000E+00 9.996169189E-01 6.404989439E-05 6.228523200E-01
1.995240000E+00 9.996187190E-01 6.350796986E-05 6.213788817E-01
2.015590000E+00 9.996263399E-01 6.122560393E-05 6.151052545E-01
2.043930000E+00 9.996365958E-01 5.820216177E-05 6.065765462E-01
2.076560000E+00 9.996479193E-01 5.495227045E-05 5.970451131E-01
2.155100000E+00 9.996731805E-01 4.806064775E-05 5.752865296E-01
2.182450000E+00 9.996813530E-01 4.591220908E-05 5.680771610E-01
2.209790000E+00 9.996892408E-01 4.388809390E-05 5.610487874E-01
2.219670000E+00 9.996920156E-01 4.318632669E-05 5.585514964E-01
2.253670000E+00 9.997012940E-01 4.087715267E-05 5.501249074E-01
2.274440000E+00 9.997067579E-01 3.952838002E-05 5.451012117E-01
2.282950000E+00 9.997089563E-01 3.899626368E-05 5.430692744E-01
2.324320000E+00 9.997193052E-01 3.652834108E-05 5.334033180E-01
2.343230000E+00 9.997238656E-01 3.546103666E-05 5.290987227E-01
2.448860000E+00 9.997474511E-01 3.020142030E-05 5.062763898E-01
2.590820000E+00 9.997747229E-01 2.458391709E-05 4.785357532E-01
2.830160000E+00 9.998118142E-01 1.776990270E-05 4.380671057E-01
3.119340000E+00 9.998457147E-01 1.241251893E-05 3.974558721E-01
3.572150000E+00 9.998831620E-01 7.507447586E-06 3.470738911E-01
4.079050000E+00 9.999110775E-01 4.576855043E-06 3.039433201E-01
4.639330000E+00 9.999318655E-01 2.824790908E-06 2.672368639E-01
5.281820000E+00 9.999480377E-01 1.732860615E-06 2.347296954E-01
5.827430000E+00 9.999578614E-01 1.195029188E-06 2.127524483E-01
6.223080000E+00 9.999635495E-01 9.313203006E-07 1.992261067E-01
6.505840000E+00 9.999671429E-01 7.868358377E-07 1.905672442E-01
6.698560000E+00 9.999695013E-01 7.041026302E-07 1.850845555E-01
6.841790000E+00 9.999713407E-01 6.495462771E-07 1.812098881E-01
6.917100000E+00 9.999724713E-01 6.324910209E-07 1.792369635E-01
6.947730000E+00 9.999730234E-01 6.557836925E-07 1.784467733E-01
6.967420000E+00 9.999734223E-01 7.060051492E-07 1.779424809E-01
6.983640000E+00 9.999737762E-01 7.851503425E-07 1.775291968E-01
7.001320000E+00 9.999741793E-01 9.272417059E-07 1.770808933E-01
7.019620000E+00 9.999745961E-01 1.151758243E-06 1.766192472E-01
7.038420000E+00 9.999749912E-01 1.472275557E-06 1.761474876E-01
7.068060000E+00 9.999754533E-01 2.133713239E-06 1.754088109E-01
7.107090000E+00 9.999756278E-01 3.084569873E-06 1.744455185E-01
7.135150000E+00 9.999754817E-01 3.630137034E-06 1.737594865E-01
7.170900000E+00 9.999751598E-01 4.035123965E-06 1.728932212E-01
7.220000000E+00 9.999748029E-01 4.177233874E-06 1.717174515E-01
7.279210000E+00 9.999746591E-01 4.104386741E-06 1.703206804E-01
7.359570000E+00 9.999747308E-01 3.954605035E-06 1.684609291E-01
7.494650000E+00 9.999751256E-01 3.711183057E-06 1.654246696E-01
7.649300000E+00 9.999757309E-01 3.454463585E-06 1.620801903E-01
7.864410000E+00 9.999766773E-01 3.130963436E-06 1.576469182E-01
8.109000000E+00 9.999777851E-01 2.805624710E-06 1.528918486E-01
8.354070000E+00 9.999788719E-01 2.523499358E-06 1.484067048E-01
8.596190000E+00 9.999798952E-01 2.278049588E-06 1.442266865E-01
8.849080000E+00 9.999809099E-01 2.049129385E-06 1.401049601E-01
9.045310000E+00 9.999816571E-01 1.891611687E-06 1.370655069E-01
9.286910000E+00 9.999825289E-01 1.717989659E-06 1.334997324E-01
9.549930000E+00 9.999834174E-01 1.551853019E-06 1.298229411E-01
9.702830000E+00 9.999839074E-01 1.464304207E-06 1.277771537E-01
9.917990000E+00 9.999845628E-01 1.351430096E-06 1.250051674E-01
1.011010000E+01 9.999851182E-01 1.260510767E-06 1.226298454E-01
1.019880000E+01 9.999853643E-01 1.220609059E-06 1.215633212E-01
1.051240000E+01 9.999861919E-01 1.092797069E-06 1.179369126E-01
1.080130000E+01 9.999868976E-01 9.899404600E-07 1.147824799E-01
1.108550000E+01 9.999875418E-01 9.000904294E-07 1.118397907E-01
1.139350000E+01 9.999881896E-01 8.133166363E-07 1.088164304E-01
1.182110000E+01 9.999890116E-01 7.088812035E-07 1.048802565E-01
1.258500000E+01 9.999902872E-01 5.615551474E-07 9.851410409E-02
1.355810000E+01 9.999916200E-01 4.255816887E-07 9.144349134E-02
1.479850000E+01 9.999929600E-01 3.061257690E-07 8.377876136E-02
1.675710000E+01 9.999945098E-01 1.913045410E-07 7.398654899E-02
1.904390000E+01 9.999957525E-01 1.173095102E-07 6.510221121E-02
2.151730000E+01 9.999966769E-01 7.337073263E-08 5.761875328E-02
2.426610000E+01 9.999973907E-01 4.601862401E-08 5.109185242E-02
2.748960000E+01 9.999979698E-01 2.828364798E-08 4.510069263E-02
3.096260000E+01 9.999984019E-01 1.773837452E-08 4.004185695E-02
3.487400000E+01 9.999987419E-01 1.108561581E-08 3.555084017E-02
3.913600000E+01 9.999990021E-01 7.021201290E-09 3.167927228E-02
4.381680000E+01 9.999992048E-01 4.470442417E-09 2.829508316E-02
4.911020000E+01 9.999993675E-01 2.832953967E-09 2.524526473E-02
5.488350000E+01 9.999994940E-01 1.810764285E-09 2.258966720E-02
6.025950000E+01 9.999995805E-01 1.242456488E-09 2.057434927E-02
6.560840000E+01 9.999996463E-01 8.806083634E-10 1.889697051E-02
7.043450000E+01 9.999996932E-01 6.601953865E-10 1.760216939E-02
7.455380000E+01 9.999997263E-01 5.242493521E-10 1.662960171E-02
7.734200000E+01 9.999997457E-01 4.517372726E-10 1.603010007E-02
7.871170000E+01 9.999997545E-01 4.206905726E-10 1.575115262E-02
8.026300000E+01 9.999997639E-01 3.885353848E-10 1.544671891E-02
8.242760000E+01 9.999997761E-01 3.486949489E-10 1.504107847E-02
8.551280000E+01 9.999997920E-01 3.001414632E-10 1.449841427E-02
9.024440000E+01 9.999998133E-01 2.409707737E-10 1.373824858E-02
9.664210000E+01 9.999998372E-01 1.823141373E-10 1.282877752E-02
1.063100000E+02 9.999998655E-01 1.235056439E-10 1.166212021E-02
1.188270000E+02 9.999998924E-01 7.843593844E-11 1.043365565E-02
1.330800000E+02 9.999999142E-01 4.942151131E-11 9.316200781E-03
1.484840000E+02 9.999999311E-01 3.161637458E-11 8.349721182E-03
1.653390000E+02 9.999999445E-01 2.041468955E-11 7.498533316E-03
1.844120000E+02 9.999999554E-01 1.312377745E-11 6.722989827E-03
2.058480000E+02 9.999999642E-01 8.411454489E-12 6.022890677E-03
2.290100000E+02 9.999999711E-01 5.481732609E-12 5.413737391E-03
2.550910000E+02 9.999999767E-01 3.564708688E-12 4.860226351E-03
2.846740000E+02 9.999999813E-01 2.310622452E-12 4.355157127E-03
3.202930000E+02 9.999999852E-01 1.458307423E-12 3.870830771E-03
3.569580000E+02 9.999999881E-01 9.605152676E-13 3.473237748E-03
3.995240000E+02 9.999999905E-01 6.263974855E-13 3.103192799E-03
4.496260000E+02 9.999999925E-01 4.034365046E-13 2.757402819E-03
5.109620000E+02 9.999999942E-01 2.532444094E-13 2.426403529E-03
5.821030000E+02 9.999999955E-01 1.596486527E-13 2.129863615E-03
6.637910000E+02 9.999999966E-01 1.016610967E-13 1.867756568E-03
7.618600000E+02 9.999999974E-01 6.432260441E-14 1.627333106E-03
8.861350000E+02 9.999999981E-01 3.961422190E-14 1.399109616E-03
1.022000000E+03 9.999999985E-01 2.559860497E-14 1.213111546E-03
1.228710000E+03 9.999999990E-01 1.462305323E-14 1.009025726E-03
1.477240000E+03 9.999999993E-01 8.353221821E-15 8.392678238E-04
1.776030000E+03 9.999999995E-01 4.771716128E-15 6.980737938E-04
2.135260000E+03 9.999999997E-01 2.725795431E-15 5.806318668E-04
2.567150000E+03 9.999999998E-01 1.557078678E-15 4.829480163E-04
3.086390000E+03 9.999999998E-01 8.894650990E-16 4.016990724E-04
3.710660000E+03 9.999999999E-01 5.080987220E-16 3.341184587E-04
4.461190000E+03 9.999999999E-01 2.902473532E-16 2.779079125E-04
5.363530000E+03 9.999999999E-01 1.658011006E-16 2.311537364E-04
6.448380000E+03 1.000000000E+00 9.471230972E-17 1.922653442E-04
7.752660000E+03 1.000000000E+00 5.410350456E-17 1.599193051E-04
9.320750000E+03 1.000000000E+00 3.090613084E-17 1.330150471E-04
1.000000000E+04 0.000000000E+00 0.000000000E+00 1.239800000E-04
