# 11/08/2021 
# Data retrieved from www.chemicool.com/densities.html 
# Includes the real (n) and complex (k) part of the  refractive index. 
# Element, Ga  (Z = 31) 
# Nominal density, g cm-3 =  5.907 
#    E [keV]      n       k    Wavelength [nm] 
1.000000000E-03 -1.085828881E+03 3.315919213E-03 1.239800000E+03
1.125000000E-03 -7.608782470E+01 0.000000000E+00 1.102044444E+03
1.242080000E-03 -6.214194039E+01 0.000000000E+00 9.981643694E+02
1.344520000E-03 -5.281482480E+01 0.000000000E+00 9.221134680E+02
1.434160000E-03 -4.624140091E+01 0.000000000E+00 8.644781614E+02
1.500000000E-03 -4.214773384E+01 0.000000000E+00 8.265333333E+02
1.591020000E-03 -3.727846276E+01 0.000000000E+00 7.792485324E+02
1.708670000E-03 -3.210671054E+01 0.000000000E+00 7.255935903E+02
1.796910000E-03 -2.887947865E+01 0.000000000E+00 6.899622129E+02
1.863080000E-03 -2.675522273E+01 0.000000000E+00 6.654571999E+02
1.912720000E-03 -2.530539698E+01 0.000000000E+00 6.481868752E+02
1.987170000E-03 -2.333293795E+01 0.000000000E+00 6.239023335E+02
2.024390000E-03 -2.242666268E+01 0.000000000E+00 6.124313991E+02
2.061620000E-03 -2.156916247E+01 0.000000000E+00 6.013717368E+02
2.066690000E-03 -2.145527103E+01 0.000000000E+00 5.998964528E+02
2.071760000E-03 -2.134304224E+01 0.000000000E+00 5.984283894E+02
2.076840000E-03 -2.123142627E+01 0.000000000E+00 5.969646193E+02
2.081910000E-03 -2.112084483E+01 0.000000000E+00 5.955108530E+02
2.086990000E-03 -2.101086329E+01 0.000000000E+00 5.940613036E+02
2.092060000E-03 -2.090109357E+01 0.000000000E+00 5.926216265E+02
2.097140000E-03 -2.079271871E+01 0.000000000E+00 5.911860915E+02
2.102210000E-03 -2.068534067E+01 0.000000000E+00 5.897602999E+02
2.107290000E-03 -2.057853766E+01 0.000000000E+00 5.883385770E+02
2.112360000E-03 -2.047271329E+01 0.000000000E+00 5.869264709E+02
2.117430000E-03 -2.036686931E+01 0.000000000E+00 5.855211270E+02
2.122510000E-03 -2.026237082E+01 0.000000000E+00 5.841197450E+02
2.127580000E-03 -2.015882444E+01 0.000000000E+00 5.827277940E+02
2.137730000E-03 -1.995298834E+01 0.000000000E+00 5.799609867E+02
2.142810000E-03 -1.985146071E+01 0.000000000E+00 5.785860622E+02
2.147880000E-03 -1.975085125E+01 0.000000000E+00 5.772203289E+02
2.152960000E-03 -1.965076528E+01 0.000000000E+00 5.758583532E+02
2.158030000E-03 -1.955158109E+01 0.000000000E+00 5.745054517E+02
2.163100000E-03 -1.945234707E+01 0.000000000E+00 5.731588923E+02
2.175080000E-03 -1.922246656E+01 0.000000000E+00 5.700020229E+02
2.181060000E-03 -1.910876962E+01 0.000000000E+00 5.684391993E+02
2.184060000E-03 -1.905209047E+01 0.000000000E+00 5.676583977E+02
2.187050000E-03 -1.899582927E+01 0.000000000E+00 5.668823301E+02
2.192430000E-03 -1.889561896E+01 0.000000000E+00 5.654912586E+02
2.197810000E-03 -1.879542085E+01 0.000000000E+00 5.641069974E+02
2.203200000E-03 -1.869650880E+01 0.000000000E+00 5.627269426E+02
2.208580000E-03 -1.859778173E+01 0.000000000E+00 5.613561655E+02
2.213960000E-03 -1.850049809E+01 0.000000000E+00 5.599920504E+02
2.216660000E-03 -1.845159023E+01 0.000000000E+00 5.593099528E+02
2.219350000E-03 -1.840375145E+01 0.000000000E+00 5.586320319E+02
2.222040000E-03 -1.835537479E+01 0.000000000E+00 5.579557524E+02
2.224730000E-03 -1.830717523E+01 0.000000000E+00 5.572811083E+02
2.227420000E-03 -1.825986085E+01 0.000000000E+00 5.566080937E+02
2.230110000E-03 -1.821201121E+01 0.000000000E+00 5.559367027E+02
2.234150000E-03 -1.814047806E+01 0.000000000E+00 5.549314057E+02
2.236840000E-03 -1.809376649E+01 0.000000000E+00 5.542640511E+02
2.239870000E-03 -1.804074081E+01 0.000000000E+00 5.535142665E+02
2.240380000E-03 -1.803137216E+01 0.000000000E+00 5.533882645E+02
2.240880000E-03 -1.802288029E+01 0.000000000E+00 5.532647888E+02
2.241220000E-03 -1.801710908E+01 0.000000000E+00 5.531808569E+02
2.246260000E-03 -1.792977501E+01 0.000000000E+00 5.519396686E+02
2.246940000E-03 -1.791762248E+01 0.000000000E+00 5.517726330E+02
2.250000000E-03 -1.786481197E+01 0.000000000E+00 5.510222222E+02
2.252990000E-03 -1.781269443E+01 0.000000000E+00 5.502909467E+02
2.257030000E-03 -1.774264480E+01 0.000000000E+00 5.493059463E+02
2.259720000E-03 -1.769667074E+01 0.000000000E+00 5.486520454E+02
2.262410000E-03 -1.765017503E+01 0.000000000E+00 5.479996994E+02
2.265100000E-03 -1.760453287E+01 0.000000000E+00 5.473489029E+02
2.267800000E-03 -1.755820706E+01 0.000000000E+00 5.466972396E+02
2.273180000E-03 -1.746706310E+01 0.000000000E+00 5.454033557E+02
2.278560000E-03 -1.737657201E+01 0.000000000E+00 5.441155818E+02
2.283950000E-03 -1.728656749E+01 0.000000000E+00 5.428314981E+02
2.292020000E-03 -1.715266705E+01 0.000000000E+00 5.409202363E+02
2.294710000E-03 -1.710812873E+01 0.000000000E+00 5.402861364E+02
2.297340000E-03 -1.706535912E+01 0.000000000E+00 5.396676156E+02
2.302570000E-03 -1.698006879E+01 0.000000000E+00 5.384418280E+02
2.307760000E-03 -1.689598555E+01 0.000000000E+00 5.372309079E+02
2.312910000E-03 -1.681309120E+01 0.000000000E+00 5.360346922E+02
2.318020000E-03 -1.673136796E+01 0.000000000E+00 5.348530211E+02
2.328170000E-03 -1.657061082E+01 0.000000000E+00 5.325212506E+02
2.338150000E-03 -1.641450269E+01 0.000000000E+00 5.302482732E+02
2.347980000E-03 -1.626325152E+01 0.000000000E+00 5.280283478E+02
2.357650000E-03 -1.611623495E+01 0.000000000E+00 5.258626174E+02
2.367170000E-03 -1.597256269E+01 0.000000000E+00 5.237477663E+02
2.376550000E-03 -1.583324429E+01 0.000000000E+00 5.216805874E+02
2.385780000E-03 -1.569830521E+01 0.000000000E+00 5.196623327E+02
2.390320000E-03 -1.563185631E+01 0.000000000E+00 5.186753238E+02
2.394820000E-03 -1.556695749E+01 0.000000000E+00 5.177007040E+02
2.403730000E-03 -1.543888752E+01 0.000000000E+00 5.157817226E+02
2.416870000E-03 -1.525339820E+01 0.000000000E+00 5.129775288E+02
2.425470000E-03 -1.513296200E+01 0.000000000E+00 5.111586620E+02
2.442390000E-03 -1.490077532E+01 0.000000000E+00 5.076175386E+02
2.458790000E-03 -1.468005927E+01 0.000000000E+00 5.042317563E+02
2.490560000E-03 -1.426556429E+01 0.000000000E+00 4.977996916E+02
2.728840000E-03 -1.160736692E+01 0.000000000E+00 4.543322437E+02
2.788410000E-03 -1.104866209E+01 0.000000000E+00 4.446261490E+02
2.833090000E-03 -1.065015261E+01 0.000000000E+00 4.376140539E+02
2.866590000E-03 -1.036147027E+01 0.000000000E+00 4.324999390E+02
2.891730000E-03 -1.015132108E+01 0.000000000E+00 4.287398893E+02
2.929420000E-03 -9.846546547E+00 0.000000000E+00 4.232237098E+02
2.948270000E-03 -9.698986421E+00 0.000000000E+00 4.205177952E+02
2.957690000E-03 -9.626119223E+00 0.000000000E+00 4.191784805E+02
2.967120000E-03 -9.553889096E+00 0.000000000E+00 4.178462617E+02
2.974420000E-03 -9.498570579E+00 0.000000000E+00 4.168207583E+02
2.981720000E-03 -9.443270998E+00 0.000000000E+00 4.158002764E+02
2.989030000E-03 -9.388709918E+00 0.000000000E+00 4.147833913E+02
2.996330000E-03 -9.334625294E+00 0.000000000E+00 4.137728488E+02
3.003630000E-03 -9.280943089E+00 0.000000000E+00 4.127672183E+02
3.009890000E-03 -9.235116722E+00 0.000000000E+00 4.119087409E+02
3.016150000E-03 -9.189581829E+00 0.000000000E+00 4.110538269E+02
3.020850000E-03 -9.155586861E+00 0.000000000E+00 4.104142874E+02
3.025540000E-03 -9.121820692E+00 0.000000000E+00 4.097780892E+02
3.032850000E-03 -9.069645202E+00 0.000000000E+00 4.087904117E+02
3.040150000E-03 -9.017919788E+00 0.000000000E+00 4.078088252E+02
3.047450000E-03 -8.966195104E+00 0.000000000E+00 4.068319415E+02
3.049280000E-03 -8.953479863E+00 0.000000000E+00 4.065877847E+02
3.054760000E-03 -8.914784919E+00 0.000000000E+00 4.058583980E+02
3.055560000E-03 -8.909217134E+00 0.000000000E+00 4.057521371E+02
3.057070000E-03 -8.898677771E+00 0.000000000E+00 4.055517211E+02
3.058380000E-03 -8.889447682E+00 0.000000000E+00 4.053780106E+02
3.059540000E-03 -8.881198587E+00 0.000000000E+00 4.052243148E+02
3.061400000E-03 -8.868069397E+00 0.000000000E+00 4.049781146E+02
3.063150000E-03 -8.856047478E+00 0.000000000E+00 4.047467476E+02
3.064270000E-03 -8.848094778E+00 0.000000000E+00 4.045988115E+02
3.065940000E-03 -8.836620923E+00 0.000000000E+00 4.043784288E+02
3.067610000E-03 -8.824792432E+00 0.000000000E+00 4.041582861E+02
3.069880000E-03 -8.809148381E+00 0.000000000E+00 4.038594342E+02
3.071570000E-03 -8.797238776E+00 0.000000000E+00 4.036372279E+02
3.072850000E-03 -8.788333356E+00 0.000000000E+00 4.034690922E+02
3.074760000E-03 -8.775060240E+00 0.000000000E+00 4.032184626E+02
3.075710000E-03 -8.768650879E+00 0.000000000E+00 4.030939198E+02
3.080320000E-03 -8.736838366E+00 0.000000000E+00 4.024906503E+02
3.082140000E-03 -8.724231790E+00 0.000000000E+00 4.022529801E+02
3.083060000E-03 -8.718059095E+00 0.000000000E+00 4.021329458E+02
3.083740000E-03 -8.713403802E+00 0.000000000E+00 4.020442709E+02
3.084200000E-03 -8.710136794E+00 0.000000000E+00 4.019843071E+02
3.085470000E-03 -8.701405996E+00 0.000000000E+00 4.018188477E+02
3.088420000E-03 -8.681406615E+00 0.000000000E+00 4.014350380E+02
3.089840000E-03 -8.671773236E+00 0.000000000E+00 4.012505502E+02
3.090560000E-03 -8.666899096E+00 0.000000000E+00 4.011570719E+02
3.091270000E-03 -8.662090957E+00 0.000000000E+00 4.010649345E+02
3.098580000E-03 -8.612526387E+00 0.000000000E+00 4.001187641E+02
3.100880000E-03 -8.596808765E+00 0.000000000E+00 3.998219860E+02
3.110480000E-03 -8.532572483E+00 0.000000000E+00 3.985879993E+02
3.113180000E-03 -8.514593157E+00 0.000000000E+00 3.982423117E+02
3.115390000E-03 -8.500011787E+00 0.000000000E+00 3.979598060E+02
3.119840000E-03 -8.470400750E+00 0.000000000E+00 3.973921740E+02
3.123000000E-03 -8.449442047E+00 0.000000000E+00 3.969900736E+02
3.130610000E-03 -8.399610037E+00 0.000000000E+00 3.960250558E+02
3.133770000E-03 -8.378872206E+00 0.000000000E+00 3.956257160E+02
3.153450000E-03 -8.251916953E+00 0.000000000E+00 3.931567014E+02
3.161060000E-03 -8.203199996E+00 0.000000000E+00 3.922102080E+02
3.168670000E-03 -8.155194066E+00 0.000000000E+00 3.912682608E+02
3.176280000E-03 -8.107541999E+00 0.000000000E+00 3.903308273E+02
3.183890000E-03 -8.059893385E+00 0.000000000E+00 3.893978749E+02
3.206730000E-03 -7.919664710E+00 0.000000000E+00 3.866243806E+02
3.214340000E-03 -7.873735051E+00 0.000000000E+00 3.857090414E+02
3.221950000E-03 -7.827800456E+00 0.000000000E+00 3.847980260E+02
3.229570000E-03 -7.782482613E+00 0.000000000E+00 3.838901154E+02
3.237180000E-03 -7.737547115E+00 0.000000000E+00 3.829876621E+02
3.244790000E-03 -7.692601981E+00 0.000000000E+00 3.820894418E+02
3.250060000E-03 -7.661770653E+00 0.000000000E+00 3.814698806E+02
3.257720000E-03 -7.617107915E+00 0.000000000E+00 3.805729160E+02
3.265380000E-03 -7.572438569E+00 0.000000000E+00 3.796801597E+02
3.270370000E-03 -7.543667566E+00 0.000000000E+00 3.791008357E+02
3.270750000E-03 -7.541353662E+00 0.000000000E+00 3.790567913E+02
3.278810000E-03 -7.494831929E+00 0.000000000E+00 3.781249905E+02
3.286860000E-03 -7.448714643E+00 0.000000000E+00 3.771989072E+02
3.294910000E-03 -7.402946081E+00 0.000000000E+00 3.762773490E+02
3.302960000E-03 -7.357522796E+00 0.000000000E+00 3.753602829E+02
3.311010000E-03 -7.312441381E+00 0.000000000E+00 3.744476761E+02
3.319060000E-03 -7.267698466E+00 0.000000000E+00 3.735394961E+02
3.327110000E-03 -7.223290733E+00 0.000000000E+00 3.726357109E+02
3.335160000E-03 -7.178898674E+00 0.000000000E+00 3.717362885E+02
3.343210000E-03 -7.135153002E+00 0.000000000E+00 3.708411975E+02
3.351260000E-03 -7.091732765E+00 0.000000000E+00 3.699504067E+02
3.359310000E-03 -7.048634793E+00 0.000000000E+00 3.690638851E+02
3.367360000E-03 -7.005855964E+00 0.000000000E+00 3.681816022E+02
3.375410000E-03 -6.963393182E+00 0.000000000E+00 3.673035276E+02
3.383460000E-03 -6.921243393E+00 0.000000000E+00 3.664296312E+02
3.391510000E-03 -6.879097792E+00 0.000000000E+00 3.655598834E+02
3.395810000E-03 -6.857021209E+00 0.000000000E+00 3.650969872E+02
3.396190000E-03 -6.854958107E+00 0.000000000E+00 3.650561364E+02
3.399560000E-03 -6.837566428E+00 0.000000000E+00 3.646942546E+02
3.407610000E-03 -6.796339103E+00 0.000000000E+00 3.638327156E+02
3.412910000E-03 -6.769425871E+00 0.000000000E+00 3.632677100E+02
3.421270000E-03 -6.726995038E+00 0.000000000E+00 3.623800519E+02
3.429620000E-03 -6.684929900E+00 0.000000000E+00 3.614977753E+02
3.437980000E-03 -6.642839721E+00 0.000000000E+00 3.606187354E+02
3.442160000E-03 -6.621913879E+00 0.000000000E+00 3.601808167E+02
3.446340000E-03 -6.601067013E+00 0.000000000E+00 3.597439603E+02
3.450520000E-03 -6.580298726E+00 0.000000000E+00 3.593081622E+02
3.454700000E-03 -6.559608641E+00 0.000000000E+00 3.588734188E+02
3.458880000E-03 -6.538702373E+00 0.000000000E+00 3.584397262E+02
3.463060000E-03 -6.518168236E+00 0.000000000E+00 3.580070804E+02
3.469330000E-03 -6.487511385E+00 0.000000000E+00 3.573600666E+02
3.473510000E-03 -6.466877640E+00 0.000000000E+00 3.569300218E+02
3.476650000E-03 -6.451650033E+00 0.000000000E+00 3.566076539E+02
3.478210000E-03 -6.444095084E+00 0.000000000E+00 3.564477130E+02
3.479000000E-03 -6.440133495E+00 0.000000000E+00 3.563667721E+02
3.479390000E-03 -6.438175136E+00 0.000000000E+00 3.563268274E+02
3.479580000E-03 -6.437362844E+00 0.000000000E+00 3.563073704E+02
3.479730000E-03 -6.436721659E+00 0.000000000E+00 3.562920112E+02
3.479760000E-03 -6.436593431E+00 0.000000000E+00 3.562889395E+02
3.479800000E-03 -6.436131993E+00 0.000000000E+00 3.562848440E+02
3.479890000E-03 -6.435747356E+00 0.000000000E+00 3.562756294E+02
3.480090000E-03 -6.434892719E+00 0.000000000E+00 3.562551543E+02
3.488140000E-03 -6.395701056E+00 0.000000000E+00 3.554329815E+02
3.490230000E-03 -6.385691441E+00 0.000000000E+00 3.552201431E+02
3.496500000E-03 -6.355486650E+00 0.000000000E+00 3.545831546E+02
3.499210000E-03 -6.342661690E+00 0.000000000E+00 3.543085439E+02
3.503280000E-03 -6.323031319E+00 0.000000000E+00 3.538969195E+02
3.507350000E-03 -6.303758163E+00 0.000000000E+00 3.534862503E+02
3.514460000E-03 -6.269964429E+00 0.000000000E+00 3.527711227E+02
3.518020000E-03 -6.253269064E+00 0.000000000E+00 3.524141420E+02
3.521580000E-03 -6.236626318E+00 0.000000000E+00 3.520578831E+02
3.529940000E-03 -6.197590956E+00 0.000000000E+00 3.512241001E+02
3.538290000E-03 -6.158883745E+00 0.000000000E+00 3.503952474E+02
3.546650000E-03 -6.120141056E+00 0.000000000E+00 3.495693119E+02
3.558890000E-03 -6.064306364E+00 0.000000000E+00 3.483670470E+02
3.562970000E-03 -6.045920213E+00 0.000000000E+00 3.479681277E+02
3.563370000E-03 -6.044061436E+00 0.000000000E+00 3.479290671E+02
3.567480000E-03 -6.025629262E+00 0.000000000E+00 3.475282272E+02
3.576070000E-03 -5.986966768E+00 0.000000000E+00 3.466934372E+02
3.584660000E-03 -5.948867464E+00 0.000000000E+00 3.458626481E+02
3.593250000E-03 -5.910507340E+00 0.000000000E+00 3.450358311E+02
3.601840000E-03 -5.872162547E+00 0.000000000E+00 3.442129578E+02
3.615610000E-03 -5.811576231E+00 0.000000000E+00 3.429020276E+02
3.633410000E-03 -5.734342876E+00 0.000000000E+00 3.412221577E+02
3.642300000E-03 -5.695941291E+00 0.000000000E+00 3.403893144E+02
3.651200000E-03 -5.657533098E+00 0.000000000E+00 3.395595968E+02
3.660100000E-03 -5.619681408E+00 0.000000000E+00 3.387339144E+02
3.669000000E-03 -5.582118194E+00 0.000000000E+00 3.379122377E+02
3.677900000E-03 -5.544840602E+00 0.000000000E+00 3.370945376E+02
3.686800000E-03 -5.507845820E+00 0.000000000E+00 3.362807855E+02
3.695700000E-03 -5.471131058E+00 0.000000000E+00 3.354709527E+02
3.704600000E-03 -5.434693571E+00 0.000000000E+00 3.346650111E+02
3.713500000E-03 -5.398275569E+00 0.000000000E+00 3.338629325E+02
3.722400000E-03 -5.362385722E+00 0.000000000E+00 3.330646894E+02
3.731300000E-03 -5.326512449E+00 0.000000000E+00 3.322702543E+02
3.740200000E-03 -5.290405299E+00 0.000000000E+00 3.314796000E+02
3.749100000E-03 -5.254819539E+00 0.000000000E+00 3.306926996E+02
3.758000000E-03 -5.219499922E+00 0.000000000E+00 3.299095263E+02
3.766900000E-03 -5.184195996E+00 0.000000000E+00 3.291300539E+02
3.775790000E-03 -5.149434716E+00 0.000000000E+00 3.283551257E+02
3.784690000E-03 -5.114653543E+00 0.000000000E+00 3.275829724E+02
3.793590000E-03 -5.080130695E+00 0.000000000E+00 3.268144423E+02
3.809510000E-03 -5.018997087E+00 0.000000000E+00 3.254486798E+02
3.837360000E-03 -4.914032453E+00 0.000000000E+00 3.230867054E+02
3.844520000E-03 -4.887264982E+00 0.000000000E+00 3.224849916E+02
3.858240000E-03 -4.835544907E+00 0.000000000E+00 3.213382268E+02
3.870300000E-03 -4.790545847E+00 0.000000000E+00 3.203369248E+02
3.876630000E-03 -4.767204032E+00 0.000000000E+00 3.198138589E+02
3.882160000E-03 -4.746817871E+00 0.000000000E+00 3.193582954E+02
3.891850000E-03 -4.711269767E+00 0.000000000E+00 3.185631512E+02
3.899110000E-03 -4.684931340E+00 0.000000000E+00 3.179699983E+02
3.910010000E-03 -4.645227113E+00 0.000000000E+00 3.170835880E+02
3.915450000E-03 -4.625421658E+00 0.000000000E+00 3.166430423E+02
3.920900000E-03 -4.605904507E+00 0.000000000E+00 3.162029126E+02
3.921130000E-03 -4.605018112E+00 0.000000000E+00 3.161843652E+02
3.924530000E-03 -4.592798474E+00 0.000000000E+00 3.159104402E+02
3.927940000E-03 -4.580584313E+00 0.000000000E+00 3.156361859E+02
3.940430000E-03 -4.536201513E+00 0.000000000E+00 3.146357123E+02
3.947280000E-03 -4.512037038E+00 0.000000000E+00 3.140897023E+02
3.956940000E-03 -4.477968390E+00 0.000000000E+00 3.133229212E+02
3.966610000E-03 -4.443914835E+00 0.000000000E+00 3.125590870E+02
3.976280000E-03 -4.410349805E+00 0.000000000E+00 3.117989679E+02
3.981790000E-03 -4.391171336E+00 0.000000000E+00 3.113675005E+02
3.990070000E-03 -4.362854449E+00 0.000000000E+00 3.107213658E+02
3.994200000E-03 -4.348462706E+00 0.000000000E+00 3.104000801E+02
4.000000000E-03 -4.328566721E+00 0.000000000E+00 3.099500000E+02
4.003160000E-03 -4.317523703E+00 0.000000000E+00 3.097053328E+02
4.007990000E-03 -4.300773946E+00 0.000000000E+00 3.093321091E+02
4.013210000E-03 -4.282844033E+00 0.000000000E+00 3.089297595E+02
4.017370000E-03 -4.268421892E+00 0.000000000E+00 3.086098617E+02
4.020990000E-03 -4.256112007E+00 0.000000000E+00 3.083320277E+02
4.022810000E-03 -4.249835702E+00 0.000000000E+00 3.081925321E+02
4.024170000E-03 -4.245201847E+00 0.000000000E+00 3.080883760E+02
4.025030000E-03 -4.242309349E+00 0.000000000E+00 3.080225489E+02
4.025320000E-03 -4.241336944E+00 0.000000000E+00 3.080003577E+02
4.034290000E-03 -4.210923528E+00 0.000000000E+00 3.073155376E+02
4.035800000E-03 -4.205729197E+00 0.000000000E+00 3.072005550E+02
4.038440000E-03 -4.196984244E+00 0.000000000E+00 3.069997326E+02
4.046360000E-03 -4.170215109E+00 0.000000000E+00 3.063988375E+02
4.051390000E-03 -4.153527653E+00 0.000000000E+00 3.060184282E+02
4.058940000E-03 -4.128395523E+00 0.000000000E+00 3.054492060E+02
4.062710000E-03 -4.115898722E+00 0.000000000E+00 3.051657637E+02
4.066480000E-03 -4.103439431E+00 0.000000000E+00 3.048828471E+02
4.073330000E-03 -4.080989489E+00 0.000000000E+00 3.043701345E+02
4.079520000E-03 -4.060721059E+00 0.000000000E+00 3.039083029E+02
4.083300000E-03 -4.048191408E+00 0.000000000E+00 3.036269684E+02
4.089410000E-03 -4.027649147E+00 0.000000000E+00 3.031733184E+02
4.093280000E-03 -4.014787973E+00 0.000000000E+00 3.028866826E+02
4.099310000E-03 -3.995022035E+00 0.000000000E+00 3.024411425E+02
4.104500000E-03 -3.977804725E+00 0.000000000E+00 3.020587160E+02
4.108700000E-03 -3.964091034E+00 0.000000000E+00 3.017499452E+02
4.115000000E-03 -3.943502088E+00 0.000000000E+00 3.012879708E+02
4.123220000E-03 -3.916363034E+00 0.000000000E+00 3.006873269E+02
4.126110000E-03 -3.906999210E+00 0.000000000E+00 3.004767202E+02
4.129000000E-03 -3.897656775E+00 0.000000000E+00 3.002664083E+02
4.132600000E-03 -3.885832323E+00 0.000000000E+00 3.000048396E+02
4.134400000E-03 -3.879932751E+00 0.000000000E+00 2.998742260E+02
4.141180000E-03 -3.857813813E+00 0.000000000E+00 2.993832676E+02
4.146160000E-03 -3.841649883E+00 0.000000000E+00 2.990236749E+02
4.156120000E-03 -3.809512318E+00 0.000000000E+00 2.983070749E+02
4.166080000E-03 -3.777018397E+00 0.000000000E+00 2.975939012E+02
4.170330000E-03 -3.763444174E+00 0.000000000E+00 2.972906221E+02
4.176700000E-03 -3.742675091E+00 0.000000000E+00 2.968372160E+02
4.183070000E-03 -3.722211342E+00 0.000000000E+00 2.963851908E+02
4.189840000E-03 -3.700551581E+00 0.000000000E+00 2.959062876E+02
4.196600000E-03 -3.678829474E+00 0.000000000E+00 2.954296335E+02
4.205920000E-03 -3.649367828E+00 0.000000000E+00 2.947749838E+02
4.215880000E-03 -3.617926496E+00 0.000000000E+00 2.940785791E+02
4.225610000E-03 -3.587031918E+00 0.000000000E+00 2.934014261E+02
4.226720000E-03 -3.583638572E+00 0.000000000E+00 2.933243745E+02
4.242930000E-03 -3.532270073E+00 0.000000000E+00 2.922037366E+02
4.245760000E-03 -3.523303318E+00 0.000000000E+00 2.920089689E+02
4.247620000E-03 -3.517588194E+00 0.000000000E+00 2.918811005E+02
4.250200000E-03 -3.509379238E+00 0.000000000E+00 2.917039198E+02
4.257940000E-03 -3.485045742E+00 0.000000000E+00 2.911736661E+02
4.259240000E-03 -3.480951104E+00 0.000000000E+00 2.910847945E+02
4.263220000E-03 -3.468524421E+00 0.000000000E+00 2.908130474E+02
4.268990000E-03 -3.450470087E+00 0.000000000E+00 2.904199822E+02
4.270210000E-03 -3.446770091E+00 0.000000000E+00 2.903370092E+02
4.278740000E-03 -3.420027925E+00 0.000000000E+00 2.897581998E+02
4.280500000E-03 -3.414474266E+00 0.000000000E+00 2.896390609E+02
4.283800000E-03 -3.404033799E+00 0.000000000E+00 2.894159391E+02
4.286680000E-03 -3.395055475E+00 0.000000000E+00 2.892214954E+02
4.291730000E-03 -3.379180451E+00 0.000000000E+00 2.888811738E+02
4.295510000E-03 -3.367282771E+00 0.000000000E+00 2.886269616E+02
4.298350000E-03 -3.358467572E+00 0.000000000E+00 2.884362604E+02
4.300480000E-03 -3.351868951E+00 0.000000000E+00 2.882933998E+02
4.303670000E-03 -3.341811682E+00 0.000000000E+00 2.880797087E+02
4.305270000E-03 -3.336877243E+00 0.000000000E+00 2.879726475E+02
4.306870000E-03 -3.331948934E+00 0.000000000E+00 2.878656658E+02
4.312130000E-03 -3.315712194E+00 0.000000000E+00 2.875145230E+02
4.316560000E-03 -3.301950377E+00 0.000000000E+00 2.872194525E+02
4.319620000E-03 -3.292652973E+00 0.000000000E+00 2.870159875E+02
4.321660000E-03 -3.286153054E+00 0.000000000E+00 2.868805043E+02
4.326210000E-03 -3.272067890E+00 0.000000000E+00 2.865787837E+02
4.328480000E-03 -3.265147681E+00 0.000000000E+00 2.864284922E+02
4.330760000E-03 -3.257844891E+00 0.000000000E+00 2.862776972E+02
4.341160000E-03 -3.224590379E+00 0.000000000E+00 2.855918695E+02
4.343910000E-03 -3.215887885E+00 0.000000000E+00 2.854110698E+02
4.352160000E-03 -3.189892006E+00 0.000000000E+00 2.848700415E+02
4.356620000E-03 -3.175758243E+00 0.000000000E+00 2.845784117E+02
4.363310000E-03 -3.154834200E+00 0.000000000E+00 2.841420848E+02
4.370010000E-03 -3.133999695E+00 0.000000000E+00 2.837064446E+02
4.376390000E-03 -3.114242036E+00 0.000000000E+00 2.832928510E+02
4.382780000E-03 -3.094380018E+00 0.000000000E+00 2.828798160E+02
4.393180000E-03 -3.062078208E+00 0.000000000E+00 2.822101530E+02
4.401610000E-03 -3.036003846E+00 0.000000000E+00 2.816696618E+02
4.405720000E-03 -3.023584491E+00 0.000000000E+00 2.814068983E+02
4.413990000E-03 -2.998231237E+00 0.000000000E+00 2.808796576E+02
4.416070000E-03 -2.991940673E+00 0.000000000E+00 2.807473613E+02
4.419720000E-03 -2.980488235E+00 0.000000000E+00 2.805155078E+02
4.425200000E-03 -2.962912193E+00 0.000000000E+00 2.801681280E+02
4.435830000E-03 -2.928747100E+00 0.000000000E+00 2.794967345E+02
4.439480000E-03 -2.917114109E+00 0.000000000E+00 2.792669412E+02
4.445540000E-03 -2.897543141E+00 0.000000000E+00 2.788862545E+02
4.450310000E-03 -2.882443892E+00 0.000000000E+00 2.785873344E+02
4.459510000E-03 -2.853176539E+00 0.000000000E+00 2.780126068E+02
4.470310000E-03 -2.819091952E+00 0.000000000E+00 2.773409450E+02
4.473010000E-03 -2.810615207E+00 0.000000000E+00 2.771735364E+02
4.485760000E-03 -2.770629866E+00 0.000000000E+00 2.763857184E+02
4.498220000E-03 -2.729778733E+00 0.000000000E+00 2.756201342E+02
4.505530000E-03 -2.706076682E+00 0.000000000E+00 2.751729541E+02
4.512840000E-03 -2.682508508E+00 0.000000000E+00 2.747272228E+02
4.523100000E-03 -2.649659868E+00 0.000000000E+00 2.741040437E+02
4.534310000E-03 -2.612988883E+00 0.000000000E+00 2.734263868E+02
4.538100000E-03 -2.599612562E+00 0.000000000E+00 2.731980344E+02
4.543100000E-03 -2.582150357E+00 0.000000000E+00 2.728973608E+02
4.554280000E-03 -2.543048039E+00 0.000000000E+00 2.722274432E+02
4.563210000E-03 -2.512133757E+00 0.000000000E+00 2.716947061E+02
4.569890000E-03 -2.489241790E+00 0.000000000E+00 2.712975586E+02
4.576640000E-03 -2.466026516E+00 0.000000000E+00 2.708974269E+02
4.587830000E-03 -2.428083639E+00 0.000000000E+00 2.702366914E+02
4.592280000E-03 -2.412937037E+00 0.000000000E+00 2.699748273E+02
4.598270000E-03 -2.392240053E+00 0.000000000E+00 2.696231409E+02
4.604530000E-03 -2.370746050E+00 0.000000000E+00 2.692565799E+02
4.611940000E-03 -2.344544087E+00 0.000000000E+00 2.688239656E+02
4.617490000E-03 -2.323806304E+00 0.000000000E+00 2.685008522E+02
4.625820000E-03 -2.292614331E+00 0.000000000E+00 2.680173461E+02
4.629990000E-03 -2.277169377E+00 0.000000000E+00 2.677759563E+02
4.634160000E-03 -2.261610873E+00 0.000000000E+00 2.675350009E+02
4.649320000E-03 -2.204414556E+00 0.000000000E+00 2.666626517E+02
4.667480000E-03 -2.129638400E+00 0.000000000E+00 2.656251339E+02
4.681480000E-03 -2.072590745E+00 0.000000000E+00 2.648307800E+02
4.702480000E-03 -1.981903311E+00 6.226081139E-06 2.636481176E+02
4.725460000E-03 -1.874055696E+00 8.301178889E-05 2.623659919E+02
4.744970000E-03 -1.770482774E+00 5.648385418E-04 2.612872157E+02
4.774060000E-03 -1.588360718E+00 6.248718219E-03 2.596951023E+02
4.792210000E-03 -1.449020800E+00 2.148629024E-02 2.587115339E+02
4.808790000E-03 -1.301047502E+00 5.607616865E-02 2.578195346E+02
4.828790000E-03 -1.102516994E+00 1.453700886E-01 2.567516914E+02
4.846450000E-03 -9.319309238E-01 2.832949603E-01 2.558161128E+02
4.856690000E-03 -8.478909129E-01 3.894125895E-01 2.552767420E+02
4.864850000E-03 -7.941386866E-01 4.850327315E-01 2.548485565E+02
4.870040000E-03 -7.676263030E-01 5.492469770E-01 2.545769645E+02
4.873060000E-03 -7.602518839E-01 5.878240005E-01 2.544191945E+02
4.888460000E-03 -7.195940624E-01 7.841778713E-01 2.536177037E+02
4.896520000E-03 -7.217128763E-01 8.826287122E-01 2.532002320E+02
4.899660000E-03 -7.266860902E-01 9.186541411E-01 2.530379659E+02
4.902340000E-03 -7.312383637E-01 9.490608023E-01 2.528996357E+02
4.907190000E-03 -7.425706239E-01 1.001282833E+00 2.526496834E+02
4.911560000E-03 -7.552182408E-01 1.045562131E+00 2.524248915E+02
4.918560000E-03 -7.782864161E-01 1.110208446E+00 2.520656452E+02
4.926070000E-03 -8.059167250E-01 1.171083148E+00 2.516813606E+02
4.937690000E-03 -8.492188787E-01 1.252156914E+00 2.510890720E+02
4.940810000E-03 -8.598518116E-01 1.270428060E+00 2.509305154E+02
4.945410000E-03 -8.755212183E-01 1.298618313E+00 2.506971111E+02
4.948110000E-03 -8.841058386E-01 1.313107560E+00 2.505603149E+02
4.950500000E-03 -8.917594957E-01 1.326503595E+00 2.504393496E+02
4.952660000E-03 -8.987135433E-01 1.339023955E+00 2.503301256E+02
4.954250000E-03 -9.027972724E-01 1.346896153E+00 2.502497855E+02
4.957070000E-03 -9.105097088E-01 1.361424609E+00 2.501074223E+02
4.959710000E-03 -9.179136488E-01 1.375691592E+00 2.499742929E+02
4.962710000E-03 -9.265924173E-01 1.392736372E+00 2.498231813E+02
4.965620000E-03 -9.338924812E-01 1.407414967E+00 2.496767775E+02
4.968740000E-03 -9.421498048E-01 1.424039458E+00 2.495199990E+02
4.971940000E-03 -9.513181279E-01 1.441946408E+00 2.493594050E+02
4.975860000E-03 -9.607463268E-01 1.462362740E+00 2.491629588E+02
4.978780000E-03 -9.685216961E-01 1.478356530E+00 2.490168274E+02
4.983000000E-03 -9.816209634E-01 1.502442378E+00 2.488059402E+02
4.983750000E-03 -9.832903916E-01 1.506323568E+00 2.487684976E+02
4.988710000E-03 -9.965910508E-01 1.533292040E+00 2.485211608E+02
4.989340000E-03 -9.982063044E-01 1.536719838E+00 2.484897802E+02
5.001820000E-03 -1.049545294E+00 1.606962732E+00 2.478697754E+02
5.009360000E-03 -1.071974484E+00 1.646534290E+00 2.474966862E+02
5.015950000E-03 -1.101483874E+00 1.679285810E+00 2.471715228E+02
5.022760000E-03 -1.136221571E+00 1.710455128E+00 2.468364007E+02
5.028220000E-03 -1.166781930E+00 1.733286425E+00 2.465683681E+02
5.032550000E-03 -1.192497487E+00 1.749317736E+00 2.463562210E+02
5.051230000E-03 -1.296382677E+00 1.800960654E+00 2.454451688E+02
5.063700000E-03 -1.367529423E+00 1.818672480E+00 2.448407291E+02
5.084640000E-03 -1.469697035E+00 1.825096993E+00 2.438324050E+02
5.096020000E-03 -1.519492586E+00 1.820896155E+00 2.432878992E+02
5.122540000E-03 -1.607409456E+00 1.799597761E+00 2.420283687E+02
5.143840000E-03 -1.664425097E+00 1.778410365E+00 2.410261594E+02
5.152110000E-03 -1.683572651E+00 1.770201235E+00 2.406392721E+02
5.166630000E-03 -1.711070513E+00 1.755258392E+00 2.399629933E+02
5.192170000E-03 -1.755311284E+00 1.729278140E+00 2.387826285E+02
5.209340000E-03 -1.778395284E+00 1.712544475E+00 2.379956002E+02
5.231920000E-03 -1.807662776E+00 1.690804078E+00 2.369684552E+02
5.284100000E-03 -1.854145052E+00 1.641149151E+00 2.346284135E+02
5.351180000E-03 -1.891253232E+00 1.578790335E+00 2.316872167E+02
5.407150000E-03 -1.906416236E+00 1.530322767E+00 2.292889970E+02
5.505260000E-03 -1.913070845E+00 1.448446461E+00 2.252028060E+02
5.546970000E-03 -1.908865097E+00 1.414490811E+00 2.235094114E+02
5.575070000E-03 -1.905078214E+00 1.392323606E+00 2.223828580E+02
5.671470000E-03 -1.882284642E+00 1.321500936E+00 2.186029372E+02
5.778170000E-03 -1.845822971E+00 1.246913564E+00 2.145662035E+02
5.872570000E-03 -1.806673771E+00 1.186158531E+00 2.111171089E+02
5.965200000E-03 -1.765654101E+00 1.129401839E+00 2.078387984E+02
6.027460000E-03 -1.734179916E+00 1.093400882E+00 2.056919498E+02
6.090700000E-03 -1.702917503E+00 1.058079324E+00 2.035562415E+02
6.201380000E-03 -1.648271903E+00 9.993922381E-01 1.999232429E+02
6.284390000E-03 -1.603976713E+00 9.582114184E-01 1.972824729E+02
6.346650000E-03 -1.570864288E+00 9.287543045E-01 1.953471516E+02
6.393340000E-03 -1.545326961E+00 9.075627931E-01 1.939205486E+02
6.463380000E-03 -1.507890079E+00 8.767427445E-01 1.918191411E+02
6.503040000E-03 -1.487124938E+00 8.597851928E-01 1.906492963E+02
6.549500000E-03 -1.462214057E+00 8.406196240E-01 1.892968929E+02
6.581660000E-03 -1.445193605E+00 8.276177307E-01 1.883719305E+02
6.613820000E-03 -1.428145733E+00 8.148605236E-01 1.874559634E+02
6.629910000E-03 -1.419575210E+00 8.085655887E-01 1.870010302E+02
6.645990000E-03 -1.411066372E+00 8.023244019E-01 1.865485804E+02
6.652420000E-03 -1.407758874E+00 7.998442406E-01 1.863682690E+02
6.658860000E-03 -1.404373099E+00 7.973697631E-01 1.861880262E+02
6.691640000E-03 -1.387315599E+00 7.848857741E-01 1.852759563E+02
6.708030000E-03 -1.378712331E+00 7.787396553E-01 1.848232641E+02
6.724420000E-03 -1.370008898E+00 7.726611720E-01 1.843727786E+02
6.742470000E-03 -1.360431404E+00 7.660237444E-01 1.838792015E+02
6.750510000E-03 -1.356201467E+00 7.630870979E-01 1.836601975E+02
6.762580000E-03 -1.349951694E+00 7.587012167E-01 1.833323968E+02
6.774640000E-03 -1.343585106E+00 7.543684708E-01 1.830060343E+02
6.782680000E-03 -1.339332113E+00 7.515000242E-01 1.827891040E+02
6.790720000E-03 -1.335092680E+00 7.486422766E-01 1.825726874E+02
6.802780000E-03 -1.328796826E+00 7.443781680E-01 1.822490217E+02
6.810820000E-03 -1.324666765E+00 7.415495900E-01 1.820338814E+02
6.816850000E-03 -1.321464211E+00 7.394351724E-01 1.818728592E+02
6.819860000E-03 -1.319944842E+00 7.383817928E-01 1.817925881E+02
6.821370000E-03 -1.319144629E+00 7.378546105E-01 1.817523459E+02
6.822130000E-03 -1.318779092E+00 7.375897083E-01 1.817320983E+02
6.822690000E-03 -1.318474023E+00 7.373938254E-01 1.817171819E+02
6.823010000E-03 -1.318332112E+00 7.372823489E-01 1.817086594E+02
6.823130000E-03 -1.318250565E+00 7.372397937E-01 1.817054636E+02
6.823260000E-03 -1.318162230E+00 7.371950809E-01 1.817020017E+02
6.823350000E-03 -1.318101076E+00 7.371627903E-01 1.816996050E+02
6.839150000E-03 -1.309959524E+00 7.316716706E-01 1.812798374E+02
6.843250000E-03 -1.307868398E+00 7.302536649E-01 1.811712271E+02
6.855540000E-03 -1.301546967E+00 7.260197092E-01 1.808464395E+02
6.863730000E-03 -1.297401605E+00 7.232115129E-01 1.806306484E+02
6.871930000E-03 -1.293262777E+00 7.204132806E-01 1.804151090E+02
6.880120000E-03 -1.289069490E+00 7.176284122E-01 1.802003453E+02
6.888320000E-03 -1.284957148E+00 7.148519274E-01 1.799858311E+02
6.896510000E-03 -1.280790539E+00 7.120894146E-01 1.797720876E+02
6.904710000E-03 -1.276704443E+00 7.093351979E-01 1.795585912E+02
6.921100000E-03 -1.268283906E+00 7.039257943E-01 1.791333748E+02
6.937490000E-03 -1.259917433E+00 6.985858405E-01 1.787101675E+02
6.953880000E-03 -1.251604543E+00 6.932876235E-01 1.782889552E+02
6.986660000E-03 -1.234921440E+00 6.828385393E-01 1.774524594E+02
6.993430000E-03 -1.231459508E+00 6.807073413E-01 1.772806763E+02
7.006920000E-03 -1.224666614E+00 6.764804753E-01 1.769393685E+02
7.020310000E-03 -1.217901222E+00 6.723130391E-01 1.766018880E+02
7.046880000E-03 -1.204607600E+00 6.641227224E-01 1.759360171E+02
7.073030000E-03 -1.191640711E+00 6.561626893E-01 1.752855565E+02
7.098770000E-03 -1.179056391E+00 6.484233579E-01 1.746499746E+02
7.149450000E-03 -1.154534702E+00 6.334779307E-01 1.734119408E+02
7.198540000E-03 -1.130679676E+00 6.195377089E-01 1.722293687E+02
7.265240000E-03 -1.099000431E+00 6.011055050E-01 1.706481823E+02
7.336810000E-03 -1.065240738E+00 5.820651599E-01 1.689835228E+02
7.423290000E-03 -1.025571861E+00 5.599416197E-01 1.670148950E+02
7.504360000E-03 -9.885391724E-01 5.403020449E-01 1.652106242E+02
7.651630000E-03 -9.239037757E-01 5.065374783E-01 1.620308353E+02
7.785230000E-03 -8.669700782E-01 4.783478994E-01 1.592502726E+02
7.852360000E-03 -8.393492532E-01 4.648606694E-01 1.578888385E+02
7.953290000E-03 -7.983553032E-01 4.455429295E-01 1.558851746E+02
8.049180000E-03 -7.599974063E-01 4.279460919E-01 1.540281122E+02
8.133100000E-03 -7.267357492E-01 4.131691059E-01 1.524387995E+02
8.206520000E-03 -6.978575027E-01 4.008565887E-01 1.510749989E+02
8.281810000E-03 -6.690247877E-01 3.886146731E-01 1.497015749E+02
8.365660000E-03 -6.376949044E-01 3.755264320E-01 1.482010983E+02
8.419200000E-03 -6.179244714E-01 3.675445051E-01 1.472586469E+02
8.456860000E-03 -6.042352410E-01 3.620326982E-01 1.466028762E+02
8.522770000E-03 -5.807293767E-01 3.526027903E-01 1.454691374E+02
8.572190000E-03 -5.633693475E-01 3.457147121E-01 1.446304853E+02
8.609260000E-03 -5.504571388E-01 3.406872355E-01 1.440077312E+02
8.637070000E-03 -5.408659608E-01 3.369842737E-01 1.435440491E+02
8.657920000E-03 -5.337350117E-01 3.342342027E-01 1.431983664E+02
8.689200000E-03 -5.231782506E-01 3.301513083E-01 1.426828707E+02
8.704840000E-03 -5.178954481E-01 3.281281473E-01 1.424265121E+02
8.712660000E-03 -5.152645853E-01 3.271214461E-01 1.422986780E+02
8.720480000E-03 -5.126869669E-01 3.261178266E-01 1.421710732E+02
8.731210000E-03 -5.091097101E-01 3.247455713E-01 1.419963556E+02
8.741940000E-03 -5.055454498E-01 3.233790671E-01 1.418220670E+02
8.763410000E-03 -4.984522366E-01 3.206620002E-01 1.414746086E+02
8.784870000E-03 -4.914592701E-01 3.179687795E-01 1.411290093E+02
8.806330000E-03 -4.844712336E-01 3.152975173E-01 1.407850944E+02
8.827800000E-03 -4.774849530E-01 3.126644315E-01 1.404426924E+02
8.838530000E-03 -4.740348649E-01 3.113582350E-01 1.402721946E+02
8.849260000E-03 -4.705971540E-01 3.100574502E-01 1.401021102E+02
8.859990000E-03 -4.671269557E-01 3.087620498E-01 1.399324378E+02
8.870730000E-03 -4.637106347E-01 3.074713131E-01 1.397630184E+02
8.881460000E-03 -4.603098239E-01 3.061866019E-01 1.395941658E+02
8.892190000E-03 -4.568766739E-01 3.049071929E-01 1.394257208E+02
8.902920000E-03 -4.535001961E-01 3.036374956E-01 1.392576817E+02
8.908290000E-03 -4.517483579E-01 3.030091442E-01 1.391737359E+02
8.916340000E-03 -4.492166446E-01 3.020693800E-01 1.390480848E+02
8.930420000E-03 -4.447386861E-01 3.004326997E-01 1.388288569E+02
8.932480000E-03 -4.440723940E-01 3.001940761E-01 1.387968403E+02
8.932810000E-03 -4.439657007E-01 3.001560279E-01 1.387917128E+02
8.933390000E-03 -4.437782089E-01 3.000888468E-01 1.387827018E+02
8.934250000E-03 -4.435443343E-01 2.999892147E-01 1.387693427E+02
8.934690000E-03 -4.434021589E-01 2.999385192E-01 1.387625088E+02
8.935790000E-03 -4.430468144E-01 2.998109372E-01 1.387454271E+02
8.956580000E-03 -4.364869312E-01 2.974153193E-01 1.384233714E+02
8.961950000E-03 -4.348097543E-01 2.967997454E-01 1.383404281E+02
8.978050000E-03 -4.297992973E-01 2.949616692E-01 1.380923474E+02
8.988780000E-03 -4.264313362E-01 2.937424667E-01 1.379275052E+02
8.999510000E-03 -4.231187899E-01 2.925286706E-01 1.377630560E+02
9.010250000E-03 -4.198148168E-01 2.913187401E-01 1.375988458E+02
9.020980000E-03 -4.165256737E-01 2.901148141E-01 1.374351789E+02
9.031710000E-03 -4.132050245E-01 2.889153524E-01 1.372719009E+02
9.042440000E-03 -4.099391557E-01 2.877207635E-01 1.371090104E+02
9.063910000E-03 -4.034387781E-01 2.853459051E-01 1.367842355E+02
9.085370000E-03 -3.969444894E-01 2.829955654E-01 1.364611458E+02
9.106830000E-03 -3.904957566E-01 2.806815733E-01 1.361395788E+02
9.128300000E-03 -3.840469071E-01 2.783885322E-01 1.358193749E+02
9.149760000E-03 -3.776462163E-01 2.761531544E-01 1.355008219E+02
9.164650000E-03 -3.732151478E-01 2.746128775E-01 1.352806708E+02
9.193480000E-03 -3.647409183E-01 2.716543557E-01 1.348564417E+02
9.220510000E-03 -3.568338933E-01 2.689092859E-01 1.344611090E+02
9.271190000E-03 -3.422041376E-01 2.638360034E-01 1.337260913E+02
9.319120000E-03 -3.285952242E-01 2.591246699E-01 1.330383126E+02
9.406700000E-03 -3.042094275E-01 2.507790810E-01 1.317996747E+02
9.451360000E-03 -2.919131268E-01 2.466864999E-01 1.311768888E+02
9.538670000E-03 -2.684482286E-01 2.388735581E-01 1.299761916E+02
9.645600000E-03 -2.401779331E-01 2.296408489E-01 1.285352907E+02
9.693080000E-03 -2.276088295E-01 2.256786926E-01 1.279056812E+02
9.716820000E-03 -2.213568286E-01 2.237223211E-01 1.275931838E+02
9.744290000E-03 -2.142210060E-01 2.214792014E-01 1.272334875E+02
9.764300000E-03 -2.089912503E-01 2.198839694E-01 1.269727477E+02
9.839220000E-03 -1.897778217E-01 2.140110450E-01 1.260059232E+02
9.862910000E-03 -1.837799008E-01 2.121854693E-01 1.257032661E+02
9.883010000E-03 -1.787536023E-01 2.106484147E-01 1.254476116E+02
9.910300000E-03 -1.719125398E-01 2.085920518E-01 1.251021664E+02
9.930490000E-03 -1.669024051E-01 2.070866559E-01 1.248478172E+02
9.978480000E-03 -1.551401060E-01 2.035515831E-01 1.242473804E+02
1.000540000E-02 -1.485811935E-01 2.015937429E-01 1.239130869E+02
1.002740000E-02 -1.432669219E-01 2.000367298E-01 1.236412230E+02
1.005250000E-02 -1.372167541E-01 1.982729335E-01 1.233325044E+02
1.007620000E-02 -1.315616100E-01 1.966190063E-01 1.230424168E+02
1.010070000E-02 -1.257686114E-01 1.949278659E-01 1.227439682E+02
1.012510000E-02 -1.200061806E-01 1.932573341E-01 1.224481734E+02
1.014960000E-02 -1.142982670E-01 1.916036468E-01 1.221525971E+02
1.017400000E-02 -1.086200932E-01 1.899673624E-01 1.218596422E+02
1.019840000E-02 -1.029834381E-01 1.883448634E-01 1.215680891E+02
1.022290000E-02 -9.740008870E-02 1.867316820E-01 1.212767414E+02
1.027180000E-02 -8.630964631E-02 1.835785294E-01 1.206993906E+02
1.029620000E-02 -8.080209199E-02 1.820276432E-01 1.204133564E+02
1.032060000E-02 -7.536743868E-02 1.804896841E-01 1.201286747E+02
1.034510000E-02 -6.995128670E-02 1.789604039E-01 1.198441774E+02
1.036950000E-02 -6.459478846E-02 1.774472939E-01 1.195621775E+02
1.041840000E-02 -5.397653463E-02 1.744539368E-01 1.190009982E+02
1.047380000E-02 -4.208672259E-02 1.711355145E-01 1.183715557E+02
1.055110000E-02 -2.579924363E-02 1.666188394E-01 1.175043360E+02
1.058000000E-02 -1.976289613E-02 1.649773563E-01 1.171833648E+02
1.063210000E-02 -9.046414540E-03 1.620725379E-01 1.166091365E+02
1.065810000E-02 -3.726833628E-03 1.606402622E-01 1.163246733E+02
1.076920000E-02 1.851388445E-02 1.546809623E-01 1.151246146E+02
1.078830000E-02 2.225811491E-02 1.536837500E-01 1.149207938E+02
1.081440000E-02 2.736285858E-02 1.523316982E-01 1.146434384E+02
1.084510000E-02 3.334017720E-02 1.507527585E-01 1.143189090E+02
1.086640000E-02 3.745377020E-02 1.496866178E-01 1.140948244E+02
1.094460000E-02 5.233412412E-02 1.458377120E-01 1.132796082E+02
1.097060000E-02 5.722983154E-02 1.445788423E-01 1.130111389E+02
1.099270000E-02 6.136605146E-02 1.435230600E-01 1.127839384E+02
1.102270000E-02 6.693156690E-02 1.421033898E-01 1.124769793E+02
1.110800000E-02 8.248968210E-02 1.381447959E-01 1.116132517E+02
1.115380000E-02 9.071603935E-02 1.360838543E-01 1.111549427E+02
1.118120000E-02 9.558907229E-02 1.348657148E-01 1.108825529E+02
1.128340000E-02 1.147439706E-01 1.304116427E-01 1.098782282E+02
1.134090000E-02 1.261866058E-01 1.279814467E-01 1.093211297E+02
1.147300000E-02 1.548507019E-01 1.232657252E-01 1.080624074E+02
1.156480000E-02 1.781821634E-01 1.242830836E-01 1.072046209E+02
1.178180000E-02 2.085309979E-01 1.511207879E-01 1.052301007E+02
1.217800000E-02 2.294987257E-01 1.360089978E-01 1.018065364E+02
1.288250000E-02 3.042818154E-01 1.022874860E-01 9.623908403E+01
1.390440000E-02 4.068624360E-01 6.980582538E-02 8.916601939E+01
1.504020000E-02 5.015232648E-01 4.747672922E-02 8.243241446E+01
1.622480000E-02 5.818367898E-01 3.301559952E-02 7.641388492E+01
1.758370000E-02 6.593299288E-01 2.278027753E-02 7.050848229E+01
1.879000000E-02 7.135822156E-01 1.701102468E-02 6.598190527E+01
1.960490000E-02 7.442281746E-01 1.422014112E-02 6.323929222E+01
2.011910000E-02 7.614885137E-01 1.280296082E-02 6.162303483E+01
2.041740000E-02 7.708538305E-01 1.207662245E-02 6.072271690E+01
2.066240000E-02 7.782000302E-01 1.152821037E-02 6.000271024E+01
2.083290000E-02 7.831447788E-01 1.116304353E-02 5.951163784E+01
2.093760000E-02 7.862067849E-01 1.094938028E-02 5.921404554E+01
2.103350000E-02 7.890979807E-01 1.076008157E-02 5.894406542E+01
2.110550000E-02 7.912372544E-01 1.062070005E-02 5.874298169E+01
2.115950000E-02 7.928592191E-01 1.051745982E-02 5.859306694E+01
2.124040000E-02 7.953306994E-01 1.036647045E-02 5.836989887E+01
2.128090000E-02 7.965594443E-01 1.029287741E-02 5.825881424E+01
2.132140000E-02 7.977726018E-01 1.022092877E-02 5.814815162E+01
2.134810000E-02 7.985714147E-01 1.017376817E-02 5.807542592E+01
2.137390000E-02 7.993422740E-01 1.012835694E-02 5.800532425E+01
2.140010000E-02 8.001174760E-01 1.008237405E-02 5.793430872E+01
2.142640000E-02 8.008913473E-01 1.003656857E-02 5.786319680E+01
2.147880000E-02 8.024258517E-01 9.946105556E-03 5.772203289E+01
2.153130000E-02 8.039496160E-01 9.856615146E-03 5.758128864E+01
2.158380000E-02 8.054684610E-01 9.767952184E-03 5.744122907E+01
2.162090000E-02 8.065267595E-01 9.705715694E-03 5.734266381E+01
2.165930000E-02 8.076170475E-01 9.642390428E-03 5.724100040E+01
2.169960000E-02 8.087567442E-01 9.578372378E-03 5.713469373E+01
2.174120000E-02 8.099269371E-01 9.512805939E-03 5.702537118E+01
2.176750000E-02 8.106606242E-01 9.471571255E-03 5.695647180E+01
2.180800000E-02 8.117847812E-01 9.408468246E-03 5.685069699E+01
2.182230000E-02 8.121864805E-01 9.386539763E-03 5.681344313E+01
2.189870000E-02 8.142794858E-01 9.270182877E-03 5.661523287E+01
2.192970000E-02 8.151259993E-01 9.223294193E-03 5.653520112E+01
2.194770000E-02 8.156116652E-01 9.196196603E-03 5.648883482E+01
2.198340000E-02 8.165739664E-01 9.142698223E-03 5.639709963E+01
2.203710000E-02 8.180172755E-01 9.062777344E-03 5.625967119E+01
2.208030000E-02 8.191687595E-01 8.998996523E-03 5.614959942E+01
2.210970000E-02 8.199443623E-01 8.955796456E-03 5.607493544E+01
2.214190000E-02 8.207905240E-01 8.908961570E-03 5.599338810E+01
2.216380000E-02 8.213664692E-01 8.878261189E-03 5.593806116E+01
2.218930000E-02 8.220339818E-01 8.842650809E-03 5.587377700E+01
2.222770000E-02 8.230327824E-01 8.789272138E-03 5.577725091E+01
2.224690000E-02 8.235299955E-01 8.762736721E-03 5.572911282E+01
2.226600000E-02 8.240241769E-01 8.736358192E-03 5.568130782E+01
2.230540000E-02 8.250341398E-01 8.682262821E-03 5.558295301E+01
2.233240000E-02 8.257249496E-01 8.645342984E-03 5.551575290E+01
2.235130000E-02 8.262096514E-01 8.620167450E-03 5.546880942E+01
2.236120000E-02 8.264619833E-01 8.606979151E-03 5.544425165E+01
2.236610000E-02 8.265802007E-01 8.600466100E-03 5.543210484E+01
2.236850000E-02 8.266455316E-01 8.597214689E-03 5.542615732E+01
2.236980000E-02 8.266797376E-01 8.595512583E-03 5.542293628E+01
2.237100000E-02 8.267053594E-01 8.593957929E-03 5.541996335E+01
2.237130000E-02 8.267170352E-01 8.593516597E-03 5.541922016E+01
2.237260000E-02 8.267512268E-01 8.591744951E-03 5.541599993E+01
2.237520000E-02 8.268125643E-01 8.588343227E-03 5.540956058E+01
2.240360000E-02 8.275316802E-01 8.550675299E-03 5.533932047E+01
2.241310000E-02 8.277688777E-01 8.538106873E-03 5.531586438E+01
2.246680000E-02 8.291138554E-01 8.467445748E-03 5.518364876E+01
2.249370000E-02 8.297864995E-01 8.432328849E-03 5.511765517E+01
2.252050000E-02 8.304479785E-01 8.397360693E-03 5.505206368E+01
2.255820000E-02 8.313805653E-01 8.348510991E-03 5.496005887E+01
2.259590000E-02 8.323078774E-01 8.300215839E-03 5.486836107E+01
2.265000000E-02 8.336222030E-01 8.232228319E-03 5.473730684E+01
2.268170000E-02 8.343946023E-01 8.193645315E-03 5.466080585E+01
2.273540000E-02 8.356863378E-01 8.128650694E-03 5.453169946E+01
2.275800000E-02 8.362230492E-01 8.101444598E-03 5.447754636E+01
2.278910000E-02 8.369677514E-01 8.064176974E-03 5.440320153E+01
2.281200000E-02 8.375112007E-01 8.036842012E-03 5.434858846E+01
2.286610000E-02 8.387837078E-01 7.972688866E-03 5.422000254E+01
2.289650000E-02 8.395000219E-01 7.936771552E-03 5.414801389E+01
2.292010000E-02 8.400513252E-01 7.909120165E-03 5.409225963E+01
2.297410000E-02 8.413021558E-01 7.846060335E-03 5.396511724E+01
2.302810000E-02 8.425496595E-01 7.783504322E-03 5.383857114E+01
2.310730000E-02 8.443583351E-01 7.693547928E-03 5.365404007E+01
2.319320000E-02 8.462937407E-01 7.600897777E-03 5.345532311E+01
2.335090000E-02 8.497884466E-01 7.433814056E-03 5.309431328E+01
2.350850000E-02 8.535205053E-01 7.270576388E-03 5.273837123E+01
2.362420000E-02 8.562059291E-01 7.154977679E-03 5.248008398E+01
2.368210000E-02 8.575290734E-01 7.100717869E-03 5.235177624E+01
2.373990000E-02 8.589209804E-01 7.046898590E-03 5.222431434E+01
2.379780000E-02 8.603581325E-01 6.993458994E-03 5.209725269E+01
2.385560000E-02 8.617818526E-01 6.940574549E-03 5.197102567E+01
2.391350000E-02 8.632007510E-01 6.887999956E-03 5.184519205E+01
2.397140000E-02 8.646014489E-01 6.835851714E-03 5.171996629E+01
2.402920000E-02 8.659891359E-01 6.784242886E-03 5.159555874E+01
2.408710000E-02 8.673722422E-01 6.732933577E-03 5.147153456E+01
2.414500000E-02 8.687376054E-01 6.682399817E-03 5.134810520E+01
2.420280000E-02 8.700903635E-01 6.634128162E-03 5.122547804E+01
2.430480000E-02 8.724526823E-01 6.550160019E-03 5.101049998E+01
2.437640000E-02 8.740887706E-01 6.491907455E-03 5.086066852E+01
2.443430000E-02 8.753976422E-01 6.445270518E-03 5.074014807E+01
2.449370000E-02 8.767341122E-01 6.397748748E-03 5.061709746E+01
2.455000000E-02 8.779816380E-01 6.353090159E-03 5.050101833E+01
2.466570000E-02 8.808522841E-01 6.263854835E-03 5.026413197E+01
2.471720000E-02 8.821427761E-01 6.224768230E-03 5.015940317E+01
2.483930000E-02 8.851684732E-01 6.135673716E-03 4.991283973E+01
2.490010000E-02 8.866532705E-01 6.091961233E-03 4.979096469E+01
2.493450000E-02 8.874919395E-01 6.067356545E-03 4.972227235E+01
2.496100000E-02 8.881315231E-01 6.048496409E-03 4.966948440E+01
2.502180000E-02 8.895902442E-01 6.005430044E-03 4.954879345E+01
2.508260000E-02 8.910417441E-01 5.962765575E-03 4.942868762E+01
2.515210000E-02 8.926771985E-01 5.915291662E-03 4.929210682E+01
2.522150000E-02 8.942954678E-01 5.868351575E-03 4.915647364E+01
2.528060000E-02 8.956641744E-01 5.829938991E-03 4.904155756E+01
2.533570000E-02 8.969230025E-01 5.794416618E-03 4.893490213E+01
2.539580000E-02 8.982937962E-01 5.755952686E-03 4.881909607E+01
2.546640000E-02 8.998819744E-01 5.711120502E-03 4.868375585E+01
2.555570000E-02 9.018676187E-01 5.655012442E-03 4.851363884E+01
2.562630000E-02 9.034198715E-01 5.611523992E-03 4.837998463E+01
2.569700000E-02 9.049626368E-01 5.568810226E-03 4.824687707E+01
2.576270000E-02 9.063794549E-01 5.529738357E-03 4.812383795E+01
2.586330000E-02 9.087942705E-01 5.472028272E-03 4.793665155E+01
2.594630000E-02 9.109390536E-01 5.425162753E-03 4.778330629E+01
2.620360000E-02 9.182529235E-01 5.323754027E-03 4.731410951E+01
2.641600000E-02 9.263267015E-01 5.820120015E-03 4.693367656E+01
2.655260000E-02 9.328798359E-01 7.489979716E-03 4.669222600E+01
2.673240000E-02 9.415761047E-01 1.313070894E-02 4.637817779E+01
2.710070000E-02 9.481195878E-01 3.125544604E-02 4.574789581E+01
2.782100000E-02 9.385424304E-01 4.777821617E-02 4.456345926E+01
2.896440000E-02 9.365990372E-01 4.507371581E-02 4.280427007E+01
2.993050000E-02 9.401979370E-01 4.317401911E-02 4.142262909E+01
3.108700000E-02 9.469522914E-01 4.162725575E-02 3.988162254E+01
3.334820000E-02 9.611640533E-01 4.086930694E-02 3.717741887E+01
3.500000000E-02 9.705633624E-01 4.176976178E-02 3.542285714E+01
3.781230000E-02 9.834731722E-01 4.507705811E-02 3.278827260E+01
4.070870000E-02 9.927602604E-01 4.946136590E-02 3.045540634E+01
4.168690000E-02 9.950755402E-01 5.102108768E-02 2.974075789E+01
4.232160000E-02 9.962943582E-01 5.209362564E-02 2.929473366E+01
4.316780000E-02 9.975065614E-01 5.363101406E-02 2.872048147E+01
4.677350000E-02 1.001731537E+00 5.859217355E-02 2.650646199E+01
4.731510000E-02 1.002044059E+00 5.922398290E-02 2.620305146E+01
4.900000000E-02 1.002506534E+00 6.109686792E-02 2.530204082E+01
4.930940000E-02 1.002547508E+00 6.140146047E-02 2.514327897E+01
5.080000000E-02 1.002411105E+00 6.271012537E-02 2.440551181E+01
5.099940000E-02 1.002370650E+00 6.286361159E-02 2.431008992E+01
5.248080000E-02 1.001886233E+00 6.384342522E-02 2.362387768E+01
5.279160000E-02 1.001763122E+00 6.401572868E-02 2.348479682E+01
5.370320000E-02 1.001302527E+00 6.445031108E-02 2.308614757E+01
5.450000000E-02 1.000868014E+00 6.473761084E-02 2.274862385E+01
5.580000000E-02 1.000102799E+00 6.507376989E-02 2.221863799E+01
5.650000000E-02 9.996419018E-01 6.516693371E-02 2.194336283E+01
5.804950000E-02 9.985960844E-01 6.522498082E-02 2.135763443E+01
6.025600000E-02 9.970278519E-01 6.493126468E-02 2.057554434E+01
6.309570000E-02 9.950151827E-01 6.400975486E-02 1.964951653E+01
6.683440000E-02 9.927414096E-01 6.218142557E-02 1.855032738E+01
7.413100000E-02 9.892119058E-01 5.764285809E-02 1.672444726E+01
9.146400000E-02 9.845021790E-01 4.634083945E-02 1.355505991E+01
1.009250000E-01 9.835459821E-01 4.068941304E-02 1.228436958E+01
1.031290000E-01 9.835528746E-01 3.944637921E-02 1.202183673E+01
1.045560000E-01 9.836795825E-01 3.864982723E-02 1.185776043E+01
1.052890000E-01 9.838327373E-01 3.825887306E-02 1.177520919E+01
1.061130000E-01 9.841103390E-01 3.794438667E-02 1.168377107E+01
1.077140000E-01 9.842857200E-01 3.804289708E-02 1.151011011E+01
1.105390000E-01 9.835239195E-01 3.718028082E-02 1.121595093E+01
1.164250000E-01 9.822128931E-01 3.443348903E-02 1.064891561E+01
1.306600000E-01 9.821001168E-01 2.781033646E-02 9.488749426E+00
1.503580000E-01 9.834996271E-01 2.112570494E-02 8.245653706E+00
1.551670000E-01 9.841487793E-01 1.983579315E-02 7.990100988E+00
1.587820000E-01 9.846200012E-01 1.952784522E-02 7.808189845E+00
1.672290000E-01 9.846285985E-01 1.770363751E-02 7.413785886E+00
1.969870000E-01 9.865011583E-01 1.233224937E-02 6.293816343E+00
2.364560000E-01 9.890608236E-01 7.897259015E-03 5.243258788E+00
2.880000000E-01 9.917278391E-01 4.698155197E-03 4.304861111E+00
3.507520000E-01 9.939894559E-01 2.691361547E-03 3.534691178E+00
4.290420000E-01 9.957990235E-01 1.483234627E-03 2.889693783E+00
5.293590000E-01 9.971832293E-01 7.769776838E-04 2.342077872E+00
6.398660000E-01 9.980764222E-01 4.262235969E-04 1.937593184E+00
7.654310000E-01 9.986877800E-01 2.386722406E-04 1.619741035E+00
8.924300000E-01 9.990842970E-01 1.440286197E-04 1.389240613E+00
9.815790000E-01 9.992963380E-01 1.049228483E-04 1.263066956E+00
1.035230000E+00 9.994177653E-01 8.774824250E-05 1.197608261E+00
1.063480000E+00 9.994865989E-01 8.016709542E-05 1.165795313E+00
1.090340000E+00 9.995684413E-01 7.374404729E-05 1.137076508E+00
1.100930000E+00 9.996150333E-01 7.284494412E-05 1.126138810E+00
1.106150000E+00 9.996447227E-01 7.620226550E-05 1.120824481E+00
1.110110000E+00 9.996709056E-01 8.354229170E-05 1.116826260E+00
1.113860000E+00 9.996969375E-01 9.650257985E-05 1.113066274E+00
1.118100000E+00 9.997243735E-01 1.193580403E-04 1.108845363E+00
1.124610000E+00 9.997528881E-01 1.678111118E-04 1.102426619E+00
1.130870000E+00 9.997599481E-01 2.167202324E-04 1.096324069E+00
1.140620000E+00 9.997493110E-01 2.747181005E-04 1.086952710E+00
1.153240000E+00 9.997268634E-01 3.348585994E-04 1.075058097E+00
1.164800000E+00 9.996850984E-01 3.762315404E-04 1.064388736E+00
1.177930000E+00 9.996347253E-01 3.872176124E-04 1.052524344E+00
1.195060000E+00 9.995943185E-01 3.768860058E-04 1.037437451E+00
1.220840000E+00 9.995634870E-01 3.533515629E-04 1.015530291E+00
1.251010000E+00 9.995530229E-01 3.244831453E-04 9.910392403E-01
1.272220000E+00 9.995592423E-01 3.074844377E-04 9.745169861E-01
1.288080000E+00 9.995690946E-01 3.087632460E-04 9.625178560E-01
1.303160000E+00 9.995622535E-01 3.145911731E-04 9.513797231E-01
1.324590000E+00 9.995496952E-01 3.021807908E-04 9.359877396E-01
1.357430000E+00 9.995474647E-01 2.777319796E-04 9.133435978E-01
1.406720000E+00 9.995556613E-01 2.459758808E-04 8.813409918E-01
1.470090000E+00 9.995734638E-01 2.118761734E-04 8.433497269E-01
1.533270000E+00 9.995942449E-01 1.836298603E-04 8.085986160E-01
1.617320000E+00 9.996229871E-01 1.530155292E-04 7.665768061E-01
1.702220000E+00 9.996513642E-01 1.283023611E-04 7.283429874E-01
1.782630000E+00 9.996765405E-01 1.094208937E-04 6.954892490E-01
1.863760000E+00 9.996999847E-01 9.371352789E-05 6.652144053E-01
1.955750000E+00 9.997242807E-01 7.914521629E-05 6.339256040E-01
2.040820000E+00 9.997446562E-01 6.808336337E-05 6.075009065E-01
2.128120000E+00 9.997636364E-01 5.871005882E-05 5.825799297E-01
2.212250000E+00 9.997801809E-01 5.118799951E-05 5.604249068E-01
2.292100000E+00 9.997944425E-01 4.514979967E-05 5.409013568E-01
2.348660000E+00 9.998037664E-01 4.138804904E-05 5.278754694E-01
2.400000000E+00 9.998117447E-01 3.830272958E-05 5.165833333E-01
2.451620000E+00 9.998193276E-01 3.548922404E-05 5.057064308E-01
2.508270000E+00 9.998271555E-01 3.269839756E-05 4.942849055E-01
2.566700000E+00 9.998347292E-01 3.009654118E-05 4.830326879E-01
2.599280000E+00 9.998387540E-01 2.876069623E-05 4.769782401E-01
2.631690000E+00 9.998426195E-01 2.749441150E-05 4.711041194E-01
2.638800000E+00 9.998434523E-01 2.722749087E-05 4.698347734E-01
2.666710000E+00 9.998466634E-01 2.621153492E-05 4.649174451E-01
2.681870000E+00 9.998483672E-01 2.568359831E-05 4.622893727E-01
2.697970000E+00 9.998501449E-01 2.513598710E-05 4.595306842E-01
2.744990000E+00 9.998551671E-01 2.361479850E-05 4.516592046E-01
2.809100000E+00 9.998616328E-01 2.172459403E-05 4.413513225E-01
2.876390000E+00 9.998679820E-01 1.994638837E-05 4.310263907E-01
2.988590000E+00 9.998776563E-01 1.736553307E-05 4.148444584E-01
3.077190000E+00 9.998845860E-01 1.560938716E-05 4.029000484E-01
3.165670000E+00 9.998909671E-01 1.407422376E-05 3.916390527E-01
3.225080000E+00 9.998949664E-01 1.314952636E-05 3.844245724E-01
3.396300000E+00 9.999053595E-01 1.088553855E-05 3.650443129E-01
3.490520000E+00 9.999104483E-01 9.845682890E-06 3.551906306E-01
3.524930000E+00 9.999122064E-01 9.497765914E-06 3.517232966E-01
3.546740000E+00 9.999132951E-01 9.284010429E-06 3.495604414E-01
3.619280000E+00 9.999167774E-01 8.618876386E-06 3.425543202E-01
3.650820000E+00 9.999182269E-01 8.348917018E-06 3.395949403E-01
3.832110000E+00 9.999258826E-01 6.988011324E-06 3.235293350E-01
4.001890000E+00 9.999321276E-01 5.951733422E-06 3.098036178E-01
4.568770000E+00 9.999481778E-01 3.644108438E-06 2.713640652E-01
5.195470000E+00 9.999601604E-01 2.256777906E-06 2.386309612E-01
5.888440000E+00 9.999691772E-01 1.411617781E-06 2.105481248E-01
6.691860000E+00 9.999763112E-01 8.720606548E-07 1.852698652E-01
7.607580000E+00 9.999818426E-01 5.367509792E-07 1.629690388E-01
8.429100000E+00 9.999853662E-01 3.636979526E-07 1.470856912E-01
9.033170000E+00 9.999874003E-01 2.795253474E-07 1.372497141E-01
9.440610000E+00 9.999885951E-01 2.362926562E-07 1.313262596E-01
9.718190000E+00 9.999893646E-01 2.114859936E-07 1.275751966E-01
9.927730000E+00 9.999899486E-01 1.949313924E-07 1.248825260E-01
1.006460000E+01 9.999903705E-01 1.860023181E-07 1.231842299E-01
1.011190000E+01 9.999905396E-01 1.876257177E-07 1.226080163E-01
1.014520000E+01 9.999906720E-01 1.964499959E-07 1.222055751E-01
1.017090000E+01 9.999907832E-01 2.125825939E-07 1.218967840E-01
1.019520000E+01 9.999908946E-01 2.397418314E-07 1.216062461E-01
1.021860000E+01 9.999910047E-01 2.805926757E-07 1.213277748E-01
1.024490000E+01 9.999911260E-01 3.473115839E-07 1.210163106E-01
1.027700000E+01 9.999912586E-01 4.596742482E-07 1.206383186E-01
1.032010000E+01 9.999913759E-01 6.502929360E-07 1.201344948E-01
1.036490000E+01 9.999914270E-01 8.550413748E-07 1.196152399E-01
1.040190000E+01 9.999914069E-01 9.936852505E-07 1.191897634E-01
1.045330000E+01 9.999913397E-01 1.112201076E-06 1.186036945E-01
1.052900000E+01 9.999912595E-01 1.159670910E-06 1.177509735E-01
1.061080000E+01 9.999912472E-01 1.141363004E-06 1.168432163E-01
1.070910000E+01 9.999912904E-01 1.106290367E-06 1.157706997E-01
1.084920000E+01 9.999913992E-01 1.057642429E-06 1.142757070E-01
1.104960000E+01 9.999915968E-01 9.907229627E-07 1.122031567E-01
1.131750000E+01 9.999918881E-01 9.095213156E-07 1.095471615E-01
1.163750000E+01 9.999922459E-01 8.229887045E-07 1.065349087E-01
1.196590000E+01 9.999926061E-01 7.451319070E-07 1.036110949E-01
1.229710000E+01 9.999929529E-01 6.756364368E-07 1.008205187E-01
1.263800000E+01 9.999932919E-01 6.119725028E-07 9.810096534E-02
1.299950000E+01 9.999936310E-01 5.520605047E-07 9.537289896E-02
1.328630000E+01 9.999938849E-01 5.097421731E-07 9.331416572E-02
1.362070000E+01 9.999941640E-01 4.653293113E-07 9.102322201E-02
1.390350000E+01 9.999943875E-01 4.317243847E-07 8.917179128E-02
1.418830000E+01 9.999946003E-01 4.008068432E-07 8.738185688E-02
1.459370000E+01 9.999948845E-01 3.615400520E-07 8.495446665E-02
1.479110000E+01 9.999950155E-01 3.442323622E-07 8.382067595E-02
1.487670000E+01 9.999950707E-01 3.369829967E-07 8.333837477E-02
1.523860000E+01 9.999952950E-01 3.086481425E-07 8.135917998E-02
1.569060000E+01 9.999955549E-01 2.771835299E-07 7.901546149E-02
1.626170000E+01 9.999958550E-01 2.429677622E-07 7.624049146E-02
1.678430000E+01 9.999961044E-01 2.160744495E-07 7.386664919E-02
1.747200000E+01 9.999964007E-01 1.859650322E-07 7.095924908E-02
1.840770000E+01 9.999967537E-01 1.530266784E-07 6.735224933E-02
1.985620000E+01 9.999972072E-01 1.152985179E-07 6.243893595E-02
2.159610000E+01 9.999976378E-01 8.397903012E-08 5.740851357E-02
2.437360000E+01 9.999981458E-01 5.304874734E-08 5.086651131E-02
2.776360000E+01 9.999985720E-01 3.223400065E-08 4.465559221E-02
3.136920000E+01 9.999988826E-01 2.014722493E-08 3.952284406E-02
3.521860000E+01 9.999991145E-01 1.285209345E-08 3.520298933E-02
3.971620000E+01 9.999993046E-01 8.045786589E-09 3.121648093E-02
4.460410000E+01 9.999994493E-01 5.098651906E-09 2.779565107E-02
5.045400000E+01 9.999995700E-01 3.135044212E-09 2.457287827E-02
5.664020000E+01 9.999996592E-01 1.982069689E-09 2.188904700E-02
6.335400000E+01 9.999997278E-01 1.269030802E-09 1.956940367E-02
6.976550000E+01 9.999997757E-01 8.635792033E-10 1.777096129E-02
7.534300000E+01 9.999998078E-01 6.347762088E-10 1.645541059E-02
7.973110000E+01 9.999998284E-01 5.056210153E-10 1.554976665E-02
8.372090000E+01 9.999998444E-01 4.154401695E-10 1.480872757E-02
8.552090000E+01 9.999998509E-01 3.814041608E-10 1.449704107E-02
8.744890000E+01 9.999998574E-01 3.486585012E-10 1.417742247E-02
8.750420000E+01 9.999998576E-01 3.477590516E-10 1.416846277E-02
9.005990000E+01 9.999998656E-01 3.097601298E-10 1.376639326E-02
9.258890000E+01 9.999998728E-01 2.771470996E-10 1.339037401E-02
9.772510000E+01 9.999998859E-01 2.229310347E-10 1.268660764E-02
1.049160000E+02 9.999999010E-01 1.675643691E-10 1.181707271E-02
1.150370000E+02 9.999999177E-01 1.155561793E-10 1.077740205E-02
1.288250000E+02 9.999999344E-01 7.317100392E-11 9.623908403E-03
1.444630000E+02 9.999999478E-01 4.608905790E-11 8.582128296E-03
1.613470000E+02 9.999999582E-01 2.951318835E-11 7.684059821E-03
1.805110000E+02 9.999999666E-01 1.882337739E-11 6.868279495E-03
2.015020000E+02 9.999999732E-01 1.211410939E-11 6.152792528E-03
2.241540000E+02 9.999999784E-01 7.928650294E-12 5.531018853E-03
2.499270000E+02 9.999999826E-01 5.150850429E-12 4.960648509E-03
2.809960000E+02 9.999999862E-01 3.251516187E-12 4.412162451E-03
3.167760000E+02 9.999999892E-01 2.042472271E-12 3.913806602E-03
3.558840000E+02 9.999999914E-01 1.308185893E-12 3.483719414E-03
3.986090000E+02 9.999999932E-01 8.533092277E-13 3.110316124E-03
4.487780000E+02 9.999999946E-01 5.501883381E-13 2.762613141E-03
5.103310000E+02 9.999999958E-01 3.454810383E-13 2.429403662E-03
5.822080000E+02 9.999999968E-01 2.170972136E-13 2.129479499E-03
6.664230000E+02 9.999999976E-01 1.366693000E-13 1.860379969E-03
7.646500000E+02 9.999999981E-01 8.676947853E-14 1.621395410E-03
8.913100000E+02 9.999999986E-01 5.326011503E-14 1.390986301E-03
1.026400000E+03 9.999999990E-01 3.452088675E-14 1.207911146E-03
1.228710000E+03 9.999999993E-01 1.992905290E-14 1.009025726E-03
1.477240000E+03 9.999999995E-01 1.135717688E-14 8.392678238E-04
1.776030000E+03 9.999999997E-01 6.472293668E-15 6.980737938E-04
2.135260000E+03 9.999999998E-01 3.688456921E-15 5.806318668E-04
2.567150000E+03 9.999999998E-01 2.101990837E-15 4.829480163E-04
3.086390000E+03 9.999999999E-01 1.197892069E-15 4.016990724E-04
3.710660000E+03 9.999999999E-01 6.826609787E-16 3.341184587E-04
4.461190000E+03 9.999999999E-01 3.890375422E-16 2.779079125E-04
5.363530000E+03 1.000000000E+00 2.217068620E-16 2.311537364E-04
6.448380000E+03 1.000000000E+00 1.263473677E-16 1.922653442E-04
7.752660000E+03 1.000000000E+00 7.200347871E-17 1.599193051E-04
9.320750000E+03 1.000000000E+00 4.103342102E-17 1.330150471E-04
1.000000000E+04 0.000000000E+00 0.000000000E+00 1.239800000E-04
