# 11/08/2021 
# Data retrieved from www.chemicool.com/densities.html 
# Includes the real (n) and complex (k) part of the  refractive index. 
# Element, Ge  (Z = 32) 
# Nominal density, g cm-3 =  5.323 
#    E [keV]      n       k    Wavelength [nm] 
1.000000000E-03 -9.698616634E+02 3.307649611E-03 1.239800000E+03
1.125000000E-03 -6.476023389E+01 0.000000000E+00 1.102044444E+03
1.265630000E-03 -5.082145545E+01 0.000000000E+00 9.795911917E+02
1.423830000E-03 -3.982392933E+01 0.000000000E+00 8.707500193E+02
1.500000000E-03 -3.573035233E+01 0.000000000E+00 8.265333333E+02
1.601810000E-03 -3.112419353E+01 0.000000000E+00 7.739994132E+02
1.802030000E-03 -2.425007031E+01 0.000000000E+00 6.880018646E+02
1.875000000E-03 -2.227795381E+01 0.000000000E+00 6.612266667E+02
1.984110000E-03 -1.971004616E+01 0.000000000E+00 6.248645488E+02
2.143430000E-03 -1.664567703E+01 0.000000000E+00 5.784187027E+02
2.282830000E-03 -1.447814612E+01 0.000000000E+00 5.430978216E+02
2.404800000E-03 -1.287944470E+01 0.000000000E+00 5.155522289E+02
2.636720000E-03 -1.042523423E+01 0.000000000E+00 4.702054067E+02
2.778360000E-03 -9.211536764E+00 0.000000000E+00 4.462344693E+02
2.898430000E-03 -8.322137844E+00 0.000000000E+00 4.277488157E+02
2.988480000E-03 -7.724152079E+00 0.000000000E+00 4.148597280E+02
3.056020000E-03 -7.307590172E+00 0.000000000E+00 4.056910622E+02
3.157330000E-03 -6.732925421E+00 0.000000000E+00 3.926735565E+02
3.207990000E-03 -6.463996615E+00 0.000000000E+00 3.864725264E+02
3.258640000E-03 -6.207680867E+00 0.000000000E+00 3.804654703E+02
3.266660000E-03 -6.168339073E+00 0.000000000E+00 3.795313868E+02
3.274680000E-03 -6.129295753E+00 0.000000000E+00 3.786018787E+02
3.282700000E-03 -6.090547941E+00 0.000000000E+00 3.776769123E+02
3.290730000E-03 -6.051768728E+00 0.000000000E+00 3.767553096E+02
3.298750000E-03 -6.013604901E+00 0.000000000E+00 3.758393331E+02
3.306770000E-03 -5.975727901E+00 0.000000000E+00 3.749277996E+02
3.314790000E-03 -5.937857855E+00 0.000000000E+00 3.740206770E+02
3.322810000E-03 -5.900547432E+00 0.000000000E+00 3.731179333E+02
3.332120000E-03 -5.857653842E+00 0.000000000E+00 3.720754355E+02
3.338850000E-03 -5.826486193E+00 0.000000000E+00 3.713254564E+02
3.346870000E-03 -5.789460814E+00 0.000000000E+00 3.704356608E+02
3.354890000E-03 -5.752711033E+00 0.000000000E+00 3.695501194E+02
3.362910000E-03 -5.716234172E+00 0.000000000E+00 3.686688017E+02
3.378950000E-03 -5.644088679E+00 0.000000000E+00 3.669187174E+02
3.386970000E-03 -5.608414850E+00 0.000000000E+00 3.660498912E+02
3.395000000E-03 -5.572964839E+00 0.000000000E+00 3.651840943E+02
3.403020000E-03 -5.537813864E+00 0.000000000E+00 3.643234539E+02
3.411040000E-03 -5.502920413E+00 0.000000000E+00 3.634668605E+02
3.419060000E-03 -5.468282032E+00 0.000000000E+00 3.626142858E+02
3.432030000E-03 -5.412765972E+00 0.000000000E+00 3.612439285E+02
3.451490000E-03 -5.330691249E+00 0.000000000E+00 3.592071830E+02
3.461220000E-03 -5.290320110E+00 0.000000000E+00 3.581973986E+02
3.466080000E-03 -5.270158391E+00 0.000000000E+00 3.576951484E+02
3.470950000E-03 -5.250048835E+00 0.000000000E+00 3.571932756E+02
3.479490000E-03 -5.215131782E+00 0.000000000E+00 3.563165866E+02
3.488030000E-03 -5.180481342E+00 0.000000000E+00 3.554441906E+02
3.496580000E-03 -5.146059699E+00 0.000000000E+00 3.545750419E+02
3.505120000E-03 -5.111687044E+00 0.000000000E+00 3.537111426E+02
3.513660000E-03 -5.077822124E+00 0.000000000E+00 3.528514427E+02
3.522210000E-03 -5.043933675E+00 0.000000000E+00 3.519949123E+02
3.526480000E-03 -5.027102917E+00 0.000000000E+00 3.515687031E+02
3.530750000E-03 -5.010335846E+00 0.000000000E+00 3.511435247E+02
3.535020000E-03 -4.993632155E+00 0.000000000E+00 3.507193736E+02
3.539290000E-03 -4.976991528E+00 0.000000000E+00 3.502962459E+02
3.545700000E-03 -4.952010291E+00 0.000000000E+00 3.496629721E+02
3.547840000E-03 -4.943864716E+00 0.000000000E+00 3.494520610E+02
3.555310000E-03 -4.915060392E+00 0.000000000E+00 3.487178333E+02
3.556380000E-03 -4.911020235E+00 0.000000000E+00 3.486129154E+02
3.556910000E-03 -4.909018191E+00 0.000000000E+00 3.485609701E+02
3.557920000E-03 -4.905182861E+00 0.000000000E+00 3.484620228E+02
3.558790000E-03 -4.901815247E+00 0.000000000E+00 3.483768359E+02
3.560320000E-03 -4.896023396E+00 0.000000000E+00 3.482271257E+02
3.562620000E-03 -4.887213728E+00 0.000000000E+00 3.480023129E+02
3.563770000E-03 -4.882695729E+00 0.000000000E+00 3.478900153E+02
3.564350000E-03 -4.880541771E+00 0.000000000E+00 3.478334058E+02
3.565990000E-03 -4.874415886E+00 0.000000000E+00 3.476734371E+02
3.567860000E-03 -4.867303059E+00 0.000000000E+00 3.474912132E+02
3.575600000E-03 -4.838119131E+00 0.000000000E+00 3.467390088E+02
3.582010000E-03 -4.813921522E+00 0.000000000E+00 3.461185200E+02
3.586280000E-03 -4.797954791E+00 0.000000000E+00 3.457064144E+02
3.590550000E-03 -4.782047523E+00 0.000000000E+00 3.452952890E+02
3.594820000E-03 -4.765963854E+00 0.000000000E+00 3.448851403E+02
3.599100000E-03 -4.750143251E+00 0.000000000E+00 3.444750076E+02
3.607640000E-03 -4.718741723E+00 0.000000000E+00 3.436595669E+02
3.616180000E-03 -4.687339537E+00 0.000000000E+00 3.428479777E+02
3.624730000E-03 -4.656369947E+00 0.000000000E+00 3.420392691E+02
3.637540000E-03 -4.610158920E+00 0.000000000E+00 3.408347400E+02
3.641810000E-03 -4.594945051E+00 0.000000000E+00 3.404351133E+02
3.643950000E-03 -4.587229106E+00 0.000000000E+00 3.402351843E+02
3.648190000E-03 -4.572190868E+00 0.000000000E+00 3.398397562E+02
3.657360000E-03 -4.539732118E+00 0.000000000E+00 3.389876851E+02
3.664920000E-03 -4.513047902E+00 0.000000000E+00 3.382884210E+02
3.673090000E-03 -4.484488416E+00 0.000000000E+00 3.375359711E+02
3.681130000E-03 -4.456513245E+00 0.000000000E+00 3.367987547E+02
3.689050000E-03 -4.429082768E+00 0.000000000E+00 3.360756834E+02
3.696840000E-03 -4.402439687E+00 0.000000000E+00 3.353675031E+02
3.704510000E-03 -4.376320747E+00 0.000000000E+00 3.346731417E+02
3.712060000E-03 -4.350496318E+00 0.000000000E+00 3.339924462E+02
3.719490000E-03 -4.325400690E+00 0.000000000E+00 3.333252677E+02
3.726810000E-03 -4.300775354E+00 0.000000000E+00 3.326705681E+02
3.734010000E-03 -4.276641126E+00 0.000000000E+00 3.320291054E+02
3.748070000E-03 -4.229759238E+00 0.000000000E+00 3.307835766E+02
3.756610000E-03 -4.201693936E+00 0.000000000E+00 3.300315976E+02
3.763340000E-03 -4.179451980E+00 0.000000000E+00 3.294414005E+02
3.776600000E-03 -4.136314532E+00 0.000000000E+00 3.282847005E+02
3.789450000E-03 -4.094967215E+00 0.000000000E+00 3.271714893E+02
3.814340000E-03 -4.016136548E+00 0.000000000E+00 3.250365725E+02
3.861010000E-03 -3.871915499E+00 0.000000000E+00 3.211076894E+02
4.024360000E-03 -3.402105725E+00 0.000000000E+00 3.080738304E+02
4.065200000E-03 -3.291810881E+00 0.000000000E+00 3.049788448E+02
4.095820000E-03 -3.211366587E+00 0.000000000E+00 3.026988491E+02
4.118790000E-03 -3.152322304E+00 0.000000000E+00 3.010107337E+02
4.153250000E-03 -3.064996064E+00 0.000000000E+00 2.985132125E+02
4.170480000E-03 -3.021675339E+00 0.000000000E+00 2.972799294E+02
4.179090000E-03 -3.000240359E+00 0.000000000E+00 2.966674563E+02
4.187700000E-03 -2.978947479E+00 0.000000000E+00 2.960575017E+02
4.208560000E-03 -2.927913750E+00 0.000000000E+00 2.945900736E+02
4.218920000E-03 -2.902831462E+00 0.000000000E+00 2.938666768E+02
4.229280000E-03 -2.878117695E+00 0.000000000E+00 2.931468240E+02
4.239640000E-03 -2.853429223E+00 0.000000000E+00 2.924304894E+02
4.250000000E-03 -2.828935096E+00 0.000000000E+00 2.917176471E+02
4.260360000E-03 -2.804465632E+00 0.000000000E+00 2.910082716E+02
4.265540000E-03 -2.792219396E+00 0.000000000E+00 2.906548761E+02
4.270710000E-03 -2.779872132E+00 0.000000000E+00 2.903030175E+02
4.281070000E-03 -2.755620265E+00 0.000000000E+00 2.896004971E+02
4.291430000E-03 -2.731392937E+00 0.000000000E+00 2.889013685E+02
4.294020000E-03 -2.725407072E+00 0.000000000E+00 2.887271135E+02
4.301790000E-03 -2.707355153E+00 0.000000000E+00 2.882056074E+02
4.303090000E-03 -2.704457811E+00 0.000000000E+00 2.881185381E+02
4.305350000E-03 -2.699255792E+00 0.000000000E+00 2.879672965E+02
4.312150000E-03 -2.683668739E+00 0.000000000E+00 2.875131895E+02
4.313250000E-03 -2.681135559E+00 0.000000000E+00 2.874398655E+02
4.314410000E-03 -2.678502169E+00 0.000000000E+00 2.873625826E+02
4.316430000E-03 -2.673916292E+00 0.000000000E+00 2.872281029E+02
4.319470000E-03 -2.666951973E+00 0.000000000E+00 2.870259546E+02
4.322510000E-03 -2.660003605E+00 0.000000000E+00 2.868240906E+02
4.324980000E-03 -2.654359597E+00 0.000000000E+00 2.866602851E+02
4.329320000E-03 -2.644600183E+00 0.000000000E+00 2.863729177E+02
4.332570000E-03 -2.637350402E+00 0.000000000E+00 2.861581002E+02
4.337440000E-03 -2.626274413E+00 0.000000000E+00 2.858368070E+02
4.339880000E-03 -2.620904910E+00 0.000000000E+00 2.856761016E+02
4.342320000E-03 -2.615383733E+00 0.000000000E+00 2.855155769E+02
4.347470000E-03 -2.603924015E+00 0.000000000E+00 2.851773560E+02
4.350050000E-03 -2.598202429E+00 0.000000000E+00 2.850082183E+02
4.352630000E-03 -2.592491872E+00 0.000000000E+00 2.848392811E+02
4.357780000E-03 -2.581120171E+00 0.000000000E+00 2.845026596E+02
4.360360000E-03 -2.575282385E+00 0.000000000E+00 2.843343210E+02
4.361640000E-03 -2.572544137E+00 0.000000000E+00 2.842508781E+02
4.362930000E-03 -2.569632191E+00 0.000000000E+00 2.841668328E+02
4.373240000E-03 -2.547090718E+00 0.000000000E+00 2.834969039E+02
4.374610000E-03 -2.544073992E+00 0.000000000E+00 2.834081210E+02
4.375870000E-03 -2.541397362E+00 0.000000000E+00 2.833265156E+02
4.389260000E-03 -2.512238543E+00 0.000000000E+00 2.824621918E+02
4.391560000E-03 -2.507297752E+00 0.000000000E+00 2.823142573E+02
4.393860000E-03 -2.502365382E+00 0.000000000E+00 2.821664778E+02
4.395020000E-03 -2.499886419E+00 0.000000000E+00 2.820920041E+02
4.400010000E-03 -2.489122140E+00 0.000000000E+00 2.817720869E+02
4.407870000E-03 -2.472459307E+00 0.000000000E+00 2.812696382E+02
4.415740000E-03 -2.455564989E+00 0.000000000E+00 2.807683423E+02
4.421670000E-03 -2.442876942E+00 0.000000000E+00 2.803917977E+02
4.432500000E-03 -2.419875467E+00 0.000000000E+00 2.797067118E+02
4.443330000E-03 -2.397057063E+00 0.000000000E+00 2.790249655E+02
4.454160000E-03 -2.374266436E+00 0.000000000E+00 2.783465345E+02
4.464990000E-03 -2.351809388E+00 0.000000000E+00 2.776713946E+02
4.477680000E-03 -2.325701498E+00 0.000000000E+00 2.768844580E+02
4.486650000E-03 -2.306821325E+00 0.000000000E+00 2.763308928E+02
4.497480000E-03 -2.284142079E+00 0.000000000E+00 2.756654838E+02
4.508310000E-03 -2.261792110E+00 0.000000000E+00 2.750032717E+02
4.519140000E-03 -2.239469343E+00 0.000000000E+00 2.743442336E+02
4.529970000E-03 -2.217322507E+00 0.000000000E+00 2.736883467E+02
4.540800000E-03 -2.195349848E+00 0.000000000E+00 2.730355884E+02
4.562460000E-03 -2.152066408E+00 0.000000000E+00 2.717393687E+02
4.573290000E-03 -2.130605286E+00 0.000000000E+00 2.710958632E+02
4.584120000E-03 -2.109456414E+00 0.000000000E+00 2.704553982E+02
4.594970000E-03 -2.088300841E+00 0.000000000E+00 2.698167779E+02
4.605850000E-03 -2.067269910E+00 0.000000000E+00 2.691794131E+02
4.616610000E-03 -2.046561068E+00 0.000000000E+00 2.685520328E+02
4.637590000E-03 -2.006885679E+00 0.000000000E+00 2.673371298E+02
4.638030000E-03 -2.006032152E+00 0.000000000E+00 2.673117681E+02
4.649450000E-03 -1.984382959E+00 0.000000000E+00 2.666551958E+02
4.660860000E-03 -1.962922304E+00 0.000000000E+00 2.660024116E+02
4.672770000E-03 -1.940587664E+00 0.000000000E+00 2.653244221E+02
4.683690000E-03 -1.919675449E+00 0.000000000E+00 2.647058196E+02
4.695110000E-03 -1.897894055E+00 0.000000000E+00 2.640619709E+02
4.706530000E-03 -1.876289428E+00 0.000000000E+00 2.634212467E+02
4.717940000E-03 -1.855008638E+00 0.000000000E+00 2.627841812E+02
4.729360000E-03 -1.833751395E+00 0.000000000E+00 2.621496355E+02
4.740770000E-03 -1.812677461E+00 0.000000000E+00 2.615186984E+02
4.752190000E-03 -1.791896061E+00 0.000000000E+00 2.608902422E+02
4.763610000E-03 -1.771147215E+00 0.000000000E+00 2.602647992E+02
4.775020000E-03 -1.750576204E+00 0.000000000E+00 2.596428915E+02
4.786440000E-03 -1.730291091E+00 0.000000000E+00 2.590234078E+02
4.797850000E-03 -1.710046762E+00 0.000000000E+00 2.584074117E+02
4.809270000E-03 -1.689952400E+00 0.000000000E+00 2.577938024E+02
4.813860000E-03 -1.681934965E+00 0.000000000E+00 2.575479968E+02
4.820690000E-03 -1.670148804E+00 0.000000000E+00 2.571831003E+02
4.832100000E-03 -1.650382740E+00 0.000000000E+00 2.565758159E+02
4.837560000E-03 -1.641021055E+00 0.000000000E+00 2.562862269E+02
4.849410000E-03 -1.620103639E+00 0.000000000E+00 2.556599669E+02
4.861260000E-03 -1.598972078E+00 0.000000000E+00 2.550367600E+02
4.874210000E-03 -1.575954391E+00 0.000000000E+00 2.543591679E+02
4.886150000E-03 -1.554964541E+00 0.000000000E+00 2.537376053E+02
4.892120000E-03 -1.544534904E+00 0.000000000E+00 2.534279617E+02
4.901070000E-03 -1.529039955E+00 0.000000000E+00 2.529651688E+02
4.910030000E-03 -1.513630735E+00 0.000000000E+00 2.525035489E+02
4.916000000E-03 -1.503372365E+00 0.000000000E+00 2.521969081E+02
4.921970000E-03 -1.493156338E+00 0.000000000E+00 2.518910111E+02
4.930920000E-03 -1.477853642E+00 0.000000000E+00 2.514338095E+02
4.936890000E-03 -1.467742654E+00 0.000000000E+00 2.511297598E+02
4.941370000E-03 -1.460277739E+00 0.000000000E+00 2.509020778E+02
4.943600000E-03 -1.456439278E+00 0.000000000E+00 2.507888988E+02
4.944720000E-03 -1.454579558E+00 0.000000000E+00 2.507320940E+02
4.945280000E-03 -1.453650237E+00 0.000000000E+00 2.507037013E+02
4.945560000E-03 -1.453123477E+00 0.000000000E+00 2.506895074E+02
4.946030000E-03 -1.452408392E+00 0.000000000E+00 2.506656854E+02
4.946400000E-03 -1.451792666E+00 0.000000000E+00 2.506469351E+02
4.957780000E-03 -1.432747157E+00 0.000000000E+00 2.500716046E+02
4.960770000E-03 -1.427712480E+00 0.000000000E+00 2.499208792E+02
4.969720000E-03 -1.412936451E+00 0.000000000E+00 2.494707951E+02
4.975690000E-03 -1.403091858E+00 0.000000000E+00 2.491714717E+02
4.981660000E-03 -1.393287497E+00 0.000000000E+00 2.488728657E+02
4.987630000E-03 -1.383523163E+00 0.000000000E+00 2.485749745E+02
4.996580000E-03 -1.368773104E+00 0.000000000E+00 2.481297207E+02
5.005540000E-03 -1.353617791E+00 0.000000000E+00 2.476855644E+02
5.017020000E-03 -1.334392696E+00 0.000000000E+00 2.471188076E+02
5.027140000E-03 -1.317294093E+00 0.000000000E+00 2.466213394E+02
5.041350000E-03 -1.293468646E+00 0.000000000E+00 2.459261904E+02
5.050900000E-03 -1.277644306E+00 0.000000000E+00 2.454612049E+02
5.053290000E-03 -1.273702099E+00 0.000000000E+00 2.453451118E+02
5.065230000E-03 -1.253977568E+00 0.000000000E+00 2.447667727E+02
5.077170000E-03 -1.234531311E+00 0.000000000E+00 2.441911537E+02
5.088640000E-03 -1.215886888E+00 0.000000000E+00 2.436407370E+02
5.089100000E-03 -1.215133687E+00 0.000000000E+00 2.436187145E+02
5.100930000E-03 -1.196095969E+00 0.000000000E+00 2.430537177E+02
5.112760000E-03 -1.177326985E+00 0.000000000E+00 2.424913354E+02
5.125130000E-03 -1.157557448E+00 0.000000000E+00 2.419060590E+02
5.137500000E-03 -1.136799432E+00 0.000000000E+00 2.413236010E+02
5.149870000E-03 -1.116215722E+00 0.000000000E+00 2.407439411E+02
5.162240000E-03 -1.095690296E+00 0.000000000E+00 2.401670593E+02
5.174610000E-03 -1.075336712E+00 0.000000000E+00 2.395929355E+02
5.186980000E-03 -1.054813767E+00 0.000000000E+00 2.390215501E+02
5.211730000E-03 -1.014385223E+00 0.000000000E+00 2.378864600E+02
5.224100000E-03 -9.944829163E-01 0.000000000E+00 2.373231753E+02
5.236470000E-03 -9.746349430E-01 0.000000000E+00 2.367625519E+02
5.248840000E-03 -9.550621962E-01 0.000000000E+00 2.362045709E+02
5.261210000E-03 -9.355414980E-01 0.000000000E+00 2.356492138E+02
5.273580000E-03 -9.162916905E-01 0.000000000E+00 2.350964620E+02
5.280530000E-03 -9.054643573E-01 0.000000000E+00 2.347870384E+02
5.283840000E-03 -9.003517894E-01 0.000000000E+00 2.346399588E+02
5.288810000E-03 -8.927549647E-01 0.000000000E+00 2.344194630E+02
5.293780000E-03 -8.850746740E-01 0.000000000E+00 2.341993812E+02
5.294040000E-03 -8.846722782E-01 0.000000000E+00 2.341878792E+02
5.301520000E-03 -8.731838970E-01 0.000000000E+00 2.338574597E+02
5.305270000E-03 -8.674000647E-01 0.000000000E+00 2.336921589E+02
5.309010000E-03 -8.615297037E-01 0.000000000E+00 2.335275315E+02
5.314560000E-03 -8.527934949E-01 0.000000000E+00 2.332836585E+02
5.320110000E-03 -8.441972283E-01 0.000000000E+00 2.330402943E+02
5.335140000E-03 -8.208796802E-01 0.000000000E+00 2.323837800E+02
5.348210000E-03 -8.008155197E-01 0.000000000E+00 2.318158786E+02
5.361280000E-03 -7.794423503E-01 0.000000000E+00 2.312507461E+02
5.368670000E-03 -7.670477727E-01 0.000000000E+00 2.309324283E+02
5.376060000E-03 -7.548199069E-01 0.000000000E+00 2.306149857E+02
5.382670000E-03 -7.437880038E-01 0.000000000E+00 2.303317870E+02
5.392600000E-03 -7.274266639E-01 0.000000000E+00 2.299076512E+02
5.397560000E-03 -7.193421294E-01 0.000000000E+00 2.296963813E+02
5.402520000E-03 -7.111800575E-01 0.000000000E+00 2.294854994E+02
5.409140000E-03 -7.004391917E-01 0.000000000E+00 2.292046425E+02
5.412440000E-03 -6.950408422E-01 0.000000000E+00 2.290648949E+02
5.415750000E-03 -6.897519384E-01 0.000000000E+00 2.289248950E+02
5.421180000E-03 -6.809821952E-01 0.000000000E+00 2.286955976E+02
5.423900000E-03 -6.766061292E-01 0.000000000E+00 2.285809104E+02
5.425260000E-03 -6.744210695E-01 0.000000000E+00 2.285236099E+02
5.428250000E-03 -6.695808084E-01 0.000000000E+00 2.283977341E+02
5.431100000E-03 -6.650424287E-01 0.000000000E+00 2.282778811E+02
5.435390000E-03 -6.581903038E-01 0.000000000E+00 2.280977078E+02
5.438070000E-03 -6.538798082E-01 0.000000000E+00 2.279852963E+02
5.438880000E-03 -6.525639292E-01 0.000000000E+00 2.279513429E+02
5.440500000E-03 -6.500371554E-01 0.000000000E+00 2.278834666E+02
5.452750000E-03 -6.306520773E-01 0.000000000E+00 2.273715098E+02
5.456730000E-03 -6.243891124E-01 0.000000000E+00 2.272056708E+02
5.468680000E-03 -6.055914622E-01 0.000000000E+00 2.267091876E+02
5.472910000E-03 -5.990450506E-01 0.000000000E+00 2.265339646E+02
5.480320000E-03 -5.875271192E-01 0.000000000E+00 2.262276655E+02
5.491430000E-03 -5.703081368E-01 0.000000000E+00 2.257699725E+02
5.496980000E-03 -5.617991724E-01 0.000000000E+00 2.255420249E+02
5.502530000E-03 -5.533213247E-01 0.000000000E+00 2.253145371E+02
5.506350000E-03 -5.475522530E-01 0.000000000E+00 2.251582264E+02
5.518080000E-03 -5.296822077E-01 0.000000000E+00 2.246795987E+02
5.531150000E-03 -5.087295247E-01 0.000000000E+00 2.241486852E+02
5.537380000E-03 -4.983867034E-01 0.000000000E+00 2.238964998E+02
5.544220000E-03 -4.864716019E-01 0.000000000E+00 2.236202748E+02
5.548490000E-03 -4.790424806E-01 0.000000000E+00 2.234481814E+02
5.557290000E-03 -4.639132662E-01 0.000000000E+00 2.230943499E+02
5.562080000E-03 -4.556855282E-01 0.000000000E+00 2.229022236E+02
5.569320000E-03 -4.433643917E-01 0.000000000E+00 2.226124554E+02
5.571020000E-03 -4.404237892E-01 0.000000000E+00 2.225445251E+02
5.576930000E-03 -4.304230030E-01 0.000000000E+00 2.223086895E+02
5.577620000E-03 -4.291884087E-01 0.000000000E+00 2.222811880E+02
5.584670000E-03 -4.172855343E-01 0.000000000E+00 2.220005837E+02
5.591000000E-03 -4.066766047E-01 0.000000000E+00 2.217492398E+02
5.595080000E-03 -3.997635060E-01 0.000000000E+00 2.215875376E+02
5.599150000E-03 -3.929711358E-01 0.000000000E+00 2.214264665E+02
5.603480000E-03 -3.857775159E-01 0.000000000E+00 2.212553627E+02
5.606720000E-03 -3.803994828E-01 0.000000000E+00 2.211275041E+02
5.611580000E-03 -3.723056425E-01 0.000000000E+00 2.209359931E+02
5.614010000E-03 -3.683167497E-01 0.000000000E+00 2.208403619E+02
5.623230000E-03 -3.530505555E-01 0.000000000E+00 2.204782660E+02
5.629180000E-03 -3.432745767E-01 0.000000000E+00 2.202452222E+02
5.632470000E-03 -3.379633661E-01 0.000000000E+00 2.201165741E+02
5.635260000E-03 -3.333794569E-01 0.000000000E+00 2.200075950E+02
5.642440000E-03 -3.216691685E-01 0.000000000E+00 2.197276356E+02
5.657210000E-03 -2.968939325E-01 0.000000000E+00 2.191539646E+02
5.661890000E-03 -2.885781319E-01 0.000000000E+00 2.189728165E+02
5.732030000E-03 -1.645806945E-01 0.000000000E+00 2.162933551E+02
5.748930000E-03 -1.346239019E-01 0.000000000E+00 2.156575224E+02
5.759630000E-03 -1.125171236E-01 0.000000000E+00 2.152568828E+02
5.768380000E-03 -9.468898335E-02 0.000000000E+00 2.149303617E+02
5.777140000E-03 -7.686872534E-02 0.000000000E+00 2.146044583E+02
5.789090000E-03 -5.271577188E-02 0.000000000E+00 2.141614658E+02
5.801040000E-03 -2.875249195E-02 0.000000000E+00 2.137202984E+02
5.814840000E-03 -1.366646434E-03 0.000000000E+00 2.132130893E+02
5.821570000E-03 1.199595279E-02 0.000000000E+00 2.129666052E+02
5.828650000E-03 2.586463534E-02 0.000000000E+00 2.127079169E+02
5.835950000E-03 4.009890516E-02 0.000000000E+00 2.124418475E+02
5.842450000E-03 5.275751241E-02 0.000000000E+00 2.122054960E+02
5.849950000E-03 6.781673627E-02 0.000000000E+00 2.119334353E+02
5.856250000E-03 8.047321143E-02 0.000000000E+00 2.117054429E+02
5.865390000E-03 9.873394515E-02 0.000000000E+00 2.113755437E+02
5.869360000E-03 1.066688662E-01 0.000000000E+00 2.112325705E+02
5.882270000E-03 1.323174620E-01 0.000000000E+00 2.107689718E+02
5.888420000E-03 1.444014210E-01 0.000000000E+00 2.105488399E+02
5.897120000E-03 1.629438755E-01 0.000000000E+00 2.102382180E+02
5.909050000E-03 1.910814256E-01 0.000000000E+00 2.098137602E+02
5.917940000E-03 2.119380322E-01 0.000000000E+00 2.094985755E+02
5.933150000E-03 2.473655437E-01 0.000000000E+00 2.089615129E+02
5.951160000E-03 2.898211948E-01 0.000000000E+00 2.083291325E+02
5.965600000E-03 3.247343920E-01 0.000000000E+00 2.078248625E+02
5.972200000E-03 3.434673046E-01 0.000000000E+00 2.075951911E+02
5.992010000E-03 3.998618034E-01 0.000000000E+00 2.069088670E+02
6.007670000E-03 4.438951185E-01 0.000000000E+00 2.063695243E+02
6.023330000E-03 4.874792146E-01 0.000000000E+00 2.058329861E+02
6.042300000E-03 5.410560743E-01 1.261912352E-06 2.051867666E+02
6.056180000E-03 5.851563258E-01 5.001348032E-06 2.047165045E+02
6.080430000E-03 6.675062411E-01 4.510263842E-05 2.039000531E+02
6.092650000E-03 7.124686386E-01 1.246874090E-04 2.034910917E+02
6.111820000E-03 7.920996993E-01 5.421242796E-04 2.028528327E+02
6.131550000E-03 8.836404617E-01 2.119047277E-03 2.022000962E+02
6.153450000E-03 1.001286377E+00 8.081263994E-03 2.014804703E+02
6.162740000E-03 1.057712591E+00 1.351196044E-02 2.011767493E+02
6.183730000E-03 1.205879570E+00 3.850688362E-02 2.004938767E+02
6.207320000E-03 1.400181447E+00 1.040779897E-01 1.997319294E+02
6.224920000E-03 1.555204927E+00 1.938943417E-01 1.991672182E+02
6.247760000E-03 1.744489407E+00 3.765879485E-01 1.984391206E+02
6.261190000E-03 1.835495108E+00 5.182104241E-01 1.980134767E+02
6.267640000E-03 1.869811891E+00 5.937326357E-01 1.978097019E+02
6.277420000E-03 1.908048577E+00 7.142658811E-01 1.975015213E+02
6.289280000E-03 1.919865845E+00 8.660607738E-01 1.971290831E+02
6.301280000E-03 1.931776410E+00 1.018398724E+00 1.967536754E+02
6.312600000E-03 1.907046800E+00 1.154278742E+00 1.964008491E+02
6.315870000E-03 1.895805058E+00 1.191203988E+00 1.962991639E+02
6.327040000E-03 1.848309214E+00 1.308175699E+00 1.959526098E+02
6.348310000E-03 1.730988018E+00 1.484108876E+00 1.952960709E+02
6.373040000E-03 1.588235831E+00 1.609778408E+00 1.945382423E+02
6.395230000E-03 1.487693898E+00 1.673567165E+00 1.938632387E+02
6.412530000E-03 1.435241612E+00 1.709791036E+00 1.933402261E+02
6.424680000E-03 1.410290845E+00 1.736622565E+00 1.929745917E+02
6.468610000E-03 1.364066849E+00 1.884729842E+00 1.916640515E+02
6.482140000E-03 1.338567087E+00 1.950401452E+00 1.912639961E+02
6.511480000E-03 1.254101314E+00 2.104244642E+00 1.904021820E+02
6.532200000E-03 1.158315751E+00 2.202108597E+00 1.897982303E+02
6.576320000E-03 9.099693390E-01 2.326817445E+00 1.885248893E+02
6.647210000E-03 5.743478075E-01 2.332371455E+00 1.865143421E+02
6.663190000E-03 5.172128310E-01 2.320937090E+00 1.860670340E+02
6.673840000E-03 4.822539125E-01 2.312749559E+00 1.857701114E+02
6.715830000E-03 3.674828299E-01 2.277230556E+00 1.846086039E+02
6.739080000E-03 3.103039911E-01 2.257676884E+00 1.839716994E+02
6.751820000E-03 2.839887250E-01 2.247021282E+00 1.836245635E+02
6.807710000E-03 1.735837703E-01 2.200982698E+00 1.821170408E+02
6.834910000E-03 1.312738445E-01 2.178690387E+00 1.813922934E+02
6.899590000E-03 3.397429687E-02 2.126784947E+00 1.796918368E+02
6.990700000E-03 -7.039341604E-02 2.056958140E+00 1.773499077E+02
7.083340000E-03 -1.551908133E-01 1.987803132E+00 1.750304235E+02
7.148350000E-03 -2.038004498E-01 1.940402883E+00 1.734386257E+02
7.197020000E-03 -2.362383724E-01 1.905519749E+00 1.722657433E+02
7.296820000E-03 -2.894472086E-01 1.837170671E+00 1.699096319E+02
7.365570000E-03 -3.195262374E-01 1.791985651E+00 1.683237007E+02
7.397940000E-03 -3.327570048E-01 1.771076087E+00 1.675871932E+02
7.438180000E-03 -3.476485637E-01 1.745659389E+00 1.666805590E+02
7.455030000E-03 -3.530663576E-01 1.734994561E+00 1.663038244E+02
7.505970000E-03 -3.690752274E-01 1.703219929E+00 1.651751872E+02
7.556390000E-03 -3.835485456E-01 1.672318320E+00 1.640730560E+02
7.589190000E-03 -3.924933217E-01 1.652534644E+00 1.633639427E+02
7.650690000E-03 -4.051987556E-01 1.615468874E+00 1.620507431E+02
7.704510000E-03 -4.151244805E-01 1.583690100E+00 1.609187346E+02
7.751600000E-03 -4.230115184E-01 1.556507194E+00 1.599411734E+02
7.834010000E-03 -4.325166460E-01 1.511039928E+00 1.582586696E+02
7.895810000E-03 -4.384040789E-01 1.478240113E+00 1.570199891E+02
7.942170000E-03 -4.423168331E-01 1.454112123E+00 1.561034327E+02
8.011700000E-03 -4.458953388E-01 1.418107171E+00 1.547486801E+02
8.081230000E-03 -4.476925941E-01 1.382836376E+00 1.534172397E+02
8.140900000E-03 -4.484590444E-01 1.353424734E+00 1.522927440E+02
8.180690000E-03 -4.479132295E-01 1.334350070E+00 1.515520084E+02
8.220470000E-03 -4.468180607E-01 1.315705242E+00 1.508186272E+02
8.240360000E-03 -4.462979211E-01 1.306496594E+00 1.504545918E+02
8.260250000E-03 -4.457213922E-01 1.297356816E+00 1.500923096E+02
8.280140000E-03 -4.451337032E-01 1.288294114E+00 1.497317678E+02
8.286840000E-03 -4.449257261E-01 1.285258641E+00 1.496107081E+02
8.293540000E-03 -4.447165326E-01 1.282226863E+00 1.494898439E+02
8.306730000E-03 -4.443234381E-01 1.276287434E+00 1.492524736E+02
8.334360000E-03 -4.434844582E-01 1.263947353E+00 1.487576731E+02
8.354780000E-03 -4.428481194E-01 1.254915440E+00 1.483940930E+02
8.375190000E-03 -4.422042597E-01 1.245959451E+00 1.480324625E+02
8.395600000E-03 -4.411177025E-01 1.237071295E+00 1.476725904E+02
8.407490000E-03 -4.404037753E-01 1.231929608E+00 1.474637496E+02
8.419380000E-03 -4.396451825E-01 1.226799126E+00 1.472554986E+02
8.429320000E-03 -4.388654242E-01 1.222480767E+00 1.470818524E+02
8.439270000E-03 -4.381246777E-01 1.218180723E+00 1.469084411E+02
8.449210000E-03 -4.373868320E-01 1.213896143E+00 1.467356120E+02
8.459160000E-03 -4.366450822E-01 1.209625464E+00 1.465630157E+02
8.474080000E-03 -4.355332476E-01 1.203254285E+00 1.463049676E+02
8.483700000E-03 -4.347750345E-01 1.199165018E+00 1.461390667E+02
8.490690000E-03 -4.342716648E-01 1.196207483E+00 1.460187570E+02
8.494180000E-03 -4.339793690E-01 1.194731054E+00 1.459587624E+02
8.495050000E-03 -4.339387748E-01 1.194364019E+00 1.459438143E+02
8.495380000E-03 -4.339117386E-01 1.194224833E+00 1.459381452E+02
8.496810000E-03 -4.338086324E-01 1.193620492E+00 1.459135840E+02
8.497670000E-03 -4.337292264E-01 1.193256646E+00 1.458988170E+02
8.498310000E-03 -4.336818980E-01 1.192988407E+00 1.458878295E+02
8.518080000E-03 -4.321953120E-01 1.184679571E+00 1.455492318E+02
8.523190000E-03 -4.318195160E-01 1.182547059E+00 1.454619691E+02
8.538500000E-03 -4.306563092E-01 1.176172190E+00 1.452011477E+02
8.548700000E-03 -4.298687090E-01 1.171942472E+00 1.450278990E+02
8.558910000E-03 -4.291190135E-01 1.167730989E+00 1.448548939E+02
8.569120000E-03 -4.283273713E-01 1.163532093E+00 1.446823011E+02
8.579320000E-03 -4.275387744E-01 1.159356704E+00 1.445102875E+02
8.589530000E-03 -4.267878327E-01 1.155195165E+00 1.443385144E+02
8.599740000E-03 -4.259952674E-01 1.151045992E+00 1.441671492E+02
8.620150000E-03 -4.244536531E-01 1.142803576E+00 1.438258035E+02
8.640560000E-03 -4.229106727E-01 1.134630177E+00 1.434860703E+02
8.660980000E-03 -4.213225344E-01 1.126514381E+00 1.431477731E+02
8.701800000E-03 -4.176679332E-01 1.110550772E+00 1.424762693E+02
8.712940000E-03 -4.166516805E-01 1.106241069E+00 1.422941051E+02
8.735120000E-03 -4.146532628E-01 1.097709809E+00 1.419327954E+02
8.759920000E-03 -4.124070785E-01 1.088254060E+00 1.415309729E+02
8.800800000E-03 -4.076487373E-01 1.072896866E+00 1.408735569E+02
8.843790000E-03 -4.026766132E-01 1.056999365E+00 1.401887652E+02
8.886110000E-03 -3.978297074E-01 1.041604236E+00 1.395211178E+02
8.969420000E-03 -3.883306856E-01 1.012002972E+00 1.382252141E+02
9.050130000E-03 -3.791406841E-01 9.841946369E-01 1.369925073E+02
9.146400000E-03 -3.673647427E-01 9.520970711E-01 1.355505991E+02
9.305720000E-03 -3.454833039E-01 9.015437719E-01 1.332298844E+02
9.554980000E-03 -3.092778082E-01 8.283111959E-01 1.297543271E+02
1.020820000E-02 -2.101799295E-01 6.657844686E-01 1.214513822E+02
1.031060000E-02 -1.942509741E-01 6.436681714E-01 1.202451846E+02
1.034940000E-02 -1.881838689E-01 6.355170747E-01 1.197943842E+02
1.049510000E-02 -1.657040167E-01 6.058499056E-01 1.181313184E+02
1.062310000E-02 -1.459554589E-01 5.810706353E-01 1.167079289E+02
1.074610000E-02 -1.271747203E-01 5.583043465E-01 1.153720885E+02
1.087050000E-02 -1.083510175E-01 5.362448614E-01 1.140517915E+02
1.100750000E-02 -8.761678767E-02 5.131532182E-01 1.126322962E+02
1.113520000E-02 -6.865736489E-02 4.925580907E-01 1.113406135E+02
1.118790000E-02 -6.097254792E-02 4.843023625E-01 1.108161496E+02
1.127850000E-02 -4.756136288E-02 4.705649854E-01 1.099259653E+02
1.134690000E-02 -3.764170129E-02 4.604424216E-01 1.092633230E+02
1.139820000E-02 -3.024391118E-02 4.529984844E-01 1.087715604E+02
1.143670000E-02 -2.471573523E-02 4.475075382E-01 1.084053967E+02
1.146560000E-02 -2.059857034E-02 4.434296076E-01 1.081321518E+02
1.151460000E-02 -1.367583034E-02 4.365868829E-01 1.076719990E+02
1.153050000E-02 -1.136298853E-02 4.344150819E-01 1.075235246E+02
1.154130000E-02 -9.813888759E-03 4.329419350E-01 1.074229073E+02
1.155220000E-02 -8.251355335E-03 4.314683462E-01 1.073215491E+02
1.156640000E-02 -6.232340251E-03 4.295471352E-01 1.071897911E+02
1.158060000E-02 -4.197489714E-03 4.276340438E-01 1.070583562E+02
1.160900000E-02 -1.711757027E-04 4.238320513E-01 1.067964510E+02
1.163750000E-02 3.844963232E-03 4.200570626E-01 1.065349087E+02
1.166590000E-02 7.816832818E-03 4.163187595E-01 1.062755553E+02
1.169430000E-02 1.176191798E-02 4.126117712E-01 1.060174615E+02
1.170850000E-02 1.371339074E-02 4.107699190E-01 1.058888841E+02
1.172280000E-02 1.571941093E-02 4.089354446E-01 1.057597161E+02
1.173700000E-02 1.767975225E-02 4.071178323E-01 1.056317628E+02
1.175120000E-02 1.965554459E-02 4.053100103E-01 1.055041187E+02
1.176540000E-02 2.162466438E-02 4.035097252E-01 1.053767828E+02
1.177960000E-02 2.360908547E-02 4.017388764E-01 1.052497538E+02
1.180100000E-02 2.660056283E-02 3.990918018E-01 1.050588933E+02
1.181160000E-02 2.806321087E-02 3.977801108E-01 1.049646111E+02
1.183030000E-02 3.065489963E-02 3.954860144E-01 1.047986949E+02
1.183180000E-02 3.087891980E-02 3.952987585E-01 1.047854088E+02
1.183240000E-02 3.095545843E-02 3.952260535E-01 1.047800953E+02
1.183500000E-02 3.131598074E-02 3.949111466E-01 1.047570765E+02
1.183650000E-02 3.151802315E-02 3.947263185E-01 1.047438010E+02
1.183740000E-02 3.164355979E-02 3.946163295E-01 1.047358373E+02
1.186490000E-02 3.543519410E-02 3.912667910E-01 1.044930846E+02
1.187200000E-02 3.639416310E-02 3.904058347E-01 1.044305930E+02
1.189340000E-02 3.932067023E-02 3.878292455E-01 1.042426892E+02
1.190760000E-02 4.124555921E-02 3.861254420E-01 1.041183782E+02
1.192180000E-02 4.318542833E-02 3.844265087E-01 1.039943633E+02
1.193600000E-02 4.509741876E-02 3.827366985E-01 1.038706434E+02
1.195020000E-02 4.700302739E-02 3.810516986E-01 1.037472176E+02
1.196450000E-02 4.891818310E-02 3.793694002E-01 1.036232187E+02
1.197870000E-02 5.083228535E-02 3.776982280E-01 1.035003798E+02
1.200710000E-02 5.459910433E-02 3.743785013E-01 1.032555738E+02
1.203550000E-02 5.836199828E-02 3.710858653E-01 1.030119231E+02
1.206400000E-02 6.211552981E-02 3.678202251E-01 1.027685676E+02
1.209240000E-02 6.587036329E-02 3.645997348E-01 1.025272072E+02
1.212080000E-02 6.957962388E-02 3.614053536E-01 1.022869778E+02
1.213210000E-02 7.106383326E-02 3.601450337E-01 1.021917063E+02
1.215390000E-02 7.389862865E-02 3.577207460E-01 1.020084088E+02
1.219690000E-02 7.945523278E-02 3.529825881E-01 1.016487796E+02
1.223060000E-02 8.391061583E-02 3.493549828E-01 1.013686982E+02
1.229330000E-02 9.208330317E-02 3.427022432E-01 1.008516834E+02
1.238720000E-02 1.041888525E-01 3.330008111E-01 1.000871868E+02
1.250210000E-02 1.187287091E-01 3.215636178E-01 9.916733989E+01
1.262520000E-02 1.339968198E-01 3.098382637E-01 9.820042455E+01
1.274830000E-02 1.488423937E-01 2.985017724E-01 9.725218264E+01
1.280980000E-02 1.561793026E-01 2.930024193E-01 9.678527377E+01
1.287130000E-02 1.634335608E-01 2.876071537E-01 9.632282675E+01
1.293160000E-02 1.705072033E-01 2.824207703E-01 9.587367379E+01
1.299530000E-02 1.780063388E-01 2.771008610E-01 9.540372288E+01
1.302710000E-02 1.817095634E-01 2.744760240E-01 9.517083618E+01
1.305890000E-02 1.853865094E-01 2.718805773E-01 9.493908369E+01
1.312260000E-02 1.927279078E-01 2.667830608E-01 9.447822840E+01
1.318620000E-02 1.999361678E-01 2.617768379E-01 9.402253871E+01
1.321810000E-02 2.035318281E-01 2.593143273E-01 9.379562872E+01
1.324990000E-02 2.071075500E-01 2.569075581E-01 9.357051751E+01
1.328170000E-02 2.106581995E-01 2.545208380E-01 9.334648426E+01
1.331360000E-02 2.141958176E-01 2.521484572E-01 9.312282178E+01
1.340900000E-02 2.246432577E-01 2.451633523E-01 9.246028787E+01
1.344090000E-02 2.280833649E-01 2.428703040E-01 9.224084697E+01
1.347270000E-02 2.314882150E-01 2.405980929E-01 9.202312825E+01
1.352850000E-02 2.373989475E-01 2.366596561E-01 9.164356728E+01
1.356770000E-02 2.415676913E-01 2.339496011E-01 9.137878933E+01
1.372320000E-02 2.579630786E-01 2.235599603E-01 9.034336015E+01
1.386300000E-02 2.723150274E-01 2.146336433E-01 8.943230181E+01
1.395550000E-02 2.816638250E-01 2.090216806E-01 8.883952564E+01
1.412560000E-02 2.983717928E-01 1.990395351E-01 8.776972306E+01
1.455090000E-02 3.415480007E-01 1.767475247E-01 8.520435162E+01
1.516470000E-02 3.885957203E-01 1.588319397E-01 8.175565623E+01
1.669350000E-02 4.956936939E-01 1.020723217E-01 7.426842783E+01
1.828490000E-02 5.887258143E-01 6.689561110E-02 6.780458192E+01
1.992000000E-02 6.629241667E-01 4.492339501E-02 6.223895582E+01
2.167030000E-02 7.241092547E-01 3.049688960E-02 5.721194446E+01
2.358690000E-02 7.752660212E-01 2.085347465E-02 5.256307527E+01
2.575540000E-02 8.213466095E-01 1.429750308E-02 4.813747797E+01
2.794190000E-02 8.568024110E-01 1.031318979E-02 4.437064051E+01
2.897660000E-02 8.705084074E-01 8.986386592E-03 4.278624821E+01
2.971140000E-02 8.792757735E-01 8.199294819E-03 4.172809090E+01
3.020450000E-02 8.847570138E-01 7.731450931E-03 4.104686388E+01
3.044330000E-02 8.873823480E-01 7.520796331E-03 4.072488856E+01
3.064300000E-02 8.896137923E-01 7.352412643E-03 4.045948504E+01
3.083550000E-02 8.918041687E-01 7.193791716E-03 4.020690438E+01
3.095970000E-02 8.931913969E-01 7.096742309E-03 4.004560768E+01
3.097570000E-02 8.933683378E-01 7.084336295E-03 4.002492276E+01
3.108980000E-02 8.946220150E-01 6.996558999E-03 3.987803074E+01
3.120390000E-02 8.958602405E-01 6.909873772E-03 3.973221296E+01
3.127990000E-02 8.966799281E-01 6.852721579E-03 3.963567658E+01
3.136620000E-02 8.975973449E-01 6.788422826E-03 3.952662420E+01
3.141820000E-02 8.981488362E-01 6.750519346E-03 3.946120402E+01
3.146320000E-02 8.986214111E-01 6.717938330E-03 3.940476493E+01
3.150810000E-02 8.990910632E-01 6.685772862E-03 3.934861194E+01
3.152880000E-02 8.993062083E-01 6.671300573E-03 3.932277790E+01
3.164800000E-02 9.005374444E-01 6.588588856E-03 3.917467139E+01
3.168400000E-02 9.009089004E-01 6.563799772E-03 3.913016033E+01
3.174100000E-02 9.014880757E-01 6.524745519E-03 3.905989099E+01
3.176160000E-02 9.016972992E-01 6.510701791E-03 3.903455745E+01
3.183920000E-02 9.024822016E-01 6.458072882E-03 3.893942059E+01
3.191680000E-02 9.032606420E-01 6.406505782E-03 3.884474634E+01
3.199440000E-02 9.040326868E-01 6.355481341E-03 3.875053134E+01
3.203320000E-02 9.044163312E-01 6.329977883E-03 3.870359502E+01
3.209140000E-02 9.049903263E-01 6.292613573E-03 3.863340334E+01
3.212050000E-02 9.052774751E-01 6.274194379E-03 3.859840289E+01
3.214960000E-02 9.055637405E-01 6.255802079E-03 3.856346580E+01
3.220780000E-02 9.061306996E-01 6.219244670E-03 3.849378101E+01
3.228540000E-02 9.068822217E-01 6.170838035E-03 3.840125877E+01
3.229990000E-02 9.070241671E-01 6.161797295E-03 3.838401976E+01
3.230720000E-02 9.070924293E-01 6.157292188E-03 3.837534667E+01
3.231630000E-02 9.071797262E-01 6.151638725E-03 3.836454050E+01
3.232050000E-02 9.072213340E-01 6.149049183E-03 3.835955508E+01
3.236690000E-02 9.076673185E-01 6.120389224E-03 3.830456423E+01
3.238240000E-02 9.078137511E-01 6.110844531E-03 3.828622956E+01
3.246000000E-02 9.085515867E-01 6.063314971E-03 3.819470117E+01
3.249880000E-02 9.089196988E-01 6.039910373E-03 3.814910089E+01
3.255570000E-02 9.094532196E-01 6.005948069E-03 3.808242489E+01
3.259050000E-02 9.097783316E-01 5.985819902E-03 3.804176064E+01
3.264350000E-02 9.102710434E-01 5.955342387E-03 3.797999602E+01
3.270700000E-02 9.108581664E-01 5.919035962E-03 3.790625860E+01
3.277040000E-02 9.114408765E-01 5.882831764E-03 3.783292239E+01
3.284800000E-02 9.121494121E-01 5.838733407E-03 3.774354603E+01
3.292560000E-02 9.128522599E-01 5.794984934E-03 3.765459096E+01
3.299110000E-02 9.134385016E-01 5.758347886E-03 3.757983214E+01
3.306920000E-02 9.141336175E-01 5.715480213E-03 3.749107931E+01
3.308080000E-02 9.142383358E-01 5.709135821E-03 3.747793282E+01
3.314730000E-02 9.148231510E-01 5.673727940E-03 3.740274472E+01
3.330360000E-02 9.161861958E-01 5.592875170E-03 3.722720667E+01
3.337030000E-02 9.167587522E-01 5.558756978E-03 3.715279755E+01
3.349680000E-02 9.178393845E-01 5.494657346E-03 3.701249075E+01
3.371410000E-02 9.199235584E-01 5.386532082E-03 3.677393138E+01
3.404240000E-02 9.230525106E-01 5.231888132E-03 3.641928889E+01
3.437060000E-02 9.262570564E-01 5.083897701E-03 3.607152625E+01
3.453980000E-02 9.278632490E-01 5.010683185E-03 3.589482278E+01
3.462440000E-02 9.286571765E-01 4.975231906E-03 3.580711868E+01
3.470900000E-02 9.294442301E-01 4.939838877E-03 3.571984212E+01
3.479360000E-02 9.302219670E-01 4.904454213E-03 3.563298998E+01
3.487820000E-02 9.309955000E-01 4.869429395E-03 3.554655917E+01
3.499960000E-02 9.320896965E-01 4.820448600E-03 3.542326198E+01
3.504740000E-02 9.325176962E-01 4.801757010E-03 3.537494935E+01
3.513200000E-02 9.332690113E-01 4.768867028E-03 3.528976432E+01
3.521660000E-02 9.340138945E-01 4.736237287E-03 3.520498856E+01
3.530120000E-02 9.347548551E-01 4.703865184E-03 3.512061913E+01
3.538650000E-02 9.354920449E-01 4.671490384E-03 3.503596004E+01
3.551650000E-02 9.366053725E-01 4.622874863E-03 3.490771895E+01
3.564720000E-02 9.377090470E-01 4.575861162E-03 3.477973025E+01
3.572420000E-02 9.383517890E-01 4.548857466E-03 3.470476596E+01
3.575000000E-02 9.385669810E-01 4.539840797E-03 3.467972028E+01
3.580880000E-02 9.390534648E-01 4.519388219E-03 3.462277429E+01
3.589340000E-02 9.397492179E-01 4.490145939E-03 3.454116913E+01
3.592910000E-02 9.400386869E-01 4.477666358E-03 3.450684821E+01
3.594950000E-02 9.402056541E-01 4.470560173E-03 3.448726686E+01
3.601720000E-02 9.407540794E-01 4.447034567E-03 3.442244261E+01
3.606260000E-02 9.411208556E-01 4.431350263E-03 3.437910744E+01
3.610560000E-02 9.414641847E-01 4.416551320E-03 3.433816361E+01
3.620350000E-02 9.422448678E-01 4.383569472E-03 3.424530777E+01
3.630350000E-02 9.430315139E-01 4.351183807E-03 3.415097718E+01
3.639200000E-02 9.437220130E-01 4.322782908E-03 3.406792702E+01
3.648050000E-02 9.444064903E-01 4.294606055E-03 3.398527981E+01
3.655820000E-02 9.450024465E-01 4.270037839E-03 3.391304824E+01
3.666390000E-02 9.458082720E-01 4.236892239E-03 3.381527879E+01
3.676480000E-02 9.467269471E-01 4.205559890E-03 3.372247367E+01
3.686160000E-02 9.476247412E-01 4.176286679E-03 3.363391714E+01
3.702250000E-02 9.491584185E-01 4.129915124E-03 3.348774394E+01
3.719740000E-02 9.509247153E-01 4.088220934E-03 3.333028653E+01
3.731790000E-02 9.522838581E-01 4.078978145E-03 3.322266258E+01
3.746990000E-02 9.542617396E-01 4.142137873E-03 3.308789188E+01
3.757130000E-02 9.557203091E-01 4.287185034E-03 3.299859201E+01
3.792280000E-02 9.613573576E-01 6.315230187E-03 3.269273366E+01
3.860670000E-02 9.663295160E-01 1.591048323E-02 3.211359686E+01
3.968010000E-02 9.631091532E-01 2.130813763E-02 3.124488094E+01
4.130000000E-02 9.657517797E-01 2.019251084E-02 3.001937046E+01
4.268370000E-02 9.694451351E-01 1.967167850E-02 2.904621671E+01
4.488130000E-02 9.763675717E-01 1.981016227E-02 2.762397702E+01
4.745000000E-02 9.838151944E-01 2.117383611E-02 2.612855638E+01
4.954500000E-02 9.889561620E-01 2.300863661E-02 2.502371581E+01
5.223940000E-02 9.941656685E-01 2.591335606E-02 2.373304441E+01
5.325000000E-02 9.957227378E-01 2.708760958E-02 2.328262911E+01
5.524660000E-02 9.980430773E-01 2.951133120E-02 2.244120000E+01
5.644420000E-02 9.991008405E-01 3.089038178E-02 2.196505575E+01
5.900000000E-02 1.000597314E+00 3.363689255E-02 2.101355932E+01
5.991900000E-02 1.000935260E+00 3.450353221E-02 2.069126654E+01
6.070000000E-02 1.001093947E+00 3.521675571E-02 2.042504119E+01
6.123150000E-02 1.001142431E+00 3.567324768E-02 2.024774830E+01
6.166360000E-02 1.001180118E+00 3.602891199E-02 2.010586472E+01
6.237350000E-02 1.001196446E+00 3.657555907E-02 1.987703111E+01
6.318670000E-02 1.001140686E+00 3.714662954E-02 1.962121776E+01
6.400000000E-02 1.001047217E+00 3.766719537E-02 1.937187500E+01
6.490000000E-02 1.000910682E+00 3.817443100E-02 1.910323575E+01
6.580000000E-02 1.000736877E+00 3.862524548E-02 1.884194529E+01
6.670420000E-02 1.000514514E+00 3.900885529E-02 1.858653578E+01
6.683440000E-02 1.000478435E+00 3.905827328E-02 1.855032738E+01
6.760830000E-02 1.000267073E+00 3.933833244E-02 1.833798513E+01
6.855420000E-02 9.999740894E-01 3.961518405E-02 1.808496051E+01
6.950000000E-02 9.996672255E-01 3.983922508E-02 1.783884892E+01
7.079460000E-02 9.992176495E-01 4.004844951E-02 1.751263514E+01
7.161430000E-02 9.989339131E-01 4.014262303E-02 1.731218486E+01
7.413100000E-02 9.980367312E-01 4.023266262E-02 1.672444726E+01
7.799520000E-02 9.966775941E-01 3.988538493E-02 1.589585000E+01
8.035260000E-02 9.959483613E-01 3.951524159E-02 1.542949450E+01
8.570540000E-02 9.944091049E-01 3.832995860E-02 1.446583296E+01
9.332540000E-02 9.925259726E-01 3.625687985E-02 1.328470063E+01
1.071520000E-01 9.899339943E-01 3.186339955E-02 1.157047932E+01
1.174900000E-01 9.888303983E-01 2.833012554E-02 1.055238744E+01
1.204240000E-01 9.887374302E-01 2.731179988E-02 1.029528998E+01
1.219700000E-01 9.887802772E-01 2.679223467E-02 1.016479462E+01
1.230270000E-01 9.888867582E-01 2.647462911E-02 1.007746267E+01
1.243590000E-01 9.890971718E-01 2.626899130E-02 9.969523718E+00
1.274710000E-01 9.886901881E-01 2.593691389E-02 9.726133787E+00
1.305210000E-01 9.883448170E-01 2.531288017E-02 9.498854590E+00
1.480080000E-01 9.874848031E-01 2.034758285E-02 8.376574239E+00
1.637730000E-01 9.878839542E-01 1.673941124E-02 7.570234410E+00
1.696970000E-01 9.881475288E-01 1.559764362E-02 7.305962981E+00
1.723140000E-01 9.882793510E-01 1.513156746E-02 7.195004469E+00
1.760760000E-01 9.885865057E-01 1.448264942E-02 7.041277630E+00
1.782650000E-01 9.888558915E-01 1.425685253E-02 6.954814462E+00
1.816610000E-01 9.888424654E-01 1.410249640E-02 6.824800040E+00
2.264640000E-01 9.902730592E-01 8.573415143E-03 5.474600820E+00
2.730000000E-01 9.922284851E-01 5.343240730E-03 4.541391941E+00
3.232260000E-01 9.939166130E-01 3.369768408E-03 3.835706286E+00
3.918550000E-01 9.955649270E-01 1.940128218E-03 3.163925432E+00
4.704370000E-01 9.968017080E-01 1.119959167E-03 2.635421959E+00
5.787620000E-01 9.978459467E-01 5.882707696E-04 2.142158608E+00
6.972180000E-01 9.985192947E-01 3.245421722E-04 1.778209972E+00
8.281800000E-01 9.989730628E-01 1.851804632E-04 1.497017557E+00
9.654400000E-01 9.992796910E-01 1.114600687E-04 1.284181306E+00
1.066050000E+00 9.994483991E-01 7.997647211E-05 1.162984851E+00
1.126920000E+00 9.995440191E-01 6.631638610E-05 1.100166826E+00
1.164800000E+00 9.996093509E-01 5.929697701E-05 1.064388736E+00
1.190070000E+00 9.996645142E-01 5.519936516E-05 1.041787458E+00
1.200230000E+00 9.996967445E-01 5.496722911E-05 1.032968681E+00
1.205670000E+00 9.997186897E-01 5.789851800E-05 1.028307912E+00
1.209860000E+00 9.997381839E-01 6.393590625E-05 1.024746665E+00
1.213940000E+00 9.997579093E-01 7.466349478E-05 1.021302536E+00
1.218470000E+00 9.997779102E-01 9.303531655E-05 1.017505560E+00
1.224300000E+00 9.997941175E-01 1.246254519E-04 1.012660296E+00
1.230420000E+00 9.997994100E-01 1.594066706E-04 1.007623413E+00
1.238250000E+00 9.997908339E-01 1.939929224E-04 1.001251767E+00
1.261000000E+00 9.997606491E-01 2.560204745E-04 9.831879461E-01
1.272770000E+00 9.997314299E-01 2.764122248E-04 9.740958696E-01
1.290090000E+00 9.996946332E-01 2.772145497E-04 9.610182235E-01
1.315820000E+00 9.996677219E-01 2.632701541E-04 9.422261404E-01
1.349560000E+00 9.996550816E-01 2.424716807E-04 9.186697887E-01
1.378230000E+00 9.996577560E-01 2.260621105E-04 8.995595800E-01
1.399750000E+00 9.996668374E-01 2.253873287E-04 8.857295946E-01
1.415840000E+00 9.996622789E-01 2.294830533E-04 8.756639168E-01
1.439210000E+00 9.996536841E-01 2.205094071E-04 8.614448204E-01
1.476410000E+00 9.996528641E-01 2.020837258E-04 8.397396387E-01
1.531090000E+00 9.996601447E-01 1.785092269E-04 8.097499167E-01
1.601230000E+00 9.996749076E-01 1.531881855E-04 7.742797724E-01
1.666170000E+00 9.996904874E-01 1.337048116E-04 7.441017423E-01
1.753500000E+00 9.997119722E-01 1.122305468E-04 7.070430567E-01
1.842760000E+00 9.997332162E-01 9.454981666E-05 6.727951551E-01
1.941440000E+00 9.997551175E-01 7.892985045E-05 6.385981539E-01
2.017100000E+00 9.997705964E-01 6.906956467E-05 6.146447871E-01
2.098500000E+00 9.997859966E-01 6.010324887E-05 5.908029545E-01
2.198540000E+00 9.998032455E-01 5.096774758E-05 5.639196922E-01
2.292100000E+00 9.998178313E-01 4.398081612E-05 5.409013568E-01
2.381630000E+00 9.998304459E-01 3.838758589E-05 5.205678464E-01
2.478450000E+00 9.998427884E-01 3.332186126E-05 5.002319998E-01
2.542170000E+00 9.998502342E-01 3.043775577E-05 4.876935846E-01
2.607650000E+00 9.998573860E-01 2.778198357E-05 4.754472418E-01
2.674160000E+00 9.998641759E-01 2.537742773E-05 4.636222216E-01
2.712810000E+00 9.998679146E-01 2.409899091E-05 4.570168939E-01
2.757540000E+00 9.998720617E-01 2.272282505E-05 4.496036322E-01
2.786120000E+00 9.998746129E-01 2.188967921E-05 4.449916012E-01
2.844870000E+00 9.998796435E-01 2.030336641E-05 4.358019874E-01
2.854450000E+00 9.998804348E-01 2.005593340E-05 4.343393649E-01
2.856830000E+00 9.998806304E-01 1.999556207E-05 4.339775205E-01
2.926260000E+00 9.998861472E-01 1.833580689E-05 4.236807392E-01
2.951500000E+00 9.998880623E-01 1.777605828E-05 4.200575978E-01
3.019950000E+00 9.998930291E-01 1.636284006E-05 4.105365983E-01
3.074970000E+00 9.998967884E-01 1.532501540E-05 4.031909254E-01
3.136640000E+00 9.999007841E-01 1.425982263E-05 3.952637217E-01
3.215050000E+00 9.999055465E-01 1.303914930E-05 3.856238628E-01
3.299640000E+00 9.999103180E-01 1.186192164E-05 3.757379593E-01
3.376790000E+00 9.999143728E-01 1.089969875E-05 3.671534209E-01
3.445700000E+00 9.999177739E-01 1.012038117E-05 3.598107787E-01
3.612100000E+00 9.999252192E-01 8.518909796E-06 3.432352371E-01
3.707480000E+00 9.999290460E-01 7.743668678E-06 3.344050406E-01
3.775740000E+00 9.999316104E-01 7.240946010E-06 3.283594739E-01
3.904300000E+00 9.999360860E-01 6.402157431E-06 3.175473196E-01
3.935500000E+00 9.999371072E-01 6.217552379E-06 3.150298564E-01
4.056530000E+00 9.999408488E-01 5.561122630E-06 3.056306745E-01
4.106180000E+00 9.999422901E-01 5.317348217E-06 3.019351319E-01
4.354550000E+00 9.999487813E-01 4.279912750E-06 2.847136903E-01
4.967270000E+00 9.999608306E-01 2.626386122E-06 2.495938413E-01
5.623410000E+00 9.999696034E-01 1.652966893E-06 2.204712088E-01
6.368290000E+00 9.999764434E-01 1.036376152E-06 1.946833451E-01
7.241510000E+00 9.999819164E-01 6.387148820E-07 1.712073863E-01
8.184680000E+00 9.999859682E-01 4.017621452E-07 1.514781274E-01
9.074290000E+00 9.999887045E-01 2.714483850E-07 1.366277692E-01
9.711400000E+00 9.999902451E-01 2.096740579E-07 1.276643944E-01
1.018760000E+01 9.999912466E-01 1.746443246E-07 1.216969649E-01
1.048960000E+01 9.999918499E-01 1.562041740E-07 1.181932581E-01
1.069680000E+01 9.999922767E-01 1.449702491E-07 1.159038217E-01
1.080720000E+01 9.999925339E-01 1.412723196E-07 1.147198164E-01
1.085500000E+01 9.999926634E-01 1.458762797E-07 1.142146476E-01
1.088580000E+01 9.999927558E-01 1.561112832E-07 1.138914917E-01
1.091450000E+01 9.999928481E-01 1.751801543E-07 1.135920106E-01
1.093880000E+01 9.999929291E-01 2.015078064E-07 1.133396716E-01
1.096570000E+01 9.999930188E-01 2.446047011E-07 1.130616377E-01
1.099780000E+01 9.999931181E-01 3.164406909E-07 1.127316372E-01
1.104340000E+01 9.999932256E-01 4.510192233E-07 1.122661499E-01
1.110190000E+01 9.999932798E-01 6.395040902E-07 1.116745782E-01
1.115320000E+01 9.999932589E-01 7.694059010E-07 1.111609224E-01
1.120330000E+01 9.999932139E-01 8.409549525E-07 1.106638223E-01
1.127790000E+01 9.999931634E-01 8.713238242E-07 1.099318135E-01
1.136040000E+01 9.999931586E-01 8.584432835E-07 1.091334812E-01
1.147900000E+01 9.999931992E-01 8.294292847E-07 1.080059239E-01
1.167660000E+01 9.999933216E-01 7.814476922E-07 1.061781683E-01
1.190700000E+01 9.999934968E-01 7.281320255E-07 1.041236248E-01
1.218530000E+01 9.999937235E-01 6.699333107E-07 1.017455459E-01
1.251700000E+01 9.999939957E-01 6.084892866E-07 9.904929296E-02
1.280860000E+01 9.999942305E-01 5.606355150E-07 9.679434130E-02
1.307450000E+01 9.999944351E-01 5.208444085E-07 9.482580596E-02
1.353450000E+01 9.999947719E-01 4.598389842E-07 9.160294063E-02
1.390450000E+01 9.999950253E-01 4.167256157E-07 8.916537811E-02
1.425810000E+01 9.999952533E-01 3.801874607E-07 8.695408224E-02
1.463880000E+01 9.999954837E-01 3.453189957E-07 8.469273438E-02
1.508390000E+01 9.999957340E-01 3.093994683E-07 8.219359715E-02
1.545650000E+01 9.999959292E-01 2.828803192E-07 8.021220846E-02
1.586030000E+01 9.999961268E-01 2.573706351E-07 7.817002200E-02
1.589810000E+01 9.999961446E-01 2.551039454E-07 7.798416163E-02
1.639650000E+01 9.999963687E-01 2.277566743E-07 7.561369805E-02
1.681220000E+01 9.999965418E-01 2.077751795E-07 7.374406681E-02
1.720570000E+01 9.999966946E-01 1.908237658E-07 7.205751582E-02
1.773220000E+01 9.999968843E-01 1.706405573E-07 6.991800228E-02
1.829900000E+01 9.999970713E-01 1.517137476E-07 6.775233619E-02
1.938530000E+01 9.999973868E-01 1.222697900E-07 6.395567776E-02
2.080170000E+01 9.999977283E-01 9.397028305E-08 5.960089800E-02
2.254790000E+01 9.999980653E-01 6.941996490E-08 5.498516492E-02
2.515240000E+01 9.999984451E-01 4.583419541E-08 4.929151890E-02
2.862660000E+01 9.999988003E-01 2.799119357E-08 4.330936961E-02
3.233740000E+01 9.999990608E-01 1.750798263E-08 3.833950781E-02
3.670560000E+01 9.999992719E-01 1.071686672E-08 3.377686239E-02
4.138810000E+01 9.999994280E-01 6.715499991E-09 2.995547029E-02
4.658510000E+01 9.999995490E-01 4.220354564E-09 2.661365973E-02
5.251380000E+01 9.999996455E-01 2.634788802E-09 2.360903229E-02
5.882110000E+01 9.999997177E-01 1.680485085E-09 2.107747050E-02
6.508320000E+01 9.999997696E-01 1.124572301E-09 1.904946284E-02
7.145110000E+01 9.999998089E-01 7.744800074E-10 1.735172727E-02
7.682090000E+01 9.999998348E-01 5.800935463E-10 1.613883722E-02
8.140350000E+01 9.999998529E-01 4.599925708E-10 1.523030337E-02
8.525740000E+01 9.999998660E-01 3.820642699E-10 1.454184622E-02
8.748590000E+01 9.999998727E-01 3.444562371E-10 1.417142648E-02
8.894950000E+01 9.999998769E-01 3.221457063E-10 1.393824586E-02
9.131840000E+01 9.999998832E-01 2.898846615E-10 1.357667239E-02
9.475740000E+01 9.999998915E-01 2.498051871E-10 1.308393856E-02
1.000730000E+02 9.999999028E-01 2.006564435E-10 1.238895606E-02
1.072570000E+02 9.999999154E-01 1.518086848E-10 1.155915232E-02
1.179980000E+02 9.999999301E-01 1.033993312E-10 1.050695775E-02
1.320750000E+02 9.999999442E-01 6.572604978E-11 9.387090668E-03
1.476910000E+02 9.999999554E-01 4.193004628E-11 8.394553493E-03
1.651700000E+02 9.999999644E-01 2.673461858E-11 7.506205727E-03
1.840770000E+02 9.999999713E-01 1.733090305E-11 6.735224933E-03
2.056090000E+02 9.999999770E-01 1.114852392E-11 6.029891688E-03
2.297680000E+02 9.999999816E-01 7.163630334E-12 5.395877581E-03
2.578370000E+02 9.999999854E-01 4.546041924E-12 4.808464262E-03
2.895250000E+02 9.999999884E-01 2.892008841E-12 4.282186340E-03
3.227940000E+02 9.999999907E-01 1.899618825E-12 3.840839669E-03
3.620750000E+02 9.999999926E-01 1.225902649E-12 3.424152455E-03
4.053700000E+02 9.999999941E-01 8.019570022E-13 3.058440437E-03
4.573350000E+02 9.999999954E-01 5.144796747E-13 2.710923065E-03
5.173090000E+02 9.999999964E-01 3.299101516E-13 2.396633347E-03
5.871730000E+02 9.999999972E-01 2.112799084E-13 2.111473109E-03
6.685070000E+02 9.999999978E-01 1.356137311E-13 1.854580431E-03
7.679140000E+02 9.999999984E-01 8.580756672E-14 1.614503707E-03
8.951070000E+02 9.999999988E-01 5.270248703E-14 1.385085805E-03
1.022000000E+03 9.999999991E-01 3.503418820E-14 1.213111546E-03
1.228710000E+03 9.999999994E-01 1.995853818E-14 1.009025726E-03
1.477240000E+03 9.999999996E-01 1.136999945E-14 8.392678238E-04
1.776030000E+03 9.999999997E-01 6.477344622E-15 6.980737938E-04
2.135260000E+03 9.999999998E-01 3.690041678E-15 5.806318668E-04
2.567150000E+03 9.999999999E-01 2.102162363E-15 4.829480163E-04
3.086390000E+03 9.999999999E-01 1.197571542E-15 4.016990724E-04
3.710660000E+03 9.999999999E-01 6.822377355E-16 3.341184587E-04
4.461190000E+03 1.000000000E+00 3.886618403E-16 2.779079125E-04
5.363530000E+03 1.000000000E+00 2.214156408E-16 2.311537364E-04
6.448380000E+03 1.000000000E+00 1.261368773E-16 1.922653442E-04
7.752660000E+03 1.000000000E+00 7.185846293E-17 1.599193051E-04
9.320750000E+03 1.000000000E+00 4.093665994E-17 1.330150471E-04
1.000000000E+04 0.000000000E+00 0.000000000E+00 1.239800000E-04
