# 11/08/2021 
# Data retrieved from www.chemicool.com/densities.html 
# Includes the real (n) and complex (k) part of the  refractive index. 
# Element, Hg  (Z = 80) 
# Nominal density, g cm-3 =  13.546 
#    E [keV]      n       k    Wavelength [nm] 
1.000000000E-03 -2.215535012E+03 1.679131407E-01 1.239800000E+03
1.125000000E-03 -7.216635519E+01 0.000000000E+00 1.102044444E+03
1.265630000E-03 -5.670848359E+01 0.000000000E+00 9.795911917E+02
1.423830000E-03 -4.450579515E+01 0.000000000E+00 8.707500193E+02
1.601810000E-03 -3.487428306E+01 0.000000000E+00 7.739994132E+02
1.802030000E-03 -2.727278827E+01 0.000000000E+00 6.880018646E+02
2.027290000E-03 -2.126654818E+01 0.000000000E+00 6.115553276E+02
2.280700000E-03 -1.647584395E+01 0.000000000E+00 5.436050335E+02
2.565780000E-03 -1.270339287E+01 0.000000000E+00 4.832058867E+02
2.886510000E-03 -9.734110379E+00 0.000000000E+00 4.295152277E+02
3.189200000E-03 -7.721292586E+00 0.000000000E+00 3.887495297E+02
3.454060000E-03 -6.381484747E+00 0.000000000E+00 3.589399142E+02
3.685820000E-03 -5.441117863E+00 0.000000000E+00 3.363701971E+02
3.888600000E-03 -4.754413753E+00 0.000000000E+00 3.188293988E+02
4.066030000E-03 -4.227886775E+00 0.000000000E+00 3.049165894E+02
4.221290000E-03 -3.809329572E+00 0.000000000E+00 2.937016883E+02
4.357140000E-03 -3.480289996E+00 0.000000000E+00 2.845444489E+02
4.476010000E-03 -3.217495569E+00 0.000000000E+00 2.769877637E+02
4.580010000E-03 -3.004744637E+00 0.000000000E+00 2.706980989E+02
4.671020000E-03 -2.830420166E+00 0.000000000E+00 2.654238261E+02
4.750650000E-03 -2.686440124E+00 0.000000000E+00 2.609748140E+02
4.890010000E-03 -2.451762890E+00 0.000000000E+00 2.535373138E+02
4.994530000E-03 -2.289024956E+00 0.000000000E+00 2.482315653E+02
5.072920000E-03 -2.173781865E+00 0.000000000E+00 2.443957326E+02
5.131710000E-03 -2.090939848E+00 0.000000000E+00 2.415958813E+02
5.175800000E-03 -2.030759517E+00 0.000000000E+00 2.395378492E+02
5.208870000E-03 -1.986611986E+00 0.000000000E+00 2.380170747E+02
5.233670000E-03 -1.954075861E+00 0.000000000E+00 2.368892192E+02
5.252270000E-03 -1.930039747E+00 0.000000000E+00 2.360503173E+02
5.280180000E-03 -1.894420217E+00 0.000000000E+00 2.348026014E+02
5.294130000E-03 -1.876786099E+00 0.000000000E+00 2.341838980E+02
5.301100000E-03 -1.868128743E+00 0.000000000E+00 2.338759880E+02
5.308080000E-03 -1.859396632E+00 0.000000000E+00 2.335684466E+02
5.321140000E-03 -1.843199553E+00 0.000000000E+00 2.329951852E+02
5.334210000E-03 -1.827116027E+00 0.000000000E+00 2.324242953E+02
5.347270000E-03 -1.811166094E+00 0.000000000E+00 2.318566296E+02
5.360340000E-03 -1.795327425E+00 0.000000000E+00 2.312912987E+02
5.373400000E-03 -1.779619749E+00 0.000000000E+00 2.307291473E+02
5.386470000E-03 -1.764021098E+00 0.000000000E+00 2.301692945E+02
5.393000000E-03 -1.756271311E+00 0.000000000E+00 2.298905989E+02
5.399530000E-03 -1.748550906E+00 0.000000000E+00 2.296125774E+02
5.406070000E-03 -1.740849597E+00 0.000000000E+00 2.293348033E+02
5.412600000E-03 -1.733187559E+00 0.000000000E+00 2.290581236E+02
5.422400000E-03 -1.721696045E+00 0.000000000E+00 2.286441428E+02
5.425660000E-03 -1.717950192E+00 0.000000000E+00 2.285067623E+02
5.437100000E-03 -1.704628028E+00 0.000000000E+00 2.280259697E+02
5.439550000E-03 -1.701813219E+00 0.000000000E+00 2.279232657E+02
5.441080000E-03 -1.700104570E+00 0.000000000E+00 2.278591750E+02
5.443760000E-03 -1.696973645E+00 0.000000000E+00 2.277469984E+02
5.445770000E-03 -1.694699537E+00 0.000000000E+00 2.276629384E+02
5.448780000E-03 -1.691251014E+00 0.000000000E+00 2.275371735E+02
5.450290000E-03 -1.689476867E+00 0.000000000E+00 2.274741344E+02
5.453430000E-03 -1.685909296E+00 0.000000000E+00 2.273431583E+02
5.456290000E-03 -1.682623462E+00 0.000000000E+00 2.272239929E+02
5.468130000E-03 -1.669143553E+00 0.000000000E+00 2.267319906E+02
5.477930000E-03 -1.658107076E+00 0.000000000E+00 2.263263678E+02
5.484460000E-03 -1.650755907E+00 0.000000000E+00 2.260568953E+02
5.490990000E-03 -1.643432167E+00 0.000000000E+00 2.257880637E+02
5.497520000E-03 -1.636135724E+00 0.000000000E+00 2.255198708E+02
5.504060000E-03 -1.628856893E+00 0.000000000E+00 2.252519050E+02
5.517120000E-03 -1.614399373E+00 0.000000000E+00 2.247186938E+02
5.530190000E-03 -1.600039539E+00 0.000000000E+00 2.241875957E+02
5.543250000E-03 -1.585795238E+00 0.000000000E+00 2.236594056E+02
5.562850000E-03 -1.564616196E+00 0.000000000E+00 2.228713699E+02
5.569380000E-03 -1.557611556E+00 0.000000000E+00 2.226100571E+02
5.572110000E-03 -1.554654536E+00 0.000000000E+00 2.225009915E+02
5.577530000E-03 -1.548880861E+00 0.000000000E+00 2.222847748E+02
5.588190000E-03 -1.537549687E+00 0.000000000E+00 2.218607456E+02
5.598520000E-03 -1.526584076E+00 0.000000000E+00 2.214513836E+02
5.608530000E-03 -1.516147290E+00 0.000000000E+00 2.210561413E+02
5.618230000E-03 -1.505956487E+00 0.000000000E+00 2.206744829E+02
5.627620000E-03 -1.496184430E+00 0.000000000E+00 2.203062751E+02
5.636720000E-03 -1.486807618E+00 0.000000000E+00 2.199506096E+02
5.645530000E-03 -1.477732775E+00 0.000000000E+00 2.196073708E+02
5.782160000E-03 -1.342734081E+00 0.000000000E+00 2.144181413E+02
5.816320000E-03 -1.310572788E+00 0.000000000E+00 2.131588358E+02
5.841930000E-03 -1.286744400E+00 0.000000000E+00 2.122243847E+02
5.861150000E-03 -1.269160002E+00 0.000000000E+00 2.115284543E+02
5.875560000E-03 -1.256094237E+00 0.000000000E+00 2.110096740E+02
5.897170000E-03 -1.236606966E+00 0.000000000E+00 2.102364354E+02
5.913380000E-03 -1.222196904E+00 0.000000000E+00 2.096601267E+02
5.918790000E-03 -1.217416162E+00 0.000000000E+00 2.094684893E+02
5.926070000E-03 -1.211013473E+00 0.000000000E+00 2.092111636E+02
5.947920000E-03 -1.191866654E+00 0.000000000E+00 2.084426152E+02
5.962490000E-03 -1.179196128E+00 0.000000000E+00 2.079332628E+02
5.977060000E-03 -1.166701422E+00 0.000000000E+00 2.074263936E+02
5.991630000E-03 -1.154224236E+00 0.000000000E+00 2.069219895E+02
6.000000000E-03 -1.147127874E+00 0.000000000E+00 2.066333333E+02
6.006200000E-03 -1.141453895E+00 0.000000000E+00 2.064200326E+02
6.013480000E-03 -1.134799065E+00 0.000000000E+00 2.061701378E+02
6.020760000E-03 -1.128170139E+00 0.000000000E+00 2.059208472E+02
6.028050000E-03 -1.121559950E+00 0.000000000E+00 2.056718176E+02
6.035330000E-03 -1.114982477E+00 0.000000000E+00 2.054237299E+02
6.046260000E-03 -1.105118772E+00 0.000000000E+00 2.050523795E+02
6.051720000E-03 -1.100250200E+00 0.000000000E+00 2.048673765E+02
6.058100000E-03 -1.094530208E+00 0.000000000E+00 2.046516234E+02
6.061280000E-03 -1.091722553E+00 0.000000000E+00 2.045442547E+02
6.062080000E-03 -1.091017930E+00 0.000000000E+00 2.045172614E+02
6.062680000E-03 -1.090451521E+00 0.000000000E+00 2.044970211E+02
6.063130000E-03 -1.090064966E+00 0.000000000E+00 2.044818435E+02
6.063800000E-03 -1.089526877E+00 0.000000000E+00 2.044592500E+02
6.064130000E-03 -1.089223227E+00 0.000000000E+00 2.044481236E+02
6.064930000E-03 -1.088519666E+00 0.000000000E+00 2.044211557E+02
6.079040000E-03 -1.076028652E+00 0.000000000E+00 2.039466758E+02
6.082680000E-03 -1.072786982E+00 0.000000000E+00 2.038246299E+02
6.093610000E-03 -1.063243753E+00 0.000000000E+00 2.034590333E+02
6.100890000E-03 -1.056891567E+00 0.000000000E+00 2.032162521E+02
6.108180000E-03 -1.050557069E+00 0.000000000E+00 2.029737172E+02
6.115460000E-03 -1.044253598E+00 0.000000000E+00 2.027320921E+02
6.122740000E-03 -1.037974291E+00 0.000000000E+00 2.024910416E+02
6.130030000E-03 -1.031712400E+00 0.000000000E+00 2.022502337E+02
6.137310000E-03 -1.025481093E+00 0.000000000E+00 2.020103270E+02
6.151880000E-03 -1.013083246E+00 0.000000000E+00 2.015318894E+02
6.166450000E-03 -1.000779821E+00 0.000000000E+00 2.010557128E+02
6.181020000E-03 -9.885698928E-01 0.000000000E+00 2.005817810E+02
6.195590000E-03 -9.764525556E-01 0.000000000E+00 2.001100783E+02
6.210150000E-03 -9.644332352E-01 0.000000000E+00 1.996409104E+02
6.220700000E-03 -9.557471645E-01 0.000000000E+00 1.993023293E+02
6.241450000E-03 -9.388785818E-01 0.000000000E+00 1.986397392E+02
6.261560000E-03 -9.226547227E-01 0.000000000E+00 1.980017759E+02
6.281040000E-03 -9.071942250E-01 0.000000000E+00 1.973876938E+02
6.318780000E-03 -8.775286985E-01 0.000000000E+00 1.962087618E+02
6.354160000E-03 -8.502905125E-01 0.000000000E+00 1.951162703E+02
6.387330000E-03 -8.251445012E-01 0.000000000E+00 1.941030133E+02
6.449530000E-03 -7.791918589E-01 0.000000000E+00 1.922310618E+02
6.503950000E-03 -7.401314984E-01 0.000000000E+00 1.906226216E+02
6.599190000E-03 -6.742368064E-01 0.000000000E+00 1.878715418E+02
6.670610000E-03 -6.268587595E-01 0.000000000E+00 1.858600638E+02
6.777760000E-03 -5.587390548E-01 0.000000000E+00 1.829217913E+02
6.884900000E-03 -4.941023537E-01 0.000000000E+00 1.800752371E+02
6.901840000E-03 -4.841874624E-01 0.000000000E+00 1.796332572E+02
6.918790000E-03 -4.742888134E-01 0.000000000E+00 1.791931826E+02
6.935740000E-03 -4.645273624E-01 0.000000000E+00 1.787552590E+02
6.952680000E-03 -4.548476457E-01 0.000000000E+00 1.783197271E+02
6.969630000E-03 -4.452404713E-01 0.000000000E+00 1.778860571E+02
6.986570000E-03 -4.356559629E-01 0.000000000E+00 1.774547453E+02
7.003520000E-03 -4.262002491E-01 0.000000000E+00 1.770252673E+02
7.020470000E-03 -4.168190054E-01 0.000000000E+00 1.765978631E+02
7.037410000E-03 -4.075154869E-01 0.000000000E+00 1.761727681E+02
7.054360000E-03 -3.982809213E-01 0.000000000E+00 1.757494656E+02
7.071310000E-03 -3.890625493E-01 0.000000000E+00 1.753281924E+02
7.088250000E-03 -3.799759479E-01 0.000000000E+00 1.749091807E+02
7.105200000E-03 -3.709562486E-01 0.000000000E+00 1.744919214E+02
7.139090000E-03 -3.530753302E-01 0.000000000E+00 1.736635902E+02
7.156040000E-03 -3.442641771E-01 0.000000000E+00 1.732522457E+02
7.172980000E-03 -3.355248208E-01 0.000000000E+00 1.728430861E+02
7.189930000E-03 -3.268491164E-01 0.000000000E+00 1.724356148E+02
7.206880000E-03 -3.182401596E-01 0.000000000E+00 1.720300602E+02
7.223820000E-03 -3.096471984E-01 0.000000000E+00 1.716266463E+02
7.470970000E-03 -1.920329140E-01 0.000000000E+00 1.659489999E+02
7.594540000E-03 -1.375656712E-01 0.000000000E+00 1.632488604E+02
7.656320000E-03 -1.096204273E-01 0.000000000E+00 1.619315807E+02
7.687220000E-03 -9.587861122E-02 0.000000000E+00 1.612806710E+02
7.702660000E-03 -8.912699917E-02 0.000000000E+00 1.609573836E+02
7.718110000E-03 -8.237071748E-02 0.000000000E+00 1.606351814E+02
7.737110000E-03 -7.415765960E-02 0.000000000E+00 1.602407100E+02
7.756100000E-03 -6.601473965E-02 0.000000000E+00 1.598483774E+02
7.775100000E-03 -5.793573935E-02 0.000000000E+00 1.594577562E+02
7.794100000E-03 -4.992275044E-02 0.000000000E+00 1.590690394E+02
7.815390000E-03 -4.099737224E-02 0.000000000E+00 1.586357175E+02
7.818390000E-03 -3.974000076E-02 0.000000000E+00 1.585748473E+02
7.832090000E-03 -3.404905368E-02 0.000000000E+00 1.582974659E+02
7.845190000E-03 -2.863989392E-02 0.000000000E+00 1.580331388E+02
7.855020000E-03 -2.461296841E-02 0.000000000E+00 1.578353715E+02
7.858300000E-03 -2.325842003E-02 0.000000000E+00 1.577694921E+02
7.861240000E-03 -2.208490339E-02 0.000000000E+00 1.577104884E+02
7.865670000E-03 -2.025422118E-02 0.000000000E+00 1.576216648E+02
7.870090000E-03 -1.847486284E-02 0.000000000E+00 1.575331413E+02
7.890920000E-03 -1.004324395E-02 0.000000000E+00 1.571172943E+02
7.896980000E-03 -7.594544342E-03 0.000000000E+00 1.569967253E+02
7.903660000E-03 -4.904713639E-03 0.000000000E+00 1.568640351E+02
7.910340000E-03 -2.222529116E-03 0.000000000E+00 1.567315691E+02
7.916320000E-03 1.857886333E-04 0.000000000E+00 1.566131738E+02
7.935670000E-03 7.860319625E-03 0.000000000E+00 1.562312949E+02
7.945340000E-03 1.169497475E-02 0.000000000E+00 1.560411512E+02
7.955010000E-03 1.546962647E-02 0.000000000E+00 1.558514697E+02
7.962290000E-03 1.833044684E-02 0.000000000E+00 1.557089732E+02
7.968660000E-03 2.082644091E-02 0.000000000E+00 1.555845023E+02
7.974230000E-03 2.298747119E-02 0.000000000E+00 1.554758265E+02
7.983980000E-03 2.677966569E-02 0.000000000E+00 1.552859601E+02
7.991300000E-03 2.961540137E-02 0.000000000E+00 1.551437188E+02
7.996790000E-03 3.173646216E-02 0.000000000E+00 1.550372087E+02
8.000900000E-03 3.334412346E-02 0.000000000E+00 1.549575673E+02
8.006300000E-03 3.552237317E-02 0.000000000E+00 1.548530532E+02
8.007550000E-03 3.599835649E-02 0.000000000E+00 1.548288802E+02
8.012310000E-03 3.792949182E-02 0.000000000E+00 1.547368986E+02
8.013240000E-03 3.828377251E-02 0.000000000E+00 1.547189402E+02
8.022960000E-03 4.218062637E-02 0.000000000E+00 1.545314946E+02
8.027820000E-03 4.412303444E-02 0.000000000E+00 1.544379421E+02
8.030250000E-03 4.509273993E-02 0.000000000E+00 1.543912082E+02
8.032680000E-03 4.606144561E-02 0.000000000E+00 1.543445027E+02
8.052120000E-03 5.377531069E-02 0.000000000E+00 1.539718732E+02
8.071550000E-03 6.142369160E-02 0.000000000E+00 1.536012290E+02
8.090990000E-03 6.901190801E-02 0.000000000E+00 1.532321755E+02
8.105570000E-03 7.461975320E-02 0.000000000E+00 1.529565472E+02
8.127430000E-03 8.302881645E-02 0.000000000E+00 1.525451465E+02
8.138370000E-03 8.722790426E-02 0.000000000E+00 1.523400878E+02
8.149300000E-03 9.136331971E-02 0.000000000E+00 1.521357663E+02
8.168740000E-03 9.870796190E-02 0.000000000E+00 1.517737130E+02
8.187120000E-03 1.055943661E-01 0.000000000E+00 1.514329825E+02
8.206460000E-03 1.127607138E-01 0.000000000E+00 1.510761035E+02
8.227050000E-03 1.203441687E-01 0.000000000E+00 1.506980023E+02
8.245140000E-03 1.269629354E-01 0.000000000E+00 1.503673679E+02
8.246480000E-03 1.274527675E-01 0.000000000E+00 1.503429342E+02
8.265920000E-03 1.345064217E-01 0.000000000E+00 1.499893539E+02
8.279360000E-03 1.393181351E-01 0.000000000E+00 1.497458741E+02
8.285360000E-03 1.415035605E-01 0.000000000E+00 1.496374328E+02
8.328440000E-03 1.567885193E-01 0.000000000E+00 1.488634126E+02
8.457680000E-03 2.043878044E-01 0.000000000E+00 1.465886626E+02
8.478500000E-03 2.121125001E-01 0.000000000E+00 1.462286961E+02
8.499320000E-03 2.198099561E-01 0.000000000E+00 1.458704932E+02
8.513110000E-03 2.248499581E-01 0.000000000E+00 1.456342042E+02
8.520140000E-03 2.274030559E-01 0.000000000E+00 1.455140408E+02
8.540950000E-03 2.349681197E-01 0.000000000E+00 1.451594963E+02
8.555020000E-03 2.400106573E-01 0.000000000E+00 1.449207600E+02
8.575970000E-03 2.474930157E-01 0.000000000E+00 1.445667371E+02
8.598630000E-03 2.555491402E-01 0.000000000E+00 1.441857598E+02
8.609110000E-03 2.592139777E-01 0.000000000E+00 1.440102403E+02
8.619590000E-03 2.629009378E-01 0.000000000E+00 1.438351476E+02
8.631160000E-03 2.669455819E-01 0.000000000E+00 1.436423378E+02
8.639830000E-03 2.699559332E-01 0.000000000E+00 1.434981938E+02
8.652850000E-03 2.744354062E-01 0.000000000E+00 1.432822712E+02
8.659350000E-03 2.766833053E-01 0.000000000E+00 1.431747187E+02
8.665860000E-03 2.789269438E-01 0.000000000E+00 1.430671624E+02
8.676270000E-03 2.824811230E-01 0.000000000E+00 1.428955069E+02
8.686680000E-03 2.860203456E-01 0.000000000E+00 1.427242629E+02
8.703420000E-03 2.916880659E-01 0.000000000E+00 1.424497496E+02
8.724380000E-03 2.987706775E-01 0.000000000E+00 1.421075194E+02
8.745340000E-03 3.057569519E-01 0.000000000E+00 1.417669296E+02
8.772000000E-03 3.145611724E-01 0.000000000E+00 1.413360693E+02
8.791770000E-03 3.219565975E-01 0.000000000E+00 1.410182477E+02
8.813590000E-03 3.300376926E-01 0.000000000E+00 1.406691257E+02
8.829170000E-03 3.357806609E-01 0.000000000E+00 1.404209003E+02
8.850130000E-03 3.434331393E-01 0.000000000E+00 1.400883377E+02
8.869330000E-03 3.504068175E-01 0.000000000E+00 1.397850796E+02
8.878680000E-03 3.537658363E-01 0.000000000E+00 1.396378741E+02
8.890280000E-03 3.579341337E-01 0.000000000E+00 1.394556752E+02
8.900370000E-03 3.615479238E-01 0.000000000E+00 1.392975798E+02
8.925440000E-03 3.704435369E-01 0.000000000E+00 1.389063172E+02
8.932190000E-03 3.728353884E-01 0.000000000E+00 1.388013466E+02
8.945930000E-03 3.776329970E-01 0.000000000E+00 1.385881624E+02
8.966540000E-03 3.848147279E-01 0.000000000E+00 1.382696112E+02
8.987140000E-03 3.931160162E-01 0.000000000E+00 1.379526746E+02
9.008840000E-03 4.023576683E-01 0.000000000E+00 1.376203818E+02
9.030530000E-03 4.119975970E-01 0.000000000E+00 1.372898379E+02
9.052220000E-03 4.215521054E-01 0.000000000E+00 1.369608781E+02
9.072130000E-03 4.302197126E-01 0.000000000E+00 1.366602992E+02
9.102000000E-03 4.431239900E-01 0.000000000E+00 1.362118216E+02
9.131860000E-03 4.558370870E-01 0.000000000E+00 1.357664266E+02
9.168370000E-03 4.712352641E-01 1.574287439E-07 1.352257817E+02
9.193600000E-03 4.834540421E-01 8.346696738E-07 1.348546815E+02
9.244010000E-03 5.094465126E-01 1.612589603E-05 1.341192837E+02
9.320470000E-03 5.559307506E-01 6.132641515E-04 1.330190430E+02
9.367080000E-03 5.919716572E-01 3.503675795E-03 1.323571487E+02
9.408800000E-03 6.314952154E-01 1.250794420E-02 1.317702576E+02
9.435790000E-03 6.601450997E-01 2.485317668E-02 1.313933439E+02
9.446090000E-03 6.712858115E-01 3.142799218E-02 1.312500728E+02
9.478920000E-03 7.051982471E-01 6.035947321E-02 1.307954915E+02
9.496700000E-03 7.207559974E-01 8.109453488E-02 1.305506123E+02
9.504280000E-03 7.264463624E-01 9.092259980E-02 1.304464936E+02
9.518480000E-03 7.352144862E-01 1.105220366E-01 1.302518890E+02
9.529310000E-03 7.399839126E-01 1.263396619E-01 1.301038585E+02
9.537760000E-03 7.418929137E-01 1.390406694E-01 1.299885927E+02
9.547210000E-03 7.440030231E-01 1.532127912E-01 1.298599277E+02
9.571230000E-03 7.414302609E-01 1.887069438E-01 1.295340306E+02
9.602690000E-03 7.269167107E-01 2.298250356E-01 1.291096557E+02
9.636520000E-03 7.011160234E-01 2.620663011E-01 1.286564029E+02
9.684600000E-03 6.607040778E-01 2.852958298E-01 1.280176775E+02
9.752050000E-03 6.174481040E-01 2.890293511E-01 1.271322440E+02
9.808660000E-03 5.952463470E-01 2.829414530E-01 1.263985091E+02
9.843920000E-03 5.881593482E-01 2.780646242E-01 1.259457614E+02
9.855670000E-03 5.859370117E-01 2.764529957E-01 1.257956080E+02
9.902680000E-03 5.771653435E-01 2.700749873E-01 1.251984311E+02
9.949690000E-03 5.716077554E-01 2.637397548E-01 1.246068973E+02
9.973200000E-03 5.701581668E-01 2.605842125E-01 1.243131593E+02
9.996710000E-03 5.687269380E-01 2.574554019E-01 1.240208028E+02
1.002020000E-02 5.673121298E-01 2.543543471E-01 1.237300653E+02
1.005540000E-02 5.661216025E-01 2.498308302E-01 1.232969350E+02
1.008170000E-02 5.665618824E-01 2.465781291E-01 1.229752919E+02
1.010150000E-02 5.668856406E-01 2.441551695E-01 1.227342474E+02
1.013110000E-02 5.673642064E-01 2.405571373E-01 1.223756552E+02
1.014600000E-02 5.676263023E-01 2.387674536E-01 1.221959393E+02
1.015340000E-02 5.677396174E-01 2.378786402E-01 1.221068805E+02
1.016080000E-02 5.678802173E-01 2.369921614E-01 1.220179513E+02
1.017330000E-02 5.680746309E-01 2.355013142E-01 1.218680271E+02
1.021080000E-02 5.686868320E-01 2.310679628E-01 1.214204568E+02
1.023580000E-02 5.691053492E-01 2.281451108E-01 1.211238985E+02
1.026080000E-02 5.702971377E-01 2.253270528E-01 1.208287853E+02
1.028590000E-02 5.719412533E-01 2.225765040E-01 1.205339348E+02
1.029840000E-02 5.727418528E-01 2.212122911E-01 1.203876330E+02
1.031090000E-02 5.735398301E-01 2.198542993E-01 1.202416860E+02
1.032340000E-02 5.743615043E-01 2.185019690E-01 1.200960924E+02
1.033590000E-02 5.751542111E-01 2.171557957E-01 1.199508509E+02
1.034840000E-02 5.759443321E-01 2.158152234E-01 1.198059603E+02
1.035460000E-02 5.763474088E-01 2.151494661E-01 1.197342244E+02
1.037340000E-02 5.775429164E-01 2.131520698E-01 1.195172268E+02
1.037960000E-02 5.779433651E-01 2.124918149E-01 1.194458361E+02
1.038280000E-02 5.781514702E-01 2.121582648E-01 1.194090226E+02
1.038900000E-02 5.785249491E-01 2.115001599E-01 1.193377611E+02
1.040130000E-02 5.793138745E-01 2.102049417E-01 1.191966389E+02
1.040370000E-02 5.794561425E-01 2.099533349E-01 1.191691417E+02
1.040730000E-02 5.796952655E-01 2.095764478E-01 1.191279198E+02
1.040910000E-02 5.797888652E-01 2.093883105E-01 1.191073196E+02
1.041250000E-02 5.800115278E-01 2.090351564E-01 1.190684274E+02
1.043590000E-02 5.819958324E-01 2.066790947E-01 1.188014450E+02
1.044220000E-02 5.825514842E-01 2.060577399E-01 1.187297696E+02
1.046090000E-02 5.842219558E-01 2.042095568E-01 1.185175272E+02
1.047340000E-02 5.853416176E-01 2.029827412E-01 1.183760765E+02
1.048590000E-02 5.864571250E-01 2.017611918E-01 1.182349631E+02
1.049840000E-02 5.875430613E-01 2.005448814E-01 1.180941858E+02
1.051090000E-02 5.886503811E-01 1.993337827E-01 1.179537433E+02
1.052340000E-02 5.897536071E-01 1.981278689E-01 1.178136344E+02
1.053590000E-02 5.908275023E-01 1.969271135E-01 1.176738580E+02
1.056100000E-02 5.930214872E-01 1.945372876E-01 1.173941862E+02
1.058600000E-02 5.951666241E-01 1.921717667E-01 1.171169469E+02
1.061100000E-02 5.973209866E-01 1.898261040E-01 1.168410140E+02
1.066100000E-02 6.024952561E-01 1.853913779E-01 1.162930307E+02
1.067560000E-02 6.039999600E-01 1.841149273E-01 1.161339878E+02
1.070380000E-02 6.068913039E-01 1.816624657E-01 1.158280237E+02
1.075670000E-02 6.122505550E-01 1.771253906E-01 1.152583971E+02
1.080290000E-02 6.168812497E-01 1.732240632E-01 1.147654796E+02
1.088390000E-02 6.256391901E-01 1.667507844E-01 1.139113737E+02
1.100540000E-02 6.390444214E-01 1.575570869E-01 1.126537881E+02
1.120910000E-02 6.621746152E-01 1.434631057E-01 1.106065607E+02
1.126390000E-02 6.700277747E-01 1.399086213E-01 1.100684488E+02
1.129120000E-02 6.739084408E-01 1.381573565E-01 1.098023239E+02
1.131860000E-02 6.777612446E-01 1.364213363E-01 1.095365151E+02
1.134600000E-02 6.817331272E-01 1.347592552E-01 1.092719901E+02
1.137340000E-02 6.856921944E-01 1.331118048E-01 1.090087397E+02
1.141450000E-02 6.915450069E-01 1.306670005E-01 1.086162337E+02
1.145050000E-02 6.966033516E-01 1.285502440E-01 1.082747478E+02
1.148300000E-02 7.011248493E-01 1.266627233E-01 1.079683010E+02
1.150220000E-02 7.037746866E-01 1.255538457E-01 1.077880753E+02
1.151040000E-02 7.049372168E-01 1.251026842E-01 1.077112872E+02
1.152400000E-02 7.068787677E-01 1.243509565E-01 1.075841722E+02
1.153770000E-02 7.088170372E-01 1.236002809E-01 1.074564255E+02
1.154860000E-02 7.103544141E-01 1.230061468E-01 1.073550041E+02
1.155400000E-02 7.111081212E-01 1.227110048E-01 1.073048295E+02
1.155950000E-02 7.118655316E-01 1.224140328E-01 1.072537740E+02
1.156770000E-02 7.130281390E-01 1.219671265E-01 1.071777449E+02
1.159250000E-02 7.164660317E-01 1.206295070E-01 1.069484581E+02
1.161640000E-02 7.197714799E-01 1.193501744E-01 1.067284184E+02
1.164480000E-02 7.236590276E-01 1.178395975E-01 1.064681231E+02
1.167470000E-02 7.277466751E-01 1.162852449E-01 1.061954483E+02
1.170170000E-02 7.314789923E-01 1.149317004E-01 1.059504175E+02
1.171600000E-02 7.334208173E-01 1.142226031E-01 1.058210994E+02
1.173020000E-02 7.353698402E-01 1.135185553E-01 1.056929976E+02
1.174440000E-02 7.372898967E-01 1.128177796E-01 1.055652055E+02
1.175860000E-02 7.392217317E-01 1.121198534E-01 1.054377222E+02
1.177290000E-02 7.411291868E-01 1.114230711E-01 1.053096518E+02
1.178000000E-02 7.420876420E-01 1.110768684E-01 1.052461800E+02
1.178710000E-02 7.430439768E-01 1.107312169E-01 1.051827846E+02
1.180130000E-02 7.449503065E-01 1.100425692E-01 1.050562226E+02
1.180840000E-02 7.458802062E-01 1.096991661E-01 1.049930558E+02
1.181200000E-02 7.463565810E-01 1.095270180E-01 1.049610566E+02
1.181380000E-02 7.465945690E-01 1.094408139E-01 1.049450642E+02
1.181730000E-02 7.470658636E-01 1.092705984E-01 1.049139820E+02
1.182070000E-02 7.475123088E-01 1.091092331E-01 1.048838055E+02
1.183230000E-02 7.490484200E-01 1.085505757E-01 1.047809809E+02
1.183820000E-02 7.498186274E-01 1.082701600E-01 1.047287594E+02
1.184110000E-02 7.502010921E-01 1.081311549E-01 1.047031104E+02
1.184400000E-02 7.505832130E-01 1.079920727E-01 1.046774738E+02
1.187250000E-02 7.543051928E-01 1.066394623E-01 1.044261950E+02
1.188030000E-02 7.553427898E-01 1.062680719E-01 1.043576341E+02
1.190090000E-02 7.580695351E-01 1.053428825E-01 1.041769950E+02
1.191510000E-02 7.599491762E-01 1.047070650E-01 1.040528405E+02
1.192940000E-02 7.618245515E-01 1.040720329E-01 1.039281104E+02
1.194470000E-02 7.638491031E-01 1.033915707E-01 1.037949886E+02
1.196010000E-02 7.658483975E-01 1.027123340E-01 1.036613406E+02
1.198960000E-02 7.696711171E-01 1.014207697E-01 1.034062854E+02
1.201470000E-02 7.729047869E-01 1.003278024E-01 1.031902586E+02
1.204320000E-02 7.765298626E-01 9.909985334E-02 1.029460608E+02
1.207160000E-02 7.801388722E-01 9.788418261E-02 1.027038669E+02
1.210030000E-02 7.837272252E-01 9.666866475E-02 1.024602696E+02
1.212850000E-02 7.872856369E-01 9.551867861E-02 1.022220390E+02
1.214420000E-02 7.892609855E-01 9.489205618E-02 1.020898865E+02
1.215980000E-02 7.912234140E-01 9.427008962E-02 1.019589138E+02
1.217010000E-02 7.925230876E-01 9.386148760E-02 1.018726222E+02
1.218960000E-02 7.949411049E-01 9.309273833E-02 1.017096541E+02
1.221940000E-02 7.986250572E-01 9.192573682E-02 1.014616102E+02
1.224920000E-02 8.022756310E-01 9.076897594E-02 1.012147732E+02
1.226660000E-02 8.043826275E-01 9.009857815E-02 1.010712015E+02
1.228390000E-02 8.064939168E-01 8.943306783E-02 1.009288581E+02
1.229870000E-02 8.082567998E-01 8.887227826E-02 1.008074024E+02
1.232070000E-02 8.115265694E-01 8.806926625E-02 1.006273994E+02
1.233180000E-02 8.131930671E-01 8.766818205E-02 1.005368235E+02
1.234280000E-02 8.148508775E-01 8.726981160E-02 1.004472243E+02
1.235750000E-02 8.170535623E-01 8.674029446E-02 1.003277362E+02
1.237230000E-02 8.192492294E-01 8.621146922E-02 1.002077221E+02
1.240170000E-02 8.236050325E-01 8.516265911E-02 9.997016538E+01
1.243160000E-02 8.279899635E-01 8.410786473E-02 9.972972103E+01
1.246730000E-02 8.331762605E-01 8.285993912E-02 9.944414589E+01
1.250310000E-02 8.383087992E-01 8.162069951E-02 9.915940847E+01
1.252960000E-02 8.421350398E-01 8.074667706E-02 9.894968714E+01
1.255960000E-02 8.464073130E-01 7.976689221E-02 9.871333482E+01
1.258800000E-02 8.504258073E-01 7.884545079E-02 9.849062599E+01
1.260660000E-02 8.533012454E-01 7.824674483E-02 9.834531119E+01
1.263640000E-02 8.578900905E-01 7.729416620E-02 9.811338672E+01
1.264940000E-02 8.598816106E-01 7.687973806E-02 9.801255396E+01
1.267940000E-02 8.644326761E-01 7.593287293E-02 9.778065208E+01
1.269590000E-02 8.669415863E-01 7.541942217E-02 9.765357320E+01
1.270930000E-02 8.689576775E-01 7.501556806E-02 9.755061254E+01
1.275510000E-02 8.758421618E-01 7.364756906E-02 9.720033555E+01
1.276930000E-02 8.779235024E-01 7.322887660E-02 9.709224468E+01
1.281790000E-02 8.850927988E-01 7.180079017E-02 9.672411237E+01
1.285140000E-02 8.899687525E-01 7.082943279E-02 9.647197971E+01
1.288250000E-02 8.959220333E-01 6.993529193E-02 9.623908403E+01
1.291380000E-02 9.018895961E-01 6.907318747E-02 9.600582323E+01
1.296040000E-02 9.106553967E-01 6.780442563E-02 9.566062776E+01
1.300800000E-02 9.194929830E-01 6.652391410E-02 9.531057811E+01
1.303940000E-02 9.252556455E-01 6.568879480E-02 9.508106201E+01
1.307080000E-02 9.309639292E-01 6.486108697E-02 9.485264865E+01
1.310220000E-02 9.366347476E-01 6.405573770E-02 9.462533010E+01
1.313630000E-02 9.427470754E-01 6.320973072E-02 9.437969596E+01
1.320090000E-02 9.541815076E-01 6.162667668E-02 9.391783894E+01
1.322780000E-02 9.588539952E-01 6.097668069E-02 9.372684800E+01
1.325920000E-02 9.642791925E-01 6.022320836E-02 9.350488717E+01
1.329060000E-02 9.696536400E-01 5.947632616E-02 9.328397514E+01
1.333030000E-02 9.763816341E-01 5.854136204E-02 9.300615890E+01
1.335340000E-02 9.802524230E-01 5.800363332E-02 9.284526787E+01
1.341030000E-02 9.901630545E-01 5.674951002E-02 9.245132473E+01
1.348200000E-02 1.006169632E+00 5.519830652E-02 9.195964990E+01
1.366050000E-02 1.056383660E+00 5.255443904E-02 9.075802496E+01
1.378770000E-02 1.111315626E+00 6.360711737E-02 8.992072644E+01
1.382820000E-02 1.131410475E+00 7.515189559E-02 8.965736683E+01
1.389260000E-02 1.159275679E+00 1.051174452E-01 8.924175460E+01
1.390620000E-02 1.163617969E+00 1.131293720E-01 8.915447786E+01
1.393020000E-02 1.169700525E+00 1.280728966E-01 8.900087580E+01
1.396950000E-02 1.172309893E+00 1.537184113E-01 8.875049214E+01
1.398990000E-02 1.173899110E+00 1.669574699E-01 8.862107663E+01
1.401460000E-02 1.171159844E+00 1.819110403E-01 8.846488662E+01
1.402560000E-02 1.169409304E+00 1.882186247E-01 8.839550536E+01
1.403980000E-02 1.166364454E+00 1.957673130E-01 8.830610123E+01
1.405700000E-02 1.162070055E+00 2.040680915E-01 8.819805079E+01
1.407420000E-02 1.157074316E+00 2.112902893E-01 8.809026446E+01
1.410900000E-02 1.146174271E+00 2.230555441E-01 8.787298887E+01
1.414600000E-02 1.134314628E+00 2.312587705E-01 8.764315001E+01
1.416840000E-02 1.127647546E+00 2.344329579E-01 8.750458767E+01
1.419080000E-02 1.121536962E+00 2.365153838E-01 8.736646278E+01
1.422160000E-02 1.114052617E+00 2.382033551E-01 8.717725150E+01
1.425240000E-02 1.107804906E+00 2.388131930E-01 8.698885802E+01
1.426660000E-02 1.105083502E+00 2.389744016E-01 8.690227524E+01
1.428330000E-02 1.102762873E+00 2.387690818E-01 8.680066931E+01
1.431800000E-02 1.097957598E+00 2.383653120E-01 8.659030591E+01
1.435270000E-02 1.095497533E+00 2.377244855E-01 8.638095968E+01
1.438740000E-02 1.094360247E+00 2.369543306E-01 8.617262327E+01
1.442660000E-02 1.093093810E+00 2.360886500E-01 8.593847476E+01
1.445910000E-02 1.092045518E+00 2.353758370E-01 8.574530918E+01
1.449160000E-02 1.091005682E+00 2.346683713E-01 8.555301002E+01
1.451960000E-02 1.090123090E+00 2.340660351E-01 8.538802722E+01
1.455400000E-02 1.089062254E+00 2.333407218E-01 8.518620311E+01
1.458840000E-02 1.087997236E+00 2.326209560E-01 8.498533081E+01
1.465260000E-02 1.086039527E+00 2.312868877E-01 8.461296971E+01
1.470000000E-02 1.085628268E+00 2.303114976E-01 8.434013605E+01
1.474860000E-02 1.085206643E+00 2.293194185E-01 8.406221607E+01
1.481090000E-02 1.084683037E+00 2.280882518E-01 8.370862000E+01
1.485390000E-02 1.086417098E+00 2.273782376E-01 8.346629505E+01
1.489020000E-02 1.087867676E+00 2.267843359E-01 8.326281715E+01
1.494620000E-02 1.090071887E+00 2.258712260E-01 8.295085038E+01
1.499940000E-02 1.092138166E+00 2.250145114E-01 8.265663960E+01
1.503720000E-02 1.093597310E+00 2.244252462E-01 8.244886016E+01
1.507420000E-02 1.095001415E+00 2.238504758E-01 8.224648738E+01
1.511120000E-02 1.096402939E+00 2.232786369E-01 8.204510562E+01
1.514820000E-02 1.097777437E+00 2.227097071E-01 8.184470762E+01
1.522740000E-02 1.101720215E+00 2.217314487E-01 8.141902098E+01
1.529630000E-02 1.105179399E+00 2.209258642E-01 8.105228062E+01
1.532680000E-02 1.106682663E+00 2.205713890E-01 8.089098833E+01
1.541320000E-02 1.112724049E+00 2.195735128E-01 8.043754704E+01
1.552470000E-02 1.122486953E+00 2.184001693E-01 7.985983626E+01
1.566050000E-02 1.139542208E+00 2.181542997E-01 7.916733182E+01
1.582910000E-02 1.171182156E+00 2.294505523E-01 7.832409929E+01
1.591910000E-02 1.186200478E+00 2.486231618E-01 7.788128726E+01
1.595910000E-02 1.189010830E+00 2.596650615E-01 7.768608505E+01
1.601360000E-02 1.190186348E+00 2.752858833E-01 7.742169156E+01
1.605370000E-02 1.187540413E+00 2.858261663E-01 7.722830251E+01
1.636130000E-02 1.150204172E+00 3.119915128E-01 7.577637474E+01
1.639380000E-02 1.148034052E+00 3.118938012E-01 7.562615135E+01
1.678800000E-02 1.139034935E+00 3.093713807E-01 7.385036931E+01
1.687260000E-02 1.137447217E+00 3.091296918E-01 7.348008013E+01
1.690000000E-02 1.136933179E+00 3.090498416E-01 7.336094675E+01
1.730000000E-02 1.138627074E+00 3.085531979E-01 7.166473988E+01
1.750000000E-02 1.140795291E+00 3.089449656E-01 7.084571429E+01
1.792710000E-02 1.146710825E+00 3.107054025E-01 6.915786714E+01
1.905460000E-02 1.164215615E+00 3.204926361E-01 6.506565344E+01
2.041740000E-02 1.182018298E+00 3.399111858E-01 6.072271690E+01
2.237110000E-02 1.195180439E+00 3.746610706E-01 5.541971562E+01
2.423560000E-02 1.191835577E+00 4.115503415E-01 5.115615046E+01
2.551580000E-02 1.182421584E+00 4.362391935E-01 4.858950141E+01
2.710000000E-02 1.160465016E+00 4.657818217E-01 4.574907749E+01
2.851020000E-02 1.131359451E+00 4.887220011E-01 4.348619091E+01
2.968690000E-02 1.105981740E+00 5.028311241E-01 4.176252825E+01
3.090300000E-02 1.073688146E+00 5.135477556E-01 4.011908229E+01
3.190000000E-02 1.045334039E+00 5.183618812E-01 3.886520376E+01
3.280000000E-02 1.019077902E+00 5.193509933E-01 3.779878049E+01
3.330000000E-02 1.004060364E+00 5.183385821E-01 3.723123123E+01
3.375000000E-02 9.907456018E-01 5.168162985E-01 3.673481481E+01
3.450000000E-02 9.687976547E-01 5.123172126E-01 3.593623188E+01
3.573600000E-02 9.335523327E-01 5.002871826E-01 3.469330647E+01
3.850000000E-02 8.652405868E-01 4.565474456E-01 3.220259740E+01
4.168690000E-02 8.117000305E-01 3.883591083E-01 2.974075789E+01
4.476170000E-02 7.853721213E-01 3.202067502E-01 2.769778628E+01
4.806250000E-02 7.784072655E-01 2.543104406E-01 2.579557867E+01
5.276220000E-02 7.897860474E-01 1.807348338E-01 2.349788295E+01
5.827990000E-02 8.159341535E-01 1.214154943E-01 2.127320054E+01
6.326210000E-02 8.416950365E-01 8.583684583E-02 1.959783188E+01
6.438030000E-02 8.476529946E-01 7.955785686E-02 1.925744366E+01
6.485460000E-02 8.503157424E-01 7.704937654E-02 1.911660854E+01
6.551650000E-02 8.539767586E-01 7.368598811E-02 1.892347729E+01
6.598020000E-02 8.566878979E-01 7.142389186E-02 1.879048563E+01
6.677160000E-02 8.618029849E-01 6.779339771E-02 1.856777432E+01
7.030000000E-02 8.743645649E-01 6.506925067E-02 1.763584637E+01
7.959310000E-02 8.984616803E-01 3.799572935E-02 1.557672713E+01
8.352970000E-02 9.090074061E-01 3.025951571E-02 1.484262484E+01
8.533120000E-02 9.140124920E-01 2.732631473E-02 1.452926948E+01
8.919980000E-02 9.227596104E-01 2.577915444E-02 1.389913430E+01
1.045290000E-01 9.450001074E-01 1.271492767E-02 1.186082331E+01
1.074830000E-01 9.488468767E-01 1.112857751E-02 1.153484737E+01
1.118720000E-01 9.539263172E-01 9.889943907E-03 1.108230835E+01
1.197950000E-01 9.609395976E-01 8.029650335E-03 1.034934680E+01
1.219750000E-01 9.626436788E-01 7.513775627E-03 1.016437795E+01
1.242730000E-01 9.644154598E-01 7.023128372E-03 9.976422875E+00
1.368520000E-01 9.723300354E-01 5.063668042E-03 9.059421857E+00
1.462180000E-01 9.772133220E-01 4.157699990E-03 8.479120218E+00
1.540000000E-01 9.806751941E-01 3.790073034E-03 8.050649351E+00
1.625080000E-01 9.838873406E-01 3.698306409E-03 7.629162872E+00
1.720000000E-01 9.868441570E-01 3.863311725E-03 7.208139535E+00
1.820000000E-01 9.893476374E-01 4.242045402E-03 6.812087912E+00
1.938650000E-01 9.916057625E-01 4.858626220E-03 6.395171898E+00
2.101460000E-01 9.936009198E-01 5.813228956E-03 5.899707822E+00
2.240000000E-01 9.945924324E-01 6.528796609E-03 5.534821429E+00
2.400000000E-01 9.951881199E-01 7.116581006E-03 5.165833333E+00
2.600160000E-01 9.954877151E-01 7.479366736E-03 4.768168113E+00
2.851020000E-01 9.955396077E-01 7.491955309E-03 4.348619091E+00
3.200000000E-01 9.954500398E-01 6.946856272E-03 3.874375000E+00
3.517670000E-01 9.955656426E-01 6.184818240E-03 3.524492064E+00
3.593840000E-01 9.956624925E-01 6.121219944E-03 3.449791866E+00
3.714060000E-01 9.956127509E-01 5.868322942E-03 3.338125932E+00
3.797590000E-01 9.956693574E-01 5.754802208E-03 3.264702087E+00
4.064130000E-01 9.956749695E-01 5.167495762E-03 3.050591393E+00
4.822110000E-01 9.961074477E-01 3.738911936E-03 2.571073659E+00
5.512520000E-01 9.966487934E-01 2.789424663E-03 2.249062135E+00
5.652870000E-01 9.968208476E-01 2.682759945E-03 2.193222204E+00
5.805040000E-01 9.968457680E-01 2.614096458E-03 2.135730331E+00
6.516010000E-01 9.971996939E-01 1.978061675E-03 1.902698124E+00
7.616110000E-01 9.977325465E-01 1.339411578E-03 1.627865144E+00
8.064820000E-01 9.979196283E-01 1.171664142E-03 1.537294075E+00
9.467820000E-01 9.983792118E-01 7.519287557E-04 1.309488351E+00
1.152000000E+00 9.988510878E-01 4.264902802E-04 1.076215278E+00
1.420430000E+00 9.992296899E-01 2.275231850E-04 8.728342826E-01
1.714590000E+00 9.994788056E-01 1.272297650E-04 7.230883185E-01
1.964590000E+00 9.996209908E-01 8.289887374E-05 6.310731501E-01
2.116150000E+00 9.996938561E-01 6.543126388E-05 5.858752924E-01
2.200720000E+00 9.997372259E-01 5.770035681E-05 5.633610818E-01
2.247620000E+00 9.997690149E-01 5.415515993E-05 5.516056985E-01
2.264290000E+00 9.997861970E-01 5.505376218E-05 5.475447050E-01
2.274140000E+00 9.997985568E-01 5.882951788E-05 5.451731204E-01
2.283400000E+00 9.998103483E-01 6.639040949E-05 5.429622493E-01
2.293320000E+00 9.998200923E-01 7.907617123E-05 5.406136082E-01
2.309440000E+00 9.998234902E-01 1.033517416E-04 5.368400998E-01
2.322790000E+00 9.998164709E-01 1.175687609E-04 5.337546657E-01
2.338410000E+00 9.998069368E-01 1.237790128E-04 5.301893167E-01
2.364800000E+00 9.998026300E-01 1.242222324E-04 5.242726658E-01
2.387030000E+00 9.998057955E-01 1.296205488E-04 5.193902046E-01
2.420250000E+00 9.997990525E-01 1.417589524E-04 5.122611300E-01
2.455740000E+00 9.997893176E-01 1.415980717E-04 5.048580061E-01
2.543380000E+00 9.997832324E-01 1.331381013E-04 4.874615669E-01
2.689400000E+00 9.997871135E-01 1.170308830E-04 4.609950175E-01
2.772350000E+00 9.997943640E-01 1.064238623E-04 4.472018324E-01
2.815440000E+00 9.998026330E-01 1.036849227E-04 4.403574574E-01
2.844870000E+00 9.998058201E-01 1.068144014E-04 4.358019874E-01
2.884520000E+00 9.998033514E-01 1.070101242E-04 4.298115458E-01
2.942730000E+00 9.998035102E-01 1.004159378E-04 4.213094643E-01
3.058190000E+00 9.998104028E-01 8.805137481E-05 4.054031960E-01
3.186100000E+00 9.998209190E-01 7.648694602E-05 3.891277738E-01
3.266350000E+00 9.998293262E-01 7.186002781E-05 3.795674070E-01
3.340340000E+00 9.998332076E-01 6.899926650E-05 3.711598221E-01
3.441950000E+00 9.998398874E-01 6.237060041E-05 3.602027920E-01
3.537120000E+00 9.998473945E-01 5.804077734E-05 3.505111503E-01
3.661610000E+00 9.998538894E-01 5.274163320E-05 3.385942249E-01
3.857000000E+00 9.998652579E-01 4.423274677E-05 3.214415349E-01
4.118660000E+00 9.998794601E-01 3.536166108E-05 3.010202347E-01
4.476090000E+00 9.998961930E-01 2.660247766E-05 2.769828131E-01
4.853060000E+00 9.999107218E-01 2.012950151E-05 2.554676843E-01
5.277640000E+00 9.999239485E-01 1.503117329E-05 2.349156062E-01
5.879970000E+00 9.999384274E-01 1.030995947E-05 2.108514159E-01
6.519820000E+00 9.999498526E-01 7.171632418E-06 1.901586240E-01
7.513860000E+00 9.999623343E-01 4.342477085E-06 1.650017434E-01
8.692240000E+00 9.999720510E-01 2.584690922E-06 1.426329692E-01
9.932060000E+00 9.999788422E-01 1.604086452E-06 1.248280820E-01
1.083930000E+01 9.999824740E-01 1.171586958E-06 1.143800799E-01
1.142590000E+01 9.999844517E-01 9.690650520E-07 1.085078637E-01
1.180310000E+01 9.999856621E-01 8.618231613E-07 1.050402013E-01
1.199850000E+01 9.999863417E-01 8.150138882E-07 1.033295829E-01
1.209200000E+01 9.999867353E-01 8.232968641E-07 1.025305987E-01
1.214900000E+01 9.999870070E-01 8.810501800E-07 1.020495514E-01
1.219550000E+01 9.999872266E-01 9.822259614E-07 1.016604485E-01
1.226040000E+01 9.999874699E-01 1.204861653E-06 1.011223125E-01
1.233560000E+01 9.999875888E-01 1.495640747E-06 1.005058530E-01
1.240110000E+01 9.999875768E-01 1.673726747E-06 9.997500222E-02
1.246870000E+01 9.999875377E-01 1.747982961E-06 9.943298018E-02
1.258150000E+01 9.999875467E-01 1.734957025E-06 9.854150936E-02
1.276370000E+01 9.999877256E-01 1.648095563E-06 9.713484334E-02
1.306920000E+01 9.999881518E-01 1.510736958E-06 9.486426101E-02
1.346360000E+01 9.999887707E-01 1.354131958E-06 9.208532636E-02
1.381570000E+01 9.999893543E-01 1.230967380E-06 8.973848593E-02
1.401690000E+01 9.999897366E-01 1.176881093E-06 8.845037062E-02
1.413910000E+01 9.999900021E-01 1.202287492E-06 8.768592060E-02
1.424900000E+01 9.999901963E-01 1.302494994E-06 8.700961471E-02
1.435370000E+01 9.999902968E-01 1.399142620E-06 8.637494165E-02
1.449300000E+01 9.999903762E-01 1.426419008E-06 8.554474574E-02
1.464300000E+01 9.999905228E-01 1.398547698E-06 8.466844226E-02
1.483590000E+01 9.999907350E-01 1.428013122E-06 8.356756247E-02
1.502540000E+01 9.999908555E-01 1.447021285E-06 8.251361029E-02
1.523460000E+01 9.999910004E-01 1.389434322E-06 8.138054166E-02
1.558540000E+01 9.999912989E-01 1.282035462E-06 7.954880850E-02
1.605540000E+01 9.999917146E-01 1.154173395E-06 7.722012532E-02
1.662720000E+01 9.999922042E-01 1.019580429E-06 7.456456890E-02
1.730480000E+01 9.999927464E-01 8.840426459E-07 7.164486154E-02
1.811890000E+01 9.999933395E-01 7.497833370E-07 6.842578744E-02
1.899980000E+01 9.999939119E-01 6.328702555E-07 6.525331846E-02
1.981850000E+01 9.999943843E-01 5.436758262E-07 6.255771123E-02
2.084790000E+01 9.999949088E-01 4.528248716E-07 5.946881940E-02
2.191490000E+01 9.999953818E-01 3.779057399E-07 5.657338158E-02
2.307390000E+01 9.999958270E-01 3.135700092E-07 5.373170552E-02
2.437440000E+01 9.999962556E-01 2.568573059E-07 5.086484180E-02
2.576540000E+01 9.999966464E-01 2.097006248E-07 4.811879497E-02
2.769970000E+01 9.999970973E-01 1.609875894E-07 4.475860749E-02
3.038710000E+01 9.999975882E-01 1.146724574E-07 4.080020798E-02
3.341520000E+01 9.999980070E-01 8.076532062E-08 3.710287534E-02
3.818550000E+01 9.999984764E-01 4.933795236E-08 3.246782156E-02
4.349550000E+01 9.999988283E-01 3.042165250E-08 2.850409813E-02
4.969510000E+01 9.999991046E-01 1.851240384E-08 2.494813372E-02
5.663640000E+01 9.999993127E-01 1.135846466E-08 2.189051564E-02
6.442620000E+01 9.999994707E-01 7.005870678E-09 1.924372383E-02
7.156600000E+01 9.999995729E-01 4.722991073E-09 1.732386888E-02
7.612330000E+01 9.999996242E-01 3.743253201E-09 1.628673481E-02
7.871790000E+01 9.999996500E-01 3.299788939E-09 1.574991203E-02
8.053200000E+01 9.999996672E-01 3.028689092E-09 1.539512244E-02
8.156460000E+01 9.999996772E-01 2.937427500E-09 1.520022166E-02
8.194480000E+01 9.999996811E-01 3.056803575E-09 1.512969706E-02
8.223130000E+01 9.999996842E-01 3.350282966E-09 1.507698407E-02
8.244610000E+01 9.999996866E-01 3.761751615E-09 1.503770342E-02
8.268130000E+01 9.999996892E-01 4.452081791E-09 1.499492630E-02
8.295050000E+01 9.999996919E-01 5.558905676E-09 1.494626313E-02
8.320500000E+01 9.999996941E-01 6.844666288E-09 1.490054684E-02
8.366300000E+01 9.999996972E-01 9.221008360E-09 1.481897613E-02
8.403320000E+01 9.999996988E-01 1.068829838E-08 1.475369259E-02
8.446660000E+01 9.999997004E-01 1.158331680E-08 1.467799106E-02
8.512400000E+01 9.999997031E-01 1.178689261E-08 1.456463512E-02
8.597560000E+01 9.999997075E-01 1.144065036E-08 1.442037043E-02
8.737690000E+01 9.999997154E-01 1.081452129E-08 1.418910490E-02
8.941340000E+01 9.999997269E-01 9.952318046E-09 1.386593061E-02
9.245650000E+01 9.999997435E-01 8.845131210E-09 1.340954936E-02
9.594700000E+01 9.999997610E-01 7.735907970E-09 1.292171720E-02
1.006850000E+02 9.999997823E-01 6.498690843E-09 1.231365149E-02
1.065430000E+02 9.999998051E-01 5.296909789E-09 1.163661620E-02
1.141100000E+02 9.999998297E-01 4.137813678E-09 1.086495487E-02
1.225870000E+02 9.999998523E-01 3.190235828E-09 1.011363358E-02
1.340670000E+02 9.999998763E-01 2.299915246E-09 9.247614998E-03
1.494820000E+02 9.999999005E-01 1.543936227E-09 8.293975194E-03
1.706490000E+02 9.999999236E-01 9.504182832E-10 7.265205187E-03
1.950800000E+02 9.999999416E-01 5.824195075E-10 6.355341398E-03
2.231630000E+02 9.999999553E-01 3.561946794E-10 5.555580450E-03
2.538690000E+02 9.999999655E-01 2.228062013E-10 4.883621080E-03
2.898970000E+02 9.999999736E-01 1.379054621E-10 4.276691377E-03
3.333400000E+02 9.999999800E-01 8.373510490E-11 3.719325613E-03
3.831930000E+02 9.999999849E-01 5.122157899E-11 3.235445324E-03
4.415710000E+02 9.999999886E-01 3.131545304E-11 2.807702499E-03
5.089720000E+02 9.999999914E-01 1.931166087E-11 2.435890383E-03
5.891620000E+02 9.999999936E-01 1.185914108E-11 2.104344815E-03
6.819460000E+02 9.999999952E-01 7.369215573E-12 1.818032513E-03
8.035260000E+02 9.999999966E-01 4.380002423E-12 1.542949450E-03
9.495110000E+02 9.999999975E-01 2.615576341E-12 1.305724736E-03
1.173410000E+03 9.999999984E-01 1.359622417E-12 1.056578689E-03
1.354850000E+03 9.999999988E-01 8.676201094E-13 9.150828505E-04
1.619760000E+03 9.999999992E-01 4.963024912E-13 7.654220378E-04
1.859730000E+03 9.999999994E-01 3.222364987E-13 6.666559124E-04
2.182000000E+03 9.999999995E-01 1.956484721E-13 5.681943171E-04
2.567150000E+03 9.999999997E-01 1.176256694E-13 4.829480163E-04
2.947480000E+03 9.999999997E-01 7.637144696E-14 4.206305047E-04
3.514130000E+03 9.999999998E-01 4.409174133E-14 3.528042503E-04
4.068660000E+03 9.999999999E-01 2.787781108E-14 3.047194900E-04
4.677310000E+03 9.999999999E-01 1.803070745E-14 2.650668867E-04
5.363530000E+03 9.999999999E-01 1.175206427E-14 2.311537364E-04
6.225500000E+03 9.999999999E-01 7.378572736E-15 1.991486628E-04
7.403740000E+03 1.000000000E+00 4.289871871E-15 1.674559074E-04
8.500630000E+03 1.000000000E+00 2.785296503E-15 1.458480136E-04
1.000000000E+04 0.000000000E+00 0.000000000E+00 1.239800000E-04
