# 11/08/2021 
# Data retrieved from www.chemicool.com/densities.html 
# Includes the real (n) and complex (k) part of the  refractive index. 
# Element, In  (Z = 49) 
# Nominal density, g cm-3 =  7.31 
#    E [keV]      n       k    Wavelength [nm] 
1.000000000E-03 -1.286300522E+03 1.902924427E-02 1.239800000E+03
1.115420000E-03 -7.029367987E+01 0.000000000E+00 1.111509566E+03
1.216410000E-03 -5.885596516E+01 0.000000000E+00 1.019228714E+03
1.304770000E-03 -5.095362562E+01 0.000000000E+00 9.502057834E+02
1.459420000E-03 -4.042950421E+01 0.000000000E+00 8.495155610E+02
1.500000000E-03 -3.819471956E+01 0.000000000E+00 8.265333333E+02
1.575400000E-03 -3.447414381E+01 0.000000000E+00 7.869747366E+02
1.662380000E-03 -3.079880866E+01 0.000000000E+00 7.457981930E+02
1.792860000E-03 -2.626146003E+01 0.000000000E+00 6.915208103E+02
1.858100000E-03 -2.434472576E+01 0.000000000E+00 6.672407298E+02
1.923340000E-03 -2.261805374E+01 0.000000000E+00 6.446078177E+02
1.928070000E-03 -2.250018186E+01 0.000000000E+00 6.430264461E+02
1.932810000E-03 -2.238223007E+01 0.000000000E+00 6.414494958E+02
1.937540000E-03 -2.226538994E+01 0.000000000E+00 6.398835637E+02
1.942280000E-03 -2.214987150E+01 0.000000000E+00 6.383219721E+02
1.947010000E-03 -2.203474022E+01 0.000000000E+00 6.367712544E+02
1.951740000E-03 -2.192045173E+01 0.000000000E+00 6.352280529E+02
1.956480000E-03 -2.180676473E+01 0.000000000E+00 6.336890743E+02
1.961210000E-03 -2.169482627E+01 0.000000000E+00 6.321607579E+02
1.965950000E-03 -2.158278616E+01 0.000000000E+00 6.306365879E+02
1.970680000E-03 -2.147178816E+01 0.000000000E+00 6.291229423E+02
1.975410000E-03 -2.136227037E+01 0.000000000E+00 6.276165454E+02
1.980150000E-03 -2.125264248E+01 0.000000000E+00 6.261141833E+02
1.984880000E-03 -2.114402858E+01 0.000000000E+00 6.246221434E+02
1.994350000E-03 -2.092957824E+01 0.000000000E+00 6.216561787E+02
1.999080000E-03 -2.082328088E+01 0.000000000E+00 6.201852852E+02
2.003820000E-03 -2.071752485E+01 0.000000000E+00 6.187182481E+02
2.008550000E-03 -2.061208293E+01 0.000000000E+00 6.172612083E+02
2.013290000E-03 -2.050782940E+01 0.000000000E+00 6.158079561E+02
2.018020000E-03 -2.040387888E+01 0.000000000E+00 6.143645752E+02
2.076710000E-03 -1.917686219E+01 0.000000000E+00 5.970019887E+02
2.120730000E-03 -1.832383850E+01 0.000000000E+00 5.846100164E+02
2.153750000E-03 -1.771762435E+01 0.000000000E+00 5.756471271E+02
2.178510000E-03 -1.728176044E+01 0.000000000E+00 5.691045715E+02
2.197080000E-03 -1.696417124E+01 0.000000000E+00 5.642944271E+02
2.211010000E-03 -1.673149681E+01 0.000000000E+00 5.607392097E+02
2.221450000E-03 -1.655986947E+01 0.000000000E+00 5.581039411E+02
2.229290000E-03 -1.643232239E+01 0.000000000E+00 5.561411929E+02
2.241040000E-03 -1.624421380E+01 0.000000000E+00 5.532252883E+02
2.246910000E-03 -1.615161367E+01 0.000000000E+00 5.517800001E+02
2.250000000E-03 -1.610297000E+01 0.000000000E+00 5.510222222E+02
2.252790000E-03 -1.605907102E+01 0.000000000E+00 5.503398009E+02
2.258340000E-03 -1.597169911E+01 0.000000000E+00 5.489873093E+02
2.263880000E-03 -1.588564275E+01 0.000000000E+00 5.476438680E+02
2.269430000E-03 -1.580007534E+01 0.000000000E+00 5.463045787E+02
2.274970000E-03 -1.571477717E+01 0.000000000E+00 5.449742194E+02
2.280520000E-03 -1.563047093E+01 0.000000000E+00 5.436479399E+02
2.286060000E-03 -1.554693012E+01 0.000000000E+00 5.423304725E+02
2.288830000E-03 -1.550488525E+01 0.000000000E+00 5.416741305E+02
2.291610000E-03 -1.546335480E+01 0.000000000E+00 5.410170142E+02
2.294380000E-03 -1.542212020E+01 0.000000000E+00 5.403638456E+02
2.297150000E-03 -1.538103650E+01 0.000000000E+00 5.397122521E+02
2.301310000E-03 -1.531937182E+01 0.000000000E+00 5.387366326E+02
2.302700000E-03 -1.529917728E+01 0.000000000E+00 5.384114301E+02
2.307550000E-03 -1.522775597E+01 0.000000000E+00 5.372797989E+02
2.308240000E-03 -1.521755946E+01 0.000000000E+00 5.371191904E+02
2.308590000E-03 -1.521264242E+01 0.000000000E+00 5.370377590E+02
2.309240000E-03 -1.520302106E+01 0.000000000E+00 5.368865947E+02
2.310370000E-03 -1.518668001E+01 0.000000000E+00 5.366240039E+02
2.311230000E-03 -1.517414146E+01 0.000000000E+00 5.364243282E+02
2.312510000E-03 -1.515525280E+01 0.000000000E+00 5.361274113E+02
2.313470000E-03 -1.514135415E+01 0.000000000E+00 5.359049393E+02
2.314480000E-03 -1.512677619E+01 0.000000000E+00 5.356710795E+02
2.315690000E-03 -1.510943451E+01 0.000000000E+00 5.353911793E+02
2.320720000E-03 -1.503673352E+01 0.000000000E+00 5.342307560E+02
2.324870000E-03 -1.497708700E+01 0.000000000E+00 5.332771295E+02
2.327650000E-03 -1.493748222E+01 0.000000000E+00 5.326402165E+02
2.330420000E-03 -1.489815728E+01 0.000000000E+00 5.320071060E+02
2.333190000E-03 -1.485897404E+01 0.000000000E+00 5.313754988E+02
2.335960000E-03 -1.481993184E+01 0.000000000E+00 5.307453895E+02
2.341510000E-03 -1.474165133E+01 0.000000000E+00 5.294873821E+02
2.347050000E-03 -1.466454673E+01 0.000000000E+00 5.282375748E+02
2.352600000E-03 -1.458738292E+01 0.000000000E+00 5.269914138E+02
2.360920000E-03 -1.447297326E+01 0.000000000E+00 5.251342697E+02
2.363690000E-03 -1.443483678E+01 0.000000000E+00 5.245188667E+02
2.365100000E-03 -1.441596621E+01 0.000000000E+00 5.242061646E+02
2.367920000E-03 -1.437738423E+01 0.000000000E+00 5.235818778E+02
2.370710000E-03 -1.433980057E+01 0.000000000E+00 5.229656938E+02
2.376250000E-03 -1.426508082E+01 0.000000000E+00 5.217464492E+02
2.381700000E-03 -1.419250350E+01 0.000000000E+00 5.205525465E+02
2.387070000E-03 -1.412097874E+01 0.000000000E+00 5.193815012E+02
2.392350000E-03 -1.405153652E+01 0.000000000E+00 5.182352081E+02
2.397560000E-03 -1.398297375E+01 0.000000000E+00 5.171090609E+02
2.402680000E-03 -1.391643869E+01 0.000000000E+00 5.160071254E+02
2.407720000E-03 -1.385132033E+01 0.000000000E+00 5.149269849E+02
2.412680000E-03 -1.378759594E+01 0.000000000E+00 5.138683953E+02
2.417560000E-03 -1.372524344E+01 0.000000000E+00 5.128311190E+02
2.423540000E-03 -1.364951510E+01 0.000000000E+00 5.115657262E+02
2.432890000E-03 -1.353177195E+01 0.000000000E+00 5.095996942E+02
2.442030000E-03 -1.341832159E+01 0.000000000E+00 5.076923707E+02
2.450880000E-03 -1.330998188E+01 0.000000000E+00 5.058591200E+02
2.468030000E-03 -1.310268446E+01 0.000000000E+00 5.023439747E+02
2.500180000E-03 -1.272583121E+01 0.000000000E+00 4.958842963E+02
2.612730000E-03 -1.151067408E+01 0.000000000E+00 4.745228171E+02
2.640860000E-03 -1.123116914E+01 0.000000000E+00 4.694682793E+02
2.661970000E-03 -1.102675692E+01 0.000000000E+00 4.657452939E+02
2.693620000E-03 -1.072939636E+01 0.000000000E+00 4.602727927E+02
2.709440000E-03 -1.058490318E+01 0.000000000E+00 4.575853313E+02
2.717360000E-03 -1.051317573E+01 0.000000000E+00 4.562516560E+02
2.725270000E-03 -1.044252502E+01 0.000000000E+00 4.549274017E+02
2.731980000E-03 -1.038319912E+01 0.000000000E+00 4.538100572E+02
2.738690000E-03 -1.032396416E+01 0.000000000E+00 4.526981878E+02
2.745390000E-03 -1.026560434E+01 0.000000000E+00 4.515933984E+02
2.752100000E-03 -1.020724749E+01 0.000000000E+00 4.504923513E+02
2.758810000E-03 -1.014932442E+01 0.000000000E+00 4.493966602E+02
2.765520000E-03 -1.009148528E+01 0.000000000E+00 4.483062860E+02
2.770410000E-03 -1.004961016E+01 0.000000000E+00 4.475149888E+02
2.775300000E-03 -1.000830420E+01 0.000000000E+00 4.467264800E+02
2.778930000E-03 -9.977510079E+00 0.000000000E+00 4.461429399E+02
2.785640000E-03 -9.921282821E+00 0.000000000E+00 4.450682787E+02
2.792350000E-03 -9.865129623E+00 0.000000000E+00 4.439987824E+02
2.799060000E-03 -9.809388702E+00 0.000000000E+00 4.429344137E+02
2.800730000E-03 -9.795827952E+00 0.000000000E+00 4.426703038E+02
2.805770000E-03 -9.754391820E+00 0.000000000E+00 4.418751359E+02
2.807080000E-03 -9.743685655E+00 0.000000000E+00 4.416689229E+02
2.808230000E-03 -9.734217848E+00 0.000000000E+00 4.414880548E+02
2.810250000E-03 -9.717787929E+00 0.000000000E+00 4.411707143E+02
2.811760000E-03 -9.705276543E+00 0.000000000E+00 4.409337924E+02
2.812890000E-03 -9.696343134E+00 0.000000000E+00 4.407566595E+02
2.813740000E-03 -9.689213937E+00 0.000000000E+00 4.406235118E+02
2.816290000E-03 -9.668532732E+00 0.000000000E+00 4.402245507E+02
2.816890000E-03 -9.663655310E+00 0.000000000E+00 4.401307825E+02
2.819140000E-03 -9.645642754E+00 0.000000000E+00 4.397795072E+02
2.825890000E-03 -9.591205808E+00 0.000000000E+00 4.387290376E+02
2.826730000E-03 -9.584581333E+00 0.000000000E+00 4.385986635E+02
2.830120000E-03 -9.557589545E+00 0.000000000E+00 4.380732972E+02
2.831980000E-03 -9.542737324E+00 0.000000000E+00 4.377855776E+02
2.832600000E-03 -9.537793227E+00 0.000000000E+00 4.376897550E+02
2.833440000E-03 -9.530887667E+00 0.000000000E+00 4.375599977E+02
2.836370000E-03 -9.507827738E+00 0.000000000E+00 4.371079937E+02
2.837840000E-03 -9.496288067E+00 0.000000000E+00 4.368815719E+02
2.839310000E-03 -9.484438804E+00 0.000000000E+00 4.366553846E+02
2.846010000E-03 -9.431869425E+00 0.000000000E+00 4.356274223E+02
2.849370000E-03 -9.405327983E+00 0.000000000E+00 4.351137269E+02
2.856080000E-03 -9.353253250E+00 0.000000000E+00 4.340914820E+02
2.859430000E-03 -9.327392222E+00 0.000000000E+00 4.335829169E+02
2.864010000E-03 -9.291810615E+00 0.000000000E+00 4.328895500E+02
2.877770000E-03 -9.186923602E+00 0.000000000E+00 4.308196972E+02
2.884600000E-03 -9.135246581E+00 0.000000000E+00 4.297996256E+02
2.891430000E-03 -9.083943577E+00 0.000000000E+00 4.287843731E+02
2.898260000E-03 -9.033011033E+00 0.000000000E+00 4.277739057E+02
2.905090000E-03 -8.982445428E+00 0.000000000E+00 4.267681896E+02
2.911920000E-03 -8.932243287E+00 0.000000000E+00 4.257671914E+02
2.947860000E-03 -8.673588871E+00 0.000000000E+00 4.205762825E+02
2.965830000E-03 -8.547404386E+00 0.000000000E+00 4.180280057E+02
2.983800000E-03 -8.422955064E+00 0.000000000E+00 4.155104230E+02
2.985420000E-03 -8.411841699E+00 0.000000000E+00 4.152849515E+02
2.992770000E-03 -8.361832818E+00 0.000000000E+00 4.142650454E+02
3.000110000E-03 -8.311968852E+00 0.000000000E+00 4.132515141E+02
3.007460000E-03 -8.262710177E+00 0.000000000E+00 4.122415593E+02
3.014810000E-03 -8.213820586E+00 0.000000000E+00 4.112365290E+02
3.022160000E-03 -8.165007065E+00 0.000000000E+00 4.102363872E+02
3.044200000E-03 -8.021369957E+00 0.000000000E+00 4.072662769E+02
3.051550000E-03 -7.974274484E+00 0.000000000E+00 4.062853304E+02
3.054720000E-03 -7.953958776E+00 0.000000000E+00 4.058637125E+02
3.058900000E-03 -7.927244475E+00 0.000000000E+00 4.053090980E+02
3.066250000E-03 -7.880842854E+00 0.000000000E+00 4.043375459E+02
3.069760000E-03 -7.858862679E+00 0.000000000E+00 4.038752215E+02
3.077280000E-03 -7.811710977E+00 0.000000000E+00 4.028882650E+02
3.084800000E-03 -7.764913197E+00 0.000000000E+00 4.019061203E+02
3.092320000E-03 -7.718742262E+00 0.000000000E+00 4.009287525E+02
3.095420000E-03 -7.699632648E+00 0.000000000E+00 4.005272306E+02
3.100090000E-03 -7.671241874E+00 0.000000000E+00 3.999238732E+02
3.104750000E-03 -7.642763905E+00 0.000000000E+00 3.993236170E+02
3.110370000E-03 -7.608827606E+00 0.000000000E+00 3.986020956E+02
3.113180000E-03 -7.591930181E+00 0.000000000E+00 3.982423117E+02
3.115990000E-03 -7.575079683E+00 0.000000000E+00 3.978831768E+02
3.121500000E-03 -7.542120773E+00 0.000000000E+00 3.971808425E+02
3.125170000E-03 -7.520175577E+00 0.000000000E+00 3.967144187E+02
3.127930000E-03 -7.503525422E+00 0.000000000E+00 3.963643688E+02
3.129310000E-03 -7.495487296E+00 0.000000000E+00 3.961895753E+02
3.129990000E-03 -7.491526569E+00 0.000000000E+00 3.961035019E+02
3.130340000E-03 -7.489358092E+00 0.000000000E+00 3.960592140E+02
3.130510000E-03 -7.488436101E+00 0.000000000E+00 3.960377063E+02
3.130680000E-03 -7.487244595E+00 0.000000000E+00 3.960162010E+02
3.130700000E-03 -7.487136156E+00 0.000000000E+00 3.960136711E+02
3.138390000E-03 -7.441838218E+00 0.000000000E+00 3.950433184E+02
3.139310000E-03 -7.436354673E+00 0.000000000E+00 3.949275478E+02
3.144950000E-03 -7.402916401E+00 0.000000000E+00 3.942193040E+02
3.148270000E-03 -7.383336558E+00 0.000000000E+00 3.938035810E+02
3.153260000E-03 -7.353900463E+00 0.000000000E+00 3.931803911E+02
3.158240000E-03 -7.324926096E+00 0.000000000E+00 3.925604134E+02
3.162870000E-03 -7.297928814E+00 0.000000000E+00 3.919857598E+02
3.167500000E-03 -7.271053690E+00 0.000000000E+00 3.914127861E+02
3.175020000E-03 -7.227987467E+00 0.000000000E+00 3.904857292E+02
3.182540000E-03 -7.184974497E+00 0.000000000E+00 3.895630534E+02
3.190060000E-03 -7.142275187E+00 0.000000000E+00 3.886447277E+02
3.201340000E-03 -7.078807792E+00 0.000000000E+00 3.872753285E+02
3.205100000E-03 -7.058062889E+00 0.000000000E+00 3.868210040E+02
3.208670000E-03 -7.038088152E+00 0.000000000E+00 3.863906229E+02
3.214020000E-03 -7.008535808E+00 0.000000000E+00 3.857474440E+02
3.219380000E-03 -6.979085779E+00 0.000000000E+00 3.851052066E+02
3.227020000E-03 -6.937034672E+00 0.000000000E+00 3.841934664E+02
3.234660000E-03 -6.895543968E+00 0.000000000E+00 3.832860332E+02
3.242310000E-03 -6.854307278E+00 0.000000000E+00 3.823816970E+02
3.251610000E-03 -6.804693317E+00 0.000000000E+00 3.812880388E+02
3.259610000E-03 -6.762201640E+00 0.000000000E+00 3.803522507E+02
3.267610000E-03 -6.720032015E+00 0.000000000E+00 3.794210447E+02
3.275620000E-03 -6.678380700E+00 0.000000000E+00 3.784932318E+02
3.283620000E-03 -6.636844809E+00 0.000000000E+00 3.775710953E+02
3.287620000E-03 -6.616072012E+00 0.000000000E+00 3.771117100E+02
3.291620000E-03 -6.595621515E+00 0.000000000E+00 3.766534412E+02
3.295690000E-03 -6.574682670E+00 0.000000000E+00 3.761882944E+02
3.299630000E-03 -6.554419186E+00 0.000000000E+00 3.757390980E+02
3.303030000E-03 -6.536936712E+00 0.000000000E+00 3.753523280E+02
3.308130000E-03 -6.511059248E+00 0.000000000E+00 3.747736637E+02
3.310690000E-03 -6.498001004E+00 0.000000000E+00 3.744838689E+02
3.313240000E-03 -6.485019321E+00 0.000000000E+00 3.741956514E+02
3.314870000E-03 -6.476697878E+00 0.000000000E+00 3.740116505E+02
3.317060000E-03 -6.465627489E+00 0.000000000E+00 3.737647194E+02
3.331190000E-03 -6.394329343E+00 0.000000000E+00 3.721793113E+02
3.339350000E-03 -6.353732737E+00 0.000000000E+00 3.712698579E+02
3.347650000E-03 -6.312596077E+00 0.000000000E+00 3.703493495E+02
3.355660000E-03 -6.273032840E+00 0.000000000E+00 3.694653213E+02
3.358660000E-03 -6.258405795E+00 0.000000000E+00 3.691353099E+02
3.363910000E-03 -6.232730911E+00 0.000000000E+00 3.685592064E+02
3.367850000E-03 -6.213720656E+00 0.000000000E+00 3.681280342E+02
3.373760000E-03 -6.185218540E+00 0.000000000E+00 3.674831642E+02
3.376710000E-03 -6.171046937E+00 0.000000000E+00 3.671621193E+02
3.379660000E-03 -6.156913850E+00 0.000000000E+00 3.668416350E+02
3.383980000E-03 -6.136113546E+00 0.000000000E+00 3.663733237E+02
3.386140000E-03 -6.125859709E+00 0.000000000E+00 3.661396162E+02
3.387220000E-03 -6.120625237E+00 0.000000000E+00 3.660228742E+02
3.389320000E-03 -6.110653783E+00 0.000000000E+00 3.657960889E+02
3.391110000E-03 -6.102229681E+00 0.000000000E+00 3.656030031E+02
3.392440000E-03 -6.095972966E+00 0.000000000E+00 3.654596691E+02
3.393820000E-03 -6.089285506E+00 0.000000000E+00 3.653110654E+02
3.395140000E-03 -6.083086196E+00 0.000000000E+00 3.651690357E+02
3.395800000E-03 -6.080103956E+00 0.000000000E+00 3.650980623E+02
3.397480000E-03 -6.072187780E+00 0.000000000E+00 3.649175271E+02
3.404620000E-03 -6.038451683E+00 0.000000000E+00 3.641522402E+02
3.406660000E-03 -6.028885854E+00 0.000000000E+00 3.639341760E+02
3.412780000E-03 -6.000522224E+00 0.000000000E+00 3.632815476E+02
3.416440000E-03 -5.983493087E+00 0.000000000E+00 3.628923675E+02
3.421920000E-03 -5.958209370E+00 0.000000000E+00 3.623112171E+02
3.427410000E-03 -5.932786071E+00 0.000000000E+00 3.617308697E+02
3.433330000E-03 -5.905759559E+00 0.000000000E+00 3.611071467E+02
3.437260000E-03 -5.887740072E+00 0.000000000E+00 3.606942739E+02
3.445410000E-03 -5.850294867E+00 0.000000000E+00 3.598410639E+02
3.453570000E-03 -5.813086540E+00 0.000000000E+00 3.589908414E+02
3.461730000E-03 -5.776373057E+00 0.000000000E+00 3.581446271E+02
3.469890000E-03 -5.739709644E+00 0.000000000E+00 3.573023929E+02
3.476340000E-03 -5.711005125E+00 0.000000000E+00 3.566394541E+02
3.478050000E-03 -5.703533786E+00 0.000000000E+00 3.564641106E+02
3.481270000E-03 -5.689175870E+00 0.000000000E+00 3.561343992E+02
3.487510000E-03 -5.661783251E+00 0.000000000E+00 3.554971885E+02
3.499200000E-03 -5.610439257E+00 0.000000000E+00 3.543095565E+02
3.509430000E-03 -5.565947679E+00 0.000000000E+00 3.532767429E+02
3.527340000E-03 -5.489031053E+00 0.000000000E+00 3.514829872E+02
3.554200000E-03 -5.376049386E+00 0.000000000E+00 3.488267402E+02
3.581060000E-03 -5.263859670E+00 0.000000000E+00 3.462103400E+02
3.589870000E-03 -5.227410195E+00 0.000000000E+00 3.453606955E+02
3.598690000E-03 -5.191411814E+00 0.000000000E+00 3.445142538E+02
3.603090000E-03 -5.173449208E+00 0.000000000E+00 3.440935419E+02
3.607500000E-03 -5.155521639E+00 0.000000000E+00 3.436729037E+02
3.613420000E-03 -5.131522403E+00 0.000000000E+00 3.431098516E+02
3.616310000E-03 -5.119907284E+00 0.000000000E+00 3.428356529E+02
3.620720000E-03 -5.102185829E+00 0.000000000E+00 3.424180826E+02
3.625130000E-03 -5.084532438E+00 0.000000000E+00 3.420015282E+02
3.628960000E-03 -5.069287632E+00 0.000000000E+00 3.416405802E+02
3.632790000E-03 -5.054093555E+00 0.000000000E+00 3.412803933E+02
3.633710000E-03 -5.050427815E+00 0.000000000E+00 3.411939863E+02
3.637280000E-03 -5.036359040E+00 0.000000000E+00 3.408591035E+02
3.640860000E-03 -5.022300699E+00 0.000000000E+00 3.405239421E+02
3.651600000E-03 -4.980188141E+00 0.000000000E+00 3.395224011E+02
3.655190000E-03 -4.966270748E+00 0.000000000E+00 3.391889341E+02
3.664140000E-03 -4.931254150E+00 0.000000000E+00 3.383604338E+02
3.673090000E-03 -4.896311682E+00 0.000000000E+00 3.375359711E+02
3.682050000E-03 -4.861801562E+00 0.000000000E+00 3.367146019E+02
3.687850000E-03 -4.839491201E+00 0.000000000E+00 3.361850401E+02
3.692200000E-03 -4.822831386E+00 0.000000000E+00 3.357889605E+02
3.698730000E-03 -4.797845924E+00 0.000000000E+00 3.351961349E+02
3.702000000E-03 -4.785486483E+00 0.000000000E+00 3.349000540E+02
3.705260000E-03 -4.773192785E+00 0.000000000E+00 3.346053988E+02
3.708900000E-03 -4.759368650E+00 0.000000000E+00 3.342770094E+02
3.713380000E-03 -4.742605137E+00 0.000000000E+00 3.338737215E+02
3.715620000E-03 -4.734151690E+00 0.000000000E+00 3.336724423E+02
3.716740000E-03 -4.729931040E+00 0.000000000E+00 3.335718936E+02
3.717860000E-03 -4.725714438E+00 0.000000000E+00 3.334714056E+02
3.718420000E-03 -4.723607652E+00 0.000000000E+00 3.334211843E+02
3.719470000E-03 -4.719803431E+00 0.000000000E+00 3.333270600E+02
3.721300000E-03 -4.712843208E+00 0.000000000E+00 3.331631419E+02
3.723710000E-03 -4.703925941E+00 0.000000000E+00 3.329475174E+02
3.725260000E-03 -4.698228091E+00 0.000000000E+00 3.328089851E+02
3.726040000E-03 -4.695271509E+00 0.000000000E+00 3.327393157E+02
3.727930000E-03 -4.688357059E+00 0.000000000E+00 3.325706223E+02
3.735760000E-03 -4.659423498E+00 0.000000000E+00 3.318735679E+02
3.738000000E-03 -4.651129425E+00 0.000000000E+00 3.316746923E+02
3.744720000E-03 -4.626530362E+00 0.000000000E+00 3.310794933E+02
3.748270000E-03 -4.613620106E+00 0.000000000E+00 3.307659267E+02
3.753600000E-03 -4.594124865E+00 0.000000000E+00 3.302962489E+02
3.758930000E-03 -4.574530491E+00 0.000000000E+00 3.298279032E+02
3.765340000E-03 -4.551279114E+00 0.000000000E+00 3.292664142E+02
3.771740000E-03 -4.527996987E+00 0.000000000E+00 3.287077052E+02
3.780980000E-03 -4.494725217E+00 0.000000000E+00 3.279044057E+02
3.789480000E-03 -4.464397265E+00 0.000000000E+00 3.271688992E+02
3.798430000E-03 -4.432448374E+00 0.000000000E+00 3.263980118E+02
3.812590000E-03 -4.382170311E+00 0.000000000E+00 3.251857661E+02
3.816340000E-03 -4.369057665E+00 0.000000000E+00 3.248662331E+02
3.821760000E-03 -4.350039595E+00 0.000000000E+00 3.244055095E+02
3.829510000E-03 -4.323000335E+00 0.000000000E+00 3.237489914E+02
3.836410000E-03 -4.298841902E+00 0.000000000E+00 3.231667105E+02
3.845650000E-03 -4.266618028E+00 0.000000000E+00 3.223902331E+02
3.854890000E-03 -4.234641853E+00 0.000000000E+00 3.216174781E+02
3.864130000E-03 -4.202733918E+00 0.000000000E+00 3.208484187E+02
3.873360000E-03 -4.170921040E+00 0.000000000E+00 3.200838548E+02
3.891840000E-03 -4.108144945E+00 0.000000000E+00 3.185639697E+02
3.901080000E-03 -4.076854898E+00 0.000000000E+00 3.178094271E+02
3.910320000E-03 -4.045630355E+00 0.000000000E+00 3.170584505E+02
3.919560000E-03 -4.014643470E+00 0.000000000E+00 3.163110145E+02
3.923060000E-03 -4.002780248E+00 0.000000000E+00 3.160288142E+02
3.930950000E-03 -3.976560131E+00 0.000000000E+00 3.153944975E+02
3.933580000E-03 -3.967857881E+00 0.000000000E+00 3.151836241E+02
3.934100000E-03 -3.966032375E+00 0.000000000E+00 3.151419639E+02
3.936090000E-03 -3.959476823E+00 0.000000000E+00 3.149826351E+02
3.940930000E-03 -3.943388334E+00 0.000000000E+00 3.145957934E+02
3.945780000E-03 -3.927169073E+00 0.000000000E+00 3.142091044E+02
3.953460000E-03 -3.901956901E+00 0.000000000E+00 3.135987211E+02
3.955460000E-03 -3.895311679E+00 0.000000000E+00 3.134401561E+02
3.963150000E-03 -3.870106373E+00 0.000000000E+00 3.128319645E+02
3.965150000E-03 -3.863345519E+00 0.000000000E+00 3.126741737E+02
3.974840000E-03 -3.831297930E+00 0.000000000E+00 3.119119260E+02
3.982660000E-03 -3.805512008E+00 0.000000000E+00 3.112994833E+02
3.992420000E-03 -3.773588550E+00 0.000000000E+00 3.105384704E+02
3.996140000E-03 -3.761395034E+00 0.000000000E+00 3.102493907E+02
4.001720000E-03 -3.743174243E+00 0.000000000E+00 3.098167788E+02
4.007300000E-03 -3.724871815E+00 0.000000000E+00 3.093853717E+02
4.015290000E-03 -3.698709456E+00 0.000000000E+00 3.087697277E+02
4.019290000E-03 -3.685435177E+00 0.000000000E+00 3.084624399E+02
4.023280000E-03 -3.672227597E+00 0.000000000E+00 3.081565290E+02
4.028130000E-03 -3.656259482E+00 0.000000000E+00 3.077854985E+02
4.030550000E-03 -3.648229349E+00 0.000000000E+00 3.076006997E+02
4.032970000E-03 -3.640377630E+00 0.000000000E+00 3.074161226E+02
4.035390000E-03 -3.632379091E+00 0.000000000E+00 3.072317669E+02
4.039030000E-03 -3.620469093E+00 0.000000000E+00 3.069548877E+02
4.041750000E-03 -3.611663527E+00 0.000000000E+00 3.067483145E+02
4.042660000E-03 -3.608617256E+00 0.000000000E+00 3.066792656E+02
4.052350000E-03 -3.577268188E+00 0.000000000E+00 3.059459326E+02
4.054770000E-03 -3.569394760E+00 0.000000000E+00 3.057633355E+02
4.062780000E-03 -3.543548756E+00 0.000000000E+00 3.051605059E+02
4.066880000E-03 -3.530077607E+00 0.000000000E+00 3.048528602E+02
4.071720000E-03 -3.514212795E+00 0.000000000E+00 3.044904856E+02
4.078400000E-03 -3.492286733E+00 0.000000000E+00 3.039917615E+02
4.083410000E-03 -3.476039310E+00 0.000000000E+00 3.036187892E+02
4.090930000E-03 -3.451702159E+00 0.000000000E+00 3.030606732E+02
4.098440000E-03 -3.427534933E+00 0.000000000E+00 3.025053435E+02
4.108530000E-03 -3.394854251E+00 0.000000000E+00 3.017624308E+02
4.113180000E-03 -3.379611346E+00 0.000000000E+00 3.014212847E+02
4.119230000E-03 -3.359746449E+00 0.000000000E+00 3.009785809E+02
4.128980000E-03 -3.328018638E+00 0.000000000E+00 3.002678628E+02
4.132710000E-03 -3.316031308E+00 0.000000000E+00 2.999968544E+02
4.138790000E-03 -3.296416485E+00 0.000000000E+00 2.995561505E+02
4.143840000E-03 -3.280101957E+00 0.000000000E+00 2.991910885E+02
4.148880000E-03 -3.263874634E+00 0.000000000E+00 2.988276354E+02
4.158970000E-03 -3.231597622E+00 0.000000000E+00 2.981026552E+02
4.163080000E-03 -3.218366384E+00 0.000000000E+00 2.978083534E+02
4.169250000E-03 -3.198895893E+00 0.000000000E+00 2.973676321E+02
4.172330000E-03 -3.189055114E+00 0.000000000E+00 2.971481163E+02
4.175420000E-03 -3.179370375E+00 0.000000000E+00 2.969282132E+02
4.183200000E-03 -3.154021551E+00 0.000000000E+00 2.963759801E+02
4.189230000E-03 -3.134240088E+00 0.000000000E+00 2.959493749E+02
4.199320000E-03 -3.101357013E+00 0.000000000E+00 2.952382767E+02
4.209410000E-03 -3.068741334E+00 0.000000000E+00 2.945305874E+02
4.216400000E-03 -3.046193249E+00 0.000000000E+00 2.940423110E+02
4.223400000E-03 -3.023604791E+00 0.000000000E+00 2.935549557E+02
4.233450000E-03 -2.991251081E+00 0.000000000E+00 2.928580708E+02
4.238470000E-03 -2.974446018E+00 0.000000000E+00 2.925112128E+02
4.243490000E-03 -2.957709256E+00 0.000000000E+00 2.921651754E+02
4.250680000E-03 -2.933945715E+00 0.000000000E+00 2.916709797E+02
4.259850000E-03 -2.903772706E+00 0.000000000E+00 2.910431118E+02
4.265540000E-03 -2.885084765E+00 0.000000000E+00 2.906548761E+02
4.271450000E-03 -2.865794482E+00 0.000000000E+00 2.902527245E+02
4.276640000E-03 -2.848180233E+00 0.000000000E+00 2.899004826E+02
4.281840000E-03 -2.829901282E+00 0.000000000E+00 2.895484184E+02
4.286190000E-03 -2.814650274E+00 0.000000000E+00 2.892545594E+02
4.296200000E-03 -2.779711211E+00 0.000000000E+00 2.885806061E+02
4.304180000E-03 -2.752155533E+00 0.000000000E+00 2.880455743E+02
4.314810000E-03 -2.715661016E+00 0.000000000E+00 2.873359429E+02
4.323920000E-03 -2.684611479E+00 0.000000000E+00 2.867305593E+02
4.327780000E-03 -2.671550384E+00 0.000000000E+00 2.864748208E+02
4.333020000E-03 -2.653806803E+00 0.000000000E+00 2.861283816E+02
4.343800000E-03 -2.614962645E+00 0.000000000E+00 2.854182973E+02
4.348650000E-03 -2.597399700E+00 0.000000000E+00 2.850999736E+02
4.360800000E-03 -2.553475844E+00 0.000000000E+00 2.843056320E+02
4.371130000E-03 -2.515120721E+00 0.000000000E+00 2.836337515E+02
4.381450000E-03 -2.475451093E+00 0.000000000E+00 2.829656849E+02
4.386180000E-03 -2.457243496E+00 0.000000000E+00 2.826605383E+02
4.393280000E-03 -2.429782212E+00 0.000000000E+00 2.822037293E+02
4.401220000E-03 -2.398452461E+00 1.031757177E-06 2.816946210E+02
4.414340000E-03 -2.343965324E+00 5.950967024E-06 2.808573875E+02
4.420700000E-03 -2.316768457E+00 1.319569108E-05 2.804533219E+02
4.428000000E-03 -2.284677784E+00 3.167927284E-05 2.799909666E+02
4.444030000E-03 -2.210838212E+00 1.874362940E-04 2.789810150E+02
4.452520000E-03 -2.169141484E+00 4.444703934E-04 2.784490581E+02
4.467310000E-03 -2.090846154E+00 1.759244789E-03 2.775271920E+02
4.471630000E-03 -2.065974853E+00 2.553727716E-03 2.772590755E+02
4.474150000E-03 -2.051035162E+00 3.152291820E-03 2.771029134E+02
4.475790000E-03 -2.041147332E+00 3.608792984E-03 2.770013785E+02
4.485240000E-03 -1.981311367E+00 7.571797762E-03 2.764177614E+02
4.499520000E-03 -1.880302663E+00 2.064763039E-02 2.755405021E+02
4.506660000E-03 -1.824854943E+00 3.238712394E-02 2.751039573E+02
4.513860000E-03 -1.765778105E+00 4.930481710E-02 2.746651425E+02
4.529500000E-03 -1.630123025E+00 1.100243226E-01 2.737167458E+02
4.538090000E-03 -1.554979129E+00 1.604793326E-01 2.731986364E+02
4.540670000E-03 -1.533232040E+00 1.782466722E-01 2.730434055E+02
4.545360000E-03 -1.494873411E+00 2.136914982E-01 2.727616734E+02
4.551370000E-03 -1.449245903E+00 2.648173768E-01 2.724014967E+02
4.554180000E-03 -1.429785394E+00 2.910033427E-01 2.722334207E+02
4.560560000E-03 -1.389951628E+00 3.542381805E-01 2.718525795E+02
4.564520000E-03 -1.369822541E+00 3.962948144E-01 2.716167308E+02
4.570230000E-03 -1.345935811E+00 4.593954521E-01 2.712773755E+02
4.574850000E-03 -1.339684606E+00 5.123223560E-01 2.710034209E+02
4.583250000E-03 -1.327467445E+00 6.080530719E-01 2.705067365E+02
4.588080000E-03 -1.320560718E+00 6.628652436E-01 2.702219665E+02
4.591650000E-03 -1.325854410E+00 7.012564499E-01 2.700118694E+02
4.595610000E-03 -1.331734390E+00 7.438785852E-01 2.697792023E+02
4.600950000E-03 -1.346801424E+00 7.972457508E-01 2.694660885E+02
4.602980000E-03 -1.354337382E+00 8.158584267E-01 2.693472490E+02
4.610910000E-03 -1.387271017E+00 8.847460353E-01 2.688840164E+02
4.622890000E-03 -1.449242193E+00 9.663610972E-01 2.681872162E+02
4.624070000E-03 -1.455779819E+00 9.724848529E-01 2.681187785E+02
4.644890000E-03 -1.571019850E+00 1.050999152E+00 2.669169776E+02
4.653360000E-03 -1.610858974E+00 1.065518522E+00 2.664311379E+02
4.663230000E-03 -1.651596191E+00 1.074251365E+00 2.658672208E+02
4.683910000E-03 -1.716299262E+00 1.073994152E+00 2.646933865E+02
4.715510000E-03 -1.768806877E+00 1.055541356E+00 2.629195994E+02
4.742520000E-03 -1.783306162E+00 1.036817681E+00 2.614221975E+02
4.792910000E-03 -1.759030904E+00 1.003547442E+00 2.586737494E+02
4.833900000E-03 -1.684725244E+00 9.932623749E-01 2.564802747E+02
4.894050000E-03 -1.533396591E+00 1.127823846E+00 2.533280208E+02
4.905120000E-03 -1.528346022E+00 1.175907195E+00 2.527563036E+02
4.918760000E-03 -1.530401732E+00 1.235661487E+00 2.520553961E+02
4.956840000E-03 -1.616455016E+00 1.357667245E+00 2.501190274E+02
5.031660000E-03 -1.786952414E+00 1.363274479E+00 2.463997965E+02
5.080830000E-03 -1.834325727E+00 1.323675061E+00 2.440152495E+02
5.128610000E-03 -1.855014975E+00 1.284987857E+00 2.417419145E+02
5.154000000E-03 -1.859988651E+00 1.265304191E+00 2.405510283E+02
5.201040000E-03 -1.863107347E+00 1.229544513E+00 2.383754018E+02
5.203490000E-03 -1.863047469E+00 1.227703649E+00 2.382631657E+02
5.248080000E-03 -1.857882159E+00 1.194291690E+00 2.362387768E+02
5.339760000E-03 -1.833911669E+00 1.130005129E+00 2.321827198E+02
5.407360000E-03 -1.808514168E+00 1.085549030E+00 2.292800923E+02
5.505960000E-03 -1.762967482E+00 1.024889967E+00 2.251741749E+02
5.571730000E-03 -1.730305387E+00 9.862865308E-01 2.225161664E+02
5.677390000E-03 -1.671116939E+00 9.290895004E-01 2.183749927E+02
5.754400000E-03 -1.627958076E+00 8.893344091E-01 2.154525233E+02
5.825760000E-03 -1.584297917E+00 8.546055548E-01 2.128134355E+02
5.882700000E-03 -1.550398058E+00 8.279074939E-01 2.107535655E+02
5.939630000E-03 -1.517325368E+00 8.020813999E-01 2.087335406E+02
5.982340000E-03 -1.490593387E+00 7.837201109E-01 2.072433195E+02
6.025040000E-03 -1.464371891E+00 7.657922617E-01 2.057745675E+02
6.053510000E-03 -1.447160564E+00 7.540837753E-01 2.048067980E+02
6.067740000E-03 -1.438639223E+00 7.482968403E-01 2.043264873E+02
6.090120000E-03 -1.425309838E+00 7.392940702E-01 2.035756274E+02
6.106900000E-03 -1.415472690E+00 7.326147167E-01 2.030162603E+02
6.112500000E-03 -1.412180668E+00 7.304028451E-01 2.028302658E+02
6.142590000E-03 -1.394490136E+00 7.186552569E-01 2.018366845E+02
6.157630000E-03 -1.385316811E+00 7.129601045E-01 2.013436988E+02
6.172680000E-03 -1.376127284E+00 7.073303756E-01 2.008527900E+02
6.187720000E-03 -1.366937451E+00 7.017422816E-01 2.003645931E+02
6.195250000E-03 -1.362357849E+00 6.989631882E-01 2.001210605E+02
6.202770000E-03 -1.357869794E+00 6.961977579E-01 1.998784414E+02
6.210290000E-03 -1.353328007E+00 6.934505176E-01 1.996364099E+02
6.217810000E-03 -1.348801280E+00 6.907076861E-01 1.993949638E+02
6.225340000E-03 -1.344282015E+00 6.879738663E-01 1.991537812E+02
6.232860000E-03 -1.339853260E+00 6.852534316E-01 1.989135004E+02
6.244140000E-03 -1.333101766E+00 6.811935879E-01 1.985541644E+02
6.251670000E-03 -1.328702078E+00 6.785054069E-01 1.983150102E+02
6.257310000E-03 -1.325383592E+00 6.764930234E-01 1.981362598E+02
6.260130000E-03 -1.323693694E+00 6.754857654E-01 1.980470054E+02
6.261540000E-03 -1.322849534E+00 6.749860849E-01 1.980024084E+02
6.262240000E-03 -1.322465056E+00 6.747408344E-01 1.979802754E+02
6.262600000E-03 -1.322265444E+00 6.746093509E-01 1.979688947E+02
6.262770000E-03 -1.322139372E+00 6.745525113E-01 1.979635209E+02
6.262950000E-03 -1.322005897E+00 6.744867854E-01 1.979578314E+02
6.263070000E-03 -1.321984298E+00 6.744474631E-01 1.979540385E+02
6.263180000E-03 -1.321902738E+00 6.744035598E-01 1.979505619E+02
6.263300000E-03 -1.321813766E+00 6.743642428E-01 1.979467693E+02
6.263410000E-03 -1.321732214E+00 6.743203444E-01 1.979432929E+02
6.278000000E-03 -1.313166373E+00 6.691833264E-01 1.974832749E+02
6.281760000E-03 -1.310933911E+00 6.678801282E-01 1.973650697E+02
6.293040000E-03 -1.304258594E+00 6.639870036E-01 1.970113014E+02
6.300560000E-03 -1.299826695E+00 6.614042443E-01 1.967761596E+02
6.308090000E-03 -1.295402088E+00 6.588298169E-01 1.965412668E+02
6.315610000E-03 -1.290999290E+00 6.562678589E-01 1.963072451E+02
6.323130000E-03 -1.286610927E+00 6.537162166E-01 1.960737799E+02
6.330650000E-03 -1.282236939E+00 6.511754989E-01 1.958408694E+02
6.338180000E-03 -1.277870073E+00 6.486422871E-01 1.956082030E+02
6.353220000E-03 -1.269127943E+00 6.436104129E-01 1.951451390E+02
6.368270000E-03 -1.260500965E+00 6.386174286E-01 1.946839566E+02
6.383310000E-03 -1.251937076E+00 6.336669545E-01 1.942252530E+02
6.413400000E-03 -1.234518368E+00 6.239327390E-01 1.933139988E+02
6.419740000E-03 -1.230876599E+00 6.219019043E-01 1.931230860E+02
6.432360000E-03 -1.223664548E+00 6.178785082E-01 1.927441872E+02
6.444890000E-03 -1.216553729E+00 6.139116972E-01 1.923694586E+02
6.469750000E-03 -1.202204292E+00 6.061921550E-01 1.916302794E+02
6.494220000E-03 -1.188271989E+00 5.986914879E-01 1.909082230E+02
6.518310000E-03 -1.174739968E+00 5.914011257E-01 1.902026752E+02
6.569010000E-03 -1.146628727E+00 5.763508562E-01 1.887346800E+02
6.616450000E-03 -1.120424129E+00 5.627398310E-01 1.873814508E+02
6.656180000E-03 -1.098527270E+00 5.517026225E-01 1.862629917E+02
6.699290000E-03 -1.075198426E+00 5.399756053E-01 1.850643874E+02
6.741400000E-03 -1.052785332E+00 5.287668408E-01 1.839083870E+02
6.821980000E-03 -1.010086269E+00 5.083114835E-01 1.817360942E+02
6.897850000E-03 -9.709440399E-01 4.898791105E-01 1.797371645E+02
7.011510000E-03 -9.141748726E-01 4.637976255E-01 1.768235373E+02
7.098160000E-03 -8.719226346E-01 4.450516523E-01 1.746649836E+02
7.156770000E-03 -8.440198847E-01 4.328521258E-01 1.732345737E+02
7.211710000E-03 -8.181144037E-01 4.218766363E-01 1.719148441E+02
7.314730000E-03 -7.709675668E-01 4.021135216E-01 1.694936108E+02
7.404860000E-03 -7.308177966E-01 3.857790272E-01 1.674305794E+02
7.483740000E-03 -6.966002536E-01 3.721576729E-01 1.656658302E+02
7.552750000E-03 -6.674059956E-01 3.606776116E-01 1.641521300E+02
7.613140000E-03 -6.422436925E-01 3.510725116E-01 1.628500198E+02
7.665970000E-03 -6.206311328E-01 3.429082593E-01 1.617277396E+02
7.742950000E-03 -5.899335043E-01 3.313515765E-01 1.601198510E+02
7.797030000E-03 -5.687370803E-01 3.235920749E-01 1.590092638E+02
7.850000000E-03 -5.482380261E-01 3.162167976E-01 1.579363057E+02
7.896460000E-03 -5.305816973E-01 3.098867358E-01 1.570070639E+02
7.933290000E-03 -5.168233006E-01 3.049583766E-01 1.562781645E+02
7.957440000E-03 -5.078391742E-01 3.018149395E-01 1.558038766E+02
7.977040000E-03 -5.006462781E-01 2.992877407E-01 1.554210584E+02
8.006440000E-03 -4.897280982E-01 2.955364748E-01 1.548503455E+02
8.028490000E-03 -4.811873046E-01 2.927540751E-01 1.544250538E+02
8.035840000E-03 -4.783562092E-01 2.918324028E-01 1.542838085E+02
8.045730000E-03 -4.745606658E-01 2.905972620E-01 1.540941593E+02
8.075400000E-03 -4.631777187E-01 2.869580851E-01 1.535279986E+02
8.095180000E-03 -4.556731214E-01 2.845568306E-01 1.531528638E+02
8.114950000E-03 -4.481876502E-01 2.821766464E-01 1.527797460E+02
8.134730000E-03 -4.407940633E-01 2.798207158E-01 1.524082545E+02
8.144620000E-03 -4.370978593E-01 2.786558568E-01 1.522231854E+02
8.154510000E-03 -4.334153369E-01 2.774958223E-01 1.520385652E+02
8.164400000E-03 -4.297067767E-01 2.763405871E-01 1.518543922E+02
8.174290000E-03 -4.260515150E-01 2.751901274E-01 1.516706650E+02
8.184180000E-03 -4.224097347E-01 2.740448128E-01 1.514873818E+02
8.194070000E-03 -4.187813703E-01 2.729038287E-01 1.513045410E+02
8.208910000E-03 -4.133425048E-01 2.712006350E-01 1.510310139E+02
8.216320000E-03 -4.106377625E-01 2.703538365E-01 1.508948045E+02
8.224980000E-03 -4.075125548E-01 2.693679602E-01 1.507359288E+02
8.229300000E-03 -4.059571297E-01 2.688772023E-01 1.506567995E+02
8.230380000E-03 -4.055491525E-01 2.687547479E-01 1.506370301E+02
8.231200000E-03 -4.052691222E-01 2.686621931E-01 1.506220235E+02
8.231500000E-03 -4.051276850E-01 2.686277875E-01 1.506165340E+02
8.231630000E-03 -4.050833046E-01 2.686130620E-01 1.506141554E+02
8.232130000E-03 -4.049126278E-01 2.685562524E-01 1.506050075E+02
8.232880000E-03 -4.046566684E-01 2.684714496E-01 1.505912876E+02
8.233260000E-03 -4.044880194E-01 2.684287323E-01 1.505843372E+02
8.234250000E-03 -4.041503175E-01 2.683166326E-01 1.505662325E+02
8.253410000E-03 -3.972505073E-01 2.661558319E-01 1.502166983E+02
8.258350000E-03 -3.954631229E-01 2.656011067E-01 1.501268413E+02
8.273190000E-03 -3.901910930E-01 2.639432309E-01 1.498575519E+02
8.283080000E-03 -3.866421598E-01 2.628521883E-01 1.496786220E+02
8.292970000E-03 -3.831446215E-01 2.617671333E-01 1.495001188E+02
8.302860000E-03 -3.796214621E-01 2.606868825E-01 1.493220408E+02
8.312750000E-03 -3.761493937E-01 2.596106462E-01 1.491443866E+02
8.322640000E-03 -3.726517664E-01 2.585391682E-01 1.489671547E+02
8.332530000E-03 -3.691668553E-01 2.574716615E-01 1.487903434E+02
8.352310000E-03 -3.622728324E-01 2.553666731E-01 1.484379770E+02
8.372080000E-03 -3.553564219E-01 2.532932375E-01 1.480874526E+02
8.391860000E-03 -3.485243045E-01 2.512358840E-01 1.477384036E+02
8.411640000E-03 -3.417040330E-01 2.491946848E-01 1.473909963E+02
8.431420000E-03 -3.349700230E-01 2.471702240E-01 1.470452190E+02
8.444120000E-03 -3.306608960E-01 2.458790592E-01 1.468240622E+02
8.468720000E-03 -3.223518525E-01 2.433964704E-01 1.463975666E+02
8.491790000E-03 -3.146634955E-01 2.410909147E-01 1.459998422E+02
8.535040000E-03 -3.003213574E-01 2.368856868E-01 1.452600105E+02
8.572880000E-03 -2.879326329E-01 2.332929948E-01 1.446188445E+02
8.639100000E-03 -2.665994769E-01 2.271347945E-01 1.435103194E+02
8.688770000E-03 -2.509693143E-01 2.226208635E-01 1.426899319E+02
8.763270000E-03 -2.280000782E-01 2.160237301E-01 1.414768688E+02
8.887800000E-03 -1.906172031E-01 2.056551649E-01 1.394945881E+02
8.931550000E-03 -1.778551139E-01 2.021507506E-01 1.388112926E+02
8.953430000E-03 -1.715448654E-01 2.004204561E-01 1.384720716E+02
8.975300000E-03 -1.652846727E-01 1.987047256E-01 1.381346585E+02
8.997180000E-03 -1.590362012E-01 1.970031770E-01 1.377987325E+02
9.062810000E-03 -1.405725403E-01 1.920273773E-01 1.368008377E+02
9.084680000E-03 -1.344791657E-01 1.904064357E-01 1.364715103E+02
9.097920000E-03 -1.308283546E-01 1.894317908E-01 1.362729063E+02
9.106560000E-03 -1.284604917E-01 1.887980981E-01 1.361436152E+02
9.128440000E-03 -1.224546982E-01 1.872029743E-01 1.358172919E+02
9.142700000E-03 -1.185765753E-01 1.861701481E-01 1.356054557E+02
9.169460000E-03 -1.113342185E-01 1.842473497E-01 1.352097070E+02
9.187490000E-03 -1.065069395E-01 1.829731874E-01 1.349443646E+02
9.209880000E-03 -1.003856137E-01 1.814028405E-01 1.346163034E+02
9.237820000E-03 -9.262440896E-02 1.794616544E-01 1.342091532E+02
9.257440000E-03 -8.722693487E-02 1.781161022E-01 1.339247135E+02
9.277060000E-03 -8.186529839E-02 1.767956705E-01 1.336414769E+02
9.299460000E-03 -7.577339151E-02 1.753004206E-01 1.333195691E+02
9.321850000E-03 -6.969935336E-02 1.738175524E-01 1.329993510E+02
9.344240000E-03 -6.370137850E-02 1.723471694E-01 1.326806674E+02
9.366640000E-03 -5.774620467E-02 1.708881766E-01 1.323633662E+02
9.389030000E-03 -5.180794057E-02 1.694417889E-01 1.320477195E+02
9.433820000E-03 -4.012158003E-02 1.665836841E-01 1.314207818E+02
9.454530000E-03 -3.474191991E-02 1.653047157E-01 1.311329067E+02
9.476920000E-03 -2.897550762E-02 1.639353832E-01 1.308230944E+02
9.499310000E-03 -2.325190084E-02 1.625768161E-01 1.305147426E+02
9.544080000E-03 -1.190456566E-02 1.598930501E-01 1.299025155E+02
9.598210000E-03 1.571057164E-03 1.567058053E-01 1.291699181E+02
9.669180000E-03 1.888776310E-02 1.526243695E-01 1.282218347E+02
9.745290000E-03 3.707492053E-02 1.484293350E-01 1.272204316E+02
9.793270000E-03 4.833349027E-02 1.458692865E-01 1.265971427E+02
9.818180000E-03 5.411601562E-02 1.445572739E-01 1.262759493E+02
9.842170000E-03 5.962192999E-02 1.433041773E-01 1.259681554E+02
9.914130000E-03 7.593945836E-02 1.396080583E-01 1.250538373E+02
9.941760000E-03 8.211149683E-02 1.382132842E-01 1.247062894E+02
9.962110000E-03 8.660337654E-02 1.371975152E-01 1.244515469E+02
9.986100000E-03 9.188782329E-02 1.360185754E-01 1.241525721E+02
1.001380000E-02 9.795919251E-02 1.346774891E-01 1.238091434E+02
1.008580000E-02 1.134943170E-01 1.312677460E-01 1.229253009E+02
1.010600000E-02 1.177851828E-01 1.303240129E-01 1.226795963E+02
1.013000000E-02 1.228619968E-01 1.292139797E-01 1.223889437E+02
1.015400000E-02 1.279007248E-01 1.281127165E-01 1.220996652E+02
1.017800000E-02 1.329017393E-01 1.270203912E-01 1.218117508E+02
1.022600000E-02 1.427667978E-01 1.248649785E-01 1.212399765E+02
1.027140000E-02 1.520065601E-01 1.228772532E-01 1.207040910E+02
1.029600000E-02 1.569764119E-01 1.218282778E-01 1.204156954E+02
1.032070000E-02 1.618999986E-01 1.207840660E-01 1.201275107E+02
1.045770000E-02 1.901919628E-01 1.151470273E-01 1.185537929E+02
1.055500000E-02 2.124078489E-01 1.113883717E-01 1.174609190E+02
1.069710000E-02 2.509097180E-01 1.102817222E-01 1.159005712E+02
1.080650000E-02 2.795568030E-01 1.251369456E-01 1.147272475E+02
1.098790000E-02 2.858975979E-01 1.471804018E-01 1.128332074E+02
1.169100000E-02 3.488642718E-01 1.108214755E-01 1.060473869E+02
1.262480000E-02 4.565662404E-01 7.652580773E-02 9.820353590E+01
1.366690000E-02 5.601376680E-01 5.248349331E-02 9.071552437E+01
1.482570000E-02 6.511143354E-01 3.588649923E-02 8.362505649E+01
1.616090000E-02 7.385633298E-01 2.423303594E-02 7.671602448E+01
1.682650000E-02 7.741749184E-01 2.025984525E-02 7.368139542E+01
1.707360000E-02 7.861858889E-01 1.900816696E-02 7.261503139E+01
1.758900000E-02 8.126804758E-01 1.670070687E-02 7.048723634E+01
1.798130000E-02 8.317596229E-01 1.519108995E-02 6.894940855E+01
1.827560000E-02 8.451111904E-01 1.417992689E-02 6.783908599E+01
1.849770000E-02 8.546866748E-01 1.347678355E-02 6.702454900E+01
1.870630000E-02 8.633100041E-01 1.286005344E-02 6.627713658E+01
1.892000000E-02 8.717777284E-01 1.227459121E-02 6.552854123E+01
1.905460000E-02 8.769314380E-01 1.192082013E-02 6.506565344E+01
1.910560000E-02 8.788474867E-01 1.179195109E-02 6.489196885E+01
1.925260000E-02 8.842700732E-01 1.143209167E-02 6.439649710E+01
1.939400000E-02 8.893455257E-01 1.109749063E-02 6.392698773E+01
1.948830000E-02 8.926546605E-01 1.088011998E-02 6.361765777E+01
1.953560000E-02 8.942888536E-01 1.077285506E-02 6.346362538E+01
1.958360000E-02 8.959366455E-01 1.066587359E-02 6.330807410E+01
1.963150000E-02 8.975617038E-01 1.056094462E-02 6.315360518E+01
1.967950000E-02 8.991800421E-01 1.045850951E-02 6.299956808E+01
1.972750000E-02 9.007838618E-01 1.035735257E-02 6.284628057E+01
1.977540000E-02 9.023655709E-01 1.025769777E-02 6.269405423E+01
1.986560000E-02 9.053129604E-01 1.007260340E-02 6.240939111E+01
1.991270000E-02 9.068335392E-01 9.977483375E-03 6.226177264E+01
1.995990000E-02 9.083351210E-01 9.883247943E-03 6.211453965E+01
2.000700000E-02 9.098292882E-01 9.789821502E-03 6.196831109E+01
2.006320000E-02 9.115944293E-01 9.680226146E-03 6.179472866E+01
2.008620000E-02 9.123077548E-01 9.636254896E-03 6.172396969E+01
2.018510000E-02 9.153510930E-01 9.452472088E-03 6.142154361E+01
2.023450000E-02 9.168484097E-01 9.362671535E-03 6.127159060E+01
2.028400000E-02 9.183393910E-01 9.273541156E-03 6.112206665E+01
2.033520000E-02 9.198622207E-01 9.182097010E-03 6.096817341E+01
2.037450000E-02 9.212598250E-01 9.112900267E-03 6.085057302E+01
2.041560000E-02 9.226989588E-01 9.040987732E-03 6.072807069E+01
2.044870000E-02 9.238592087E-01 8.983488266E-03 6.062977109E+01
2.046520000E-02 9.244299917E-01 8.954935543E-03 6.058088853E+01
2.048370000E-02 9.250703736E-01 8.923019285E-03 6.052617447E+01
2.050680000E-02 9.258675953E-01 8.883506970E-03 6.045799442E+01
2.053120000E-02 9.267083287E-01 8.842779032E-03 6.038614401E+01
2.058100000E-02 9.284041525E-01 8.760164395E-03 6.024002721E+01
2.063000000E-02 9.300604230E-01 8.680717464E-03 6.009694619E+01
2.063740000E-02 9.303091556E-01 8.668845996E-03 6.007539709E+01
2.067950000E-02 9.317174814E-01 8.601570130E-03 5.995309364E+01
2.069130000E-02 9.321101883E-01 8.582810631E-03 5.991890311E+01
2.071330000E-02 9.328457222E-01 8.547893750E-03 5.985526208E+01
2.075200000E-02 9.341209076E-01 8.486827746E-03 5.974363917E+01
2.080990000E-02 9.360128216E-01 8.396211521E-03 5.957741267E+01
2.086780000E-02 9.378908513E-01 8.306954492E-03 5.941210861E+01
2.096840000E-02 9.412746710E-01 8.154759444E-03 5.912706740E+01
2.102560000E-02 9.432737840E-01 8.072305549E-03 5.896621262E+01
2.105030000E-02 9.441345234E-01 8.036969947E-03 5.889702285E+01
2.107500000E-02 9.449913858E-01 8.001777726E-03 5.882799526E+01
2.116940000E-02 9.482174597E-01 7.868587014E-03 5.856566554E+01
2.121960000E-02 9.499120458E-01 7.798764322E-03 5.842711455E+01
2.126990000E-02 9.515916849E-01 7.729731793E-03 5.828894353E+01
2.132010000E-02 9.532556109E-01 7.661335008E-03 5.815169722E+01
2.140000000E-02 9.558721589E-01 7.553732975E-03 5.793457944E+01
2.141100000E-02 9.562288224E-01 7.539285534E-03 5.790481528E+01
2.142060000E-02 9.565387798E-01 7.526711465E-03 5.787886427E+01
2.146370000E-02 9.579294257E-01 7.470581966E-03 5.776264111E+01
2.151640000E-02 9.596139135E-01 7.403773306E-03 5.762116339E+01
2.156910000E-02 9.612824608E-01 7.337584404E-03 5.748037702E+01
2.162180000E-02 9.629352404E-01 7.272178193E-03 5.734027694E+01
2.167450000E-02 9.645724229E-01 7.207433097E-03 5.720085815E+01
2.172720000E-02 9.661941766E-01 7.143285825E-03 5.706211569E+01
2.178990000E-02 9.680974154E-01 7.067666629E-03 5.689792060E+01
2.183260000E-02 9.693865155E-01 7.016870155E-03 5.678664016E+01
2.188530000E-02 9.709629983E-01 6.954753693E-03 5.664989742E+01
2.193800000E-02 9.725247045E-01 6.893536824E-03 5.651381165E+01
2.199070000E-02 9.741974976E-01 6.833591352E-03 5.637837813E+01
2.204340000E-02 9.759960508E-01 6.774302832E-03 5.624359219E+01
2.209610000E-02 9.777777596E-01 6.716530068E-03 5.610944918E+01
2.214880000E-02 9.795481907E-01 6.659337551E-03 5.597594452E+01
2.220150000E-02 9.812967200E-01 6.602558115E-03 5.584307367E+01
2.225420000E-02 9.830289356E-01 6.546294553E-03 5.571083211E+01
2.230690000E-02 9.847503216E-01 6.490488354E-03 5.557921540E+01
2.233900000E-02 9.857845377E-01 6.456807059E-03 5.549935091E+01
2.235960000E-02 9.864503998E-01 6.435346392E-03 5.544821911E+01
2.244890000E-02 9.892956868E-01 6.344442768E-03 5.522765035E+01
2.246500000E-02 9.898033141E-01 6.328282157E-03 5.518807033E+01
2.250390000E-02 9.910284758E-01 6.289356816E-03 5.509267283E+01
2.256030000E-02 9.927817654E-01 6.233386988E-03 5.495494298E+01
2.261390000E-02 9.944388159E-01 6.181442165E-03 5.482468747E+01
2.265950000E-02 9.958304392E-01 6.137593453E-03 5.471435822E+01
2.270500000E-02 9.972468035E-01 6.094049187E-03 5.460471262E+01
2.274190000E-02 9.984719990E-01 6.059009352E-03 5.451611343E+01
2.277880000E-02 9.996943703E-01 6.024520965E-03 5.442780129E+01
2.283380000E-02 1.001865509E+00 5.973532432E-03 5.429670051E+01
2.288880000E-02 1.004041033E+00 5.923518771E-03 5.416622977E+01
2.294380000E-02 1.006195700E+00 5.874367323E-03 5.403638456E+01
2.299880000E-02 1.008324738E+00 5.825567758E-03 5.390716037E+01
2.304330000E-02 1.010034763E+00 5.786862579E-03 5.380305772E+01
2.308770000E-02 1.011731656E+00 5.748610785E-03 5.369958896E+01
2.314240000E-02 1.013798323E+00 5.701826367E-03 5.357266316E+01
2.316370000E-02 1.014600518E+00 5.683759085E-03 5.352340084E+01
2.319790000E-02 1.015873765E+00 5.654783153E-03 5.344449282E+01
2.321870000E-02 1.016649370E+00 5.637253258E-03 5.339661566E+01
2.327370000E-02 1.018683595E+00 5.591123034E-03 5.327042971E+01
2.331090000E-02 1.020044280E+00 5.560208435E-03 5.318541970E+01
2.332870000E-02 1.020693616E+00 5.545947442E-03 5.314483876E+01
2.336210000E-02 1.021908103E+00 5.519205133E-03 5.306885939E+01
2.341340000E-02 1.023755246E+00 5.478508341E-03 5.295258271E+01
2.344240000E-02 1.024793079E+00 5.455631607E-03 5.288707641E+01
2.349820000E-02 1.026776833E+00 5.411849659E-03 5.276148811E+01
2.356770000E-02 1.029217288E+00 5.358422082E-03 5.260589705E+01
2.360350000E-02 1.030599395E+00 5.331221061E-03 5.252610842E+01
2.363730000E-02 1.032148711E+00 5.305767319E-03 5.245099906E+01
2.366630000E-02 1.033495094E+00 5.283994974E-03 5.238672712E+01
2.371160000E-02 1.035633085E+00 5.250379892E-03 5.228664451E+01
2.378000000E-02 1.038961883E+00 5.201804011E-03 5.213624895E+01
2.383290000E-02 1.041627569E+00 5.167756011E-03 5.202052625E+01
2.390780000E-02 1.045593572E+00 5.133438569E-03 5.185755277E+01
2.399840000E-02 1.050807545E+00 5.160790940E-03 5.166177745E+01
2.408850000E-02 1.056627504E+00 5.418239128E-03 5.146854308E+01
2.417120000E-02 1.062687179E+00 6.166116684E-03 5.129244721E+01
2.425690000E-02 1.069688181E+00 7.976902457E-03 5.111123021E+01
2.434960000E-02 1.077619516E+00 1.183229547E-02 5.091664750E+01
2.447570000E-02 1.087009090E+00 2.093816980E-02 5.065432245E+01
2.453870000E-02 1.090166572E+00 2.682980035E-02 5.052427390E+01
2.460680000E-02 1.092112649E+00 3.346152845E-02 5.038444658E+01
2.466070000E-02 1.092818679E+00 3.851812188E-02 5.027432311E+01
2.475940000E-02 1.091592939E+00 4.622804796E-02 5.007391132E+01
2.481170000E-02 1.090357136E+00 4.922115473E-02 4.996836170E+01
2.500940000E-02 1.086931246E+00 5.484122645E-02 4.957336042E+01
2.510410000E-02 1.087329288E+00 5.605380280E-02 4.938635522E+01
2.516530000E-02 1.088365778E+00 5.699515497E-02 4.926625154E+01
2.521270000E-02 1.089422551E+00 5.803547281E-02 4.917363075E+01
2.531470000E-02 1.092547323E+00 6.133348148E-02 4.897549645E+01
2.538180000E-02 1.094056624E+00 6.438854081E-02 4.884602353E+01
2.543560000E-02 1.094717246E+00 6.721717505E-02 4.874270707E+01
2.549610000E-02 1.094548816E+00 7.058227276E-02 4.862704492E+01
2.552750000E-02 1.094462373E+00 7.231989011E-02 4.856723142E+01
2.556050000E-02 1.093943528E+00 7.408601333E-02 4.850452847E+01
2.558380000E-02 1.093437330E+00 7.526835417E-02 4.846035382E+01
2.562660000E-02 1.092324586E+00 7.728823501E-02 4.837941826E+01
2.565000000E-02 1.091589775E+00 7.827051134E-02 4.833528265E+01
2.566060000E-02 1.091341522E+00 7.871001255E-02 4.831531609E+01
2.568280000E-02 1.090774965E+00 7.955732079E-02 4.827355273E+01
2.571030000E-02 1.090021098E+00 8.049119313E-02 4.822191884E+01
2.573130000E-02 1.089407166E+00 8.112312098E-02 4.818256365E+01
2.576130000E-02 1.088525986E+00 8.190366225E-02 4.812645325E+01
2.580000000E-02 1.087394996E+00 8.270560488E-02 4.805426357E+01
2.581520000E-02 1.086958964E+00 8.294376469E-02 4.802596920E+01
2.596500000E-02 1.083222040E+00 8.419429710E-02 4.774889274E+01
2.610080000E-02 1.081043082E+00 8.421279761E-02 4.750045976E+01
2.625000000E-02 1.079986347E+00 8.409440692E-02 4.723047619E+01
2.660730000E-02 1.079935790E+00 8.375132330E-02 4.659623487E+01
2.692060000E-02 1.081361054E+00 8.381840681E-02 4.605395125E+01
2.740000000E-02 1.085051850E+00 8.448223204E-02 4.524817518E+01
2.830000000E-02 1.094559064E+00 8.762974850E-02 4.380918728E+01
2.951210000E-02 1.109003899E+00 9.531498827E-02 4.200988747E+01
3.069900000E-02 1.122818043E+00 1.061269833E-01 4.038568032E+01
3.200000000E-02 1.136256629E+00 1.215427712E-01 3.874375000E+01
3.364080000E-02 1.149362308E+00 1.449928874E-01 3.685405817E+01
3.548370000E-02 1.157207032E+00 1.760552918E-01 3.493998653E+01
3.745470000E-02 1.155262985E+00 2.125853208E-01 3.310131973E+01
3.900000000E-02 1.145513903E+00 2.410791370E-01 3.178974359E+01
4.085540000E-02 1.124357003E+00 2.726226641E-01 3.034604973E+01
4.222900000E-02 1.103575224E+00 2.920420246E-01 2.935897132E+01
4.357130000E-02 1.079212600E+00 3.068445818E-01 2.845451019E+01
4.466840000E-02 1.057192290E+00 3.151106422E-01 2.775563933E+01
4.571180000E-02 1.035471027E+00 3.198590322E-01 2.712209976E+01
4.650000000E-02 1.018858609E+00 3.212857671E-01 2.666236559E+01
4.690760000E-02 1.010301590E+00 3.212952669E-01 2.643068501E+01
4.731510000E-02 1.001812236E+00 3.209417095E-01 2.620305146E+01
4.800000000E-02 9.877712895E-01 3.192140836E-01 2.582916667E+01
5.001510000E-02 9.492428055E-01 3.081461155E-01 2.478851387E+01
5.350000000E-02 8.961524035E-01 2.728497254E-01 2.317383178E+01
5.676710000E-02 8.640713426E-01 2.306404920E-01 2.184011514E+01
6.061880000E-02 8.457412825E-01 1.801545546E-01 2.045240091E+01
6.456540000E-02 8.429076766E-01 1.342376316E-01 1.920223525E+01
6.839890000E-02 8.501472459E-01 9.784090942E-02 1.812602249E+01
7.328250000E-02 8.663503018E-01 6.351704883E-02 1.691809095E+01
7.797080000E-02 8.842176195E-01 4.120748126E-02 1.590082441E+01
8.044750000E-02 8.936505737E-01 3.266909901E-02 1.541129308E+01
8.119850000E-02 8.965243156E-01 3.044495929E-02 1.526875496E+01
8.218960000E-02 9.004752120E-01 2.776459326E-02 1.508463358E+01
8.295920000E-02 9.038144134E-01 2.614246951E-02 1.494469571E+01
8.464530000E-02 9.092733859E-01 2.494881365E-02 1.464700344E+01
8.741880000E-02 9.155881270E-01 2.018755460E-02 1.418230404E+01
8.858200000E-02 9.185985161E-01 1.832305579E-02 1.399607144E+01
8.955920000E-02 9.212562334E-01 1.696492327E-02 1.384335724E+01
9.225800000E-02 9.272891127E-01 1.487596177E-02 1.343840101E+01
9.720000000E-02 9.364081442E-01 1.035426981E-02 1.275514403E+01
1.018330000E-01 9.441120761E-01 7.459964182E-03 1.217483527E+01
1.063840000E-01 9.505763701E-01 5.557145755E-03 1.165400812E+01
1.110550000E-01 9.562507536E-01 4.262179452E-03 1.116383774E+01
1.158750000E-01 9.612146590E-01 3.397304856E-03 1.069946063E+01
1.205770000E-01 9.653551762E-01 2.859948174E-03 1.028222630E+01
1.213430000E-01 9.659744739E-01 2.793330694E-03 1.021731785E+01
1.220320000E-01 9.665182323E-01 2.737544099E-03 1.015963026E+01
1.232190000E-01 9.674302011E-01 2.650500211E-03 1.006175996E+01
1.240580000E-01 9.680655403E-01 2.595502393E-03 9.993712618E+00
1.258060000E-01 9.693839888E-01 2.506877442E-03 9.854855889E+00
1.280000000E-01 9.709638389E-01 2.669267745E-03 9.685937500E+00
1.295150000E-01 9.717600201E-01 2.807721300E-03 9.572636374E+00
1.380380000E-01 9.758992293E-01 2.621540880E-03 8.981584781E+00
1.531090000E-01 9.813468196E-01 2.510872795E-03 8.097499167E+00
1.883650000E-01 9.883524669E-01 2.375177233E-03 6.581902158E+00
2.230680000E-01 9.918737235E-01 2.080571961E-03 5.557946456E+00
2.630270000E-01 9.942582916E-01 1.688369895E-03 4.713584537E+00
3.127460000E-01 9.961133817E-01 1.269513337E-03 3.964239351E+00
3.600000000E-01 9.973484627E-01 9.626098296E-04 3.443888889E+00
3.912910000E-01 9.980454248E-01 8.085180551E-04 3.168485858E+00
4.117570000E-01 9.985000068E-01 7.223460530E-04 3.010999206E+00
4.253530000E-01 9.988249179E-01 6.709514360E-04 2.914755509E+00
4.373660000E-01 9.991499463E-01 6.291836829E-04 2.834696799E+00
4.441520000E-01 9.993655471E-01 6.074557215E-04 2.791386732E+00
4.492080000E-01 9.995619576E-01 6.007323295E-04 2.759968656E+00
4.537600000E-01 9.997624055E-01 6.154660267E-04 2.732281382E+00
4.562780000E-01 9.998831387E-01 6.307157962E-04 2.717203109E+00
4.576240000E-01 9.999523437E-01 6.413571414E-04 2.709211055E+00
4.582170000E-01 9.999840885E-01 6.469124912E-04 2.705704939E+00
4.585000000E-01 9.999994594E-01 6.497426200E-04 2.704034896E+00
4.591830000E-01 1.000037518E+00 6.573956533E-04 2.700012849E+00
4.605000000E-01 1.000113781E+00 6.752304178E-04 2.692290988E+00
4.628850000E-01 1.000261280E+00 7.211234449E-04 2.678419046E+00
4.660150000E-01 1.000469657E+00 8.157295681E-04 2.660429385E+00
4.689870000E-01 1.000673775E+00 9.539365561E-04 2.643570078E+00
4.721000000E-01 1.000874130E+00 1.158229639E-03 2.626138530E+00
4.755000000E-01 1.001048371E+00 1.447330221E-03 2.607360673E+00
4.809000000E-01 1.001169795E+00 1.998911831E-03 2.578082761E+00
4.839290000E-01 1.001138076E+00 2.317672931E-03 2.561946071E+00
4.880000000E-01 1.000986417E+00 2.711919888E-03 2.540573770E+00
4.907000000E-01 1.000842542E+00 2.932691533E-03 2.526594661E+00
4.945000000E-01 1.000587874E+00 3.174038726E-03 2.507178969E+00
5.000000000E-01 1.000182614E+00 3.378593989E-03 2.479600000E+00
5.020000000E-01 1.000038166E+00 3.413291936E-03 2.469721116E+00
5.050000000E-01 9.998350689E-01 3.435155826E-03 2.455049505E+00
5.080000000E-01 9.996510396E-01 3.425643556E-03 2.440551181E+00
5.135000000E-01 9.993714683E-01 3.359870744E-03 2.414410906E+00
5.217500000E-01 9.990755922E-01 3.207435701E-03 2.376233828E+00
5.323110000E-01 9.988395955E-01 3.008485082E-03 2.329089574E+00
5.473620000E-01 9.986344224E-01 2.759702485E-03 2.265045801E+00
5.669970000E-01 9.984922904E-01 2.477313780E-03 2.186607689E+00
6.004910000E-01 9.984227341E-01 2.085500547E-03 2.064643767E+00
6.381790000E-01 9.984795152E-01 1.743105570E-03 1.942715132E+00
6.549620000E-01 9.985782817E-01 1.633285692E-03 1.892934247E+00
6.648000000E-01 9.986236728E-01 1.657952066E-03 1.864921781E+00
6.800520000E-01 9.985717293E-01 1.621977378E-03 1.823095881E+00
7.016660000E-01 9.985895596E-01 1.522087051E-03 1.766937546E+00
7.300000000E-01 9.985633227E-01 1.396384269E-03 1.698356164E+00
7.747500000E-01 9.986122416E-01 1.174781760E-03 1.600258148E+00
8.005770000E-01 9.986697257E-01 1.068094161E-03 1.548633048E+00
8.155490000E-01 9.987023284E-01 1.040709947E-03 1.520202955E+00
8.414210000E-01 9.987171627E-01 9.582706579E-04 1.473459778E+00
9.015710000E-01 9.988088558E-01 7.764688204E-04 1.375155146E+00
9.942600000E-01 9.989584067E-01 5.730185735E-04 1.246957536E+00
1.084510000E+00 9.990906427E-01 4.347830917E-04 1.143189090E+00
1.205570000E+00 9.992399734E-01 3.089759477E-04 1.028393208E+00
1.345570000E+00 9.993762393E-01 2.154606325E-04 9.213939074E-01
1.529570000E+00 9.995096871E-01 1.406806069E-04 8.105546003E-01
1.770740000E+00 9.996315636E-01 8.577751032E-05 7.001592555E-01
2.055190000E+00 9.997266972E-01 5.157044315E-05 6.032532272E-01
2.387210000E+00 9.997991458E-01 3.073114469E-05 5.193510416E-01
2.760180000E+00 9.998523438E-01 1.850905607E-05 4.491736046E-01
3.105030000E+00 9.998863600E-01 1.222941218E-05 3.992876075E-01
3.349650000E+00 9.999054319E-01 9.350390532E-06 3.701282224E-01
3.500740000E+00 9.999163563E-01 7.993959463E-06 3.541536932E-01
3.604180000E+00 9.999243711E-01 7.206642246E-06 3.439894789E-01
3.653850000E+00 9.999293750E-01 6.980900471E-06 3.393133270E-01
3.671960000E+00 9.999317823E-01 7.247883202E-06 3.376398436E-01
3.686530000E+00 9.999339705E-01 7.941954779E-06 3.363054146E-01
3.700200000E+00 9.999359950E-01 9.185268165E-06 3.350629696E-01
3.716280000E+00 9.999378747E-01 1.140409971E-05 3.336131831E-01
3.742180000E+00 9.999387385E-01 1.559796410E-05 3.313042131E-01
3.762670000E+00 9.999377900E-01 1.798130174E-05 3.295000625E-01
3.785420000E+00 9.999363844E-01 1.907190734E-05 3.275197997E-01
3.824760000E+00 9.999353325E-01 1.891538569E-05 3.241510578E-01
3.869320000E+00 9.999360539E-01 1.825820035E-05 3.204180580E-01
3.906430000E+00 9.999377477E-01 1.842960555E-05 3.173741754E-01
3.942790000E+00 9.999389562E-01 2.007963867E-05 3.144473837E-01
3.980000000E+00 9.999384621E-01 2.165129981E-05 3.115075377E-01
4.027170000E+00 9.999374652E-01 2.155970793E-05 3.078588686E-01
4.090880000E+00 9.999376545E-01 2.046146328E-05 3.030643773E-01
4.152940000E+00 9.999388521E-01 1.951030063E-05 2.985354953E-01
4.211660000E+00 9.999403167E-01 1.974190155E-05 2.943732400E-01
4.258620000E+00 9.999404330E-01 2.009312015E-05 2.911271727E-01
4.326700000E+00 9.999405742E-01 1.930241774E-05 2.865463286E-01
4.423110000E+00 9.999416598E-01 1.789163173E-05 2.803005125E-01
4.554470000E+00 9.999436336E-01 1.614995653E-05 2.722160866E-01
4.695900000E+00 9.999459754E-01 1.449818452E-05 2.640175472E-01
4.885470000E+00 9.999491337E-01 1.259834091E-05 2.537729226E-01
5.051470000E+00 9.999518394E-01 1.118401170E-05 2.454335075E-01
5.306990000E+00 9.999557383E-01 9.375828629E-06 2.336164191E-01
5.524800000E+00 9.999587974E-01 8.115647293E-06 2.244063134E-01
5.733480000E+00 9.999614866E-01 7.103830608E-06 2.162386544E-01
5.982390000E+00 9.999644107E-01 6.098720517E-06 2.072415874E-01
6.216420000E+00 9.999668932E-01 5.311532291E-06 1.994395488E-01
6.456720000E+00 9.999692008E-01 4.632947605E-06 1.920169993E-01
6.695640000E+00 9.999712824E-01 4.063165308E-06 1.851652717E-01
6.837270000E+00 9.999724222E-01 3.767387295E-06 1.813296828E-01
7.038820000E+00 9.999739369E-01 3.391564639E-06 1.761374776E-01
7.170990000E+00 9.999748663E-01 3.170064692E-06 1.728910513E-01
7.328250000E+00 9.999759107E-01 2.929192222E-06 1.691809095E-01
7.473780000E+00 9.999768235E-01 2.726087392E-06 1.658866062E-01
7.504340000E+00 9.999770088E-01 2.685583434E-06 1.652110645E-01
7.568140000E+00 9.999773896E-01 2.604224723E-06 1.638183226E-01
7.581810000E+00 9.999774700E-01 2.587122471E-06 1.635229582E-01
7.606490000E+00 9.999776139E-01 2.556565646E-06 1.629923920E-01
7.676380000E+00 9.999780141E-01 2.472440500E-06 1.615084193E-01
7.795880000E+00 9.999786748E-01 2.336878478E-06 1.590327198E-01
7.914400000E+00 9.999793023E-01 2.211325184E-06 1.566511675E-01
8.041560000E+00 9.999799456E-01 2.085151830E-06 1.541740657E-01
8.210850000E+00 9.999807589E-01 1.931131119E-06 1.509953294E-01
8.457220000E+00 9.999818601E-01 1.732526822E-06 1.465966358E-01
8.646320000E+00 9.999826439E-01 1.597311253E-06 1.433904829E-01
8.984910000E+00 9.999839275E-01 1.386630022E-06 1.379869136E-01
9.300620000E+00 9.999850033E-01 1.220745146E-06 1.333029411E-01
9.644380000E+00 9.999860579E-01 1.067407609E-06 1.285515502E-01
9.882860000E+00 9.999867267E-01 9.749817173E-07 1.254495156E-01
1.024270000E+01 9.999876494E-01 8.536818606E-07 1.210423033E-01
1.033340000E+01 9.999878671E-01 8.261896735E-07 1.199798711E-01
1.043840000E+01 9.999881122E-01 7.956168332E-07 1.187729920E-01
1.049110000E+01 9.999882324E-01 7.809005355E-07 1.181763590E-01
1.051980000E+01 9.999882971E-01 7.730391094E-07 1.178539516E-01
1.073820000E+01 9.999887728E-01 7.161936000E-07 1.154569667E-01
1.101010000E+01 9.999893258E-01 6.526116027E-07 1.126056984E-01
1.157230000E+01 9.999903482E-01 5.423703481E-07 1.071351417E-01
1.235040000E+01 9.999915395E-01 4.251068334E-07 1.003854126E-01
1.405710000E+01 9.999934941E-01 2.616649064E-07 8.819742337E-02
1.599790000E+01 9.999949980E-01 1.607129863E-07 7.749767157E-02
1.820610000E+01 9.999961561E-01 9.854892806E-08 6.809805505E-02
2.064740000E+01 9.999970286E-01 6.111207040E-08 6.004630123E-02
2.292100000E+01 9.999976048E-01 4.104379716E-08 5.409013568E-02
2.453610000E+01 9.999979236E-01 3.164243365E-08 5.052962777E-02
2.566700000E+01 9.999981157E-01 2.662880890E-08 4.830326879E-02
2.645930000E+01 9.999982406E-01 2.371015885E-08 4.685687074E-02
2.699070000E+01 9.999983237E-01 2.197415921E-08 4.593434035E-02
2.730050000E+01 9.999983760E-01 2.141171071E-08 4.541308767E-02
2.741870000E+01 9.999983983E-01 2.226835913E-08 4.521731519E-02
2.749830000E+01 9.999984145E-01 2.403376994E-08 4.508642352E-02
2.757640000E+01 9.999984311E-01 2.739095422E-08 4.495873283E-02
2.764460000E+01 9.999984457E-01 3.211842289E-08 4.484781838E-02
2.772120000E+01 9.999984615E-01 3.977624333E-08 4.472389363E-02
2.780250000E+01 9.999984765E-01 5.044505242E-08 4.459311213E-02
2.793500000E+01 9.999984932E-01 7.125258867E-08 4.438160014E-02
2.806240000E+01 9.999985015E-01 9.009794127E-08 4.418011289E-02
2.818260000E+01 9.999985031E-01 1.027296776E-07 4.399168281E-02
2.834160000E+01 9.999985036E-01 1.103736949E-07 4.374488385E-02
2.854610000E+01 9.999985088E-01 1.110836444E-07 4.343150203E-02
2.882410000E+01 9.999985233E-01 1.077776850E-07 4.301261791E-02
2.917430000E+01 9.999985474E-01 1.032124504E-07 4.249630668E-02
2.975770000E+01 9.999985916E-01 9.623712826E-08 4.166316617E-02
3.050280000E+01 9.999986494E-01 8.807755676E-08 4.064544894E-02
3.133550000E+01 9.999987125E-01 7.982562370E-08 3.956534920E-02
3.240950000E+01 9.999987898E-01 7.052037964E-08 3.825421558E-02
3.340190000E+01 9.999988564E-01 6.320968102E-08 3.711764900E-02
3.437050000E+01 9.999989168E-01 5.700794189E-08 3.607163120E-02
3.541810000E+01 9.999989773E-01 5.114002995E-08 3.500470099E-02
3.643610000E+01 9.999990317E-01 4.613614381E-08 3.402669331E-02
3.752970000E+01 9.999990857E-01 4.137506956E-08 3.303516948E-02
3.848730000E+01 9.999991295E-01 3.770538896E-08 3.221322358E-02
3.928490000E+01 9.999991637E-01 3.495680075E-08 3.155919959E-02
4.029180000E+01 9.999992042E-01 3.183996709E-08 3.077052899E-02
4.127360000E+01 9.999992410E-01 2.913609748E-08 3.003857187E-02
4.249020000E+01 9.999992833E-01 2.616179375E-08 2.917849292E-02
4.336200000E+01 9.999993114E-01 2.425027701E-08 2.859185462E-02
4.418460000E+01 9.999993366E-01 2.261085351E-08 2.805955016E-02
4.447590000E+01 9.999993451E-01 2.205682571E-08 2.787577092E-02
4.546830000E+01 9.999993732E-01 2.030993466E-08 2.726734890E-02
4.684780000E+01 9.999994093E-01 1.816235126E-08 2.646442309E-02
4.907300000E+01 9.999994614E-01 1.527458658E-08 2.526440201E-02
5.068540000E+01 9.999994950E-01 1.353332833E-08 2.446069282E-02
5.347180000E+01 9.999995461E-01 1.107385018E-08 2.318605321E-02
5.592140000E+01 9.999995849E-01 9.347704826E-09 2.217040346E-02
5.947290000E+01 9.999996330E-01 7.399972330E-09 2.084646957E-02
6.618760000E+01 9.999997038E-01 4.934580297E-09 1.873160532E-02
7.145670000E+01 9.999997459E-01 3.679396634E-09 1.735036743E-02
8.086350000E+01 9.999998017E-01 2.290399072E-09 1.533201012E-02
9.143990000E+01 9.999998451E-01 1.425811210E-09 1.355863250E-02
9.611480000E+01 9.999998598E-01 1.175502321E-09 1.289915809E-02
9.826020000E+01 9.999998659E-01 1.079439610E-09 1.261751961E-02
1.025480000E+02 9.999998769E-01 9.153314166E-10 1.208994812E-02
1.128550000E+02 9.999998984E-01 6.313070877E-10 1.098577821E-02
1.261330000E+02 9.999999187E-01 4.094460538E-10 9.829307160E-03
1.421540000E+02 9.999999361E-01 2.572469135E-10 8.721527358E-03
1.602090000E+02 9.999999497E-01 1.616729265E-10 7.738641400E-03
1.800350000E+02 9.999999602E-01 1.027544186E-10 6.886438748E-03
2.024610000E+02 9.999999685E-01 6.513097057E-11 6.123648505E-03
2.285930000E+02 9.999999753E-01 4.080315562E-11 5.423613147E-03
2.561160000E+02 9.999999803E-01 2.637895620E-11 4.840775274E-03
2.885590000E+02 9.999999845E-01 1.675596427E-11 4.296521682E-03
3.259310000E+02 9.999999879E-01 1.059510167E-11 3.803872599E-03
3.693090000E+02 9.999999906E-01 6.661354417E-12 3.357080385E-03
4.194050000E+02 9.999999927E-01 4.183313743E-12 2.956092560E-03
4.786300000E+02 9.999999944E-01 2.606679839E-12 2.590309843E-03
5.462250000E+02 9.999999957E-01 1.641525304E-12 2.269760630E-03
6.255330000E+02 9.999999967E-01 1.033008394E-12 1.981989759E-03
7.239150000E+02 9.999999975E-01 6.361297920E-13 1.712632008E-03
8.401850000E+02 9.999999982E-01 3.942877893E-13 1.475627392E-03
9.857120000E+02 9.999999987E-01 2.402666133E-13 1.257771033E-03
1.176470000E+03 9.999999991E-01 1.397053918E-13 1.053830527E-03
1.410750000E+03 9.999999994E-01 7.978367811E-14 8.788233209E-04
1.696100000E+03 9.999999996E-01 4.520410117E-14 7.309710512E-04
2.039160000E+03 9.999999997E-01 2.561213987E-14 6.079954491E-04
2.451610000E+03 9.999999998E-01 1.451152845E-14 5.057084936E-04
2.947480000E+03 9.999999999E-01 8.222069659E-15 4.206305047E-04
3.543650000E+03 9.999999999E-01 4.658525754E-15 3.498652519E-04
4.260410000E+03 9.999999999E-01 2.639457678E-15 2.910048563E-04
5.122130000E+03 1.000000000E+00 1.495484848E-15 2.420477419E-04
6.158160000E+03 1.000000000E+00 8.473215956E-16 2.013263702E-04
7.403740000E+03 1.000000000E+00 4.800831028E-16 1.674559074E-04
8.901250000E+03 1.000000000E+00 2.720092659E-16 1.392838085E-04
1.000000000E+04 0.000000000E+00 0.000000000E+00 1.239800000E-04
