# 11/08/2021 
# Data retrieved from www.chemicool.com/densities.html 
# Includes the real (n) and complex (k) part of the  refractive index. 
# Element, K  (Z = 19) 
# Nominal density, g cm-3 =  0.062 
#    E [keV]      n       k    Wavelength [nm] 
1.000000000E-03 -1.148587632E+01 6.674250575E-06 1.239800000E+03
1.060910000E-03 -1.756439003E+00 0.000000000E+00 1.168619393E+03
1.114200000E-03 -1.498809155E+00 0.000000000E+00 1.112726620E+03
1.160830000E-03 -1.301844965E+00 0.000000000E+00 1.068028910E+03
1.201630000E-03 -1.148003199E+00 0.000000000E+00 1.031765186E+03
1.237330000E-03 -1.025669046E+00 0.000000000E+00 1.001996234E+03
1.268570000E-03 -9.270059191E-01 0.000000000E+00 9.773209204E+02
1.295900000E-03 -8.464658730E-01 0.000000000E+00 9.567096227E+02
1.319820000E-03 -7.800294832E-01 0.000000000E+00 9.393705202E+02
1.340750000E-03 -7.248151361E-01 0.000000000E+00 9.247063211E+02
1.359060000E-03 -6.785816223E-01 0.000000000E+00 9.122481715E+02
1.375080000E-03 -6.396629116E-01 0.000000000E+00 9.016202694E+02
1.389100000E-03 -6.066639137E-01 0.000000000E+00 8.925203369E+02
1.401370000E-03 -5.786185746E-01 0.000000000E+00 8.847056809E+02
1.412110000E-03 -5.546640710E-01 0.000000000E+00 8.779769281E+02
1.430890000E-03 -5.140585786E-01 0.000000000E+00 8.664537456E+02
1.444980000E-03 -4.846123149E-01 0.000000000E+00 8.580049551E+02
1.455540000E-03 -4.631175462E-01 0.000000000E+00 8.517800954E+02
1.463470000E-03 -4.473043250E-01 0.000000000E+00 8.471646156E+02
1.469410000E-03 -4.355962107E-01 0.000000000E+00 8.437400045E+02
1.473870000E-03 -4.268906903E-01 0.000000000E+00 8.411868075E+02
1.480560000E-03 -4.140248398E-01 0.000000000E+00 8.373858540E+02
1.483900000E-03 -4.076366626E-01 0.000000000E+00 8.355010445E+02
1.487240000E-03 -4.013213039E-01 0.000000000E+00 8.336247008E+02
1.490900000E-03 -3.944495610E-01 0.000000000E+00 8.315782413E+02
1.494300000E-03 -3.880816826E-01 0.000000000E+00 8.296861407E+02
1.494560000E-03 -3.875987712E-01 0.000000000E+00 8.295418049E+02
1.498230000E-03 -3.808090925E-01 0.000000000E+00 8.275097949E+02
1.501890000E-03 -3.740874239E-01 0.000000000E+00 8.254932119E+02
1.505550000E-03 -3.673856759E-01 0.000000000E+00 8.234864335E+02
1.509210000E-03 -3.607615970E-01 0.000000000E+00 8.214893885E+02
1.511040000E-03 -3.574675932E-01 0.000000000E+00 8.204944939E+02
1.512870000E-03 -3.541567750E-01 0.000000000E+00 8.195020061E+02
1.514700000E-03 -3.508866756E-01 0.000000000E+00 8.185119166E+02
1.517440000E-03 -3.460125615E-01 0.000000000E+00 8.170339519E+02
1.518820000E-03 -3.435676985E-01 0.000000000E+00 8.162915948E+02
1.520190000E-03 -3.411471347E-01 0.000000000E+00 8.155559502E+02
1.522020000E-03 -3.379240183E-01 0.000000000E+00 8.145753669E+02
1.522930000E-03 -3.362972086E-01 0.000000000E+00 8.140886318E+02
1.523850000E-03 -3.346841595E-01 0.000000000E+00 8.135971388E+02
1.526600000E-03 -3.298799206E-01 0.000000000E+00 8.121315341E+02
1.527280000E-03 -3.286959637E-01 0.000000000E+00 8.117699440E+02
1.527740000E-03 -3.278959478E-01 0.000000000E+00 8.115255214E+02
1.528170000E-03 -3.271487598E-01 0.000000000E+00 8.112971724E+02
1.528540000E-03 -3.265063357E-01 0.000000000E+00 8.111007890E+02
1.530510000E-03 -3.230937012E-01 0.000000000E+00 8.100567785E+02
1.530840000E-03 -3.225233294E-01 0.000000000E+00 8.098821562E+02
1.531630000E-03 -3.211593918E-01 0.000000000E+00 8.094644268E+02
1.534830000E-03 -3.156281641E-01 0.000000000E+00 8.077767570E+02
1.536660000E-03 -3.124964812E-01 0.000000000E+00 8.068147801E+02
1.538490000E-03 -3.093759670E-01 0.000000000E+00 8.058550917E+02
1.540320000E-03 -3.062665680E-01 0.000000000E+00 8.048976836E+02
1.543070000E-03 -3.015871151E-01 0.000000000E+00 8.034632259E+02
1.545810000E-03 -2.969769909E-01 0.000000000E+00 8.020390604E+02
1.549470000E-03 -2.908570541E-01 0.000000000E+00 8.001445656E+02
1.553150000E-03 -2.847199551E-01 0.000000000E+00 7.982487203E+02
1.556830000E-03 -2.786535487E-01 0.000000000E+00 7.963618378E+02
1.560500000E-03 -2.726463200E-01 0.000000000E+00 7.944889459E+02
1.564180000E-03 -2.666382248E-01 0.000000000E+00 7.926197752E+02
1.567860000E-03 -2.606992272E-01 0.000000000E+00 7.907593790E+02
1.571020000E-03 -2.556060356E-01 0.000000000E+00 7.891688203E+02
1.574160000E-03 -2.506018800E-01 0.000000000E+00 7.875946537E+02
1.580420000E-03 -2.407143019E-01 0.000000000E+00 7.844750130E+02
1.586640000E-03 -2.309794406E-01 0.000000000E+00 7.813996874E+02
1.592800000E-03 -2.214505176E-01 0.000000000E+00 7.783776996E+02
1.605030000E-03 -2.028814785E-01 0.000000000E+00 7.724466209E+02
1.617080000E-03 -1.849960678E-01 0.000000000E+00 7.666905781E+02
1.628930000E-03 -1.677929561E-01 0.000000000E+00 7.611131233E+02
1.640600000E-03 -1.511895224E-01 0.000000000E+00 7.556991345E+02
1.663570000E-03 -1.195709719E-01 0.000000000E+00 7.452647018E+02
1.685830000E-03 -9.015381655E-02 0.000000000E+00 7.354240938E+02
1.707390000E-03 -6.272815429E-02 0.000000000E+00 7.261375550E+02
1.749160000E-03 -1.249215312E-02 0.000000000E+00 7.087973656E+02
1.788320000E-03 3.144707330E-02 0.000000000E+00 6.932763711E+02
1.825040000E-03 7.010881403E-02 0.000000000E+00 6.793275764E+02
1.893880000E-03 1.366092824E-01 0.000000000E+00 6.546349294E+02
1.954110000E-03 1.891157149E-01 0.000000000E+00 6.344576303E+02
2.059520000E-03 2.702604451E-01 0.000000000E+00 6.019849285E+02
2.138580000E-03 3.234625021E-01 0.000000000E+00 5.797304754E+02
2.257170000E-03 3.930204673E-01 0.000000000E+00 5.492718758E+02
2.375750000E-03 4.523918066E-01 0.000000000E+00 5.218562559E+02
2.378390000E-03 4.536184528E-01 0.000000000E+00 5.212769983E+02
2.387450000E-03 4.577805470E-01 0.000000000E+00 5.192988335E+02
2.390100000E-03 4.589822415E-01 0.000000000E+00 5.187230660E+02
2.393300000E-03 4.604395195E-01 0.000000000E+00 5.180294990E+02
2.395950000E-03 4.616324030E-01 0.000000000E+00 5.174565412E+02
2.399140000E-03 4.630745610E-01 0.000000000E+00 5.167685087E+02
2.401810000E-03 4.642790672E-01 0.000000000E+00 5.161940370E+02
2.407660000E-03 4.668905906E-01 0.000000000E+00 5.149398171E+02
2.422530000E-03 4.734488300E-01 0.000000000E+00 5.117790079E+02
2.428380000E-03 4.759938745E-01 0.000000000E+00 5.105461254E+02
2.432450000E-03 4.777570776E-01 0.000000000E+00 5.096918744E+02
2.436930000E-03 4.796865574E-01 0.000000000E+00 5.087548678E+02
2.442780000E-03 4.821977423E-01 0.000000000E+00 5.075364953E+02
2.448640000E-03 4.846841282E-01 0.000000000E+00 5.063218766E+02
2.463470000E-03 4.909023594E-01 0.000000000E+00 5.032738373E+02
2.466200000E-03 4.920396661E-01 0.000000000E+00 5.027167302E+02
2.469320000E-03 4.933224768E-01 0.000000000E+00 5.020815447E+02
2.472050000E-03 4.944517257E-01 0.000000000E+00 5.015270727E+02
2.475160000E-03 4.957213547E-01 0.000000000E+00 5.008969117E+02
2.477910000E-03 4.968507576E-01 0.000000000E+00 5.003410132E+02
2.481010000E-03 4.981180272E-01 0.000000000E+00 4.997158415E+02
2.483760000E-03 4.992287716E-01 0.000000000E+00 4.991625600E+02
2.492710000E-03 5.028395116E-01 0.000000000E+00 4.973703319E+02
2.495470000E-03 5.039491970E-01 0.000000000E+00 4.968202383E+02
2.498310000E-03 5.050763458E-01 0.000000000E+00 4.962554687E+02
2.504290000E-03 5.074581747E-01 0.000000000E+00 4.950704591E+02
2.510280000E-03 5.098164112E-01 0.000000000E+00 4.938891279E+02
2.522260000E-03 5.144928524E-01 0.000000000E+00 4.915432985E+02
2.528240000E-03 5.167971568E-01 0.000000000E+00 4.903806601E+02
2.534230000E-03 5.190889392E-01 0.000000000E+00 4.892215782E+02
2.540220000E-03 5.213645042E-01 0.000000000E+00 4.880679626E+02
2.546200000E-03 5.236304156E-01 0.000000000E+00 4.869216872E+02
2.552190000E-03 5.258739800E-01 0.000000000E+00 4.857788801E+02
2.792000000E-03 6.042539294E-01 0.000000000E+00 4.440544413E+02
2.851950000E-03 6.208219944E-01 0.000000000E+00 4.347201038E+02
2.871930000E-03 6.261114441E-01 0.000000000E+00 4.316957586E+02
2.874360000E-03 6.267513192E-01 0.000000000E+00 4.313308006E+02
2.886070000E-03 6.297898341E-01 0.000000000E+00 4.295807101E+02
2.888510000E-03 6.304229120E-01 0.000000000E+00 4.292178320E+02
2.893140000E-03 6.316127257E-01 0.000000000E+00 4.285309387E+02
2.895590000E-03 6.322358574E-01 0.000000000E+00 4.281683526E+02
2.900210000E-03 6.334144380E-01 0.000000000E+00 4.274862855E+02
2.902660000E-03 6.340408253E-01 0.000000000E+00 4.271254642E+02
2.909740000E-03 6.358273423E-01 0.000000000E+00 4.260861795E+02
2.914420000E-03 6.370114859E-01 0.000000000E+00 4.254019668E+02
2.921450000E-03 6.387640438E-01 0.000000000E+00 4.243783053E+02
2.928480000E-03 6.405116526E-01 0.000000000E+00 4.233595585E+02
2.938040000E-03 6.428625546E-01 0.000000000E+00 4.219820016E+02
2.945110000E-03 6.445827663E-01 0.000000000E+00 4.209689961E+02
2.952180000E-03 6.462981689E-01 0.000000000E+00 4.199608425E+02
2.959260000E-03 6.479961172E-01 0.000000000E+00 4.189560904E+02
2.969870000E-03 6.505216517E-01 0.000000000E+00 4.174593501E+02
2.980480000E-03 6.530276199E-01 0.000000000E+00 4.159732661E+02
2.987560000E-03 6.546775754E-01 0.000000000E+00 4.149874814E+02
2.992100000E-03 6.557320685E-01 0.000000000E+00 4.143578089E+02
2.994630000E-03 6.563208696E-01 0.000000000E+00 4.140077405E+02
2.999170000E-03 6.573678901E-01 0.000000000E+00 4.133810354E+02
3.001710000E-03 6.579475046E-01 0.000000000E+00 4.130312389E+02
3.008780000E-03 6.595676617E-01 0.000000000E+00 4.120607023E+02
3.013310000E-03 6.605977063E-01 0.000000000E+00 4.114412390E+02
3.015860000E-03 6.611714132E-01 0.000000000E+00 4.110933531E+02
3.032070000E-03 6.648132484E-01 0.000000000E+00 4.088955730E+02
3.080690000E-03 6.753790744E-01 0.000000000E+00 4.024423100E+02
3.082710000E-03 6.758112890E-01 0.000000000E+00 4.021786026E+02
3.095860000E-03 6.785732293E-01 0.000000000E+00 4.004703055E+02
3.097890000E-03 6.790012025E-01 0.000000000E+00 4.002078834E+02
3.103440000E-03 6.801551193E-01 0.000000000E+00 3.994921764E+02
3.105480000E-03 6.805751955E-01 0.000000000E+00 3.992297487E+02
3.111020000E-03 6.817254271E-01 0.000000000E+00 3.985188138E+02
3.113060000E-03 6.821424235E-01 0.000000000E+00 3.982576629E+02
3.120650000E-03 6.837002394E-01 0.000000000E+00 3.972890263E+02
3.141350000E-03 6.878817170E-01 0.000000000E+00 3.946710809E+02
3.151000000E-03 6.898037861E-01 0.000000000E+00 3.934623929E+02
3.158590000E-03 6.913059759E-01 0.000000000E+00 3.925169142E+02
3.166180000E-03 6.927907775E-01 0.000000000E+00 3.915759685E+02
3.173770000E-03 6.942714587E-01 0.000000000E+00 3.906395233E+02
3.196530000E-03 6.986418800E-01 0.000000000E+00 3.878580836E+02
3.202020000E-03 6.996807970E-01 0.000000000E+00 3.871930844E+02
3.204120000E-03 7.000807420E-01 0.000000000E+00 3.869393156E+02
3.209600000E-03 7.011104086E-01 0.000000000E+00 3.862786640E+02
3.211700000E-03 7.015011443E-01 0.000000000E+00 3.860260921E+02
3.217180000E-03 7.025235372E-01 0.000000000E+00 3.853685526E+02
3.219290000E-03 7.029197074E-01 0.000000000E+00 3.851159728E+02
3.226880000E-03 7.043219208E-01 0.000000000E+00 3.842101349E+02
3.232350000E-03 7.053344074E-01 0.000000000E+00 3.835599486E+02
3.234470000E-03 7.057205519E-01 0.000000000E+00 3.833085482E+02
3.388480000E-03 7.320524462E-01 0.000000000E+00 3.658867693E+02
3.389580000E-03 7.322263287E-01 0.000000000E+00 3.657680303E+02
3.405160000E-03 7.346937795E-01 0.000000000E+00 3.640944919E+02
3.406270000E-03 7.348666619E-01 0.000000000E+00 3.639758445E+02
3.414610000E-03 7.361715191E-01 0.000000000E+00 3.630868533E+02
3.422950000E-03 7.374612047E-01 0.000000000E+00 3.622021940E+02
3.431290000E-03 7.387470748E-01 0.000000000E+00 3.613218352E+02
3.455200000E-03 7.423778762E-01 0.000000000E+00 3.588214865E+02
3.464670000E-03 7.437952387E-01 0.000000000E+00 3.578407179E+02
3.473010000E-03 7.450351636E-01 0.000000000E+00 3.569814081E+02
3.481350000E-03 7.462661619E-01 0.000000000E+00 3.561262154E+02
3.489700000E-03 7.474897662E-01 0.000000000E+00 3.552740923E+02
3.514730000E-03 7.511000849E-01 0.000000000E+00 3.527440230E+02
3.523070000E-03 7.522877153E-01 0.000000000E+00 3.519089885E+02
3.531410000E-03 7.534669163E-01 0.000000000E+00 3.510778981E+02
3.539750000E-03 7.546325139E-01 0.000000000E+00 3.502507239E+02
3.548100000E-03 7.557964947E-01 0.000000000E+00 3.494264536E+02
3.555280000E-03 7.567922676E-01 0.000000000E+00 3.487207759E+02
3.556440000E-03 7.569508953E-01 0.000000000E+00 3.486070340E+02
3.564380000E-03 7.580428824E-01 0.000000000E+00 3.478304782E+02
3.572900000E-03 7.592006133E-01 0.000000000E+00 3.470010356E+02
3.588880000E-03 7.613606693E-01 0.000000000E+00 3.454559640E+02
3.598470000E-03 7.626410993E-01 0.000000000E+00 3.445353164E+02
3.606990000E-03 7.637712156E-01 0.000000000E+00 3.437214963E+02
3.614430000E-03 7.647477676E-01 0.000000000E+00 3.430139745E+02
3.615510000E-03 7.648933280E-01 0.000000000E+00 3.429115118E+02
3.624030000E-03 7.660024999E-01 0.000000000E+00 3.421053358E+02
3.631470000E-03 7.669703090E-01 0.000000000E+00 3.414044450E+02
3.632560000E-03 7.671101355E-01 0.000000000E+00 3.413020019E+02
3.638330000E-03 7.678531991E-01 0.000000000E+00 3.407607336E+02
3.638910000E-03 7.679321673E-01 0.000000000E+00 3.407064203E+02
3.656830000E-03 7.702158214E-01 0.000000000E+00 3.390368160E+02
3.665780000E-03 7.713462846E-01 0.000000000E+00 3.382090578E+02
3.674740000E-03 7.724697125E-01 0.000000000E+00 3.373844136E+02
3.683700000E-03 7.735849291E-01 0.000000000E+00 3.365637810E+02
3.709970000E-03 7.768087259E-01 0.000000000E+00 3.341805998E+02
3.719520000E-03 7.779628736E-01 0.000000000E+00 3.333225793E+02
3.728480000E-03 7.790382273E-01 0.000000000E+00 3.325215637E+02
3.737440000E-03 7.801058334E-01 0.000000000E+00 3.317243889E+02
3.746390000E-03 7.811645979E-01 0.000000000E+00 3.309319105E+02
3.755350000E-03 7.822169391E-01 0.000000000E+00 3.301423303E+02
3.772660000E-03 7.842247260E-01 0.000000000E+00 3.286275466E+02
3.778560000E-03 7.849072617E-01 0.000000000E+00 3.281144140E+02
3.782220000E-03 7.853233448E-01 0.000000000E+00 3.277969023E+02
3.791180000E-03 7.863460304E-01 0.000000000E+00 3.270221936E+02
3.797160000E-03 7.870230167E-01 0.000000000E+00 3.265071790E+02
3.800130000E-03 7.873603502E-01 0.000000000E+00 3.262519966E+02
3.806460000E-03 7.880715287E-01 0.000000000E+00 3.257094518E+02
3.815760000E-03 7.891123616E-01 0.000000000E+00 3.249156131E+02
3.818050000E-03 7.893697747E-01 0.000000000E+00 3.247207344E+02
3.825060000E-03 7.901455898E-01 0.000000000E+00 3.241256346E+02
3.834360000E-03 7.911712872E-01 0.000000000E+00 3.233394882E+02
3.843660000E-03 7.921895267E-01 0.000000000E+00 3.225571461E+02
3.852960000E-03 7.932003806E-01 0.000000000E+00 3.217785806E+02
3.862260000E-03 7.942039197E-01 0.000000000E+00 3.210037646E+02
3.871560000E-03 7.952002143E-01 0.000000000E+00 3.202326711E+02
3.880860000E-03 7.961893340E-01 0.000000000E+00 3.194652732E+02
3.890160000E-03 7.971713476E-01 0.000000000E+00 3.187015444E+02
3.912180000E-03 7.994696991E-01 0.000000000E+00 3.169077087E+02
3.918060000E-03 8.000754242E-01 0.000000000E+00 3.164321118E+02
3.927360000E-03 8.010296826E-01 0.000000000E+00 3.156827996E+02
3.936660000E-03 8.019771658E-01 0.000000000E+00 3.149370278E+02
3.945960000E-03 8.029179376E-01 0.000000000E+00 3.141947714E+02
3.950360000E-03 8.033609403E-01 0.000000000E+00 3.138448141E+02
3.964560000E-03 8.047795992E-01 0.000000000E+00 3.127207055E+02
3.970580000E-03 8.053794686E-01 0.000000000E+00 3.122465735E+02
3.980330000E-03 8.063400743E-01 0.000000000E+00 3.114817113E+02
4.020450000E-03 8.102347163E-01 0.000000000E+00 3.083734408E+02
4.097620000E-03 8.174365996E-01 2.657736867E-08 3.025658797E+02
4.140740000E-03 8.212958698E-01 1.437349872E-06 2.994150804E+02
4.173170000E-03 8.241267792E-01 1.080817105E-05 2.970883046E+02
4.190600000E-03 8.256204944E-01 2.331439858E-05 2.958526225E+02
4.208620000E-03 8.271365895E-01 4.192812910E-05 2.945858738E+02
4.225550000E-03 8.285411164E-01 6.110812604E-05 2.934055922E+02
4.264660000E-03 8.316932151E-01 8.913433517E-05 2.907148518E+02
4.288580000E-03 8.335726343E-01 9.007156404E-05 2.890933596E+02
4.312800000E-03 8.354543399E-01 8.457884043E-05 2.874698572E+02
4.399970000E-03 8.419911526E-01 5.919441002E-05 2.817746485E+02
4.479110000E-03 8.476140321E-01 4.112721538E-05 2.767960599E+02
4.543970000E-03 8.520097707E-01 2.957984197E-05 2.728451112E+02
4.603990000E-03 8.559146006E-01 2.111680112E-05 2.692881609E+02
4.651240000E-03 8.588819068E-01 1.575265440E-05 2.665525752E+02
4.705490000E-03 8.621795069E-01 1.083079163E-05 2.634794676E+02
4.752000000E-03 8.649165999E-01 7.539455224E-06 2.609006734E+02
4.793150000E-03 8.672719145E-01 5.256661388E-06 2.586607972E+02
4.828180000E-03 8.692304307E-01 3.732057897E-06 2.567841298E+02
4.859250000E-03 8.709308167E-01 2.673634482E-06 2.551422545E+02
4.885280000E-03 8.723301602E-01 1.982046130E-06 2.537827924E+02
4.909610000E-03 8.736196918E-01 1.485144764E-06 2.525251497E+02
4.928500000E-03 8.746082986E-01 1.193061254E-06 2.515572689E+02
4.947380000E-03 8.755823279E-01 9.781268100E-07 2.505972858E+02
4.962000000E-03 8.763304555E-01 8.620775442E-07 2.498589279E+02
4.977000000E-03 8.770907231E-01 7.867724405E-07 2.491058871E+02
4.995000000E-03 8.779934279E-01 7.522780020E-07 2.482082082E+02
5.010000000E-03 8.787386478E-01 7.680051735E-07 2.474650699E+02
5.025000000E-03 8.794771571E-01 8.223170962E-07 2.467263682E+02
5.043870000E-03 8.803953764E-01 9.429139496E-07 2.458033217E+02
5.061750000E-03 8.812568453E-01 1.108102446E-06 2.449350521E+02
5.080590000E-03 8.821562679E-01 1.333100525E-06 2.440267764E+02
5.104900000E-03 8.832986943E-01 1.695789879E-06 2.428646986E+02
5.130750000E-03 8.844991787E-01 2.164821466E-06 2.416410856E+02
5.165000000E-03 8.860579889E-01 2.907807428E-06 2.400387222E+02
5.204120000E-03 8.878034709E-01 3.908661559E-06 2.382343220E+02
5.251410000E-03 8.898580424E-01 5.307475576E-06 2.360889742E+02
5.304990000E-03 8.921207769E-01 7.105732772E-06 2.337044933E+02
5.394050000E-03 8.957328936E-01 1.049139258E-05 2.298458487E+02
5.509360000E-03 9.001493962E-01 1.538849135E-05 2.250352128E+02
5.669230000E-03 9.058284689E-01 2.269456071E-05 2.186893105E+02
5.842970000E-03 9.114728190E-01 3.077974819E-05 2.121866106E+02
6.503270000E-03 9.291005776E-01 5.754072110E-05 1.906425537E+02
7.420000000E-03 9.461818251E-01 7.854144077E-05 1.670889488E+02
8.049700000E-03 9.546453330E-01 8.408594346E-05 1.540181622E+02
9.015710000E-03 9.643095638E-01 8.440309135E-05 1.375155146E+02
9.621910000E-03 9.690610733E-01 8.167950607E-05 1.288517560E+02
1.019450000E-02 9.727714634E-01 7.812979298E-05 1.216145961E+02
1.098300000E-02 9.769352900E-01 7.252128523E-05 1.128835473E+02
1.128390000E-02 9.782978828E-01 7.028657002E-05 1.098733594E+02
1.218520000E-02 9.818883737E-01 6.368528914E-05 1.017463809E+02
1.265630000E-02 9.834536497E-01 6.033023524E-05 9.795911917E+01
1.298430000E-02 9.844816967E-01 5.812657828E-05 9.548454672E+01
1.370920000E-02 9.864818615E-01 5.342844943E-05 9.043561988E+01
1.434350000E-02 9.880285736E-01 4.957122707E-05 8.643636490E+01
1.503370000E-02 9.895053616E-01 4.573627093E-05 8.246805510E+01
1.544320000E-02 9.903170304E-01 4.368735536E-05 8.028128885E+01
1.580920000E-02 9.910059143E-01 4.198135474E-05 7.842269059E+01
1.640080000E-02 9.920534652E-01 3.928997636E-05 7.559387347E+01
1.655280000E-02 9.923133342E-01 3.863513530E-05 7.489971485E+01
1.669090000E-02 9.925425549E-01 3.805539343E-05 7.427999688E+01
1.711050000E-02 9.932280465E-01 3.637595084E-05 7.245843196E+01
1.752880000E-02 9.938921036E-01 3.479337165E-05 7.072931404E+01
1.784260000E-02 9.943808830E-01 3.364646851E-05 6.948538890E+01
1.808090000E-02 9.947462900E-01 3.281454561E-05 6.856959554E+01
1.843080000E-02 9.952868666E-01 3.164961489E-05 6.726783428E+01
1.860730000E-02 9.955619850E-01 3.108625812E-05 6.662976359E+01
1.869550000E-02 9.956992452E-01 3.081058782E-05 6.631542350E+01
1.878380000E-02 9.958341735E-01 3.053372298E-05 6.600368403E+01
1.887620000E-02 9.959731412E-01 3.024494815E-05 6.568059249E+01
1.892250000E-02 9.960470561E-01 3.010190105E-05 6.551988374E+01
1.896870000E-02 9.961208062E-01 2.996020436E-05 6.536030408E+01
1.901490000E-02 9.961938870E-01 2.981934565E-05 6.520149988E+01
1.907650000E-02 9.962902392E-01 2.963340801E-05 6.499095746E+01
1.911500000E-02 9.963503873E-01 2.951794074E-05 6.486005755E+01
1.915360000E-02 9.964120935E-01 2.940303386E-05 6.472934592E+01
1.919990000E-02 9.964854469E-01 2.926585990E-05 6.457325299E+01
1.924610000E-02 9.965582787E-01 2.913014442E-05 6.441824577E+01
1.929230000E-02 9.966302772E-01 2.899539174E-05 6.426398097E+01
1.933860000E-02 9.967020140E-01 2.886129422E-05 6.411012173E+01
1.939530000E-02 9.967966878E-01 2.869821990E-05 6.392270292E+01
1.945210000E-02 9.968903473E-01 2.853643431E-05 6.373604906E+01
1.952350000E-02 9.970068248E-01 2.833482817E-05 6.350295797E+01
1.954600000E-02 9.970430027E-01 2.827187142E-05 6.342985777E+01
1.957080000E-02 9.970829742E-01 2.820267101E-05 6.334947984E+01
1.959300000E-02 9.971199316E-01 2.814085439E-05 6.327770122E+01
1.961600000E-02 9.971581586E-01 2.807712602E-05 6.320350734E+01
1.963990000E-02 9.971976661E-01 2.801105142E-05 6.312659433E+01
1.970840000E-02 9.973099825E-01 2.782311507E-05 6.290718678E+01
1.978080000E-02 9.974336060E-01 2.762671375E-05 6.267693925E+01
1.982770000E-02 9.975155543E-01 2.750052649E-05 6.252868462E+01
1.987470000E-02 9.975967828E-01 2.737494576E-05 6.238081581E+01
1.992160000E-02 9.976772499E-01 2.725051617E-05 6.223395711E+01
1.997450000E-02 9.977670800E-01 2.711115263E-05 6.206913815E+01
2.001550000E-02 9.978391496E-01 2.700397589E-05 6.194199495E+01
2.039130000E-02 9.985259734E-01 2.604915738E-05 6.080043940E+01
2.057750000E-02 9.988973351E-01 2.558608563E-05 6.025027336E+01
2.066490000E-02 9.990712705E-01 2.537304481E-05 5.999545122E+01
2.072720000E-02 9.992138244E-01 2.522289098E-05 5.981512216E+01
2.077710000E-02 9.993267759E-01 2.510355906E-05 5.967146522E+01
2.082700000E-02 9.994386552E-01 2.498492806E-05 5.952849666E+01
2.087690000E-02 9.995494738E-01 2.486729411E-05 5.938621155E+01
2.096860000E-02 9.997588121E-01 2.465326438E-05 5.912650344E+01
2.106400000E-02 9.999773009E-01 2.443342533E-05 5.885871629E+01
2.111180000E-02 1.000085217E+00 2.432453394E-05 5.872545212E+01
2.115950000E-02 1.000206275E+00 2.421645788E-05 5.859306694E+01
2.116210000E-02 1.000213279E+00 2.421065471E-05 5.858586813E+01
2.126630000E-02 1.000488032E+00 2.397718474E-05 5.829881079E+01
2.131840000E-02 1.000623393E+00 2.386172559E-05 5.815633443E+01
2.137350000E-02 1.000765142E+00 2.374058423E-05 5.800640981E+01
2.142510000E-02 1.000906009E+00 2.362794617E-05 5.786670774E+01
2.147800000E-02 1.001050526E+00 2.351341127E-05 5.772418288E+01
2.152900000E-02 1.001212713E+00 2.340370372E-05 5.758744020E+01
2.155620000E-02 1.001298194E+00 2.334552853E-05 5.751477533E+01
2.158330000E-02 1.001383252E+00 2.328764656E-05 5.744255976E+01
2.163400000E-02 1.001540910E+00 2.318017080E-05 5.730794120E+01
2.168950000E-02 1.001712140E+00 2.306337292E-05 5.716129925E+01
2.173840000E-02 1.001861991E+00 2.296014652E-05 5.703271630E+01
2.175150000E-02 1.001909558E+00 2.293249902E-05 5.699836793E+01
2.179060000E-02 1.002055621E+00 2.285055218E-05 5.689609281E+01
2.179950000E-02 1.002088434E+00 2.283189777E-05 5.687286406E+01
2.181610000E-02 1.002149984E+00 2.279730345E-05 5.682958916E+01
2.183060000E-02 1.002203622E+00 2.276716744E-05 5.679184264E+01
2.184340000E-02 1.002250568E+00 2.274049263E-05 5.675856323E+01
2.186420000E-02 1.002327118E+00 2.269738362E-05 5.670456728E+01
2.187280000E-02 1.002358310E+00 2.267967631E-05 5.668227205E+01
2.189910000E-02 1.002454496E+00 2.262537139E-05 5.661419876E+01
2.191570000E-02 1.002515057E+00 2.259124634E-05 5.657131645E+01
2.193240000E-02 1.002575408E+00 2.255685611E-05 5.652824132E+01
2.194150000E-02 1.002610190E+00 2.253828630E-05 5.650479685E+01
2.195730000E-02 1.002679208E+00 2.250599837E-05 5.646413721E+01
2.198110000E-02 1.002782263E+00 2.245742433E-05 5.640300076E+01
2.199300000E-02 1.002833690E+00 2.243312832E-05 5.637248215E+01
2.200480000E-02 1.002885709E+00 2.240921134E-05 5.634225260E+01
2.204230000E-02 1.003055279E+00 2.233329873E-05 5.624639897E+01
2.206100000E-02 1.003139639E+00 2.229545315E-05 5.619872173E+01
2.207030000E-02 1.003181725E+00 2.227680250E-05 5.617504067E+01
2.207970000E-02 1.003223709E+00 2.225783871E-05 5.615112524E+01
2.208870000E-02 1.003263986E+00 2.223983949E-05 5.612824657E+01
2.212030000E-02 1.003404801E+00 2.217647787E-05 5.604806445E+01
2.213600000E-02 1.003474800E+00 2.214516594E-05 5.600831225E+01
2.214780000E-02 1.003527326E+00 2.212157503E-05 5.597847190E+01
2.215530000E-02 1.003560342E+00 2.210673451E-05 5.595952210E+01
2.219980000E-02 1.003756184E+00 2.201846358E-05 5.584734998E+01
2.220840000E-02 1.003796385E+00 2.200141398E-05 5.582572360E+01
2.222360000E-02 1.003868363E+00 2.197146148E-05 5.578754117E+01
2.224230000E-02 1.003963917E+00 2.193466548E-05 5.574063833E+01
2.226020000E-02 1.004065280E+00 2.189940321E-05 5.569581585E+01
2.227820000E-02 1.004166276E+00 2.186416224E-05 5.565081560E+01
2.229410000E-02 1.004255692E+00 2.183311906E-05 5.561112581E+01
2.232010000E-02 1.004401831E+00 2.178241536E-05 5.554634612E+01
2.234140000E-02 1.004520573E+00 2.174103289E-05 5.549338896E+01
2.236940000E-02 1.004675806E+00 2.168677157E-05 5.542392733E+01
2.239530000E-02 1.004830104E+00 2.163690188E-05 5.535982996E+01
2.240280000E-02 1.004879071E+00 2.162241712E-05 5.534129662E+01
2.247740000E-02 1.005356558E+00 2.147952134E-05 5.515762499E+01
2.255920000E-02 1.005920792E+00 2.135132553E-05 5.495762261E+01
2.264720000E-02 1.006624901E+00 2.141314117E-05 5.474407432E+01
2.282290000E-02 1.008427492E+00 3.200328895E-05 5.432263209E+01
2.290430000E-02 1.009539152E+00 6.855546446E-05 5.412957392E+01
2.295870000E-02 1.010431624E+00 1.350987120E-04 5.400131541E+01
2.298620000E-02 1.010938281E+00 1.931709555E-04 5.393670985E+01
2.300230000E-02 1.011255274E+00 2.381922028E-04 5.389895793E+01
2.300670000E-02 1.011343620E+00 2.519575962E-04 5.388864983E+01
2.301160000E-02 1.011444080E+00 2.683250768E-04 5.387717499E+01
2.302390000E-02 1.011703306E+00 3.143726106E-04 5.384839232E+01
2.304950000E-02 1.012268457E+00 4.327574417E-04 5.378858544E+01
2.308900000E-02 1.013220388E+00 6.952091479E-04 5.369656546E+01
2.314280000E-02 1.014659900E+00 1.261268321E-03 5.357173721E+01
2.322830000E-02 1.017162147E+00 2.863172056E-03 5.337454743E+01
2.330540000E-02 1.019342039E+00 5.241659367E-03 5.319797129E+01
2.333850000E-02 1.020142965E+00 6.550974474E-03 5.312252287E+01
2.338620000E-02 1.021046501E+00 8.718764413E-03 5.301417075E+01
2.342130000E-02 1.021442942E+00 1.048454524E-02 5.293472181E+01
2.345110000E-02 1.021643548E+00 1.204265273E-02 5.286745611E+01
2.348650000E-02 1.021674535E+00 1.395926952E-02 5.278777170E+01
2.350430000E-02 1.021553904E+00 1.492781756E-02 5.274779508E+01
2.354480000E-02 1.021122637E+00 1.712752145E-02 5.265706228E+01
2.359860000E-02 1.020014860E+00 1.988424621E-02 5.253701491E+01
2.361350000E-02 1.019621401E+00 2.061552782E-02 5.250386431E+01
2.385640000E-02 1.009987490E+00 2.802826302E-02 5.196928288E+01
2.406850000E-02 1.001541532E+00 2.798461473E-02 5.151131147E+01
2.437710000E-02 9.945944889E-01 2.388281480E-02 5.085920803E+01
2.447660000E-02 9.933229309E-01 2.252381873E-02 5.065245990E+01
2.450570000E-02 9.930296687E-01 2.215773928E-02 5.059231118E+01
2.464360000E-02 9.917931182E-01 2.047785881E-02 5.030920807E+01
2.480770000E-02 9.907578132E-01 1.868952497E-02 4.997641861E+01
2.484700000E-02 9.905687692E-01 1.829735978E-02 4.989737192E+01
2.504680000E-02 9.897803217E-01 1.644075448E-02 4.949933724E+01
2.520000000E-02 9.893886445E-01 1.519276772E-02 4.919841270E+01
2.534960000E-02 9.891302524E-01 1.409675704E-02 4.890806956E+01
2.550000000E-02 9.889639748E-01 1.310045242E-02 4.861960784E+01
2.577800000E-02 9.888363904E-01 1.149903828E-02 4.809527504E+01
2.608840000E-02 9.888747504E-01 1.001400709E-02 4.752303706E+01
2.611830000E-02 9.888861679E-01 9.886876714E-03 4.746863310E+01
2.639960000E-02 9.890254221E-01 8.767100441E-03 4.696283277E+01
2.660340000E-02 9.891667506E-01 8.064457973E-03 4.660306577E+01
2.670010000E-02 9.892435363E-01 7.761587263E-03 4.643428302E+01
2.681110000E-02 9.893331771E-01 7.424271268E-03 4.624204154E+01
2.691220000E-02 9.894210043E-01 7.137470190E-03 4.606832589E+01
2.715660000E-02 9.896421773E-01 6.500816058E-03 4.565372690E+01
2.779080000E-02 9.902523800E-01 5.165789498E-03 4.461188595E+01
2.851020000E-02 9.909444615E-01 4.049912050E-03 4.348619091E+01
2.874520000E-02 9.911641517E-01 3.755779644E-03 4.313067921E+01
2.959740000E-02 9.919145468E-01 2.886173487E-03 4.188881456E+01
3.054920000E-02 9.926660970E-01 2.194520426E-03 4.058371414E+01
3.160630000E-02 9.933950359E-01 1.651008752E-03 3.922635677E+01
3.276810000E-02 9.940883963E-01 1.232360376E-03 3.783557789E+01
3.409200000E-02 9.947583453E-01 9.037150081E-04 3.636630294E+01
3.551300000E-02 9.953638304E-01 6.655206398E-04 3.491115929E+01
3.694090000E-02 9.958812980E-01 5.029472309E-04 3.356171615E+01
3.719280000E-02 9.959636429E-01 4.805635639E-04 3.333440881E+01
3.737450000E-02 9.960218794E-01 4.647907844E-04 3.317235013E+01
3.771770000E-02 9.961283245E-01 4.375825211E-04 3.287050907E+01
3.782890000E-02 9.961618629E-01 4.293493536E-04 3.277388452E+01
3.801060000E-02 9.962158738E-01 4.163167523E-04 3.261721730E+01
3.828330000E-02 9.962949235E-01 3.978089726E-04 3.238487800E+01
3.846500000E-02 9.963463062E-01 3.861802608E-04 3.223189913E+01
3.873760000E-02 9.964213237E-01 3.698861888E-04 3.200508034E+01
3.927510000E-02 9.965670832E-01 3.407875621E-04 3.156707430E+01
4.041370000E-02 9.968725374E-01 3.154788260E-04 3.067771573E+01
4.240000000E-02 9.972321841E-01 2.992639809E-04 2.924056604E+01
4.510900000E-02 9.976444449E-01 2.655325114E-04 2.748453745E+01
4.841720000E-02 9.980289136E-01 2.508108076E-04 2.560660261E+01
5.432500000E-02 9.984938203E-01 2.480188029E-04 2.282190520E+01
6.165950000E-02 9.988551254E-01 2.427950088E-04 2.010720165E+01
7.200000000E-02 9.991542272E-01 2.212136346E-04 1.721944444E+01
8.222430000E-02 9.993377787E-01 1.919210138E-04 1.507826762E+01
9.885530000E-02 9.995237211E-01 1.470296377E-04 1.254156327E+01
1.148150000E-01 9.996359818E-01 1.123498494E-04 1.079824065E+01
1.423830000E-01 9.997560495E-01 7.260036430E-05 8.707500193E+00
1.807480000E-01 9.998513211E-01 4.134538657E-05 6.859273685E+00
2.141040000E-01 9.999027682E-01 2.683119611E-05 5.790643799E+00
2.358740000E-01 9.999289887E-01 2.072210825E-05 5.256196105E+00
2.487400000E-01 9.999432826E-01 1.791837586E-05 4.984320978E+00
2.583890000E-01 9.999541518E-01 1.612042551E-05 4.798191873E+00
2.656260000E-01 9.999627949E-01 1.491980510E-05 4.667464781E+00
2.699910000E-01 9.999684410E-01 1.424613779E-05 4.592004919E+00
2.715840000E-01 9.999707906E-01 1.401060578E-05 4.565070107E+00
2.751920000E-01 9.999761931E-01 1.349378047E-05 4.505218175E+00
2.760840000E-01 9.999774875E-01 1.336967844E-05 4.490662262E+00
2.777750000E-01 9.999801111E-01 1.313812005E-05 4.463324633E+00
2.781770000E-01 9.999807274E-01 1.308375734E-05 4.456874580E+00
2.782730000E-01 9.999808733E-01 1.307082116E-05 4.455337025E+00
2.804670000E-01 9.999849304E-01 1.278151632E-05 4.420484406E+00
2.824840000E-01 9.999885510E-01 1.252209974E-05 4.388921142E+00
2.838070000E-01 9.999916053E-01 1.235528302E-05 4.368461666E+00
2.857060000E-01 9.999959784E-01 1.212078184E-05 4.339425843E+00
2.871190000E-01 9.999994874E-01 1.195019218E-05 4.318070208E+00
2.885720000E-01 1.000003797E+00 1.177972083E-05 4.296328126E+00
2.891270000E-01 1.000005570E+00 1.171721635E-05 4.288081016E+00
2.897360000E-01 1.000007645E+00 1.165319072E-05 4.279067841E+00
2.904800000E-01 1.000010485E+00 1.159045253E-05 4.268107959E+00
2.909980000E-01 1.000012651E+00 1.156834828E-05 4.260510382E+00
2.912400000E-01 1.000013722E+00 1.156861046E-05 4.256970196E+00
2.919240000E-01 1.000017014E+00 1.163171661E-05 4.246995793E+00
2.925980000E-01 1.000020680E+00 1.184837388E-05 4.237212831E+00
2.933030000E-01 1.000025054E+00 1.237577787E-05 4.227028022E+00
2.940510000E-01 1.000030343E+00 1.350082166E-05 4.216275408E+00
2.943270000E-01 1.000032457E+00 1.412109774E-05 4.212321669E+00
2.947330000E-01 1.000035713E+00 1.529769435E-05 4.206519121E+00
2.952530000E-01 1.000040093E+00 1.734427093E-05 4.199110593E+00
2.956180000E-01 1.000043236E+00 1.919512885E-05 4.193925945E+00
2.960760000E-01 1.000047188E+00 2.204394340E-05 4.187438360E+00
2.967420000E-01 1.000052708E+00 2.734645914E-05 4.178040183E+00
2.971980000E-01 1.000056143E+00 3.175062889E-05 4.171629688E+00
2.974940000E-01 1.000058113E+00 3.494856561E-05 4.167479008E+00
2.981540000E-01 1.000061478E+00 4.283740486E-05 4.158253788E+00
2.988020000E-01 1.000063362E+00 5.131299092E-05 4.149235949E+00
2.996090000E-01 1.000064376E+00 6.242652929E-05 4.138059938E+00
2.998040000E-01 1.000064102E+00 6.510260625E-05 4.135368441E+00
3.002280000E-01 1.000063091E+00 7.083969333E-05 4.129528225E+00
3.003490000E-01 1.000062673E+00 7.241993595E-05 4.127864584E+00
3.006090000E-01 1.000061620E+00 7.579582638E-05 4.124294349E+00
3.009970000E-01 1.000059643E+00 8.055063066E-05 4.118977930E+00
3.011810000E-01 1.000058395E+00 8.274030067E-05 4.116461530E+00
3.017520000E-01 1.000054417E+00 8.889265747E-05 4.108672022E+00
3.022810000E-01 1.000050425E+00 9.383932109E-05 4.101481734E+00
3.028580000E-01 1.000045484E+00 9.835431538E-05 4.093667659E+00
3.036990000E-01 1.000037869E+00 1.032458403E-04 4.082331519E+00
3.042500000E-01 1.000032902E+00 1.055211103E-04 4.074938373E+00
3.051140000E-01 1.000025523E+00 1.076664362E-04 4.063399254E+00
3.071190000E-01 1.000011559E+00 1.084942957E-04 4.036871701E+00
3.090490000E-01 1.000001540E+00 1.069766549E-04 4.011661581E+00
3.104620000E-01 9.999961612E-01 1.054901730E-04 3.993403379E+00
3.114500000E-01 9.999927436E-01 1.044602497E-04 3.980735271E+00
3.134430000E-01 9.999873643E-01 1.023983885E-04 3.955424112E+00
3.150510000E-01 9.999831404E-01 1.007662117E-04 3.935235882E+00
3.281780000E-01 9.999645580E-01 8.844421463E-05 3.777827886E+00
3.408620000E-01 9.999567577E-01 7.794599234E-05 3.637249092E+00
3.548130000E-01 9.999539356E-01 6.823234766E-05 3.494234991E+00
3.624290000E-01 9.999543606E-01 6.371203542E-05 3.420807938E+00
3.683580000E-01 9.999565537E-01 6.182454945E-05 3.365747452E+00
3.747900000E-01 9.999557858E-01 6.335162494E-05 3.307985805E+00
3.870300000E-01 9.999519841E-01 5.870262195E-05 3.203369248E+00
4.168690000E-01 9.999508550E-01 4.739394733E-05 2.974075789E+00
4.421860000E-01 9.999522688E-01 3.947246829E-05 2.803797497E+00
4.670620000E-01 9.999545770E-01 3.318273094E-05 2.654465574E+00
4.936710000E-01 9.999573765E-01 2.775163081E-05 2.511389164E+00
5.321840000E-01 9.999615167E-01 2.170794999E-05 2.329645386E+00
5.640210000E-01 9.999647555E-01 1.789797065E-05 2.198145105E+00
5.953510000E-01 9.999677083E-01 1.493773499E-05 2.082468997E+00
6.332480000E-01 9.999709044E-01 1.213801427E-05 1.957842741E+00
6.773000000E-01 9.999741520E-01 9.655704539E-06 1.830503470E+00
7.145990000E-01 9.999765556E-01 8.026142054E-06 1.734959047E+00
7.608580000E-01 9.999791439E-01 6.464194643E-06 1.629476197E+00
8.031060000E-01 9.999811747E-01 5.358670435E-06 1.543756366E+00
8.450360000E-01 9.999829305E-01 4.486807150E-06 1.467156429E+00
8.893290000E-01 9.999845433E-01 3.749609636E-06 1.394084754E+00
9.427030000E-01 9.999862184E-01 3.053323574E-06 1.315154402E+00
1.048020000E+00 9.999888349E-01 2.098769078E-06 1.182992691E+00
1.121190000E+00 9.999902511E-01 1.649143914E-06 1.105789384E+00
1.251590000E+00 9.999921974E-01 1.111279101E-06 9.905799823E-01
1.439210000E+00 9.999941327E-01 6.703620549E-07 8.614448204E-01
1.651550000E+00 9.999955767E-01 4.057663949E-07 7.506887469E-01
1.890260000E+00 9.999966528E-01 2.471216492E-07 6.558886079E-01
2.149230000E+00 9.999974362E-01 1.536955286E-07 5.768577584E-01
2.443670000E+00 9.999980414E-01 9.537790578E-08 5.073516473E-01
2.787630000E+00 9.999985221E-01 5.832099618E-08 4.447505587E-01
3.043300000E+00 9.999987843E-01 4.198177695E-08 4.073867184E-01
3.221380000E+00 9.999989383E-01 3.389964627E-08 3.848661133E-01
3.333460000E+00 9.999990290E-01 2.980738824E-08 3.719258668E-01
3.420290000E+00 9.999991019E-01 2.705380670E-08 3.624838829E-01
3.476920000E+00 9.999991559E-01 2.545839267E-08 3.565799616E-01
3.499830000E+00 9.999991826E-01 2.527240964E-08 3.542457777E-01
3.514500000E+00 9.999992031E-01 2.638332699E-08 3.527671077E-01
3.523700000E+00 9.999992177E-01 2.847158485E-08 3.518460709E-01
3.531550000E+00 9.999992312E-01 3.175884583E-08 3.510639804E-01
3.539620000E+00 9.999992459E-01 3.720738898E-08 3.502635876E-01
3.547830000E+00 9.999992611E-01 4.544817818E-08 3.494530459E-01
3.556200000E+00 9.999992759E-01 5.706524973E-08 3.486305607E-01
3.568620000E+00 9.999992939E-01 8.005231924E-08 3.474172089E-01
3.588620000E+00 9.999993055E-01 1.248348282E-07 3.454809927E-01
3.602700000E+00 9.999992997E-01 1.535459078E-07 3.441307908E-01
3.619380000E+00 9.999992837E-01 1.768515843E-07 3.425448557E-01
3.639650000E+00 9.999992627E-01 1.889056073E-07 3.406371492E-01
3.669790000E+00 9.999992428E-01 1.892143839E-07 3.378394949E-01
3.687680000E+00 9.999992373E-01 1.862493192E-07 3.362005380E-01
3.726030000E+00 9.999992333E-01 1.799947276E-07 3.327402087E-01
3.793700000E+00 9.999992373E-01 1.693254223E-07 3.268049661E-01
3.872960000E+00 9.999992499E-01 1.577342152E-07 3.201169132E-01
3.975620000E+00 9.999992719E-01 1.440583350E-07 3.118507302E-01
4.087180000E+00 9.999992987E-01 1.305917035E-07 3.033387323E-01
4.214550000E+00 9.999993303E-01 1.170386087E-07 2.941713825E-01
4.351330000E+00 9.999993639E-01 1.043042699E-07 2.849243794E-01
4.454000000E+00 9.999993883E-01 9.586552833E-08 2.783565335E-01
4.568310000E+00 9.999994146E-01 8.749120407E-08 2.713913898E-01
4.684360000E+00 9.999994399E-01 7.990287478E-08 2.646679589E-01
4.780820000E+00 9.999994600E-01 7.422448801E-08 2.593278977E-01
4.931110000E+00 9.999994896E-01 6.637400440E-08 2.514241215E-01
5.051330000E+00 9.999995119E-01 6.083470336E-08 2.454403098E-01
5.191130000E+00 9.999995361E-01 5.511770158E-08 2.388304666E-01
5.298590000E+00 9.999995537E-01 5.119639001E-08 2.339867776E-01
5.344500000E+00 9.999995609E-01 4.960780470E-08 2.319767986E-01
5.466080000E+00 9.999995792E-01 4.573416212E-08 2.268170243E-01
5.623410000E+00 9.999996014E-01 4.126833027E-08 2.204712088E-01
5.776700000E+00 9.999996215E-01 3.739419755E-08 2.146208043E-01
5.958110000E+00 9.999996434E-01 3.335936502E-08 2.080861213E-01
6.264670000E+00 9.999996766E-01 2.771399970E-08 1.979034809E-01
6.686770000E+00 9.999997155E-01 2.177851063E-08 1.854108935E-01
7.297550000E+00 9.999997606E-01 1.573831901E-08 1.698926352E-01
8.155560000E+00 9.999998082E-01 1.036780292E-08 1.520189907E-01
9.226860000E+00 9.999998502E-01 6.497039387E-09 1.343685718E-01
1.043460000E+01 9.999998830E-01 4.059143134E-09 1.188162460E-01
1.182770000E+01 9.999999091E-01 2.506166838E-09 1.048217320E-01
1.333520000E+01 9.999999286E-01 1.573102429E-09 9.297198392E-02
1.511260000E+01 9.999999445E-01 9.650561613E-10 8.203750513E-02
1.697180000E+01 9.999999561E-01 6.120853114E-10 7.305058980E-02
1.904270000E+01 9.999999652E-01 3.880561930E-10 6.510631371E-02
2.139310000E+01 9.999999725E-01 2.443035125E-10 5.795326531E-02
2.393850000E+01 9.999999780E-01 1.558722468E-10 5.179104789E-02
2.691540000E+01 9.999999826E-01 9.738104353E-11 4.606284878E-02
3.011270000E+01 9.999999861E-01 6.191080845E-11 4.117199720E-02
3.360930000E+01 9.999999889E-01 3.964979962E-11 3.688859929E-02
3.750640000E+01 9.999999911E-01 2.539114305E-11 3.305569183E-02
4.196740000E+01 9.999999929E-01 1.603744677E-11 2.954197782E-02
4.640760000E+01 9.999999942E-01 1.062044987E-11 2.671545178E-02
5.056970000E+01 9.999999951E-01 7.469705834E-12 2.451665721E-02
5.475310000E+01 9.999999958E-01 5.380315475E-12 2.264346676E-02
5.833610000E+01 9.999999963E-01 4.143717427E-12 2.125270630E-02
6.123470000E+01 9.999999967E-01 3.391753157E-12 2.024669019E-02
6.407150000E+01 9.999999970E-01 2.812555490E-12 1.935025713E-02
6.543320000E+01 9.999999971E-01 2.579188887E-12 1.894756790E-02
6.650900000E+01 9.999999972E-01 2.411721835E-12 1.864108617E-02
6.712020000E+01 9.999999972E-01 2.321432703E-12 1.847133948E-02
6.873000000E+01 9.999999974E-01 2.104125176E-12 1.803870217E-02
7.109100000E+01 9.999999975E-01 1.829326875E-12 1.743961964E-02
7.499580000E+01 9.999999978E-01 1.465484709E-12 1.653159244E-02
7.998990000E+01 9.999999980E-01 1.121776628E-12 1.549945681E-02
8.708880000E+01 9.999999984E-01 7.882098081E-13 1.423604413E-02
9.601640000E+01 9.999999986E-01 5.255179626E-13 1.291237747E-02
1.070360000E+02 9.999999989E-01 3.348052757E-13 1.158301880E-02
1.192360000E+02 9.999999991E-01 2.138468392E-13 1.039786642E-02
1.328600000E+02 9.999999993E-01 1.364404230E-13 9.331627277E-03
1.479090000E+02 9.999999994E-01 8.741794646E-14 8.382180936E-03
1.645020000E+02 9.999999995E-01 5.638630442E-14 7.536686484E-03
1.826840000E+02 9.999999996E-01 3.660620480E-14 6.786582295E-03
2.030380000E+02 9.999999997E-01 2.376131348E-14 6.106246121E-03
2.259760000E+02 9.999999998E-01 1.534977693E-14 5.486423337E-03
2.519350000E+02 9.999999998E-01 9.890320463E-15 4.921110604E-03
2.809450000E+02 9.999999998E-01 6.394766838E-15 4.412963391E-03
3.112820000E+02 9.999999999E-01 4.259300240E-15 3.982883687E-03
3.481120000E+02 9.999999999E-01 2.751189828E-15 3.561497449E-03
3.901670000E+02 9.999999999E-01 1.773429761E-15 3.177613688E-03
4.371810000E+02 9.999999999E-01 1.154821854E-15 2.835896345E-03
4.897790000E+02 9.999999999E-01 7.587905341E-16 2.531345770E-03
5.543070000E+02 1.000000000E+00 4.856236181E-16 2.236666685E-03
6.291440000E+02 1.000000000E+00 3.116757741E-16 1.970614041E-03
7.140850000E+02 1.000000000E+00 2.029040684E-16 1.736207874E-03
8.216510000E+02 1.000000000E+00 1.284395700E-16 1.508913152E-03
9.588070000E+02 1.000000000E+00 7.903132672E-17 1.293065236E-03
1.120600000E+03 1.000000000E+00 4.937661148E-17 1.106371587E-03
1.347260000E+03 1.000000000E+00 2.831327966E-17 9.202381129E-04
1.619760000E+03 1.000000000E+00 1.623536910E-17 7.654220378E-04
1.947380000E+03 1.000000000E+00 9.309636762E-18 6.366502686E-04
2.341270000E+03 1.000000000E+00 5.338285263E-18 5.295416590E-04
2.814820000E+03 1.000000000E+00 3.061073552E-18 4.404544518E-04
3.384160000E+03 1.000000000E+00 1.755267539E-18 3.663538367E-04
4.068660000E+03 1.000000000E+00 1.006500285E-18 3.047194900E-04
4.891600000E+03 1.000000000E+00 5.771434860E-19 2.534549023E-04
5.881000000E+03 1.000000000E+00 3.309432925E-19 2.108144873E-04
7.070510000E+03 1.000000000E+00 1.897687091E-19 1.753480301E-04
8.500630000E+03 1.000000000E+00 1.088171351E-19 1.458480136E-04
1.000000000E+04 0.000000000E+00 0.000000000E+00 1.239800000E-04
