# 11/08/2021 
# Data retrieved from www.chemicool.com/densities.html 
# Includes the real (n) and complex (k) part of the  refractive index. 
# Element, Mg  (Z = 12) 
# Nominal density, g cm-3 =  1.738 
#    E [keV]      n       k    Wavelength [nm] 
1.000000000E-03 -3.548143439E+02 3.486012007E-05 1.239800000E+03
1.125000000E-03 -4.552343869E+01 0.000000000E+00 1.102044444E+03
1.265630000E-03 -3.575155870E+01 0.000000000E+00 9.795911917E+02
1.423830000E-03 -2.803256587E+01 0.000000000E+00 8.707500193E+02
1.601810000E-03 -2.193464878E+01 0.000000000E+00 7.739994132E+02
1.701920000E-03 -1.931281424E+01 0.000000000E+00 7.284713735E+02
1.798730000E-03 -1.718329604E+01 0.000000000E+00 6.892640919E+02
1.980250000E-03 -1.399874649E+01 0.000000000E+00 6.260825653E+02
2.139080000E-03 -1.184888985E+01 0.000000000E+00 5.795949661E+02
2.278050000E-03 -1.032503801E+01 0.000000000E+00 5.442373960E+02
2.399650000E-03 -9.202740127E+00 0.000000000E+00 5.166586794E+02
2.506060000E-03 -8.352333696E+00 0.000000000E+00 4.947207968E+02
2.599160000E-03 -7.692148951E+00 0.000000000E+00 4.770002616E+02
2.680620000E-03 -7.170241151E+00 0.000000000E+00 4.625049429E+02
2.751900000E-03 -6.750902269E+00 0.000000000E+00 4.505250918E+02
2.814280000E-03 -6.409980555E+00 0.000000000E+00 4.405389656E+02
2.868850000E-03 -6.129681080E+00 0.000000000E+00 4.321592276E+02
2.916600000E-03 -5.897093971E+00 0.000000000E+00 4.250840019E+02
2.958390000E-03 -5.702936349E+00 0.000000000E+00 4.190792965E+02
2.994950000E-03 -5.539625079E+00 0.000000000E+00 4.139635052E+02
3.026940000E-03 -5.401480553E+00 0.000000000E+00 4.095885614E+02
3.054930000E-03 -5.284396136E+00 0.000000000E+00 4.058358129E+02
3.079420000E-03 -5.184210629E+00 0.000000000E+00 4.026082834E+02
3.100850000E-03 -5.098719082E+00 0.000000000E+00 3.998258542E+02
3.138360000E-03 -4.953202630E+00 0.000000000E+00 3.950470947E+02
3.166490000E-03 -4.847604083E+00 0.000000000E+00 3.915376332E+02
3.187580000E-03 -4.770188916E+00 0.000000000E+00 3.889471009E+02
3.203410000E-03 -4.713012578E+00 0.000000000E+00 3.870250764E+02
3.215270000E-03 -4.670656643E+00 0.000000000E+00 3.855974770E+02
3.224170000E-03 -4.639393288E+00 0.000000000E+00 3.845330736E+02
3.237520000E-03 -4.592697656E+00 0.000000000E+00 3.829474413E+02
3.244200000E-03 -4.569689975E+00 0.000000000E+00 3.821589298E+02
3.250870000E-03 -4.546577280E+00 0.000000000E+00 3.813748320E+02
3.256720000E-03 -4.526668701E+00 0.000000000E+00 3.806897738E+02
3.266880000E-03 -4.492346265E+00 0.000000000E+00 3.795058282E+02
3.272750000E-03 -4.472384719E+00 0.000000000E+00 3.788251470E+02
3.274880000E-03 -4.465268498E+00 0.000000000E+00 3.785787571E+02
3.280770000E-03 -4.445662409E+00 0.000000000E+00 3.778990908E+02
3.282880000E-03 -4.438664494E+00 0.000000000E+00 3.776562043E+02
3.288780000E-03 -4.418893918E+00 0.000000000E+00 3.769786973E+02
3.296800000E-03 -4.392561310E+00 0.000000000E+00 3.760616355E+02
3.301320000E-03 -4.377804976E+00 0.000000000E+00 3.755467510E+02
3.308100000E-03 -4.355512592E+00 0.000000000E+00 3.747770624E+02
3.311500000E-03 -4.344520960E+00 0.000000000E+00 3.743922694E+02
3.314890000E-03 -4.333595311E+00 0.000000000E+00 3.740093940E+02
3.320890000E-03 -4.314339831E+00 0.000000000E+00 3.733336545E+02
3.322890000E-03 -4.307944506E+00 0.000000000E+00 3.731089503E+02
3.328890000E-03 -4.288559829E+00 0.000000000E+00 3.724364578E+02
3.329890000E-03 -4.285383888E+00 0.000000000E+00 3.723246113E+02
3.330890000E-03 -4.282210808E+00 0.000000000E+00 3.722128320E+02
3.331390000E-03 -4.280625339E+00 0.000000000E+00 3.721569675E+02
3.332330000E-03 -4.277646589E+00 0.000000000E+00 3.720519876E+02
3.333970000E-03 -4.272455654E+00 0.000000000E+00 3.718689730E+02
3.336430000E-03 -4.264683598E+00 0.000000000E+00 3.715947884E+02
3.337660000E-03 -4.260804014E+00 0.000000000E+00 3.714578477E+02
3.338280000E-03 -4.258850076E+00 0.000000000E+00 3.713888589E+02
3.338890000E-03 -4.256928717E+00 0.000000000E+00 3.713210079E+02
3.339890000E-03 -4.253781224E+00 0.000000000E+00 3.712098303E+02
3.346890000E-03 -4.231562760E+00 0.000000000E+00 3.704334472E+02
3.348890000E-03 -4.225315913E+00 0.000000000E+00 3.702122196E+02
3.354890000E-03 -4.206642359E+00 0.000000000E+00 3.695501194E+02
3.358900000E-03 -4.194217950E+00 0.000000000E+00 3.691089345E+02
3.364900000E-03 -4.175448586E+00 0.000000000E+00 3.684507712E+02
3.370900000E-03 -4.157041005E+00 0.000000000E+00 3.677949509E+02
3.376960000E-03 -4.138548853E+00 0.000000000E+00 3.671349379E+02
3.384980000E-03 -4.113969258E+00 0.000000000E+00 3.662650887E+02
3.386900000E-03 -4.108172786E+00 0.000000000E+00 3.660574567E+02
3.392990000E-03 -4.089852156E+00 0.000000000E+00 3.654004285E+02
3.394900000E-03 -4.084126579E+00 0.000000000E+00 3.651948511E+02
3.401010000E-03 -4.065618888E+00 0.000000000E+00 3.645387694E+02
3.410910000E-03 -4.036256139E+00 0.000000000E+00 3.634807134E+02
3.417040000E-03 -4.018202758E+00 0.000000000E+00 3.628286470E+02
3.421260000E-03 -4.005577304E+00 0.000000000E+00 3.623811111E+02
3.429650000E-03 -3.981116834E+00 0.000000000E+00 3.614946132E+02
3.437990000E-03 -3.956728312E+00 0.000000000E+00 3.606176865E+02
3.454520000E-03 -3.909405565E+00 0.000000000E+00 3.588921182E+02
3.470800000E-03 -3.863211480E+00 0.000000000E+00 3.572087127E+02
3.486820000E-03 -3.818382525E+00 0.000000000E+00 3.555675372E+02
3.518370000E-03 -3.731875483E+00 0.000000000E+00 3.523790846E+02
3.548930000E-03 -3.650497922E+00 0.000000000E+00 3.493447321E+02
3.578540000E-03 -3.573393356E+00 0.000000000E+00 3.464541405E+02
3.607220000E-03 -3.500730828E+00 0.000000000E+00 3.436995803E+02
3.662780000E-03 -3.364561343E+00 0.000000000E+00 3.384860680E+02
3.714880000E-03 -3.242351512E+00 0.000000000E+00 3.337389095E+02
3.763710000E-03 -3.132357371E+00 0.000000000E+00 3.294090140E+02
3.855290000E-03 -2.937367644E+00 0.000000000E+00 3.215841091E+02
3.935410000E-03 -2.777913381E+00 0.000000000E+00 3.150370609E+02
4.075630000E-03 -2.519572082E+00 0.000000000E+00 3.041983693E+02
4.180800000E-03 -2.341670012E+00 0.000000000E+00 2.965461156E+02
4.338540000E-03 -2.098996040E+00 0.000000000E+00 2.857643355E+02
4.496290000E-03 -1.881393719E+00 0.000000000E+00 2.757384421E+02
4.507360000E-03 -1.866965631E+00 0.000000000E+00 2.750612332E+02
4.518420000E-03 -1.852656800E+00 0.000000000E+00 2.743879498E+02
4.529490000E-03 -1.838585489E+00 0.000000000E+00 2.737173501E+02
4.540560000E-03 -1.824473372E+00 0.000000000E+00 2.730500203E+02
4.551620000E-03 -1.810477144E+00 0.000000000E+00 2.723865349E+02
4.562690000E-03 -1.796571010E+00 0.000000000E+00 2.717256706E+02
4.573760000E-03 -1.782766414E+00 0.000000000E+00 2.710680053E+02
4.584830000E-03 -1.769062376E+00 0.000000000E+00 2.704135159E+02
4.595890000E-03 -1.755469913E+00 0.000000000E+00 2.697627663E+02
4.606960000E-03 -1.741963998E+00 0.000000000E+00 2.691145571E+02
4.618030000E-03 -1.728694925E+00 0.000000000E+00 2.684694556E+02
4.629090000E-03 -1.715394499E+00 0.000000000E+00 2.678280180E+02
4.640160000E-03 -1.702178079E+00 0.000000000E+00 2.671890624E+02
4.662300000E-03 -1.676029064E+00 0.000000000E+00 2.659202540E+02
4.673360000E-03 -1.663106067E+00 0.000000000E+00 2.652909256E+02
4.684430000E-03 -1.650263822E+00 0.000000000E+00 2.646640039E+02
4.695500000E-03 -1.637647545E+00 0.000000000E+00 2.640400383E+02
4.706560000E-03 -1.624997682E+00 0.000000000E+00 2.634195676E+02
4.717630000E-03 -1.612426234E+00 0.000000000E+00 2.628014490E+02
4.963970000E-03 -1.354514856E+00 0.000000000E+00 2.497597689E+02
5.087140000E-03 -1.239586344E+00 0.000000000E+00 2.437125772E+02
5.148720000E-03 -1.185103181E+00 0.000000000E+00 2.407977128E+02
5.179510000E-03 -1.158648237E+00 0.000000000E+00 2.393662721E+02
5.194910000E-03 -1.145538926E+00 0.000000000E+00 2.386566851E+02
5.210300000E-03 -1.132664166E+00 0.000000000E+00 2.379517494E+02
5.211980000E-03 -1.131289526E+00 0.000000000E+00 2.378750494E+02
5.235950000E-03 -1.111387236E+00 0.000000000E+00 2.367860656E+02
5.237640000E-03 -1.109916732E+00 0.000000000E+00 2.367096631E+02
5.250470000E-03 -1.099402473E+00 0.000000000E+00 2.361312416E+02
5.263300000E-03 -1.088965533E+00 0.000000000E+00 2.355556400E+02
5.269710000E-03 -1.083779777E+00 0.000000000E+00 2.352691135E+02
5.276130000E-03 -1.078605160E+00 0.000000000E+00 2.349828378E+02
5.280720000E-03 -1.074886858E+00 0.000000000E+00 2.347785908E+02
5.288770000E-03 -1.068469220E+00 0.000000000E+00 2.344212359E+02
5.294800000E-03 -1.063654678E+00 0.000000000E+00 2.341542646E+02
5.303850000E-03 -1.056407225E+00 0.000000000E+00 2.337547253E+02
5.308380000E-03 -1.052793660E+00 0.000000000E+00 2.335552466E+02
5.312900000E-03 -1.049302279E+00 0.000000000E+00 2.333565473E+02
5.320170000E-03 -1.043495664E+00 0.000000000E+00 2.330376661E+02
5.327440000E-03 -1.037817658E+00 0.000000000E+00 2.327196552E+02
5.340270000E-03 -1.027829574E+00 0.000000000E+00 2.321605462E+02
5.353100000E-03 -1.017913718E+00 0.000000000E+00 2.316041172E+02
5.365930000E-03 -1.008069398E+00 0.000000000E+00 2.310503491E+02
5.375650000E-03 -1.000608768E+00 0.000000000E+00 2.306325747E+02
5.394900000E-03 -9.860512483E-01 0.000000000E+00 2.298096350E+02
5.404410000E-03 -9.788645722E-01 0.000000000E+00 2.294052450E+02
5.417240000E-03 -9.693000662E-01 0.000000000E+00 2.288619297E+02
5.430070000E-03 -9.598037542E-01 0.000000000E+00 2.283211819E+02
5.441150000E-03 -9.516297630E-01 0.000000000E+00 2.278562436E+02
5.442900000E-03 -9.503749894E-01 0.000000000E+00 2.277829833E+02
5.462630000E-03 -9.359138273E-01 0.000000000E+00 2.269602737E+02
5.466800000E-03 -9.329615764E-01 0.000000000E+00 2.267871515E+02
5.468560000E-03 -9.316183287E-01 0.000000000E+00 2.267141624E+02
5.488360000E-03 -9.174107427E-01 0.000000000E+00 2.258962604E+02
5.488380000E-03 -9.173967697E-01 0.000000000E+00 2.258954373E+02
5.537030000E-03 -8.830767384E-01 0.000000000E+00 2.239106525E+02
5.622170000E-03 -8.251609058E-01 0.000000000E+00 2.205198349E+02
5.877580000E-03 -6.662028407E-01 0.000000000E+00 2.109371544E+02
5.878260000E-03 -6.658173689E-01 0.000000000E+00 2.109127531E+02
5.907200000E-03 -6.491100703E-01 0.000000000E+00 2.098794691E+02
5.921670000E-03 -6.408912256E-01 0.000000000E+00 2.093666145E+02
5.936140000E-03 -6.327328216E-01 0.000000000E+00 2.088562601E+02
5.950610000E-03 -6.245504580E-01 0.000000000E+00 2.083483878E+02
5.971960000E-03 -6.127059078E-01 0.000000000E+00 2.076035338E+02
5.993320000E-03 -6.009006370E-01 0.000000000E+00 2.068636415E+02
6.008480000E-03 -5.925857420E-01 0.000000000E+00 2.063417037E+02
6.022950000E-03 -5.847790091E-01 0.000000000E+00 2.058459725E+02
6.037420000E-03 -5.770287314E-01 0.000000000E+00 2.053526175E+02
6.051890000E-03 -5.692533369E-01 0.000000000E+00 2.048616217E+02
6.070560000E-03 -5.593741065E-01 0.000000000E+00 2.042315701E+02
6.095290000E-03 -5.464267668E-01 0.000000000E+00 2.034029554E+02
6.109760000E-03 -5.388719959E-01 0.000000000E+00 2.029212277E+02
6.124230000E-03 -5.314504031E-01 0.000000000E+00 2.024417764E+02
6.138700000E-03 -5.240816013E-01 0.000000000E+00 2.019645853E+02
6.157430000E-03 -5.145105293E-01 0.000000000E+00 2.013502387E+02
6.166920000E-03 -5.097748523E-01 0.000000000E+00 2.010403897E+02
6.167640000E-03 -5.094223759E-01 0.000000000E+00 2.010169206E+02
6.171900000E-03 -5.072615022E-01 0.000000000E+00 2.008781737E+02
6.171910000E-03 -5.072566175E-01 0.000000000E+00 2.008778482E+02
6.180950000E-03 -5.026955742E-01 0.000000000E+00 2.005840526E+02
6.183240000E-03 -5.015827158E-01 0.000000000E+00 2.005097651E+02
6.183590000E-03 -5.014127378E-01 0.000000000E+00 2.004984160E+02
6.214030000E-03 -4.863548587E-01 0.000000000E+00 1.995162560E+02
6.229250000E-03 -4.788710257E-01 0.000000000E+00 1.990287755E+02
6.244470000E-03 -4.715185183E-01 0.000000000E+00 1.985436714E+02
6.259690000E-03 -4.641442060E-01 0.000000000E+00 1.980609263E+02
6.274910000E-03 -4.568994139E-01 0.000000000E+00 1.975805231E+02
6.290130000E-03 -4.496325009E-01 0.000000000E+00 1.971024446E+02
6.305350000E-03 -4.424186916E-01 0.000000000E+00 1.966266742E+02
6.320570000E-03 -4.353317579E-01 0.000000000E+00 1.961531950E+02
6.335790000E-03 -4.282222617E-01 0.000000000E+00 1.956819907E+02
6.351010000E-03 -4.212379271E-01 0.000000000E+00 1.952130449E+02
6.366230000E-03 -4.142307481E-01 0.000000000E+00 1.947463412E+02
6.396670000E-03 -4.004402439E-01 0.000000000E+00 1.938195968E+02
6.411890000E-03 -3.935830794E-01 0.000000000E+00 1.933595243E+02
6.427110000E-03 -3.868469296E-01 0.000000000E+00 1.929016307E+02
6.442350000E-03 -3.800787303E-01 0.000000000E+00 1.924453033E+02
6.457980000E-03 -3.732641904E-01 0.000000000E+00 1.919795354E+02
6.473610000E-03 -3.664284756E-01 0.000000000E+00 1.915160166E+02
6.489230000E-03 -3.596467952E-01 0.000000000E+00 1.910550250E+02
6.504860000E-03 -3.529803976E-01 0.000000000E+00 1.905959544E+02
6.520490000E-03 -3.462924139E-01 0.000000000E+00 1.901390846E+02
6.536110000E-03 -3.397264222E-01 0.000000000E+00 1.896846901E+02
6.588280000E-03 -3.179775289E-01 0.000000000E+00 1.881826516E+02
6.756990000E-03 -2.433637324E-01 4.440046168E-04 1.834840661E+02
6.860530000E-03 -1.925600909E-01 1.278523036E-02 1.807149010E+02
6.914350000E-03 -1.756810270E-01 2.664150691E-02 1.793082502E+02
7.026550000E-03 -1.579100604E-01 3.514917949E-02 1.764450548E+02
7.297680000E-03 -8.840375980E-02 2.352353098E-02 1.698896088E+02
7.527380000E-03 -2.581980358E-02 1.620454834E-02 1.647053822E+02
7.734920000E-03 2.829195533E-02 1.132124944E-02 1.602860792E+02
7.926450000E-03 7.543993281E-02 7.939889264E-03 1.564130222E+02
8.094310000E-03 1.147936367E-01 5.674661097E-03 1.531693251E+02
8.256160000E-03 1.509449189E-01 3.989692454E-03 1.501666634E+02
8.414960000E-03 1.844900356E-01 2.724745447E-03 1.473328453E+02
8.541740000E-03 2.100236733E-01 1.942932559E-03 1.451460709E+02
8.657470000E-03 2.323094319E-01 1.378085346E-03 1.432058095E+02
8.759360000E-03 2.512643992E-01 9.822063459E-04 1.415400212E+02
8.834990000E-03 2.648647689E-01 7.424846824E-04 1.403283988E+02
8.926240000E-03 2.808237183E-01 5.078223364E-04 1.388938680E+02
9.002850000E-03 2.938535183E-01 3.522259383E-04 1.377119468E+02
9.065990000E-03 3.043412228E-01 2.495564831E-04 1.367528532E+02
9.119000000E-03 3.129766670E-01 1.797360108E-04 1.359578901E+02
9.162500000E-03 3.199441917E-01 1.327952404E-04 1.353124147E+02
9.207500000E-03 3.270303367E-01 9.344595454E-05 1.346510996E+02
9.245000000E-03 3.328606820E-01 6.739867584E-05 1.341049216E+02
9.275000000E-03 3.374799206E-01 5.074881729E-05 1.336711590E+02
9.296500000E-03 3.407811723E-01 4.101119246E-05 1.333620180E+02
9.323750000E-03 3.449019792E-01 3.120569613E-05 1.329722483E+02
9.345400000E-03 3.481376140E-01 2.536799120E-05 1.326641984E+02
9.366250000E-03 3.512395571E-01 2.132895103E-05 1.323688776E+02
9.387500000E-03 3.543754267E-01 1.875968601E-05 1.320692410E+02
9.405000000E-03 3.569435946E-01 1.778353264E-05 1.318234981E+02
9.423750000E-03 3.597004793E-01 1.784818205E-05 1.315612150E+02
9.445000000E-03 3.627780264E-01 1.927145684E-05 1.312652197E+02
9.465000000E-03 3.656669098E-01 2.188266958E-05 1.309878500E+02
9.487190000E-03 3.688286170E-01 2.617768638E-05 1.306814768E+02
9.515000000E-03 3.727749867E-01 3.356771641E-05 1.302995271E+02
9.544000000E-03 3.768415691E-01 4.355592668E-05 1.299036044E+02
9.577000000E-03 3.814522497E-01 5.763081483E-05 1.294559883E+02
9.611620000E-03 3.862213566E-01 7.534770527E-05 1.289897020E+02
9.651750000E-03 3.916651189E-01 9.945088583E-05 1.284533893E+02
9.701870000E-03 3.983756381E-01 1.346019819E-04 1.277897972E+02
9.766770000E-03 4.069357723E-01 1.877682040E-04 1.269406365E+02
9.844990000E-03 4.169653319E-01 2.621530981E-04 1.259320731E+02
9.933110000E-03 4.279859429E-01 3.578058167E-04 1.248148868E+02
1.005810000E-02 4.431116481E-01 5.115434472E-04 1.232638371E+02
1.022430000E-02 4.623185408E-01 7.417187832E-04 1.212601352E+02
1.047000000E-02 4.889636527E-01 1.118488977E-03 1.184145177E+02
1.084610000E-02 5.260863960E-01 1.736138402E-03 1.143083689E+02
1.110840000E-02 5.496460337E-01 2.170920171E-03 1.116092327E+02
1.207000000E-02 6.226403876E-01 3.617754998E-03 1.027174814E+02
1.405000000E-02 7.265265086E-01 5.449669686E-03 8.824199288E+01
1.600000000E-02 7.922305489E-01 6.031713409E-03 7.748750000E+01
1.840770000E-02 8.475735801E-01 5.907993032E-03 6.735224933E+01
2.089300000E-02 8.856506378E-01 5.394510539E-03 5.934044895E+01
2.500000000E-02 9.256387083E-01 4.397900586E-03 4.959200000E+01
2.818380000E-02 9.462502877E-01 3.716830343E-03 4.398980975E+01
3.200000000E-02 9.631546000E-01 3.010321055E-03 3.874375000E+01
3.715520000E-02 9.793168733E-01 2.348516261E-03 3.336814228E+01
4.132910000E-02 9.891424006E-01 1.931658844E-03 2.999823369E+01
4.439680000E-02 9.953775713E-01 1.684672004E-03 2.792543607E+01
4.466840000E-02 9.959333865E-01 1.665184535E-03 2.775563933E+01
4.679520000E-02 1.000023040E+00 1.517939525E-03 2.649417034E+01
4.699860000E-02 1.000458163E+00 1.504896493E-03 2.637950918E+01
4.800000000E-02 1.002683132E+00 1.443055949E-03 2.582916667E+01
4.963150000E-02 1.005973473E+00 1.349212130E-03 2.498010336E+01
5.064330000E-02 1.007940391E+00 1.294357837E-03 2.448102711E+01
5.173170000E-02 1.010599581E+00 1.238935575E-03 2.396596284E+01
5.219160000E-02 1.011654562E+00 1.216554547E-03 2.375478046E+01
5.255870000E-02 1.012781547E+00 1.199125470E-03 2.358886350E+01
5.265920000E-02 1.013112746E+00 1.194413647E-03 2.354384419E+01
5.291840000E-02 1.013954318E+00 1.182264663E-03 2.342852392E+01
5.297130000E-02 1.014124247E+00 1.179777574E-03 2.340512693E+01
5.304800000E-02 1.014369236E+00 1.176189167E-03 2.337128638E+01
5.318550000E-02 1.014803885E+00 1.169790200E-03 2.331086480E+01
5.331200000E-02 1.015200473E+00 1.163952997E-03 2.325555222E+01
5.339380000E-02 1.015454785E+00 1.160191555E-03 2.321992441E+01
5.364170000E-02 1.016214751E+00 1.148915316E-03 2.311261574E+01
5.383800000E-02 1.016807311E+00 1.140101900E-03 2.302834429E+01
5.399920000E-02 1.017291328E+00 1.132938722E-03 2.295959940E+01
5.417170000E-02 1.017927738E+00 1.125370856E-03 2.288648870E+01
5.445730000E-02 1.019108205E+00 1.113507781E-03 2.276646106E+01
5.478870000E-02 1.020736452E+00 1.108066476E-03 2.262875374E+01
5.535670000E-02 1.024540549E+00 1.398643735E-03 2.239656627E+01
5.650640000E-02 1.032739063E+00 1.058342757E-02 2.194087749E+01
5.796380000E-02 1.028845042E+00 1.912579536E-02 2.138921189E+01
5.956620000E-02 1.027178483E+00 2.328677274E-02 2.081381723E+01
6.165950000E-02 1.025043592E+00 2.816596180E-02 2.010720165E+01
6.457320000E-02 1.021036633E+00 3.352003364E-02 1.919991575E+01
6.690000000E-02 1.017292478E+00 3.632129890E-02 1.853213752E+01
7.161430000E-02 1.009796989E+00 3.856003618E-02 1.731218486E+01
7.501300000E-02 1.005254752E+00 3.823827790E-02 1.652780185E+01
7.852360000E-02 1.001504609E+00 3.705954851E-02 1.578888385E+01
7.943050000E-02 1.000690537E+00 3.663126862E-02 1.560861382E+01
8.082500000E-02 9.995297984E-01 3.598945805E-02 1.533931333E+01
8.163930000E-02 9.989290931E-01 3.555780525E-02 1.518631345E+01
8.208920000E-02 9.986078449E-01 3.532361340E-02 1.510308299E+01
8.274370000E-02 9.981676959E-01 3.498825250E-02 1.498361809E+01
8.317640000E-02 9.978872837E-01 3.476990499E-02 1.490567036E+01
8.329590000E-02 9.978176300E-01 3.470045342E-02 1.488428602E+01
8.357200000E-02 9.976582313E-01 3.454089772E-02 1.483511224E+01
8.374840000E-02 9.975576468E-01 3.443967666E-02 1.480386491E+01
8.384810000E-02 9.975030866E-01 3.438272983E-02 1.478626230E+01
8.385390000E-02 9.975000554E-01 3.437940871E-02 1.478523957E+01
8.406030000E-02 9.973879958E-01 3.426206939E-02 1.474893618E+01
8.428170000E-02 9.972692581E-01 3.413694769E-02 1.471019213E+01
8.447310000E-02 9.971730665E-01 3.402950818E-02 1.467686163E+01
8.467950000E-02 9.970705292E-01 3.391435678E-02 1.464108787E+01
8.488590000E-02 9.969686095E-01 3.379988039E-02 1.460548807E+01
8.498970000E-02 9.969180772E-01 3.374259688E-02 1.458765003E+01
8.509350000E-02 9.968678003E-01 3.368545113E-02 1.456985551E+01
8.519830000E-02 9.968207141E-01 3.362793945E-02 1.455193355E+01
8.530300000E-02 9.967738611E-01 3.357068722E-02 1.453407266E+01
8.540770000E-02 9.967268404E-01 3.351361448E-02 1.451625556E+01
8.548160000E-02 9.966943189E-01 3.347344248E-02 1.450370606E+01
8.551240000E-02 9.966812771E-01 3.345672044E-02 1.449848209E+01
8.572190000E-02 9.965948935E-01 3.334338745E-02 1.446304853E+01
8.616040000E-02 9.964255777E-01 3.310848177E-02 1.438944109E+01
8.637260000E-02 9.963528149E-01 3.299588614E-02 1.435408914E+01
8.659360000E-02 9.962871045E-01 3.287248336E-02 1.431745533E+01
8.681960000E-02 9.962331754E-01 3.273770998E-02 1.428018558E+01
8.709810000E-02 9.961821124E-01 3.257398711E-02 1.423452406E+01
8.761380000E-02 9.961488264E-01 3.228846178E-02 1.415073881E+01
8.813730000E-02 9.962292056E-01 3.207692920E-02 1.406668913E+01
8.997060000E-02 9.958944210E-01 3.301317420E-02 1.378005704E+01
9.400000000E-02 9.922027975E-01 3.129407353E-02 1.318936170E+01
9.891140000E-02 9.900362613E-01 2.842067151E-02 1.253445002E+01
1.072180000E-01 9.880672891E-01 2.394483377E-02 1.156335690E+01
1.190210000E-01 9.871357864E-01 1.862482490E-02 1.041664916E+01
1.322030000E-01 9.874511803E-01 1.407129864E-02 9.378002012E+00
1.445440000E-01 9.883137557E-01 1.093117407E-02 8.577319017E+00
1.594040000E-01 9.895376932E-01 8.210749694E-03 7.777722015E+00
1.757920000E-01 9.908345029E-01 6.124371964E-03 7.052653136E+00
1.989530000E-01 9.924203029E-01 4.180716654E-03 6.231622544E+00
2.194070000E-01 9.935653999E-01 3.064672737E-03 5.650685712E+00
2.433600000E-01 9.946442909E-01 2.194068805E-03 5.094510191E+00
2.726850000E-01 9.956591388E-01 1.511072379E-03 4.546638062E+00
3.063730000E-01 9.965242474E-01 1.024745258E-03 4.046701243E+00
3.505860000E-01 9.973306429E-01 6.489443364E-04 3.536364829E+00
4.039370000E-01 9.979891841E-01 3.988857534E-04 3.069290508E+00
4.680090000E-01 9.985084562E-01 2.391926093E-04 2.649094355E+00
5.403510000E-01 9.988894114E-01 1.443034747E-04 2.294434543E+00
6.214950000E-01 9.991689964E-01 8.783639930E-05 1.994867215E+00
7.099860000E-01 9.993710557E-01 5.457059100E-05 1.746231616E+00
8.156500000E-01 9.995314997E-01 3.308776962E-05 1.520014712E+00
9.371240000E-01 9.996538141E-01 1.998394651E-05 1.322983938E+00
1.048450000E+00 9.997324894E-01 1.325702253E-05 1.182507511E+00
1.126320000E+00 9.997765277E-01 1.019417250E-05 1.100752894E+00
1.177000000E+00 9.998029506E-01 8.667570915E-06 1.053355990E+00
1.218070000E+00 9.998250301E-01 7.637667327E-06 1.017839697E+00
1.246570000E+00 9.998429594E-01 7.012705346E-06 9.945690976E-01
1.260320000E+00 9.998541935E-01 6.783862728E-06 9.837184207E-01
1.264110000E+00 9.998580210E-01 6.821954903E-06 9.807690786E-01
1.267050000E+00 9.998613529E-01 6.976507515E-06 9.784933507E-01
1.269710000E+00 9.998646931E-01 7.297627002E-06 9.764434398E-01
1.272630000E+00 9.998687684E-01 7.987039955E-06 9.742030284E-01
1.275800000E+00 9.998736585E-01 9.355115419E-06 9.717824110E-01
1.279020000E+00 9.998789780E-01 1.168604420E-05 9.693358978E-01
1.282280000E+00 9.998844418E-01 1.530195708E-05 9.668715101E-01
1.287390000E+00 9.998919912E-01 2.382536668E-05 9.630337349E-01
1.291740000E+00 9.998960181E-01 3.338074469E-05 9.597906699E-01
1.297610000E+00 9.998963142E-01 4.726618291E-05 9.554488637E-01
1.303160000E+00 9.998917039E-01 5.840220634E-05 9.513797231E-01
1.311050000E+00 9.998813857E-01 6.744089958E-05 9.456542466E-01
1.322700000E+00 9.998688634E-01 7.002179321E-05 9.373251682E-01
1.334150000E+00 9.998620529E-01 6.872535520E-05 9.292808155E-01
1.352840000E+00 9.998563541E-01 6.596047204E-05 9.164424470E-01
1.375130000E+00 9.998532231E-01 6.234909613E-05 9.015874863E-01
1.404430000E+00 9.998523782E-01 5.779775292E-05 8.827780665E-01
1.441290000E+00 9.998539430E-01 5.265783815E-05 8.602016249E-01
1.479110000E+00 9.998570550E-01 4.798235687E-05 8.382067595E-01
1.529200000E+00 9.998623074E-01 4.267289510E-05 8.107507193E-01
1.575800000E+00 9.998676086E-01 3.840397312E-05 7.867749714E-01
1.613470000E+00 9.998719469E-01 3.533761718E-05 7.684059821E-01
1.650060000E+00 9.998761764E-01 3.265676583E-05 7.513666170E-01
1.686300000E+00 9.998802825E-01 3.024853503E-05 7.352191188E-01
1.737800000E+00 9.998859930E-01 2.722170780E-05 7.134307745E-01
1.779170000E+00 9.998903625E-01 2.505711146E-05 6.968417858E-01
1.820150000E+00 9.998945112E-01 2.311762426E-05 6.811526523E-01
1.865440000E+00 9.998989163E-01 2.118240412E-05 6.646153186E-01
1.908470000E+00 9.999029154E-01 1.953258489E-05 6.496303322E-01
1.949190000E+00 9.999065167E-01 1.811892580E-05 6.360590810E-01
1.991840000E+00 9.999101132E-01 1.677971583E-05 6.224395534E-01
1.999780000E+00 9.999107599E-01 1.654269033E-05 6.199681965E-01
2.058450000E+00 9.999153606E-01 1.492399170E-05 6.022978455E-01
2.134890000E+00 9.999208937E-01 1.308970710E-05 5.807324968E-01
2.201280000E+00 9.999253170E-01 1.171140064E-05 5.632177642E-01
2.300900000E+00 9.999313479E-01 9.970411913E-06 5.388326307E-01
2.453330000E+00 9.999393254E-01 7.892246325E-06 5.053539475E-01
2.633330000E+00 9.999471527E-01 6.087389461E-06 4.708107225E-01
2.868640000E+00 9.999553528E-01 4.432575787E-06 4.321908640E-01
3.258910000E+00 9.999653742E-01 2.755156185E-06 3.804339488E-01
3.672820000E+00 9.999727626E-01 1.754135374E-06 3.375607844E-01
4.170250000E+00 9.999789171E-01 1.081453202E-06 2.972963252E-01
4.744750000E+00 9.999837581E-01 6.591347022E-07 2.612993308E-01
5.323130000E+00 9.999871306E-01 4.225727853E-07 2.329080823E-01
6.006750000E+00 9.999899221E-01 2.637271295E-07 2.064011321E-01
6.776980000E+00 9.999921043E-01 1.643490501E-07 1.829428447E-01
7.581510000E+00 9.999937062E-01 1.055798324E-07 1.635294288E-01
8.479330000E+00 9.999949795E-01 6.766848351E-08 1.462143825E-01
9.491690000E+00 9.999960013E-01 4.315712845E-08 1.306195209E-01
1.053930000E+01 9.999967621E-01 2.834349164E-08 1.176358961E-01
1.172860000E+01 9.999973894E-01 1.842587693E-08 1.057074161E-01
1.308020000E+01 9.999979039E-01 1.183935821E-08 9.478448342E-02
1.462740000E+01 9.999983259E-01 7.515840976E-09 8.475874045E-02
1.632660000E+01 9.999986576E-01 4.792870000E-09 7.593742727E-02
1.826020000E+01 9.999989278E-01 3.030803790E-09 6.789629905E-02
2.036430000E+01 9.999991386E-01 1.933115382E-09 6.088105164E-02
2.261250000E+01 9.999993018E-01 1.255499748E-09 5.482808181E-02
2.511890000E+01 9.999994345E-01 8.113635572E-10 4.935725689E-02
2.798840000E+01 9.999995447E-01 5.174245967E-10 4.429692301E-02
3.099860000E+01 9.999996290E-01 3.378814714E-10 3.999535463E-02
3.386590000E+01 9.999996892E-01 2.333726887E-10 3.660909647E-02
3.656280000E+01 9.999997334E-01 1.693426712E-10 3.390878160E-02
3.941390000E+01 9.999997707E-01 1.235879705E-10 3.145590769E-02
4.200530000E+01 9.999997981E-01 9.445192086E-11 2.951532307E-02
4.432500000E+01 9.999998187E-01 7.530680476E-11 2.797067118E-02
4.618790000E+01 9.999998330E-01 6.331610841E-11 2.684252802E-02
4.742370000E+01 9.999998416E-01 5.666480979E-11 2.614304662E-02
4.818180000E+01 9.999998466E-01 5.298536832E-11 2.573170782E-02
4.887780000E+01 9.999998509E-01 4.987405945E-11 2.536529877E-02
5.034610000E+01 9.999998595E-01 4.404549830E-11 2.462554200E-02
5.203040000E+01 9.999998685E-01 3.832775638E-11 2.382837726E-02
5.482260000E+01 9.999998815E-01 3.070955506E-11 2.261476107E-02
5.854030000E+01 9.999998961E-01 2.326132983E-11 2.117857271E-02
6.363730000E+01 9.999999121E-01 1.633824993E-11 1.948228476E-02
7.059820000E+01 9.999999286E-01 1.052005746E-11 1.756135426E-02
7.815100000E+01 9.999999417E-01 6.842017533E-12 1.586416041E-02
8.648050000E+01 9.999999524E-01 4.453048805E-12 1.433617983E-02
9.522480000E+01 9.999999608E-01 2.958537327E-12 1.301971755E-02
1.055020000E+02 9.999999680E-01 1.914008553E-12 1.175143599E-02
1.169840000E+02 9.999999740E-01 1.234474827E-12 1.059803050E-02
1.286060000E+02 9.999999785E-01 8.270516323E-13 9.640296720E-03
1.425190000E+02 9.999999825E-01 5.362386128E-13 8.699190985E-03
1.577210000E+02 9.999999857E-01 3.500829942E-13 7.860716075E-03
1.751610000E+02 9.999999884E-01 2.257470727E-13 7.078059614E-03
1.940350000E+02 9.999999905E-01 1.473434407E-13 6.389568892E-03
2.147910000E+02 9.999999923E-01 9.656535229E-14 5.772122668E-03
2.391230000E+02 9.999999938E-01 6.209104309E-14 5.184779381E-03
2.651980000E+02 9.999999949E-01 4.070306331E-14 4.674997549E-03
2.953330000E+02 9.999999959E-01 2.636224216E-14 4.197973135E-03
3.291120000E+02 9.999999967E-01 1.712387526E-14 3.767106638E-03
3.679270000E+02 9.999999974E-01 1.105506290E-14 3.369690183E-03
4.109130000E+02 9.999999979E-01 7.225011242E-15 3.017183686E-03
4.623810000E+02 9.999999983E-01 4.632216282E-15 2.681338550E-03
5.212320000E+02 9.999999987E-01 2.983339615E-15 2.378595328E-03
5.888440000E+02 9.999999990E-01 1.927470032E-15 2.105481248E-03
6.701190000E+02 9.999999992E-01 1.232374267E-15 1.850119158E-03
7.646300000E+02 9.999999994E-01 7.933175032E-16 1.621437820E-03
8.912510000E+02 9.999999996E-01 4.858498422E-16 1.391078383E-03
1.022000000E+03 9.999999997E-01 3.188228750E-16 1.213111546E-03
1.228710000E+03 9.999999998E-01 1.837979139E-16 1.009025726E-03
1.477240000E+03 9.999999998E-01 1.059556309E-16 8.392678238E-04
1.776030000E+03 9.999999999E-01 6.108188515E-17 6.980737938E-04
2.135260000E+03 9.999999999E-01 3.521259295E-17 5.806318668E-04
2.567150000E+03 9.999999999E-01 2.029943007E-17 4.829480163E-04
3.086390000E+03 1.000000000E+00 1.170228645E-17 4.016990724E-04
3.710660000E+03 1.000000000E+00 6.746177614E-18 3.341184587E-04
4.461190000E+03 1.000000000E+00 3.889060169E-18 2.779079125E-04
5.363530000E+03 1.000000000E+00 2.241978556E-18 2.311537364E-04
6.448380000E+03 1.000000000E+00 1.292465074E-18 1.922653442E-04
7.752660000E+03 1.000000000E+00 7.450847591E-19 1.599193051E-04
9.320750000E+03 1.000000000E+00 4.295296083E-19 1.330150471E-04
1.000000000E+04 0.000000000E+00 0.000000000E+00 1.239800000E-04
