# 11/08/2021 
# Data retrieved from www.chemicool.com/densities.html 
# Includes the real (n) and complex (k) part of the  refractive index. 
# Element, Na  (Z = 11) 
# Nominal density, g cm-3 =  0.971 
#    E [keV]      n       k    Wavelength [nm] 
1.000000000E-03 -1.917215488E+02 1.356983516E-05 1.239800000E+03
1.062500000E-03 -1.614240113E+01 0.000000000E+00 1.166870588E+03
1.124110000E-03 -1.431149013E+01 0.000000000E+00 1.102916974E+03
1.239640000E-03 -1.158539269E+01 0.000000000E+00 1.000129070E+03
1.340730000E-03 -9.755279280E+00 0.000000000E+00 9.247201152E+02
1.429180000E-03 -8.462210511E+00 0.000000000E+00 8.674904491E+02
1.506570000E-03 -7.512744862E+00 0.000000000E+00 8.229289047E+02
1.574290000E-03 -6.794285184E+00 0.000000000E+00 7.875296165E+02
1.633550000E-03 -6.237527462E+00 0.000000000E+00 7.589605461E+02
1.685400000E-03 -5.797829133E+00 0.000000000E+00 7.356117242E+02
1.730760000E-03 -5.445127800E+00 0.000000000E+00 7.163327093E+02
1.770460000E-03 -5.158484124E+00 0.000000000E+00 7.002699863E+02
1.805190000E-03 -4.923044504E+00 0.000000000E+00 6.867975116E+02
1.835590000E-03 -4.727856402E+00 0.000000000E+00 6.754231609E+02
1.862180000E-03 -4.564942903E+00 0.000000000E+00 6.657788184E+02
1.885450000E-03 -4.427982924E+00 0.000000000E+00 6.575618553E+02
1.905810000E-03 -4.312240607E+00 0.000000000E+00 6.505370420E+02
1.923620000E-03 -4.213996612E+00 0.000000000E+00 6.445139892E+02
1.939210000E-03 -4.130219486E+00 0.000000000E+00 6.393325117E+02
1.952850000E-03 -4.058574164E+00 0.000000000E+00 6.348669893E+02
1.976720000E-03 -3.936692834E+00 0.000000000E+00 6.272006152E+02
1.994630000E-03 -3.848128142E+00 0.000000000E+00 6.215689125E+02
2.008050000E-03 -3.783195745E+00 0.000000000E+00 6.174149050E+02
2.018120000E-03 -3.735236114E+00 0.000000000E+00 6.143341328E+02
2.025680000E-03 -3.699701120E+00 0.000000000E+00 6.120413886E+02
2.031340000E-03 -3.673335227E+00 0.000000000E+00 6.103360343E+02
2.039840000E-03 -3.634216020E+00 0.000000000E+00 6.077927681E+02
2.044080000E-03 -3.614842749E+00 0.000000000E+00 6.065320340E+02
2.048330000E-03 -3.595586927E+00 0.000000000E+00 6.052735643E+02
2.050710000E-03 -3.584842695E+00 0.000000000E+00 6.045710998E+02
2.058420000E-03 -3.550312827E+00 0.000000000E+00 6.023066235E+02
2.060810000E-03 -3.539682032E+00 0.000000000E+00 6.016081056E+02
2.063460000E-03 -3.527946977E+00 0.000000000E+00 6.008354899E+02
2.065860000E-03 -3.517350290E+00 0.000000000E+00 6.001374730E+02
2.068500000E-03 -3.505744816E+00 0.000000000E+00 5.993715253E+02
2.070900000E-03 -3.495225533E+00 0.000000000E+00 5.986769038E+02
2.075950000E-03 -3.473219025E+00 0.000000000E+00 5.972205496E+02
2.079130000E-03 -3.459424351E+00 0.000000000E+00 5.963071092E+02
2.083900000E-03 -3.438871165E+00 0.000000000E+00 5.949421757E+02
2.086280000E-03 -3.428709049E+00 0.000000000E+00 5.942634737E+02
2.088670000E-03 -3.418499196E+00 0.000000000E+00 5.935834766E+02
2.092450000E-03 -3.402429480E+00 0.000000000E+00 5.925111711E+02
2.093710000E-03 -3.397092289E+00 0.000000000E+00 5.921545964E+02
2.096140000E-03 -3.386823518E+00 0.000000000E+00 5.914681271E+02
2.097400000E-03 -3.381514528E+00 0.000000000E+00 5.911128063E+02
2.099300000E-03 -3.373507446E+00 0.000000000E+00 5.905778117E+02
2.099770000E-03 -3.371549785E+00 0.000000000E+00 5.904456202E+02
2.100130000E-03 -3.370011435E+00 0.000000000E+00 5.903444073E+02
2.100390000E-03 -3.368929605E+00 0.000000000E+00 5.902713306E+02
2.100590000E-03 -3.368097700E+00 0.000000000E+00 5.902151300E+02
2.100890000E-03 -3.366850290E+00 0.000000000E+00 5.901308493E+02
2.101040000E-03 -3.366226786E+00 0.000000000E+00 5.900887180E+02
2.101350000E-03 -3.364938632E+00 0.000000000E+00 5.900016656E+02
2.101960000E-03 -3.362365857E+00 0.000000000E+00 5.898304440E+02
2.106240000E-03 -3.344536142E+00 0.000000000E+00 5.886318748E+02
2.107500000E-03 -3.339303328E+00 0.000000000E+00 5.882799526E+02
2.111290000E-03 -3.323620239E+00 0.000000000E+00 5.872239247E+02
2.112870000E-03 -3.317077713E+00 0.000000000E+00 5.867847998E+02
2.115640000E-03 -3.305702097E+00 0.000000000E+00 5.860165246E+02
2.119800000E-03 -3.288702171E+00 0.000000000E+00 5.848664968E+02
2.123960000E-03 -3.271763398E+00 0.000000000E+00 5.837209740E+02
2.126430000E-03 -3.261806469E+00 0.000000000E+00 5.830429405E+02
2.129000000E-03 -3.251407437E+00 0.000000000E+00 5.823391264E+02
2.131480000E-03 -3.241481481E+00 0.000000000E+00 5.816615685E+02
2.134040000E-03 -3.231195894E+00 0.000000000E+00 5.809638057E+02
2.136520000E-03 -3.221301912E+00 0.000000000E+00 5.802894426E+02
2.139080000E-03 -3.211127411E+00 0.000000000E+00 5.795949661E+02
2.141570000E-03 -3.201264098E+00 0.000000000E+00 5.789210719E+02
2.149170000E-03 -3.171375434E+00 0.000000000E+00 5.768738629E+02
2.151670000E-03 -3.161611975E+00 0.000000000E+00 5.762036000E+02
2.155410000E-03 -3.147069080E+00 0.000000000E+00 5.752037895E+02
2.162880000E-03 -3.118247956E+00 0.000000000E+00 5.732171919E+02
2.170280000E-03 -3.090025735E+00 0.000000000E+00 5.712626942E+02
2.177630000E-03 -3.062240928E+00 0.000000000E+00 5.693345518E+02
2.192210000E-03 -3.007948298E+00 0.000000000E+00 5.655480086E+02
2.206570000E-03 -2.955555751E+00 0.000000000E+00 5.618675138E+02
2.220690000E-03 -2.904987116E+00 0.000000000E+00 5.582949444E+02
2.234600000E-03 -2.856136424E+00 0.000000000E+00 5.548196545E+02
2.261980000E-03 -2.762594745E+00 0.000000000E+00 5.481038736E+02
2.288510000E-03 -2.675160098E+00 0.000000000E+00 5.417498722E+02
2.314210000E-03 -2.593331022E+00 0.000000000E+00 5.357335765E+02
2.364000000E-03 -2.442306243E+00 0.000000000E+00 5.244500846E+02
2.410670000E-03 -2.309195573E+00 0.000000000E+00 5.142968552E+02
2.454430000E-03 -2.191229552E+00 0.000000000E+00 5.051274634E+02
2.536480000E-03 -1.986337698E+00 0.000000000E+00 4.887876112E+02
2.608280000E-03 -1.822717434E+00 0.000000000E+00 4.753324030E+02
2.733920000E-03 -1.566867944E+00 0.000000000E+00 4.534880318E+02
2.828140000E-03 -1.397041400E+00 0.000000000E+00 4.383799953E+02
2.969490000E-03 -1.172043576E+00 0.000000000E+00 4.175127716E+02
3.110830000E-03 -9.771071133E-01 0.000000000E+00 3.985431541E+02
3.118490000E-03 -9.672980583E-01 0.000000000E+00 3.975642058E+02
3.126140000E-03 -9.575738083E-01 0.000000000E+00 3.965913235E+02
3.133800000E-03 -9.479085164E-01 0.000000000E+00 3.956219286E+02
3.141460000E-03 -9.383141029E-01 0.000000000E+00 3.946572613E+02
3.149120000E-03 -9.287721945E-01 0.000000000E+00 3.936972869E+02
3.156770000E-03 -9.193297179E-01 0.000000000E+00 3.927432154E+02
3.164430000E-03 -9.099438235E-01 0.000000000E+00 3.917925187E+02
3.172090000E-03 -9.006260967E-01 0.000000000E+00 3.908464136E+02
3.179740000E-03 -8.913877755E-01 0.000000000E+00 3.899060930E+02
3.187400000E-03 -8.822043312E-01 0.000000000E+00 3.889690657E+02
3.195060000E-03 -8.730871066E-01 0.000000000E+00 3.880365314E+02
3.202710000E-03 -8.640471077E-01 0.000000000E+00 3.871096665E+02
3.210370000E-03 -8.550603434E-01 0.000000000E+00 3.861860159E+02
3.225680000E-03 -8.372737666E-01 0.000000000E+00 3.843530666E+02
3.233340000E-03 -8.284781969E-01 0.000000000E+00 3.834425084E+02
3.241000000E-03 -8.197451538E-01 0.000000000E+00 3.825362542E+02
3.248660000E-03 -8.110740494E-01 0.000000000E+00 3.816342738E+02
3.256310000E-03 -8.024753705E-01 0.000000000E+00 3.807377062E+02
3.263970000E-03 -7.939263202E-01 0.000000000E+00 3.798441775E+02
3.545810000E-03 -5.169405423E-01 0.000000000E+00 3.496521246E+02
3.545820000E-03 -5.169319860E-01 0.000000000E+00 3.496511385E+02
3.554550000E-03 -5.093928007E-01 0.000000000E+00 3.487923928E+02
3.563280000E-03 -5.019091985E-01 0.000000000E+00 3.479378550E+02
3.572010000E-03 -4.944806351E-01 0.000000000E+00 3.470874942E+02
3.580730000E-03 -4.871148785E-01 0.000000000E+00 3.462422467E+02
3.589460000E-03 -4.798083353E-01 0.000000000E+00 3.454001438E+02
3.598190000E-03 -4.725415637E-01 0.000000000E+00 3.445621271E+02
3.606920000E-03 -4.653277219E-01 0.000000000E+00 3.437281670E+02
3.615640000E-03 -4.581743633E-01 0.000000000E+00 3.428991824E+02
3.624370000E-03 -4.510647937E-01 0.000000000E+00 3.420732431E+02
3.633100000E-03 -4.440066368E-01 0.000000000E+00 3.412512730E+02
3.641830000E-03 -4.369994002E-01 0.000000000E+00 3.404332437E+02
3.650560000E-03 -4.300425962E-01 0.000000000E+00 3.396191269E+02
3.663680000E-03 -4.196749925E-01 0.000000000E+00 3.384029173E+02
3.664460000E-03 -4.190706857E-01 0.000000000E+00 3.383308864E+02
3.682500000E-03 -4.050071731E-01 0.000000000E+00 3.366734555E+02
3.691520000E-03 -3.980593971E-01 0.000000000E+00 3.358508148E+02
3.700540000E-03 -3.911625842E-01 0.000000000E+00 3.350321845E+02
3.709560000E-03 -3.843162369E-01 0.000000000E+00 3.342175352E+02
3.716130000E-03 -3.793622240E-01 0.000000000E+00 3.336266492E+02
3.725980000E-03 -3.719778603E-01 0.000000000E+00 3.327446739E+02
3.730900000E-03 -3.683113586E-01 0.000000000E+00 3.323058779E+02
3.735820000E-03 -3.646594008E-01 0.000000000E+00 3.318682378E+02
3.745640000E-03 -3.574133023E-01 0.000000000E+00 3.309981739E+02
3.754660000E-03 -3.508121131E-01 0.000000000E+00 3.302030011E+02
3.763680000E-03 -3.442585365E-01 0.000000000E+00 3.294116397E+02
3.772700000E-03 -3.377397968E-01 0.000000000E+00 3.286240623E+02
3.781720000E-03 -3.312801424E-01 0.000000000E+00 3.278402420E+02
3.790330000E-03 -3.251533855E-01 0.000000000E+00 3.270955299E+02
3.798950000E-03 -3.190736382E-01 0.000000000E+00 3.263533345E+02
3.808780000E-03 -3.121769902E-01 0.000000000E+00 3.255110560E+02
3.817800000E-03 -3.058997621E-01 0.000000000E+00 3.247419980E+02
3.826820000E-03 -2.996550938E-01 0.000000000E+00 3.239765654E+02
3.835840000E-03 -2.934665684E-01 0.000000000E+00 3.232147326E+02
3.844040000E-03 -2.878828832E-01 0.000000000E+00 3.225252599E+02
3.844860000E-03 -2.873217428E-01 0.000000000E+00 3.224564744E+02
3.866600000E-03 -2.726871000E-01 0.000000000E+00 3.206434594E+02
3.907360000E-03 -2.458942814E-01 0.000000000E+00 3.172986364E+02
4.000000000E-03 -1.880417807E-01 0.000000000E+00 3.099500000E+02
4.192690000E-03 -7.804813504E-02 0.000000000E+00 2.957051440E+02
4.192700000E-03 -7.804299244E-02 0.000000000E+00 2.957044387E+02
4.213340000E-03 -6.715120824E-02 0.000000000E+00 2.942558635E+02
4.223660000E-03 -6.176574933E-02 0.000000000E+00 2.935368851E+02
4.233980000E-03 -5.642983337E-02 0.000000000E+00 2.928214115E+02
4.245170000E-03 -5.067321677E-02 0.000000000E+00 2.920495528E+02
4.245520000E-03 -5.049998938E-02 0.000000000E+00 2.920254763E+02
4.266420000E-03 -3.988620017E-02 0.000000000E+00 2.905949250E+02
4.276870000E-03 -3.463819685E-02 0.000000000E+00 2.898848925E+02
4.287650000E-03 -2.926094856E-02 0.000000000E+00 2.891560645E+02
4.297970000E-03 -2.415324018E-02 0.000000000E+00 2.884617622E+02
4.328760000E-03 -9.139726818E-03 0.000000000E+00 2.864099650E+02
4.339570000E-03 -3.950796797E-03 0.000000000E+00 2.856965091E+02
4.350020000E-03 1.033759087E-03 0.000000000E+00 2.850101839E+02
4.360470000E-03 5.982122454E-03 0.000000000E+00 2.843271482E+02
4.370920000E-03 1.089463956E-02 0.000000000E+00 2.836473786E+02
4.402270000E-03 2.542053252E-02 0.000000000E+00 2.816274331E+02
4.412720000E-03 3.019306146E-02 0.000000000E+00 2.809604960E+02
4.423170000E-03 3.493142145E-02 0.000000000E+00 2.802967103E+02
4.433620000E-03 3.963593685E-02 0.000000000E+00 2.796360536E+02
4.444070000E-03 4.430692691E-02 0.000000000E+00 2.789785039E+02
4.454150000E-03 4.877785679E-02 0.000000000E+00 2.783471594E+02
4.454520000E-03 4.894470715E-02 0.000000000E+00 2.783240394E+02
4.519910000E-03 7.723353364E-02 0.000000000E+00 2.742974971E+02
4.520090000E-03 7.730702583E-02 0.000000000E+00 2.742865739E+02
4.542340000E-03 8.664717597E-02 0.000000000E+00 2.729430206E+02
4.553470000E-03 9.126739494E-02 0.000000000E+00 2.722758687E+02
4.564600000E-03 9.585346613E-02 0.000000000E+00 2.716119704E+02
4.575720000E-03 1.004101673E-01 0.000000000E+00 2.709518939E+02
4.586850000E-03 1.049289309E-01 0.000000000E+00 2.702944286E+02
4.597970000E-03 1.094106622E-01 0.000000000E+00 2.696407328E+02
4.609100000E-03 1.138634608E-01 0.000000000E+00 2.689896075E+02
4.620220000E-03 1.182799232E-01 0.000000000E+00 2.683422002E+02
4.631350000E-03 1.226680266E-01 0.000000000E+00 2.676973237E+02
4.642480000E-03 1.270323709E-01 0.000000000E+00 2.670555393E+02
4.653600000E-03 1.313532196E-01 0.000000000E+00 2.664173973E+02
4.675850000E-03 1.399052040E-01 0.000000000E+00 2.651496519E+02
4.686980000E-03 1.441368786E-01 0.000000000E+00 2.645200108E+02
4.698100000E-03 1.483345301E-01 0.000000000E+00 2.638939146E+02
4.705890000E-03 1.512626921E-01 0.000000000E+00 2.634570719E+02
4.709230000E-03 1.525057245E-01 0.000000000E+00 2.632702161E+02
4.717390000E-03 1.555454378E-01 0.000000000E+00 2.628148192E+02
4.720360000E-03 1.566549631E-01 0.000000000E+00 2.626494589E+02
4.731290000E-03 1.606879666E-01 0.000000000E+00 2.620426987E+02
4.742610000E-03 1.648457573E-01 0.000000000E+00 2.614172365E+02
4.751890000E-03 1.682287731E-01 0.000000000E+00 2.609067129E+02
4.763570000E-03 1.724572268E-01 0.000000000E+00 2.602669846E+02
4.775300000E-03 1.766715544E-01 0.000000000E+00 2.596276674E+02
4.787020000E-03 1.808511416E-01 0.000000000E+00 2.589920243E+02
4.798750000E-03 1.850031666E-01 0.000000000E+00 2.583589476E+02
4.810470000E-03 1.891286898E-01 0.000000000E+00 2.577294942E+02
4.835730000E-03 1.979003526E-01 0.000000000E+00 2.563832141E+02
4.847600000E-03 2.019803345E-01 0.000000000E+00 2.557554254E+02
4.859480000E-03 2.060259160E-01 0.000000000E+00 2.551301785E+02
4.895100000E-03 2.179852092E-01 0.000000000E+00 2.532736818E+02
4.901360000E-03 2.200617934E-01 0.000000000E+00 2.529502016E+02
4.919420000E-03 2.260024501E-01 0.000000000E+00 2.520215798E+02
5.048220000E-03 2.672095365E-01 4.016782962E-05 2.455915154E+02
5.090790000E-03 2.805977239E-01 3.811269175E-04 2.435378399E+02
5.121030000E-03 2.898845710E-01 1.102682065E-03 2.420997338E+02
5.141240000E-03 2.957549788E-01 1.801319763E-03 2.411480499E+02
5.166870000E-03 3.027178263E-01 2.695712430E-03 2.399518471E+02
5.218620000E-03 3.155769679E-01 3.539634479E-03 2.375723850E+02
5.254460000E-03 3.243801340E-01 3.406570081E-03 2.359519342E+02
5.382700000E-03 3.561710698E-01 2.317647378E-03 2.303305033E+02
5.493050000E-03 3.824879830E-01 1.587636506E-03 2.257033888E+02
5.584980000E-03 4.034195715E-01 1.120487628E-03 2.219882614E+02
5.674250000E-03 4.228601700E-01 7.682690323E-04 2.184958365E+02
5.747110000E-03 4.380964324E-01 5.436098230E-04 2.157258170E+02
5.808860000E-03 4.505769458E-01 3.912917296E-04 2.134325840E+02
5.862500000E-03 4.611054208E-01 2.840572207E-04 2.114797441E+02
5.918490000E-03 4.717988961E-01 1.942620743E-04 2.094791070E+02
5.963310000E-03 4.801428396E-01 1.370778602E-04 2.079046704E+02
6.006370000E-03 4.879830155E-01 9.324806837E-05 2.064141903E+02
6.034000000E-03 4.929262584E-01 7.042359095E-05 2.054690089E+02
6.061500000E-03 4.977745400E-01 5.153874150E-05 2.045368308E+02
6.084750000E-03 5.018278287E-01 3.839569033E-05 2.037552899E+02
6.108690000E-03 5.059504024E-01 2.742658242E-05 2.029567714E+02
6.127120000E-03 5.090862160E-01 2.066819565E-05 2.023462899E+02
6.143500000E-03 5.118538159E-01 1.584763144E-05 2.018067877E+02
6.157500000E-03 5.142005293E-01 1.257702022E-05 2.013479497E+02
6.170360000E-03 5.163431240E-01 1.024273076E-05 2.009283089E+02
6.181590000E-03 5.181997825E-01 8.712352797E-06 2.005632855E+02
6.192500000E-03 5.199965616E-01 7.670288141E-06 2.002099314E+02
6.203000000E-03 5.217159162E-01 7.069745555E-06 1.998710301E+02
6.215000000E-03 5.236700335E-01 6.855036951E-06 1.994851167E+02
6.226400000E-03 5.255167003E-01 7.105309167E-06 1.991198767E+02
6.237350000E-03 5.272758463E-01 7.751518727E-06 1.987703111E+02
6.248860000E-03 5.291189769E-01 8.849630106E-06 1.984041889E+02
6.262500000E-03 5.312931261E-01 1.068892741E-05 1.979720559E+02
6.277000000E-03 5.335851270E-01 1.326723731E-05 1.975147363E+02
6.293250000E-03 5.361323789E-01 1.689310468E-05 1.970047273E+02
6.312750000E-03 5.391653133E-01 2.223209686E-05 1.963961823E+02
6.335620000E-03 5.426828755E-01 2.980657873E-05 1.956872413E+02
6.363000000E-03 5.468482714E-01 4.063142993E-05 1.948451988E+02
6.392500000E-03 5.512698849E-01 5.430948256E-05 1.939460305E+02
6.432500000E-03 5.571680953E-01 7.593516860E-05 1.927399922E+02
6.481250000E-03 5.642054555E-01 1.066342746E-04 1.912902604E+02
6.540740000E-03 5.725763031E-01 1.497774015E-04 1.895504178E+02
6.607620000E-03 5.817070615E-01 2.046292461E-04 1.876318553E+02
6.703740000E-03 5.943380676E-01 2.929781924E-04 1.849415401E+02
6.821230000E-03 6.090324569E-01 4.122780402E-04 1.817560763E+02
7.012470000E-03 6.313319835E-01 6.222745856E-04 1.767993303E+02
7.199940000E-03 6.514272304E-01 8.355274471E-04 1.721958794E+02
7.673620000E-03 6.955565595E-01 1.352551921E-03 1.615665097E+02
9.225710000E-03 7.969572648E-01 2.410452650E-03 1.343853210E+02
1.023290000E-02 8.390624168E-01 2.629423050E-03 1.211582249E+02
1.135010000E-02 8.727788768E-01 2.630007830E-03 1.092325178E+02
1.273500000E-02 9.032365164E-01 2.458019526E-03 9.735374951E+01
1.462180000E-02 9.317730740E-01 2.125097746E-03 8.479120218E+01
1.737800000E-02 9.588577612E-01 1.655664483E-03 7.134307745E+01
1.875000000E-02 9.679103581E-01 1.447121155E-03 6.612266667E+01
2.143200000E-02 9.821348441E-01 1.142614143E-03 5.784807764E+01
2.280330000E-02 9.872773447E-01 1.014082965E-03 5.436932374E+01
2.365560000E-02 9.905402091E-01 9.430869415E-04 5.241042290E+01
2.532330000E-02 9.957782447E-01 8.219352837E-04 4.895886397E+01
2.584330000E-02 9.971908547E-01 7.883931821E-04 4.797374948E+01
2.657410000E-02 9.994016073E-01 7.445122249E-04 4.665444926E+01
2.751220000E-02 1.001908811E+00 6.923169486E-04 4.506364449E+01
2.821580000E-02 1.003673649E+00 6.564885781E-04 4.393992019E+01
2.874340000E-02 1.005116904E+00 6.311343796E-04 4.313338018E+01
2.913920000E-02 1.006129076E+00 6.130294379E-04 4.254749616E+01
2.943600000E-02 1.006851974E+00 5.999383073E-04 4.211849436E+01
2.970200000E-02 1.007473135E+00 5.885371905E-04 4.174129688E+01
2.995080000E-02 1.008225177E+00 5.780649475E-04 4.139455373E+01
3.016800000E-02 1.008897075E+00 5.691411438E-04 4.109652612E+01
3.030130000E-02 1.009298301E+00 5.637608337E-04 4.091573629E+01
3.032650000E-02 1.009374368E+00 5.627518536E-04 4.088173709E+01
3.040110000E-02 1.009594022E+00 5.597790343E-04 4.078141909E+01
3.043840000E-02 1.009704893E+00 5.583019580E-04 4.073144449E+01
3.047570000E-02 1.009813304E+00 5.568304315E-04 4.068159222E+01
3.052270000E-02 1.009950612E+00 5.549832667E-04 4.061894918E+01
3.055040000E-02 1.010030267E+00 5.538984134E-04 4.058212004E+01
3.062500000E-02 1.010245065E+00 5.509919398E-04 4.048326531E+01
3.069970000E-02 1.010455731E+00 5.481054308E-04 4.038475946E+01
3.073700000E-02 1.010562142E+00 5.466720304E-04 4.033575170E+01
3.077430000E-02 1.010666154E+00 5.452421133E-04 4.028686274E+01
3.081160000E-02 1.010771480E+00 5.438193609E-04 4.023809215E+01
3.083960000E-02 1.010847797E+00 5.427548845E-04 4.020155903E+01
3.090260000E-02 1.011022108E+00 5.403697220E-04 4.011960159E+01
3.097960000E-02 1.011232298E+00 5.374749449E-04 4.001988405E+01
3.098890000E-02 1.011258423E+00 5.371268306E-04 4.000787379E+01
3.106680000E-02 1.011469094E+00 5.342021568E-04 3.990755404E+01
3.114750000E-02 1.011684456E+00 5.311972399E-04 3.980415764E+01
3.122220000E-02 1.011882229E+00 5.284354325E-04 3.970892506E+01
3.129680000E-02 1.012078060E+00 5.256990584E-04 3.961427366E+01
3.133420000E-02 1.012174256E+00 5.243341517E-04 3.956699070E+01
3.137150000E-02 1.012270037E+00 5.229775896E-04 3.951994645E+01
3.144610000E-02 1.012461908E+00 5.202810985E-04 3.942619276E+01
3.152080000E-02 1.012651746E+00 5.176009612E-04 3.933275805E+01
3.159540000E-02 1.012839734E+00 5.149418269E-04 3.923988935E+01
3.164960000E-02 1.012974341E+00 5.130221189E-04 3.917269097E+01
3.167010000E-02 1.013025729E+00 5.123004869E-04 3.914733455E+01
3.172480000E-02 1.013160293E+00 5.103768529E-04 3.907983659E+01
3.179990000E-02 1.013344426E+00 5.077540353E-04 3.898754399E+01
3.181930000E-02 1.013390505E+00 5.070796574E-04 3.896377356E+01
3.187500000E-02 1.013524955E+00 5.051502400E-04 3.889568627E+01
3.195020000E-02 1.013705272E+00 5.025621409E-04 3.880413894E+01
3.202530000E-02 1.013883835E+00 4.999941643E-04 3.871314242E+01
3.211260000E-02 1.014092406E+00 4.970344836E-04 3.860789846E+01
3.224370000E-02 1.014406424E+00 4.926349258E-04 3.845092220E+01
3.245690000E-02 1.015104937E+00 4.855983405E-04 3.819834920E+01
3.325380000E-02 1.017787677E+00 4.605134104E-04 3.728295714E+01
3.343730000E-02 1.018366142E+00 4.549976027E-04 3.707835262E+01
3.360190000E-02 1.018998843E+00 4.501036286E-04 3.689672310E+01
3.363360000E-02 1.019135100E+00 4.491656727E-04 3.686194758E+01
3.368420000E-02 1.019354277E+00 4.476765945E-04 3.680657400E+01
3.376650000E-02 1.019755234E+00 4.452693836E-04 3.671686435E+01
3.384880000E-02 1.020152068E+00 4.428787322E-04 3.662759093E+01
3.390380000E-02 1.020416229E+00 4.412919726E-04 3.656817230E+01
3.405260000E-02 1.021118246E+00 4.370385149E-04 3.640837998E+01
3.417800000E-02 1.021700575E+00 4.334966492E-04 3.627479665E+01
3.427130000E-02 1.022127483E+00 4.308887602E-04 3.617604234E+01
3.437860000E-02 1.022614159E+00 4.279169099E-04 3.606313230E+01
3.446140000E-02 1.022983991E+00 4.256416098E-04 3.597648383E+01
3.450170000E-02 1.023161592E+00 4.245417855E-04 3.593446120E+01
3.462260000E-02 1.023693455E+00 4.212616743E-04 3.580898026E+01
3.470760000E-02 1.024060799E+00 4.189781307E-04 3.572128295E+01
3.483490000E-02 1.024684331E+00 4.156079571E-04 3.559074377E+01
3.493910000E-02 1.025278478E+00 4.129430923E-04 3.548460035E+01
3.509850000E-02 1.026341789E+00 4.097659101E-04 3.532344687E+01
3.528570000E-02 1.027807889E+00 4.156142875E-04 3.513604661E+01
3.553520000E-02 1.030325054E+00 5.508470533E-04 3.488934915E+01
3.578070000E-02 1.033745182E+00 1.407261318E-03 3.464996493E+01
3.724900000E-02 1.033089722E+00 2.003833880E-02 3.328411501E+01
3.793620000E-02 1.030985551E+00 2.148593066E-02 3.268118578E+01
4.217240000E-02 1.024469861E+00 2.861948401E-02 2.939837429E+01
4.518860000E-02 1.020592733E+00 3.214370853E-02 2.743612327E+01
4.800000000E-02 1.016805907E+00 3.430427857E-02 2.582916667E+01
5.155000000E-02 1.011973851E+00 3.564825405E-02 2.405043647E+01
5.417310000E-02 1.008577336E+00 3.578116199E-02 2.288589724E+01
5.848430000E-02 1.003601257E+00 3.474364428E-02 2.119885166E+01
5.948210000E-02 1.002607742E+00 3.436411201E-02 2.084324528E+01
5.976720000E-02 1.002336509E+00 3.422465623E-02 2.074381935E+01
6.040760000E-02 1.001750021E+00 3.391065951E-02 2.052390759E+01
6.070280000E-02 1.001487979E+00 3.376779585E-02 2.042409905E+01
6.085040000E-02 1.001367119E+00 3.369680381E-02 2.037455793E+01
6.093770000E-02 1.001296154E+00 3.365495623E-02 2.034536912E+01
6.102490000E-02 1.001226064E+00 3.361327311E-02 2.031629712E+01
6.117520000E-02 1.001106663E+00 3.354159253E-02 2.026638246E+01
6.129320000E-02 1.001013262E+00 3.348556602E-02 2.022736617E+01
6.150000000E-02 1.000851619E+00 3.338781801E-02 2.015934959E+01
6.161120000E-02 1.000763092E+00 3.332297469E-02 2.012296466E+01
6.176250000E-02 1.000643984E+00 3.323511200E-02 2.007366930E+01
6.191940000E-02 1.000522275E+00 3.314450336E-02 2.002280384E+01
6.208070000E-02 1.000407189E+00 3.305183797E-02 1.997077997E+01
6.219070000E-02 1.000330947E+00 3.298896916E-02 1.993545659E+01
6.235460000E-02 1.000221878E+00 3.289573037E-02 1.988305594E+01
6.249520000E-02 1.000132439E+00 3.281625533E-02 1.983832358E+01
6.262160000E-02 1.000056339E+00 3.274525845E-02 1.979828047E+01
6.289240000E-02 9.999082385E-01 3.259566939E-02 1.971303369E+01
6.313520000E-02 9.997998504E-01 3.246812923E-02 1.963722298E+01
6.340020000E-02 9.997147124E-01 3.234785903E-02 1.955514336E+01
6.376800000E-02 9.996537448E-01 3.223045217E-02 1.944235353E+01
6.430670000E-02 9.995255352E-01 3.232156824E-02 1.927948410E+01
6.640000000E-02 9.971373909E-01 3.202618458E-02 1.867168675E+01
7.244360000E-02 9.929664343E-01 2.809463747E-02 1.711400317E+01
7.914010000E-02 9.904731070E-01 2.369734051E-02 1.566588872E+01
8.706020000E-02 9.892167560E-01 1.911657204E-02 1.424072079E+01
9.660510000E-02 9.890599610E-01 1.472654700E-02 1.283369097E+01
1.066310000E-01 9.896316195E-01 1.130565286E-02 1.162701278E+01
1.174980000E-01 9.905391959E-01 8.627820257E-03 1.055166896E+01
1.315640000E-01 9.917661922E-01 6.236533827E-03 9.423550515E+00
1.465060000E-01 9.929392946E-01 4.541347237E-03 8.462452050E+00
1.642840000E-01 9.941012934E-01 3.209645406E-03 7.546687444E+00
1.826260000E-01 9.950658478E-01 2.307462444E-03 6.788737639E+00
2.041740000E-01 9.959530712E-01 1.615408263E-03 6.072271690E+00
2.300000000E-01 9.967562993E-01 1.094532846E-03 5.390434783E+00
2.578720000E-01 9.973947920E-01 7.485915204E-04 4.807811627E+00
3.035200000E-01 9.981104394E-01 4.322933788E-04 4.084739062E+00
3.548130000E-01 9.986195281E-01 2.535430744E-04 3.494234991E+00
4.111920000E-01 9.989778452E-01 1.520451207E-04 3.015136481E+00
4.745150000E-01 9.992393100E-01 9.193754967E-05 2.612773042E+00
5.459940000E-01 9.994322158E-01 5.590955571E-05 2.270720924E+00
6.294770000E-01 9.995796842E-01 3.361160748E-05 1.969571565E+00
7.234790000E-01 9.996888982E-01 2.034858953E-05 1.713664115E+00
8.280560000E-01 9.997707740E-01 1.245779665E-05 1.497241732E+00
8.971220000E-01 9.998117013E-01 9.297017411E-06 1.381974804E+00
9.522480000E-01 9.998403115E-01 7.476079418E-06 1.301971755E+00
9.790840000E-01 9.998539885E-01 6.749793264E-06 1.266285630E+00
1.006770000E+00 9.998691230E-01 6.089851973E-06 1.231462996E+00
1.027280000E+00 9.998824406E-01 5.654342701E-06 1.206876411E+00
1.036130000E+00 9.998898552E-01 5.516253526E-06 1.196567998E+00
1.039790000E+00 9.998935811E-01 5.557653262E-06 1.192356149E+00
1.042890000E+00 9.998972090E-01 5.769420827E-06 1.188811859E+00
1.045670000E+00 9.999009178E-01 6.255626134E-06 1.185651305E+00
1.048310000E+00 9.999048683E-01 7.175257885E-06 1.182665433E+00
1.050820000E+00 9.999089437E-01 8.665745606E-06 1.179840506E+00
1.053420000E+00 9.999133550E-01 1.107561374E-05 1.176928481E+00
1.056320000E+00 9.999181050E-01 1.497782869E-05 1.173697364E+00
1.061470000E+00 9.999245616E-01 2.494511249E-05 1.168002864E+00
1.066750000E+00 9.999263257E-01 3.734502464E-05 1.162221701E+00
1.071800000E+00 9.999232218E-01 4.799003426E-05 1.156745662E+00
1.077480000E+00 9.999165478E-01 5.601823746E-05 1.150647808E+00
1.086630000E+00 9.999058200E-01 6.103271432E-05 1.140958744E+00
1.097750000E+00 9.998970767E-01 6.127804887E-05 1.129401048E+00
1.109180000E+00 9.998916381E-01 5.960360912E-05 1.117762672E+00
1.126230000E+00 9.998874222E-01 5.625960842E-05 1.100840858E+00
1.148150000E+00 9.998854775E-01 5.211961404E-05 1.079824065E+00
1.181810000E+00 9.998859565E-01 4.694350789E-05 1.049068801E+00
1.220900000E+00 9.998884465E-01 4.199245567E-05 1.015480383E+00
1.256980000E+00 9.998916029E-01 3.794529542E-05 9.863323203E-01
1.292480000E+00 9.998951268E-01 3.442050166E-05 9.592411488E-01
1.322050000E+00 9.998981750E-01 3.178772050E-05 9.377860141E-01
1.361950000E+00 9.999024066E-01 2.863881582E-05 9.103124197E-01
1.394360000E+00 9.999058027E-01 2.636941697E-05 8.891534467E-01
1.427130000E+00 9.999091636E-01 2.430116462E-05 8.687365552E-01
1.468500000E+00 9.999132727E-01 2.197805837E-05 8.442628533E-01
1.513860000E+00 9.999175715E-01 1.974180309E-05 8.189660867E-01
1.553510000E+00 9.999211594E-01 1.801588673E-05 7.980637395E-01
1.595210000E+00 9.999247346E-01 1.640269345E-05 7.772017477E-01
1.639460000E+00 9.999283147E-01 1.488774406E-05 7.562246105E-01
1.691780000E+00 9.999322701E-01 1.331975017E-05 7.328376030E-01
1.754730000E+00 9.999366526E-01 1.168999999E-05 7.065474460E-01
1.804040000E+00 9.999398302E-01 1.057151680E-05 6.872353163E-01
1.901350000E+00 9.999455130E-01 8.742779807E-06 6.520630079E-01
1.994140000E+00 9.999502601E-01 7.353966409E-06 6.217216444E-01
2.127870000E+00 9.999561281E-01 5.800487548E-06 5.826483761E-01
2.335550000E+00 9.999634498E-01 4.117433902E-06 5.308385605E-01
2.596420000E+00 9.999703796E-01 2.776854776E-06 4.775036396E-01
2.950050000E+00 9.999770622E-01 1.719060561E-06 4.202640633E-01
3.336910000E+00 9.999821047E-01 1.077671583E-06 3.715413361E-01
3.761420000E+00 9.999859525E-01 6.822853652E-07 3.296095623E-01
4.246900000E+00 9.999890133E-01 4.272162900E-07 2.919305847E-01
4.794130000E+00 9.999914048E-01 2.667489768E-07 2.586079226E-01
5.408440000E+00 9.999932668E-01 1.666358247E-07 2.292343079E-01
6.076310000E+00 9.999946803E-01 1.053476457E-07 2.040383061E-01
6.856300000E+00 9.999958328E-01 6.528624765E-08 1.808263932E-01
7.673620000E+00 9.999966807E-01 4.170285544E-08 1.615665097E-01
8.579790000E+00 9.999973500E-01 2.666357294E-08 1.445023713E-01
9.538250000E+00 9.999978594E-01 1.741670634E-08 1.299819149E-01
1.063200000E+01 9.999982798E-01 1.122153677E-08 1.166102333E-01
1.191810000E+01 9.999986329E-01 7.057232455E-09 1.040266485E-01
1.327750000E+01 9.999988998E-01 4.540523588E-09 9.337601205E-02
1.486980000E+01 9.999991237E-01 2.855842148E-09 8.337704609E-02
1.655110000E+01 9.999992933E-01 1.837874032E-09 7.490740797E-02
1.843310000E+01 9.999994306E-01 1.178167193E-09 6.725944090E-02
2.046710000E+01 9.999995385E-01 7.636239057E-10 6.057526469E-02
2.272810000E+01 9.999996259E-01 4.944826801E-10 5.454921441E-02
2.516850000E+01 9.999996951E-01 3.228083271E-10 4.925998768E-02
2.783550000E+01 9.999997508E-01 2.119813405E-10 4.454024537E-02
3.061900000E+01 9.999997941E-01 1.422123532E-10 4.049119828E-02
3.336600000E+01 9.999998266E-01 9.914158643E-11 3.715758557E-02
3.617540000E+01 9.999998526E-01 7.054916343E-11 3.427190853E-02
3.865410000E+01 9.999998709E-01 5.332169174E-11 3.207421722E-02
4.094290000E+01 9.999998849E-01 4.180168234E-11 3.028119650E-02
4.266230000E+01 9.999998940E-01 3.513920548E-11 2.906078669E-02
4.362660000E+01 9.999998987E-01 3.197602484E-11 2.841844196E-02
4.482930000E+01 9.999999040E-01 2.850315711E-11 2.765601961E-02
4.538650000E+01 9.999999064E-01 2.704662403E-11 2.731649279E-02
4.601130000E+01 9.999999089E-01 2.553669456E-11 2.694555468E-02
4.650500000E+01 9.999999108E-01 2.440876962E-11 2.665949898E-02
4.776520000E+01 9.999999155E-01 2.179532043E-11 2.595613543E-02
4.994910000E+01 9.999999227E-01 1.802334602E-11 2.482126805E-02
5.326710000E+01 9.999999320E-01 1.371605668E-11 2.327515483E-02
5.726420000E+01 9.999999412E-01 1.009220850E-11 2.165052511E-02
6.325300000E+01 9.999999518E-01 6.614102152E-12 1.960065135E-02
7.008610000E+01 9.999999608E-01 4.275803677E-12 1.768967028E-02
7.734700000E+01 9.999999678E-01 2.810236282E-12 1.602906383E-02
8.526950000E+01 9.999999735E-01 1.855168524E-12 1.453978269E-02
9.451230000E+01 9.999999784E-01 1.196851132E-12 1.311786931E-02
1.046300000E+02 9.999999824E-01 7.760875431E-13 1.184937398E-02
1.158160000E+02 9.999999856E-01 5.040267631E-13 1.070491124E-02
1.288250000E+02 9.999999884E-01 3.211174548E-13 9.623908403E-03
1.429970000E+02 9.999999906E-01 2.064209161E-13 8.670111960E-03
1.584890000E+02 9.999999923E-01 1.335632777E-13 7.822624914E-03
1.761400000E+02 9.999999938E-01 8.578769119E-14 7.038719201E-03
1.949300000E+02 9.999999949E-01 5.611057378E-14 6.360231878E-03
2.174650000E+02 9.999999959E-01 3.561778679E-14 5.701147311E-03
2.421380000E+02 9.999999967E-01 2.288496087E-14 5.120220701E-03
2.678490000E+02 9.999999973E-01 1.514747881E-14 4.628727380E-03
2.972520000E+02 9.999999978E-01 9.940886149E-15 4.170871853E-03
3.320150000E+02 9.999999983E-01 6.399337488E-15 3.734168637E-03
3.721020000E+02 9.999999986E-01 4.093684026E-15 3.331882118E-03
4.143270000E+02 9.999999989E-01 2.707184561E-15 2.992322489E-03
4.664080000E+02 9.999999991E-01 1.732533829E-15 2.658187681E-03
5.250910000E+02 9.999999993E-01 1.121400272E-15 2.361114550E-03
5.956620000E+02 9.999999995E-01 7.141714751E-16 2.081381723E-03
6.790080000E+02 9.999999996E-01 4.544958481E-16 1.825898958E-03
7.762470000E+02 9.999999997E-01 2.908708074E-16 1.597172034E-03
8.989800000E+02 9.999999998E-01 1.821673856E-16 1.379118557E-03
1.022000000E+03 9.999999998E-01 1.229425075E-16 1.213111546E-03
1.228710000E+03 9.999999999E-01 7.092879861E-17 1.009025726E-03
1.477240000E+03 9.999999999E-01 4.092017205E-17 8.392678238E-04
1.776030000E+03 9.999999999E-01 2.360786841E-17 6.980737938E-04
2.135260000E+03 1.000000000E+00 1.361988065E-17 5.806318668E-04
2.567150000E+03 1.000000000E+00 7.857600823E-18 4.829480163E-04
3.086390000E+03 1.000000000E+00 4.533238898E-18 4.016990724E-04
3.710660000E+03 1.000000000E+00 2.615322592E-18 3.341184587E-04
4.461190000E+03 1.000000000E+00 1.508840712E-18 2.779079125E-04
5.363530000E+03 1.000000000E+00 8.704860087E-19 2.311537364E-04
6.448380000E+03 1.000000000E+00 5.022022367E-19 1.922653442E-04
7.752660000E+03 1.000000000E+00 2.897318442E-19 1.599193051E-04
9.320750000E+03 1.000000000E+00 1.671527681E-19 1.330150471E-04
1.000000000E+04 0.000000000E+00 0.000000000E+00 1.239800000E-04
