# 11/08/2021 
# Data retrieved from www.chemicool.com/densities.html 
# Includes the real (n) and complex (k) part of the  refractive index. 
# Element, Pb  (Z = 82) 
# Nominal density, g cm-3 =  11.34 
#    E [keV]      n       k    Wavelength [nm] 
1.000000000E-03 -1.839591437E+03 1.512673610E-01 1.239800000E+03
1.084800000E-03 -7.616492905E+01 0.000000000E+00 1.142883481E+03
1.233200000E-03 -5.853739938E+01 0.000000000E+00 1.005351930E+03
1.344490000E-03 -4.897831233E+01 0.000000000E+00 9.221340434E+02
1.500000000E-03 -3.902944595E+01 0.000000000E+00 8.265333333E+02
1.511440000E-03 -3.841384242E+01 0.000000000E+00 8.202773514E+02
1.594910000E-03 -3.431950974E+01 0.000000000E+00 7.773479381E+02
1.678390000E-03 -3.082406388E+01 0.000000000E+00 7.386840961E+02
1.682520000E-03 -3.066400838E+01 0.000000000E+00 7.368708841E+02
1.686650000E-03 -3.050593574E+01 0.000000000E+00 7.350665520E+02
1.690780000E-03 -3.034902784E+01 0.000000000E+00 7.332710347E+02
1.694910000E-03 -3.019327329E+01 0.000000000E+00 7.314842676E+02
1.699040000E-03 -3.003787374E+01 0.000000000E+00 7.297061870E+02
1.703180000E-03 -2.988403347E+01 0.000000000E+00 7.279324558E+02
1.707310000E-03 -2.973167855E+01 0.000000000E+00 7.261715799E+02
1.711440000E-03 -2.957965703E+01 0.000000000E+00 7.244192025E+02
1.715570000E-03 -2.942951345E+01 0.000000000E+00 7.226752624E+02
1.719700000E-03 -2.928045774E+01 0.000000000E+00 7.209396988E+02
1.723830000E-03 -2.913247942E+01 0.000000000E+00 7.192124513E+02
1.727960000E-03 -2.898480720E+01 0.000000000E+00 7.174934605E+02
1.732090000E-03 -2.883895648E+01 0.000000000E+00 7.157826672E+02
1.740360000E-03 -2.855004582E+01 0.000000000E+00 7.123813464E+02
1.744490000E-03 -2.840656147E+01 0.000000000E+00 7.106948163E+02
1.748620000E-03 -2.826484452E+01 0.000000000E+00 7.090162528E+02
1.752750000E-03 -2.812413517E+01 0.000000000E+00 7.073455998E+02
1.756880000E-03 -2.798368776E+01 0.000000000E+00 7.056828013E+02
1.761010000E-03 -2.784496867E+01 0.000000000E+00 7.040278022E+02
1.840560000E-03 -2.535046097E+01 0.000000000E+00 6.735993393E+02
1.910160000E-03 -2.341412993E+01 0.000000000E+00 6.490555765E+02
1.971060000E-03 -2.188141217E+01 0.000000000E+00 6.290016539E+02
2.024350000E-03 -2.065099973E+01 0.000000000E+00 6.124435004E+02
2.070980000E-03 -1.964937747E+01 0.000000000E+00 5.986537774E+02
2.111780000E-03 -1.882759565E+01 0.000000000E+00 5.870876701E+02
2.147480000E-03 -1.814674284E+01 0.000000000E+00 5.773278447E+02
2.209960000E-03 -1.703521509E+01 0.000000000E+00 5.610056291E+02
2.256810000E-03 -1.626251211E+01 0.000000000E+00 5.493594942E+02
2.291950000E-03 -1.571387706E+01 0.000000000E+00 5.409367569E+02
2.318310000E-03 -1.531904167E+01 0.000000000E+00 5.347861157E+02
2.338080000E-03 -1.503176244E+01 0.000000000E+00 5.302641484E+02
2.352900000E-03 -1.481977153E+01 0.000000000E+00 5.269242212E+02
2.364020000E-03 -1.466275562E+01 0.000000000E+00 5.244456477E+02
2.372360000E-03 -1.454676884E+01 0.000000000E+00 5.226019660E+02
2.384870000E-03 -1.437450524E+01 0.000000000E+00 5.198606213E+02
2.391130000E-03 -1.428973786E+01 0.000000000E+00 5.184996215E+02
2.394250000E-03 -1.424753676E+01 0.000000000E+00 5.178239532E+02
2.397380000E-03 -1.420537656E+01 0.000000000E+00 5.171478864E+02
2.403280000E-03 -1.412648299E+01 0.000000000E+00 5.158782997E+02
2.409180000E-03 -1.404817892E+01 0.000000000E+00 5.146149312E+02
2.415080000E-03 -1.397045855E+01 0.000000000E+00 5.133577356E+02
2.420980000E-03 -1.389331613E+01 0.000000000E+00 5.121066675E+02
2.426890000E-03 -1.381662390E+01 0.000000000E+00 5.108595775E+02
2.429840000E-03 -1.377835973E+01 0.000000000E+00 5.102393573E+02
2.432790000E-03 -1.374062140E+01 0.000000000E+00 5.096206413E+02
2.435740000E-03 -1.370263943E+01 0.000000000E+00 5.090034240E+02
2.438690000E-03 -1.366518006E+01 0.000000000E+00 5.083877000E+02
2.441640000E-03 -1.362747754E+01 0.000000000E+00 5.077734637E+02
2.444590000E-03 -1.359029442E+01 0.000000000E+00 5.071607100E+02
2.449010000E-03 -1.353464569E+01 0.000000000E+00 5.062453808E+02
2.451960000E-03 -1.349742526E+01 0.000000000E+00 5.056363073E+02
2.454180000E-03 -1.346969996E+01 0.000000000E+00 5.051789192E+02
2.455280000E-03 -1.345598377E+01 0.000000000E+00 5.049525920E+02
2.455840000E-03 -1.344901504E+01 0.000000000E+00 5.048374487E+02
2.456110000E-03 -1.344546179E+01 0.000000000E+00 5.047819519E+02
2.456390000E-03 -1.344216875E+01 0.000000000E+00 5.047244127E+02
2.456570000E-03 -1.343967586E+01 0.000000000E+00 5.046874300E+02
2.456930000E-03 -1.343544465E+01 0.000000000E+00 5.046134811E+02
2.462290000E-03 -1.336891811E+01 0.000000000E+00 5.035150206E+02
2.463030000E-03 -1.335953623E+01 0.000000000E+00 5.033637430E+02
2.468190000E-03 -1.329620199E+01 0.000000000E+00 5.023114104E+02
2.471140000E-03 -1.325985672E+01 0.000000000E+00 5.017117606E+02
2.474090000E-03 -1.322401524E+01 0.000000000E+00 5.011135407E+02
2.477040000E-03 -1.318793364E+01 0.000000000E+00 5.005167458E+02
2.479990000E-03 -1.315235280E+01 0.000000000E+00 4.999213707E+02
2.482940000E-03 -1.311653232E+01 0.000000000E+00 4.993274102E+02
2.485890000E-03 -1.308120962E+01 0.000000000E+00 4.987348595E+02
2.491800000E-03 -1.301046832E+01 0.000000000E+00 4.975519705E+02
2.497700000E-03 -1.294034971E+01 0.000000000E+00 4.963766665E+02
2.503600000E-03 -1.287073568E+01 0.000000000E+00 4.952069021E+02
2.512450000E-03 -1.276707027E+01 0.000000000E+00 4.934625565E+02
2.515400000E-03 -1.273300225E+01 0.000000000E+00 4.928838356E+02
2.518210000E-03 -1.270022091E+01 0.000000000E+00 4.923338403E+02
2.523810000E-03 -1.263592313E+01 0.000000000E+00 4.912414167E+02
2.529360000E-03 -1.257224125E+01 0.000000000E+00 4.901635196E+02
2.534880000E-03 -1.250965911E+01 0.000000000E+00 4.890961308E+02
2.545810000E-03 -1.238689352E+01 0.000000000E+00 4.869962802E+02
2.556580000E-03 -1.226738943E+01 0.000000000E+00 4.849447309E+02
2.567180000E-03 -1.215115681E+01 0.000000000E+00 4.829423726E+02
2.577610000E-03 -1.203810303E+01 0.000000000E+00 4.809882022E+02
2.587880000E-03 -1.192837859E+01 0.000000000E+00 4.790794009E+02
2.608100000E-03 -1.171600054E+01 0.000000000E+00 4.753652084E+02
2.627690000E-03 -1.151525931E+01 0.000000000E+00 4.718212575E+02
2.646660000E-03 -1.132416897E+01 0.000000000E+00 4.684394671E+02
2.665050000E-03 -1.114219475E+01 0.000000000E+00 4.652070318E+02
2.682850000E-03 -1.096961262E+01 0.000000000E+00 4.621205062E+02
2.700110000E-03 -1.080585431E+01 0.000000000E+00 4.591664784E+02
2.716820000E-03 -1.064999305E+01 0.000000000E+00 4.563423414E+02
3.075460000E-03 -7.898179779E+00 0.000000000E+00 4.031266867E+02
3.234900000E-03 -6.951679063E+00 0.000000000E+00 3.832575968E+02
3.242860000E-03 -6.907936686E+00 0.000000000E+00 3.823168438E+02
3.250820000E-03 -6.864526863E+00 0.000000000E+00 3.813806978E+02
3.258780000E-03 -6.821446292E+00 0.000000000E+00 3.804491251E+02
3.266750000E-03 -6.778644095E+00 0.000000000E+00 3.795209306E+02
3.274710000E-03 -6.736212664E+00 0.000000000E+00 3.785984102E+02
3.282670000E-03 -6.694100824E+00 0.000000000E+00 3.776803639E+02
3.295900000E-03 -6.624716011E+00 0.000000000E+00 3.761643254E+02
3.298600000E-03 -6.610777210E+00 0.000000000E+00 3.758564239E+02
3.306560000E-03 -6.569397952E+00 0.000000000E+00 3.749516113E+02
3.314520000E-03 -6.528327929E+00 0.000000000E+00 3.740511447E+02
3.322480000E-03 -6.487564119E+00 0.000000000E+00 3.731549927E+02
3.330440000E-03 -6.446898690E+00 0.000000000E+00 3.722631244E+02
3.338410000E-03 -6.406491138E+00 0.000000000E+00 3.713743968E+02
3.354330000E-03 -6.326660528E+00 0.000000000E+00 3.696118152E+02
3.362290000E-03 -6.287387991E+00 0.000000000E+00 3.687367836E+02
3.370260000E-03 -6.248161239E+00 0.000000000E+00 3.678647938E+02
3.378220000E-03 -6.209265790E+00 0.000000000E+00 3.669980049E+02
3.386180000E-03 -6.170457368E+00 0.000000000E+00 3.661352911E+02
3.392780000E-03 -6.138639089E+00 0.000000000E+00 3.654230454E+02
3.394140000E-03 -6.132130510E+00 0.000000000E+00 3.652766238E+02
3.409480000E-03 -6.058714412E+00 0.000000000E+00 3.636331640E+02
3.417830000E-03 -6.019403832E+00 0.000000000E+00 3.627447825E+02
3.426310000E-03 -5.979475365E+00 0.000000000E+00 3.618470016E+02
3.434540000E-03 -5.941058114E+00 0.000000000E+00 3.609799274E+02
3.442890000E-03 -5.902255126E+00 0.000000000E+00 3.601044471E+02
3.451240000E-03 -5.863745946E+00 0.000000000E+00 3.592332031E+02
3.459590000E-03 -5.825717529E+00 0.000000000E+00 3.583661648E+02
3.467940000E-03 -5.787786408E+00 0.000000000E+00 3.575033017E+02
3.476290000E-03 -5.750140525E+00 0.000000000E+00 3.566445837E+02
3.484640000E-03 -5.712777097E+00 0.000000000E+00 3.557899812E+02
3.492990000E-03 -5.675693361E+00 0.000000000E+00 3.549394645E+02
3.501340000E-03 -5.638886598E+00 0.000000000E+00 3.540930044E+02
3.518040000E-03 -5.566276855E+00 0.000000000E+00 3.524121386E+02
3.526400000E-03 -5.530247097E+00 0.000000000E+00 3.515766788E+02
3.534750000E-03 -5.494339217E+00 0.000000000E+00 3.507461631E+02
3.543100000E-03 -5.458696899E+00 0.000000000E+00 3.499195620E+02
3.551450000E-03 -5.423137435E+00 0.000000000E+00 3.490968478E+02
3.559800000E-03 -5.388019451E+00 0.000000000E+00 3.482779931E+02
3.586810000E-03 -5.275924611E+00 0.000000000E+00 3.456553316E+02
3.607060000E-03 -5.193606290E+00 0.000000000E+00 3.437148259E+02
3.626370000E-03 -5.116417623E+00 0.000000000E+00 3.418845843E+02
3.633650000E-03 -5.087459320E+00 0.000000000E+00 3.411996202E+02
3.650740000E-03 -5.020028845E+00 0.000000000E+00 3.396023820E+02
3.659290000E-03 -4.986669492E+00 0.000000000E+00 3.388088946E+02
3.667830000E-03 -4.953587870E+00 0.000000000E+00 3.380200282E+02
3.674170000E-03 -4.929356045E+00 0.000000000E+00 3.374367544E+02
3.685890000E-03 -4.884517184E+00 0.000000000E+00 3.363638090E+02
3.692250000E-03 -4.860428662E+00 0.000000000E+00 3.357844133E+02
3.701300000E-03 -4.826497661E+00 0.000000000E+00 3.349633912E+02
3.710340000E-03 -4.792693747E+00 0.000000000E+00 3.341472749E+02
3.719380000E-03 -4.758984985E+00 0.000000000E+00 3.333351257E+02
3.724550000E-03 -4.739568424E+00 0.000000000E+00 3.328724275E+02
3.732300000E-03 -4.710700512E+00 0.000000000E+00 3.321812287E+02
3.736180000E-03 -4.696403953E+00 0.000000000E+00 3.318362606E+02
3.740050000E-03 -4.682184781E+00 0.000000000E+00 3.314928945E+02
3.744570000E-03 -4.665558458E+00 0.000000000E+00 3.310927556E+02
3.749080000E-03 -4.649025888E+00 0.000000000E+00 3.306944637E+02
3.753940000E-03 -4.631344869E+00 0.000000000E+00 3.302663335E+02
3.757820000E-03 -4.617308367E+00 0.000000000E+00 3.299253290E+02
3.761210000E-03 -4.604938452E+00 0.000000000E+00 3.296279655E+02
3.762900000E-03 -4.598942138E+00 0.000000000E+00 3.294799224E+02
3.763750000E-03 -4.595771902E+00 0.000000000E+00 3.294055131E+02
3.764180000E-03 -4.594172784E+00 0.000000000E+00 3.293678836E+02
3.764390000E-03 -4.593548648E+00 0.000000000E+00 3.293495095E+02
3.764600000E-03 -4.592764287E+00 0.000000000E+00 3.293311374E+02
3.764740000E-03 -4.592188019E+00 0.000000000E+00 3.293188905E+02
3.765020000E-03 -4.591195990E+00 0.000000000E+00 3.292943995E+02
3.773640000E-03 -4.560256492E+00 0.000000000E+00 3.285422033E+02
3.775900000E-03 -4.552168152E+00 0.000000000E+00 3.283455600E+02
3.782690000E-03 -4.527965964E+00 0.000000000E+00 3.277561735E+02
3.785570000E-03 -4.517813856E+00 0.000000000E+00 3.275068220E+02
3.789900000E-03 -4.502523409E+00 0.000000000E+00 3.271326420E+02
3.794220000E-03 -4.487317275E+00 0.000000000E+00 3.267601773E+02
3.802200000E-03 -4.459278485E+00 0.000000000E+00 3.260743780E+02
3.805920000E-03 -4.446101766E+00 0.000000000E+00 3.257556649E+02
3.809820000E-03 -4.432296166E+00 0.000000000E+00 3.254221984E+02
3.818860000E-03 -4.400687350E+00 0.000000000E+00 3.246518595E+02
3.827900000E-03 -4.369161106E+00 0.000000000E+00 3.238851590E+02
3.836950000E-03 -4.337843839E+00 0.000000000E+00 3.231212291E+02
3.848390000E-03 -4.298637937E+00 0.000000000E+00 3.221606958E+02
3.855030000E-03 -4.275966671E+00 0.000000000E+00 3.216057981E+02
3.859830000E-03 -4.259649852E+00 0.000000000E+00 3.212058562E+02
3.867030000E-03 -4.235371875E+00 0.000000000E+00 3.206078050E+02
3.874220000E-03 -4.211416160E+00 0.000000000E+00 3.200128026E+02
3.883760000E-03 -4.179668825E+00 0.000000000E+00 3.192267287E+02
3.893290000E-03 -4.148196147E+00 0.000000000E+00 3.184453252E+02
3.902830000E-03 -4.116942503E+00 0.000000000E+00 3.176669237E+02
3.912360000E-03 -4.085958107E+00 0.000000000E+00 3.168931284E+02
3.921900000E-03 -4.055188302E+00 0.000000000E+00 3.161222877E+02
3.931440000E-03 -4.024656897E+00 0.000000000E+00 3.153551879E+02
3.940970000E-03 -3.994386870E+00 0.000000000E+00 3.145926003E+02
3.950510000E-03 -3.964324962E+00 0.000000000E+00 3.138328975E+02
3.960040000E-03 -3.934519342E+00 0.000000000E+00 3.130776457E+02
3.969580000E-03 -3.904340869E+00 0.000000000E+00 3.123252334E+02
3.979120000E-03 -3.874251228E+00 0.000000000E+00 3.115764290E+02
3.988650000E-03 -3.844417292E+00 0.000000000E+00 3.108319858E+02
4.000000000E-03 -3.809153471E+00 0.000000000E+00 3.099500000E+02
4.007720000E-03 -3.784985055E+00 0.000000000E+00 3.093529488E+02
4.017260000E-03 -3.755245924E+00 0.000000000E+00 3.086183120E+02
4.026800000E-03 -3.725594437E+00 0.000000000E+00 3.078871561E+02
4.036330000E-03 -3.696332555E+00 0.000000000E+00 3.071602173E+02
4.045870000E-03 -3.667270546E+00 0.000000000E+00 3.064359458E+02
4.060170000E-03 -3.624114320E+00 0.000000000E+00 3.053566723E+02
4.064940000E-03 -3.609830550E+00 0.000000000E+00 3.049983518E+02
4.070350000E-03 -3.593744498E+00 0.000000000E+00 3.045929711E+02
4.073060000E-03 -3.585716155E+00 0.000000000E+00 3.043903110E+02
4.074420000E-03 -3.581560348E+00 0.000000000E+00 3.042887086E+02
4.075770000E-03 -3.577568309E+00 0.000000000E+00 3.041879203E+02
4.077020000E-03 -3.573941616E+00 0.000000000E+00 3.040946574E+02
4.080860000E-03 -3.562608875E+00 0.000000000E+00 3.038085110E+02
4.085800000E-03 -3.547907534E+00 0.000000000E+00 3.034411865E+02
4.090820000E-03 -3.533086558E+00 0.000000000E+00 3.030688224E+02
4.093330000E-03 -3.525766000E+00 0.000000000E+00 3.028829828E+02
4.095830000E-03 -3.518346594E+00 0.000000000E+00 3.026981100E+02
4.105870000E-03 -3.488728437E+00 0.000000000E+00 3.019579285E+02
4.115900000E-03 -3.458830304E+00 0.000000000E+00 3.012220899E+02
4.120910000E-03 -3.443981168E+00 0.000000000E+00 3.008558789E+02
4.125930000E-03 -3.429169493E+00 0.000000000E+00 3.004898290E+02
4.130950000E-03 -3.414416646E+00 0.000000000E+00 3.001246687E+02
4.135960000E-03 -3.399743602E+00 0.000000000E+00 2.997611195E+02
4.140980000E-03 -3.385107427E+00 0.000000000E+00 2.993977271E+02
4.145990000E-03 -3.370550275E+00 0.000000000E+00 2.990359359E+02
4.151010000E-03 -3.356029596E+00 0.000000000E+00 2.986742985E+02
4.153520000E-03 -3.348790788E+00 0.000000000E+00 2.984938077E+02
4.156030000E-03 -3.341566281E+00 0.000000000E+00 2.983135348E+02
4.161040000E-03 -3.327180837E+00 0.000000000E+00 2.979543576E+02
4.163550000E-03 -3.319998980E+00 0.000000000E+00 2.977747355E+02
4.164800000E-03 -3.316489227E+00 0.000000000E+00 2.976853630E+02
4.166690000E-03 -3.311003678E+00 0.000000000E+00 2.975503337E+02
4.167860000E-03 -3.307668017E+00 0.000000000E+00 2.974668055E+02
4.171980000E-03 -3.296031101E+00 0.000000000E+00 2.971730449E+02
4.174550000E-03 -3.288656977E+00 0.000000000E+00 2.969900947E+02
4.175320000E-03 -3.286553969E+00 0.000000000E+00 2.969353247E+02
4.176720000E-03 -3.282638816E+00 0.000000000E+00 2.968357946E+02
4.186120000E-03 -3.256035963E+00 0.000000000E+00 2.961692450E+02
4.188630000E-03 -3.248994044E+00 0.000000000E+00 2.959917682E+02
4.196150000E-03 -3.227971163E+00 0.000000000E+00 2.954613157E+02
4.201170000E-03 -3.214139723E+00 0.000000000E+00 2.951082675E+02
4.206190000E-03 -3.200233795E+00 0.000000000E+00 2.947560619E+02
4.211200000E-03 -3.186402039E+00 0.000000000E+00 2.944053951E+02
4.216220000E-03 -3.172604335E+00 0.000000000E+00 2.940548643E+02
4.221230000E-03 -3.158880090E+00 0.000000000E+00 2.937058630E+02
4.226250000E-03 -3.144935108E+00 0.000000000E+00 2.933569950E+02
4.236280000E-03 -3.116974375E+00 0.000000000E+00 2.926624302E+02
4.246310000E-03 -3.089231259E+00 0.000000000E+00 2.919711467E+02
4.256350000E-03 -3.061684531E+00 0.000000000E+00 2.912824368E+02
4.266380000E-03 -3.034245585E+00 0.000000000E+00 2.905976495E+02
4.271390000E-03 -3.020677592E+00 0.000000000E+00 2.902568017E+02
4.273900000E-03 -3.013966091E+00 0.000000000E+00 2.900863380E+02
4.275160000E-03 -3.010481509E+00 0.000000000E+00 2.900008421E+02
4.276410000E-03 -3.007143326E+00 0.000000000E+00 2.899160745E+02
4.277780000E-03 -3.003459563E+00 0.000000000E+00 2.898232261E+02
4.282910000E-03 -2.989663106E+00 0.000000000E+00 2.894760805E+02
4.301530000E-03 -2.940093203E+00 0.000000000E+00 2.882230276E+02
4.310840000E-03 -2.915634378E+00 0.000000000E+00 2.876005604E+02
4.315500000E-03 -2.903400272E+00 0.000000000E+00 2.872900012E+02
4.320150000E-03 -2.891349568E+00 0.000000000E+00 2.869807761E+02
4.323750000E-03 -2.881955282E+00 0.000000000E+00 2.867418329E+02
4.327630000E-03 -2.871843105E+00 0.000000000E+00 2.864847503E+02
4.339270000E-03 -2.841082673E+00 0.000000000E+00 2.857162610E+02
4.345030000E-03 -2.825850623E+00 0.000000000E+00 2.853375005E+02
4.355670000E-03 -2.797959803E+00 0.000000000E+00 2.846404801E+02
4.366320000E-03 -2.770277806E+00 0.000000000E+00 2.839462064E+02
4.376960000E-03 -2.742718431E+00 0.000000000E+00 2.832559585E+02
4.384020000E-03 -2.724644213E+00 0.000000000E+00 2.827998047E+02
4.389320000E-03 -2.711055201E+00 0.000000000E+00 2.824583307E+02
4.397270000E-03 -2.690832876E+00 0.000000000E+00 2.819476630E+02
4.401250000E-03 -2.680759035E+00 0.000000000E+00 2.816927009E+02
4.405220000E-03 -2.670732226E+00 0.000000000E+00 2.814388385E+02
4.409720000E-03 -2.659505084E+00 0.000000000E+00 2.811516377E+02
4.414220000E-03 -2.648199462E+00 0.000000000E+00 2.808650226E+02
4.418200000E-03 -2.638137630E+00 0.000000000E+00 2.806120139E+02
4.420860000E-03 -2.631435631E+00 0.000000000E+00 2.804431717E+02
4.426680000E-03 -2.616559024E+00 0.000000000E+00 2.800744576E+02
4.427550000E-03 -2.614210592E+00 0.000000000E+00 2.800194238E+02
4.429310000E-03 -2.609601650E+00 0.000000000E+00 2.799081573E+02
4.429740000E-03 -2.608437721E+00 0.000000000E+00 2.798809862E+02
4.430840000E-03 -2.605604636E+00 0.000000000E+00 2.798115030E+02
4.440810000E-03 -2.579524148E+00 0.000000000E+00 2.791833021E+02
4.443470000E-03 -2.572592925E+00 0.000000000E+00 2.790161743E+02
4.451450000E-03 -2.551883231E+00 0.000000000E+00 2.785159892E+02
4.455450000E-03 -2.541616736E+00 0.000000000E+00 2.782659440E+02
4.462430000E-03 -2.523585567E+00 0.000000000E+00 2.778306887E+02
4.472910000E-03 -2.496871981E+00 0.000000000E+00 2.771797331E+02
4.478140000E-03 -2.483609992E+00 0.000000000E+00 2.768560161E+02
4.483380000E-03 -2.470384853E+00 0.000000000E+00 2.765324376E+02
4.494020000E-03 -2.443620741E+00 0.000000000E+00 2.758777220E+02
4.504670000E-03 -2.417055302E+00 0.000000000E+00 2.752254882E+02
4.515310000E-03 -2.390828354E+00 0.000000000E+00 2.745769393E+02
4.525950000E-03 -2.364699048E+00 0.000000000E+00 2.739314398E+02
4.536590000E-03 -2.338777281E+00 0.000000000E+00 2.732889681E+02
4.544600000E-03 -2.319427096E+00 0.000000000E+00 2.728072878E+02
4.555470000E-03 -2.293312457E+00 0.000000000E+00 2.721563307E+02
4.577200000E-03 -2.241835918E+00 0.000000000E+00 2.708642838E+02
4.588060000E-03 -2.216252612E+00 0.000000000E+00 2.702231444E+02
4.598930000E-03 -2.188819418E+00 0.000000000E+00 2.695844468E+02
4.609790000E-03 -2.161729551E+00 0.000000000E+00 2.689493448E+02
4.616270000E-03 -2.145608697E+00 0.000000000E+00 2.685718123E+02
4.622750000E-03 -2.129565747E+00 0.000000000E+00 2.681953383E+02
4.624790000E-03 -2.124574517E+00 0.000000000E+00 2.680770370E+02
4.626470000E-03 -2.120394854E+00 0.000000000E+00 2.679796908E+02
4.631520000E-03 -2.107979800E+00 0.000000000E+00 2.676874978E+02
4.637030000E-03 -2.094468883E+00 0.000000000E+00 2.673694153E+02
4.642290000E-03 -2.081661472E+00 0.000000000E+00 2.670664694E+02
4.647550000E-03 -2.068904078E+00 0.000000000E+00 2.667642091E+02
4.658940000E-03 -2.041459664E+00 0.000000000E+00 2.661120341E+02
4.670320000E-03 -2.014259051E+00 0.000000000E+00 2.654636085E+02
4.676010000E-03 -2.000692511E+00 0.000000000E+00 2.651405793E+02
4.681700000E-03 -1.987182977E+00 0.000000000E+00 2.648183352E+02
4.686880000E-03 -1.974997996E+00 0.000000000E+00 2.645256546E+02
4.694640000E-03 -1.956820232E+00 0.000000000E+00 2.640884072E+02
4.702400000E-03 -1.938746156E+00 0.000000000E+00 2.636526029E+02
4.709120000E-03 -1.922987453E+00 0.000000000E+00 2.632763659E+02
4.712490000E-03 -1.914613354E+00 0.000000000E+00 2.630880914E+02
4.715850000E-03 -1.906068183E+00 0.000000000E+00 2.629006436E+02
4.721550000E-03 -1.891717222E+00 0.000000000E+00 2.625832619E+02
4.725810000E-03 -1.880910415E+00 0.000000000E+00 2.623465607E+02
4.729280000E-03 -1.872214307E+00 0.000000000E+00 2.621540700E+02
4.730450000E-03 -1.869270562E+00 0.000000000E+00 2.620892304E+02
4.736580000E-03 -1.853948864E+00 0.000000000E+00 2.617500391E+02
4.737600000E-03 -1.851404028E+00 0.000000000E+00 2.616936846E+02
4.738620000E-03 -1.848861118E+00 0.000000000E+00 2.616373543E+02
4.750000000E-03 -1.820624295E+00 0.000000000E+00 2.610105263E+02
4.753530000E-03 -1.811911502E+00 0.000000000E+00 2.608166983E+02
4.764130000E-03 -1.785897612E+00 0.000000000E+00 2.602363915E+02
4.768610000E-03 -1.774969870E+00 0.000000000E+00 2.599919054E+02
4.775330000E-03 -1.758695716E+00 0.000000000E+00 2.596260363E+02
4.782040000E-03 -1.742414124E+00 0.000000000E+00 2.592617377E+02
4.787730000E-03 -1.728663270E+00 0.000000000E+00 2.589536168E+02
4.793420000E-03 -1.715068834E+00 0.000000000E+00 2.586462275E+02
4.800170000E-03 -1.698957568E+00 0.000000000E+00 2.582825192E+02
4.806920000E-03 -1.681844317E+00 0.000000000E+00 2.579198322E+02
4.816620000E-03 -1.656851995E+00 0.000000000E+00 2.574004177E+02
4.818300000E-03 -1.652552761E+00 0.000000000E+00 2.573106697E+02
4.825210000E-03 -1.634811307E+00 0.000000000E+00 2.569421849E+02
4.829690000E-03 -1.623398899E+00 0.000000000E+00 2.567038464E+02
4.837000000E-03 -1.604889753E+00 0.000000000E+00 2.563158983E+02
4.848790000E-03 -1.575131063E+00 0.000000000E+00 2.556926573E+02
4.852450000E-03 -1.565940391E+00 0.000000000E+00 2.554997991E+02
4.854430000E-03 -1.560955007E+00 0.000000000E+00 2.553955871E+02
4.859780000E-03 -1.547622792E+00 0.000000000E+00 2.551144290E+02
4.867830000E-03 -1.527696715E+00 0.000000000E+00 2.546925427E+02
4.874780000E-03 -1.509307027E+00 0.000000000E+00 2.543294261E+02
4.881520000E-03 -1.490367884E+00 0.000000000E+00 2.539782691E+02
4.893000000E-03 -1.458290662E+00 0.000000000E+00 2.533823830E+02
4.895950000E-03 -1.450115507E+00 0.000000000E+00 2.532297103E+02
4.907740000E-03 -1.417603296E+00 0.000000000E+00 2.526213695E+02
4.919530000E-03 -1.385374239E+00 0.000000000E+00 2.520159446E+02
4.925420000E-03 -1.369369783E+00 0.000000000E+00 2.517145746E+02
4.931320000E-03 -1.353425394E+00 0.000000000E+00 2.514134147E+02
4.937210000E-03 -1.337559875E+00 0.000000000E+00 2.511134831E+02
4.946060000E-03 -1.313783740E+00 0.000000000E+00 2.506641650E+02
4.954900000E-03 -1.290264201E+00 0.000000000E+00 2.502169570E+02
4.966690000E-03 -1.258770691E+00 0.000000000E+00 2.496229883E+02
4.978480000E-03 -1.225807622E+00 0.000000000E+00 2.490318330E+02
4.990270000E-03 -1.189298253E+00 0.000000000E+00 2.484434710E+02
5.000650000E-03 -1.157411744E+00 0.000000000E+00 2.479277694E+02
5.011030000E-03 -1.125770376E+00 0.000000000E+00 2.474142043E+02
5.027730000E-03 -1.074817520E+00 0.000000000E+00 2.465923986E+02
5.091030000E-03 -8.521531036E-01 3.897639536E-06 2.435263591E+02
5.141890000E-03 -6.273952555E-01 6.410077525E-04 2.411175657E+02
5.180430000E-03 -3.943108366E-01 1.166139336E-02 2.393237627E+02
5.209920000E-03 -1.481952108E-01 6.383859895E-02 2.379691051E+02
5.232440000E-03 7.645307503E-02 1.762457513E-01 2.369449052E+02
5.256930000E-03 3.072007158E-01 4.115684900E-01 2.358410707E+02
5.291720000E-03 4.371037628E-01 9.146881280E-01 2.342905520E+02
5.319320000E-03 3.350011204E-01 1.303971176E+00 2.330749043E+02
5.335940000E-03 1.988405805E-01 1.475325614E+00 2.323489395E+02
5.341970000E-03 1.440351343E-01 1.521809982E+00 2.320866647E+02
5.346250000E-03 1.044640320E-01 1.550608803E+00 2.319008651E+02
5.351660000E-03 5.430827068E-02 1.582216840E+00 2.316664362E+02
5.365620000E-03 -7.147580513E-02 1.639998847E+00 2.310636981E+02
5.372650000E-03 -1.298374076E-01 1.656633053E+00 2.307613561E+02
5.384970000E-03 -2.246584365E-01 1.674966652E+00 2.302334089E+02
5.386280000E-03 -2.335395256E-01 1.675569604E+00 2.301774137E+02
5.399430000E-03 -3.186490425E-01 1.679584306E+00 2.296168299E+02
5.412120000E-03 -3.897361087E-01 1.676658629E+00 2.290784388E+02
5.416990000E-03 -4.144953524E-01 1.674210544E+00 2.288724919E+02
5.424300000E-03 -4.436609198E-01 1.668403725E+00 2.285640543E+02
5.431600000E-03 -4.713605714E-01 1.662273919E+00 2.282568672E+02
5.441550000E-03 -5.087271965E-01 1.653959743E+00 2.278394943E+02
5.446520000E-03 -5.273455796E-01 1.649831955E+00 2.276315886E+02
5.449010000E-03 -5.365872796E-01 1.647765824E+00 2.275275692E+02
5.451490000E-03 -5.458935900E-01 1.645708817E+00 2.274240620E+02
5.458070000E-03 -5.676437804E-01 1.640255899E+00 2.271498900E+02
5.461360000E-03 -5.763448176E-01 1.637518454E+00 2.270130517E+02
5.463830000E-03 -5.829117355E-01 1.635475030E+00 2.269104273E+02
5.465470000E-03 -5.872105350E-01 1.634113344E+00 2.268423393E+02
5.467020000E-03 -5.912521964E-01 1.632837164E+00 2.267780253E+02
5.472410000E-03 -6.054184391E-01 1.628385506E+00 2.265546624E+02
5.475110000E-03 -6.124765438E-01 1.626158301E+00 2.264429390E+02
5.476460000E-03 -6.160000857E-01 1.625046050E+00 2.263871187E+02
5.477810000E-03 -6.195199571E-01 1.623934696E+00 2.263313258E+02
5.490970000E-03 -6.519343036E-01 1.613145500E+00 2.257888861E+02
5.494260000E-03 -6.580858651E-01 1.610438854E+00 2.256536822E+02
5.504130000E-03 -6.765953024E-01 1.602343296E+00 2.252490403E+02
5.509050000E-03 -6.857306214E-01 1.598329577E+00 2.250478758E+02
5.516440000E-03 -6.993613708E-01 1.592317807E+00 2.247463944E+02
5.523820000E-03 -7.129938634E-01 1.586345658E+00 2.244461261E+02
5.533710000E-03 -7.309920727E-01 1.578380130E+00 2.240449897E+02
5.545960000E-03 -7.531990951E-01 1.568578336E+00 2.235501158E+02
5.556760000E-03 -7.673633402E-01 1.559889293E+00 2.231156285E+02
5.569920000E-03 -7.843630190E-01 1.549384902E+00 2.225884752E+02
5.583080000E-03 -8.012558634E-01 1.538954812E+00 2.220638071E+02
5.607280000E-03 -8.256335503E-01 1.519817166E+00 2.211054201E+02
5.609400000E-03 -8.275756769E-01 1.518141436E+00 2.210218562E+02
5.615170000E-03 -8.329018633E-01 1.513610560E+00 2.207947400E+02
5.620940000E-03 -8.381304211E-01 1.509095079E+00 2.205680900E+02
5.634610000E-03 -8.504066591E-01 1.498453659E+00 2.200329748E+02
5.648280000E-03 -8.626138848E-01 1.487904573E+00 2.195004497E+02
5.661950000E-03 -8.722010201E-01 1.477333454E+00 2.189704960E+02
5.675610000E-03 -8.801290805E-01 1.466795533E+00 2.184434801E+02
5.689280000E-03 -8.880230660E-01 1.456336543E+00 2.179186118E+02
5.716610000E-03 -9.033881556E-01 1.435672669E+00 2.168767854E+02
5.730280000E-03 -9.086418004E-01 1.425786288E+00 2.163594100E+02
5.743950000E-03 -9.129974946E-01 1.416025855E+00 2.158444973E+02
5.757620000E-03 -9.172903529E-01 1.406341933E+00 2.153320296E+02
5.784950000E-03 -9.237281776E-01 1.387062809E+00 2.143147305E+02
5.825950000E-03 -9.305541841E-01 1.358497467E+00 2.128064951E+02
5.869100000E-03 -9.350555550E-01 1.328964624E+00 2.112419281E+02
5.886670000E-03 -9.358489605E-01 1.317063164E+00 2.106114323E+02
5.933820000E-03 -9.339884656E-01 1.285651567E+00 2.089379186E+02
5.950000000E-03 -9.325983805E-01 1.275414806E+00 2.083697479E+02
5.962140000E-03 -9.315118140E-01 1.267803522E+00 2.079454692E+02
5.978060000E-03 -9.298850702E-01 1.257874585E+00 2.073916956E+02
5.992060000E-03 -9.275224240E-01 1.249162113E+00 2.069071404E+02
5.998540000E-03 -9.263281651E-01 1.245144931E+00 2.066836263E+02
6.001010000E-03 -9.258784765E-01 1.243615378E+00 2.065985559E+02
6.003610000E-03 -9.254085322E-01 1.242008912E+00 2.065090837E+02
6.021790000E-03 -9.218209691E-01 1.230786283E+00 2.058856254E+02
6.028070000E-03 -9.205075989E-01 1.226935036E+00 2.056711352E+02
6.042840000E-03 -9.172911262E-01 1.217895531E+00 2.051684307E+02
6.057600000E-03 -9.137798587E-01 1.208890140E+00 2.046685156E+02
6.064980000E-03 -9.120285182E-01 1.204417977E+00 2.044194705E+02
6.072370000E-03 -9.102737408E-01 1.199953856E+00 2.041706945E+02
6.078200000E-03 -9.088865931E-01 1.196447581E+00 2.039748610E+02
6.086960000E-03 -9.064625628E-01 1.191154277E+00 2.036813122E+02
6.095720000E-03 -9.039834215E-01 1.185886437E+00 2.033886071E+02
6.106190000E-03 -9.009942547E-01 1.179617090E+00 2.030398661E+02
6.111430000E-03 -8.995000498E-01 1.176487900E+00 2.028657777E+02
6.114040000E-03 -8.987296402E-01 1.174936600E+00 2.027791771E+02
6.124040000E-03 -8.958660440E-01 1.169048729E+00 2.024480572E+02
6.129580000E-03 -8.940734460E-01 1.165932564E+00 2.022650818E+02
6.131890000E-03 -8.933113918E-01 1.164631253E+00 2.021888847E+02
6.132780000E-03 -8.930035653E-01 1.164136175E+00 2.021595427E+02
6.143240000E-03 -8.896332927E-01 1.158278678E+00 2.018153287E+02
6.144720000E-03 -8.891443924E-01 1.157455997E+00 2.017667200E+02
6.146190000E-03 -8.887220417E-01 1.156631724E+00 2.017184630E+02
6.164650000E-03 -8.825694472E-01 1.146396662E+00 2.011144185E+02
6.175720000E-03 -8.784478385E-01 1.140312565E+00 2.007539202E+02
6.181590000E-03 -8.762496660E-01 1.137095422E+00 2.005632855E+02
6.190410000E-03 -8.729822650E-01 1.132286205E+00 2.002775260E+02
6.199220000E-03 -8.697318828E-01 1.127503371E+00 1.999929023E+02
6.209610000E-03 -8.658962465E-01 1.121888975E+00 1.996582716E+02
6.220010000E-03 -8.620697959E-01 1.116308053E+00 1.993244384E+02
6.234780000E-03 -8.561220805E-01 1.108307247E+00 1.988522450E+02
6.249540000E-03 -8.499829360E-01 1.100320679E+00 1.983826010E+02
6.264310000E-03 -8.438171819E-01 1.092393499E+00 1.979148541E+02
6.282830000E-03 -8.361866045E-01 1.082543646E+00 1.973314573E+02
6.293840000E-03 -8.316609563E-01 1.076734654E+00 1.969862596E+02
6.301140000E-03 -8.286784078E-01 1.072902115E+00 1.967580470E+02
6.311250000E-03 -8.236230089E-01 1.067613530E+00 1.964428600E+02
6.326470000E-03 -8.161081105E-01 1.059712424E+00 1.959702646E+02
6.347660000E-03 -8.042851100E-01 1.049006118E+00 1.953160692E+02
6.351540000E-03 -8.021377200E-01 1.047060264E+00 1.951967554E+02
6.368500000E-03 -7.927760259E-01 1.038594369E+00 1.946769255E+02
6.382330000E-03 -7.851821832E-01 1.031749733E+00 1.942550761E+02
6.386490000E-03 -7.829130036E-01 1.029698553E+00 1.941285432E+02
6.398970000E-03 -7.761317812E-01 1.023577304E+00 1.937499316E+02
6.407990000E-03 -7.712457436E-01 1.019175985E+00 1.934772058E+02
6.417940000E-03 -7.658682571E-01 1.014341294E+00 1.931772500E+02
6.421580000E-03 -7.639220022E-01 1.012585564E+00 1.930677497E+02
6.438370000E-03 -7.549533346E-01 1.004504680E+00 1.925642670E+02
6.442660000E-03 -7.526716998E-01 1.002450260E+00 1.924360435E+02
6.452840000E-03 -7.472551708E-01 9.975981746E-01 1.921324564E+02
6.456230000E-03 -7.454752872E-01 9.959893496E-01 1.920315726E+02
6.471740000E-03 -7.372817456E-01 9.886550713E-01 1.915713548E+02
6.479490000E-03 -7.332366118E-01 9.850141970E-01 1.913422198E+02
6.487250000E-03 -7.292005070E-01 9.813794641E-01 1.911133377E+02
6.496220000E-03 -7.245361188E-01 9.772012387E-01 1.908494478E+02
6.509680000E-03 -7.175727411E-01 9.709658764E-01 1.904548303E+02
6.516410000E-03 -7.133312055E-01 9.678643778E-01 1.902581329E+02
6.523130000E-03 -7.090019488E-01 9.647765626E-01 1.900621327E+02
6.533780000E-03 -7.021577601E-01 9.599094608E-01 1.897523333E+02
6.549290000E-03 -6.915094994E-01 9.529315377E-01 1.893029626E+02
6.570010000E-03 -6.772250345E-01 9.437193915E-01 1.887059533E+02
6.577830000E-03 -6.718740979E-01 9.402690087E-01 1.884816117E+02
6.585650000E-03 -6.665438340E-01 9.368271054E-01 1.882578030E+02
6.597140000E-03 -6.587598567E-01 9.318020323E-01 1.879299211E+02
6.608630000E-03 -6.509678669E-01 9.268062138E-01 1.876031795E+02
6.622180000E-03 -6.407469618E-01 9.209499329E-01 1.872193145E+02
6.635520000E-03 -6.296151720E-01 9.152225965E-01 1.868429302E+02
6.653590000E-03 -6.141032920E-01 9.076456755E-01 1.863354971E+02
6.663820000E-03 -6.053648170E-01 9.033822861E-01 1.860494431E+02
6.691920000E-03 -5.816107854E-01 8.917928473E-01 1.852682040E+02
6.705970000E-03 -5.698870411E-01 8.860590000E-01 1.848800397E+02
6.756520000E-03 -5.216468645E-01 8.657623641E-01 1.834968297E+02
6.848040000E-03 -3.998463236E-01 8.329839065E-01 1.810445032E+02
6.891510000E-03 -3.105728893E-01 8.331488830E-01 1.799025177E+02
6.986180000E-03 -1.046684618E-01 1.021180517E+00 1.774646516E+02
7.078080000E-03 -2.129580847E-01 1.271111497E+00 1.751604955E+02
7.150520000E-03 -3.452909701E-01 1.287647705E+00 1.733859915E+02
7.172810000E-03 -3.723184265E-01 1.279401079E+00 1.728471826E+02
7.195800000E-03 -3.946324109E-01 1.269088726E+00 1.722949498E+02
7.269830000E-03 -4.420848277E-01 1.233644196E+00 1.705404390E+02
7.334610000E-03 -4.667330296E-01 1.203590328E+00 1.690342090E+02
7.352240000E-03 -4.704682403E-01 1.195550958E+00 1.686288805E+02
7.419530000E-03 -4.844086851E-01 1.165452545E+00 1.670995333E+02
7.478410000E-03 -4.922477247E-01 1.139733706E+00 1.657839033E+02
7.529920000E-03 -4.957859713E-01 1.117681734E+00 1.646498236E+02
7.585780000E-03 -4.993461615E-01 1.094331978E+00 1.634373789E+02
7.618020000E-03 -5.005816867E-01 1.081251992E+00 1.627457003E+02
7.683470000E-03 -4.977187890E-01 1.054992453E+00 1.613593858E+02
7.735240000E-03 -4.953967492E-01 1.034739511E+00 1.602794483E+02
7.774060000E-03 -4.936208161E-01 1.019840699E+00 1.594790881E+02
7.803180000E-03 -4.914871992E-01 1.008832418E+00 1.588839422E+02
7.825020000E-03 -4.892590739E-01 1.000700309E+00 1.584404896E+02
7.857780000E-03 -4.856624285E-01 9.887635281E-01 1.577799328E+02
7.874160000E-03 -4.838855170E-01 9.828547293E-01 1.574517155E+02
7.882350000E-03 -4.829612144E-01 9.799173649E-01 1.572881184E+02
7.890540000E-03 -4.820740451E-01 9.769864221E-01 1.571248609E+02
7.929390000E-03 -4.778140085E-01 9.632334825E-01 1.563550286E+02
7.948810000E-03 -4.757084667E-01 9.564396166E-01 1.559730324E+02
7.968230000E-03 -4.735700853E-01 9.497004600E-01 1.555928983E+02
7.987650000E-03 -4.714706419E-01 9.430154550E-01 1.552146126E+02
8.000560000E-03 -4.700624891E-01 9.386007498E-01 1.549641525E+02
8.016780000E-03 -4.674432474E-01 9.330352484E-01 1.546506203E+02
8.026500000E-03 -4.658663718E-01 9.297293262E-01 1.544633402E+02
8.036210000E-03 -4.642261027E-01 9.264530378E-01 1.542767051E+02
8.045920000E-03 -4.625894756E-01 9.231933565E-01 1.540905204E+02
8.060480000E-03 -4.601431529E-01 9.183293569E-01 1.538121799E+02
8.070190000E-03 -4.585155789E-01 9.151020852E-01 1.536271141E+02
8.077480000E-03 -4.572771430E-01 9.126883737E-01 1.534884642E+02
8.081120000E-03 -4.566953074E-01 9.114870927E-01 1.534193280E+02
8.082940000E-03 -4.563871726E-01 9.108853863E-01 1.533847833E+02
8.083850000E-03 -4.562331523E-01 9.105829622E-01 1.533675167E+02
8.084300000E-03 -4.561405739E-01 9.104363965E-01 1.533589798E+02
8.084650000E-03 -4.560840243E-01 9.103193277E-01 1.533523405E+02
8.084840000E-03 -4.560503491E-01 9.102591607E-01 1.533487366E+02
8.084990000E-03 -4.560310838E-01 9.102080054E-01 1.533458916E+02
8.085210000E-03 -4.559866056E-01 9.101341406E-01 1.533417190E+02
8.085360000E-03 -4.559673408E-01 9.100864681E-01 1.533388742E+02
8.106810000E-03 -4.523870912E-01 9.030467747E-01 1.529331513E+02
8.109040000E-03 -4.520030433E-01 9.023117341E-01 1.528910944E+02
8.123600000E-03 -4.493507466E-01 8.975411109E-01 1.526170663E+02
8.133310000E-03 -4.476096366E-01 8.943757165E-01 1.524348635E+02
8.143020000E-03 -4.458727059E-01 8.912228596E-01 1.522530953E+02
8.152740000E-03 -4.441363947E-01 8.880802975E-01 1.520715735E+02
8.162450000E-03 -4.423736782E-01 8.849523361E-01 1.518906701E+02
8.172160000E-03 -4.406492804E-01 8.818367248E-01 1.517101966E+02
8.181870000E-03 -4.389289995E-01 8.787300070E-01 1.515301514E+02
8.201290000E-03 -4.354669528E-01 8.725599988E-01 1.511713401E+02
8.220710000E-03 -4.319542768E-01 8.664485036E-01 1.508142241E+02
8.240130000E-03 -4.283248711E-01 8.603982458E-01 1.504587913E+02
8.269260000E-03 -4.228983459E-01 8.514129786E-01 1.499287723E+02
8.278980000E-03 -4.210841245E-01 8.484369820E-01 1.497527473E+02
8.289050000E-03 -4.192207814E-01 8.453681265E-01 1.495708193E+02
8.313510000E-03 -4.147283219E-01 8.379648362E-01 1.491307522E+02
8.328740000E-03 -4.116554753E-01 8.333995173E-01 1.488580506E+02
8.367490000E-03 -4.038034858E-01 8.219468024E-01 1.481686862E+02
8.413950000E-03 -3.945057202E-01 8.084493494E-01 1.473505310E+02
8.441410000E-03 -3.888597538E-01 8.006853808E-01 1.468711981E+02
8.476650000E-03 -3.816682745E-01 7.908479213E-01 1.462606100E+02
8.551450000E-03 -3.666138463E-01 7.704051741E-01 1.449812605E+02
8.608910000E-03 -3.547168899E-01 7.551304216E-01 1.440135859E+02
8.668920000E-03 -3.422544989E-01 7.396020938E-01 1.430166618E+02
8.789940000E-03 -3.171650916E-01 7.091687670E-01 1.410476067E+02
8.830640000E-03 -3.085481795E-01 6.992521553E-01 1.403975250E+02
8.876950000E-03 -2.987946257E-01 6.881719928E-01 1.396650877E+02
8.963960000E-03 -2.803484715E-01 6.677595425E-01 1.383094079E+02
9.039000000E-03 -2.644901259E-01 6.509337531E-01 1.371611904E+02
9.120110000E-03 -2.477260958E-01 6.332632001E-01 1.359413428E+02
9.175190000E-03 -2.362183665E-01 6.217043949E-01 1.351252672E+02
9.213920000E-03 -2.279886842E-01 6.136116077E-01 1.345572786E+02
9.258300000E-03 -2.186828796E-01 6.044770997E-01 1.339122733E+02
9.297130000E-03 -2.106273556E-01 5.966071922E-01 1.333529810E+02
9.365080000E-03 -1.967503117E-01 5.830922556E-01 1.323854148E+02
9.416040000E-03 -1.862662940E-01 5.732535505E-01 1.316689394E+02
9.454270000E-03 -1.782680468E-01 5.660821687E-01 1.311365129E+02
9.482930000E-03 -1.723442953E-01 5.607705544E-01 1.307401826E+02
9.504430000E-03 -1.679015868E-01 5.568202416E-01 1.304444349E+02
9.536680000E-03 -1.613401363E-01 5.509495143E-01 1.300033135E+02
9.560870000E-03 -1.564403862E-01 5.465916492E-01 1.296743916E+02
9.568930000E-03 -1.548156466E-01 5.451476303E-01 1.295651656E+02
9.580710000E-03 -1.524479119E-01 5.430454373E-01 1.294058582E+02
9.616040000E-03 -1.454203543E-01 5.367869365E-01 1.289304121E+02
9.639590000E-03 -1.407597694E-01 5.326610374E-01 1.286154287E+02
9.663140000E-03 -1.360822865E-01 5.285957005E-01 1.283019805E+02
9.686700000E-03 -1.314344147E-01 5.245745780E-01 1.279899243E+02
9.698470000E-03 -1.291247058E-01 5.225798145E-01 1.278345966E+02
9.716280000E-03 -1.256389660E-01 5.195730732E-01 1.276002750E+02
9.722030000E-03 -1.244761448E-01 5.186076768E-01 1.275248071E+02
9.733800000E-03 -1.221181106E-01 5.166371836E-01 1.273706055E+02
9.745580000E-03 -1.197419597E-01 5.146736354E-01 1.272166459E+02
9.757350000E-03 -1.173762966E-01 5.127191089E-01 1.270631883E+02
9.775020000E-03 -1.138634184E-01 5.097994015E-01 1.268335001E+02
9.780910000E-03 -1.126885607E-01 5.088293175E-01 1.267571218E+02
9.783850000E-03 -1.121148952E-01 5.083455324E-01 1.267190319E+02
9.796730000E-03 -1.095713667E-01 5.062355734E-01 1.265524313E+02
9.800110000E-03 -1.089007635E-01 5.056829745E-01 1.265087841E+02
9.800660000E-03 -1.087999629E-01 5.055931014E-01 1.265016846E+02
9.801610000E-03 -1.086086887E-01 5.054383359E-01 1.264894237E+02
9.803030000E-03 -1.083348298E-01 5.052067977E-01 1.264711013E+02
9.803750000E-03 -1.081720407E-01 5.050900405E-01 1.264618131E+02
9.805200000E-03 -1.078915778E-01 5.048532193E-01 1.264431118E+02
9.828010000E-03 -1.034135804E-01 5.011480765E-01 1.261496478E+02
9.833900000E-03 -1.022801695E-01 5.001978377E-01 1.260740906E+02
9.851570000E-03 -9.882122014E-02 4.973539138E-01 1.258479613E+02
9.863340000E-03 -9.655066331E-02 4.954692784E-01 1.256977859E+02
9.875120000E-03 -9.426228719E-02 4.935888803E-01 1.255478414E+02
9.886890000E-03 -9.200715240E-02 4.917193516E-01 1.253983811E+02
9.898670000E-03 -8.973424953E-02 4.898563232E-01 1.252491496E+02
9.910450000E-03 -8.749219646E-02 4.880007582E-01 1.251002729E+02
9.922220000E-03 -8.523682127E-02 4.861535995E-01 1.249518757E+02
9.945780000E-03 -8.076754544E-02 4.824771435E-01 1.246558842E+02
9.969330000E-03 -7.633050597E-02 4.788332169E-01 1.243614165E+02
9.992880000E-03 -7.192323835E-02 4.752159650E-01 1.240683367E+02
1.004000000E-02 -6.303490705E-02 4.681487703E-01 1.234860558E+02
1.005500000E-02 -6.022520097E-02 4.659237463E-01 1.233018399E+02
1.008490000E-02 -5.466266845E-02 4.615274614E-01 1.229362711E+02
1.011430000E-02 -4.922880122E-02 4.572467950E-01 1.225789229E+02
1.017220000E-02 -3.865793096E-02 4.489380905E-01 1.218812056E+02
1.022820000E-02 -2.835818008E-02 4.410578649E-01 1.212138988E+02
1.030680000E-02 -1.401677472E-02 4.302518072E-01 1.202895176E+02
1.038780000E-02 5.982869932E-04 4.195629939E-01 1.193515470E+02
1.048650000E-02 1.797960961E-02 4.069146520E-01 1.182281982E+02
1.057900000E-02 3.385940687E-02 3.954200306E-01 1.171944418E+02
1.075240000E-02 6.311843879E-02 3.749884663E-01 1.153044902E+02
1.090410000E-02 8.806885964E-02 3.580799797E-01 1.137003512E+02
1.122400000E-02 1.384630221E-01 3.253787407E-01 1.104597292E+02
1.156800000E-02 1.903668773E-01 2.942081321E-01 1.071749654E+02
1.264370000E-02 3.374646529E-01 2.173618529E-01 9.805673972E+01
1.283600000E-02 3.612631205E-01 2.063993357E-01 9.658772203E+01
1.292990000E-02 3.729124056E-01 2.012513675E-01 9.588627909E+01
1.296180000E-02 3.768202220E-01 1.995506096E-01 9.565029548E+01
1.303170000E-02 3.852670779E-01 1.958716104E-01 9.513724226E+01
1.305750000E-02 3.883869504E-01 1.945332771E-01 9.494926288E+01
1.308940000E-02 3.921999353E-01 1.928926380E-01 9.471786331E+01
1.312130000E-02 3.959963128E-01 1.912643149E-01 9.448758888E+01
1.313720000E-02 3.978787868E-01 1.904566774E-01 9.437323022E+01
1.314920000E-02 3.992926815E-01 1.898503217E-01 9.428710492E+01
1.316710000E-02 4.013835431E-01 1.889491726E-01 9.415892642E+01
1.318510000E-02 4.034873914E-01 1.880480544E-01 9.403038278E+01
1.320100000E-02 4.053407110E-01 1.872537209E-01 9.391712749E+01
1.323290000E-02 4.090217829E-01 1.856720580E-01 9.369072539E+01
1.324890000E-02 4.108625368E-01 1.848847259E-01 9.357758003E+01
1.328120000E-02 4.145619432E-01 1.833038026E-01 9.334999849E+01
1.331270000E-02 4.181496843E-01 1.817912033E-01 9.312911731E+01
1.334460000E-02 4.217575407E-01 1.802736388E-01 9.290649401E+01
1.337540000E-02 4.252050127E-01 1.788194623E-01 9.269255499E+01
1.340610000E-02 4.286310625E-01 1.773793772E-01 9.248028882E+01
1.344030000E-02 4.324282387E-01 1.758010826E-01 9.224496477E+01
1.347220000E-02 4.359641927E-01 1.743498352E-01 9.202654355E+01
1.350410000E-02 4.394606494E-01 1.729103225E-01 9.180915426E+01
1.353650000E-02 4.429964034E-01 1.714610786E-01 9.158940642E+01
1.359980000E-02 4.498156893E-01 1.686610251E-01 9.116310534E+01
1.364200000E-02 4.543131376E-01 1.668438742E-01 9.088110248E+01
1.379160000E-02 4.707342396E-01 1.605620654E-01 8.989529859E+01
1.386120000E-02 4.781765642E-01 1.577201992E-01 8.944391539E+01
1.389510000E-02 4.817788322E-01 1.563690066E-01 8.922569827E+01
1.392740000E-02 4.851871460E-01 1.550904765E-01 8.901876876E+01
1.396590000E-02 4.892215308E-01 1.535853599E-01 8.877336942E+01
1.400240000E-02 4.930166691E-01 1.521900289E-01 8.854196423E+01
1.404500000E-02 4.974006173E-01 1.505759322E-01 8.827340691E+01
1.406860000E-02 5.000382732E-01 1.496900334E-01 8.812532875E+01
1.410280000E-02 5.038197209E-01 1.484130955E-01 8.791162039E+01
1.413200000E-02 5.070285453E-01 1.473316682E-01 8.772997453E+01
1.417120000E-02 5.112908408E-01 1.458920112E-01 8.748729818E+01
1.424050000E-02 5.187473130E-01 1.433808295E-01 8.706154981E+01
1.430300000E-02 5.253653180E-01 1.411586403E-01 8.668111585E+01
1.433610000E-02 5.288369820E-01 1.400067370E-01 8.648098158E+01
1.437140000E-02 5.325239325E-01 1.387983223E-01 8.626856117E+01
1.449710000E-02 5.459255720E-01 1.345735665E-01 8.552055239E+01
1.458170000E-02 5.557102399E-01 1.318036468E-01 8.502437987E+01
1.488100000E-02 6.002962799E-01 1.282121970E-01 8.331429339E+01
1.511630000E-02 6.248442294E-01 1.578633447E-01 8.201742490E+01
1.539890000E-02 6.154324889E-01 1.636364321E-01 8.051224438E+01
1.678800000E-02 6.759890834E-01 1.138629619E-01 7.385036931E+01
1.722860000E-02 6.983893937E-01 1.020209358E-01 7.196173804E+01
1.788610000E-02 7.317550572E-01 8.711586033E-02 6.931639653E+01
1.820260000E-02 7.473799791E-01 8.092659773E-02 6.811114896E+01
1.855910000E-02 7.648091411E-01 7.461300040E-02 6.680280833E+01
1.869580000E-02 7.712587459E-01 7.235054597E-02 6.631435937E+01
1.879800000E-02 7.759833553E-01 7.070111401E-02 6.595382487E+01
1.883960000E-02 7.778870397E-01 7.004352529E-02 6.580819126E+01
1.887810000E-02 7.796400500E-01 6.945017254E-02 6.567398202E+01
1.892360000E-02 7.817073263E-01 6.875365798E-02 6.551607517E+01
1.896920000E-02 7.837532927E-01 6.806735312E-02 6.535858128E+01
1.906030000E-02 7.877981531E-01 6.671336359E-02 6.504619550E+01
1.917430000E-02 7.927798763E-01 6.506275554E-02 6.465946606E+01
1.919700000E-02 7.937690755E-01 6.473941891E-02 6.458300776E+01
1.926140000E-02 7.965299756E-01 6.383319274E-02 6.436707612E+01
1.933370000E-02 7.996050987E-01 6.283510210E-02 6.412637002E+01
1.942490000E-02 8.037165125E-01 6.160392935E-02 6.382529640E+01
1.952080000E-02 8.081864867E-01 6.035137189E-02 6.351174132E+01
1.960470000E-02 8.120358038E-01 5.927546760E-02 6.323993736E+01
1.967810000E-02 8.153542238E-01 5.835034203E-02 6.300405019E+01
1.974230000E-02 8.182321578E-01 5.756255672E-02 6.279916727E+01
1.985470000E-02 8.231951727E-01 5.621360600E-02 6.244365314E+01
1.993900000E-02 8.268531584E-01 5.521946835E-02 6.217964793E+01
2.001310000E-02 8.300221105E-01 5.436126867E-02 6.194942313E+01
2.004960000E-02 8.315787431E-01 5.395104438E-02 6.183664512E+01
2.012080000E-02 8.345814462E-01 5.315967379E-02 6.161782832E+01
2.015630000E-02 8.360640550E-01 5.276816864E-02 6.150930478E+01
2.017410000E-02 8.368054322E-01 5.257326036E-02 6.145503393E+01
2.019190000E-02 8.375444513E-01 5.238051750E-02 6.140085876E+01
2.021680000E-02 8.385725900E-01 5.211202798E-02 6.132523446E+01
2.029130000E-02 8.416265960E-01 5.131457227E-02 6.110007737E+01
2.034100000E-02 8.436406922E-01 5.078849286E-02 6.095078905E+01
2.039070000E-02 8.456370575E-01 5.027004154E-02 6.080222847E+01
2.044040000E-02 8.476267558E-01 4.976385725E-02 6.065439033E+01
2.046620000E-02 8.486507966E-01 4.950388332E-02 6.057792849E+01
2.049010000E-02 8.495935773E-01 4.926599152E-02 6.050726936E+01
2.051500000E-02 8.505739435E-01 4.901959656E-02 6.043382891E+01
2.053980000E-02 8.515539413E-01 4.877472577E-02 6.036086038E+01
2.056470000E-02 8.525955578E-01 4.853047465E-02 6.028777468E+01
2.058950000E-02 8.536311511E-01 4.828767715E-02 6.021515821E+01
2.062680000E-02 8.551800845E-01 4.792494055E-02 6.010626951E+01
2.065160000E-02 8.562043199E-01 4.768475730E-02 6.003408937E+01
2.067030000E-02 8.569749182E-01 4.750475930E-02 5.997977775E+01
2.067960000E-02 8.573532575E-01 4.741581547E-02 5.995280373E+01
2.068540000E-02 8.575925503E-01 4.736065961E-02 5.993599350E+01
2.068840000E-02 8.577187888E-01 4.733221981E-02 5.992730226E+01
2.068970000E-02 8.577685170E-01 4.732006140E-02 5.992353683E+01
2.069120000E-02 8.578315972E-01 4.730571737E-02 5.991919270E+01
2.073860000E-02 8.597698170E-01 4.685863704E-02 5.978224181E+01
2.075100000E-02 8.602697990E-01 4.674212681E-02 5.974651824E+01
2.078830000E-02 8.617802959E-01 4.639366871E-02 5.963931635E+01
2.081310000E-02 8.627809015E-01 4.616289663E-02 5.956825269E+01
2.083800000E-02 8.637732126E-01 4.593265022E-02 5.949707266E+01
2.086280000E-02 8.647651041E-01 4.570375675E-02 5.942634737E+01
2.088930000E-02 8.658161788E-01 4.546066005E-02 5.935095958E+01
2.091250000E-02 8.667320168E-01 4.525042929E-02 5.928511656E+01
2.093740000E-02 8.677122689E-01 4.502639593E-02 5.921461117E+01
2.099070000E-02 8.698014042E-01 4.455430294E-02 5.906425226E+01
2.103680000E-02 8.715882693E-01 4.415371384E-02 5.893481898E+01
2.108650000E-02 8.735062099E-01 4.372521312E-02 5.879591208E+01
2.116100000E-02 8.763438566E-01 4.308931238E-02 5.858891357E+01
2.118590000E-02 8.772823417E-01 4.287883868E-02 5.852005343E+01
2.121040000E-02 8.782020685E-01 4.267230808E-02 5.845245729E+01
2.128390000E-02 8.809478671E-01 4.206359890E-02 5.825060257E+01
2.129700000E-02 8.814349434E-01 4.195620932E-02 5.821477203E+01
2.131670000E-02 8.821590349E-01 4.179538907E-02 5.816097238E+01
2.133630000E-02 8.828845489E-01 4.163548123E-02 5.810754442E+01
2.137720000E-02 8.843813978E-01 4.130373006E-02 5.799636996E+01
2.138010000E-02 8.844873235E-01 4.128044677E-02 5.798850333E+01
2.138650000E-02 8.847253563E-01 4.122856947E-02 5.797115002E+01
2.138870000E-02 8.848037043E-01 4.121104886E-02 5.796518723E+01
2.144110000E-02 8.867005782E-01 4.079021373E-02 5.782352585E+01
2.145420000E-02 8.871745850E-01 4.068561969E-02 5.778821862E+01
2.149350000E-02 8.885852646E-01 4.037303679E-02 5.768255519E+01
2.150660000E-02 8.890550054E-01 4.026928968E-02 5.764741986E+01
2.154590000E-02 8.904529792E-01 3.995943072E-02 5.754227022E+01
2.155900000E-02 8.909184993E-01 3.985891714E-02 5.750730553E+01
2.158330000E-02 8.917785739E-01 3.967297879E-02 5.744255976E+01
2.159820000E-02 8.923077758E-01 3.956039200E-02 5.740293173E+01
2.162440000E-02 8.932294236E-01 3.936361419E-02 5.733338266E+01
2.163750000E-02 8.936886925E-01 3.926553908E-02 5.729867129E+01
2.165060000E-02 8.941469283E-01 3.916767245E-02 5.726400192E+01
2.167680000E-02 8.950651475E-01 3.897251408E-02 5.719478890E+01
2.168990000E-02 8.955202948E-01 3.887526968E-02 5.716024509E+01
2.169650000E-02 8.957479655E-01 3.882657007E-02 5.714285714E+01
2.170300000E-02 8.959744200E-01 3.877823160E-02 5.712574298E+01
2.170960000E-02 8.962015782E-01 3.872963548E-02 5.710837602E+01
2.172100000E-02 8.965994671E-01 3.864516657E-02 5.707840339E+01
2.172530000E-02 8.967463054E-01 3.861345410E-02 5.706710609E+01
2.173950000E-02 8.972369309E-01 3.850879422E-02 5.702983049E+01
2.174750000E-02 8.975094985E-01 3.845024871E-02 5.700885159E+01
2.175140000E-02 8.976471026E-01 3.842133361E-02 5.699862997E+01
2.175540000E-02 8.977807534E-01 3.839213183E-02 5.698815007E+01
2.176200000E-02 8.980058754E-01 3.834389899E-02 5.697086665E+01
2.179630000E-02 8.991827577E-01 3.809283774E-02 5.688121378E+01
2.180780000E-02 8.995757255E-01 3.800924295E-02 5.685121837E+01
2.186020000E-02 9.013499275E-01 3.762957969E-02 5.671494314E+01
2.188640000E-02 9.022358359E-01 3.744097102E-02 5.664705022E+01
2.191260000E-02 9.031130598E-01 3.725315628E-02 5.657931966E+01
2.193880000E-02 9.039863746E-01 3.706698115E-02 5.651175087E+01
2.199120000E-02 9.057260571E-01 3.670401976E-02 5.637709629E+01
2.201740000E-02 9.065924430E-01 3.652367658E-02 5.631000936E+01
2.206970000E-02 9.083081886E-01 3.616557363E-02 5.617656787E+01
2.212210000E-02 9.100095858E-01 3.581012111E-02 5.604350401E+01
2.217450000E-02 9.116959440E-01 3.545872961E-02 5.591106902E+01
2.222690000E-02 9.136709731E-01 3.511342331E-02 5.577925847E+01
2.233170000E-02 9.176231426E-01 3.443794595E-02 5.551749307E+01
2.236390000E-02 9.188233314E-01 3.423349321E-02 5.543755785E+01
2.242020000E-02 9.209120772E-01 3.387911263E-02 5.529834703E+01
2.250480000E-02 9.240045105E-01 3.335676627E-02 5.509046959E+01
2.265600000E-02 9.294289309E-01 3.244281572E-02 5.472281073E+01
2.296230000E-02 9.400041487E-01 3.069368273E-02 5.399284915E+01
2.307530000E-02 9.437780019E-01 3.007490703E-02 5.372844557E+01
2.313190000E-02 9.456367297E-01 2.977342380E-02 5.359698079E+01
2.318840000E-02 9.474775489E-01 2.947473410E-02 5.346638837E+01
2.324490000E-02 9.493053400E-01 2.918010700E-02 5.333643079E+01
2.331210000E-02 9.514535817E-01 2.883521783E-02 5.318268195E+01
2.336770000E-02 9.532156459E-01 2.855252083E-02 5.305614160E+01
2.342680000E-02 9.550702286E-01 2.825466556E-02 5.292229412E+01
2.347890000E-02 9.566914540E-01 2.799635557E-02 5.280485883E+01
2.353450000E-02 9.584055357E-01 2.772368066E-02 5.268010793E+01
2.364050000E-02 9.621319203E-01 2.721110596E-02 5.244389924E+01
2.371510000E-02 9.650161032E-01 2.686221080E-02 5.227892777E+01
2.375880000E-02 9.666944295E-01 2.666116150E-02 5.218277017E+01
2.381690000E-02 9.689036451E-01 2.639717209E-02 5.205547321E+01
2.387490000E-02 9.710875484E-01 2.613561254E-02 5.192901332E+01
2.393300000E-02 9.732548628E-01 2.587605910E-02 5.180294990E+01
2.399700000E-02 9.756188236E-01 2.559250139E-02 5.166479143E+01
2.406110000E-02 9.779582279E-01 2.531138007E-02 5.152715379E+01
2.411870000E-02 9.801140808E-01 2.506250790E-02 5.140409724E+01
2.416520000E-02 9.819337398E-01 2.486435688E-02 5.130518266E+01
2.422330000E-02 9.841888620E-01 2.462030011E-02 5.118212630E+01
2.429170000E-02 9.868153592E-01 2.433667512E-02 5.103800887E+01
2.434000000E-02 9.886549246E-01 2.413942852E-02 5.093672966E+01
2.438830000E-02 9.904762149E-01 2.394492731E-02 5.083585162E+01
2.445550000E-02 9.929903935E-01 2.367662727E-02 5.069616242E+01
2.451570000E-02 9.952213102E-01 2.344094798E-02 5.057167448E+01
2.457240000E-02 9.973017986E-01 2.322086444E-02 5.045498201E+01
2.463270000E-02 9.994944547E-01 2.298871866E-02 5.033146996E+01
2.465490000E-02 1.000295305E+00 2.290378969E-02 5.028615001E+01
2.471500000E-02 1.002447682E+00 2.267517158E-02 5.016386810E+01
2.474720000E-02 1.003595191E+00 2.255375924E-02 5.009859701E+01
2.478320000E-02 1.004868459E+00 2.241980722E-02 5.002582395E+01
2.483520000E-02 1.006693757E+00 2.222942675E-02 4.992107976E+01
2.489530000E-02 1.008787871E+00 2.201114200E-02 4.980056477E+01
2.495540000E-02 1.010858110E+00 2.179469963E-02 4.968063024E+01
2.503460000E-02 1.013969088E+00 2.151370101E-02 4.952345953E+01
2.510670000E-02 1.017144031E+00 2.126209501E-02 4.938124086E+01
2.518940000E-02 1.020917122E+00 2.097979075E-02 4.921911598E+01
2.540800000E-02 1.032004909E+00 2.034717442E-02 4.879565491E+01
2.574730000E-02 1.055567847E+00 2.396032653E-02 4.815262183E+01
2.583350000E-02 1.062248849E+00 2.792727202E-02 4.799194844E+01
2.592650000E-02 1.068540120E+00 3.413281762E-02 4.781979828E+01
2.595120000E-02 1.069927978E+00 3.604195797E-02 4.777428404E+01
2.597460000E-02 1.071112134E+00 3.791659257E-02 4.773124514E+01
2.600900000E-02 1.072402086E+00 4.078432538E-02 4.766811488E+01
2.603000000E-02 1.073184057E+00 4.252307929E-02 4.762965809E+01
2.607480000E-02 1.074186048E+00 4.624179023E-02 4.754782395E+01
2.609070000E-02 1.074346002E+00 4.750426799E-02 4.751884771E+01
2.611420000E-02 1.074578768E+00 4.937332373E-02 4.747608581E+01
2.614880000E-02 1.074587568E+00 5.194411826E-02 4.741326562E+01
2.615960000E-02 1.074509392E+00 5.268219088E-02 4.739369104E+01
2.618770000E-02 1.074263432E+00 5.455383648E-02 4.734283652E+01
2.619840000E-02 1.074126640E+00 5.522303931E-02 4.732350067E+01
2.626880000E-02 1.072903355E+00 5.897367703E-02 4.719667438E+01
2.632930000E-02 1.071591942E+00 6.126548743E-02 4.708822491E+01
2.640000000E-02 1.070136403E+00 6.305788473E-02 4.696212121E+01
2.645960000E-02 1.069161956E+00 6.392726210E-02 4.685633948E+01
2.652680000E-02 1.068405119E+00 6.445755249E-02 4.673763892E+01
2.661460000E-02 1.068034731E+00 6.470308496E-02 4.658345419E+01
2.671300000E-02 1.068145801E+00 6.476573642E-02 4.641185939E+01
2.677750000E-02 1.068746397E+00 6.472916637E-02 4.630006535E+01
2.684200000E-02 1.069340440E+00 6.469219946E-02 4.618880858E+01
2.690650000E-02 1.069928004E+00 6.465515653E-02 4.607808522E+01
2.697100000E-02 1.070506037E+00 6.461866464E-02 4.596789144E+01
2.700000000E-02 1.070766092E+00 6.460304626E-02 4.591851852E+01
2.706870000E-02 1.071858655E+00 6.462658340E-02 4.580197793E+01
2.716440000E-02 1.073360927E+00 6.466009442E-02 4.564061787E+01
2.722890000E-02 1.074359193E+00 6.468143434E-02 4.553250407E+01
2.729340000E-02 1.075350265E+00 6.470185055E-02 4.542490126E+01
2.735810000E-02 1.076342202E+00 6.472435569E-02 4.531747453E+01
2.739510000E-02 1.077035334E+00 6.477731821E-02 4.525626846E+01
2.748880000E-02 1.078784375E+00 6.491110782E-02 4.510200518E+01
2.752860000E-02 1.079522200E+00 6.496761611E-02 4.503679809E+01
2.763390000E-02 1.081443544E+00 6.511496319E-02 4.486518371E+01
2.774630000E-02 1.084084784E+00 6.538743785E-02 4.468343527E+01
2.790740000E-02 1.088216599E+00 6.579644807E-02 4.442549288E+01
2.802130000E-02 1.091341016E+00 6.611024533E-02 4.424491369E+01
2.832750000E-02 1.101623752E+00 6.775426484E-02 4.376665784E+01
2.932510000E-02 1.121878351E+00 9.542165703E-02 4.227777569E+01
3.028770000E-02 1.134022975E+00 1.060859174E-01 4.093410857E+01
3.135210000E-02 1.151795066E+00 1.222811822E-01 3.954440053E+01
3.253710000E-02 1.170211059E+00 1.460472439E-01 3.810419490E+01
3.388440000E-02 1.185964800E+00 1.802125728E-01 3.658910885E+01
3.544200000E-02 1.192303877E+00 2.272065510E-01 3.498109587E+01
3.672880000E-02 1.185322548E+00 2.686162113E-01 3.375552700E+01
3.760000000E-02 1.174977778E+00 2.960141194E-01 3.297340426E+01
3.860230000E-02 1.156061176E+00 3.253137339E-01 3.211725726E+01
3.978210000E-02 1.125029739E+00 3.539436786E-01 3.116477009E+01
4.025000000E-02 1.111821166E+00 3.630208161E-01 3.080248447E+01
4.140900000E-02 1.074099027E+00 3.791986392E-01 2.994035113E+01
4.227040000E-02 1.044707162E+00 3.850556318E-01 2.933021689E+01
4.303270000E-02 1.018874088E+00 3.861224685E-01 2.881064865E+01
4.335380000E-02 1.008266566E+00 3.854676123E-01 2.859726252E+01
4.540000000E-02 9.464366562E-01 3.685406754E-01 2.730837004E+01
4.711130000E-02 9.063275697E-01 3.421073833E-01 2.631640392E+01
4.912350000E-02 8.733061711E-01 3.056781698E-01 2.523842967E+01
5.145540000E-02 8.505496412E-01 2.629378520E-01 2.409465284E+01
5.463790000E-02 8.378300422E-01 2.108613615E-01 2.269120885E+01
5.889670000E-02 8.388880970E-01 1.560058589E-01 2.105041539E+01
6.456540000E-02 8.531472392E-01 1.047887745E-01 1.920223525E+01
7.203530000E-02 8.781559957E-01 6.280315418E-02 1.721100627E+01
7.891020000E-02 8.997650866E-01 3.986005897E-02 1.571153032E+01
8.300000000E-02 9.114695093E-01 3.072972129E-02 1.493734940E+01
8.360740000E-02 9.131461139E-01 2.959159470E-02 1.482883094E+01
8.471710000E-02 9.162075835E-01 2.761687744E-02 1.463458971E+01
8.540840000E-02 9.182204582E-01 2.647764518E-02 1.451613659E+01
8.630420000E-02 9.211173608E-01 2.520553218E-02 1.436546541E+01
9.450000000E-02 9.343237415E-01 1.941973582E-02 1.311957672E+01
1.032310000E-01 9.465876984E-01 1.245458319E-02 1.200995825E+01
1.064090000E-01 9.506256804E-01 1.065430634E-02 1.165127010E+01
1.087540000E-01 9.536301193E-01 9.533926112E-03 1.140004046E+01
1.132160000E-01 9.581292282E-01 9.376898693E-03 1.095074901E+01
1.300000000E-01 9.695218671E-01 4.946770673E-03 9.536923077E+00
1.404810000E-01 9.752081098E-01 3.375381452E-03 8.825392758E+00
1.431200000E-01 9.764660519E-01 3.085611637E-03 8.662660704E+00
1.442150000E-01 9.769914143E-01 2.975719254E-03 8.596886593E+00
1.458670000E-01 9.777949719E-01 2.836464898E-03 8.499523539E+00
1.467230000E-01 9.782180718E-01 2.801058357E-03 8.449936274E+00
1.485260000E-01 9.790496119E-01 2.829267517E-03 8.347360058E+00
1.499200000E-01 9.795962271E-01 2.837756823E-03 8.269743863E+00
1.529740000E-01 9.807808877E-01 2.890290075E-03 8.104645234E+00
1.589000000E-01 9.823992387E-01 2.834775287E-03 7.802391441E+00
1.740550000E-01 9.863209931E-01 2.156944927E-03 7.123035822E+00
1.828000000E-01 9.883183700E-01 1.971453976E-03 6.782275711E+00
1.905630000E-01 9.898950939E-01 1.936260065E-03 6.505984897E+00
1.995860000E-01 9.915112122E-01 2.023692154E-03 6.211858547E+00
2.089300000E-01 9.929456768E-01 2.235863522E-03 5.934044895E+00
2.194200000E-01 9.942726722E-01 2.594740848E-03 5.650350925E+00
2.334900000E-01 9.955841872E-01 3.187321677E-03 5.309863377E+00
2.520000000E-01 9.966499212E-01 3.945184066E-03 4.919841270E+00
2.670000000E-01 9.971127199E-01 4.449903466E-03 4.643445693E+00
2.820490000E-01 9.973149512E-01 4.821091516E-03 4.395690111E+00
3.015430000E-01 9.973487738E-01 5.074226241E-03 4.111519750E+00
3.350000000E-01 9.972067437E-01 5.026116053E-03 3.700895522E+00
3.758370000E-01 9.970638327E-01 4.552806224E-03 3.298770478E+00
3.991040000E-01 9.970765304E-01 4.188551283E-03 3.106458467E+00
4.059640000E-01 9.971132962E-01 4.081266035E-03 3.053965376E+00
4.130100000E-01 9.971682314E-01 4.018422477E-03 3.001864362E+00
4.245210000E-01 9.971678775E-01 3.906073664E-03 2.920468010E+00
4.322370000E-01 9.971973427E-01 3.821994535E-03 2.868333808E+00
5.011870000E-01 9.972284332E-01 3.004624855E-03 2.473727371E+00
5.800030000E-01 9.975306615E-01 2.192865423E-03 2.137575150E+00
6.240760000E-01 9.977624689E-01 1.848815312E-03 1.986617015E+00
6.387730000E-01 9.978426964E-01 1.826314182E-03 1.940908586E+00
6.815580000E-01 9.979245385E-01 1.577273858E-03 1.819067489E+00
8.311660000E-01 9.983916154E-01 9.523572539E-04 1.491639456E+00
8.700000000E-01 9.985047808E-01 8.436153078E-04 1.425057471E+00
1.000000000E+00 9.987859779E-01 5.811543291E-04 1.239800000E+00
1.203730000E+00 9.991166282E-01 3.391364101E-04 1.029965192E+00
1.474860000E+00 9.993962470E-01 1.840976840E-04 8.406221607E-01
1.791560000E+00 9.995931311E-01 1.007866670E-04 6.920225948E-01
2.048000000E+00 9.996985204E-01 6.608787848E-05 6.053710937E-01
2.239220000E+00 9.997610998E-01 4.969367509E-05 5.536749404E-01
2.347580000E+00 9.997957628E-01 4.268710967E-05 5.281183176E-01
2.416820000E+00 9.998223831E-01 3.888471094E-05 5.129881414E-01
2.444920000E+00 9.998382710E-01 3.836592148E-05 5.070922566E-01
2.457800000E+00 9.998480687E-01 4.047376367E-05 5.044348604E-01
2.467630000E+00 9.998560671E-01 4.463690548E-05 5.024254041E-01
2.478440000E+00 9.998635251E-01 5.233012334E-05 5.002340182E-01
2.497920000E+00 9.998675641E-01 7.001867282E-05 4.963329490E-01
2.512530000E+00 9.998634870E-01 7.956936200E-05 4.934468444E-01
2.529850000E+00 9.998577799E-01 8.366555449E-05 4.900685811E-01
2.557230000E+00 9.998567882E-01 8.377584183E-05 4.848214670E-01
2.578480000E+00 9.998607220E-01 8.742868147E-05 4.808259129E-01
2.603870000E+00 9.998606558E-01 9.778958216E-05 4.761374416E-01
2.626110000E+00 9.998538508E-01 1.032793732E-04 4.721051289E-01
2.666310000E+00 9.998448799E-01 1.018109336E-04 4.649871920E-01
2.746310000E+00 9.998405127E-01 9.481438010E-05 4.514421169E-01
2.863230000E+00 9.998418889E-01 8.453910895E-05 4.330074776E-01
2.968580000E+00 9.998479063E-01 7.518864939E-05 4.176407575E-01
3.024360000E+00 9.998545887E-01 7.172652920E-05 4.099379703E-01
3.054790000E+00 9.998578221E-01 7.336926373E-05 4.058544123E-01
3.091680000E+00 9.998571954E-01 7.482992677E-05 4.010117477E-01
3.146270000E+00 9.998565090E-01 7.134814907E-05 3.940539115E-01
3.253450000E+00 9.998603702E-01 6.362017585E-05 3.810724001E-01
3.406780000E+00 9.998685563E-01 5.427238560E-05 3.639213568E-01
3.502650000E+00 9.998748560E-01 4.947261992E-05 3.539605727E-01
3.558790000E+00 9.998785248E-01 4.844184371E-05 3.483768359E-01
3.656100000E+00 9.998820276E-01 4.520788889E-05 3.391045103E-01
3.760700000E+00 9.998871406E-01 4.110005331E-05 3.296726673E-01
3.836380000E+00 9.998910369E-01 3.941683571E-05 3.231692377E-01
3.947890000E+00 9.998949267E-01 3.631216639E-05 3.140411714E-01
4.151440000E+00 9.999029187E-01 3.061179967E-05 2.986433623E-01
4.415700000E+00 9.999126433E-01 2.479893736E-05 2.807708857E-01
4.751980000E+00 9.999234420E-01 1.927611847E-05 2.609017715E-01
5.169720000E+00 9.999345627E-01 1.441710782E-05 2.398195647E-01
5.623410000E+00 9.999442871E-01 1.075654174E-05 2.204712088E-01
6.208950000E+00 9.999540879E-01 7.609340338E-06 1.996794949E-01
7.000000000E+00 9.999638284E-01 4.992716380E-06 1.771142857E-01
7.983390000E+00 9.999722544E-01 3.135940438E-06 1.552974363E-01
9.216000000E+00 9.999793116E-01 1.881301917E-06 1.345269097E-01
1.060770000E+01 9.999845700E-01 1.137437682E-06 1.168773627E-01
1.156930000E+01 9.999872006E-01 8.325300990E-07 1.071629226E-01
1.215640000E+01 9.999885620E-01 6.966571939E-07 1.019874305E-01
1.254130000E+01 9.999894160E-01 6.224181890E-07 9.885737523E-02
1.274140000E+01 9.999898989E-01 5.903369768E-07 9.730484876E-02
1.283790000E+01 9.999901802E-01 5.985124401E-07 9.657342712E-02
1.289810000E+01 9.999903770E-01 6.426659340E-07 9.612268474E-02
1.295180000E+01 9.999905475E-01 7.263217736E-07 9.572414645E-02
1.302260000E+01 9.999907131E-01 8.965822286E-07 9.520372276E-02
1.309720000E+01 9.999907887E-01 1.087093166E-06 9.466145436E-02
1.315960000E+01 9.999907820E-01 1.198112496E-06 9.421259005E-02
1.324360000E+01 9.999907556E-01 1.255393737E-06 9.361502915E-02
1.337570000E+01 9.999907825E-01 1.236580584E-06 9.269047601E-02
1.357000000E+01 9.999909293E-01 1.174332808E-06 9.136330140E-02
1.389480000E+01 9.999912514E-01 1.076348086E-06 8.922762472E-02
1.425970000E+01 9.999916476E-01 9.783196490E-07 8.694432562E-02
1.467510000E+01 9.999921148E-01 8.799519589E-07 8.448324032E-02
1.494240000E+01 9.999924413E-01 8.251207250E-07 8.297194560E-02
1.509270000E+01 9.999926584E-01 8.255477807E-07 8.214567307E-02
1.522660000E+01 9.999928351E-01 8.941232617E-07 8.142329870E-02
1.533930000E+01 9.999929186E-01 9.671612940E-07 8.082507024E-02
1.548070000E+01 9.999929777E-01 9.972460878E-07 8.008681778E-02
1.564520000E+01 9.999930819E-01 9.798665567E-07 7.924475238E-02
1.585720000E+01 9.999932413E-01 9.998549467E-07 7.818530384E-02
1.606620000E+01 9.999933350E-01 1.012435073E-06 7.716821650E-02
1.629910000E+01 9.999934496E-01 9.692192162E-07 7.606554963E-02
1.666990000E+01 9.999936693E-01 8.952144778E-07 7.437357153E-02
1.719780000E+01 9.999939898E-01 8.019798808E-07 7.209061624E-02
1.795920000E+01 9.999944319E-01 6.878094384E-07 6.903425542E-02
1.879870000E+01 9.999948789E-01 5.841269341E-07 6.595136898E-02
1.973290000E+01 9.999953245E-01 4.911486578E-07 6.282908240E-02
2.074030000E+01 9.999957481E-01 4.109259872E-07 5.977734170E-02
2.192000000E+01 9.999961790E-01 3.366234226E-07 5.656021898E-02
2.320310000E+01 9.999965806E-01 2.741276699E-07 5.343251548E-02
2.445410000E+01 9.999969160E-01 2.266417788E-07 5.069906478E-02
2.585720000E+01 9.999972381E-01 1.850340941E-07 4.794796034E-02
2.742360000E+01 9.999975426E-01 1.492717452E-07 4.520923584E-02
2.982900000E+01 9.999979220E-01 1.098484448E-07 4.156357907E-02
3.276800000E+01 9.999982783E-01 7.783229873E-08 3.783569336E-02
3.737470000E+01 9.999986782E-01 4.796170266E-08 3.317217262E-02
4.279630000E+01 9.999989937E-01 2.905389814E-08 2.896979412E-02
4.880270000E+01 9.999992279E-01 1.785059512E-08 2.540433214E-02
5.545080000E+01 9.999994035E-01 1.108874275E-08 2.235855930E-02
6.318660000E+01 9.999995420E-01 6.808157613E-09 1.962124881E-02
7.177940000E+01 9.999996465E-01 4.223376477E-09 1.727236505E-02
7.814760000E+01 9.999997030E-01 3.071111897E-09 1.586485062E-02
8.212780000E+01 9.999997322E-01 2.547799418E-09 1.509598455E-02
8.456440000E+01 9.999997486E-01 2.282750626E-09 1.466101575E-02
8.599520000E+01 9.999997581E-01 2.149825767E-09 1.441708374E-02
8.659890000E+01 9.999997623E-01 2.166480256E-09 1.431657908E-02
8.692170000E+01 9.999997646E-01 2.290594673E-09 1.426341178E-02
8.720040000E+01 9.999997667E-01 2.544566896E-09 1.421782469E-02
8.745630000E+01 9.999997687E-01 2.953596036E-09 1.417622287E-02
8.773810000E+01 9.999997707E-01 3.630870849E-09 1.413069123E-02
8.810170000E+01 9.999997731E-01 4.806670586E-09 1.407237318E-02
8.856590000E+01 9.999997753E-01 6.444434795E-09 1.399861572E-02
8.900940000E+01 9.999997768E-01 7.652158818E-09 1.392886594E-02
8.944870000E+01 9.999997779E-01 8.279657345E-09 1.386045856E-02
9.015710000E+01 9.999997800E-01 8.442738225E-09 1.375155146E-02
9.115350000E+01 9.999997837E-01 8.165536841E-09 1.360123308E-02
9.284050000E+01 9.999997904E-01 7.658636511E-09 1.335408577E-02
9.512690000E+01 9.999997994E-01 7.021635969E-09 1.303311682E-02
9.833680000E+01 9.999998116E-01 6.244411196E-09 1.260769112E-02
1.030180000E+02 9.999998276E-01 5.284913872E-09 1.203479004E-02
1.080310000E+02 9.999998429E-01 4.450793006E-09 1.147633550E-02
1.152990000E+02 9.999998617E-01 3.518798971E-09 1.075291199E-02
1.235160000E+02 9.999998793E-01 2.744947067E-09 1.003756598E-02
1.337450000E+02 9.999998969E-01 2.056271238E-09 9.269879248E-03
1.486800000E+02 9.999999165E-01 1.397771769E-09 8.338714017E-03
1.698240000E+02 9.999999360E-01 8.604124492E-10 7.300499340E-03
1.941870000E+02 9.999999510E-01 5.277947686E-10 6.384567453E-03
2.221770000E+02 9.999999626E-01 3.232544659E-10 5.580235578E-03
2.519680000E+02 9.999999709E-01 2.048115737E-10 4.920466091E-03
2.886170000E+02 9.999999779E-01 1.255264455E-10 4.295658260E-03
3.315480000E+02 9.999999832E-01 7.660086187E-11 3.739428378E-03
3.807690000E+02 9.999999873E-01 4.709027261E-11 3.256042377E-03
4.398300000E+02 9.999999905E-01 2.859102916E-11 2.818816361E-03
5.091250000E+02 9.999999929E-01 1.739358692E-11 2.435158360E-03
5.923760000E+02 9.999999948E-01 1.052219018E-11 2.092927465E-03
6.885410000E+02 9.999999961E-01 6.458846703E-12 1.800618990E-03
8.079610000E+02 9.999999972E-01 3.891484061E-12 1.534480006E-03
9.560240000E+02 9.999999980E-01 2.318923450E-12 1.296829368E-03
1.186140000E+03 9.999999987E-01 1.191749007E-12 1.045239179E-03
1.410750000E+03 9.999999991E-01 6.923606163E-13 8.788233209E-04
1.619760000E+03 9.999999993E-01 4.493580428E-13 7.654220378E-04
1.910290000E+03 9.999999995E-01 2.683333257E-13 6.490114066E-04
2.235890000E+03 9.999999996E-01 1.638835916E-13 5.544995505E-04
2.567150000E+03 9.999999997E-01 1.063639837E-13 4.829480163E-04
3.076550000E+03 9.999999998E-01 6.037953345E-14 4.029838618E-04
3.543650000E+03 9.999999999E-01 3.879172265E-14 3.498652519E-04
4.094880000E+03 9.999999999E-01 2.468309218E-14 3.027683351E-04
4.891600000E+03 9.999999999E-01 1.414758433E-14 2.534549023E-04
5.616310000E+03 9.999999999E-01 9.182111852E-15 2.207499230E-04
6.594850000E+03 1.000000000E+00 5.558500603E-15 1.879951781E-04
7.752660000E+03 1.000000000E+00 3.348771726E-15 1.599193051E-04
8.901250000E+03 1.000000000E+00 2.173431454E-15 1.392838085E-04
1.000000000E+04 0.000000000E+00 0.000000000E+00 1.239800000E-04
