# 11/08/2021 
# Data retrieved from www.chemicool.com/densities.html 
# Includes the real (n) and complex (k) part of the  refractive index. 
# Element, Pd  (Z = 46) 
# Nominal density, g cm-3 =  12.02 
#    E [keV]      n       k    Wavelength [nm] 
1.000000000E-03 -2.144448091E+03 2.556875909E-02 1.239800000E+03
1.168700000E-03 -3.116350513E+01 0.000000000E+00 1.060836827E+03
1.295230000E-03 -2.494876623E+01 0.000000000E+00 9.572045119E+02
1.485020000E-03 -1.846985345E+01 0.000000000E+00 8.348709108E+02
1.674810000E-03 -1.409319876E+01 0.000000000E+00 7.402630746E+02
1.678930000E-03 -1.401422249E+01 0.000000000E+00 7.384465106E+02
1.683050000E-03 -1.393749338E+01 0.000000000E+00 7.366388402E+02
1.687170000E-03 -1.385968617E+01 0.000000000E+00 7.348399983E+02
1.691300000E-03 -1.378228410E+01 0.000000000E+00 7.330455862E+02
1.695420000E-03 -1.370563243E+01 0.000000000E+00 7.312642295E+02
1.699540000E-03 -1.363117309E+01 0.000000000E+00 7.294915095E+02
1.703660000E-03 -1.355564528E+01 0.000000000E+00 7.277273634E+02
1.707790000E-03 -1.348050554E+01 0.000000000E+00 7.259674784E+02
1.711910000E-03 -1.340608889E+01 0.000000000E+00 7.242203153E+02
1.716030000E-03 -1.333381176E+01 0.000000000E+00 7.224815417E+02
1.720150000E-03 -1.326047594E+01 0.000000000E+00 7.207510973E+02
1.724270000E-03 -1.318767653E+01 0.000000000E+00 7.190289224E+02
1.728400000E-03 -1.311524504E+01 0.000000000E+00 7.173108077E+02
1.736640000E-03 -1.297383960E+01 0.000000000E+00 7.139073153E+02
1.740760000E-03 -1.290312866E+01 0.000000000E+00 7.122176521E+02
1.744890000E-03 -1.283277041E+01 0.000000000E+00 7.105318960E+02
1.749010000E-03 -1.276307826E+01 0.000000000E+00 7.088581540E+02
1.753130000E-03 -1.269541364E+01 0.000000000E+00 7.071922790E+02
1.757250000E-03 -1.262671273E+01 0.000000000E+00 7.055342154E+02
1.958330000E-03 -9.806922584E+00 0.000000000E+00 6.330904393E+02
2.000000000E-03 -9.328459670E+00 0.000000000E+00 6.199000000E+02
2.159410000E-03 -7.626490196E+00 0.000000000E+00 5.741383063E+02
2.164720000E-03 -7.576214271E+00 0.000000000E+00 5.727299605E+02
2.170040000E-03 -7.526247949E+00 0.000000000E+00 5.713258742E+02
2.175350000E-03 -7.476745163E+00 0.000000000E+00 5.699312754E+02
2.180670000E-03 -7.428531807E+00 0.000000000E+00 5.685408613E+02
2.185980000E-03 -7.379782017E+00 0.000000000E+00 5.671598093E+02
2.191300000E-03 -7.331329157E+00 0.000000000E+00 5.657828686E+02
2.196610000E-03 -7.283322236E+00 0.000000000E+00 5.644151670E+02
2.201930000E-03 -7.236573432E+00 0.000000000E+00 5.630515048E+02
2.207240000E-03 -7.189290108E+00 0.000000000E+00 5.616969609E+02
2.212560000E-03 -7.142291667E+00 0.000000000E+00 5.603463861E+02
2.217880000E-03 -7.095649386E+00 0.000000000E+00 5.590022905E+02
2.223190000E-03 -7.050381075E+00 0.000000000E+00 5.576671360E+02
2.228510000E-03 -7.004435565E+00 0.000000000E+00 5.563358477E+02
2.239140000E-03 -6.913649404E+00 0.000000000E+00 5.536947221E+02
2.244450000E-03 -6.869731917E+00 0.000000000E+00 5.523847713E+02
2.249770000E-03 -6.825144224E+00 0.000000000E+00 5.510785547E+02
2.255080000E-03 -6.780958193E+00 0.000000000E+00 5.497809390E+02
2.260400000E-03 -6.737032053E+00 0.000000000E+00 5.484869935E+02
2.265710000E-03 -6.694413710E+00 0.000000000E+00 5.472015395E+02
2.532540000E-03 -4.873270622E+00 0.000000000E+00 4.895480427E+02
2.766020000E-03 -3.715172471E+00 0.000000000E+00 4.482252478E+02
2.970310000E-03 -2.930473124E+00 0.000000000E+00 4.173975107E+02
3.149070000E-03 -2.373467530E+00 0.000000000E+00 3.937035379E+02
3.305480000E-03 -1.963900054E+00 0.000000000E+00 3.750741193E+02
3.442340000E-03 -1.653751146E+00 0.000000000E+00 3.601619828E+02
3.562090000E-03 -1.414008788E+00 0.000000000E+00 3.480540918E+02
3.666880000E-03 -1.224641624E+00 0.000000000E+00 3.381076010E+02
3.758560000E-03 -1.072950152E+00 0.000000000E+00 3.298603721E+02
3.838790000E-03 -9.499708097E-01 0.000000000E+00 3.229663514E+02
3.908980000E-03 -8.492647601E-01 0.000000000E+00 3.171671382E+02
3.970410000E-03 -7.657082678E-01 0.000000000E+00 3.122599429E+02
4.077890000E-03 -5.974275522E-01 0.000000000E+00 3.040297801E+02
4.158510000E-03 -4.718151216E-01 0.000000000E+00 2.981356303E+02
4.218970000E-03 -3.832967875E-01 0.000000000E+00 2.938631941E+02
4.264320000E-03 -3.197290661E-01 0.000000000E+00 2.907380309E+02
4.298330000E-03 -2.735427577E-01 0.000000000E+00 2.884376025E+02
4.323840000E-03 -2.399961023E-01 0.000000000E+00 2.867358644E+02
4.362100000E-03 -1.904874880E-01 0.000000000E+00 2.842209028E+02
4.381230000E-03 -1.664315245E-01 0.000000000E+00 2.829798938E+02
4.400360000E-03 -1.427479725E-01 0.000000000E+00 2.817496750E+02
4.411190000E-03 -1.294309774E-01 0.000000000E+00 2.810579458E+02
4.422020000E-03 -1.164704158E-01 0.000000000E+00 2.803696048E+02
4.432850000E-03 -1.033842016E-01 0.000000000E+00 2.796846273E+02
4.443680000E-03 -9.041214118E-02 0.000000000E+00 2.790029885E+02
4.454520000E-03 -7.754819868E-02 0.000000000E+00 2.783240394E+02
4.460460000E-03 -7.067280296E-02 0.000000000E+00 2.779533949E+02
4.466400000E-03 -6.383014665E-02 0.000000000E+00 2.775837363E+02
4.477390000E-03 -5.089381761E-02 0.000000000E+00 2.769023918E+02
4.488380000E-03 -3.830408163E-02 0.000000000E+00 2.762243839E+02
4.499380000E-03 -2.582010072E-02 0.000000000E+00 2.755490757E+02
4.510370000E-03 -1.344989819E-02 0.000000000E+00 2.748776708E+02
4.521360000E-03 -9.582808421E-04 0.000000000E+00 2.742095299E+02
4.526310000E-03 4.434685098E-03 0.000000000E+00 2.739096527E+02
4.533740000E-03 1.271483047E-02 0.000000000E+00 2.734607631E+02
4.541160000E-03 2.094184839E-02 0.000000000E+00 2.730139436E+02
4.547750000E-03 2.808576969E-02 0.000000000E+00 2.726183277E+02
4.551050000E-03 3.175910392E-02 0.000000000E+00 2.724206502E+02
4.554340000E-03 3.519247169E-02 0.000000000E+00 2.722238568E+02
4.562590000E-03 4.431071906E-02 0.000000000E+00 2.717316261E+02
4.568080000E-03 5.020248265E-02 0.000000000E+00 2.714050542E+02
4.572210000E-03 5.460972107E-02 0.000000000E+00 2.711598986E+02
4.574270000E-03 5.680589140E-02 0.000000000E+00 2.710377831E+02
4.575300000E-03 5.790263715E-02 0.000000000E+00 2.709767666E+02
4.575810000E-03 5.833662189E-02 0.000000000E+00 2.709465647E+02
4.576670000E-03 5.936220830E-02 0.000000000E+00 2.708956512E+02
4.577340000E-03 6.008524177E-02 0.000000000E+00 2.708559993E+02
4.587320000E-03 7.063369751E-02 0.000000000E+00 2.702667353E+02
4.588700000E-03 7.208354885E-02 0.000000000E+00 2.701854556E+02
4.598320000E-03 8.217254621E-02 0.000000000E+00 2.696202091E+02
4.602980000E-03 8.712897957E-02 0.000000000E+00 2.693472490E+02
4.609980000E-03 9.431284387E-02 0.000000000E+00 2.689382600E+02
4.616980000E-03 1.016773854E-01 0.000000000E+00 2.685305113E+02
4.624140000E-03 1.090631751E-01 0.000000000E+00 2.681147197E+02
4.631300000E-03 1.164076200E-01 0.000000000E+00 2.677002138E+02
4.642290000E-03 1.275501710E-01 0.000000000E+00 2.670664694E+02
4.653280000E-03 1.385974390E-01 0.000000000E+00 2.664357185E+02
4.664280000E-03 1.497696203E-01 0.000000000E+00 2.658073701E+02
4.680770000E-03 1.660245156E-01 0.000000000E+00 2.648709507E+02
4.686260000E-03 1.713943224E-01 0.000000000E+00 2.645606518E+02
4.689370000E-03 1.744124991E-01 0.000000000E+00 2.643851946E+02
4.695480000E-03 1.803886605E-01 0.000000000E+00 2.640411630E+02
4.707320000E-03 1.919143051E-01 0.000000000E+00 2.633770383E+02
4.884960000E-03 3.520136420E-01 0.000000000E+00 2.537994170E+02
4.890970000E-03 3.569380914E-01 0.000000000E+00 2.534875495E+02
4.909010000E-03 3.719704609E-01 0.000000000E+00 2.525560143E+02
4.921030000E-03 3.818131010E-01 0.000000000E+00 2.519391266E+02
4.933060000E-03 3.917625754E-01 0.000000000E+00 2.513247356E+02
4.945080000E-03 4.014284594E-01 0.000000000E+00 2.507138408E+02
4.949610000E-03 4.050122988E-01 0.000000000E+00 2.504843816E+02
4.956400000E-03 4.104596508E-01 0.000000000E+00 2.501412315E+02
4.963180000E-03 4.158770867E-01 0.000000000E+00 2.497995237E+02
4.972170000E-03 4.229197501E-01 0.000000000E+00 2.493478702E+02
4.976660000E-03 4.266116462E-01 0.000000000E+00 2.491229057E+02
4.981150000E-03 4.301021535E-01 0.000000000E+00 2.488983468E+02
4.990170000E-03 4.370573248E-01 0.000000000E+00 2.484484497E+02
4.996180000E-03 4.417927945E-01 0.000000000E+00 2.481495863E+02
5.000690000E-03 4.452373127E-01 0.000000000E+00 2.479257862E+02
5.002950000E-03 4.470500489E-01 0.000000000E+00 2.478137899E+02
5.003930000E-03 4.478285253E-01 0.000000000E+00 2.477652565E+02
5.004250000E-03 4.478991409E-01 0.000000000E+00 2.477494130E+02
5.005020000E-03 4.486306707E-01 0.000000000E+00 2.477112979E+02
5.005390000E-03 4.488993770E-01 0.000000000E+00 2.476929870E+02
5.017220000E-03 4.578298054E-01 0.000000000E+00 2.471089568E+02
5.020230000E-03 4.601545581E-01 0.000000000E+00 2.469607966E+02
5.029250000E-03 4.670956637E-01 0.000000000E+00 2.465178705E+02
5.034060000E-03 4.707045051E-01 0.000000000E+00 2.462823248E+02
5.041270000E-03 4.760927409E-01 0.000000000E+00 2.459300930E+02
5.048490000E-03 4.814544309E-01 0.000000000E+00 2.455783809E+02
5.056900000E-03 4.877627656E-01 0.000000000E+00 2.451699658E+02
5.065320000E-03 4.940340964E-01 0.000000000E+00 2.447624237E+02
5.077340000E-03 5.027943238E-01 0.000000000E+00 2.441829777E+02
5.089370000E-03 5.114794541E-01 0.000000000E+00 2.436057901E+02
5.101390000E-03 5.200864051E-01 0.000000000E+00 2.430318011E+02
5.113410000E-03 5.287972902E-01 0.000000000E+00 2.424605107E+02
5.125440000E-03 5.372551128E-01 0.000000000E+00 2.418914279E+02
5.133790000E-03 5.430299266E-01 0.000000000E+00 2.414979966E+02
5.145980000E-03 5.515681482E-01 0.000000000E+00 2.409259266E+02
5.158160000E-03 5.600291519E-01 0.000000000E+00 2.403570265E+02
5.170350000E-03 5.682417280E-01 0.000000000E+00 2.397903430E+02
5.182540000E-03 5.765566111E-01 0.000000000E+00 2.392263253E+02
5.194720000E-03 5.847966950E-01 0.000000000E+00 2.386654141E+02
5.221040000E-03 6.022201970E-01 0.000000000E+00 2.374622681E+02
5.246540000E-03 6.188561232E-01 0.000000000E+00 2.363081193E+02
5.295940000E-03 6.501801032E-01 0.000000000E+00 2.341038607E+02
5.342260000E-03 6.784046774E-01 0.000000000E+00 2.320740660E+02
5.385680000E-03 7.042657981E-01 0.000000000E+00 2.302030570E+02
5.467090000E-03 7.503528156E-01 0.000000000E+00 2.267751217E+02
5.538330000E-03 7.886903535E-01 0.000000000E+00 2.238580944E+02
5.662990000E-03 8.514163380E-01 0.000000000E+00 2.189302824E+02
5.681600000E-03 8.602336249E-01 0.000000000E+00 2.182131794E+02
5.849980000E-03 9.657389881E-01 0.000000000E+00 2.119323485E+02
5.907200000E-03 9.989247844E-01 0.000000000E+00 2.098794691E+02
5.958090000E-03 1.032764723E+00 0.000000000E+00 2.080868198E+02
6.007390000E-03 1.064458317E+00 0.000000000E+00 2.063791430E+02
6.036980000E-03 1.083002119E+00 0.000000000E+00 2.053675845E+02
6.040110000E-03 1.084972951E+00 0.000000000E+00 2.052611625E+02
6.052190000E-03 1.092444490E+00 0.000000000E+00 2.048514670E+02
6.066700000E-03 1.101305035E+00 0.000000000E+00 2.043615145E+02
6.069840000E-03 1.103236984E+00 0.000000000E+00 2.042557959E+02
6.084710000E-03 1.112106925E+00 0.000000000E+00 2.037566293E+02
6.092140000E-03 1.116635536E+00 0.000000000E+00 2.035081269E+02
6.099580000E-03 1.121015308E+00 0.000000000E+00 2.032598966E+02
6.103640000E-03 1.123498057E+00 0.000000000E+00 2.031246928E+02
6.109260000E-03 1.126789383E+00 0.000000000E+00 2.029378354E+02
6.126130000E-03 1.136714269E+00 0.000000000E+00 2.023789897E+02
6.133680000E-03 1.141114986E+00 0.000000000E+00 2.021298796E+02
6.148710000E-03 1.149853832E+00 0.000000000E+00 2.016357903E+02
6.163730000E-03 1.158382934E+00 0.000000000E+00 2.011444369E+02
6.178750000E-03 1.166950279E+00 0.000000000E+00 2.006554724E+02
6.184980000E-03 1.170414734E+00 0.000000000E+00 2.004533564E+02
6.194310000E-03 1.175646635E+00 0.000000000E+00 2.001514293E+02
6.203650000E-03 1.180845733E+00 0.000000000E+00 1.998500883E+02
6.213740000E-03 1.186453768E+00 0.000000000E+00 1.995255675E+02
6.218780000E-03 1.189183455E+00 0.000000000E+00 1.993638624E+02
6.223820000E-03 1.192025133E+00 0.000000000E+00 1.992024191E+02
6.235090000E-03 1.198087303E+00 0.000000000E+00 1.988423583E+02
6.238850000E-03 1.200137967E+00 0.000000000E+00 1.987225210E+02
6.243090000E-03 1.202513446E+00 0.000000000E+00 1.985875584E+02
6.248480000E-03 1.205407493E+00 0.000000000E+00 1.984162548E+02
6.252520000E-03 1.207541458E+00 0.000000000E+00 1.982880503E+02
6.253870000E-03 1.208291266E+00 0.000000000E+00 1.982452465E+02
6.268890000E-03 1.216364221E+00 0.000000000E+00 1.977702592E+02
6.272650000E-03 1.218250462E+00 0.000000000E+00 1.976517102E+02
6.283920000E-03 1.224238219E+00 0.000000000E+00 1.972972285E+02
6.289870000E-03 1.227370545E+00 0.000000000E+00 1.971105921E+02
6.298790000E-03 1.232046478E+00 0.000000000E+00 1.968314549E+02
6.307720000E-03 1.236694319E+00 0.000000000E+00 1.965527956E+02
6.318350000E-03 1.242242445E+00 0.000000000E+00 1.962221150E+02
6.328990000E-03 1.247634125E+00 0.000000000E+00 1.958922356E+02
6.344010000E-03 1.255319273E+00 0.000000000E+00 1.954284435E+02
6.359030000E-03 1.262813153E+00 0.000000000E+00 1.949668424E+02
6.374060000E-03 1.270348233E+00 0.000000000E+00 1.945071116E+02
6.389080000E-03 1.277810454E+00 0.000000000E+00 1.940498476E+02
6.404100000E-03 1.285085421E+00 0.000000000E+00 1.935947284E+02
6.411450000E-03 1.288653575E+00 0.000000000E+00 1.933727940E+02
6.425210000E-03 1.295257247E+00 0.000000000E+00 1.929586737E+02
6.449300000E-03 1.306811986E+00 0.000000000E+00 1.922379173E+02
6.521580000E-03 1.340187581E+00 0.000000000E+00 1.901073053E+02
6.524710000E-03 1.341954422E+00 0.000000000E+00 1.900161080E+02
6.553680000E-03 1.359793981E+00 0.000000000E+00 1.891761575E+02
6.556830000E-03 1.361739233E+00 0.000000000E+00 1.890852744E+02
6.567020000E-03 1.367903788E+00 0.000000000E+00 1.887918721E+02
6.570650000E-03 1.370104533E+00 0.000000000E+00 1.886875728E+02
6.588950000E-03 1.381122942E+00 0.000000000E+00 1.881635162E+02
6.599350000E-03 1.387353115E+00 0.000000000E+00 1.878669869E+02
6.615510000E-03 1.396929390E+00 0.000000000E+00 1.874080759E+02
6.631680000E-03 1.406299971E+00 0.000000000E+00 1.869511195E+02
6.647840000E-03 1.415682168E+00 0.000000000E+00 1.864966666E+02
6.653210000E-03 1.418825669E+00 0.000000000E+00 1.863461397E+02
6.661260000E-03 1.423415853E+00 0.000000000E+00 1.861209441E+02
6.669320000E-03 1.427981384E+00 0.000000000E+00 1.858960134E+02
6.677430000E-03 1.432622359E+00 0.000000000E+00 1.856702354E+02
6.689590000E-03 1.439435157E+00 0.000000000E+00 1.853327334E+02
6.695670000E-03 1.442821935E+00 0.000000000E+00 1.851644421E+02
6.701750000E-03 1.446195705E+00 0.000000000E+00 1.849964561E+02
6.711090000E-03 1.451410768E+00 0.000000000E+00 1.847389917E+02
6.729250000E-03 1.461406089E+00 0.000000000E+00 1.842404428E+02
6.730860000E-03 1.462220590E+00 0.000000000E+00 1.841963731E+02
6.749550000E-03 1.472429881E+00 0.000000000E+00 1.836863198E+02
6.753820000E-03 1.474711606E+00 0.000000000E+00 1.835701869E+02
6.766620000E-03 1.481623853E+00 0.000000000E+00 1.832229385E+02
6.773500000E-03 1.485245929E+00 0.000000000E+00 1.830368347E+02
6.785550000E-03 1.491672738E+00 0.000000000E+00 1.827117920E+02
6.803620000E-03 1.501121404E+00 0.000000000E+00 1.822265206E+02
6.821700000E-03 1.510461693E+00 0.000000000E+00 1.817435537E+02
6.854390000E-03 1.527166112E+00 0.000000000E+00 1.808767812E+02
6.874130000E-03 1.538434898E+00 0.000000000E+00 1.803573689E+02
6.885240000E-03 1.545008839E+00 0.000000000E+00 1.800663448E+02
6.896350000E-03 1.551537657E+00 0.000000000E+00 1.797762585E+02
6.920070000E-03 1.565391821E+00 0.000000000E+00 1.791600374E+02
6.936540000E-03 1.574894187E+00 0.000000000E+00 1.787346429E+02
6.953000000E-03 1.587406338E+00 0.000000000E+00 1.783115202E+02
6.965740000E-03 1.598405013E+00 0.000000000E+00 1.779853971E+02
6.969470000E-03 1.601626815E+00 0.000000000E+00 1.778901409E+02
6.985930000E-03 1.615708578E+00 0.000000000E+00 1.774710024E+02
6.991950000E-03 1.620884503E+00 0.000000000E+00 1.773182016E+02
7.000030000E-03 1.627683264E+00 0.000000000E+00 1.771135267E+02
7.009040000E-03 1.635330818E+00 0.000000000E+00 1.768858503E+02
7.018860000E-03 1.643550268E+00 0.000000000E+00 1.766383715E+02
7.034320000E-03 1.656363580E+00 0.000000000E+00 1.762501564E+02
7.051460000E-03 1.670531771E+00 0.000000000E+00 1.758217447E+02
7.060040000E-03 1.677465389E+00 0.000000000E+00 1.756080702E+02
7.072900000E-03 1.687941662E+00 0.000000000E+00 1.752887783E+02
7.085750000E-03 1.698339458E+00 0.000000000E+00 1.749708923E+02
7.102960000E-03 1.712063904E+00 0.000000000E+00 1.745469494E+02
7.120440000E-03 1.725870138E+00 0.000000000E+00 1.741184534E+02
7.137930000E-03 1.739530683E+00 0.000000000E+00 1.736918126E+02
7.155410000E-03 1.753142863E+00 0.000000000E+00 1.732674997E+02
7.167640000E-03 1.762442428E+00 0.000000000E+00 1.729718568E+02
7.190350000E-03 1.779767778E+00 0.000000000E+00 1.724255426E+02
7.200830000E-03 1.787629989E+00 0.000000000E+00 1.721745965E+02
7.217780000E-03 1.800229513E+00 0.000000000E+00 1.717702673E+02
7.236280000E-03 1.813876935E+00 0.000000000E+00 1.713311259E+02
7.251300000E-03 1.824869060E+00 0.000000000E+00 1.709762387E+02
7.269670000E-03 1.838188133E+00 0.000000000E+00 1.705441925E+02
7.292500000E-03 1.854466459E+00 0.000000000E+00 1.700102845E+02
7.297770000E-03 1.858164291E+00 0.000000000E+00 1.698875136E+02
7.318860000E-03 1.873013131E+00 0.000000000E+00 1.693979663E+02
7.325890000E-03 1.877979862E+00 0.000000000E+00 1.692354103E+02
7.345460000E-03 1.892865318E+00 0.000000000E+00 1.687845281E+02
7.367070000E-03 1.912608247E+00 4.332854147E-07 1.682894285E+02
7.384600000E-03 1.933909559E+00 1.811237564E-06 1.678899331E+02
7.401910000E-03 1.955826270E+00 6.776351140E-06 1.674973081E+02
7.418170000E-03 1.977293901E+00 2.164952721E-05 1.671301682E+02
7.435280000E-03 2.001136036E+00 6.795101618E-05 1.667455698E+02
7.457560000E-03 2.034375886E+00 2.674594481E-04 1.662474053E+02
7.476220000E-03 2.064879920E+00 7.623033236E-04 1.658324661E+02
7.498360000E-03 2.105145513E+00 2.351493406E-03 1.653428216E+02
7.524380000E-03 2.159643538E+00 7.558574637E-03 1.647710509E+02
7.541560000E-03 2.200791444E+00 1.493749263E-02 1.643956953E+02
7.563590000E-03 2.259309474E+00 3.238157607E-02 1.639168702E+02
7.589210000E-03 2.332494022E+00 6.947616015E-02 1.633635121E+02
7.612050000E-03 2.395899195E+00 1.220978764E-01 1.628733390E+02
7.645100000E-03 2.466425433E+00 2.306986108E-01 1.621692326E+02
7.656770000E-03 2.480118247E+00 2.758202193E-01 1.619220637E+02
7.678110000E-03 2.490120000E+00 3.604004502E-01 1.614720289E+02
7.705490000E-03 2.473387928E+00 4.625220077E-01 1.608982686E+02
7.733390000E-03 2.429055151E+00 5.446713178E-01 1.603177908E+02
7.764480000E-03 2.367301316E+00 6.033963877E-01 1.596758572E+02
7.833840000E-03 2.257450906E+00 6.488153212E-01 1.582621039E+02
7.880710000E-03 2.231814918E+00 6.527063439E-01 1.573208505E+02
8.036530000E-03 2.286826584E+00 6.803660775E-01 1.542705620E+02
8.140000000E-03 2.333241463E+00 8.517711357E-01 1.523095823E+02
8.205780000E-03 2.256718332E+00 9.794434879E-01 1.510886229E+02
8.511380000E-03 1.978925162E+00 1.049070352E+00 1.456638054E+02
8.741070000E-03 1.881381516E+00 1.050942648E+00 1.418361825E+02
9.014220000E-03 1.819713601E+00 1.053062433E+00 1.375382451E+02
1.083930000E-02 1.584875429E+00 1.040521011E+00 1.143800799E+02
1.287930000E-02 1.454473311E+00 1.003531018E+00 9.626299566E+01
1.600000000E-02 1.320309465E+00 9.375482220E-01 7.748750000E+01
1.872840000E-02 1.238246507E+00 8.850754759E-01 6.619892783E+01
1.947040000E-02 1.217712069E+00 8.730132730E-01 6.367614430E+01
2.131820000E-02 1.167437442E+00 8.463913671E-01 5.815688004E+01
2.289220000E-02 1.130589632E+00 8.239201643E-01 5.415818488E+01
2.490380000E-02 1.081972274E+00 7.993960337E-01 4.978356717E+01
2.590910000E-02 1.057394708E+00 7.885536867E-01 4.785191303E+01
2.691540000E-02 1.033586692E+00 7.777572092E-01 4.606284878E+01
2.917430000E-02 9.768405927E-01 7.511020620E-01 4.249630668E+01
3.090300000E-02 9.328031395E-01 7.283907875E-01 4.011908229E+01
3.235940000E-02 8.958887720E-01 7.067649721E-01 3.831344215E+01
3.388440000E-02 8.583191876E-01 6.807827371E-01 3.658910885E+01
3.630780000E-02 8.023307456E-01 6.328326339E-01 3.414693262E+01
4.000000000E-02 7.321711634E-01 5.445979053E-01 3.099500000E+01
4.306560000E-02 6.941791254E-01 4.622172102E-01 2.878863873E+01
4.670730000E-02 6.760004812E-01 3.645255251E-01 2.654403059E+01
4.758470000E-02 6.754856010E-01 3.422671541E-01 2.605459318E+01
4.794010000E-02 6.753919025E-01 3.336094574E-01 2.586143959E+01
4.822710000E-02 6.757574638E-01 3.266300085E-01 2.570753788E+01
4.834520000E-02 6.760434119E-01 3.237198086E-01 2.564473826E+01
4.846340000E-02 6.763337597E-01 3.208347348E-01 2.558219192E+01
4.864050000E-02 6.767675238E-01 3.165520714E-01 2.548904719E+01
4.881770000E-02 6.772343660E-01 3.123059737E-01 2.539652626E+01
4.899490000E-02 6.778553147E-01 3.080289001E-01 2.530467457E+01
4.917530000E-02 6.784845855E-01 3.037308088E-01 2.521184416E+01
4.931980000E-02 6.789930176E-01 3.003263356E-01 2.513797704E+01
4.946740000E-02 6.795239240E-01 2.968846854E-01 2.506297076E+01
4.964460000E-02 6.801634975E-01 2.928014456E-01 2.497351172E+01
4.976270000E-02 6.805870181E-01 2.901065018E-01 2.491424300E+01
4.988080000E-02 6.810120035E-01 2.874337676E-01 2.485525493E+01
4.999900000E-02 6.814359406E-01 2.847818797E-01 2.479649593E+01
5.023520000E-02 6.822817978E-01 2.795473406E-01 2.467990572E+01
5.040820000E-02 6.829010709E-01 2.757676505E-01 2.459520475E+01
5.096600000E-02 6.858192654E-01 2.637826124E-01 2.432602127E+01
5.190740000E-02 6.925271175E-01 2.442021511E-01 2.388484108E+01
5.236800000E-02 6.961351976E-01 2.350701614E-01 2.367476321E+01
5.280670000E-02 7.002481012E-01 2.265790404E-01 2.347808138E+01
5.326170000E-02 7.052285873E-01 2.180059919E-01 2.327751461E+01
5.355660000E-02 7.088975288E-01 2.125982987E-01 2.314934107E+01
5.364690000E-02 7.101227569E-01 2.109738840E-01 2.311037544E+01
5.392180000E-02 7.143080703E-01 2.062119045E-01 2.299255589E+01
5.423620000E-02 7.203610026E-01 2.016373972E-01 2.285927111E+01
5.458590000E-02 7.286891568E-01 1.994084093E-01 2.271282511E+01
5.497250000E-02 7.357912312E-01 2.020857282E-01 2.255309473E+01
5.585880000E-02 7.308156559E-01 2.060815107E-01 2.219524945E+01
5.695900000E-02 7.267059995E-01 1.895294630E-01 2.176653382E+01
5.801890000E-02 7.305797188E-01 1.729472700E-01 2.136889876E+01
6.165950000E-02 7.465131659E-01 1.384254633E-01 2.010720165E+01
6.715160000E-02 7.778110198E-01 8.491412749E-02 1.846270230E+01
7.199480000E-02 8.088050338E-01 5.492829917E-02 1.722068816E+01
7.629840000E-02 8.338902423E-01 3.737499759E-02 1.624935778E+01
8.036320000E-02 8.546792508E-01 2.614033518E-02 1.542745933E+01
8.454300000E-02 8.731756065E-01 1.828799868E-02 1.466472683E+01
8.647050000E-02 8.807694080E-01 1.559591943E-02 1.433783776E+01
8.805670000E-02 8.866369174E-01 1.373064786E-02 1.407956464E+01
8.953300000E-02 8.919411961E-01 1.225829939E-02 1.384740822E+01
9.468440000E-02 9.070722319E-01 9.455261905E-03 1.309402605E+01
9.928070000E-02 9.181572244E-01 7.428157942E-03 1.248782492E+01
1.047130000E-01 9.290335001E-01 5.986738465E-03 1.183998166E+01
1.110000000E-01 9.391443616E-01 5.084803500E-03 1.116936937E+01
1.190000000E-01 9.491168884E-01 4.560794397E-03 1.041848739E+01
1.310550000E-01 9.599294722E-01 4.306820573E-03 9.460150319E+00
1.690000000E-01 9.777891636E-01 3.968540818E-03 7.336094675E+00
1.950000000E-01 9.838744387E-01 3.545028441E-03 6.357948718E+00
2.290870000E-01 9.888508075E-01 2.898352171E-03 5.411917743E+00
2.700000000E-01 9.927372561E-01 2.230792282E-03 4.591851852E+00
2.917430000E-01 9.943923157E-01 1.935752857E-03 4.249630668E+00
3.098980000E-01 9.956249192E-01 1.715784333E-03 4.000671189E+00
3.221040000E-01 9.964800562E-01 1.587025957E-03 3.849067382E+00
3.343240000E-01 9.973935806E-01 1.470931589E-03 3.708378699E+00
3.421270000E-01 9.981194232E-01 1.475788968E-03 3.623800519E+00
3.506670000E-01 9.988760182E-01 1.615841119E-03 3.535547970E+00
3.541170000E-01 9.992114515E-01 1.658861536E-03 3.501102743E+00
3.567500000E-01 9.995066114E-01 1.706456118E-03 3.475262789E+00
3.582600000E-01 9.996903208E-01 1.747745229E-03 3.460615196E+00
3.598000000E-01 9.998880187E-01 1.804518834E-03 3.445803224E+00
3.604250000E-01 9.999705402E-01 1.832224115E-03 3.439827981E+00
3.610000000E-01 1.000047468E+00 1.860396850E-03 3.434349030E+00
3.624000000E-01 1.000237652E+00 1.940211404E-03 3.421081678E+00
3.661000000E-01 1.000748200E+00 2.241423253E-03 3.386506419E+00
3.699340000E-01 1.001241894E+00 2.706194034E-03 3.351408630E+00
3.730250000E-01 1.001564143E+00 3.189980173E-03 3.323637826E+00
3.748270000E-01 1.001705700E+00 3.506804301E-03 3.307659267E+00
3.795950000E-01 1.001880802E+00 4.410193577E-03 3.266112567E+00
3.835500000E-01 1.001786583E+00 5.142450292E-03 3.232433842E+00
3.855000000E-01 1.001694233E+00 5.471313736E-03 3.216083009E+00
3.892500000E-01 1.001409412E+00 6.023020755E-03 3.185099550E+00
3.937500000E-01 1.000974237E+00 6.534702017E-03 3.148698413E+00
4.000000000E-01 1.000314608E+00 6.991496037E-03 3.099500000E+00
4.065460000E-01 9.996511184E-01 7.232816774E-03 3.049593404E+00
4.127450000E-01 9.990814360E-01 7.304106579E-03 3.003791687E+00
4.216970000E-01 9.983815369E-01 7.220908522E-03 2.940025658E+00
4.305870000E-01 9.978415665E-01 6.997884939E-03 2.879325200E+00
4.390000000E-01 9.974568938E-01 6.724817596E-03 2.824145786E+00
4.546000000E-01 9.970100722E-01 6.183397619E-03 2.727232732E+00
4.772540000E-01 9.967168847E-01 5.468461411E-03 2.597778122E+00
5.030290000E-01 9.966708362E-01 4.778735275E-03 2.464669035E+00
5.179260000E-01 9.968020902E-01 4.429829290E-03 2.393778262E+00
5.269870000E-01 9.969748821E-01 4.425154511E-03 2.352619704E+00
5.459790000E-01 9.967893259E-01 4.277715468E-03 2.270783309E+00
5.609630000E-01 9.967595003E-01 4.133274276E-03 2.210127941E+00
5.854670000E-01 9.966453078E-01 3.727361302E-03 2.117625759E+00
6.259830000E-01 9.967293129E-01 3.093300259E-03 1.980564967E+00
6.499870000E-01 9.968788164E-01 2.797236051E-03 1.907422764E+00
6.631580000E-01 9.969143519E-01 2.720521620E-03 1.869539386E+00
6.937330000E-01 9.969875018E-01 2.393677513E-03 1.787142892E+00
7.585780000E-01 9.972677910E-01 1.835637734E-03 1.634373789E+00
8.350950000E-01 9.976045012E-01 1.368088860E-03 1.484621510E+00
9.215760000E-01 9.979449454E-01 1.004370528E-03 1.345304131E+00
1.029480000E+00 9.982953639E-01 7.051117054E-04 1.204297315E+00
1.160610000E+00 9.986268906E-01 4.772316412E-04 1.068231361E+00
1.325690000E+00 9.989313813E-01 3.074744833E-04 9.352110976E-01
1.558590000E+00 9.992216702E-01 1.786539430E-04 7.954625655E-01
1.823960000E+00 9.994333607E-01 1.045661674E-04 6.797298186E-01
2.130280000E+00 9.995896804E-01 6.125013332E-05 5.819892221E-01
2.457360000E+00 9.996986778E-01 3.725494157E-05 5.045251815E-01
2.705380000E+00 9.997585913E-01 2.658296892E-05 4.582720357E-01
2.884030000E+00 9.997950126E-01 2.121598572E-05 4.298845712E-01
3.000000000E+00 9.998179947E-01 1.845701645E-05 4.132666667E-01
3.073100000E+00 9.998343582E-01 1.694979957E-05 4.034362696E-01
3.107940000E+00 9.998447005E-01 1.660532017E-05 3.989137499E-01
3.122600000E+00 9.998503611E-01 1.729044334E-05 3.970409274E-01
3.133860000E+00 9.998552075E-01 1.883627886E-05 3.956143542E-01
3.145250000E+00 9.998600949E-01 2.177015006E-05 3.941817026E-01
3.157140000E+00 9.998644111E-01 2.640817480E-05 3.926971880E-01
3.178800000E+00 9.998674292E-01 3.690879145E-05 3.900213917E-01
3.193740000E+00 9.998658191E-01 4.286802027E-05 3.881969102E-01
3.212060000E+00 9.998622536E-01 4.670761571E-05 3.859828272E-01
3.240380000E+00 9.998587259E-01 4.739777166E-05 3.826094470E-01
3.275410000E+00 9.998594194E-01 4.616641929E-05 3.785174986E-01
3.303980000E+00 9.998626883E-01 4.700533677E-05 3.752444022E-01
3.334020000E+00 9.998647726E-01 5.143908599E-05 3.718633961E-01
3.365890000E+00 9.998625693E-01 5.541322593E-05 3.683423998E-01
3.406910000E+00 9.998592722E-01 5.492450218E-05 3.639074704E-01
3.462570000E+00 9.998589838E-01 5.197902950E-05 3.580577432E-01
3.523050000E+00 9.998616259E-01 4.909275061E-05 3.519109862E-01
3.571070000E+00 9.998650438E-01 4.918031598E-05 3.471788568E-01
3.608990000E+00 9.998654416E-01 5.036098446E-05 3.435310156E-01
3.666440000E+00 9.998650185E-01 4.879372598E-05 3.381481764E-01
3.754980000E+00 9.998671856E-01 4.495148307E-05 3.301748611E-01
3.883110000E+00 9.998720041E-01 3.997673325E-05 3.192801646E-01
4.032920000E+00 9.998784275E-01 3.498456236E-05 3.074199339E-01
4.193540000E+00 9.998854153E-01 3.046857651E-05 2.956452067E-01
4.355750000E+00 9.998922541E-01 2.662236631E-05 2.846352523E-01
4.543240000E+00 9.998997059E-01 2.290330269E-05 2.728889515E-01
4.714520000E+00 9.999060443E-01 2.006656893E-05 2.629748097E-01
4.879120000E+00 9.999116858E-01 1.774946159E-05 2.541031989E-01
5.103990000E+00 9.999187192E-01 1.511205232E-05 2.429079994E-01
5.329900000E+00 9.999250491E-01 1.293919516E-05 2.326122441E-01
5.500000000E+00 9.999293832E-01 1.155762204E-05 2.254181818E-01
5.704570000E+00 9.999341471E-01 1.013067259E-05 2.173345230E-01
5.886380000E+00 9.999380175E-01 9.045503856E-06 2.106218083E-01
5.984490000E+00 9.999399714E-01 8.518489972E-06 2.071688648E-01
6.142730000E+00 9.999429444E-01 7.748539486E-06 2.018320844E-01
6.256230000E+00 9.999449518E-01 7.250461577E-06 1.981704637E-01
6.387970000E+00 9.999471527E-01 6.721407434E-06 1.940835665E-01
6.460850000E+00 9.999483186E-01 6.450641248E-06 1.918942554E-01
6.468170000E+00 9.999484335E-01 6.424043261E-06 1.916770895E-01
6.512750000E+00 9.999491250E-01 6.264361838E-06 1.903650532E-01
6.536010000E+00 9.999494806E-01 6.182955844E-06 1.896875923E-01
6.694080000E+00 9.999518062E-01 5.665612038E-06 1.852084230E-01
6.807980000E+00 9.999533879E-01 5.325849276E-06 1.821098182E-01
7.001230000E+00 9.999559038E-01 4.804886364E-06 1.770831697E-01
7.275700000E+00 9.999591545E-01 4.172957559E-06 1.704028478E-01
7.497640000E+00 9.999615318E-01 3.737384092E-06 1.653586995E-01
7.769660000E+00 9.999641785E-01 3.279099081E-06 1.595694020E-01
8.002020000E+00 9.999662323E-01 2.941550816E-06 1.549358787E-01
8.222430000E+00 9.999680252E-01 2.660230179E-06 1.507826762E-01
8.526710000E+00 9.999702799E-01 2.325582244E-06 1.454019194E-01
8.817070000E+00 9.999722198E-01 2.054066593E-06 1.406136052E-01
9.082370000E+00 9.999738331E-01 1.839744859E-06 1.365062203E-01
9.308330000E+00 9.999751008E-01 1.679155786E-06 1.331925276E-01
9.406700000E+00 9.999756241E-01 1.614819721E-06 1.317996747E-01
9.677900000E+00 9.999769858E-01 1.453093671E-06 1.281063041E-01
9.896120000E+00 9.999780010E-01 1.337123610E-06 1.252814234E-01
1.034680000E+01 9.999798984E-01 1.132450057E-06 1.198244868E-01
1.174350000E+01 9.999844546E-01 7.047258064E-07 1.055732959E-01
1.333000000E+01 9.999879857E-01 4.374813639E-07 9.300825206E-02
1.516290000E+01 9.999907597E-01 2.689376417E-07 8.176536151E-02
1.719830000E+01 9.999928578E-01 1.668146849E-07 7.208852038E-02
1.947040000E+01 9.999944693E-01 1.039948128E-07 6.367614430E-02
2.094580000E+01 9.999952528E-01 7.865771222E-08 5.919086404E-02
2.202420000E+01 9.999957369E-01 6.493478434E-08 5.629262357E-02
2.275140000E+01 9.999960336E-01 5.734161779E-08 5.449334986E-02
2.330030000E+01 9.999962509E-01 5.232301150E-08 5.320961533E-02
2.364800000E+01 9.999963931E-01 4.953084700E-08 5.242726658E-02
2.381720000E+01 9.999964699E-01 4.964901868E-08 5.205481753E-02
2.391010000E+01 9.999965167E-01 5.259750259E-08 5.185256440E-02
2.397790000E+01 9.999965533E-01 5.798521695E-08 5.170594589E-02
2.403920000E+01 9.999965875E-01 6.656322972E-08 5.157409564E-02
2.409850000E+01 9.999966206E-01 7.918334753E-08 5.144718551E-02
2.416900000E+01 9.999966576E-01 1.002670821E-07 5.129711614E-02
2.426910000E+01 9.999967002E-01 1.398349676E-07 5.108553675E-02
2.439360000E+01 9.999967295E-01 1.936639621E-07 5.082480651E-02
2.449790000E+01 9.999967357E-01 2.300079270E-07 5.060841950E-02
2.461420000E+01 9.999967341E-01 2.541899156E-07 5.036929902E-02
2.477770000E+01 9.999967353E-01 2.637840719E-07 5.003692837E-02
2.494380000E+01 9.999967492E-01 2.605766820E-07 4.970373399E-02
2.510470000E+01 9.999967698E-01 2.550609268E-07 4.938517489E-02
2.544400000E+01 9.999968265E-01 2.429987010E-07 4.872661531E-02
2.594270000E+01 9.999969194E-01 2.268256968E-07 4.778993705E-02
2.660730000E+01 9.999970470E-01 2.071668233E-07 4.659623487E-02
2.732480000E+01 9.999971822E-01 1.879495196E-07 4.537270172E-02
2.816800000E+01 9.999973342E-01 1.681238252E-07 4.401448452E-02
2.903820000E+01 9.999974811E-01 1.506368188E-07 4.269548388E-02
2.995290000E+01 9.999976244E-01 1.346835610E-07 4.139165156E-02
3.108700000E+01 9.999977871E-01 1.177122184E-07 3.988162254E-02
3.183440000E+01 9.999978860E-01 1.078839898E-07 3.894529189E-02
3.273410000E+01 9.999979971E-01 9.742137792E-08 3.787487666E-02
3.330430000E+01 9.999980632E-01 9.142863994E-08 3.722642422E-02
3.411030000E+01 9.999981515E-01 8.372099050E-08 3.634679261E-02
3.486260000E+01 9.999982287E-01 7.721793536E-08 3.556246522E-02
3.554780000E+01 9.999982951E-01 7.185365033E-08 3.487698254E-02
3.654500000E+01 9.999983853E-01 6.486219761E-08 3.392529758E-02
3.725870000E+01 9.999984457E-01 6.039363615E-08 3.327544976E-02
3.758370000E+01 9.999984721E-01 5.846117917E-08 3.298770478E-02
3.862030000E+01 9.999985521E-01 5.281206830E-08 3.210228817E-02
3.966270000E+01 9.999986265E-01 4.781663044E-08 3.125858804E-02
4.081220000E+01 9.999987022E-01 4.297093118E-08 3.037817123E-02
4.221810000E+01 9.999987866E-01 3.786240702E-08 2.936655131E-02
4.413220000E+01 9.999988891E-01 3.206598729E-08 2.809286643E-02
4.710060000E+01 9.999990243E-01 2.511559482E-08 2.632238231E-02
4.986870000E+01 9.999991295E-01 2.022487516E-08 2.486128574E-02
5.417730000E+01 9.999992625E-01 1.477044880E-08 2.288412306E-02
6.030580000E+01 9.999994050E-01 9.821884335E-09 2.055855324E-02
6.807040000E+01 9.999995333E-01 6.171751295E-09 1.821349662E-02
7.725440000E+01 9.999996380E-01 3.787733726E-09 1.604827686E-02
8.648870000E+01 9.999997114E-01 2.445823074E-09 1.433482062E-02
9.095750000E+01 9.999997391E-01 2.012087460E-09 1.363054174E-02
9.600700000E+01 9.999997659E-01 1.629288647E-09 1.291364171E-02
9.701800000E+01 9.999997708E-01 1.564715711E-09 1.277907192E-02
9.908410000E+01 9.999997803E-01 1.441096704E-09 1.251260293E-02
1.037060000E+02 9.999997995E-01 1.206375275E-09 1.195494957E-02
1.100450000E+02 9.999998220E-01 9.568559623E-10 1.126630015E-02
1.191340000E+02 9.999998482E-01 7.023052387E-10 1.040676885E-02
1.328190000E+02 9.999998779E-01 4.590344652E-10 9.334507864E-03
1.492580000E+02 9.999999034E-01 2.908546611E-10 8.306422436E-03
1.675610000E+02 9.999999234E-01 1.849811910E-10 7.399096448E-03
1.883650000E+02 9.999999394E-01 1.171058828E-10 6.581902158E-03
2.113490000E+02 9.999999519E-01 7.484147337E-11 5.866126644E-03
2.379400000E+02 9.999999620E-01 4.728159510E-11 5.210557283E-03
2.678010000E+02 9.999999700E-01 3.003245802E-11 4.629557022E-03
3.008770000E+02 9.999999763E-01 1.927412886E-11 4.120620719E-03
3.388440000E+02 9.999999813E-01 1.232367769E-11 3.658910885E-03
3.822880000E+02 9.999999853E-01 7.873734213E-12 3.243104675E-03
4.319070000E+02 9.999999885E-01 5.043780585E-12 2.870525368E-03
4.867920000E+02 9.999999909E-01 3.284306115E-12 2.546878338E-03
5.543070000E+02 9.999999930E-01 2.082314190E-12 2.236666685E-03
6.364290000E+02 9.999999947E-01 1.298567183E-12 1.948057050E-03
7.328250000E+02 9.999999960E-01 8.149160385E-13 1.691809095E-03
8.585190000E+02 9.999999971E-01 4.908728581E-13 1.444114807E-03
1.004330000E+03 9.999999979E-01 3.021187852E-13 1.234454811E-03
1.173410000E+03 9.999999984E-01 1.872677729E-13 1.056578689E-03
1.410750000E+03 9.999999989E-01 1.061974232E-13 8.788233209E-04
1.696100000E+03 9.999999993E-01 6.022307434E-14 7.309710512E-04
2.039160000E+03 9.999999995E-01 3.415191272E-14 6.079954491E-04
2.451610000E+03 9.999999996E-01 1.936724954E-14 5.057084936E-04
2.947480000E+03 9.999999998E-01 1.098299107E-14 4.206305047E-04
3.543650000E+03 9.999999998E-01 6.228338467E-15 3.498652519E-04
4.260410000E+03 9.999999999E-01 3.532010247E-15 2.910048563E-04
5.122130000E+03 9.999999999E-01 2.002975934E-15 2.420477419E-04
6.158160000E+03 9.999999999E-01 1.135867628E-15 2.013263702E-04
7.403740000E+03 1.000000000E+00 6.441391426E-16 1.674559074E-04
8.901250000E+03 1.000000000E+00 3.652848306E-16 1.392838085E-04
1.000000000E+04 0.000000000E+00 0.000000000E+00 1.239800000E-04
