# 11/08/2021 
# Data retrieved from www.chemicool.com/densities.html 
# Includes the real (n) and complex (k) part of the  refractive index. 
# Element, Re  (Z = 75) 
# Nominal density, g cm-3 =  21 
#    E [keV]      n       k    Wavelength [nm] 
1.000000000E-03 -3.473002122E+03 2.126634464E-01 1.239800000E+03
1.019750000E-03 -2.926786515E+02 0.000000000E+00 1.215788183E+03
1.022260000E-03 -2.912292969E+02 0.000000000E+00 1.212803005E+03
1.024770000E-03 -2.897950595E+02 0.000000000E+00 1.209832450E+03
1.027280000E-03 -2.883713330E+02 0.000000000E+00 1.206876411E+03
1.029790000E-03 -2.869536004E+02 0.000000000E+00 1.203934783E+03
1.032300000E-03 -2.855506114E+02 0.000000000E+00 1.201007459E+03
1.034810000E-03 -2.841578300E+02 0.000000000E+00 1.198094336E+03
1.037320000E-03 -2.827751573E+02 0.000000000E+00 1.195195311E+03
1.039830000E-03 -2.813981651E+02 0.000000000E+00 1.192310281E+03
1.042340000E-03 -2.800354394E+02 0.000000000E+00 1.189439147E+03
1.044850000E-03 -2.786825326E+02 0.000000000E+00 1.186581806E+03
1.047360000E-03 -2.773350831E+02 0.000000000E+00 1.183738161E+03
1.049870000E-03 -2.760015542E+02 0.000000000E+00 1.180908112E+03
1.052380000E-03 -2.746775663E+02 0.000000000E+00 1.178091564E+03
1.057400000E-03 -2.720536615E+02 0.000000000E+00 1.172498581E+03
1.059910000E-03 -2.707577747E+02 0.000000000E+00 1.169721958E+03
1.062420000E-03 -2.694669226E+02 0.000000000E+00 1.166958453E+03
1.064930000E-03 -2.681893359E+02 0.000000000E+00 1.164207976E+03
1.067440000E-03 -2.669207606E+02 0.000000000E+00 1.161470434E+03
1.069950000E-03 -2.656570225E+02 0.000000000E+00 1.158745736E+03
1.203690000E-03 -2.094670695E+02 0.000000000E+00 1.029999418E+03
1.354160000E-03 -1.650911071E+02 0.000000000E+00 9.155491227E+02
1.523420000E-03 -1.300546480E+02 0.000000000E+00 8.138267845E+02
1.713850000E-03 -1.023912391E+02 0.000000000E+00 7.234005310E+02
1.928080000E-03 -8.054962653E+01 0.000000000E+00 6.430231111E+02
2.000000000E-03 -7.474555050E+01 0.000000000E+00 6.199000000E+02
2.169090000E-03 -6.320638239E+01 0.000000000E+00 5.715760987E+02
2.419190000E-03 -5.038986644E+01 0.000000000E+00 5.124855840E+02
2.638030000E-03 -4.205048085E+01 0.000000000E+00 4.699719109E+02
2.829510000E-03 -3.629347546E+01 0.000000000E+00 4.381677393E+02
2.997060000E-03 -3.214122336E+01 0.000000000E+00 4.136720653E+02
3.143670000E-03 -2.904347167E+01 0.000000000E+00 3.943798172E+02
3.271940000E-03 -2.667063728E+01 0.000000000E+00 3.789189288E+02
3.384190000E-03 -2.481313899E+01 0.000000000E+00 3.663505891E+02
3.482400000E-03 -2.333485856E+01 0.000000000E+00 3.560188376E+02
3.568340000E-03 -2.214077471E+01 0.000000000E+00 3.474444700E+02
3.643530000E-03 -2.116555752E+01 0.000000000E+00 3.402744042E+02
3.709330000E-03 -2.036061839E+01 0.000000000E+00 3.342382587E+02
3.824470000E-03 -1.905219331E+01 0.000000000E+00 3.241756374E+02
3.910820000E-03 -1.814647249E+01 0.000000000E+00 3.170179144E+02
3.975590000E-03 -1.750576711E+01 0.000000000E+00 3.118530834E+02
4.024170000E-03 -1.703910665E+01 0.000000000E+00 3.080883760E+02
4.060600000E-03 -1.669501468E+01 0.000000000E+00 3.053243363E+02
4.087920000E-03 -1.644303913E+01 0.000000000E+00 3.032838216E+02
4.108420000E-03 -1.625747260E+01 0.000000000E+00 3.017705103E+02
4.123780000E-03 -1.612006698E+01 0.000000000E+00 3.006464942E+02
4.146840000E-03 -1.591712246E+01 0.000000000E+00 2.989746409E+02
4.158370000E-03 -1.581667037E+01 0.000000000E+00 2.981456677E+02
4.164130000E-03 -1.576693924E+01 0.000000000E+00 2.977332600E+02
4.169890000E-03 -1.571741853E+01 0.000000000E+00 2.973219917E+02
4.180160000E-03 -1.562948028E+01 0.000000000E+00 2.965915180E+02
4.190420000E-03 -1.554254783E+01 0.000000000E+00 2.958653309E+02
4.200680000E-03 -1.545599991E+01 0.000000000E+00 2.951426912E+02
4.210950000E-03 -1.537002030E+01 0.000000000E+00 2.944228737E+02
4.221210000E-03 -1.528502152E+01 0.000000000E+00 2.937072546E+02
4.231480000E-03 -1.520031556E+01 0.000000000E+00 2.929944133E+02
4.236610000E-03 -1.515823677E+01 0.000000000E+00 2.926396340E+02
4.241740000E-03 -1.511631402E+01 0.000000000E+00 2.922857129E+02
4.246870000E-03 -1.507454658E+01 0.000000000E+00 2.919326469E+02
4.252000000E-03 -1.503319261E+01 0.000000000E+00 2.915804327E+02
4.259700000E-03 -1.497089388E+01 0.000000000E+00 2.910533606E+02
4.262270000E-03 -1.495035125E+01 0.000000000E+00 2.908778656E+02
4.271250000E-03 -1.487847650E+01 0.000000000E+00 2.902663155E+02
4.273810000E-03 -1.485817818E+01 0.000000000E+00 2.900924468E+02
4.276060000E-03 -1.484021354E+01 0.000000000E+00 2.899398044E+02
4.279430000E-03 -1.481348574E+01 0.000000000E+00 2.897114803E+02
4.281110000E-03 -1.480005520E+01 0.000000000E+00 2.895977912E+02
4.281950000E-03 -1.479334602E+01 0.000000000E+00 2.895409802E+02
4.283440000E-03 -1.478159489E+01 0.000000000E+00 2.894402630E+02
4.285840000E-03 -1.476265046E+01 0.000000000E+00 2.892781812E+02
4.295620000E-03 -1.468588246E+01 0.000000000E+00 2.886195706E+02
4.303320000E-03 -1.462550048E+01 0.000000000E+00 2.881031390E+02
4.308450000E-03 -1.458553800E+01 0.000000000E+00 2.877600993E+02
4.313580000E-03 -1.454597295E+01 0.000000000E+00 2.874178756E+02
4.318720000E-03 -1.450622896E+01 0.000000000E+00 2.870758002E+02
4.323850000E-03 -1.446670145E+01 0.000000000E+00 2.867352013E+02
4.334110000E-03 -1.438807683E+01 0.000000000E+00 2.860564222E+02
4.344380000E-03 -1.431019914E+01 0.000000000E+00 2.853801923E+02
4.354640000E-03 -1.423270713E+01 0.000000000E+00 2.847078059E+02
4.370030000E-03 -1.411751476E+01 0.000000000E+00 2.837051462E+02
4.372600000E-03 -1.409852488E+01 0.000000000E+00 2.835383982E+02
4.375170000E-03 -1.407956917E+01 0.000000000E+00 2.833718461E+02
4.378100000E-03 -1.405768231E+01 0.000000000E+00 2.831822023E+02
4.383880000E-03 -1.401507884E+01 0.000000000E+00 2.828088360E+02
4.389480000E-03 -1.397387538E+01 0.000000000E+00 2.824480348E+02
4.394900000E-03 -1.393429868E+01 0.000000000E+00 2.820997065E+02
4.400160000E-03 -1.389595465E+01 0.000000000E+00 2.817624814E+02
4.405240000E-03 -1.385896526E+01 0.000000000E+00 2.814375607E+02
4.410170000E-03 -1.382335570E+01 0.000000000E+00 2.811229499E+02
4.414950000E-03 -1.378887291E+01 0.000000000E+00 2.808185823E+02
4.419580000E-03 -1.375550608E+01 0.000000000E+00 2.805243937E+02
4.421820000E-03 -1.373936289E+01 0.000000000E+00 2.803822860E+02
4.424030000E-03 -1.372344450E+01 0.000000000E+00 2.802422226E+02
4.428370000E-03 -1.369245056E+01 0.000000000E+00 2.799675727E+02
4.436780000E-03 -1.363276020E+01 0.000000000E+00 2.794368889E+02
4.499900000E-03 -1.319414794E+01 0.000000000E+00 2.755172337E+02
4.531460000E-03 -1.298207291E+01 0.000000000E+00 2.735983546E+02
4.547240000E-03 -1.287750018E+01 0.000000000E+00 2.726489035E+02
4.563020000E-03 -1.277426193E+01 0.000000000E+00 2.717060193E+02
4.574250000E-03 -1.270134149E+01 0.000000000E+00 2.710389681E+02
4.585480000E-03 -1.262919197E+01 0.000000000E+00 2.703751843E+02
4.596710000E-03 -1.255736149E+01 0.000000000E+00 2.697146437E+02
4.607940000E-03 -1.248606850E+01 0.000000000E+00 2.690573228E+02
4.613710000E-03 -1.244971816E+01 0.000000000E+00 2.687208342E+02
4.622060000E-03 -1.239722178E+01 0.000000000E+00 2.682353756E+02
4.636420000E-03 -1.230782774E+01 0.000000000E+00 2.674045923E+02
4.647780000E-03 -1.223765191E+01 0.000000000E+00 2.667510080E+02
4.659130000E-03 -1.216805796E+01 0.000000000E+00 2.661011820E+02
4.670490000E-03 -1.209892722E+01 0.000000000E+00 2.654539459E+02
4.678530000E-03 -1.205030877E+01 0.000000000E+00 2.649977664E+02
4.686560000E-03 -1.200200203E+01 0.000000000E+00 2.645437165E+02
4.695560000E-03 -1.194817298E+01 0.000000000E+00 2.640366644E+02
4.700060000E-03 -1.192148322E+01 0.000000000E+00 2.637838666E+02
4.704560000E-03 -1.189466029E+01 0.000000000E+00 2.635315524E+02
4.713070000E-03 -1.184434258E+01 0.000000000E+00 2.630557153E+02
4.718750000E-03 -1.181091616E+01 0.000000000E+00 2.627390728E+02
4.723010000E-03 -1.178592746E+01 0.000000000E+00 2.625020908E+02
4.725140000E-03 -1.177356394E+01 0.000000000E+00 2.623837601E+02
4.725670000E-03 -1.177048923E+01 0.000000000E+00 2.623543328E+02
4.726070000E-03 -1.176811799E+01 0.000000000E+00 2.623321280E+02
4.726370000E-03 -1.176628757E+01 0.000000000E+00 2.623154768E+02
4.726640000E-03 -1.176482911E+01 0.000000000E+00 2.623004925E+02
4.726950000E-03 -1.176294534E+01 0.000000000E+00 2.622832905E+02
4.727110000E-03 -1.176208138E+01 0.000000000E+00 2.622744129E+02
4.727450000E-03 -1.176003623E+01 0.000000000E+00 2.622555500E+02
4.728150000E-03 -1.175583939E+01 0.000000000E+00 2.622167232E+02
4.738630000E-03 -1.169489255E+01 0.000000000E+00 2.616368022E+02
4.741470000E-03 -1.167843978E+01 0.000000000E+00 2.614800895E+02
4.749980000E-03 -1.162931605E+01 0.000000000E+00 2.610116253E+02
4.753780000E-03 -1.160747576E+01 0.000000000E+00 2.608029820E+02
4.759480000E-03 -1.157481585E+01 0.000000000E+00 2.604906418E+02
4.765180000E-03 -1.154227604E+01 0.000000000E+00 2.601790489E+02
4.774620000E-03 -1.148862219E+01 0.000000000E+00 2.596646435E+02
4.779330000E-03 -1.146196960E+01 0.000000000E+00 2.594087456E+02
4.784050000E-03 -1.143534572E+01 0.000000000E+00 2.591528099E+02
4.795410000E-03 -1.137161194E+01 0.000000000E+00 2.585388945E+02
4.806760000E-03 -1.130839225E+01 0.000000000E+00 2.579284175E+02
4.818120000E-03 -1.124557942E+01 0.000000000E+00 2.573202826E+02
4.829470000E-03 -1.118327115E+01 0.000000000E+00 2.567155402E+02
4.840830000E-03 -1.112136184E+01 0.000000000E+00 2.561131046E+02
4.846020000E-03 -1.109341846E+01 0.000000000E+00 2.558388121E+02
4.856070000E-03 -1.103904562E+01 0.000000000E+00 2.553093345E+02
4.874910000E-03 -1.093848734E+01 0.000000000E+00 2.543226439E+02
4.891400000E-03 -1.085127910E+01 0.000000000E+00 2.534652656E+02
4.920260000E-03 -1.070086069E+01 0.000000000E+00 2.519785540E+02
5.006830000E-03 -1.026480703E+01 0.000000000E+00 2.476217487E+02
5.019160000E-03 -1.020320986E+01 0.000000000E+00 2.470134445E+02
5.031480000E-03 -1.014212474E+01 0.000000000E+00 2.464086114E+02
5.043800000E-03 -1.008150203E+01 0.000000000E+00 2.458067330E+02
5.049970000E-03 -1.005131888E+01 0.000000000E+00 2.455064089E+02
5.056130000E-03 -1.002129356E+01 0.000000000E+00 2.452073028E+02
5.059210000E-03 -1.000641490E+01 0.000000000E+00 2.450580229E+02
5.063830000E-03 -9.983966867E+00 0.000000000E+00 2.448344435E+02
5.069990000E-03 -9.954195642E+00 0.000000000E+00 2.445369715E+02
5.072690000E-03 -9.941264035E+00 0.000000000E+00 2.444068137E+02
5.074710000E-03 -9.931464504E+00 0.000000000E+00 2.443095270E+02
5.077740000E-03 -9.916969540E+00 0.000000000E+00 2.441637421E+02
5.080780000E-03 -9.902458450E+00 0.000000000E+00 2.440176508E+02
5.082320000E-03 -9.895127242E+00 0.000000000E+00 2.439437107E+02
5.085010000E-03 -9.882154512E+00 0.000000000E+00 2.438146631E+02
5.087030000E-03 -9.872609216E+00 0.000000000E+00 2.437178472E+02
5.090070000E-03 -9.857999499E+00 0.000000000E+00 2.435722888E+02
5.093100000E-03 -9.843639986E+00 0.000000000E+00 2.434273821E+02
5.099260000E-03 -9.814396062E+00 0.000000000E+00 2.431333174E+02
5.102340000E-03 -9.799905112E+00 0.000000000E+00 2.429865513E+02
5.111580000E-03 -9.756236105E+00 0.000000000E+00 2.425473141E+02
5.114670000E-03 -9.741811532E+00 0.000000000E+00 2.424007805E+02
5.117750000E-03 -9.727277098E+00 0.000000000E+00 2.422548972E+02
5.130070000E-03 -9.669944268E+00 0.000000000E+00 2.416731156E+02
5.142390000E-03 -9.612860001E+00 0.000000000E+00 2.410941216E+02
5.154720000E-03 -9.556157965E+00 0.000000000E+00 2.405174287E+02
5.167040000E-03 -9.499916280E+00 0.000000000E+00 2.399439524E+02
5.179360000E-03 -9.444089632E+00 0.000000000E+00 2.393732044E+02
5.191690000E-03 -9.388633990E+00 0.000000000E+00 2.388047052E+02
5.204010000E-03 -9.333798637E+00 0.000000000E+00 2.382393577E+02
5.216340000E-03 -9.279153336E+00 0.000000000E+00 2.376762251E+02
5.228660000E-03 -9.224947056E+00 0.000000000E+00 2.371162019E+02
5.240980000E-03 -9.171136259E+00 0.000000000E+00 2.365588115E+02
5.253310000E-03 -9.117678670E+00 0.000000000E+00 2.360035863E+02
5.263600000E-03 -9.073426592E+00 0.000000000E+00 2.355422145E+02
5.283550000E-03 -8.988273506E+00 0.000000000E+00 2.346528376E+02
5.320950000E-03 -8.831487260E+00 0.000000000E+00 2.330035050E+02
5.386410000E-03 -8.564930735E+00 0.000000000E+00 2.301718584E+02
5.484590000E-03 -8.183680268E+00 0.000000000E+00 2.260515371E+02
5.533680000E-03 -8.000821751E+00 0.000000000E+00 2.240462043E+02
5.558220000E-03 -7.911364191E+00 0.000000000E+00 2.230570219E+02
5.570490000E-03 -7.867019437E+00 0.000000000E+00 2.225656989E+02
5.576630000E-03 -7.844945122E+00 0.000000000E+00 2.223206489E+02
5.582770000E-03 -7.822946404E+00 0.000000000E+00 2.220761378E+02
5.589640000E-03 -7.798424589E+00 0.000000000E+00 2.218031930E+02
5.603380000E-03 -7.749810846E+00 0.000000000E+00 2.212593113E+02
5.610250000E-03 -7.725568499E+00 0.000000000E+00 2.209883695E+02
5.623990000E-03 -7.677360382E+00 0.000000000E+00 2.204484716E+02
5.625710000E-03 -7.671463410E+00 0.000000000E+00 2.203810719E+02
5.637730000E-03 -7.629665317E+00 0.000000000E+00 2.199112054E+02
5.638990000E-03 -7.625220265E+00 0.000000000E+00 2.198620675E+02
5.642130000E-03 -7.614298853E+00 0.000000000E+00 2.197397082E+02
5.643300000E-03 -7.610286236E+00 0.000000000E+00 2.196941506E+02
5.651470000E-03 -7.582184338E+00 0.000000000E+00 2.193765516E+02
5.652540000E-03 -7.578495885E+00 0.000000000E+00 2.193350246E+02
5.654530000E-03 -7.571580259E+00 0.000000000E+00 2.192578340E+02
5.656270000E-03 -7.565722046E+00 0.000000000E+00 2.191903852E+02
5.657800000E-03 -7.560358588E+00 0.000000000E+00 2.191311110E+02
5.660470000E-03 -7.551261873E+00 0.000000000E+00 2.190277486E+02
5.663980000E-03 -7.539353085E+00 0.000000000E+00 2.188920159E+02
5.666230000E-03 -7.531551823E+00 0.000000000E+00 2.188050962E+02
5.670000000E-03 -7.518753887E+00 0.000000000E+00 2.186596120E+02
5.671410000E-03 -7.513936354E+00 0.000000000E+00 2.186052498E+02
5.674560000E-03 -7.503178004E+00 0.000000000E+00 2.184839001E+02
5.676750000E-03 -7.495746728E+00 0.000000000E+00 2.183996125E+02
5.678750000E-03 -7.489037589E+00 0.000000000E+00 2.183226943E+02
5.680490000E-03 -7.483112291E+00 0.000000000E+00 2.182558195E+02
5.683540000E-03 -7.472850446E+00 0.000000000E+00 2.181386952E+02
5.685830000E-03 -7.465157872E+00 0.000000000E+00 2.180508387E+02
5.689260000E-03 -7.453507268E+00 0.000000000E+00 2.179193779E+02
5.690980000E-03 -7.447675353E+00 0.000000000E+00 2.178535156E+02
5.703000000E-03 -7.407352525E+00 0.000000000E+00 2.173943538E+02
5.706440000E-03 -7.395925144E+00 0.000000000E+00 2.172633025E+02
5.720180000E-03 -7.350201553E+00 0.000000000E+00 2.167414312E+02
5.733920000E-03 -7.304961693E+00 0.000000000E+00 2.162220610E+02
5.747660000E-03 -7.259916734E+00 0.000000000E+00 2.157051739E+02
5.756430000E-03 -7.231376535E+00 0.000000000E+00 2.153765441E+02
5.765200000E-03 -7.202971644E+00 0.000000000E+00 2.150489142E+02
5.777040000E-03 -7.164752579E+00 0.000000000E+00 2.146081730E+02
5.788890000E-03 -7.126888889E+00 0.000000000E+00 2.141688648E+02
5.802630000E-03 -7.083163065E+00 0.000000000E+00 2.136617361E+02
5.816370000E-03 -7.039759225E+00 0.000000000E+00 2.131570034E+02
5.830110000E-03 -6.996812024E+00 0.000000000E+00 2.126546497E+02
5.848090000E-03 -6.940869868E+00 0.000000000E+00 2.120008413E+02
5.857590000E-03 -6.911585332E+00 0.000000000E+00 2.116570125E+02
5.861910000E-03 -6.898293450E+00 0.000000000E+00 2.115010295E+02
5.875730000E-03 -6.855758033E+00 0.000000000E+00 2.110035689E+02
5.889540000E-03 -6.813021005E+00 0.000000000E+00 2.105088003E+02
5.918740000E-03 -6.723824053E+00 0.000000000E+00 2.094702589E+02
6.006340000E-03 -6.464089040E+00 0.000000000E+00 2.064152212E+02
6.026580000E-03 -6.404497891E+00 0.000000000E+00 2.057219849E+02
6.041420000E-03 -6.361238851E+00 0.000000000E+00 2.052166544E+02
6.056250000E-03 -6.318338535E+00 0.000000000E+00 2.047141383E+02
6.071080000E-03 -6.275896066E+00 0.000000000E+00 2.042140772E+02
6.085920000E-03 -6.233629691E+00 0.000000000E+00 2.037161185E+02
6.100750000E-03 -6.191711542E+00 0.000000000E+00 2.032209155E+02
6.124610000E-03 -6.124926892E+00 0.000000000E+00 2.024292159E+02
6.145250000E-03 -6.067971567E+00 0.000000000E+00 2.017493186E+02
6.160090000E-03 -6.027295376E+00 0.000000000E+00 2.012632932E+02
6.174920000E-03 -5.986950727E+00 0.000000000E+00 2.007799291E+02
6.189750000E-03 -5.946911585E+00 0.000000000E+00 2.002988812E+02
6.204590000E-03 -5.907152689E+00 0.000000000E+00 1.998198108E+02
6.228100000E-03 -5.844844355E+00 0.000000000E+00 1.990655256E+02
6.249090000E-03 -5.789827182E+00 0.000000000E+00 1.983968866E+02
6.263920000E-03 -5.751271166E+00 0.000000000E+00 1.979271766E+02
6.278760000E-03 -5.712981850E+00 0.000000000E+00 1.974593710E+02
6.293590000E-03 -5.674999382E+00 0.000000000E+00 1.969940845E+02
6.308420000E-03 -5.637417110E+00 0.000000000E+00 1.965309856E+02
6.323260000E-03 -5.599975581E+00 0.000000000E+00 1.960697488E+02
6.339840000E-03 -5.558510700E+00 0.000000000E+00 1.955569857E+02
6.355450000E-03 -5.519725405E+00 0.000000000E+00 1.950766665E+02
6.371050000E-03 -5.481261362E+00 0.000000000E+00 1.945990064E+02
6.386660000E-03 -5.443189489E+00 0.000000000E+00 1.941233759E+02
6.402260000E-03 -5.405317189E+00 0.000000000E+00 1.936503672E+02
6.417870000E-03 -5.367830362E+00 0.000000000E+00 1.931793570E+02
6.438720000E-03 -5.318072831E+00 0.000000000E+00 1.925537995E+02
6.445680000E-03 -5.301618380E+00 0.000000000E+00 1.923458813E+02
6.450430000E-03 -5.290315418E+00 0.000000000E+00 1.922042406E+02
6.457550000E-03 -5.273644801E+00 0.000000000E+00 1.919923191E+02
6.464680000E-03 -5.256900923E+00 0.000000000E+00 1.917805676E+02
6.477410000E-03 -5.227198473E+00 0.000000000E+00 1.914036629E+02
6.493270000E-03 -5.190374495E+00 0.000000000E+00 1.909361539E+02
6.497920000E-03 -5.179632684E+00 0.000000000E+00 1.907995174E+02
6.511850000E-03 -5.147701439E+00 0.000000000E+00 1.903913634E+02
6.515820000E-03 -5.138558063E+00 0.000000000E+00 1.902753606E+02
6.521790000E-03 -5.125013123E+00 0.000000000E+00 1.901011839E+02
6.527760000E-03 -5.111397563E+00 0.000000000E+00 1.899273258E+02
6.533360000E-03 -5.098731586E+00 0.000000000E+00 1.897645316E+02
6.538270000E-03 -5.087603697E+00 0.000000000E+00 1.896220254E+02
6.546850000E-03 -5.068271452E+00 0.000000000E+00 1.893735155E+02
6.553290000E-03 -5.053733977E+00 0.000000000E+00 1.891874158E+02
6.558120000E-03 -5.042969515E+00 0.000000000E+00 1.890480809E+02
6.565360000E-03 -5.026716136E+00 0.000000000E+00 1.888396067E+02
6.568980000E-03 -5.018665055E+00 0.000000000E+00 1.887355419E+02
6.582000000E-03 -4.989581561E+00 0.000000000E+00 1.883621999E+02
6.591400000E-03 -4.967660687E+00 0.000000000E+00 1.880935765E+02
6.605120000E-03 -4.935918806E+00 0.000000000E+00 1.877028729E+02
6.620730000E-03 -4.900056684E+00 0.000000000E+00 1.872603172E+02
6.639130000E-03 -4.858157106E+00 0.000000000E+00 1.867413351E+02
6.650260000E-03 -4.832953819E+00 0.000000000E+00 1.864288013E+02
6.666960000E-03 -4.795446808E+00 0.000000000E+00 1.859618177E+02
6.683660000E-03 -4.758241359E+00 0.000000000E+00 1.854971677E+02
6.699520000E-03 -4.723186438E+00 0.000000000E+00 1.850580340E+02
6.715390000E-03 -4.688277285E+00 0.000000000E+00 1.846206996E+02
6.731250000E-03 -4.653753468E+00 0.000000000E+00 1.841857010E+02
6.750500000E-03 -4.612204421E+00 0.000000000E+00 1.836604696E+02
6.762980000E-03 -4.585470890E+00 0.000000000E+00 1.833215535E+02
6.773470000E-03 -4.563081350E+00 0.000000000E+00 1.830376454E+02
6.782330000E-03 -4.544281330E+00 0.000000000E+00 1.827985368E+02
6.799260000E-03 -4.508603065E+00 0.000000000E+00 1.823433727E+02
6.815830000E-03 -4.473083087E+00 0.000000000E+00 1.819000767E+02
6.838800000E-03 -4.423865112E+00 0.000000000E+00 1.812891150E+02
6.872470000E-03 -4.352708066E+00 0.000000000E+00 1.804009330E+02
6.889300000E-03 -4.317511783E+00 0.000000000E+00 1.799602282E+02
6.906130000E-03 -4.282594589E+00 0.000000000E+00 1.795216713E+02
6.924750000E-03 -4.244362127E+00 0.000000000E+00 1.790389545E+02
6.945770000E-03 -4.201604168E+00 0.000000000E+00 1.784971285E+02
6.966800000E-03 -4.159251168E+00 0.000000000E+00 1.779583166E+02
6.975390000E-03 -4.142029247E+00 0.000000000E+00 1.777391658E+02
6.992260000E-03 -4.108436709E+00 0.000000000E+00 1.773103403E+02
7.009140000E-03 -4.075093131E+00 0.000000000E+00 1.768833266E+02
7.026100000E-03 -4.041895814E+00 0.000000000E+00 1.764563556E+02
7.043400000E-03 -4.008286681E+00 0.000000000E+00 1.760229435E+02
7.058930000E-03 -3.978380865E+00 0.000000000E+00 1.756356842E+02
7.074460000E-03 -3.948595535E+00 0.000000000E+00 1.752501251E+02
7.093530000E-03 -3.912346732E+00 0.000000000E+00 1.747789887E+02
7.108130000E-03 -3.884866814E+00 0.000000000E+00 1.744199951E+02
7.124960000E-03 -3.853423703E+00 0.000000000E+00 1.740079944E+02
7.141790000E-03 -3.822130581E+00 0.000000000E+00 1.735979355E+02
7.161050000E-03 -3.786639772E+00 0.000000000E+00 1.731310353E+02
7.177920000E-03 -3.755805907E+00 0.000000000E+00 1.727241318E+02
7.190760000E-03 -3.732588840E+00 0.000000000E+00 1.724157113E+02
7.203600000E-03 -3.709416705E+00 0.000000000E+00 1.721083902E+02
7.216770000E-03 -3.685771007E+00 0.000000000E+00 1.717943069E+02
7.228220000E-03 -3.665381433E+00 0.000000000E+00 1.715221728E+02
7.245630000E-03 -3.634515549E+00 0.000000000E+00 1.711100346E+02
7.263040000E-03 -3.603980403E+00 0.000000000E+00 1.706998722E+02
7.280440000E-03 -3.572724867E+00 0.000000000E+00 1.702919054E+02
7.303030000E-03 -3.531750194E+00 0.000000000E+00 1.697651523E+02
7.332660000E-03 -3.478654804E+00 0.000000000E+00 1.690791609E+02
7.350060000E-03 -3.447854752E+00 0.000000000E+00 1.686788951E+02
7.363210000E-03 -3.424727822E+00 0.000000000E+00 1.683776505E+02
7.367730000E-03 -3.416799111E+00 0.000000000E+00 1.682743532E+02
7.384880000E-03 -3.385147576E+00 0.000000000E+00 1.678835675E+02
7.397920000E-03 -3.361147049E+00 0.000000000E+00 1.675876463E+02
7.415590000E-03 -3.328723434E+00 0.000000000E+00 1.671883154E+02
7.419690000E-03 -3.321304245E+00 0.000000000E+00 1.670959299E+02
7.433710000E-03 -3.295868844E+00 0.000000000E+00 1.667807864E+02
7.451830000E-03 -3.263197921E+00 0.000000000E+00 1.663752394E+02
7.466280000E-03 -3.237305083E+00 0.000000000E+00 1.660532420E+02
7.486790000E-03 -3.200922656E+00 0.000000000E+00 1.655983405E+02
7.507310000E-03 -3.164364471E+00 0.000000000E+00 1.651457047E+02
7.530540000E-03 -3.120547671E+00 0.000000000E+00 1.646362678E+02
7.548990000E-03 -3.086052502E+00 0.000000000E+00 1.642338909E+02
7.578660000E-03 -3.030644243E+00 0.000000000E+00 1.635909250E+02
7.622950000E-03 -2.947765410E+00 0.000000000E+00 1.626404476E+02
7.651950000E-03 -2.894389175E+00 0.000000000E+00 1.620240592E+02
7.673030000E-03 -2.856001905E+00 0.000000000E+00 1.615789330E+02
7.696910000E-03 -2.812906978E+00 0.000000000E+00 1.610776273E+02
7.718600000E-03 -2.774217968E+00 0.000000000E+00 1.606249838E+02
7.746300000E-03 -2.724099102E+00 5.010808231E-07 1.600506048E+02
7.758030000E-03 -2.701643825E+00 1.239311255E-06 1.598086112E+02
7.785080000E-03 -2.645372604E+00 8.664780368E-06 1.592533410E+02
7.799720000E-03 -2.613691209E+00 2.296021162E-05 1.589544240E+02
7.816460000E-03 -2.576924923E+00 6.550941619E-05 1.586140017E+02
7.835660000E-03 -2.533641317E+00 2.004445587E-04 1.582253441E+02
7.860120000E-03 -2.476366633E+00 7.335822487E-04 1.577329608E+02
7.885020000E-03 -2.414456900E+00 2.383598172E-03 1.572348580E+02
7.910390000E-03 -2.346572790E+00 6.858764456E-03 1.567305784E+02
7.932110000E-03 -2.283843912E+00 1.517237391E-02 1.563014129E+02
7.951530000E-03 -2.224650190E+00 2.838055029E-02 1.559196784E+02
7.972300000E-03 -2.159543742E+00 5.097658513E-02 1.555134654E+02
8.000010000E-03 -2.075436073E+00 9.789189543E-02 1.549748063E+02
8.025250000E-03 -2.009594172E+00 1.573250486E-01 1.544873991E+02
8.050810000E-03 -1.964942271E+00 2.287716921E-01 1.539969270E+02
8.073430000E-03 -1.938294547E+00 2.936477149E-01 1.535654610E+02
8.115990000E-03 -1.936986854E+00 3.961051148E-01 1.527601685E+02
8.136310000E-03 -1.948504557E+00 4.287991901E-01 1.523786581E+02
8.209790000E-03 -1.973833875E+00 4.691139750E-01 1.510148250E+02
8.318520000E-03 -1.893556112E+00 4.483090334E-01 1.490409352E+02
8.403140000E-03 -1.751097323E+00 4.618654113E-01 1.475400862E+02
8.463960000E-03 -1.637716702E+00 5.419534642E-01 1.464798983E+02
8.507420000E-03 -1.592269504E+00 6.321402278E-01 1.457316084E+02
8.548450000E-03 -1.590382904E+00 7.118443214E-01 1.450321403E+02
8.579310000E-03 -1.607722015E+00 7.543208378E-01 1.445104560E+02
8.624050000E-03 -1.639219672E+00 7.850550073E-01 1.437607621E+02
8.657530000E-03 -1.653953628E+00 7.912573620E-01 1.432048171E+02
8.674630000E-03 -1.658496139E+00 7.911835337E-01 1.429225223E+02
8.704190000E-03 -1.662099974E+00 7.885627602E-01 1.424371481E+02
8.733460000E-03 -1.661596936E+00 7.843417641E-01 1.419597731E+02
8.772530000E-03 -1.645242867E+00 7.778698107E-01 1.413275304E+02
8.797010000E-03 -1.633142801E+00 7.740306014E-01 1.409342493E+02
8.817320000E-03 -1.623194375E+00 7.708663516E-01 1.406096183E+02
8.857470000E-03 -1.603704190E+00 7.646754789E-01 1.399722494E+02
8.891690000E-03 -1.587255121E+00 7.594643180E-01 1.394335610E+02
8.947050000E-03 -1.559138705E+00 7.515514168E-01 1.385708138E+02
8.990980000E-03 -1.537145797E+00 7.453720104E-01 1.378937557E+02
9.046990000E-03 -1.509603617E+00 7.376072267E-01 1.370400542E+02
9.108730000E-03 -1.477955468E+00 7.296678753E-01 1.361111813E+02
9.748450000E-03 -1.102558609E+00 8.786354703E-01 1.271791926E+02
1.020050000E-02 -9.493113876E-01 8.662486192E-01 1.215430616E+02
1.038780000E-02 -8.784784133E-01 8.626716420E-01 1.193515470E+02
1.167970000E-02 -4.396343041E-01 8.583232619E-01 1.061499867E+02
1.288250000E-02 -1.432934679E-01 8.758902052E-01 9.623908403E+01
1.386320000E-02 2.704180885E-02 8.954031643E-01 8.943101160E+01
1.479110000E-02 1.502523511E-01 9.074975307E-01 8.382067595E+01
1.570000000E-02 2.345649399E-01 9.191489174E-01 7.896815287E+01
1.614790000E-02 2.678552814E-01 9.224854666E-01 7.677778535E+01
1.659590000E-02 2.968028080E-01 9.253371255E-01 7.470519827E+01
1.708760000E-02 3.221456687E-01 9.264933911E-01 7.255553735E+01
1.757920000E-02 3.435583947E-01 9.267408225E-01 7.052653136E+01
1.850000000E-02 3.699167899E-01 9.219555049E-01 6.701621622E+01
1.927530000E-02 3.821687284E-01 9.128971835E-01 6.432065908E+01
2.010980000E-02 3.876674315E-01 8.975613581E-01 6.165153308E+01
2.089300000E-02 3.881478830E-01 8.782372740E-01 5.934044895E+01
2.200390000E-02 3.844665997E-01 8.437442627E-01 5.634455710E+01
2.460880000E-02 3.714661385E-01 7.367658538E-01 5.038035174E+01
2.683300000E-02 3.733607864E-01 6.293437708E-01 4.620430067E+01
2.870020000E-02 3.875978333E-01 5.402327746E-01 4.319830524E+01
2.955370000E-02 3.978908529E-01 5.014415197E-01 4.195075405E+01
3.000000000E-02 4.041438467E-01 4.816781800E-01 4.132666667E+01
3.300000000E-02 4.551804031E-01 3.656246535E-01 3.756969697E+01
3.437840000E-02 4.826858149E-01 3.212639899E-01 3.606334210E+01
3.570000000E-02 5.097935225E-01 2.838594364E-01 3.472829132E+01
3.626360000E-02 5.213840556E-01 2.693064743E-01 3.418855271E+01
3.693120000E-02 5.349543374E-01 2.531057054E-01 3.357053115E+01
3.758370000E-02 5.479154879E-01 2.382520217E-01 3.298770478E+01
3.812850000E-02 5.588680006E-01 2.266079773E-01 3.251635915E+01
3.830040000E-02 5.623305456E-01 2.230658107E-01 3.237041911E+01
3.863280000E-02 5.688979083E-01 2.163679561E-01 3.209190118E+01
3.882870000E-02 5.727245419E-01 2.125122739E-01 3.192998993E+01
3.893410000E-02 5.748247618E-01 2.104807697E-01 3.184355103E+01
3.912570000E-02 5.785964396E-01 2.068344971E-01 3.168761198E+01
3.924190000E-02 5.808603603E-01 2.046536280E-01 3.159378114E+01
3.931740000E-02 5.823443543E-01 2.032568799E-01 3.153311257E+01
3.941320000E-02 5.842185220E-01 2.014980656E-01 3.145646636E+01
3.960490000E-02 5.879293309E-01 1.980226337E-01 3.130420731E+01
3.970070000E-02 5.897730400E-01 1.963168337E-01 3.122866851E+01
3.979660000E-02 5.916235834E-01 1.946389477E-01 3.115341512E+01
3.989240000E-02 5.934590571E-01 1.929758749E-01 3.107860144E+01
3.992310000E-02 5.940458698E-01 1.924456589E-01 3.105470267E+01
3.995390000E-02 5.946304560E-01 1.919158832E-01 3.103076295E+01
3.998820000E-02 5.952816506E-01 1.913264858E-01 3.100414622E+01
4.008410000E-02 5.971342925E-01 1.896896949E-01 3.092996974E+01
4.015060000E-02 5.984183160E-01 1.885622999E-01 3.087874154E+01
4.024890000E-02 6.003052323E-01 1.869070887E-01 3.080332630E+01
4.034730000E-02 6.021833976E-01 1.852648317E-01 3.072820238E+01
4.044560000E-02 6.040575301E-01 1.836432432E-01 3.065351979E+01
4.050440000E-02 6.051805853E-01 1.826829258E-01 3.060902025E+01
4.056320000E-02 6.062987971E-01 1.817276855E-01 3.056464973E+01
4.060760000E-02 6.071393893E-01 1.810096483E-01 3.053123061E+01
4.067410000E-02 6.083974805E-01 1.799391049E-01 3.048131366E+01
4.070740000E-02 6.090266039E-01 1.794086193E-01 3.045637894E+01
4.074060000E-02 6.096607412E-01 1.788824796E-01 3.043155967E+01
4.083700000E-02 6.114874011E-01 1.773653873E-01 3.035972280E+01
4.087240000E-02 6.121544934E-01 1.768110813E-01 3.033342794E+01
4.091290000E-02 6.129163816E-01 1.761784032E-01 3.030340064E+01
4.092360000E-02 6.131159753E-01 1.760121997E-01 3.029547743E+01
4.092530000E-02 6.131481163E-01 1.759855565E-01 3.029421898E+01
4.093510000E-02 6.133333215E-01 1.758336844E-01 3.028696644E+01
4.094040000E-02 6.134334279E-01 1.757510088E-01 3.028304560E+01
4.103560000E-02 6.152110648E-01 1.742769558E-01 3.021279085E+01
4.106020000E-02 6.156664421E-01 1.738979516E-01 3.019468975E+01
4.113400000E-02 6.170359969E-01 1.727664564E-01 3.014051636E+01
4.118320000E-02 6.179421936E-01 1.720157328E-01 3.010450863E+01
4.123230000E-02 6.188460633E-01 1.712689291E-01 3.006865976E+01
4.128150000E-02 6.197458110E-01 1.705246382E-01 3.003282342E+01
4.133070000E-02 6.206450983E-01 1.697831296E-01 2.999707239E+01
4.137980000E-02 6.215366225E-01 1.690457539E-01 2.996147879E+01
4.142900000E-02 6.224295393E-01 1.683103095E-01 2.992589732E+01
4.152730000E-02 6.242475117E-01 1.668495154E-01 2.985505920E+01
4.162570000E-02 6.260678508E-01 1.654038853E-01 2.978448410E+01
4.172400000E-02 6.278895709E-01 1.639775302E-01 2.971431311E+01
4.182240000E-02 6.297000865E-01 1.625619645E-01 2.964440109E+01
4.192070000E-02 6.315385948E-01 1.611642311E-01 2.957488782E+01
4.196580000E-02 6.323992526E-01 1.605319493E-01 2.954310415E+01
4.204480000E-02 6.339011972E-01 1.594305168E-01 2.948759419E+01
4.216330000E-02 6.361378772E-01 1.577918424E-01 2.940471927E+01
4.238590000E-02 6.402858609E-01 1.547562553E-01 2.925029314E+01
4.270720000E-02 6.461580397E-01 1.504703072E-01 2.903023378E+01
4.330160000E-02 6.570617720E-01 1.429461145E-01 2.863173647E+01
4.351470000E-02 6.610132878E-01 1.403566358E-01 2.849152126E+01
4.362130000E-02 6.629682664E-01 1.390779711E-01 2.842189481E+01
4.372790000E-02 6.649229258E-01 1.378100914E-01 2.835260783E+01
4.384290000E-02 6.670170165E-01 1.364545277E-01 2.827823889E+01
4.392890000E-02 6.685694170E-01 1.354483729E-01 2.822287833E+01
4.401200000E-02 6.700711813E-01 1.344926144E-01 2.816959011E+01
4.410300000E-02 6.717057141E-01 1.334531281E-01 2.811146634E+01
4.420790000E-02 6.735781131E-01 1.322640048E-01 2.804476123E+01
4.426080000E-02 6.745156617E-01 1.316683969E-01 2.801124245E+01
4.436740000E-02 6.764512794E-01 1.304784320E-01 2.794394082E+01
4.447400000E-02 6.784194452E-01 1.293066347E-01 2.787696182E+01
4.458060000E-02 6.803701525E-01 1.281445398E-01 2.781030314E+01
4.465830000E-02 6.817842713E-01 1.273031949E-01 2.776191660E+01
4.482450000E-02 6.847804900E-01 1.255213042E-01 2.765898114E+01
4.491290000E-02 6.863590214E-01 1.245824778E-01 2.760454123E+01
4.500690000E-02 6.880283631E-01 1.235915465E-01 2.754688726E+01
4.513400000E-02 6.903299851E-01 1.222629872E-01 2.746931360E+01
4.524460000E-02 6.923933310E-01 1.211257297E-01 2.740216512E+01
4.536450000E-02 6.946178573E-01 1.199136368E-01 2.732974022E+01
4.543320000E-02 6.958968239E-01 1.192287145E-01 2.728841464E+01
4.554520000E-02 6.979661959E-01 1.181198384E-01 2.722130982E+01
4.562470000E-02 6.994272238E-01 1.173383215E-01 2.717387731E+01
4.575420000E-02 7.017882898E-01 1.160758676E-01 2.709696596E+01
4.579730000E-02 7.025680940E-01 1.156581410E-01 2.707146491E+01
4.590790000E-02 7.045593462E-01 1.145932238E-01 2.700624511E+01
4.601840000E-02 7.065358501E-01 1.135376892E-01 2.694139735E+01
4.612890000E-02 7.084946282E-01 1.124909414E-01 2.687686028E+01
4.625150000E-02 7.106530168E-01 1.113416156E-01 2.680561712E+01
4.637480000E-02 7.130190679E-01 1.102178162E-01 2.673434710E+01
4.657110000E-02 7.167501221E-01 1.084562481E-01 2.662166021E+01
4.668690000E-02 7.189268169E-01 1.074293425E-01 2.655562910E+01
4.683770000E-02 7.217326563E-01 1.061045916E-01 2.647012983E+01
4.713820000E-02 7.276186806E-01 1.035094950E-01 2.630138614E+01
4.736850000E-02 7.323120697E-01 1.015591076E-01 2.617351193E+01
4.769660000E-02 7.393739815E-01 9.887500736E-02 2.599346704E+01
4.835040000E-02 7.563488877E-01 9.405482112E-02 2.564198021E+01
4.888830000E-02 7.766105865E-01 9.561812104E-02 2.535985093E+01
4.923980000E-02 7.889035171E-01 1.060103626E-01 2.517881876E+01
4.947370000E-02 7.918302457E-01 1.159029004E-01 2.505977924E+01
4.956070000E-02 7.917407858E-01 1.194625924E-01 2.501578872E+01
4.970370000E-02 7.901873870E-01 1.244901942E-01 2.494381706E+01
4.982300000E-02 7.880315946E-01 1.276471213E-01 2.488408968E+01
4.994680000E-02 7.854193367E-01 1.298467327E-01 2.482241105E+01
5.006680000E-02 7.829089762E-01 1.309937294E-01 2.476291674E+01
5.017640000E-02 7.807896491E-01 1.314166732E-01 2.470882726E+01
5.025810000E-02 7.793774588E-01 1.314012722E-01 2.466866038E+01
5.029800000E-02 7.787816217E-01 1.312994833E-01 2.464909142E+01
5.054840000E-02 7.758773466E-01 1.300377930E-01 2.452698800E+01
5.066940000E-02 7.749477124E-01 1.292020872E-01 2.446841684E+01
5.079320000E-02 7.742975699E-01 1.282460060E-01 2.440877913E+01
5.093360000E-02 7.737551864E-01 1.271342261E-01 2.434149559E+01
5.099500000E-02 7.736406947E-01 1.266510930E-01 2.431218747E+01
5.107900000E-02 7.734890919E-01 1.259931483E-01 2.427220580E+01
5.116660000E-02 7.734735388E-01 1.252761330E-01 2.423065046E+01
5.125690000E-02 7.735064486E-01 1.245300186E-01 2.418796299E+01
5.131280000E-02 7.735337594E-01 1.240715908E-01 2.416161270E+01
5.140600000E-02 7.735905380E-01 1.233198391E-01 2.411780726E+01
5.142450000E-02 7.736029149E-01 1.231716361E-01 2.410913086E+01
5.144270000E-02 7.736162305E-01 1.230257570E-01 2.410060125E+01
5.144940000E-02 7.736203547E-01 1.229723143E-01 2.409746275E+01
5.145600000E-02 7.736253730E-01 1.229195498E-01 2.409437189E+01
5.153090000E-02 7.737363614E-01 1.223221542E-01 2.405935080E+01
5.157580000E-02 7.738520372E-01 1.219649348E-01 2.403840561E+01
5.169250000E-02 7.741658314E-01 1.210442687E-01 2.398413696E+01
5.174230000E-02 7.743065279E-01 1.206550320E-01 2.396105314E+01
5.181800000E-02 7.745277880E-01 1.200682294E-01 2.392604886E+01
5.190060000E-02 7.747842722E-01 1.194365755E-01 2.388797047E+01
5.203260000E-02 7.753893965E-01 1.184052303E-01 2.382736976E+01
5.210260000E-02 7.757251843E-01 1.178756613E-01 2.379535762E+01
5.216450000E-02 7.760334452E-01 1.174207421E-01 2.376712132E+01
5.228540000E-02 7.766638069E-01 1.165767349E-01 2.371216439E+01
5.240510000E-02 7.773299850E-01 1.158124128E-01 2.365800275E+01
5.252640000E-02 7.781145521E-01 1.151235360E-01 2.360336897E+01
5.276530000E-02 7.795659394E-01 1.140561865E-01 2.349650244E+01
5.277400000E-02 7.796133950E-01 1.140243003E-01 2.349262895E+01
5.287710000E-02 7.801437576E-01 1.136594595E-01 2.344682292E+01
5.306020000E-02 7.810365138E-01 1.130220655E-01 2.336591268E+01
5.344250000E-02 7.822727573E-01 1.114875680E-01 2.319876503E+01
5.403430000E-02 7.843137374E-01 1.079401515E-01 2.294468514E+01
5.496470000E-02 7.897034066E-01 1.018100095E-01 2.255629522E+01
5.650000000E-02 7.984601920E-01 9.475222290E-02 2.194336283E+01
5.774730000E-02 8.057357417E-01 8.762011648E-02 2.146940203E+01
5.859000000E-02 8.117597789E-01 8.301318599E-02 2.116060761E+01
6.015670000E-02 8.273795933E-01 7.614883915E-02 2.060950817E+01
6.160530000E-02 8.360918519E-01 8.546752826E-02 2.012489185E+01
7.512770000E-02 8.765596291E-01 4.230128292E-02 1.650256829E+01
8.165210000E-02 8.990611329E-01 3.133838254E-02 1.518393281E+01
8.623760000E-02 9.126794765E-01 2.659266787E-02 1.437655964E+01
8.815270000E-02 9.178150993E-01 2.515490252E-02 1.406423173E+01
8.973890000E-02 9.219139990E-01 2.415053075E-02 1.381563625E+01
9.755720000E-02 9.384488114E-01 2.147480459E-02 1.270844182E+01
1.057330000E-01 9.515708997E-01 2.033663707E-02 1.172576206E+01
1.157820000E-01 9.631664860E-01 2.052541614E-02 1.070805479E+01
1.319780000E-01 9.746822927E-01 2.198443092E-02 9.393989907E+00
1.475000000E-01 9.803636288E-01 2.307907946E-02 8.405423729E+00
1.665480000E-01 9.837503387E-01 2.320160013E-02 7.444100199E+00
1.867820000E-01 9.853798750E-01 2.234951778E-02 6.637684573E+00
2.190000000E-01 9.864608902E-01 1.979721153E-02 5.661187215E+00
2.528660000E-01 9.874837131E-01 1.655132807E-02 4.902992099E+00
2.589960000E-01 9.878010761E-01 1.598791374E-02 4.786946517E+00
2.635330000E-01 9.881821008E-01 1.577418820E-02 4.704534157E+00
2.716240000E-01 9.881041029E-01 1.543253573E-02 4.564397844E+00
2.769160000E-01 9.882742315E-01 1.503773025E-02 4.477169972E+00
2.993990000E-01 9.883664036E-01 1.328760684E-02 4.140962395E+00
3.543760000E-01 9.899318416E-01 9.558604259E-03 3.498543919E+00
4.250070000E-01 9.919225423E-01 6.561565446E-03 2.917128424E+00
4.351130000E-01 9.922567253E-01 6.239185025E-03 2.849374760E+00
4.430000000E-01 9.925539649E-01 6.181167001E-03 2.798645598E+00
4.706300000E-01 9.928223241E-01 5.547766663E-03 2.634341202E+00
5.692300000E-01 9.943461040E-01 3.587274926E-03 2.178029970E+00
6.097340000E-01 9.949151206E-01 3.026107296E-03 2.033345688E+00
6.559560000E-01 9.953968171E-01 2.560396075E-03 1.890065797E+00
7.966810000E-01 9.966162598E-01 1.520617934E-03 1.556206311E+00
9.944080000E-01 9.977164178E-01 8.121832986E-04 1.246771949E+00
1.237370000E+00 9.985081541E-01 4.261228535E-04 1.001963843E+00
1.470660000E+00 9.989727663E-01 2.520171521E-04 8.430228605E-01
1.648970000E+00 9.992297775E-01 1.767821413E-04 7.518632844E-01
1.758040000E+00 9.993752961E-01 1.446501264E-04 7.052171737E-01
1.822070000E+00 9.994741915E-01 1.292631120E-04 6.804348900E-01
1.852770000E+00 9.995439261E-01 1.239247988E-04 6.691602304E-01
1.863370000E+00 9.995801438E-01 1.277751640E-04 6.653536335E-01
1.870770000E+00 9.996099668E-01 1.381081365E-04 6.627217670E-01
1.877600000E+00 9.996375409E-01 1.567481900E-04 6.603110354E-01
1.886340000E+00 9.996647693E-01 1.940323344E-04 6.572516089E-01
1.897980000E+00 9.996732292E-01 2.540844661E-04 6.532207926E-01
1.909030000E+00 9.996535299E-01 2.973500488E-04 6.494397678E-01
1.920890000E+00 9.996259130E-01 3.171497173E-04 6.454299830E-01
1.937230000E+00 9.996077611E-01 3.212728839E-04 6.399859593E-01
1.958520000E+00 9.996049685E-01 3.378857705E-04 6.330290219E-01
1.984000000E+00 9.995793793E-01 3.629492203E-04 6.248991935E-01
2.022310000E+00 9.995464053E-01 3.560932241E-04 6.130613012E-01
2.102200000E+00 9.995274274E-01 3.297149490E-04 5.897631053E-01
2.200600000E+00 9.995307288E-01 2.943923704E-04 5.633918022E-01
2.294490000E+00 9.995482193E-01 2.614301718E-04 5.403379400E-01
2.326410000E+00 9.995616330E-01 2.514331947E-04 5.329241191E-01
2.358170000E+00 9.995768228E-01 2.551970810E-04 5.257466595E-01
2.386190000E+00 9.995740803E-01 2.612652177E-04 5.195730432E-01
2.429210000E+00 9.995688123E-01 2.496639029E-04 5.103716846E-01
2.505100000E+00 9.995765643E-01 2.250603104E-04 4.949103828E-01
2.608350000E+00 9.995971222E-01 1.962640081E-04 4.753196465E-01
2.663370000E+00 9.996126583E-01 1.857273816E-04 4.655004750E-01
2.701640000E+00 9.996188855E-01 1.832342883E-04 4.589064420E-01
2.765830000E+00 9.996266636E-01 1.707619762E-04 4.482560389E-01
2.861630000E+00 9.996447123E-01 1.524758494E-04 4.332495815E-01
2.920950000E+00 9.996568842E-01 1.461255754E-04 4.244509492E-01
3.009280000E+00 9.996681696E-01 1.342291858E-04 4.119922373E-01
3.167830000E+00 9.996925165E-01 1.129822043E-04 3.913720118E-01
3.378700000E+00 9.997234144E-01 9.085515932E-05 3.669458668E-01
3.656100000E+00 9.997590830E-01 6.949708304E-05 3.391045103E-01
3.978300000E+00 9.997935989E-01 5.206117569E-05 3.116406505E-01
4.293900000E+00 9.998212765E-01 3.997546253E-05 2.887351825E-01
4.745580000E+00 9.998527344E-01 2.823946246E-05 2.612536297E-01
5.287310000E+00 9.998810107E-01 1.935725757E-05 2.344859673E-01
6.121740000E+00 9.999113561E-01 1.155172995E-05 2.025241190E-01
7.069830000E+00 9.999339371E-01 6.931443605E-06 1.753648956E-01
8.090390000E+00 9.999500776E-01 4.284150727E-06 1.532435396E-01
8.983330000E+00 9.999600752E-01 2.941806401E-06 1.380111829E-01
9.605060000E+00 9.999656221E-01 2.312159715E-06 1.290777986E-01
9.996070000E+00 9.999687886E-01 2.001967458E-06 1.240287433E-01
1.022330000E+01 9.999706760E-01 1.846397203E-06 1.212719963E-01
1.032230000E+01 9.999716277E-01 1.801565841E-06 1.201088905E-01
1.037780000E+01 9.999722592E-01 1.841847255E-06 1.194665536E-01
1.041970000E+01 9.999727802E-01 1.965958722E-06 1.189861512E-01
1.046670000E+01 9.999733497E-01 2.257329521E-06 1.184518521E-01
1.052960000E+01 9.999738779E-01 2.877068225E-06 1.177442638E-01
1.058530000E+01 9.999740505E-01 3.449874320E-06 1.171246918E-01
1.064730000E+01 9.999739678E-01 3.864944654E-06 1.164426662E-01
1.073200000E+01 9.999738343E-01 4.002984578E-06 1.155236675E-01
1.084380000E+01 9.999739378E-01 3.891745125E-06 1.143326140E-01
1.103700000E+01 9.999744791E-01 3.652096161E-06 1.123312494E-01
1.130210000E+01 9.999754467E-01 3.347168958E-06 1.096964281E-01
1.160270000E+01 9.999766761E-01 3.040085030E-06 1.068544391E-01
1.177910000E+01 9.999775198E-01 2.892492556E-06 1.052542215E-01
1.187980000E+01 9.999780957E-01 2.921007354E-06 1.043620263E-01
1.197170000E+01 9.999785615E-01 3.134123652E-06 1.035608978E-01
1.206260000E+01 9.999787990E-01 3.389281977E-06 1.027804951E-01
1.218540000E+01 9.999789373E-01 3.484151032E-06 1.017447109E-01
1.231170000E+01 9.999792148E-01 3.400306692E-06 1.007009593E-01
1.247490000E+01 9.999797071E-01 3.414726729E-06 9.938356219E-02
1.259810000E+01 9.999799433E-01 3.504886747E-06 9.841166525E-02
1.280200000E+01 9.999802368E-01 3.403957419E-06 9.684424309E-02
1.307270000E+01 9.999807912E-01 3.164195218E-06 9.483886267E-02
1.350000000E+01 9.999817424E-01 2.823550967E-06 9.183703704E-02
1.400390000E+01 9.999828462E-01 2.479061500E-06 8.853248024E-02
1.450290000E+01 9.999838801E-01 2.187226540E-06 8.548635101E-02
1.516250000E+01 9.999851382E-01 1.865107123E-06 8.176751855E-02
1.591750000E+01 9.999864294E-01 1.567095408E-06 7.788911575E-02
1.672770000E+01 9.999876525E-01 1.309875971E-06 7.411658507E-02
1.747830000E+01 9.999886545E-01 1.117503090E-06 7.093367204E-02
1.834590000E+01 9.999896747E-01 9.373766895E-07 6.757913212E-02
1.926870000E+01 9.999906218E-01 7.846105475E-07 6.434269048E-02
2.039770000E+01 9.999916176E-01 6.380266235E-07 6.078136260E-02
2.147500000E+01 9.999924305E-01 5.284423357E-07 5.773224680E-02
2.275370000E+01 9.999932536E-01 4.276811999E-07 5.448784154E-02
2.409540000E+01 9.999939830E-01 3.465267191E-07 5.145380446E-02
2.592690000E+01 9.999948043E-01 2.648068587E-07 4.781906051E-02
2.841990000E+01 9.999956795E-01 1.885972776E-07 4.362436180E-02
3.243820000E+01 9.999966897E-01 1.155430870E-07 3.822036981E-02
3.691620000E+01 9.999974497E-01 7.138983538E-08 3.358417172E-02
4.208250000E+01 9.999980428E-01 4.375022516E-08 2.946117745E-02
4.787490000E+01 9.999984924E-01 2.698114912E-08 2.589665984E-02
5.432500000E+01 9.999988334E-01 1.676541834E-08 2.282190520E-02
6.053650000E+01 9.999990647E-01 1.114949447E-08 2.048020616E-02
6.475340000E+01 9.999991863E-01 8.643085696E-09 1.914648497E-02
6.747100000E+01 9.999992541E-01 7.400250949E-09 1.837530198E-02
6.918490000E+01 9.999992943E-01 6.732615549E-09 1.792009528E-02
7.016900000E+01 9.999993177E-01 6.437218683E-09 1.766877111E-02
7.056340000E+01 9.999993277E-01 6.616946270E-09 1.757001505E-02
7.081830000E+01 9.999993346E-01 7.162347569E-09 1.750677438E-02
7.102350000E+01 9.999993403E-01 8.069678227E-09 1.745619408E-02
7.120900000E+01 9.999993454E-01 9.375625926E-09 1.741072055E-02
7.139970000E+01 9.999993504E-01 1.125213978E-08 1.736421862E-02
7.171430000E+01 9.999993576E-01 1.533994441E-08 1.728804436E-02
7.211780000E+01 9.999993641E-01 2.100505940E-08 1.719131754E-02
7.244360000E+01 9.999993674E-01 2.446577908E-08 1.711400317E-02
7.279990000E+01 9.999993703E-01 2.650407458E-08 1.703024317E-02
7.336160000E+01 9.999993755E-01 2.703542749E-08 1.689984951E-02
7.403770000E+01 9.999993836E-01 2.635395045E-08 1.674552289E-02
7.512420000E+01 9.999993981E-01 2.504769757E-08 1.650333714E-02
7.680390000E+01 9.999994211E-01 2.312050370E-08 1.614240943E-02
7.923920000E+01 9.999994535E-01 2.069741813E-08 1.564629628E-02
8.226520000E+01 9.999994909E-01 1.808294412E-08 1.507077112E-02
8.626490000E+01 9.999995354E-01 1.521479470E-08 1.437200994E-02
9.021760000E+01 9.999995742E-01 1.293187260E-08 1.374232966E-02
9.565010000E+01 9.999996204E-01 1.046718153E-08 1.296182649E-02
1.019660000E+02 9.999996654E-01 8.297137862E-09 1.215895495E-02
1.096130000E+02 9.999997101E-01 6.361333665E-09 1.131070220E-02
1.187220000E+02 9.999997527E-01 4.745199031E-09 1.044288337E-02
1.305980000E+02 9.999997955E-01 3.342078642E-09 9.493254108E-03
1.468500000E+02 9.999998382E-01 2.164852227E-09 8.442628533E-03
1.673480000E+02 9.999998754E-01 1.334742381E-09 7.408513995E-03
1.903620000E+02 9.999999038E-01 8.289659534E-10 6.512854456E-03
2.161070000E+02 9.999999254E-01 5.188741559E-10 5.736972888E-03
2.446800000E+02 9.999999418E-01 3.285077559E-10 5.067026320E-03
2.795490000E+02 9.999999554E-01 2.018126258E-10 4.435000662E-03
3.198900000E+02 9.999999660E-01 1.238796651E-10 3.875707274E-03
3.670290000E+02 9.999999742E-01 7.582147190E-11 3.377934714E-03
4.218780000E+02 9.999999805E-01 4.643639519E-11 2.938764287E-03
4.868230000E+02 9.999999853E-01 2.834106745E-11 2.546716158E-03
5.617430000E+02 9.999999890E-01 1.747109922E-11 2.207059100E-03
6.456540000E+02 9.999999917E-01 1.103040772E-11 1.920223525E-03
7.504340000E+02 9.999999938E-01 6.788215567E-12 1.652110645E-03
8.826210000E+02 9.999999955E-01 4.080102068E-12 1.404679925E-03
1.070170000E+03 9.999999970E-01 2.263739568E-12 1.158507527E-03
1.284520000E+03 9.999999979E-01 1.280862291E-12 9.651854389E-04
1.477240000E+03 9.999999984E-01 8.280587339E-13 8.392678238E-04
1.709690000E+03 9.999999988E-01 5.250652776E-13 7.251607016E-04
2.039160000E+03 9.999999992E-01 3.028950401E-13 6.079954491E-04
2.341270000E+03 9.999999994E-01 1.968359193E-13 5.295416590E-04
2.753480000E+03 9.999999995E-01 1.187544403E-13 4.502665718E-04
3.231850000E+03 9.999999997E-01 7.200083623E-14 3.836192893E-04
3.710660000E+03 9.999999997E-01 4.678958587E-14 3.341184587E-04
4.434510000E+03 9.999999998E-01 2.684237345E-14 2.795799310E-04
5.122130000E+03 9.999999999E-01 1.711520682E-14 2.420477419E-04
5.902330000E+03 9.999999999E-01 1.099932301E-14 2.100526402E-04
7.070510000E+03 9.999999999E-01 6.260550372E-15 1.753480301E-04
8.118030000E+03 9.999999999E-01 4.068422944E-15 1.527217810E-04
9.320750000E+03 1.000000000E+00 2.643862031E-15 1.330150471E-04
1.000000000E+04 0.000000000E+00 0.000000000E+00 1.239800000E-04
