# 11/08/2021 
# Data retrieved from www.chemicool.com/densities.html 
# Includes the real (n) and complex (k) part of the  refractive index. 
# Element, Sc  (Z = 21) 
# Nominal density, g cm-3 =  3.0 
#    E [keV]      n       k    Wavelength [nm] 
1.000000000E-03 -5.796327136E+02 4.453135906E-04 1.239800000E+03
1.125000000E-03 -1.505776271E+02 0.000000000E+00 1.102044444E+03
1.265630000E-03 -1.187398802E+02 0.000000000E+00 9.795911917E+02
1.423830000E-03 -9.358792272E+01 0.000000000E+00 8.707500193E+02
1.567190000E-03 -7.705861048E+01 0.000000000E+00 7.910974419E+02
1.692640000E-03 -6.590419239E+01 0.000000000E+00 7.324652614E+02
1.802400000E-03 -5.799444598E+01 0.000000000E+00 6.878606303E+02
1.898450000E-03 -5.216902001E+01 0.000000000E+00 6.530590745E+02
2.000000000E-03 -4.689916290E+01 0.000000000E+00 6.199000000E+02
2.056020000E-03 -4.431665923E+01 0.000000000E+00 6.030096983E+02
2.120360000E-03 -4.159897339E+01 0.000000000E+00 5.847120300E+02
2.176660000E-03 -3.941678437E+01 0.000000000E+00 5.695882683E+02
2.225920000E-03 -3.764156695E+01 0.000000000E+00 5.569831800E+02
2.269030000E-03 -3.618180876E+01 0.000000000E+00 5.464008850E+02
2.306740000E-03 -3.497138240E+01 0.000000000E+00 5.374684620E+02
2.339740000E-03 -3.396030559E+01 0.000000000E+00 5.298879363E+02
2.397500000E-03 -3.228982090E+01 0.000000000E+00 5.171220021E+02
2.440810000E-03 -3.111425585E+01 0.000000000E+00 5.079461326E+02
2.473300000E-03 -3.027290281E+01 0.000000000E+00 5.012736021E+02
2.497660000E-03 -2.966319586E+01 0.000000000E+00 4.963846160E+02
2.515930000E-03 -2.921772663E+01 0.000000000E+00 4.927800058E+02
2.529640000E-03 -2.888977084E+01 0.000000000E+00 4.901092646E+02
2.550200000E-03 -2.840806034E+01 0.000000000E+00 4.861579484E+02
2.560480000E-03 -2.817112752E+01 0.000000000E+00 4.842060864E+02
2.570750000E-03 -2.793768073E+01 0.000000000E+00 4.822717106E+02
2.577080000E-03 -2.779528078E+01 0.000000000E+00 4.810871219E+02
2.583410000E-03 -2.765351222E+01 0.000000000E+00 4.799083382E+02
2.586560000E-03 -2.758335022E+01 0.000000000E+00 4.793238896E+02
2.589720000E-03 -2.751363745E+01 0.000000000E+00 4.787390143E+02
2.596090000E-03 -2.737305979E+01 0.000000000E+00 4.775643371E+02
2.602470000E-03 -2.723370719E+01 0.000000000E+00 4.763935799E+02
2.608840000E-03 -2.709518508E+01 0.000000000E+00 4.752303706E+02
2.615210000E-03 -2.695808098E+01 0.000000000E+00 4.740728278E+02
2.621590000E-03 -2.682176380E+01 0.000000000E+00 4.729191063E+02
2.624780000E-03 -2.675377700E+01 0.000000000E+00 4.723443489E+02
2.627960000E-03 -2.668624881E+01 0.000000000E+00 4.717727819E+02
2.631150000E-03 -2.661875586E+01 0.000000000E+00 4.712008057E+02
2.634340000E-03 -2.655190764E+01 0.000000000E+00 4.706302148E+02
2.637520000E-03 -2.648511200E+01 0.000000000E+00 4.700627863E+02
2.640710000E-03 -2.641835034E+01 0.000000000E+00 4.694949464E+02
2.643900000E-03 -2.635222699E+01 0.000000000E+00 4.689284769E+02
2.645490000E-03 -2.631896241E+01 0.000000000E+00 4.686466401E+02
2.648680000E-03 -2.625280269E+01 0.000000000E+00 4.680822145E+02
2.651070000E-03 -2.620368680E+01 0.000000000E+00 4.676602278E+02
2.652260000E-03 -2.617928110E+01 0.000000000E+00 4.674504008E+02
2.652860000E-03 -2.616698817E+01 0.000000000E+00 4.673446771E+02
2.653310000E-03 -2.615738044E+01 0.000000000E+00 4.672654157E+02
2.653560000E-03 -2.615226351E+01 0.000000000E+00 4.672213931E+02
2.653760000E-03 -2.614817102E+01 0.000000000E+00 4.671861811E+02
2.659830000E-03 -2.602401111E+01 0.000000000E+00 4.661200152E+02
2.661430000E-03 -2.599152826E+01 0.000000000E+00 4.658397929E+02
2.666210000E-03 -2.589444410E+01 0.000000000E+00 4.650046320E+02
2.669400000E-03 -2.582981467E+01 0.000000000E+00 4.644489398E+02
2.672580000E-03 -2.576561728E+01 0.000000000E+00 4.638963099E+02
2.675600000E-03 -2.570484271E+01 0.000000000E+00 4.633727015E+02
2.680130000E-03 -2.561425941E+01 0.000000000E+00 4.625895013E+02
2.684650000E-03 -2.552433250E+01 0.000000000E+00 4.618106643E+02
2.691710000E-03 -2.538499297E+01 0.000000000E+00 4.605993959E+02
2.698080000E-03 -2.525979227E+01 0.000000000E+00 4.595119492E+02
2.704450000E-03 -2.513585576E+01 0.000000000E+00 4.584296252E+02
2.710830000E-03 -2.501222392E+01 0.000000000E+00 4.573507007E+02
2.714020000E-03 -2.495111145E+01 0.000000000E+00 4.568131407E+02
2.717200000E-03 -2.489002945E+01 0.000000000E+00 4.562785220E+02
2.720930000E-03 -2.481872097E+01 0.000000000E+00 4.556530304E+02
2.728350000E-03 -2.467810699E+01 0.000000000E+00 4.544138399E+02
2.735710000E-03 -2.453938668E+01 0.000000000E+00 4.531913105E+02
2.743010000E-03 -2.440289474E+01 0.000000000E+00 4.519852279E+02
2.757500000E-03 -2.413553098E+01 0.000000000E+00 4.496101541E+02
2.771770000E-03 -2.387630320E+01 0.000000000E+00 4.472954105E+02
2.785810000E-03 -2.362511966E+01 0.000000000E+00 4.450411191E+02
2.799630000E-03 -2.338118871E+01 0.000000000E+00 4.428442330E+02
2.813240000E-03 -2.314480475E+01 0.000000000E+00 4.407018242E+02
2.840030000E-03 -2.268937661E+01 0.000000000E+00 4.365446844E+02
2.865980000E-03 -2.226064177E+01 0.000000000E+00 4.325919930E+02
2.891120000E-03 -2.185588191E+01 0.000000000E+00 4.288303495E+02
2.915480000E-03 -2.147358202E+01 0.000000000E+00 4.252473006E+02
2.939070000E-03 -2.111266472E+01 0.000000000E+00 4.218341176E+02
2.961930000E-03 -2.077107457E+01 0.000000000E+00 4.185784269E+02
2.984070000E-03 -2.044766102E+01 0.000000000E+00 4.154728274E+02
3.005520000E-03 -2.014108181E+01 0.000000000E+00 4.125076526E+02
3.026310000E-03 -1.985040163E+01 0.000000000E+00 4.096738272E+02
3.187360000E-03 -1.778649839E+01 0.000000000E+00 3.889739471E+02
3.247750000E-03 -1.709093182E+01 0.000000000E+00 3.817412054E+02
3.300590000E-03 -1.651327210E+01 0.000000000E+00 3.756298116E+02
3.346830000E-03 -1.602996582E+01 0.000000000E+00 3.704400881E+02
3.387290000E-03 -1.562338855E+01 0.000000000E+00 3.660153102E+02
3.422690000E-03 -1.527941215E+01 0.000000000E+00 3.622297082E+02
3.453670000E-03 -1.498703817E+01 0.000000000E+00 3.589804469E+02
3.480770000E-03 -1.473769690E+01 0.000000000E+00 3.561855566E+02
3.504490000E-03 -1.452425012E+01 0.000000000E+00 3.537747290E+02
3.525240000E-03 -1.434091806E+01 0.000000000E+00 3.516923670E+02
3.561560000E-03 -1.402787973E+01 0.000000000E+00 3.481058862E+02
3.588790000E-03 -1.379940579E+01 0.000000000E+00 3.454646274E+02
3.609220000E-03 -1.363127251E+01 0.000000000E+00 3.435091239E+02
3.624540000E-03 -1.350721603E+01 0.000000000E+00 3.420571990E+02
3.636030000E-03 -1.341504551E+01 0.000000000E+00 3.409762846E+02
3.644650000E-03 -1.334652270E+01 0.000000000E+00 3.401698380E+02
3.657580000E-03 -1.324464727E+01 0.000000000E+00 3.389672953E+02
3.664040000E-03 -1.319425627E+01 0.000000000E+00 3.383696685E+02
3.667270000E-03 -1.316905771E+01 0.000000000E+00 3.380716446E+02
3.670510000E-03 -1.314405438E+01 0.000000000E+00 3.377732250E+02
3.679540000E-03 -1.307430817E+01 0.000000000E+00 3.369442919E+02
3.688570000E-03 -1.300507458E+01 0.000000000E+00 3.361194176E+02
3.697610000E-03 -1.293607059E+01 0.000000000E+00 3.352976652E+02
3.706640000E-03 -1.286784880E+01 0.000000000E+00 3.344808236E+02
3.716710000E-03 -1.279240282E+01 0.000000000E+00 3.335745861E+02
3.723610000E-03 -1.274113463E+01 0.000000000E+00 3.329564589E+02
3.730520000E-03 -1.268987855E+01 0.000000000E+00 3.323397274E+02
3.737240000E-03 -1.264049244E+01 0.000000000E+00 3.317421413E+02
3.740600000E-03 -1.261580026E+01 0.000000000E+00 3.314441533E+02
3.743960000E-03 -1.259117472E+01 0.000000000E+00 3.311467003E+02
3.748500000E-03 -1.255807557E+01 0.000000000E+00 3.307456316E+02
3.750770000E-03 -1.254166959E+01 0.000000000E+00 3.305454613E+02
3.753040000E-03 -1.252509670E+01 0.000000000E+00 3.303455332E+02
3.754170000E-03 -1.251695586E+01 0.000000000E+00 3.302460997E+02
3.760130000E-03 -1.247374780E+01 0.000000000E+00 3.297226426E+02
3.760630000E-03 -1.247016519E+01 0.000000000E+00 3.296788038E+02
3.761000000E-03 -1.246751498E+01 0.000000000E+00 3.296463706E+02
3.761140000E-03 -1.246651241E+01 0.000000000E+00 3.296341003E+02
3.761200000E-03 -1.246608277E+01 0.000000000E+00 3.296288419E+02
3.761430000E-03 -1.246443600E+01 0.000000000E+00 3.296086861E+02
3.761770000E-03 -1.246200219E+01 0.000000000E+00 3.295788950E+02
3.761950000E-03 -1.246071398E+01 0.000000000E+00 3.295631255E+02
3.762400000E-03 -1.245749425E+01 0.000000000E+00 3.295237083E+02
3.762950000E-03 -1.245356059E+01 0.000000000E+00 3.294755445E+02
3.771200000E-03 -1.239437250E+01 0.000000000E+00 3.287547730E+02
3.773470000E-03 -1.237806754E+01 0.000000000E+00 3.285570046E+02
3.780280000E-03 -1.232971716E+01 0.000000000E+00 3.279651243E+02
3.783910000E-03 -1.230396088E+01 0.000000000E+00 3.276504991E+02
3.789350000E-03 -1.226559697E+01 0.000000000E+00 3.271801232E+02
3.794790000E-03 -1.222739822E+01 0.000000000E+00 3.267110960E+02
3.800410000E-03 -1.218792250E+01 0.000000000E+00 3.262279596E+02
3.806020000E-03 -1.214888243E+01 0.000000000E+00 3.257471059E+02
3.815060000E-03 -1.208626155E+01 0.000000000E+00 3.249752297E+02
3.824090000E-03 -1.202415326E+01 0.000000000E+00 3.242078508E+02
3.833130000E-03 -1.196241665E+01 0.000000000E+00 3.234432435E+02
3.848590000E-03 -1.185792323E+01 0.000000000E+00 3.221439540E+02
3.851190000E-03 -1.184038113E+01 0.000000000E+00 3.219264695E+02
3.855130000E-03 -1.181396203E+01 0.000000000E+00 3.215974559E+02
3.859070000E-03 -1.178762399E+01 0.000000000E+00 3.212691141E+02
3.868250000E-03 -1.172663142E+01 0.000000000E+00 3.205066891E+02
3.875990000E-03 -1.167548552E+01 0.000000000E+00 3.198666663E+02
3.886620000E-03 -1.160587803E+01 0.000000000E+00 3.189918232E+02
3.894270000E-03 -1.155603474E+01 0.000000000E+00 3.183651878E+02
3.895800000E-03 -1.154617440E+01 0.000000000E+00 3.182401561E+02
3.903490000E-03 -1.149642675E+01 0.000000000E+00 3.176132128E+02
3.912740000E-03 -1.143704978E+01 0.000000000E+00 3.168623522E+02
3.914160000E-03 -1.142802746E+01 0.000000000E+00 3.167473992E+02
3.921980000E-03 -1.137815640E+01 0.000000000E+00 3.161158394E+02
3.931230000E-03 -1.131961599E+01 0.000000000E+00 3.153720337E+02
3.940470000E-03 -1.126155042E+01 0.000000000E+00 3.146325185E+02
3.964820000E-03 -1.111034655E+01 0.000000000E+00 3.127001982E+02
3.987640000E-03 -1.097126473E+01 0.000000000E+00 3.109107141E+02
4.030440000E-03 -1.071512429E+01 0.000000000E+00 3.076090948E+02
4.067880000E-03 -1.049712087E+01 0.000000000E+00 3.047779187E+02
4.133420000E-03 -1.012989910E+01 0.000000000E+00 2.999453237E+02
4.182560000E-03 -9.865792546E+00 0.000000000E+00 2.964213305E+02
4.256290000E-03 -9.486641769E+00 0.000000000E+00 2.912865430E+02
4.330010000E-03 -9.126841202E+00 0.000000000E+00 2.863272833E+02
4.330500000E-03 -9.124401887E+00 0.000000000E+00 2.862948851E+02
4.345370000E-03 -9.054054669E+00 0.000000000E+00 2.853151745E+02
4.350630000E-03 -9.029465540E+00 0.000000000E+00 2.849702227E+02
4.372050000E-03 -8.929692361E+00 0.000000000E+00 2.835740671E+02
4.382760000E-03 -8.880500861E+00 0.000000000E+00 2.828811069E+02
4.393960000E-03 -8.829334268E+00 0.000000000E+00 2.821600561E+02
4.405110000E-03 -8.778781616E+00 0.000000000E+00 2.814458663E+02
4.437090000E-03 -8.635937830E+00 0.000000000E+00 2.794173659E+02
4.447750000E-03 -8.588963723E+00 0.000000000E+00 2.787476814E+02
4.458410000E-03 -8.542467536E+00 0.000000000E+00 2.780811994E+02
4.469070000E-03 -8.496166623E+00 0.000000000E+00 2.774178968E+02
4.479730000E-03 -8.450197828E+00 0.000000000E+00 2.767577510E+02
4.495110000E-03 -8.384544027E+00 0.000000000E+00 2.758108255E+02
4.511700000E-03 -8.314430137E+00 0.000000000E+00 2.747966398E+02
4.522360000E-03 -8.269893117E+00 0.000000000E+00 2.741488957E+02
4.533020000E-03 -8.225536705E+00 0.000000000E+00 2.735041981E+02
4.543680000E-03 -8.181494013E+00 0.000000000E+00 2.728625255E+02
4.559290000E-03 -8.117664689E+00 0.000000000E+00 2.719283046E+02
4.564810000E-03 -8.095228099E+00 0.000000000E+00 2.715994751E+02
4.855340000E-03 -7.021230535E+00 0.000000000E+00 2.553477202E+02
4.867290000E-03 -6.981190390E+00 0.000000000E+00 2.547207995E+02
4.879240000E-03 -6.941445784E+00 0.000000000E+00 2.540969495E+02
4.891190000E-03 -6.901878043E+00 0.000000000E+00 2.534761479E+02
4.903150000E-03 -6.862684391E+00 0.000000000E+00 2.528578567E+02
4.915100000E-03 -6.823810011E+00 0.000000000E+00 2.522430876E+02
4.923820000E-03 -6.795551559E+00 0.000000000E+00 2.517963695E+02
4.932550000E-03 -6.767412354E+00 0.000000000E+00 2.513507212E+02
4.941750000E-03 -6.737951077E+00 0.000000000E+00 2.508827844E+02
4.950950000E-03 -6.708767957E+00 0.000000000E+00 2.504165867E+02
4.962900000E-03 -6.670901970E+00 0.000000000E+00 2.498136170E+02
4.974850000E-03 -6.633422352E+00 0.000000000E+00 2.492135441E+02
4.986800000E-03 -6.596213463E+00 0.000000000E+00 2.486163472E+02
4.998750000E-03 -6.559161831E+00 0.000000000E+00 2.480220055E+02
5.016680000E-03 -6.504233670E+00 0.000000000E+00 2.471355558E+02
5.034600000E-03 -6.449815139E+00 0.000000000E+00 2.462559091E+02
5.047480000E-03 -6.411082098E+00 0.000000000E+00 2.456275211E+02
5.058510000E-03 -6.378256532E+00 0.000000000E+00 2.450919342E+02
5.070460000E-03 -6.342765272E+00 0.000000000E+00 2.445143044E+02
5.084120000E-03 -6.302611017E+00 0.000000000E+00 2.438573440E+02
5.094360000E-03 -6.272749348E+00 0.000000000E+00 2.433671747E+02
5.106280000E-03 -6.238090531E+00 0.000000000E+00 2.427990631E+02
5.125550000E-03 -6.182713756E+00 0.000000000E+00 2.418862366E+02
5.145190000E-03 -6.126936870E+00 0.000000000E+00 2.409629188E+02
5.157400000E-03 -6.092502117E+00 0.000000000E+00 2.403924458E+02
5.169610000E-03 -6.058416449E+00 0.000000000E+00 2.398246676E+02
5.181830000E-03 -6.024442627E+00 0.000000000E+00 2.392591034E+02
5.197910000E-03 -5.980228648E+00 0.000000000E+00 2.385189432E+02
5.206250000E-03 -5.957371988E+00 0.000000000E+00 2.381368547E+02
5.230160000E-03 -5.892690016E+00 0.000000000E+00 2.370481974E+02
5.246720000E-03 -5.848342763E+00 0.000000000E+00 2.363000122E+02
5.255900000E-03 -5.823939494E+00 0.000000000E+00 2.358872886E+02
5.268780000E-03 -5.789918272E+00 0.000000000E+00 2.353106412E+02
5.281650000E-03 -5.756172927E+00 0.000000000E+00 2.347372507E+02
5.294520000E-03 -5.722773881E+00 0.000000000E+00 2.341666478E+02
5.333140000E-03 -5.623714939E+00 0.000000000E+00 2.324709271E+02
5.346020000E-03 -5.591158253E+00 0.000000000E+00 2.319108421E+02
5.358890000E-03 -5.558862139E+00 0.000000000E+00 2.313538811E+02
5.371760000E-03 -5.526895502E+00 0.000000000E+00 2.307995890E+02
5.387610000E-03 -5.487594187E+00 0.000000000E+00 2.301205915E+02
5.423260000E-03 -5.400038546E+00 0.000000000E+00 2.286078853E+02
5.436130000E-03 -5.368832890E+00 0.000000000E+00 2.280666577E+02
5.445120000E-03 -5.347166077E+00 0.000000000E+00 2.276901152E+02
5.450390000E-03 -5.334524806E+00 0.000000000E+00 2.274699609E+02
5.456980000E-03 -5.318769403E+00 0.000000000E+00 2.271952618E+02
5.461880000E-03 -5.307065565E+00 0.000000000E+00 2.269914388E+02
5.470810000E-03 -5.285844425E+00 0.000000000E+00 2.266209209E+02
5.486170000E-03 -5.249591398E+00 0.000000000E+00 2.259864350E+02
5.491440000E-03 -5.237234539E+00 0.000000000E+00 2.257695614E+02
5.499670000E-03 -5.217939912E+00 0.000000000E+00 2.254317077E+02
5.518470000E-03 -5.174281750E+00 0.000000000E+00 2.246637202E+02
5.563980000E-03 -5.070559057E+00 0.000000000E+00 2.228261065E+02
5.580690000E-03 -5.033103554E+00 0.000000000E+00 2.221589087E+02
5.594190000E-03 -5.003046569E+00 0.000000000E+00 2.216227908E+02
5.607700000E-03 -4.973187441E+00 0.000000000E+00 2.210888600E+02
5.621200000E-03 -4.943654487E+00 0.000000000E+00 2.205578880E+02
5.638200000E-03 -4.906733663E+00 0.000000000E+00 2.198928736E+02
5.680680000E-03 -4.815117589E+00 1.321460770E-07 2.182485195E+02
5.693170000E-03 -4.788262992E+00 4.558610737E-07 2.177697135E+02
5.701880000E-03 -4.769570081E+00 1.033292501E-06 2.174370558E+02
5.715340000E-03 -4.740815301E+00 3.414390862E-06 2.169249773E+02
5.737700000E-03 -4.693297170E+00 2.067158803E-05 2.160796138E+02
5.743010000E-03 -4.682018032E+00 3.067520365E-05 2.158798261E+02
5.765760000E-03 -4.633767427E+00 1.448128305E-04 2.150280275E+02
5.814790000E-03 -4.529410840E+00 1.968525317E-03 2.132149226E+02
5.858790000E-03 -4.436258993E+00 9.329585350E-03 2.116136608E+02
5.915140000E-03 -4.329217604E+00 2.736642589E-02 2.095977441E+02
5.983920000E-03 -4.219558579E+00 3.917461838E-02 2.071885988E+02
6.053550000E-03 -4.108490437E+00 3.709476476E-02 2.048054447E+02
6.072140000E-03 -4.078085265E+00 3.605082149E-02 2.041784280E+02
6.083590000E-03 -4.059362459E+00 3.541418988E-02 2.037941413E+02
6.098490000E-03 -4.035191714E+00 3.459205534E-02 2.032962258E+02
6.102780000E-03 -4.028189522E+00 3.435666692E-02 2.031533170E+02
6.115600000E-03 -4.007426928E+00 3.365732485E-02 2.027274511E+02
6.128290000E-03 -3.987005451E+00 3.297053231E-02 2.023076584E+02
6.136760000E-03 -3.973469429E+00 3.251516623E-02 2.020284319E+02
6.149850000E-03 -3.952173339E+00 3.184277708E-02 2.015984130E+02
6.192910000E-03 -3.882968859E+00 2.967226487E-02 2.001966765E+02
6.209230000E-03 -3.856903217E+00 2.890056806E-02 1.996704905E+02
6.224070000E-03 -3.833341214E+00 2.820549116E-02 1.991944178E+02
6.238920000E-03 -3.810003915E+00 2.751667560E-02 1.987202913E+02
6.255690000E-03 -3.783683237E+00 2.677279756E-02 1.981875700E+02
6.274850000E-03 -3.753810693E+00 2.594480520E-02 1.975824123E+02
6.300450000E-03 -3.714350556E+00 2.485360838E-02 1.967795951E+02
6.313140000E-03 -3.694999995E+00 2.432500301E-02 1.963840498E+02
6.326220000E-03 -3.675051678E+00 2.380262286E-02 1.959780090E+02
6.334860000E-03 -3.661893752E+00 2.345981903E-02 1.957107182E+02
6.343120000E-03 -3.649415977E+00 2.313375003E-02 1.954558640E+02
6.352030000E-03 -3.636038348E+00 2.278375667E-02 1.951816978E+02
6.364860000E-03 -3.616751511E+00 2.230194460E-02 1.947882593E+02
6.371170000E-03 -3.607338200E+00 2.206642693E-02 1.945953412E+02
6.376860000E-03 -3.598847218E+00 2.185470897E-02 1.944217060E+02
6.394620000E-03 -3.572524648E+00 2.119875378E-02 1.938817318E+02
6.403240000E-03 -3.559816540E+00 2.089213240E-02 1.936207295E+02
6.418960000E-03 -3.536568672E+00 2.034732470E-02 1.931465533E+02
6.434690000E-03 -3.513278534E+00 1.980759037E-02 1.926743946E+02
6.471440000E-03 -3.459121265E+00 1.858601115E-02 1.915802356E+02
6.487060000E-03 -3.436290713E+00 1.809077090E-02 1.911189352E+02
6.504880000E-03 -3.410446455E+00 1.753120713E-02 1.905953684E+02
6.517090000E-03 -3.392826858E+00 1.716691351E-02 1.902382812E+02
6.529020000E-03 -3.375683368E+00 1.681354969E-02 1.898906727E+02
6.551120000E-03 -3.344209682E+00 1.616519017E-02 1.892500824E+02
6.579190000E-03 -3.304659795E+00 1.538928197E-02 1.884426502E+02
6.599860000E-03 -3.275830651E+00 1.482602987E-02 1.878524696E+02
6.612030000E-03 -3.258964510E+00 1.451138887E-02 1.875067113E+02
6.626160000E-03 -3.239494760E+00 1.414891626E-02 1.871068613E+02
6.641740000E-03 -3.218246733E+00 1.375323018E-02 1.866679515E+02
6.678180000E-03 -3.168921569E+00 1.287828106E-02 1.856493835E+02
6.715980000E-03 -3.118624322E+00 1.202089463E-02 1.846044807E+02
6.821660000E-03 -2.979858474E+00 9.860767005E-03 1.817446193E+02
6.904760000E-03 -2.868426691E+00 8.919897578E-03 1.795572909E+02
6.951820000E-03 -2.802357733E+00 1.120747708E-02 1.783417868E+02
7.019260000E-03 -2.707715593E+00 2.794767306E-02 1.766283055E+02
7.076250000E-03 -2.642480718E+00 5.329881114E-02 1.752057940E+02
7.207110000E-03 -2.534767981E+00 7.970014598E-02 1.720245702E+02
8.193110000E-03 -1.747146279E+00 8.240654727E-02 1.513222696E+02
9.911150000E-03 -8.688008779E-01 8.748952650E-02 1.250914374E+02
1.479110000E-02 1.596532522E-01 8.236360478E-02 8.382067595E+01
1.630000000E-02 3.049172168E-01 7.808055586E-02 7.606134969E+01
1.704070000E-02 3.627512837E-01 7.582542321E-02 7.275522719E+01
1.792670000E-02 4.224693649E-01 7.299796893E-02 6.915941027E+01
1.875720000E-02 4.707940599E-01 7.030358123E-02 6.609728531E+01
1.914650000E-02 4.912719472E-01 6.903255290E-02 6.475334918E+01
1.956640000E-02 5.119752633E-01 6.764906801E-02 6.336372557E+01
2.010680000E-02 5.367043334E-01 6.586381187E-02 6.166073169E+01
2.045390000E-02 5.515600422E-01 6.473452583E-02 6.061435716E+01
2.112650000E-02 5.782441495E-01 6.249529048E-02 5.868459044E+01
2.175710000E-02 6.010562646E-01 6.044316536E-02 5.698369728E+01
2.234830000E-02 6.207084349E-01 5.851224957E-02 5.547625546E+01
2.290870000E-02 6.379613335E-01 5.673448791E-02 5.411917743E+01
2.350000000E-02 6.548575846E-01 5.486141126E-02 5.275744681E+01
2.439620000E-02 6.784789072E-01 5.210096709E-02 5.081938990E+01
2.524860000E-02 6.990047751E-01 4.954373145E-02 4.910371268E+01
2.599450000E-02 7.153666172E-01 4.739762631E-02 4.769470465E+01
2.664710000E-02 7.286030177E-01 4.556054797E-02 4.652663892E+01
2.730000000E-02 7.409273160E-01 4.381513475E-02 4.541391941E+01
2.771790000E-02 7.483847769E-01 4.270294099E-02 4.472921830E+01
2.815510000E-02 7.558483463E-01 4.157679284E-02 4.403465092E+01
2.868670000E-02 7.644834644E-01 4.025345939E-02 4.321863442E+01
2.900000000E-02 7.693635873E-01 3.948722540E-02 4.275172414E+01
2.916530000E-02 7.718760856E-01 3.908355452E-02 4.250942044E+01
2.967790000E-02 7.794147576E-01 3.787217090E-02 4.177519299E+01
3.006230000E-02 7.848297914E-01 3.698646990E-02 4.124102281E+01
3.035060000E-02 7.887658511E-01 3.633405397E-02 4.084927481E+01
3.056680000E-02 7.916455719E-01 3.585657788E-02 4.056034652E+01
3.072900000E-02 7.937689134E-01 3.550456972E-02 4.034625273E+01
3.097230000E-02 7.970222360E-01 3.497754461E-02 4.002931652E+01
3.109390000E-02 7.986525609E-01 3.471682452E-02 3.987277247E+01
3.121560000E-02 8.002706576E-01 3.445887674E-02 3.971732083E+01
3.125670000E-02 8.008154165E-01 3.437256840E-02 3.966509580E+01
3.141050000E-02 8.028258165E-01 3.405194752E-02 3.947087757E+01
3.148750000E-02 8.038225121E-01 3.389343239E-02 3.937435490E+01
3.156440000E-02 8.048106039E-01 3.373599258E-02 3.927842760E+01
3.164130000E-02 8.057914193E-01 3.357968104E-02 3.918296657E+01
3.169990000E-02 8.065335895E-01 3.346143518E-02 3.911053347E+01
3.175840000E-02 8.072703956E-01 3.334404258E-02 3.903849060E+01
3.179950000E-02 8.077847067E-01 3.326174110E-02 3.898803440E+01
3.191470000E-02 8.092188079E-01 3.303320109E-02 3.884730234E+01
3.199290000E-02 8.101855029E-01 3.287678462E-02 3.875234818E+01
3.207110000E-02 8.111504364E-01 3.272069104E-02 3.865785707E+01
3.214930000E-02 8.121082388E-01 3.256572533E-02 3.856382565E+01
3.218470000E-02 8.125400569E-01 3.249573117E-02 3.852140924E+01
3.223800000E-02 8.131887311E-01 3.239129985E-02 3.845772070E+01
3.229120000E-02 8.138303376E-01 3.228731470E-02 3.839436131E+01
3.233750000E-02 8.143869042E-01 3.219704392E-02 3.833938925E+01
3.236060000E-02 8.146650292E-01 3.215241652E-02 3.831202141E+01
3.242280000E-02 8.154070643E-01 3.203207102E-02 3.823852351E+01
3.244240000E-02 8.156405680E-01 3.199443132E-02 3.821542179E+01
3.248150000E-02 8.161051563E-01 3.191928833E-02 3.816941952E+01
3.251080000E-02 8.164521993E-01 3.186309093E-02 3.813501975E+01
3.252540000E-02 8.166248001E-01 3.183423008E-02 3.811790170E+01
3.253280000E-02 8.167108301E-01 3.181974953E-02 3.810923130E+01
3.253640000E-02 8.167540049E-01 3.181270850E-02 3.810501469E+01
3.253740000E-02 8.167652684E-01 3.181075308E-02 3.810384358E+01
3.253770000E-02 8.167712640E-01 3.181016649E-02 3.810349226E+01
3.253830000E-02 8.167780213E-01 3.180899336E-02 3.810278964E+01
3.253920000E-02 8.167881567E-01 3.180723376E-02 3.810173575E+01
3.253960000E-02 8.167926609E-01 3.180645178E-02 3.810126738E+01
3.254070000E-02 8.168050470E-01 3.180430145E-02 3.809997941E+01
3.261830000E-02 8.177199272E-01 3.165237340E-02 3.800933832E+01
3.263780000E-02 8.179480773E-01 3.161456221E-02 3.798662900E+01
3.269640000E-02 8.186337433E-01 3.150082335E-02 3.791854761E+01
3.272660000E-02 8.189838365E-01 3.144245381E-02 3.788355650E+01
3.277180000E-02 8.195086138E-01 3.135526468E-02 3.783130618E+01
3.281700000E-02 8.200311886E-01 3.126869353E-02 3.777919980E+01
3.287400000E-02 8.206855016E-01 3.115984172E-02 3.771369471E+01
3.293090000E-02 8.213378362E-01 3.105174413E-02 3.764853071E+01
3.300910000E-02 8.222265721E-01 3.090428404E-02 3.755933970E+01
3.305180000E-02 8.227084335E-01 3.082397723E-02 3.751081635E+01
3.308730000E-02 8.231089120E-01 3.075761640E-02 3.747057028E+01
3.313010000E-02 8.235883749E-01 3.067794526E-02 3.742216293E+01
3.316550000E-02 8.239849166E-01 3.061223866E-02 3.738221948E+01
3.320840000E-02 8.244619984E-01 3.053269500E-02 3.733392756E+01
3.332180000E-02 8.257146184E-01 3.032448377E-02 3.720687358E+01
3.336490000E-02 8.261894883E-01 3.024569175E-02 3.715881061E+01
3.341370000E-02 8.267216233E-01 3.015716175E-02 3.710454095E+01
3.350830000E-02 8.277504472E-01 2.998613694E-02 3.699978811E+01
3.359700000E-02 8.287053953E-01 2.982752130E-02 3.690210435E+01
3.376330000E-02 8.304761361E-01 2.953295794E-02 3.672034428E+01
3.390870000E-02 8.320039496E-01 2.927829972E-02 3.656288799E+01
3.416330000E-02 8.346671038E-01 2.883451662E-02 3.629040520E+01
3.435430000E-02 8.367445131E-01 2.850375266E-02 3.608864101E+01
3.464070000E-02 8.398414793E-01 2.801567873E-02 3.579026983E+01
3.494610000E-02 8.431139947E-01 2.750841544E-02 3.547749248E+01
3.520420000E-02 8.458083350E-01 2.708999645E-02 3.521738883E+01
3.547000000E-02 8.485201489E-01 2.666877699E-02 3.495348182E+01
3.573190000E-02 8.511296427E-01 2.626321147E-02 3.469728730E+01
3.590650000E-02 8.529134188E-01 2.599767248E-02 3.452856725E+01
3.601300000E-02 8.540255849E-01 2.583772779E-02 3.442645711E+01
3.625570000E-02 8.565234418E-01 2.547842217E-02 3.419600228E+01
3.644980000E-02 8.585582897E-01 2.519403097E-02 3.401390405E+01
3.665480000E-02 8.606782217E-01 2.489754879E-02 3.382367384E+01
3.672820000E-02 8.615138174E-01 2.479258973E-02 3.375607844E+01
3.683520000E-02 8.627255488E-01 2.463957469E-02 3.365802276E+01
3.692550000E-02 8.637374594E-01 2.451149103E-02 3.357571326E+01
3.701570000E-02 8.647404108E-01 2.438469635E-02 3.349389583E+01
3.714000000E-02 8.661102024E-01 2.421130493E-02 3.338179860E+01
3.724980000E-02 8.673715380E-01 2.405959761E-02 3.328340018E+01
3.737950000E-02 8.688474682E-01 2.388181948E-02 3.316791289E+01
3.751730000E-02 8.704231994E-01 2.368997791E-02 3.304608807E+01
3.761370000E-02 8.716230432E-01 2.355695520E-02 3.296139439E+01
3.771720000E-02 8.729419956E-01 2.341557878E-02 3.287094482E+01
3.783750000E-02 8.745303742E-01 2.325376333E-02 3.276643541E+01
3.807220000E-02 8.779149364E-01 2.296469757E-02 3.256444335E+01
3.821720000E-02 8.803683399E-01 2.285696272E-02 3.244089049E+01
3.861020000E-02 8.889200044E-01 2.419955055E-02 3.211068578E+01
3.889160000E-02 8.954721921E-01 2.894514781E-02 3.187834905E+01
3.977620000E-02 8.934144095E-01 4.894255952E-02 3.116939275E+01
4.077900000E-02 8.841354426E-01 4.767887092E-02 3.040290346E+01
4.205830000E-02 8.838211190E-01 4.170766076E-02 2.947812917E+01
4.523680000E-02 8.936105944E-01 3.032184023E-02 2.740688997E+01
4.861990000E-02 9.069929655E-01 2.280913027E-02 2.549984677E+01
5.244040000E-02 9.206213745E-01 1.795694849E-02 2.364207748E+01
5.634260000E-02 9.322979255E-01 1.513634114E-02 2.200466432E+01
5.684150000E-02 9.336406359E-01 1.486682973E-02 2.181152855E+01
5.767280000E-02 9.358838424E-01 1.445549419E-02 2.149713556E+01
5.822700000E-02 9.373240568E-01 1.419674744E-02 2.129252752E+01
5.888520000E-02 9.390361421E-01 1.391622073E-02 2.105452643E+01
5.944600000E-02 9.405721339E-01 1.369181724E-02 2.085590284E+01
5.986470000E-02 9.418218006E-01 1.358382845E-02 2.071003446E+01
6.078010000E-02 9.446581194E-01 1.432552324E-02 2.039812373E+01
6.183460000E-02 9.457565017E-01 1.550265518E-02 2.005026312E+01
7.303470000E-02 9.592095686E-01 1.258130404E-02 1.697549247E+01
9.332540000E-02 9.733967512E-01 9.187631075E-03 1.328470063E+01
1.129120000E-01 9.806440049E-01 6.723698060E-03 1.098023239E+01
1.382000000E-01 9.862765192E-01 4.529423126E-03 8.971056440E+00
1.804060000E-01 9.914567652E-01 2.518973239E-03 6.872276975E+00
2.308970000E-01 9.947173604E-01 1.364245423E-03 5.369493757E+00
2.687040000E-01 9.961983577E-01 9.113919827E-04 4.613999047E+00
2.986300000E-01 9.970633288E-01 6.807956567E-04 4.151625758E+00
3.198900000E-01 9.975852390E-01 5.608218760E-04 3.875707274E+00
3.349650000E-01 9.979171990E-01 4.917314540E-04 3.701282224E+00
3.488330000E-01 9.982153111E-01 4.373379168E-04 3.554136220E+00
3.590910000E-01 9.984405116E-01 4.020201171E-04 3.452606721E+00
3.646490000E-01 9.985683369E-01 3.843456425E-04 3.399981900E+00
3.678810000E-01 9.986411577E-01 3.745249854E-04 3.370111531E+00
3.699110000E-01 9.986904075E-01 3.685083860E-04 3.351617011E+00
3.726860000E-01 9.987588820E-01 3.604601454E-04 3.326661050E+00
3.740370000E-01 9.987916127E-01 3.566312719E-04 3.314645343E+00
3.751140000E-01 9.988213990E-01 3.536098368E-04 3.305128574E+00
3.766130000E-01 9.988623054E-01 3.494548515E-04 3.291973458E+00
3.772390000E-01 9.988803081E-01 3.477373377E-04 3.286510674E+00
3.790400000E-01 9.989315309E-01 3.428633949E-04 3.270894892E+00
3.803210000E-01 9.989673874E-01 3.394467843E-04 3.259877840E+00
3.810580000E-01 9.989878042E-01 3.374978006E-04 3.253572947E+00
3.830440000E-01 9.990422089E-01 3.323418707E-04 3.236703877E+00
3.841780000E-01 9.990773044E-01 3.294424240E-04 3.227149915E+00
3.851690000E-01 9.991086743E-01 3.269296107E-04 3.218846792E+00
3.869050000E-01 9.991630308E-01 3.226033476E-04 3.204404182E+00
3.878890000E-01 9.991958108E-01 3.201842987E-04 3.196275223E+00
3.882070000E-01 9.992081570E-01 3.194044449E-04 3.193656992E+00
3.891840000E-01 9.992457261E-01 3.170291431E-04 3.185639697E+00
3.906480000E-01 9.993014169E-01 3.135046691E-04 3.173701132E+00
3.913800000E-01 9.993289671E-01 3.117579579E-04 3.167765343E+00
3.921540000E-01 9.993582738E-01 3.099250654E-04 3.161513079E+00
3.933160000E-01 9.994082974E-01 3.071975445E-04 3.152172808E+00
3.941870000E-01 9.994482958E-01 3.051746825E-04 3.145207731E+00
3.951840000E-01 9.994961324E-01 3.029112770E-04 3.137272764E+00
3.956050000E-01 9.995170824E-01 3.019748422E-04 3.133934101E+00
3.958360000E-01 9.995288021E-01 3.014669083E-04 3.132105215E+00
3.969380000E-01 9.995870276E-01 2.991623737E-04 3.123409701E+00
3.978600000E-01 9.996411620E-01 2.975429121E-04 3.116171518E+00
3.988780000E-01 9.997073622E-01 2.965223289E-04 3.108218553E+00
3.998360000E-01 9.997769325E-01 2.971842384E-04 3.100771316E+00
3.999510000E-01 9.997857546E-01 2.974307336E-04 3.099879735E+00
4.003690000E-01 9.998191934E-01 2.987784453E-04 3.096643347E+00
4.009020000E-01 9.998644193E-01 3.017316908E-04 3.092526353E+00
4.015180000E-01 9.999207156E-01 3.075167177E-04 3.087781868E+00
4.015890000E-01 9.999274943E-01 3.083819478E-04 3.087235955E+00
4.016240000E-01 9.999308903E-01 3.088382806E-04 3.086966914E+00
4.021670000E-01 9.999848074E-01 3.173739003E-04 3.082798937E+00
4.030010000E-01 1.000074591E+00 3.379460723E-04 3.076419165E+00
4.034010000E-01 1.000120287E+00 3.518227104E-04 3.073368683E+00
4.038530000E-01 1.000173930E+00 3.713653478E-04 3.069928910E+00
4.043100000E-01 1.000229614E+00 3.956925106E-04 3.066458905E+00
4.045680000E-01 1.000261649E+00 4.118323676E-04 3.064503371E+00
4.046970000E-01 1.000277720E+00 4.204550729E-04 3.063526540E+00
4.049460000E-01 1.000308750E+00 4.383624861E-04 3.061642787E+00
4.053100000E-01 1.000354402E+00 4.677660584E-04 3.058893193E+00
4.054400000E-01 1.000370538E+00 4.791062360E-04 3.057912391E+00
4.056910000E-01 1.000401690E+00 5.025038888E-04 3.056020469E+00
4.057920000E-01 1.000414124E+00 5.122283632E-04 3.055259838E+00
4.064110000E-01 1.000488137E+00 5.797789724E-04 3.050606406E+00
4.069600000E-01 1.000549564E+00 6.488921611E-04 3.046491056E+00
4.070640000E-01 1.000560702E+00 6.630053412E-04 3.045712713E+00
4.078170000E-01 1.000634805E+00 7.726373666E-04 3.040089060E+00
4.081350000E-01 1.000661157E+00 8.234116771E-04 3.037720362E+00
4.086140000E-01 1.000693903E+00 9.035669955E-04 3.034159378E+00
4.090900000E-01 1.000723955E+00 9.859813193E-04 3.030628957E+00
4.099240000E-01 1.000753506E+00 1.136845601E-03 3.024463071E+00
4.107170000E-01 1.000764246E+00 1.283678405E-03 3.018623529E+00
4.115600000E-01 1.000749703E+00 1.436327320E-03 3.012440470E+00
4.126200000E-01 1.000702086E+00 1.618326306E-03 3.004701663E+00
4.134320000E-01 1.000645118E+00 1.746926166E-03 2.998800286E+00
4.139750000E-01 1.000600832E+00 1.824916521E-03 2.994866840E+00
4.145500000E-01 1.000545825E+00 1.900312741E-03 2.990712821E+00
4.150750000E-01 1.000495162E+00 1.963508003E-03 2.986930073E+00
4.153200000E-01 1.000469636E+00 1.989345885E-03 2.985168063E+00
4.164490000E-01 1.000347101E+00 2.097687676E-03 2.977075224E+00
4.172410000E-01 1.000258058E+00 2.156740414E-03 2.971424189E+00
4.182380000E-01 1.000147633E+00 2.212605535E-03 2.964340878E+00
4.193250000E-01 1.000031589E+00 2.254148974E-03 2.956656531E+00
4.214280000E-01 9.998299176E-01 2.291339702E-03 2.941902294E+00
4.236370000E-01 9.996561339E-01 2.291771488E-03 2.926562127E+00
4.268810000E-01 9.994596679E-01 2.260462177E-03 2.904322282E+00
4.345020000E-01 9.991646610E-01 2.148890696E-03 2.853381572E+00
4.493860000E-01 9.988758345E-01 1.938859690E-03 2.758875443E+00
4.720050000E-01 9.987124482E-01 1.662736923E-03 2.626667090E+00
4.820320000E-01 9.987078237E-01 1.554090605E-03 2.572028413E+00
4.883790000E-01 9.987426436E-01 1.503157363E-03 2.538602192E+00
4.915740000E-01 9.987675216E-01 1.505084833E-03 2.522102471E+00
4.975470000E-01 9.987505853E-01 1.544857973E-03 2.491824893E+00
5.041700000E-01 9.986797317E-01 1.518955392E-03 2.459091180E+00
5.196160000E-01 9.986207701E-01 1.384479059E-03 2.385992733E+00
5.457210000E-01 9.986123785E-01 1.186570507E-03 2.271856865E+00
5.751490000E-01 9.986539769E-01 1.003626929E-03 2.155615328E+00
6.138220000E-01 9.987351856E-01 8.133417237E-04 2.019803787E+00
6.484480000E-01 9.988173077E-01 6.800193853E-04 1.911949763E+00
6.828950000E-01 9.988987565E-01 5.727715451E-04 1.815506044E+00
7.200550000E-01 9.989830108E-01 4.796020903E-04 1.721812917E+00
7.758410000E-01 9.990992972E-01 3.723140985E-04 1.598007839E+00
8.207780000E-01 9.991822077E-01 3.074605271E-04 1.510518069E+00
8.494940000E-01 9.992303292E-01 2.732008586E-04 1.459457041E+00
8.880780000E-01 9.992893988E-01 2.343616533E-04 1.396048545E+00
9.131090000E-01 9.993246812E-01 2.127230431E-04 1.357778754E+00
9.469200000E-01 9.993688576E-01 1.873444406E-04 1.309297512E+00
9.822630000E-01 9.994110208E-01 1.648897980E-04 1.262187418E+00
1.022010000E+00 9.994538067E-01 1.435287753E-04 1.213099676E+00
1.058190000E+00 9.994891784E-01 1.269931818E-04 1.171623243E+00
1.098430000E+00 9.995248792E-01 1.113477687E-04 1.128701874E+00
1.145680000E+00 9.995623967E-01 9.595213973E-05 1.082152084E+00
1.178970000E+00 9.995863777E-01 8.664220165E-05 1.051595885E+00
1.213560000E+00 9.996093969E-01 7.815360811E-05 1.021622334E+00
1.268020000E+00 9.996420716E-01 6.685579603E-05 9.777448305E-01
1.329690000E+00 9.996744461E-01 5.643205898E-05 9.323977769E-01
1.377520000E+00 9.996967414E-01 4.970129202E-05 9.000232302E-01
1.476250000E+00 9.997362635E-01 3.875515570E-05 8.398306520E-01
1.557280000E+00 9.997633194E-01 3.194366184E-05 7.961317168E-01
1.785650000E+00 9.998209470E-01 1.942706814E-05 6.943129953E-01
2.042840000E+00 9.998641383E-01 1.186986822E-05 6.069001978E-01
2.340320000E+00 9.998973330E-01 7.191265758E-06 5.297566145E-01
2.672600000E+00 9.999220229E-01 4.395505504E-06 4.638928384E-01
3.042300000E+00 9.999405166E-01 2.711032402E-06 4.075206258E-01
3.459340000E+00 9.999547250E-01 1.675021664E-06 3.583920632E-01
3.772780000E+00 9.999625769E-01 1.208964296E-06 3.286170940E-01
3.992340000E+00 9.999671746E-01 9.765302851E-07 3.105446931E-01
4.150740000E+00 9.999702429E-01 8.432589883E-07 2.986937269E-01
4.260910000E+00 9.999724064E-01 7.639326546E-07 2.909707081E-01
4.332440000E+00 9.999739778E-01 7.179679726E-07 2.861666867E-01
4.361770000E+00 9.999747547E-01 7.115015746E-07 2.842424062E-01
4.380260000E+00 9.999753344E-01 7.409480773E-07 2.830425591E-01
4.392680000E+00 9.999757769E-01 8.032968737E-07 2.822422758E-01
4.402800000E+00 9.999761687E-01 8.997295814E-07 2.815935314E-01
4.412390000E+00 9.999765581E-01 1.044728712E-06 2.809815089E-01
4.423630000E+00 9.999770172E-01 1.298085286E-06 2.802675631E-01
4.435090000E+00 9.999774550E-01 1.659914117E-06 2.795433689E-01
4.452680000E+00 9.999779670E-01 2.398775017E-06 2.784390524E-01
4.479530000E+00 9.999781736E-01 3.677951475E-06 2.767701076E-01
4.498240000E+00 9.999779257E-01 4.399123205E-06 2.756189087E-01
4.520280000E+00 9.999774627E-01 4.898370697E-06 2.742750449E-01
4.551270000E+00 9.999769131E-01 5.085926460E-06 2.724074819E-01
4.584930000E+00 9.999766264E-01 5.015781048E-06 2.704076180E-01
4.630430000E+00 9.999765079E-01 4.858568211E-06 2.677505113E-01
4.693760000E+00 9.999766103E-01 4.638025262E-06 2.641379193E-01
4.798100000E+00 9.999770418E-01 4.297723940E-06 2.583939476E-01
4.910350000E+00 9.999776626E-01 3.959609288E-06 2.524870936E-01
5.057870000E+00 9.999785687E-01 3.568236613E-06 2.451229470E-01
5.207410000E+00 9.999795076E-01 3.219113247E-06 2.380838075E-01
5.348600000E+00 9.999803861E-01 2.922600402E-06 2.317989754E-01
5.475270000E+00 9.999811463E-01 2.685873753E-06 2.264363219E-01
5.613390000E+00 9.999819461E-01 2.455056914E-06 2.208647537E-01
5.746120000E+00 9.999826794E-01 2.255924924E-06 2.157629844E-01
5.877330000E+00 9.999833704E-01 2.078227071E-06 2.109461269E-01
6.008280000E+00 9.999840277E-01 1.918538310E-06 2.063485723E-01
6.162490000E+00 9.999847582E-01 1.749504425E-06 2.011849106E-01
6.265180000E+00 9.999852224E-01 1.647638861E-06 1.978873712E-01
6.434510000E+00 9.999859450E-01 1.495760784E-06 1.926797845E-01
6.523230000E+00 9.999863055E-01 1.423678733E-06 1.900592191E-01
6.629110000E+00 9.999867172E-01 1.342284993E-06 1.870235974E-01
6.790440000E+00 9.999873142E-01 1.230092708E-06 1.825802157E-01
6.941030000E+00 9.999878371E-01 1.135723498E-06 1.786190234E-01
7.148670000E+00 9.999885093E-01 1.019234043E-06 1.734308620E-01
7.365240000E+00 9.999891560E-01 9.126161067E-07 1.683312424E-01
7.766340000E+00 9.999902235E-01 7.499159400E-07 1.596376157E-01
8.278360000E+00 9.999913782E-01 5.919102829E-07 1.497639629E-01
9.018910000E+00 9.999927241E-01 4.302274676E-07 1.374667227E-01
9.917590000E+00 9.999939792E-01 3.008967936E-07 1.250102091E-01
1.132230000E+01 9.999953822E-01 1.821711754E-07 1.095007198E-01
1.287530000E+01 9.999964333E-01 1.113886643E-07 9.629290191E-02
1.455120000E+01 9.999972120E-01 6.956451766E-08 8.520259497E-02
1.636610000E+01 9.999977997E-01 4.405070932E-08 7.575415035E-02
1.853720000E+01 9.999982880E-01 2.708249346E-08 6.688172971E-02
2.086290000E+01 9.999986506E-01 1.701785466E-08 5.942606253E-02
2.347610000E+01 9.999989359E-01 1.066780931E-08 5.281115688E-02
2.636550000E+01 9.999991575E-01 6.726671310E-09 4.702357247E-02
2.951210000E+01 9.999993284E-01 4.284568436E-09 4.200988747E-02
3.304290000E+01 9.999994649E-01 2.721560841E-09 3.752091977E-02
3.682080000E+01 9.999995694E-01 1.758569331E-09 3.367118585E-02
4.129440000E+01 9.999996580E-01 1.105120903E-09 3.002344144E-02
4.587410000E+01 9.999997230E-01 7.203797636E-10 2.702614329E-02
5.032740000E+01 9.999997700E-01 4.941114583E-10 2.463469204E-02
5.477230000E+01 9.999998059E-01 3.494472904E-10 2.263552927E-02
5.894990000E+01 9.999998325E-01 2.584827300E-10 2.103141820E-02
6.284420000E+01 9.999998526E-01 1.988867423E-10 1.972815312E-02
6.585960000E+01 9.999998658E-01 1.641313943E-10 1.882489417E-02
6.819280000E+01 9.999998749E-01 1.421957602E-10 1.818080501E-02
6.976110000E+01 9.999998805E-01 1.294663068E-10 1.777208215E-02
7.084090000E+01 9.999998841E-01 1.215182003E-10 1.750118928E-02
7.117410000E+01 9.999998852E-01 1.191603144E-10 1.741925785E-02
7.293070000E+01 9.999998906E-01 1.077689574E-10 1.699969971E-02
7.570690000E+01 9.999998985E-01 9.236267359E-11 1.637631444E-02
7.970220000E+01 9.999999085E-01 7.474950258E-11 1.555540500E-02
8.541250000E+01 9.999999203E-01 5.619278114E-11 1.451543978E-02
9.356920000E+01 9.999999336E-01 3.857677613E-11 1.325008657E-02
1.042460000E+02 9.999999465E-01 2.469427335E-11 1.189302227E-02
1.161170000E+02 9.999999569E-01 1.581149506E-11 1.067716183E-02
1.291910000E+02 9.999999652E-01 1.017321510E-11 9.596643729E-03
1.439200000E+02 9.999999720E-01 6.510754454E-12 8.614508060E-03
1.595760000E+02 9.999999772E-01 4.258939374E-12 7.769338748E-03
1.784960000E+02 9.999999818E-01 2.688490452E-12 6.945813912E-03
1.976370000E+02 9.999999851E-01 1.774792312E-12 6.273116876E-03
2.205670000E+02 9.999999881E-01 1.135583045E-12 5.620967778E-03
2.445620000E+02 9.999999903E-01 7.487547978E-13 5.069471136E-03
2.719790000E+02 9.999999921E-01 4.892143665E-13 4.558440174E-03
3.043950000E+02 9.999999937E-01 3.131150954E-13 4.072997257E-03
3.427680000E+02 9.999999951E-01 1.968620912E-13 3.617023760E-03
3.867670000E+02 9.999999961E-01 1.238069563E-13 3.205547526E-03
4.341440000E+02 9.999999969E-01 8.010323655E-14 2.855734503E-03
4.880510000E+02 9.999999976E-01 5.202686901E-14 2.540308287E-03
5.495410000E+02 9.999999981E-01 3.392454952E-14 2.256064607E-03
6.268980000E+02 9.999999985E-01 2.137336921E-14 1.977674199E-03
7.161430000E+02 9.999999989E-01 1.363439993E-14 1.731218486E-03
8.293730000E+02 9.999999992E-01 8.460156932E-15 1.494864193E-03
9.709490000E+02 9.999999994E-01 5.164964549E-15 1.276895079E-03
1.173410000E+03 9.999999996E-01 2.909444770E-15 1.056578689E-03
1.410750000E+03 9.999999997E-01 1.666206853E-15 8.788233209E-04
1.696100000E+03 9.999999998E-01 9.542163489E-16 7.309710512E-04
2.039160000E+03 9.999999999E-01 5.464704099E-16 6.079954491E-04
2.451610000E+03 9.999999999E-01 3.129580292E-16 5.057084936E-04
2.947480000E+03 9.999999999E-01 1.792280389E-16 4.206305047E-04
3.543650000E+03 1.000000000E+00 1.026421280E-16 3.498652519E-04
4.260410000E+03 1.000000000E+00 5.878196501E-17 2.910048563E-04
5.122130000E+03 1.000000000E+00 3.366392384E-17 2.420477419E-04
6.158160000E+03 1.000000000E+00 1.927898452E-17 2.013263702E-04
7.403740000E+03 1.000000000E+00 1.104088530E-17 1.674559074E-04
8.901250000E+03 1.000000000E+00 6.322989762E-18 1.392838085E-04
1.000000000E+04 0.000000000E+00 0.000000000E+00 1.239800000E-04
