# 11/08/2021 
# Data retrieved from www.chemicool.com/densities.html 
# Includes the real (n) and complex (k) part of the  refractive index. 
# Element, Se  (Z = 34) 
# Nominal density, g cm-3 =  4.79 
#    E [keV]      n       k    Wavelength [nm] 
1.000000000E-03 -8.521173054E+02 3.596683443E-03 1.239800000E+03
1.125000000E-03 -4.329498798E+01 0.000000000E+00 1.102044444E+03
1.265630000E-03 -3.387402496E+01 0.000000000E+00 9.795911917E+02
1.423830000E-03 -2.644560998E+01 0.000000000E+00 8.707500193E+02
1.500000000E-03 -2.368199412E+01 0.000000000E+00 8.265333333E+02
1.601810000E-03 -2.056760038E+01 0.000000000E+00 7.739994132E+02
1.802030000E-03 -1.592330140E+01 0.000000000E+00 6.880018646E+02
1.875000000E-03 -1.459159700E+01 0.000000000E+00 6.612266667E+02
2.027290000E-03 -1.224640837E+01 0.000000000E+00 6.115553276E+02
2.280700000E-03 -9.345266868E+00 0.000000000E+00 5.436050335E+02
2.343750000E-03 -8.767725400E+00 0.000000000E+00 5.289813333E+02
2.565780000E-03 -7.042486354E+00 0.000000000E+00 4.832058867E+02
2.886510000E-03 -5.231502106E+00 0.000000000E+00 4.295152277E+02
2.929690000E-03 -5.033028391E+00 0.000000000E+00 4.231847055E+02
3.247320000E-03 -3.789923967E+00 0.000000000E+00 3.817917544E+02
3.295900000E-03 -3.631910590E+00 0.000000000E+00 3.761643254E+02
3.588670000E-03 -2.805487161E+00 0.000000000E+00 3.454761792E+02
3.707890000E-03 -2.524954942E+00 0.000000000E+00 3.343680638E+02
3.887350000E-03 -2.143177255E+00 0.000000000E+00 3.189319202E+02
4.171370000E-03 -1.640132297E+00 0.000000000E+00 2.972165020E+02
4.377370000E-03 -1.327040223E+00 0.000000000E+00 2.832294277E+02
4.692790000E-03 -9.298164967E-01 0.000000000E+00 2.641925166E+02
4.777550000E-03 -8.322681193E-01 0.000000000E+00 2.595053950E+02
5.077690000E-03 -5.288748849E-01 0.000000000E+00 2.441661464E+02
5.302790000E-03 -3.331359968E-01 0.000000000E+00 2.338014517E+02
5.471620000E-03 -1.969527209E-01 0.000000000E+00 2.265873727E+02
5.598240000E-03 -1.039641220E-01 0.000000000E+00 2.214624596E+02
5.788170000E-03 2.683267122E-02 0.000000000E+00 2.141955057E+02
5.883130000E-03 9.030233956E-02 0.000000000E+00 2.107381615E+02
5.978100000E-03 1.502652050E-01 0.000000000E+00 2.073903080E+02
5.992810000E-03 1.592702492E-01 0.000000000E+00 2.068812460E+02
6.007530000E-03 1.682001606E-01 0.000000000E+00 2.063743335E+02
6.022240000E-03 1.769807409E-01 0.000000000E+00 2.058702410E+02
6.036950000E-03 1.857548258E-01 0.000000000E+00 2.053686050E+02
6.051670000E-03 1.944560919E-01 0.000000000E+00 2.048690692E+02
6.066380000E-03 2.030799677E-01 0.000000000E+00 2.043722945E+02
6.081100000E-03 2.116325207E-01 0.000000000E+00 2.038775879E+02
6.095810000E-03 2.200415231E-01 0.000000000E+00 2.033856042E+02
6.110530000E-03 2.284487623E-01 0.000000000E+00 2.028956572E+02
6.125240000E-03 2.369160513E-01 0.000000000E+00 2.024083954E+02
6.139950000E-03 2.457119772E-01 0.000000000E+00 2.019234684E+02
6.154670000E-03 2.545015386E-01 0.000000000E+00 2.014405321E+02
6.169380000E-03 2.632135129E-01 0.000000000E+00 2.009602261E+02
6.198810000E-03 2.803519324E-01 0.000000000E+00 2.000061302E+02
6.213530000E-03 2.890413757E-01 0.000000000E+00 1.995323109E+02
6.228240000E-03 2.977194759E-01 0.000000000E+00 1.990610510E+02
6.242950000E-03 3.063237764E-01 0.000000000E+00 1.985920118E+02
6.257670000E-03 3.148572176E-01 0.000000000E+00 1.981248612E+02
6.272380000E-03 3.232521180E-01 0.000000000E+00 1.976602183E+02
6.305000000E-03 3.417667157E-01 0.000000000E+00 1.966375892E+02
6.329460000E-03 3.553938164E-01 0.000000000E+00 1.958776894E+02
6.366150000E-03 3.754793536E-01 0.000000000E+00 1.947487885E+02
6.384500000E-03 3.853661603E-01 0.000000000E+00 1.941890516E+02
6.393670000E-03 3.902699358E-01 0.000000000E+00 1.939105396E+02
6.402840000E-03 3.951481603E-01 0.000000000E+00 1.936328254E+02
6.418600000E-03 4.034330802E-01 0.000000000E+00 1.931573863E+02
6.434360000E-03 4.117050165E-01 0.000000000E+00 1.926842763E+02
6.450120000E-03 4.199033297E-01 0.000000000E+00 1.922134782E+02
6.465880000E-03 4.279685602E-01 0.000000000E+00 1.917449752E+02
6.481640000E-03 4.360222507E-01 0.000000000E+00 1.912787504E+02
6.497400000E-03 4.444818757E-01 0.000000000E+00 1.908147875E+02
6.505280000E-03 4.487429594E-01 0.000000000E+00 1.905836490E+02
6.513160000E-03 4.529850606E-01 0.000000000E+00 1.903530698E+02
6.521040000E-03 4.572082794E-01 0.000000000E+00 1.901230479E+02
6.528920000E-03 4.614717972E-01 0.000000000E+00 1.898935812E+02
6.540740000E-03 4.677138033E-01 0.000000000E+00 1.895504178E+02
6.544680000E-03 4.698244329E-01 0.000000000E+00 1.894363055E+02
6.560440000E-03 4.781031186E-01 0.000000000E+00 1.889812269E+02
6.562410000E-03 4.791181738E-01 0.000000000E+00 1.889244957E+02
6.565860000E-03 4.809506293E-01 0.000000000E+00 1.888252262E+02
6.572320000E-03 4.843026386E-01 0.000000000E+00 1.886396280E+02
6.573290000E-03 4.848045465E-01 0.000000000E+00 1.886117911E+02
6.575470000E-03 4.859615727E-01 0.000000000E+00 1.885492596E+02
6.577180000E-03 4.868692222E-01 0.000000000E+00 1.885002387E+02
6.579030000E-03 4.877977973E-01 0.000000000E+00 1.884472331E+02
6.582260000E-03 4.894629199E-01 0.000000000E+00 1.883547596E+02
6.591960000E-03 4.944996866E-01 0.000000000E+00 1.880775976E+02
6.595900000E-03 4.964927235E-01 0.000000000E+00 1.879652511E+02
6.601810000E-03 4.995318207E-01 0.000000000E+00 1.877969829E+02
6.607720000E-03 5.026185358E-01 0.000000000E+00 1.876290158E+02
6.615600000E-03 5.067949766E-01 0.000000000E+00 1.874055263E+02
6.623480000E-03 5.108955550E-01 0.000000000E+00 1.871825687E+02
6.631360000E-03 5.150353177E-01 0.000000000E+00 1.869601409E+02
6.639240000E-03 5.190996820E-01 0.000000000E+00 1.867382411E+02
6.647120000E-03 5.232031465E-01 0.000000000E+00 1.865168675E+02
6.655000000E-03 5.272885366E-01 0.000000000E+00 1.862960180E+02
6.670760000E-03 5.353488688E-01 0.000000000E+00 1.858558845E+02
6.686520000E-03 5.433385509E-01 0.000000000E+00 1.854178257E+02
6.694400000E-03 5.473352241E-01 0.000000000E+00 1.851995698E+02
6.710160000E-03 5.552201610E-01 0.000000000E+00 1.847645958E+02
6.714100000E-03 5.571945775E-01 0.000000000E+00 1.846561713E+02
6.718040000E-03 5.591646689E-01 0.000000000E+00 1.845478741E+02
6.722440000E-03 5.613019647E-01 0.000000000E+00 1.844270830E+02
6.731100000E-03 5.655984459E-01 0.000000000E+00 1.841898055E+02
6.739500000E-03 5.697302252E-01 0.000000000E+00 1.839602344E+02
6.747630000E-03 5.736980577E-01 0.000000000E+00 1.837385867E+02
6.755500000E-03 5.775603521E-01 0.000000000E+00 1.835245356E+02
6.763130000E-03 5.812660048E-01 0.000000000E+00 1.833174876E+02
6.999680000E-03 7.016641083E-01 0.000000000E+00 1.771223827E+02
7.034140000E-03 7.187809479E-01 0.000000000E+00 1.762546665E+02
7.051370000E-03 7.272447154E-01 0.000000000E+00 1.758239888E+02
7.068600000E-03 7.355789978E-01 0.000000000E+00 1.753954107E+02
7.085830000E-03 7.438857009E-01 0.000000000E+00 1.749689168E+02
7.097160000E-03 7.493027266E-01 0.000000000E+00 1.746895941E+02
7.108490000E-03 7.546367047E-01 0.000000000E+00 1.744111619E+02
7.123000000E-03 7.614925349E-01 0.000000000E+00 1.740558753E+02
7.130260000E-03 7.649006250E-01 0.000000000E+00 1.738786524E+02
7.137510000E-03 7.682947003E-01 0.000000000E+00 1.737020333E+02
7.154740000E-03 7.762478501E-01 0.000000000E+00 1.732837252E+02
7.171970000E-03 7.841763015E-01 0.000000000E+00 1.728674269E+02
7.176280000E-03 7.861470725E-01 0.000000000E+00 1.727636045E+02
7.185970000E-03 7.905275838E-01 0.000000000E+00 1.725306396E+02
7.191350000E-03 7.929836123E-01 0.000000000E+00 1.724015658E+02
7.195120000E-03 7.946599125E-01 0.000000000E+00 1.723112332E+02
7.206430000E-03 7.997654520E-01 0.000000000E+00 1.720408025E+02
7.211160000E-03 8.018684261E-01 0.000000000E+00 1.719279561E+02
7.215740000E-03 8.039095399E-01 0.000000000E+00 1.718188294E+02
7.222610000E-03 8.069859456E-01 0.000000000E+00 1.716553988E+02
7.229480000E-03 8.100510173E-01 0.000000000E+00 1.714922788E+02
7.236640000E-03 8.132159628E-01 0.000000000E+00 1.713226028E+02
7.242010000E-03 8.155576953E-01 0.000000000E+00 1.711955659E+02
7.250060000E-03 8.190813837E-01 0.000000000E+00 1.710054813E+02
7.254090000E-03 8.208617110E-01 0.000000000E+00 1.709104795E+02
7.258110000E-03 8.225899020E-01 0.000000000E+00 1.708158184E+02
7.271040000E-03 8.283650737E-01 0.000000000E+00 1.705120588E+02
7.275340000E-03 8.303759536E-01 0.000000000E+00 1.704112797E+02
7.290420000E-03 8.372842220E-01 0.000000000E+00 1.700587895E+02
7.292570000E-03 8.382799123E-01 0.000000000E+00 1.700086526E+02
7.309800000E-03 8.461113216E-01 0.000000000E+00 1.696079236E+02
7.311240000E-03 8.467373058E-01 0.000000000E+00 1.695745181E+02
7.338720000E-03 8.591058475E-01 0.000000000E+00 1.689395426E+02
7.344260000E-03 8.615595238E-01 0.000000000E+00 1.688121063E+02
7.350130000E-03 8.642046442E-01 0.000000000E+00 1.686772887E+02
7.358940000E-03 8.681570193E-01 0.000000000E+00 1.684753511E+02
7.367750000E-03 8.728795931E-01 0.000000000E+00 1.682738964E+02
7.396090000E-03 8.878018676E-01 0.000000000E+00 1.676291121E+02
7.424430000E-03 9.025461288E-01 0.000000000E+00 1.669892504E+02
7.460980000E-03 9.211882679E-01 0.000000000E+00 1.661712000E+02
7.479250000E-03 9.303970153E-01 0.000000000E+00 1.657652840E+02
7.497520000E-03 9.395170485E-01 0.000000000E+00 1.653613462E+02
7.515800000E-03 9.485494700E-01 0.000000000E+00 1.649591527E+02
7.570620000E-03 9.750853588E-01 0.000000000E+00 1.637646586E+02
7.588900000E-03 9.837325398E-01 0.000000000E+00 1.633701854E+02
7.607170000E-03 9.923404916E-01 0.000000000E+00 1.629778222E+02
7.625440000E-03 1.000866233E+00 0.000000000E+00 1.625873392E+02
7.643720000E-03 1.009310622E+00 0.000000000E+00 1.621985107E+02
7.651180000E-03 1.012734132E+00 0.000000000E+00 1.620403650E+02
7.688840000E-03 1.029777621E+00 0.000000000E+00 1.612466900E+02
7.707670000E-03 1.038195574E+00 0.000000000E+00 1.608527610E+02
7.726510000E-03 1.046488906E+00 0.000000000E+00 1.604605443E+02
7.745340000E-03 1.054743315E+00 0.000000000E+00 1.600704424E+02
7.748280000E-03 1.056044154E+00 0.000000000E+00 1.600097054E+02
7.786420000E-03 1.073649119E+00 0.000000000E+00 1.592259344E+02
7.806540000E-03 1.084179884E+00 0.000000000E+00 1.588155572E+02
7.824560000E-03 1.094240962E+00 0.000000000E+00 1.584498042E+02
7.843630000E-03 1.104794923E+00 0.000000000E+00 1.580645696E+02
7.862700000E-03 1.115286246E+00 0.000000000E+00 1.576812037E+02
7.872240000E-03 1.120452556E+00 0.000000000E+00 1.574901172E+02
7.881780000E-03 1.125634071E+00 0.000000000E+00 1.572994933E+02
7.891310000E-03 1.130790524E+00 0.000000000E+00 1.571095293E+02
7.900850000E-03 1.135881059E+00 0.000000000E+00 1.569198251E+02
7.915150000E-03 1.143510736E+00 0.000000000E+00 1.566363240E+02
7.919920000E-03 1.146068167E+00 0.000000000E+00 1.565419853E+02
7.938990000E-03 1.156115986E+00 0.000000000E+00 1.561659607E+02
7.940180000E-03 1.156748277E+00 0.000000000E+00 1.561425560E+02
7.942420000E-03 1.157897503E+00 0.000000000E+00 1.560985191E+02
7.949260000E-03 1.161491812E+00 0.000000000E+00 1.559642030E+02
7.953660000E-03 1.163781452E+00 0.000000000E+00 1.558779229E+02
7.956960000E-03 1.165515183E+00 0.000000000E+00 1.558132754E+02
7.958060000E-03 1.166065931E+00 0.000000000E+00 1.557917382E+02
7.960450000E-03 1.167317486E+00 0.000000000E+00 1.557449642E+02
7.964620000E-03 1.169484704E+00 0.000000000E+00 1.556634215E+02
7.980710000E-03 1.177777877E+00 0.000000000E+00 1.553495867E+02
7.987410000E-03 1.181229883E+00 0.000000000E+00 1.552192763E+02
8.000000000E-03 1.187625018E+00 0.000000000E+00 1.549750000E+02
8.007950000E-03 1.191690494E+00 0.000000000E+00 1.548211465E+02
8.021150000E-03 1.198379963E+00 0.000000000E+00 1.545663652E+02
8.027750000E-03 1.201727355E+00 0.000000000E+00 1.544392887E+02
8.034350000E-03 1.205063486E+00 0.000000000E+00 1.543124210E+02
8.043880000E-03 1.209832444E+00 0.000000000E+00 1.541295991E+02
8.053420000E-03 1.214577735E+00 0.000000000E+00 1.539470188E+02
8.062950000E-03 1.219339276E+00 0.000000000E+00 1.537650612E+02
8.072490000E-03 1.224038544E+00 0.000000000E+00 1.535833429E+02
8.075930000E-03 1.225739829E+00 0.000000000E+00 1.535179230E+02
8.091560000E-03 1.233907937E+00 0.000000000E+00 1.532213813E+02
8.097590000E-03 1.237477327E+00 0.000000000E+00 1.531072825E+02
8.114560000E-03 1.247500409E+00 0.000000000E+00 1.527870889E+02
8.116120000E-03 1.248437564E+00 0.000000000E+00 1.527577217E+02
8.122910000E-03 1.252411835E+00 0.000000000E+00 1.526300304E+02
8.128010000E-03 1.255411718E+00 0.000000000E+00 1.525342612E+02
8.129700000E-03 1.256372487E+00 0.000000000E+00 1.525025524E+02
8.135560000E-03 1.259808336E+00 0.000000000E+00 1.523927056E+02
8.140530000E-03 1.262683528E+00 0.000000000E+00 1.522996660E+02
8.155440000E-03 1.271303798E+00 0.000000000E+00 1.520212275E+02
8.165380000E-03 1.277027305E+00 0.000000000E+00 1.518361668E+02
8.175320000E-03 1.282722191E+00 0.000000000E+00 1.516515561E+02
8.184810000E-03 1.288119575E+00 0.000000000E+00 1.514757215E+02
8.199040000E-03 1.296149046E+00 0.000000000E+00 1.512128249E+02
8.213260000E-03 1.304233931E+00 0.000000000E+00 1.509510231E+02
8.224110000E-03 1.310767098E+00 0.000000000E+00 1.507518747E+02
8.229530000E-03 1.314002158E+00 0.000000000E+00 1.506525889E+02
8.234950000E-03 1.317265571E+00 0.000000000E+00 1.505534338E+02
8.244890000E-03 1.323206732E+00 0.000000000E+00 1.503719273E+02
8.249860000E-03 1.326147732E+00 0.000000000E+00 1.502813381E+02
8.254830000E-03 1.329081416E+00 0.000000000E+00 1.501908580E+02
8.259800000E-03 1.332044719E+00 0.000000000E+00 1.501004867E+02
8.270980000E-03 1.338621039E+00 0.000000000E+00 1.498975938E+02
8.274710000E-03 1.340816965E+00 0.000000000E+00 1.498300243E+02
8.276530000E-03 1.341880345E+00 0.000000000E+00 1.497970768E+02
8.294590000E-03 1.352399755E+00 0.000000000E+00 1.494709202E+02
8.297070000E-03 1.353871961E+00 0.000000000E+00 1.494262432E+02
8.301420000E-03 1.356388262E+00 0.000000000E+00 1.493479429E+02
8.314470000E-03 1.363904432E+00 0.000000000E+00 1.491135334E+02
8.319360000E-03 1.366715268E+00 0.000000000E+00 1.490258866E+02
8.327930000E-03 1.372388281E+00 0.000000000E+00 1.488725289E+02
8.340780000E-03 1.381160833E+00 0.000000000E+00 1.486431725E+02
8.347210000E-03 1.385525735E+00 0.000000000E+00 1.485286701E+02
8.353640000E-03 1.389876751E+00 0.000000000E+00 1.484143439E+02
8.364050000E-03 1.396898841E+00 0.000000000E+00 1.482296256E+02
8.369250000E-03 1.400396815E+00 0.000000000E+00 1.481375273E+02
8.374460000E-03 1.403884832E+00 0.000000000E+00 1.480453665E+02
8.384690000E-03 1.410709276E+00 0.000000000E+00 1.478647392E+02
8.389810000E-03 1.414108076E+00 0.000000000E+00 1.477745026E+02
8.394920000E-03 1.417499276E+00 0.000000000E+00 1.476845521E+02
8.400100000E-03 1.420910597E+00 0.000000000E+00 1.475934810E+02
8.415380000E-03 1.430976704E+00 0.000000000E+00 1.473254921E+02
8.419410000E-03 1.433619635E+00 0.000000000E+00 1.472549739E+02
8.425860000E-03 1.437815909E+00 0.000000000E+00 1.471422502E+02
8.437790000E-03 1.445563596E+00 0.000000000E+00 1.469342091E+02
8.441450000E-03 1.447934044E+00 0.000000000E+00 1.468705021E+02
8.447840000E-03 1.452056006E+00 0.000000000E+00 1.467594083E+02
8.457440000E-03 1.458248229E+00 0.000000000E+00 1.465928224E+02
8.467030000E-03 1.464377190E+00 0.000000000E+00 1.464267872E+02
8.471900000E-03 1.467492728E+00 0.000000000E+00 1.463426150E+02
8.476770000E-03 1.470600802E+00 0.000000000E+00 1.462585395E+02
8.483110000E-03 1.474622165E+00 0.000000000E+00 1.461492306E+02
8.487860000E-03 1.477621784E+00 0.000000000E+00 1.460674422E+02
8.494990000E-03 1.482124963E+00 0.000000000E+00 1.459448451E+02
8.500340000E-03 1.486153949E+00 0.000000000E+00 1.458529894E+02
8.517490000E-03 1.500236284E+00 0.000000000E+00 1.455593138E+02
8.522650000E-03 1.504658248E+00 0.000000000E+00 1.454711856E+02
8.525770000E-03 1.507337904E+00 0.000000000E+00 1.454179505E+02
8.538820000E-03 1.518499547E+00 0.000000000E+00 1.451957062E+02
8.548300000E-03 1.526552245E+00 0.000000000E+00 1.450346853E+02
8.563690000E-03 1.539531029E+00 0.000000000E+00 1.447740402E+02
8.568820000E-03 1.543858688E+00 0.000000000E+00 1.446873665E+02
8.584220000E-03 1.556707687E+00 0.000000000E+00 1.444277989E+02
8.596090000E-03 1.566588944E+00 0.000000000E+00 1.442283643E+02
8.613910000E-03 1.581285853E+00 0.000000000E+00 1.439299923E+02
8.622820000E-03 1.588586957E+00 0.000000000E+00 1.437812688E+02
8.631730000E-03 1.595856692E+00 0.000000000E+00 1.436328523E+02
8.645780000E-03 1.607229966E+00 0.000000000E+00 1.433994388E+02
8.666310000E-03 1.623738176E+00 0.000000000E+00 1.430597336E+02
8.681380000E-03 1.635776443E+00 0.000000000E+00 1.428113963E+02
8.686830000E-03 1.640085203E+00 0.000000000E+00 1.427217984E+02
8.701840000E-03 1.651947570E+00 0.000000000E+00 1.424756144E+02
8.707350000E-03 1.656271388E+00 0.000000000E+00 1.423854560E+02
8.722310000E-03 1.667991718E+00 0.000000000E+00 1.421412447E+02
8.736190000E-03 1.678773101E+00 0.000000000E+00 1.419154116E+02
8.749320000E-03 1.689206189E+00 0.000000000E+00 1.417024409E+02
8.752640000E-03 1.691905116E+00 0.000000000E+00 1.416486911E+02
8.760410000E-03 1.698258793E+00 0.000000000E+00 1.415230566E+02
8.773800000E-03 1.712781544E+00 0.000000000E+00 1.413070733E+02
8.780940000E-03 1.720474454E+00 0.000000000E+00 1.411921730E+02
8.791650000E-03 1.731981519E+00 0.000000000E+00 1.410201726E+02
8.802350000E-03 1.743399665E+00 0.000000000E+00 1.408487506E+02
8.810370000E-03 1.751942550E+00 0.000000000E+00 1.407205373E+02
8.822400000E-03 1.764680190E+00 0.000000000E+00 1.405286543E+02
8.828420000E-03 1.771037219E+00 0.000000000E+00 1.404328294E+02
8.850350000E-03 1.794003857E+00 0.000000000E+00 1.400848554E+02
8.885410000E-03 1.830239977E+00 0.000000000E+00 1.395321094E+02
8.892900000E-03 1.838140912E+00 0.000000000E+00 1.394145892E+02
8.923880000E-03 1.880464521E+00 0.000000000E+00 1.389305997E+02
8.936450000E-03 1.898203817E+00 0.000000000E+00 1.387351801E+02
8.974410000E-03 1.951128156E+00 0.000000000E+00 1.381483574E+02
8.987160000E-03 1.968730164E+00 0.000000000E+00 1.379523676E+02
9.006300000E-03 1.994889448E+00 0.000000000E+00 1.376591941E+02
9.024000000E-03 2.018917436E+00 0.000000000E+00 1.373891844E+02
9.025470000E-03 2.021244403E+00 8.393762086E-07 1.373668075E+02
9.045060000E-03 2.053303432E+00 3.151814355E-06 1.370692953E+02
9.064640000E-03 2.087070741E+00 1.090822326E-05 1.367732199E+02
9.069180000E-03 2.095168503E+00 1.438033681E-05 1.367047517E+02
9.096450000E-03 2.146349487E+00 6.997346000E-05 1.362949282E+02
9.105800000E-03 2.165045512E+00 1.166306022E-04 1.361549781E+02
9.138360000E-03 2.235831623E+00 6.114831781E-04 1.356698576E+02
9.177580000E-03 2.337747338E+00 3.515249570E-03 1.350900782E+02
9.191080000E-03 2.379582918E+00 6.041365765E-03 1.348916558E+02
9.214230000E-03 2.459423984E+00 1.425044464E-02 1.345527516E+02
9.236130000E-03 2.545625477E+00 2.963831472E-02 1.342337104E+02
9.270490000E-03 2.701750462E+00 8.042552627E-02 1.337361887E+02
9.294510000E-03 2.821442833E+00 1.455638316E-01 1.333905714E+02
9.327230000E-03 2.984780932E+00 2.865032809E-01 1.329226362E+02
9.347240000E-03 3.070290203E+00 4.038857363E-01 1.326380835E+02
9.360110000E-03 3.115193281E+00 4.902805480E-01 1.324557083E+02
9.377250000E-03 3.156987685E+00 6.162330973E-01 1.322136021E+02
9.379960000E-03 3.162554042E+00 6.365522904E-01 1.321754037E+02
9.407260000E-03 3.167237973E+00 8.487559011E-01 1.317918289E+02
9.418390000E-03 3.169131399E+00 9.345105937E-01 1.316360864E+02
9.441150000E-03 3.122011561E+00 1.097289963E+00 1.313187482E+02
9.471690000E-03 3.018573895E+00 1.277521524E+00 1.308953312E+02
9.510850000E-03 2.854563731E+00 1.430456625E+00 1.303563824E+02
9.553010000E-03 2.691003148E+00 1.509084259E+00 1.297810847E+02
9.578370000E-03 2.614395055E+00 1.527700688E+00 1.294374721E+02
9.601750000E-03 2.559557298E+00 1.536102885E+00 1.291222954E+02
9.623640000E-03 2.521062792E+00 1.540527479E+00 1.288285929E+02
9.640560000E-03 2.501664663E+00 1.543676697E+00 1.286024878E+02
9.674800000E-03 2.481126071E+00 1.556016463E+00 1.281473519E+02
9.702560000E-03 2.473171188E+00 1.579578626E+00 1.277807094E+02
9.745730000E-03 2.482766911E+00 1.648533463E+00 1.272146879E+02
9.772580000E-03 2.478163975E+00 1.714674430E+00 1.268651676E+02
9.799060000E-03 2.465517296E+00 1.793446331E+00 1.265223399E+02
9.836520000E-03 2.411325043E+00 1.913269189E+00 1.260405103E+02
9.851380000E-03 2.377720866E+00 1.958555901E+00 1.258503885E+02
9.864880000E-03 2.341862439E+00 1.996784785E+00 1.256781633E+02
9.891110000E-03 2.261621590E+00 2.059833430E+00 1.253448804E+02
1.000500000E-02 1.908682066E+00 2.158580953E+00 1.239180410E+02
1.006440000E-02 1.774118712E+00 2.148146482E+00 1.231866778E+02
1.008930000E-02 1.724062025E+00 2.141178525E+00 1.228826579E+02
1.015490000E-02 1.609844492E+00 2.119807342E+00 1.220888438E+02
1.016930000E-02 1.587954325E+00 2.115164649E+00 1.219159628E+02
1.023290000E-02 1.492785336E+00 2.094870411E+00 1.211582249E+02
1.025310000E-02 1.465787000E+00 2.087977730E+00 1.209195268E+02
1.035290000E-02 1.347495547E+00 2.054399128E+00 1.197538854E+02
1.041650000E-02 1.279481711E+00 2.032603337E+00 1.190227044E+02
1.047570000E-02 1.221735588E+00 2.012419135E+00 1.183500864E+02
1.060000000E-02 1.111801901E+00 1.970988169E+00 1.169622642E+02
1.078240000E-02 9.763664835E-01 1.906165496E+00 1.149836771E+02
1.090360000E-02 8.998874857E-01 1.864172970E+00 1.137055651E+02
1.093050000E-02 8.834108665E-01 1.855042515E+00 1.134257353E+02
1.095730000E-02 8.671156036E-01 1.846012834E+00 1.131483121E+02
1.096480000E-02 8.625841326E-01 1.843496704E+00 1.130709178E+02
1.098410000E-02 8.519198992E-01 1.836401990E+00 1.128722426E+02
1.101100000E-02 8.372711650E-01 1.826580281E+00 1.125964944E+02
1.103780000E-02 8.227429320E-01 1.816867376E+00 1.123231079E+02
1.106460000E-02 8.083777672E-01 1.807227026E+00 1.120510457E+02
1.109150000E-02 7.941570577E-01 1.797624061E+00 1.117792904E+02
1.111830000E-02 7.802147037E-01 1.788102516E+00 1.115098531E+02
1.114520000E-02 7.668791890E-01 1.778554860E+00 1.112407135E+02
1.117200000E-02 7.539324054E-01 1.769085770E+00 1.109738632E+02
1.120550000E-02 7.382324651E-01 1.757318410E+00 1.106420954E+02
1.121060000E-02 7.358855455E-01 1.755539522E+00 1.105917614E+02
1.123910000E-02 7.230078644E-01 1.745566837E+00 1.103113239E+02
1.125250000E-02 7.170835671E-01 1.740886808E+00 1.101799600E+02
1.126590000E-02 7.111683796E-01 1.736226081E+00 1.100489087E+02
1.127940000E-02 7.052873095E-01 1.731549890E+00 1.099171942E+02
1.129280000E-02 6.994298469E-01 1.726923643E+00 1.097867668E+02
1.130620000E-02 6.936206659E-01 1.722312481E+00 1.096566486E+02
1.131730000E-02 6.888337146E-01 1.718508964E+00 1.095490974E+02
1.132280000E-02 6.864250840E-01 1.716625735E+00 1.094958844E+02
1.133620000E-02 6.806792160E-01 1.712054434E+00 1.093664544E+02
1.138410000E-02 6.608963215E-01 1.695522279E+00 1.089062816E+02
1.141200000E-02 6.499053387E-01 1.685849669E+00 1.086400280E+02
1.144040000E-02 6.389030944E-01 1.676050741E+00 1.083703367E+02
1.146780000E-02 6.284087157E-01 1.666637850E+00 1.081114076E+02
1.148170000E-02 6.230991164E-01 1.661888558E+00 1.079805255E+02
1.149570000E-02 6.178419749E-01 1.657128520E+00 1.078490218E+02
1.150960000E-02 6.125857686E-01 1.652415423E+00 1.077187739E+02
1.152350000E-02 6.073749855E-01 1.647720230E+00 1.075888402E+02
1.153750000E-02 6.021783996E-01 1.643014372E+00 1.074582882E+02
1.154450000E-02 5.995994383E-01 1.640667237E+00 1.073931309E+02
1.156540000E-02 5.920264712E-01 1.633428629E+00 1.071990593E+02
1.157230000E-02 5.895226909E-01 1.631016834E+00 1.071351417E+02
1.157580000E-02 5.882673078E-01 1.629797637E+00 1.071027488E+02
1.157840000E-02 5.873438188E-01 1.628891048E+00 1.070786983E+02
1.158020000E-02 5.867208821E-01 1.628268267E+00 1.070620542E+02
1.158190000E-02 5.861287548E-01 1.627677655E+00 1.070463395E+02
1.158350000E-02 5.855486056E-01 1.627122923E+00 1.070315535E+02
1.159530000E-02 5.813342317E-01 1.623024319E+00 1.069226324E+02
1.160420000E-02 5.781795418E-01 1.619944670E+00 1.068406267E+02
1.160720000E-02 5.771264360E-01 1.618911117E+00 1.068130126E+02
1.163510000E-02 5.673202212E-01 1.609316514E+00 1.065568839E+02
1.165000000E-02 5.621172672E-01 1.604217293E+00 1.064206009E+02
1.167690000E-02 5.536042370E-01 1.594710445E+00 1.061754404E+02
1.170480000E-02 5.448840699E-01 1.584924039E+00 1.059223566E+02
1.171870000E-02 5.405530855E-01 1.580073388E+00 1.057967181E+02
1.174660000E-02 5.319460863E-01 1.570398999E+00 1.055454344E+02
1.177450000E-02 5.234438930E-01 1.560798454E+00 1.052953416E+02
1.180240000E-02 5.150633896E-01 1.551263799E+00 1.050464312E+02
1.183720000E-02 5.049515046E-01 1.539431329E+00 1.047376069E+02
1.188600000E-02 4.919839843E-01 1.522716417E+00 1.043075888E+02
1.190720000E-02 4.864552543E-01 1.515526303E+00 1.041218758E+02
1.194940000E-02 4.757013389E-01 1.501293923E+00 1.037541634E+02
1.201840000E-02 4.585495568E-01 1.478354642E+00 1.031584903E+02
1.207430000E-02 4.451711401E-01 1.459988664E+00 1.026809008E+02
1.216550000E-02 4.239347092E-01 1.430613473E+00 1.019111422E+02
1.231700000E-02 3.943923879E-01 1.381315248E+00 1.006576277E+02
1.247290000E-02 3.664247240E-01 1.332011967E+00 9.939949811E+01
1.281540000E-02 3.169238775E-01 1.228115511E+00 9.674298110E+01
1.453210000E-02 2.373742315E-01 7.960136770E-01 8.531457945E+01
1.547690000E-02 2.614675677E-01 6.208874741E-01 8.010648127E+01
1.607530000E-02 2.880712678E-01 5.301486213E-01 7.712453267E+01
1.627460000E-02 2.983648509E-01 5.030226723E-01 7.618005972E+01
1.650850000E-02 3.110275676E-01 4.729851749E-01 7.510070570E+01
1.677190000E-02 3.258011762E-01 4.413645859E-01 7.392126116E+01
1.694830000E-02 3.359134409E-01 4.215730512E-01 7.315187954E+01
1.703790000E-02 3.410491935E-01 4.118516284E-01 7.276718375E+01
1.715540000E-02 3.478199169E-01 3.994399775E-01 7.226879000E+01
1.719310000E-02 3.500549632E-01 3.955559683E-01 7.211032333E+01
1.724980000E-02 3.533896527E-01 3.897800047E-01 7.187329708E+01
1.729230000E-02 3.558735230E-01 3.854930078E-01 7.169665111E+01
1.730640000E-02 3.566872311E-01 3.840747167E-01 7.163823788E+01
1.739160000E-02 3.616093396E-01 3.756164385E-01 7.128728812E+01
1.743420000E-02 3.641121655E-01 3.714754897E-01 7.111309954E+01
1.747680000E-02 3.666064497E-01 3.673704030E-01 7.093976014E+01
1.751940000E-02 3.690758173E-01 3.633016229E-01 7.076726372E+01
1.754070000E-02 3.703206836E-01 3.612951549E-01 7.068132971E+01
1.756200000E-02 3.716021981E-01 3.593324583E-01 7.059560415E+01
1.758330000E-02 3.728793549E-01 3.573782057E-01 7.051008628E+01
1.760460000E-02 3.741521744E-01 3.554331659E-01 7.042477534E+01
1.763660000E-02 3.760568528E-01 3.525276353E-01 7.029699602E+01
1.767920000E-02 3.785766910E-01 3.486866281E-01 7.012760758E+01
1.769510000E-02 3.795079605E-01 3.472567673E-01 7.006459415E+01
1.771930000E-02 3.809289457E-01 3.450976816E-01 6.996890396E+01
1.772990000E-02 3.815487853E-01 3.441523901E-01 6.992707235E+01
1.773510000E-02 3.818553481E-01 3.436943836E-01 6.990656946E+01
1.777640000E-02 3.842540712E-01 3.400430193E-01 6.974415517E+01
1.778560000E-02 3.848033461E-01 3.392399009E-01 6.970807845E+01
1.781760000E-02 3.866938009E-01 3.364747377E-01 6.958288434E+01
1.783890000E-02 3.879438468E-01 3.346420856E-01 6.949980100E+01
1.786020000E-02 3.891896779E-01 3.328180030E-01 6.941691582E+01
1.788150000E-02 3.904391896E-01 3.310008693E-01 6.933422811E+01
1.790280000E-02 3.916766300E-01 3.291922218E-01 6.925173716E+01
1.792410000E-02 3.929412694E-01 3.274116128E-01 6.916944226E+01
1.794540000E-02 3.942094426E-01 3.256455635E-01 6.908734272E+01
1.798800000E-02 3.967328974E-01 3.221357753E-01 6.892372693E+01
1.803060000E-02 3.992392955E-01 3.186554819E-01 6.876088427E+01
1.807320000E-02 4.017365035E-01 3.152036128E-01 6.859880929E+01
1.815840000E-02 4.066653457E-01 3.083878290E-01 6.827694070E+01
1.818390000E-02 4.081302608E-01 3.063688321E-01 6.818119325E+01
1.821670000E-02 4.100396326E-01 3.038079221E-01 6.805842990E+01
1.832810000E-02 4.165222606E-01 2.953022928E-01 6.764476405E+01
1.848590000E-02 4.256820660E-01 2.837497166E-01 6.706733240E+01
1.871180000E-02 4.386166163E-01 2.680228570E-01 6.625765560E+01
1.916640000E-02 4.641154124E-01 2.393504934E-01 6.468611737E+01
1.944670000E-02 4.793390872E-01 2.233095429E-01 6.375374742E+01
1.982040000E-02 4.991335874E-01 2.037468331E-01 6.255171440E+01
2.113820000E-02 5.637798114E-01 1.496993788E-01 5.865210850E+01
2.293220000E-02 6.363344295E-01 9.958492550E-02 5.406371827E+01
2.481000000E-02 6.978192967E-01 6.691664348E-02 4.997178557E+01
2.676770000E-02 7.483932684E-01 4.567570955E-02 4.631701640E+01
2.873100000E-02 7.881979738E-01 3.217455284E-02 4.315199610E+01
3.085510000E-02 8.220245562E-01 2.278614219E-02 4.018136386E+01
3.331530000E-02 8.529622919E-01 1.590916643E-02 3.721413285E+01
3.621410000E-02 8.810135523E-01 1.098402322E-02 3.423528405E+01
3.952620000E-02 9.048099396E-01 7.668690909E-03 3.136653663E+01
4.301240000E-02 9.242529954E-01 5.600056475E-03 2.882424603E+01
4.731510000E-02 9.417509821E-01 4.094980545E-03 2.620305146E+01
5.038200000E-02 9.511795556E-01 3.412837389E-03 2.460799492E+01
5.130880000E-02 9.538504936E-01 3.248115545E-03 2.416349632E+01
5.242620000E-02 9.569274832E-01 3.067461048E-03 2.364848110E+01
5.305850000E-02 9.585652274E-01 2.976438534E-03 2.336666133E+01
5.338340000E-02 9.593808922E-01 2.930562179E-03 2.322444805E+01
5.353200000E-02 9.597475817E-01 2.909823961E-03 2.315997908E+01
5.369830000E-02 9.601545991E-01 2.886824228E-03 2.308825419E+01
5.374750000E-02 9.602737195E-01 2.880068153E-03 2.306711940E+01
5.401210000E-02 9.609097582E-01 2.844598303E-03 2.295411584E+01
5.414440000E-02 9.612242619E-01 2.827501015E-03 2.289802824E+01
5.417220000E-02 9.612897950E-01 2.823930348E-03 2.288627746E+01
5.427660000E-02 9.615351708E-01 2.810555326E-03 2.284225615E+01
5.440890000E-02 9.618428091E-01 2.794028234E-03 2.278671320E+01
5.449060000E-02 9.620317849E-01 2.783993669E-03 2.275254815E+01
5.463890000E-02 9.623717412E-01 2.765906900E-03 2.269079356E+01
5.473890000E-02 9.625990328E-01 2.753793090E-03 2.264934078E+01
5.483890000E-02 9.628257557E-01 2.741757539E-03 2.260803918E+01
5.491330000E-02 9.629923986E-01 2.732921709E-03 2.257740839E+01
5.504250000E-02 9.632806431E-01 2.717787694E-03 2.252441295E+01
5.504950000E-02 9.632966292E-01 2.716963593E-03 2.252154879E+01
5.510970000E-02 9.634298437E-01 2.709952986E-03 2.249694700E+01
5.517940000E-02 9.635842084E-01 2.701870427E-03 2.246852992E+01
5.520270000E-02 9.636356038E-01 2.699168607E-03 2.245904639E+01
5.537230000E-02 9.640066955E-01 2.679653057E-03 2.239025650E+01
5.550560000E-02 9.642962633E-01 2.664443566E-03 2.233648497E+01
5.563890000E-02 9.645826591E-01 2.649178051E-03 2.228297109E+01
5.575150000E-02 9.648236186E-01 2.636130050E-03 2.223796669E+01
5.589660000E-02 9.651301399E-01 2.619809825E-03 2.218023994E+01
5.599640000E-02 9.653651625E-01 2.608656573E-03 2.214070905E+01
5.612870000E-02 9.656737354E-01 2.593967230E-03 2.208852156E+01
5.624660000E-02 9.659472456E-01 2.581010440E-03 2.204222122E+01
5.630560000E-02 9.660821236E-01 2.574849569E-03 2.201912421E+01
5.639330000E-02 9.662825663E-01 2.565738560E-03 2.198488118E+01
5.643900000E-02 9.663861671E-01 2.561008001E-03 2.196707950E+01
5.657230000E-02 9.666883926E-01 2.547277207E-03 2.191531898E+01
5.683900000E-02 9.673175438E-01 2.520107752E-03 2.181248790E+01
5.698660000E-02 9.676673196E-01 2.505239875E-03 2.175599176E+01
5.743340000E-02 9.687051595E-01 2.460961393E-03 2.158674221E+01
5.774800000E-02 9.694175196E-01 2.430928081E-03 2.146914179E+01
5.920140000E-02 9.725318522E-01 2.301544216E-03 2.094207232E+01
5.949290000E-02 9.731226978E-01 2.277152796E-03 2.083946152E+01
5.963860000E-02 9.734145957E-01 2.265126579E-03 2.078854970E+01
5.978430000E-02 9.737032661E-01 2.253260868E-03 2.073788603E+01
5.993000000E-02 9.739901482E-01 2.241483631E-03 2.068746871E+01
6.037120000E-02 9.748415658E-01 2.206795936E-03 2.053628220E+01
6.051950000E-02 9.751228646E-01 2.195732609E-03 2.048595907E+01
6.066770000E-02 9.754009516E-01 2.184751312E-03 2.043591565E+01
6.081590000E-02 9.756766267E-01 2.173850846E-03 2.038611613E+01
6.098690000E-02 9.759915931E-01 2.161291545E-03 2.032895589E+01
6.119430000E-02 9.763699386E-01 2.145771786E-03 2.026005690E+01
6.134490000E-02 9.766410806E-01 2.134599943E-03 2.021031903E+01
6.149480000E-02 9.769326367E-01 2.123566671E-03 2.016105427E+01
6.162890000E-02 9.772106186E-01 2.113851224E-03 2.011718528E+01
6.184690000E-02 9.776685958E-01 2.098468563E-03 2.004627556E+01
6.210390000E-02 9.782206632E-01 2.081319456E-03 1.996331953E+01
6.239930000E-02 9.788991994E-01 2.065398601E-03 1.986881263E+01
6.260770000E-02 9.794377959E-01 2.063024578E-03 1.980267603E+01
6.278920000E-02 9.799404178E-01 2.076749982E-03 1.974543393E+01
6.300540000E-02 9.805847526E-01 2.132790592E-03 1.967767842E+01
6.340980000E-02 9.818907759E-01 2.464882615E-03 1.955218279E+01
6.388010000E-02 9.832593219E-01 3.365854511E-03 1.940823512E+01
6.469910000E-02 9.843795742E-01 5.376198838E-03 1.916255404E+01
6.852690000E-02 9.861348923E-01 6.629273068E-03 1.809216527E+01
7.120450000E-02 9.888722750E-01 6.792819926E-03 1.741182088E+01
7.413100000E-02 9.918851641E-01 7.390563793E-03 1.672444726E+01
7.673620000E-02 9.943463034E-01 8.286628098E-03 1.615665097E+01
7.954050000E-02 9.966028832E-01 9.576852004E-03 1.558702799E+01
8.191110000E-02 9.981258233E-01 1.085247001E-02 1.513592175E+01
8.338230000E-02 9.988839634E-01 1.168632661E-02 1.486886306E+01
8.530720000E-02 9.995597998E-01 1.281986107E-02 1.453335709E+01
8.850000000E-02 1.000386503E+00 1.453809206E-02 1.400903955E+01
8.925000000E-02 1.000491009E+00 1.490919044E-02 1.389131653E+01
9.082860000E-02 1.000617568E+00 1.565220117E-02 1.364988561E+01
9.150000000E-02 1.000636514E+00 1.594253953E-02 1.354972678E+01
9.300000000E-02 1.000629250E+00 1.654587268E-02 1.333118280E+01
9.375000000E-02 1.000598878E+00 1.681892395E-02 1.322453333E+01
9.486800000E-02 1.000528320E+00 1.719524586E-02 1.306868491E+01
9.580000000E-02 1.000448664E+00 1.747841228E-02 1.294154489E+01
9.660510000E-02 1.000373213E+00 1.770307854E-02 1.283369097E+01
9.772370000E-02 1.000254749E+00 1.797921170E-02 1.268678939E+01
9.925000000E-02 1.000083092E+00 1.831345193E-02 1.249168766E+01
9.980000000E-02 1.000012643E+00 1.841659516E-02 1.242284569E+01
1.011650000E-01 9.998299597E-01 1.864409825E-02 1.225522661E+01
1.026240000E-01 9.996281507E-01 1.884111477E-02 1.208099470E+01
1.047130000E-01 9.993375875E-01 1.906365319E-02 1.183998166E+01
1.080000000E-01 9.988750721E-01 1.928912348E-02 1.147962963E+01
1.144850000E-01 9.979824394E-01 1.939586719E-02 1.082936629E+01
1.209210000E-01 9.971410080E-01 1.921978419E-02 1.025297508E+01
1.291500000E-01 9.961215425E-01 1.869758662E-02 9.599690283E+00
1.462760000E-01 9.944075672E-01 1.674763721E-02 8.475758156E+00
1.546780000E-01 9.939564074E-01 1.555456151E-02 8.015360943E+00
1.593110000E-01 9.939065840E-01 1.487149932E-02 7.782262367E+00
1.622150000E-01 9.941092112E-01 1.454861843E-02 7.642943008E+00
1.670200000E-01 9.938034568E-01 1.451361212E-02 7.423063106E+00
1.716550000E-01 9.935119405E-01 1.407998411E-02 7.222626780E+00
1.888780000E-01 9.928563873E-01 1.194913100E-02 6.564025456E+00
2.077300000E-01 9.928753043E-01 9.932179289E-03 5.968324267E+00
2.144140000E-01 9.929660385E-01 9.309719314E-03 5.782271680E+00
2.178820000E-01 9.930314618E-01 9.004467906E-03 5.690235999E+00
2.208180000E-01 9.931161124E-01 8.746159454E-03 5.614578522E+00
2.230360000E-01 9.932109839E-01 8.572918705E-03 5.558743880E+00
2.258590000E-01 9.933307585E-01 8.465159694E-03 5.489265427E+00
2.323810000E-01 9.932522381E-01 8.119177866E-03 5.335203825E+00
2.709600000E-01 9.938228981E-01 5.649257043E-03 4.575583112E+00
3.180530000E-01 9.948306239E-01 3.732633346E-03 3.898092456E+00
3.737290000E-01 9.958753626E-01 2.382964759E-03 3.317377030E+00
4.408330000E-01 9.968367663E-01 1.474382675E-03 2.812402883E+00
5.211050000E-01 9.976399376E-01 8.894279061E-04 2.379175022E+00
6.309570000E-01 9.983513998E-01 4.893985030E-04 1.964951653E+00
7.597340000E-01 9.988570835E-01 2.697002405E-04 1.631886950E+00
9.054720000E-01 9.992049041E-01 1.518188959E-04 1.369230633E+00
1.070840000E+00 9.994502331E-01 8.686832304E-05 1.157782675E+00
1.188500000E+00 9.995727083E-01 6.116170719E-05 1.043163652E+00
1.283480000E+00 9.996558505E-01 4.710904936E-05 9.659675258E-01
1.337370000E+00 9.997021306E-01 4.095874813E-05 9.270433762E-01
1.381060000E+00 9.997443511E-01 3.669160165E-05 8.977162469E-01
1.404930000E+00 9.997756554E-01 3.481284438E-05 8.824638950E-01
1.413200000E+00 9.997912167E-01 3.547645161E-05 8.772997453E-01
1.418840000E+00 9.998039812E-01 3.808146970E-05 8.738124101E-01
1.423550000E+00 9.998156296E-01 4.288782098E-05 8.709212883E-01
1.428300000E+00 9.998272559E-01 5.099266271E-05 8.680249247E-01
1.434270000E+00 9.998390604E-01 6.575631991E-05 8.644118611E-01
1.442360000E+00 9.998455528E-01 8.982238876E-05 8.595634932E-01
1.450610000E+00 9.998415957E-01 1.104539362E-04 8.546749299E-01
1.460200000E+00 9.998332800E-01 1.241413985E-04 8.490617724E-01
1.478450000E+00 9.998269226E-01 1.422299889E-04 8.385809463E-01
1.492000000E+00 9.998162270E-01 1.584511681E-04 8.309651475E-01
1.506460000E+00 9.997987440E-01 1.648500172E-04 8.229889941E-01
1.528130000E+00 9.997818097E-01 1.605119126E-04 8.113184088E-01
1.560950000E+00 9.997718989E-01 1.502423750E-04 7.942599058E-01
1.600790000E+00 9.997705169E-01 1.382791684E-04 7.744925943E-01
1.623640000E+00 9.997750715E-01 1.333884345E-04 7.635929147E-01
1.644230000E+00 9.997784683E-01 1.358787371E-04 7.540307621E-01
1.685230000E+00 9.997714410E-01 1.317108399E-04 7.356859301E-01
1.731370000E+00 9.997721240E-01 1.201744654E-04 7.160803295E-01
1.798870000E+00 9.997783691E-01 1.054380295E-04 6.892104488E-01
1.873170000E+00 9.997878840E-01 9.173205749E-05 6.618726544E-01
1.962850000E+00 9.998004790E-01 7.804523430E-05 6.316325751E-01
2.064460000E+00 9.998148495E-01 6.556562934E-05 6.005444523E-01
2.168490000E+00 9.998288289E-01 5.527875272E-05 5.717342483E-01
2.269950000E+00 9.998415050E-01 4.714216532E-05 5.461794313E-01
2.361320000E+00 9.998520017E-01 4.105496932E-05 5.250453136E-01
2.460460000E+00 9.998624745E-01 3.551162185E-05 5.038895166E-01
2.533210000E+00 9.998695570E-01 3.202135200E-05 4.894185638E-01
2.630270000E+00 9.998783146E-01 2.800737750E-05 4.713584537E-01
2.721750000E+00 9.998858709E-01 2.479641428E-05 4.555157527E-01
2.818110000E+00 9.998931545E-01 2.190176540E-05 4.399402436E-01
2.904860000E+00 9.998991712E-01 1.965591466E-05 4.268019801E-01
2.985380000E+00 9.999043396E-01 1.782525988E-05 4.152905158E-01
3.041970000E+00 9.999077507E-01 1.665898045E-05 4.075648346E-01
3.101290000E+00 9.999111421E-01 1.553427979E-05 3.997691283E-01
3.131990000E+00 9.999128345E-01 1.499287847E-05 3.958505615E-01
3.178250000E+00 9.999152965E-01 1.421696522E-05 3.900888854E-01
3.199230000E+00 9.999163813E-01 1.388468064E-05 3.875307496E-01
3.237830000E+00 9.999183249E-01 1.329528703E-05 3.829107767E-01
3.261870000E+00 9.999195020E-01 1.294494962E-05 3.800887221E-01
3.300440000E+00 9.999213405E-01 1.240604535E-05 3.756468834E-01
3.337620000E+00 9.999230563E-01 1.191103027E-05 3.714622995E-01
3.414640000E+00 9.999264460E-01 1.096492322E-05 3.630836633E-01
3.506300000E+00 9.999302073E-01 9.960860030E-06 3.535921056E-01
3.560760000E+00 9.999323096E-01 9.416802250E-06 3.481840955E-01
3.669690000E+00 9.999362515E-01 8.439019085E-06 3.378487011E-01
3.834860000E+00 9.999416177E-01 7.188813045E-06 3.232973303E-01
3.951280000E+00 9.999450122E-01 6.443378978E-06 3.137717398E-01
4.047820000E+00 9.999476129E-01 5.895441596E-06 3.062883231E-01
4.185220000E+00 9.999510200E-01 5.214347154E-06 2.962329340E-01
4.414510000E+00 9.999560220E-01 4.287239812E-06 2.808465719E-01
4.534140000E+00 9.999583374E-01 3.885457845E-06 2.734366385E-01
4.589760000E+00 9.999593532E-01 3.714149912E-06 2.701230565E-01
4.607200000E+00 9.999596641E-01 3.661951202E-06 2.691005383E-01
4.667780000E+00 9.999607176E-01 3.489817545E-06 2.656080621E-01
4.769110000E+00 9.999623920E-01 3.223243000E-06 2.599646475E-01
5.150800000E+00 9.999678346E-01 2.423374891E-06 2.407004737E-01
5.871510000E+00 9.999753695E-01 1.488502378E-06 2.111552224E-01
6.671530000E+00 9.999810261E-01 9.228919580E-07 1.858344338E-01
7.567040000E+00 9.999853415E-01 5.745862927E-07 1.638421364E-01
8.594080000E+00 9.999887182E-01 3.552555614E-07 1.442620967E-01
9.741410000E+00 9.999913017E-01 2.208275745E-07 1.272711035E-01
1.061340000E+01 9.999927415E-01 1.593326376E-07 1.168145929E-01
1.125700000E+01 9.999936136E-01 1.272736297E-07 1.101359154E-01
1.169350000E+01 9.999941439E-01 1.100939783E-07 1.060247146E-01
1.202620000E+01 9.999945338E-01 9.889474261E-08 1.030915834E-01
1.223320000E+01 9.999947880E-01 9.268133202E-08 1.013471536E-01
1.232960000E+01 9.999949215E-01 9.137671911E-08 1.005547625E-01
1.238110000E+01 9.999950026E-01 9.459382365E-08 1.001364984E-01
1.241560000E+01 9.999950624E-01 1.014181717E-07 9.985824286E-02
1.244510000E+01 9.999951167E-01 1.125026674E-07 9.962153779E-02
1.247730000E+01 9.999951780E-01 1.324178128E-07 9.936444583E-02
1.251060000E+01 9.999952409E-01 1.637788096E-07 9.909996323E-02
1.254970000E+01 9.999953077E-01 2.152877447E-07 9.879120616E-02
1.260390000E+01 9.999953719E-01 3.073545639E-07 9.836637866E-02
1.265790000E+01 9.999954012E-01 4.030836917E-07 9.794673682E-02
1.270690000E+01 9.999953953E-01 4.743951213E-07 9.756903729E-02
1.276990000E+01 9.999953685E-01 5.294971593E-07 9.708768275E-02
1.286040000E+01 9.999953392E-01 5.504275739E-07 9.640446642E-02
1.295850000E+01 9.999953400E-01 5.415283834E-07 9.567465370E-02
1.311160000E+01 9.999953817E-01 5.203564451E-07 9.455749108E-02
1.330650000E+01 9.999954601E-01 4.937748555E-07 9.317250968E-02
1.358700000E+01 9.999955911E-01 4.584260114E-07 9.124898800E-02
1.394270000E+01 9.999957675E-01 4.176088844E-07 8.892108415E-02
1.433590000E+01 9.999959619E-01 3.777708898E-07 8.648218807E-02
1.484070000E+01 9.999962012E-01 3.336469622E-07 8.354053380E-02
1.531850000E+01 9.999964134E-01 2.978769952E-07 8.093481738E-02
1.573560000E+01 9.999965868E-01 2.700548697E-07 7.878949643E-02
1.610510000E+01 9.999967319E-01 2.480955207E-07 7.698182563E-02
1.650770000E+01 9.999968810E-01 2.266807403E-07 7.510434524E-02
1.693380000E+01 9.999970287E-01 2.065275493E-07 7.321451771E-02
1.737020000E+01 9.999971702E-01 1.880655109E-07 7.137511370E-02
1.777680000E+01 9.999972937E-01 1.727421930E-07 6.974258584E-02
1.812650000E+01 9.999973939E-01 1.608609826E-07 6.839709817E-02
1.826110000E+01 9.999974310E-01 1.565068069E-07 6.789295278E-02
1.872210000E+01 9.999975527E-01 1.427841641E-07 6.622120382E-02
1.916270000E+01 9.999976614E-01 1.311025921E-07 6.469860719E-02
1.964950000E+01 9.999977735E-01 1.195035043E-07 6.309575307E-02
2.019370000E+01 9.999978898E-01 1.079417460E-07 6.139538569E-02
2.102950000E+01 9.999980520E-01 9.277813741E-08 5.895527711E-02
2.235500000E+01 9.999982740E-01 7.384138248E-08 5.545962872E-02
2.380800000E+01 9.999984771E-01 5.833780228E-08 5.207493280E-02
2.579870000E+01 9.999987023E-01 4.310572886E-08 4.805668503E-02
2.864360000E+01 9.999989473E-01 2.897516803E-08 4.328366546E-02
3.265870000E+01 9.999991907E-01 1.756089844E-08 3.796231938E-02
3.686810000E+01 9.999993655E-01 1.101710173E-08 3.362798734E-02
4.174420000E+01 9.999995056E-01 6.806753811E-09 2.969993436E-02
4.698070000E+01 9.999996101E-01 4.298324479E-09 2.638955997E-02
5.287770000E+01 9.999996926E-01 2.702076163E-09 2.344655687E-02
5.974820000E+01 9.999997595E-01 1.670894548E-09 2.075041591E-02
6.698260000E+01 9.999998088E-01 1.062752658E-09 1.850928450E-02
7.329850000E+01 9.999998404E-01 7.435786057E-10 1.691439798E-02
7.931300000E+01 9.999998638E-01 5.430741285E-10 1.563173755E-02
8.367630000E+01 9.999998776E-01 4.385747987E-10 1.481662072E-02
8.654960000E+01 9.999998857E-01 3.834318714E-10 1.432473403E-02
8.984220000E+01 9.999998939E-01 3.302509416E-10 1.379975112E-02
9.100070000E+01 9.999998966E-01 3.138244875E-10 1.362407102E-02
9.146680000E+01 9.999998977E-01 3.074613996E-10 1.355464496E-02
9.407550000E+01 9.999999033E-01 2.748886010E-10 1.317877662E-02
9.832990000E+01 9.999999115E-01 2.302829166E-10 1.260857582E-02
1.046190000E+02 9.999999218E-01 1.796459993E-10 1.185061987E-02
1.136560000E+02 9.999999338E-01 1.288820956E-10 1.090835504E-02
1.260310000E+02 9.999999462E-01 8.518711627E-11 9.837262261E-03
1.412500000E+02 9.999999572E-01 5.395765189E-11 8.777345133E-03
1.581130000E+02 9.999999658E-01 3.434870676E-11 7.841227477E-03
1.771890000E+02 9.999999728E-01 2.176733141E-11 6.997048350E-03
1.986530000E+02 9.999999784E-01 1.382473460E-11 6.241033360E-03
2.230190000E+02 9.999999828E-01 8.731244836E-12 5.559167605E-03
2.500760000E+02 9.999999863E-01 5.562970449E-12 4.957692861E-03
2.797010000E+02 9.999999891E-01 3.593226240E-12 4.432590516E-03
3.129430000E+02 9.999999913E-01 2.327061913E-12 3.961743832E-03
3.525620000E+02 9.999999931E-01 1.477088403E-12 3.516544608E-03
3.981070000E+02 9.999999946E-01 9.356522111E-13 3.114238132E-03
4.494000000E+02 9.999999958E-01 5.986848028E-13 2.758789497E-03
5.070240000E+02 9.999999967E-01 3.874514926E-13 2.445249140E-03
5.757880000E+02 9.999999974E-01 2.474406304E-13 2.153223061E-03
6.587950000E+02 9.999999980E-01 1.559854724E-13 1.881920780E-03
7.498940000E+02 9.999999985E-01 1.015567572E-13 1.653300333E-03
8.766040000E+02 9.999999989E-01 6.168007438E-14 1.414321632E-03
1.011580000E+03 9.999999992E-01 3.960986836E-14 1.225607466E-03
1.228710000E+03 9.999999994E-01 2.187564826E-14 1.009025726E-03
1.477240000E+03 9.999999996E-01 1.245345982E-14 8.392678238E-04
1.776030000E+03 9.999999997E-01 7.089626701E-15 6.980737938E-04
2.135260000E+03 9.999999998E-01 4.036028468E-15 5.806318668E-04
2.567150000E+03 9.999999999E-01 2.297655457E-15 4.829480163E-04
3.086390000E+03 9.999999999E-01 1.308030263E-15 4.016990724E-04
3.710660000E+03 9.999999999E-01 7.446431271E-16 3.341184587E-04
4.461190000E+03 1.000000000E+00 4.239178752E-16 2.779079125E-04
5.363530000E+03 1.000000000E+00 2.413309924E-16 2.311537364E-04
6.448380000E+03 1.000000000E+00 1.373868637E-16 1.922653442E-04
7.752660000E+03 1.000000000E+00 7.821270005E-17 1.599193051E-04
9.320750000E+03 1.000000000E+00 4.452531548E-17 1.330150471E-04
1.000000000E+04 0.000000000E+00 0.000000000E+00 1.239800000E-04
