# 11/08/2021 
# Data retrieved from www.chemicool.com/densities.html 
# Includes the real (n) and complex (k) part of the  refractive index. 
# Element, Si  (Z = 14) 
# Nominal density, g cm-3 =  2.33 
#    E [keV]      n       k    Wavelength [nm] 
1.000000000E-03 -4.806319924E+02 8.413211725E-05 1.239800000E+03
1.125000000E-03 -6.287570150E+01 0.000000000E+00 1.102044444E+03
1.265630000E-03 -4.933813526E+01 0.000000000E+00 9.795911917E+02
1.423830000E-03 -3.865802893E+01 0.000000000E+00 8.707500193E+02
1.500000000E-03 -3.468210899E+01 0.000000000E+00 8.265333333E+02
1.601810000E-03 -3.019643293E+01 0.000000000E+00 7.739994132E+02
1.802030000E-03 -2.350390339E+01 0.000000000E+00 6.880018646E+02
2.017710000E-03 -1.842007275E+01 0.000000000E+00 6.144589659E+02
2.206430000E-03 -1.514740015E+01 0.000000000E+00 5.619031648E+02
2.371550000E-03 -1.288161262E+01 0.000000000E+00 5.227804600E+02
2.516040000E-03 -1.125250017E+01 0.000000000E+00 4.927584617E+02
2.642470000E-03 -1.004397687E+01 0.000000000E+00 4.691822424E+02
2.863710000E-03 -8.301405366E+00 0.000000000E+00 4.329348991E+02
3.029650000E-03 -7.227847481E+00 0.000000000E+00 4.092221874E+02
3.164060000E-03 -6.482418062E+00 0.000000000E+00 3.918383343E+02
3.247430000E-03 -6.058748029E+00 0.000000000E+00 3.817788220E+02
3.317440000E-03 -5.727972925E+00 0.000000000E+00 3.737219060E+02
3.369940000E-03 -5.494198969E+00 0.000000000E+00 3.678997252E+02
3.409320000E-03 -5.325780733E+00 0.000000000E+00 3.636502294E+02
3.438850000E-03 -5.203626696E+00 0.000000000E+00 3.605275019E+02
3.483150000E-03 -5.026391075E+00 0.000000000E+00 3.559421788E+02
3.505300000E-03 -4.940099077E+00 0.000000000E+00 3.536929792E+02
3.527450000E-03 -4.855769245E+00 0.000000000E+00 3.514720265E+02
3.536130000E-03 -4.823200614E+00 0.000000000E+00 3.506092819E+02
3.544810000E-03 -4.790880368E+00 0.000000000E+00 3.497507624E+02
3.553490000E-03 -4.758533287E+00 0.000000000E+00 3.488964370E+02
3.562180000E-03 -4.725857350E+00 0.000000000E+00 3.480452981E+02
3.562970000E-03 -4.722775900E+00 0.000000000E+00 3.479681277E+02
3.571740000E-03 -4.689847731E+00 0.000000000E+00 3.471137317E+02
3.580510000E-03 -4.657441759E+00 0.000000000E+00 3.462635211E+02
3.589280000E-03 -4.625016847E+00 0.000000000E+00 3.454174653E+02
3.598050000E-03 -4.592840464E+00 0.000000000E+00 3.445755340E+02
3.606820000E-03 -4.561174874E+00 0.000000000E+00 3.437376969E+02
3.610850000E-03 -4.546655149E+00 0.000000000E+00 3.433540579E+02
3.616900000E-03 -4.524692361E+00 0.000000000E+00 3.427797285E+02
3.622950000E-03 -4.503107608E+00 0.000000000E+00 3.422073172E+02
3.628040000E-03 -4.485060603E+00 0.000000000E+00 3.417272136E+02
3.633130000E-03 -4.467093058E+00 0.000000000E+00 3.412484552E+02
3.639710000E-03 -4.443703997E+00 0.000000000E+00 3.406315338E+02
3.641900000E-03 -4.436120325E+00 0.000000000E+00 3.404267003E+02
3.649570000E-03 -4.409416402E+00 0.000000000E+00 3.397112537E+02
3.651770000E-03 -4.401609259E+00 0.000000000E+00 3.395065954E+02
3.653680000E-03 -4.394931261E+00 0.000000000E+00 3.393291148E+02
3.656560000E-03 -4.384890704E+00 0.000000000E+00 3.390618505E+02
3.658000000E-03 -4.380137160E+00 0.000000000E+00 3.389283762E+02
3.658720000E-03 -4.377505282E+00 0.000000000E+00 3.388616784E+02
3.659990000E-03 -4.373259776E+00 0.000000000E+00 3.387440949E+02
3.662040000E-03 -4.365961497E+00 0.000000000E+00 3.385544669E+02
3.668210000E-03 -4.344853917E+00 0.000000000E+00 3.379850118E+02
3.670150000E-03 -4.338182212E+00 0.000000000E+00 3.378063567E+02
3.673540000E-03 -4.326547952E+00 0.000000000E+00 3.374946237E+02
3.678640000E-03 -4.309243874E+00 0.000000000E+00 3.370267273E+02
3.683730000E-03 -4.292043867E+00 0.000000000E+00 3.365610400E+02
3.689120000E-03 -4.273807571E+00 0.000000000E+00 3.360693065E+02
3.694520000E-03 -4.255626641E+00 0.000000000E+00 3.355780995E+02
3.703290000E-03 -4.226243417E+00 0.000000000E+00 3.347833953E+02
3.712060000E-03 -4.197328818E+00 0.000000000E+00 3.339924462E+02
3.720830000E-03 -4.168379671E+00 0.000000000E+00 3.332052257E+02
3.733980000E-03 -4.125371210E+00 0.000000000E+00 3.320317731E+02
3.738370000E-03 -4.111122801E+00 0.000000000E+00 3.316418653E+02
3.740920000E-03 -4.102926668E+00 0.000000000E+00 3.314158015E+02
3.746020000E-03 -4.086587093E+00 0.000000000E+00 3.309645971E+02
3.751070000E-03 -4.070452624E+00 0.000000000E+00 3.305190252E+02
3.756080000E-03 -4.054494133E+00 0.000000000E+00 3.300781666E+02
3.766030000E-03 -4.022964442E+00 0.000000000E+00 3.292060870E+02
3.775820000E-03 -3.992119511E+00 0.000000000E+00 3.283525168E+02
3.785460000E-03 -3.962159607E+00 0.000000000E+00 3.275163388E+02
3.794950000E-03 -3.932590089E+00 0.000000000E+00 3.266973214E+02
3.799610000E-03 -3.918351418E+00 0.000000000E+00 3.262966462E+02
3.808850000E-03 -3.890006583E+00 0.000000000E+00 3.255050737E+02
3.815660000E-03 -3.869492060E+00 0.000000000E+00 3.249241285E+02
3.820170000E-03 -3.855877263E+00 0.000000000E+00 3.245405309E+02
3.829110000E-03 -3.828766217E+00 0.000000000E+00 3.237828111E+02
3.837920000E-03 -3.802647732E+00 0.000000000E+00 3.230395631E+02
3.855260000E-03 -3.751432436E+00 0.000000000E+00 3.215866115E+02
3.872050000E-03 -3.702505088E+00 0.000000000E+00 3.201921463E+02
3.904590000E-03 -3.608413300E+00 0.000000000E+00 3.175237349E+02
3.965600000E-03 -3.435511200E+00 0.000000000E+00 3.126386928E+02
4.185860000E-03 -2.873675599E+00 0.000000000E+00 2.961876412E+02
4.232530000E-03 -2.763343062E+00 0.000000000E+00 2.929217277E+02
4.272560000E-03 -2.671647176E+00 0.000000000E+00 2.901773176E+02
4.332620000E-03 -2.538633702E+00 0.000000000E+00 2.861547978E+02
4.362650000E-03 -2.473437596E+00 0.000000000E+00 2.841850710E+02
4.377670000E-03 -2.441376493E+00 0.000000000E+00 2.832100181E+02
4.392680000E-03 -2.409508963E+00 0.000000000E+00 2.822422758E+02
4.414300000E-03 -2.364527912E+00 0.000000000E+00 2.808599325E+02
4.425120000E-03 -2.342114604E+00 0.000000000E+00 2.801731930E+02
4.435930000E-03 -2.320069670E+00 0.000000000E+00 2.794904338E+02
4.446740000E-03 -2.297676808E+00 0.000000000E+00 2.788109941E+02
4.455580000E-03 -2.279399845E+00 0.000000000E+00 2.782578250E+02
4.464420000E-03 -2.261241642E+00 0.000000000E+00 2.777068466E+02
4.471800000E-03 -2.246180460E+00 0.000000000E+00 2.772485353E+02
4.479180000E-03 -2.231200749E+00 0.000000000E+00 2.767917342E+02
4.489990000E-03 -2.209339784E+00 0.000000000E+00 2.761253366E+02
4.500800000E-03 -2.187821327E+00 0.000000000E+00 2.754621401E+02
4.511610000E-03 -2.166302804E+00 0.000000000E+00 2.748021216E+02
4.514320000E-03 -2.160981406E+00 0.000000000E+00 2.746371547E+02
4.522420000E-03 -2.144953353E+00 0.000000000E+00 2.741452585E+02
4.524720000E-03 -2.140411093E+00 0.000000000E+00 2.740059053E+02
4.528730000E-03 -2.132669107E+00 0.000000000E+00 2.737632846E+02
4.531750000E-03 -2.126650491E+00 0.000000000E+00 2.735808463E+02
4.536260000E-03 -2.117925936E+00 0.000000000E+00 2.733088491E+02
4.540780000E-03 -2.109216164E+00 0.000000000E+00 2.730367910E+02
4.544300000E-03 -2.102399919E+00 0.000000000E+00 2.728252976E+02
4.546940000E-03 -2.097299139E+00 0.000000000E+00 2.726668925E+02
4.550900000E-03 -2.089583085E+00 0.000000000E+00 2.724296293E+02
4.552880000E-03 -2.085733367E+00 0.000000000E+00 2.723111525E+02
4.554860000E-03 -2.081889172E+00 0.000000000E+00 2.721927787E+02
4.560270000E-03 -2.071434593E+00 0.000000000E+00 2.718698674E+02
4.562970000E-03 -2.066146653E+00 0.000000000E+00 2.717089966E+02
4.565670000E-03 -2.060869068E+00 0.000000000E+00 2.715483160E+02
4.576480000E-03 -2.040177386E+00 0.000000000E+00 2.709068979E+02
4.587300000E-03 -2.019469687E+00 0.000000000E+00 2.702679136E+02
4.602600000E-03 -1.990486492E+00 0.000000000E+00 2.693694868E+02
4.608920000E-03 -1.978561602E+00 0.000000000E+00 2.690001128E+02
4.612590000E-03 -1.971719325E+00 0.000000000E+00 2.687860833E+02
4.613500000E-03 -1.970061678E+00 0.000000000E+00 2.687330660E+02
4.624400000E-03 -1.949795978E+00 0.000000000E+00 2.680996454E+02
4.638950000E-03 -1.922998851E+00 0.000000000E+00 2.672587547E+02
4.646190000E-03 -1.909748205E+00 0.000000000E+00 2.668422944E+02
4.649860000E-03 -1.903086069E+00 0.000000000E+00 2.666316835E+02
4.707520000E-03 -1.798213886E+00 0.000000000E+00 2.633658487E+02
4.731430000E-03 -1.755234876E+00 0.000000000E+00 2.620349450E+02
4.772410000E-03 -1.683018627E+00 0.000000000E+00 2.597848886E+02
4.806810000E-03 -1.623587542E+00 0.000000000E+00 2.579257345E+02
4.821560000E-03 -1.597930417E+00 0.000000000E+00 2.571366943E+02
4.836310000E-03 -1.572684257E+00 0.000000000E+00 2.563524671E+02
4.836340000E-03 -1.572652340E+00 0.000000000E+00 2.563508769E+02
4.848240000E-03 -1.552419530E+00 0.000000000E+00 2.557216639E+02
4.860150000E-03 -1.532343373E+00 0.000000000E+00 2.550950074E+02
4.866010000E-03 -1.522611430E+00 0.000000000E+00 2.547878036E+02
4.871870000E-03 -1.512773851E+00 0.000000000E+00 2.544813388E+02
4.883960000E-03 -1.492551860E+00 0.000000000E+00 2.538513829E+02
4.895860000E-03 -1.472690630E+00 0.000000000E+00 2.532343654E+02
4.907840000E-03 -1.452626549E+00 0.000000000E+00 2.526162222E+02
4.919830000E-03 -1.432718446E+00 0.000000000E+00 2.520005773E+02
4.931820000E-03 -1.412974714E+00 0.000000000E+00 2.513879258E+02
4.937820000E-03 -1.403159091E+00 0.000000000E+00 2.510824615E+02
4.946810000E-03 -1.388380471E+00 0.000000000E+00 2.506261611E+02
4.955930000E-03 -1.373568645E+00 0.000000000E+00 2.501649539E+02
4.961800000E-03 -1.364038940E+00 0.000000000E+00 2.498689992E+02
4.967800000E-03 -1.354284838E+00 0.000000000E+00 2.495672129E+02
4.976790000E-03 -1.339668793E+00 0.000000000E+00 2.491163983E+02
4.982790000E-03 -1.329876102E+00 0.000000000E+00 2.488164261E+02
4.987280000E-03 -1.322359665E+00 0.000000000E+00 2.485924191E+02
4.989530000E-03 -1.318605529E+00 0.000000000E+00 2.484803178E+02
4.990660000E-03 -1.316864281E+00 0.000000000E+00 2.484240561E+02
4.991220000E-03 -1.315929676E+00 0.000000000E+00 2.483961837E+02
4.991640000E-03 -1.315125291E+00 0.000000000E+00 2.483752835E+02
4.991780000E-03 -1.314995432E+00 0.000000000E+00 2.483683175E+02
4.992000000E-03 -1.314653186E+00 0.000000000E+00 2.483573718E+02
4.992180000E-03 -1.314348078E+00 0.000000000E+00 2.483484169E+02
4.992550000E-03 -1.313728707E+00 0.000000000E+00 2.483300117E+02
5.003770000E-03 -1.295248385E+00 0.000000000E+00 2.477731790E+02
5.006770000E-03 -1.290300386E+00 0.000000000E+00 2.476247161E+02
5.015760000E-03 -1.275663473E+00 0.000000000E+00 2.471808858E+02
5.020260000E-03 -1.268305962E+00 0.000000000E+00 2.469593208E+02
5.028130000E-03 -1.255625585E+00 0.000000000E+00 2.465727815E+02
5.034030000E-03 -1.246128288E+00 0.000000000E+00 2.462837925E+02
5.042880000E-03 -1.232021743E+00 0.000000000E+00 2.458515769E+02
5.051740000E-03 -1.217856439E+00 0.000000000E+00 2.454203898E+02
5.063730000E-03 -1.198903933E+00 0.000000000E+00 2.448392786E+02
5.075720000E-03 -1.180239226E+00 0.000000000E+00 2.442609127E+02
5.087710000E-03 -1.161592779E+00 0.000000000E+00 2.436852729E+02
5.099700000E-03 -1.143097383E+00 0.000000000E+00 2.431123399E+02
5.109670000E-03 -1.127882853E+00 0.000000000E+00 2.426379786E+02
5.111660000E-03 -1.124776471E+00 0.000000000E+00 2.425435182E+02
5.111690000E-03 -1.124751530E+00 0.000000000E+00 2.425420947E+02
5.116940000E-03 -1.116842233E+00 0.000000000E+00 2.422932456E+02
5.122440000E-03 -1.108492519E+00 0.000000000E+00 2.420330936E+02
5.134700000E-03 -1.089552925E+00 0.000000000E+00 2.414551970E+02
5.148530000E-03 -1.067947764E+00 0.000000000E+00 2.408065992E+02
5.160960000E-03 -1.048171507E+00 0.000000000E+00 2.402266245E+02
5.173390000E-03 -1.028689894E+00 0.000000000E+00 2.396494368E+02
5.185820000E-03 -1.009371306E+00 0.000000000E+00 2.390750161E+02
5.198250000E-03 -9.900866203E-01 0.000000000E+00 2.385033425E+02
5.210670000E-03 -9.710972722E-01 0.000000000E+00 2.379348529E+02
5.223100000E-03 -9.522583481E-01 0.000000000E+00 2.373686125E+02
5.235530000E-03 -9.335758977E-01 0.000000000E+00 2.368050608E+02
5.247960000E-03 -9.149232819E-01 0.000000000E+00 2.362441787E+02
5.268140000E-03 -8.851411670E-01 0.000000000E+00 2.353392279E+02
5.272810000E-03 -8.780871112E-01 0.000000000E+00 2.351307936E+02
5.285240000E-03 -8.592767757E-01 0.000000000E+00 2.345778054E+02
5.297670000E-03 -8.398857955E-01 0.000000000E+00 2.340274121E+02
5.309910000E-03 -8.210303884E-01 0.000000000E+00 2.334879499E+02
5.322430000E-03 -8.018959943E-01 0.000000000E+00 2.329387141E+02
5.334940000E-03 -7.829276329E-01 0.000000000E+00 2.323924918E+02
5.355660000E-03 -7.518681798E-01 0.000000000E+00 2.314934107E+02
5.405510000E-03 -6.782156531E-01 0.000000000E+00 2.293585619E+02
5.417410000E-03 -6.598198979E-01 0.000000000E+00 2.288547479E+02
5.438230000E-03 -6.279201221E-01 0.000000000E+00 2.279785886E+02
5.453840000E-03 -6.042567439E-01 0.000000000E+00 2.273260675E+02
5.465550000E-03 -5.866675479E-01 0.000000000E+00 2.268390189E+02
5.483120000E-03 -5.605920290E-01 0.000000000E+00 2.261121405E+02
5.491900000E-03 -5.476128471E-01 0.000000000E+00 2.257506510E+02
5.500690000E-03 -5.348167578E-01 0.000000000E+00 2.253899056E+02
5.500710000E-03 -5.346917726E-01 0.000000000E+00 2.253890861E+02
5.514250000E-03 -5.143652412E-01 0.000000000E+00 2.248356531E+02
5.521020000E-03 -5.038743217E-01 0.000000000E+00 2.245599545E+02
5.527790000E-03 -4.933175098E-01 0.000000000E+00 2.242849312E+02
5.530440000E-03 -4.891842694E-01 0.000000000E+00 2.241774615E+02
5.536230000E-03 -4.802278535E-01 0.000000000E+00 2.239430081E+02
5.541320000E-03 -4.723503149E-01 0.000000000E+00 2.237373045E+02
5.557660000E-03 -4.473143654E-01 0.000000000E+00 2.230794975E+02
5.565960000E-03 -4.346632582E-01 0.000000000E+00 2.227468397E+02
5.571270000E-03 -4.267147077E-01 0.000000000E+00 2.225345388E+02
5.584890000E-03 -4.061829610E-01 0.000000000E+00 2.219918387E+02
5.598500000E-03 -3.859487142E-01 0.000000000E+00 2.214521747E+02
5.607900000E-03 -3.712310018E-01 0.000000000E+00 2.210809751E+02
5.614950000E-03 -3.594875770E-01 0.000000000E+00 2.208033909E+02
5.625520000E-03 -3.419770258E-01 0.000000000E+00 2.203885152E+02
5.630810000E-03 -3.332650714E-01 0.000000000E+00 2.201814659E+02
5.636100000E-03 -3.245834456E-01 0.000000000E+00 2.199748053E+02
5.644520000E-03 -3.107976694E-01 0.000000000E+00 2.196466661E+02
5.648740000E-03 -3.039827390E-01 0.000000000E+00 2.194825749E+02
5.650840000E-03 -3.005330322E-01 0.000000000E+00 2.194010094E+02
5.654660000E-03 -2.943603370E-01 0.000000000E+00 2.192527933E+02
5.660670000E-03 -2.846269790E-01 0.000000000E+00 2.190200100E+02
5.663670000E-03 -2.797232714E-01 0.000000000E+00 2.189039969E+02
5.665920000E-03 -2.761322946E-01 0.000000000E+00 2.188170677E+02
5.666110000E-03 -2.758321591E-01 0.000000000E+00 2.188097301E+02
5.667420000E-03 -2.737412531E-01 0.000000000E+00 2.187591532E+02
5.680550000E-03 -2.527039885E-01 0.000000000E+00 2.182535142E+02
5.684020000E-03 -2.472307109E-01 0.000000000E+00 2.181202740E+02
5.694430000E-03 -2.306728479E-01 0.000000000E+00 2.177215279E+02
5.699640000E-03 -2.224870014E-01 0.000000000E+00 2.175225102E+02
5.708750000E-03 -2.082318604E-01 0.000000000E+00 2.171753887E+02
5.715580000E-03 -1.975443695E-01 0.000000000E+00 2.169158686E+02
5.725820000E-03 -1.817093282E-01 0.000000000E+00 2.165279384E+02
5.736070000E-03 -1.658708867E-01 0.000000000E+00 2.161410164E+02
5.748230000E-03 -1.472889792E-01 0.000000000E+00 2.156837844E+02
5.761850000E-03 -1.266215617E-01 0.000000000E+00 2.151739459E+02
5.768890000E-03 -1.156980124E-01 0.000000000E+00 2.149113608E+02
5.775580000E-03 -1.044420091E-01 0.000000000E+00 2.146624235E+02
5.782690000E-03 -9.173735955E-02 0.000000000E+00 2.143984893E+02
5.796480000E-03 -6.738062187E-02 0.000000000E+00 2.138884288E+02
5.802680000E-03 -5.650891067E-02 0.000000000E+00 2.136598951E+02
5.808770000E-03 -4.582283249E-02 0.000000000E+00 2.134358909E+02
5.812560000E-03 -3.915865899E-02 0.000000000E+00 2.132967230E+02
5.826460000E-03 -1.513333497E-02 0.000000000E+00 2.127878678E+02
5.840350000E-03 8.772889268E-03 0.000000000E+00 2.122817982E+02
5.847260000E-03 2.058307604E-02 0.000000000E+00 2.120309341E+02
5.854660000E-03 3.310512825E-02 0.000000000E+00 2.117629376E+02
5.867640000E-03 5.498408261E-02 0.000000000E+00 2.112944898E+02
5.870530000E-03 5.991169576E-02 0.000000000E+00 2.111904717E+02
5.873280000E-03 6.448596176E-02 0.000000000E+00 2.110915877E+02
5.876040000E-03 6.915499550E-02 0.000000000E+00 2.109924371E+02
5.890430000E-03 9.305332014E-02 0.000000000E+00 2.104769940E+02
5.897570000E-03 1.063383295E-01 0.000000000E+00 2.102221763E+02
5.904830000E-03 1.197951132E-01 0.000000000E+00 2.099637077E+02
5.912020000E-03 1.337592298E-01 0.000000000E+00 2.097083569E+02
5.919220000E-03 1.476610167E-01 0.000000000E+00 2.094532726E+02
5.924540000E-03 1.578257281E-01 0.000000000E+00 2.092651919E+02
5.932510000E-03 1.731021162E-01 0.000000000E+00 2.089840557E+02
5.940490000E-03 1.883023425E-01 0.000000000E+00 2.087033225E+02
5.945960000E-03 1.986599151E-01 0.000000000E+00 2.085113253E+02
5.954180000E-03 2.140829123E-01 0.000000000E+00 2.082234665E+02
5.958290000E-03 2.218606620E-01 0.000000000E+00 2.080798350E+02
5.962400000E-03 2.295208424E-01 0.000000000E+00 2.079364014E+02
5.969590000E-03 2.429732123E-01 0.000000000E+00 2.076859550E+02
5.973190000E-03 2.496772092E-01 0.000000000E+00 2.075607841E+02
5.974990000E-03 2.530233559E-01 0.000000000E+00 2.074982552E+02
5.978590000E-03 2.597039715E-01 0.000000000E+00 2.073733104E+02
5.988820000E-03 2.798037223E-01 0.000000000E+00 2.070190789E+02
5.989410000E-03 2.810016843E-01 0.000000000E+00 2.069986860E+02
5.991400000E-03 2.851250776E-01 0.000000000E+00 2.069299329E+02
6.005570000E-03 3.144681839E-01 0.000000000E+00 2.064416866E+02
6.007990000E-03 3.196002215E-01 0.000000000E+00 2.063585326E+02
6.012210000E-03 3.285585970E-01 0.000000000E+00 2.062136885E+02
6.024880000E-03 3.552894344E-01 0.000000000E+00 2.057800321E+02
6.029670000E-03 3.653126485E-01 0.000000000E+00 2.056165594E+02
6.038040000E-03 3.827525737E-01 0.000000000E+00 2.053315314E+02
6.044310000E-03 3.957221181E-01 0.000000000E+00 2.051185330E+02
6.053730000E-03 4.158329721E-01 0.000000000E+00 2.047993551E+02
6.058430000E-03 4.270605318E-01 0.000000000E+00 2.046404762E+02
6.063140000E-03 4.381621605E-01 0.000000000E+00 2.044815063E+02
6.070340000E-03 4.551027065E-01 0.000000000E+00 2.042389718E+02
6.077530000E-03 4.728952959E-01 0.000000000E+00 2.039973476E+02
6.092050000E-03 5.089983261E-01 0.000000000E+00 2.035111334E+02
6.103830000E-03 5.380695200E-01 0.000000000E+00 2.031183699E+02
6.108520000E-03 5.495776305E-01 0.000000000E+00 2.029624197E+02
6.113210000E-03 5.610509826E-01 0.000000000E+00 2.028067088E+02
6.118820000E-03 5.747339950E-01 0.000000000E+00 2.026207667E+02
6.127230000E-03 5.950736001E-01 0.000000000E+00 2.023426573E+02
6.137920000E-03 6.208913293E-01 0.000000000E+00 2.019902508E+02
6.144920000E-03 6.377162099E-01 0.000000000E+00 2.017601531E+02
6.153920000E-03 6.591462951E-01 0.000000000E+00 2.014650824E+02
6.165460000E-03 6.905917651E-01 0.000000000E+00 2.010879967E+02
6.174110000E-03 7.144971246E-01 0.000000000E+00 2.008062701E+02
6.180290000E-03 7.315686376E-01 0.000000000E+00 2.006054732E+02
6.207330000E-03 8.105047530E-01 0.000000000E+00 1.997316076E+02
6.212800000E-03 8.286837294E-01 0.000000000E+00 1.995557559E+02
6.229280000E-03 8.827536742E-01 0.000000000E+00 1.990278170E+02
6.254000000E-03 9.670672515E-01 0.000000000E+00 1.982411257E+02
6.292330000E-03 1.113342702E+00 2.234956296E-05 1.970335313E+02
6.320670000E-03 1.242071131E+00 2.257063296E-04 1.961500917E+02
6.347860000E-03 1.387695264E+00 1.568541873E-03 1.953099155E+02
6.378460000E-03 1.591552580E+00 1.015950076E-02 1.943729364E+02
6.396230000E-03 1.737779110E+00 2.600974421E-02 1.938329297E+02
6.413250000E-03 1.901592941E+00 5.801545840E-02 1.933185203E+02
6.437590000E-03 2.176263696E+00 1.563431797E-01 1.925875988E+02
6.467460000E-03 2.545911302E+00 4.151860776E-01 1.916981319E+02
6.485160000E-03 2.743601348E+00 6.601191829E-01 1.911749286E+02
6.493760000E-03 2.823027875E+00 8.032397537E-01 1.909217464E+02
6.506100000E-03 2.910256822E+00 1.031097693E+00 1.905596287E+02
6.514010000E-03 2.931593554E+00 1.188776600E+00 1.903282310E+02
6.530980000E-03 2.960729854E+00 1.538191481E+00 1.898336850E+02
6.536030000E-03 2.947059275E+00 1.641145797E+00 1.896870118E+02
6.551440000E-03 2.862644030E+00 1.947451185E+00 1.892408387E+02
6.563460000E-03 2.764847384E+00 2.161380410E+00 1.888942722E+02
6.627360000E-03 1.958605403E+00 2.805251874E+00 1.870729823E+02
6.679670000E-03 1.413044711E+00 2.871861052E+00 1.856079717E+02
6.742110000E-03 1.005530996E+00 2.817754398E+00 1.838890199E+02
6.750460000E-03 9.661402765E-01 2.808558250E+00 1.836615579E+02
6.760210000E-03 9.204932110E-01 2.797870283E+00 1.833966696E+02
6.802330000E-03 7.335352520E-01 2.752171473E+00 1.822610782E+02
6.822440000E-03 6.618503991E-01 2.730495133E+00 1.817238407E+02
6.843420000E-03 5.878798336E-01 2.708101623E+00 1.811667266E+02
6.859160000E-03 5.387464289E-01 2.691331501E+00 1.807509957E+02
6.882760000E-03 4.695655745E-01 2.666363575E+00 1.801312264E+02
6.906370000E-03 4.064678286E-01 2.641514207E+00 1.795154329E+02
6.923370000E-03 3.654776409E-01 2.623686366E+00 1.790746414E+02
6.931870000E-03 3.451717588E-01 2.614826072E+00 1.788550564E+02
6.940370000E-03 3.248956949E-01 2.606001288E+00 1.786360093E+02
6.941890000E-03 3.213319878E-01 2.604431378E+00 1.785968951E+02
6.950440000E-03 3.011136879E-01 2.595596605E+00 1.783771963E+02
6.976070000E-03 2.413433746E-01 2.569312387E+00 1.777218405E+02
6.993150000E-03 2.071561054E-01 2.551777019E+00 1.772877745E+02
7.010240000E-03 1.739437153E-01 2.534339560E+00 1.768555713E+02
7.027330000E-03 1.411331331E-01 2.517048313E+00 1.764254703E+02
7.035340000E-03 1.259007714E-01 2.508996000E+00 1.762246032E+02
7.047350000E-03 1.048838266E-01 2.496873447E+00 1.759242836E+02
7.059360000E-03 8.491327532E-02 2.484777327E+00 1.756249858E+02
7.068970000E-03 6.899737855E-02 2.475151935E+00 1.753862302E+02
7.073780000E-03 6.110886086E-02 2.470348475E+00 1.752669718E+02
7.087130000E-03 3.968338240E-02 2.457052864E+00 1.749368221E+02
7.091400000E-03 3.316897603E-02 2.452793532E+00 1.748314860E+02
7.093540000E-03 2.991928269E-02 2.450663589E+00 1.747787423E+02
7.097810000E-03 2.349778782E-02 2.446416964E+00 1.746735965E+02
7.105280000E-03 1.224712248E-02 2.439003966E+00 1.744899568E+02
7.106220000E-03 1.080338142E-02 2.438079126E+00 1.744668755E+02
7.107850000E-03 8.325696271E-03 2.436463391E+00 1.744268661E+02
7.110310000E-03 4.651884639E-03 2.434035222E+00 1.743665185E+02
7.111530000E-03 2.814169519E-03 2.432825615E+00 1.743366055E+02
7.113830000E-03 -6.244742337E-04 2.430558566E+00 1.742802400E+02
7.129850000E-03 -2.445256978E-02 2.414824611E+00 1.738886512E+02
7.134120000E-03 -3.067021832E-02 2.410642295E+00 1.737845733E+02
7.146930000E-03 -4.875771021E-02 2.398117942E+00 1.734730856E+02
7.155480000E-03 -6.051327025E-02 2.389787214E+00 1.732658047E+02
7.164020000E-03 -7.167590409E-02 2.381455781E+00 1.730592600E+02
7.179690000E-03 -9.199109510E-02 2.366247958E+00 1.726815503E+02
7.195350000E-03 -1.111911209E-01 2.351096544E+00 1.723057252E+02
7.215280000E-03 -1.346985999E-01 2.331927349E+00 1.718297835E+02
7.232370000E-03 -1.541652598E-01 2.315803722E+00 1.714237518E+02
7.249450000E-03 -1.727838660E-01 2.299989325E+00 1.710198705E+02
7.266540000E-03 -1.908202406E-01 2.284239382E+00 1.706176530E+02
7.283630000E-03 -2.081552641E-01 2.268546842E+00 1.702173230E+02
7.296070000E-03 -2.204723157E-01 2.257175040E+00 1.699270977E+02
7.320860000E-03 -2.440299773E-01 2.234614310E+00 1.693516882E+02
7.345460000E-03 -2.660951281E-01 2.212369584E+00 1.687845281E+02
7.394270000E-03 -3.070723299E-01 2.168694410E+00 1.676703718E+02
7.454120000E-03 -3.523042128E-01 2.115971482E+00 1.663241268E+02
7.489610000E-03 -3.767257609E-01 2.085110506E+00 1.655359892E+02
7.591400000E-03 -4.372868717E-01 1.998288922E+00 1.633163843E+02
7.672930000E-03 -4.742374225E-01 1.931501985E+00 1.615810388E+02
7.802380000E-03 -5.267096450E-01 1.830478813E+00 1.589002330E+02
7.929630000E-03 -5.622893936E-01 1.734057424E+00 1.563502963E+02
8.088360000E-03 -5.934896867E-01 1.620122428E+00 1.532820003E+02
8.679040000E-03 -6.175660626E-01 1.254237809E+00 1.428499004E+02
9.278840000E-03 -5.542086267E-01 9.612868161E-01 1.336158399E+02
9.429830000E-03 -5.317149330E-01 8.982417596E-01 1.314763893E+02
9.462310000E-03 -5.264104762E-01 8.852234497E-01 1.310250880E+02
9.639570000E-03 -4.966858386E-01 8.171436852E-01 1.286156955E+02
9.788660000E-03 -4.705059917E-01 7.636433143E-01 1.266567641E+02
9.873740000E-03 -4.548891288E-01 7.346248102E-01 1.255653886E+02
9.971260000E-03 -4.368201815E-01 7.025832874E-01 1.243373455E+02
1.007030000E-02 -4.175646607E-01 6.715452053E-01 1.231145050E+02
1.016380000E-02 -3.992881475E-01 6.433335511E-01 1.219819359E+02
1.024020000E-02 -3.839451050E-01 6.213547968E-01 1.210718541E+02
1.029750000E-02 -3.726071032E-01 6.052673497E-01 1.203981549E+02
1.034040000E-02 -3.642338073E-01 5.934172423E-01 1.198986500E+02
1.037270000E-02 -3.579818537E-01 5.846344371E-01 1.195252924E+02
1.039680000E-02 -3.533566835E-01 5.781228677E-01 1.192482302E+02
1.043310000E-02 -3.462431876E-01 5.685286810E-01 1.188333285E+02
1.045120000E-02 -3.425774514E-01 5.638463318E-01 1.186275260E+02
1.046020000E-02 -3.407402810E-01 5.615292660E-01 1.185254584E+02
1.046930000E-02 -3.388850046E-01 5.592086477E-01 1.184224351E+02
1.048220000E-02 -3.362623950E-01 5.559273341E-01 1.182766976E+02
1.049510000E-02 -3.336486271E-01 5.526573272E-01 1.181313184E+02
1.052080000E-02 -3.284695905E-01 5.461738474E-01 1.178427496E+02
1.054660000E-02 -3.233031357E-01 5.397366877E-01 1.175544725E+02
1.057240000E-02 -3.181712286E-01 5.333588624E-01 1.172676024E+02
1.059820000E-02 -3.130735484E-01 5.270336023E-01 1.169821290E+02
1.061100000E-02 -3.105590871E-01 5.239000075E-01 1.168410140E+02
1.062390000E-02 -3.080313518E-01 5.207732232E-01 1.166991406E+02
1.063680000E-02 -3.054724431E-01 5.176874531E-01 1.165576113E+02
1.064970000E-02 -3.029220877E-01 5.146120605E-01 1.164164249E+02
1.066260000E-02 -3.003802447E-01 5.115500261E-01 1.162755801E+02
1.067550000E-02 -2.978468733E-01 5.085012795E-01 1.161350756E+02
1.068830000E-02 -2.953491915E-01 5.054752111E-01 1.159959956E+02
1.069480000E-02 -2.940762276E-01 5.039576373E-01 1.159254965E+02
1.069800000E-02 -2.934526370E-01 5.032047968E-01 1.158908207E+02
1.070450000E-02 -2.921347646E-01 5.017192227E-01 1.158204493E+02
1.072070000E-02 -2.888469372E-01 4.980135778E-01 1.156454336E+02
1.072220000E-02 -2.885462667E-01 4.976585533E-01 1.156292552E+02
1.072280000E-02 -2.884260313E-01 4.975219854E-01 1.156227851E+02
1.072540000E-02 -2.878972459E-01 4.969305084E-01 1.155947564E+02
1.072700000E-02 -2.875729395E-01 4.965727644E-01 1.155775147E+02
1.072780000E-02 -2.874108378E-01 4.963879791E-01 1.155688958E+02
1.075280000E-02 -2.823726725E-01 4.907284488E-01 1.153002009E+02
1.075920000E-02 -2.810914767E-01 4.892820123E-01 1.152316157E+02
1.077850000E-02 -2.772340449E-01 4.849462949E-01 1.150252818E+02
1.079140000E-02 -2.746643316E-01 4.820693068E-01 1.148877810E+02
1.080430000E-02 -2.721032434E-01 4.792046685E-01 1.147506086E+02
1.081720000E-02 -2.695507376E-01 4.763523151E-01 1.146137633E+02
1.083010000E-02 -2.670067763E-01 4.735092476E-01 1.144772440E+02
1.084300000E-02 -2.644713195E-01 4.706812822E-01 1.143410495E+02
1.085580000E-02 -2.619675804E-01 4.678740340E-01 1.142062308E+02
1.088160000E-02 -2.569416058E-01 4.622782155E-01 1.139354507E+02
1.090740000E-02 -2.518968992E-01 4.567647822E-01 1.136659516E+02
1.093320000E-02 -2.467071188E-01 4.514134299E-01 1.133977244E+02
1.098470000E-02 -2.364574161E-01 4.408569587E-01 1.128660774E+02
1.099560000E-02 -2.343063212E-01 4.386416445E-01 1.127541926E+02
1.101680000E-02 -2.301393410E-01 4.343642944E-01 1.125372159E+02
1.105650000E-02 -2.223946072E-01 4.264301549E-01 1.121331344E+02
1.109130000E-02 -2.155925838E-01 4.196205072E-01 1.117813061E+02
1.115210000E-02 -2.036424716E-01 4.080292290E-01 1.111718869E+02
1.124340000E-02 -1.860183613E-01 3.910711688E-01 1.102691357E+02
1.133800000E-02 -1.677482578E-01 3.743380881E-01 1.093490916E+02
1.142180000E-02 -1.518243330E-01 3.600450938E-01 1.085468140E+02
1.152990000E-02 -1.314051785E-01 3.424081395E-01 1.075291199E+02
1.164500000E-02 -1.099067832E-01 3.245867544E-01 1.064662945E+02
1.181240000E-02 -7.927375670E-02 3.004943230E-01 1.049575023E+02
1.190000000E-02 -6.367347643E-02 2.884570806E-01 1.041848739E+02
1.203910000E-02 -3.898656341E-02 2.704930324E-01 1.029811199E+02
1.209970000E-02 -2.843595034E-02 2.629819131E-01 1.024653504E+02
1.227100000E-02 9.141665341E-04 2.429371777E-01 1.010349605E+02
1.238080000E-02 1.933841872E-02 2.310304414E-01 1.001389248E+02
1.281020000E-02 8.796804097E-02 1.895320612E-01 9.678225164E+01
1.311530000E-02 1.336737213E-01 1.647841766E-01 9.453081515E+01
1.396190000E-02 2.478753996E-01 1.122572949E-01 8.879880246E+01
1.478850000E-02 3.426366988E-01 7.794350684E-02 8.383541265E+01
1.561870000E-02 4.228637189E-01 5.523826682E-02 7.937920570E+01
1.640390000E-02 4.871610675E-01 4.095032027E-02 7.557958778E+01
1.728090000E-02 5.477479339E-01 3.045176213E-02 7.174394852E+01
1.808600000E-02 5.946861912E-01 2.408592708E-02 6.855025987E+01
1.909010000E-02 6.437626347E-01 1.904497216E-02 6.494465718E+01
2.028750000E-02 6.914597986E-01 1.558516286E-02 6.111152187E+01
2.170000000E-02 7.362219836E-01 1.348562823E-02 5.713364055E+01
2.350000000E-02 7.801344818E-01 1.229999615E-02 5.275744681E+01
2.675200000E-02 8.358450176E-01 1.158367952E-02 4.634419856E+01
3.350000000E-02 8.993708205E-01 1.057582295E-02 3.700895522E+01
4.027170000E-02 9.323336896E-01 9.064745770E-03 3.078588686E+01
4.677350000E-02 9.512613671E-01 7.525821099E-03 2.650646199E+01
5.625000000E-02 9.682224303E-01 5.566190624E-03 2.204088889E+01
6.751720000E-02 9.806882726E-01 3.856195587E-03 1.836272831E+01
7.717910000E-02 9.881320138E-01 2.867842270E-03 1.606393441E+01
8.389770000E-02 9.924163951E-01 2.356329131E-03 1.477752072E+01
8.879570000E-02 9.953606871E-01 2.054746937E-03 1.396238782E+01
9.217560000E-02 9.974174557E-01 1.875115282E-03 1.345041421E+01
9.267750000E-02 9.977400726E-01 1.850056952E-03 1.337757277E+01
9.504690000E-02 9.992668793E-01 1.737309325E-03 1.304408666E+01
9.558900000E-02 9.996694357E-01 1.712763828E-03 1.297011162E+01
9.935390000E-02 1.002484524E+00 1.554096040E-03 1.247862439E+01
1.004460000E-01 1.003480460E+00 1.511637974E-03 1.234295044E+01
1.017020000E-01 1.004683310E+00 1.464738824E-03 1.219051739E+01
1.029200000E-01 1.006134772E+00 1.420982707E-03 1.204624951E+01
1.032340000E-01 1.006510517E+00 1.409989289E-03 1.200960924E+01
1.038750000E-01 1.007308826E+00 1.387888488E-03 1.193549940E+01
1.041200000E-01 1.007657604E+00 1.379579199E-03 1.190741452E+01
1.044530000E-01 1.008166958E+00 1.368536742E-03 1.186945325E+01
1.046620000E-01 1.008519523E+00 1.361950942E-03 1.184575108E+01
1.049780000E-01 1.009092722E+00 1.353426397E-03 1.181009354E+01
1.052820000E-01 1.009702113E+00 1.349676537E-03 1.177599210E+01
1.061490000E-01 1.011899391E+00 1.466324025E-03 1.167980857E+01
1.076710000E-01 1.017481425E+00 4.462896846E-03 1.151470684E+01
1.090150000E-01 1.019272914E+00 1.118100832E-02 1.137274687E+01
1.103950000E-01 1.017124193E+00 1.628622515E-02 1.123058110E+01
1.118000000E-01 1.014386623E+00 1.931205420E-02 1.108944544E+01
1.135750000E-01 1.010920985E+00 2.144905646E-02 1.091613471E+01
1.152250000E-01 1.008065167E+00 2.222002779E-02 1.075981775E+01
1.168750000E-01 1.005775600E+00 2.229174294E-02 1.060791444E+01
1.185000000E-01 1.004053248E+00 2.205750779E-02 1.046244726E+01
1.209390000E-01 1.002171994E+00 2.152640831E-02 1.025144908E+01
1.216190000E-01 1.001730979E+00 2.138238878E-02 1.019413085E+01
1.237050000E-01 1.000561299E+00 2.095136466E-02 1.002223031E+01
1.244520000E-01 1.000185231E+00 2.080060411E-02 9.962073731E+00
1.268290000E-01 9.991874562E-01 2.028922903E-02 9.775366833E+00
1.291200000E-01 9.983440668E-01 1.981242634E-02 9.601920694E+00
1.333520000E-01 9.970923606E-01 1.896577673E-02 9.297198392E+00
1.356750000E-01 9.965388476E-01 1.847189658E-02 9.138013636E+00
1.386560000E-01 9.959223944E-01 1.785755489E-02 8.941553196E+00
1.399730000E-01 9.957034455E-01 1.757553072E-02 8.857422503E+00
1.408980000E-01 9.955596459E-01 1.738183080E-02 8.799273233E+00
1.417330000E-01 9.954371066E-01 1.721020383E-02 8.747433555E+00
1.433010000E-01 9.952289918E-01 1.689517522E-02 8.651719109E+00
1.437140000E-01 9.951801678E-01 1.681388408E-02 8.626856117E+00
1.441540000E-01 9.951303238E-01 1.672697823E-02 8.600524439E+00
1.453910000E-01 9.950088481E-01 1.648119621E-02 8.527350386E+00
1.457880000E-01 9.949752283E-01 1.640371065E-02 8.504129284E+00
1.462580000E-01 9.949411375E-01 1.631262164E-02 8.476801269E+00
1.472060000E-01 9.948934001E-01 1.612035812E-02 8.422211051E+00
1.474540000E-01 9.948869612E-01 1.606998032E-02 8.408045899E+00
1.477320000E-01 9.948831468E-01 1.601429088E-02 8.392223757E+00
1.481150000E-01 9.948858696E-01 1.594005503E-02 8.370522904E+00
1.485200000E-01 9.949004515E-01 1.586666719E-02 8.347697280E+00
1.493610000E-01 9.949774784E-01 1.575147884E-02 8.300694291E+00
1.500500000E-01 9.950755064E-01 1.573381295E-02 8.262579140E+00
1.506030000E-01 9.951436442E-01 1.578960999E-02 8.232239730E+00
1.515530000E-01 9.951133179E-01 1.601438408E-02 8.180636477E+00
1.531450000E-01 9.946023273E-01 1.627921744E-02 8.095595677E+00
1.557410000E-01 9.937265325E-01 1.586499345E-02 7.960652622E+00
1.716680000E-01 9.920560544E-01 1.253765304E-02 7.222079829E+00
1.877330000E-01 9.918499246E-01 9.882788121E-03 6.604060021E+00
2.067640000E-01 9.922266748E-01 7.531345528E-03 5.996208237E+00
2.230910000E-01 9.927405763E-01 6.013319944E-03 5.557373449E+00
2.397110000E-01 9.933252654E-01 4.822730153E-03 5.172061357E+00
2.566700000E-01 9.939206338E-01 3.890309421E-03 4.830326879E+00
2.772870000E-01 9.945951367E-01 3.040798015E-03 4.471179680E+00
3.027620000E-01 9.953189812E-01 2.290802932E-03 4.094965683E+00
3.283690000E-01 9.959322657E-01 1.755433087E-03 3.775630465E+00
3.672820000E-01 9.966812151E-01 1.209195312E-03 3.375607844E+00
4.032970000E-01 9.972182416E-01 8.827789280E-04 3.074161226E+00
4.420870000E-01 9.976692415E-01 6.459083620E-04 2.804425373E+00
4.883890000E-01 9.980832261E-01 4.585052289E-04 2.538550213E+00
5.396220000E-01 9.984288236E-01 3.242815730E-04 2.297534200E+00
6.262080000E-01 9.988368909E-01 1.924530743E-04 1.979853339E+00
7.223540000E-01 9.991315362E-01 1.159668443E-04 1.716332989E+00
8.246130000E-01 9.993388759E-01 7.223322101E-05 1.503493154E+00
9.452760000E-01 9.995021398E-01 4.415504067E-05 1.311574609E+00
1.082120000E+00 9.996249642E-01 2.703798296E-05 1.145713969E+00
1.226970000E+00 9.997128125E-01 1.709268533E-05 1.010456653E+00
1.401720000E+00 9.997853168E-01 1.048286087E-05 8.844847758E-01
1.533840000E+00 9.998255503E-01 7.522026317E-06 8.082981276E-01
1.636840000E+00 9.998520365E-01 5.910110180E-06 7.574350578E-01
1.694050000E+00 9.998660138E-01 5.202808420E-06 7.318556123E-01
1.739980000E+00 9.998779297E-01 4.712636643E-06 7.125369257E-01
1.772270000E+00 9.998879093E-01 4.405314215E-06 6.995548082E-01
1.779460000E+00 9.998906250E-01 4.358496361E-06 6.967282209E-01
1.782440000E+00 9.998918515E-01 4.354038087E-06 6.955633850E-01
1.788340000E+00 9.998945199E-01 4.413252122E-06 6.932686178E-01
1.791860000E+00 9.998963004E-01 4.532630409E-06 6.919067338E-01
1.795610000E+00 9.998983738E-01 4.784888501E-06 6.904617372E-01
1.799490000E+00 9.999007235E-01 5.257504816E-06 6.889729868E-01
1.803890000E+00 9.999036143E-01 6.178367152E-06 6.872924624E-01
1.808600000E+00 9.999068624E-01 7.781045933E-06 6.855025987E-01
1.814670000E+00 9.999109089E-01 1.100535355E-05 6.832096194E-01
1.824600000E+00 9.999155102E-01 1.896752200E-05 6.794913954E-01
1.830910000E+00 9.999160316E-01 2.483669703E-05 6.771496141E-01
1.837570000E+00 9.999148697E-01 3.053768713E-05 6.746953858E-01
1.846880000E+00 9.999108298E-01 3.612302624E-05 6.712942909E-01
1.865790000E+00 9.999026990E-01 3.931082638E-05 6.644906447E-01
1.875640000E+00 9.999001222E-01 3.908826225E-05 6.610010450E-01
1.900000000E+00 9.998968540E-01 3.775999595E-05 6.525263158E-01
1.934290000E+00 9.998953328E-01 3.576617656E-05 6.409586980E-01
1.972420000E+00 9.998953683E-01 3.347213831E-05 6.285679521E-01
2.022000000E+00 9.998969190E-01 3.065627129E-05 6.131552918E-01
2.076410000E+00 9.998995425E-01 2.787598779E-05 5.970882437E-01
2.141710000E+00 9.999033071E-01 2.496472439E-05 5.788832288E-01
2.199290000E+00 9.999068112E-01 2.271493128E-05 5.637273847E-01
2.265660000E+00 9.999108649E-01 2.043054422E-05 5.472136155E-01
2.312530000E+00 9.999136791E-01 1.898723325E-05 5.361227746E-01
2.380560000E+00 9.999176917E-01 1.712692956E-05 5.208018281E-01
2.443120000E+00 9.999212063E-01 1.560959166E-05 5.074658633E-01
2.494210000E+00 9.999239855E-01 1.450210788E-05 4.970712169E-01
2.557710000E+00 9.999272625E-01 1.325838995E-05 4.847304816E-01
2.631580000E+00 9.999308670E-01 1.197629569E-05 4.711238116E-01
2.685300000E+00 9.999333563E-01 1.114273845E-05 4.616988791E-01
2.752100000E+00 9.999362864E-01 1.020736450E-05 4.504923513E-01
2.818380000E+00 9.999390280E-01 9.372130312E-06 4.398980975E-01
2.900680000E+00 9.999422146E-01 8.447813257E-06 4.274170195E-01
2.996950000E+00 9.999456664E-01 7.509177295E-06 4.136872487E-01
3.106910000E+00 9.999492649E-01 6.586054284E-06 3.990459975E-01
3.245240000E+00 9.999533423E-01 5.613679278E-06 3.820364596E-01
3.445890000E+00 9.999584756E-01 4.501858153E-06 3.597909394E-01
3.770840000E+00 9.999652101E-01 3.232369540E-06 3.287861591E-01
4.139230000E+00 9.999710814E-01 2.281363211E-06 2.995243077E-01
4.710560000E+00 9.999776689E-01 1.404075153E-06 2.631958833E-01
5.368210000E+00 9.999828288E-01 8.545605999E-07 2.309522168E-01
6.061470000E+00 9.999865595E-01 5.372215649E-07 2.045378431E-01
6.839120000E+00 9.999894674E-01 3.370257091E-07 1.812806326E-01
7.733240000E+00 9.999917828E-01 2.090780377E-07 1.603209004E-01
8.709640000E+00 9.999935377E-01 1.313379185E-07 1.423480190E-01
9.772370000E+00 9.999948782E-01 8.342727116E-08 1.268678939E-01
1.102170000E+01 9.999959821E-01 5.179891184E-08 1.124871844E-01
1.228940000E+01 9.999967740E-01 3.356017039E-08 1.008836884E-01
1.382170000E+01 9.999974539E-01 2.096718475E-08 8.969953045E-02
1.547120000E+01 9.999979708E-01 1.331671995E-08 8.013599462E-02
1.728150000E+01 9.999983757E-01 8.507708265E-09 7.174145763E-02
1.923010000E+01 9.999986896E-01 5.513244776E-09 6.447184362E-02
2.147870000E+01 9.999989506E-01 3.509628736E-09 5.772230163E-02
2.389980000E+01 9.999991531E-01 2.266627655E-09 5.187491109E-02
2.671960000E+01 9.999993229E-01 1.432691185E-09 4.640039522E-02
2.977130000E+01 9.999994549E-01 9.169278506E-10 4.164413378E-02
3.297190000E+01 9.999995558E-01 6.012121631E-10 3.760171540E-02
3.624090000E+01 9.999996325E-01 4.058194908E-10 3.420996719E-02
3.953440000E+01 9.999996913E-01 2.827125557E-10 3.136003076E-02
4.283900000E+01 9.999997371E-01 2.023526607E-10 2.894091832E-02
4.608320000E+01 9.999997729E-01 1.490755213E-10 2.690351364E-02
4.897790000E+01 9.999997990E-01 1.155281981E-10 2.531345770E-02
5.131480000E+01 9.999998169E-01 9.507983119E-11 2.416067100E-02
5.262030000E+01 9.999998259E-01 8.560971830E-11 2.356124918E-02
5.348160000E+01 9.999998314E-01 7.996623256E-11 2.318180458E-02
5.445620000E+01 9.999998374E-01 7.413246342E-11 2.276692094E-02
5.578980000E+01 9.999998451E-01 6.700039839E-11 2.222270021E-02
5.788230000E+01 9.999998561E-01 5.737616258E-11 2.141932853E-02
6.065900000E+01 9.999998690E-01 4.710819739E-11 2.043884667E-02
6.513220000E+01 9.999998864E-01 3.491481008E-11 1.903513162E-02
7.129100000E+01 9.999999052E-01 2.386112647E-11 1.739069448E-02
7.907740000E+01 9.999999229E-01 1.542195233E-11 1.567831011E-02
8.779640000E+01 9.999999375E-01 9.925833482E-12 1.412130794E-02
9.735520000E+01 9.999999492E-01 6.423761508E-12 1.273481026E-02
1.080810000E+02 9.999999588E-01 4.136658450E-12 1.147102636E-02
1.193500000E+02 9.999999662E-01 2.723574142E-12 1.038793465E-02
1.322630000E+02 9.999999725E-01 1.767809462E-12 9.373747760E-03
1.467310000E+02 9.999999776E-01 1.143409989E-12 8.449475571E-03
1.632210000E+02 9.999999819E-01 7.325176476E-13 7.595836320E-03
1.806610000E+02 9.999999852E-01 4.800125181E-13 6.862576870E-03
2.010670000E+02 9.999999881E-01 3.081310328E-13 6.166103836E-03
2.220520000E+02 9.999999902E-01 2.045994035E-13 5.583376867E-03
2.477780000E+02 9.999999922E-01 1.306200450E-13 5.003672642E-03
2.763890000E+02 9.999999937E-01 8.391597870E-14 4.485706739E-03
3.090300000E+02 9.999999950E-01 5.371370515E-14 4.011908229E-03
3.450610000E+02 9.999999960E-01 3.475684087E-14 3.592987906E-03
3.860950000E+02 9.999999968E-01 2.247021990E-14 3.211126795E-03
4.324560000E+02 9.999999974E-01 1.458536478E-14 2.866881255E-03
4.869680000E+02 9.999999980E-01 9.375834082E-15 2.545957845E-03
5.497740000E+02 9.999999984E-01 6.040034485E-15 2.255108463E-03
6.237350000E+02 9.999999988E-01 3.873278668E-15 1.987703111E-03
7.140850000E+02 9.999999991E-01 2.443903661E-15 1.736207874E-03
8.264120000E+02 9.999999993E-01 1.518296111E-15 1.500220229E-03
9.716280000E+02 9.999999995E-01 9.143710509E-16 1.276002750E-03
1.120600000E+03 9.999999996E-01 5.948897034E-16 1.106371587E-03
1.347260000E+03 9.999999997E-01 3.424205944E-16 9.202381129E-04
1.619760000E+03 9.999999998E-01 1.970990614E-16 7.654220378E-04
1.947380000E+03 9.999999999E-01 1.134513445E-16 6.366502686E-04
2.341270000E+03 9.999999999E-01 6.530329989E-17 5.295416590E-04
2.814820000E+03 9.999999999E-01 3.758892772E-17 4.404544518E-04
3.384160000E+03 1.000000000E+00 2.163639264E-17 3.663538367E-04
4.068660000E+03 1.000000000E+00 1.245398160E-17 3.047194900E-04
4.891600000E+03 1.000000000E+00 7.168602198E-18 2.534549023E-04
5.881000000E+03 1.000000000E+00 4.126284074E-18 2.108144873E-04
7.070510000E+03 1.000000000E+00 2.375116957E-18 1.753480301E-04
8.500630000E+03 1.000000000E+00 1.367124613E-18 1.458480136E-04
1.000000000E+04 0.000000000E+00 0.000000000E+00 1.239800000E-04
