# 11/08/2021 
# Data retrieved from www.chemicool.com/densities.html 
# Includes the real (n) and complex (k) part of the  refractive index. 
# Element, Sm  (Z = 62) 
# Nominal density, g cm-3 =  7.54 
#    E [keV]      n       k    Wavelength [nm] 
1.000000000E-03 -1.279171930E+03 4.168182860E-02 1.239800000E+03
1.082730000E-03 -2.640214834E+02 0.000000000E+00 1.145068484E+03
1.085390000E-03 -2.627240819E+02 0.000000000E+00 1.142262228E+03
1.088060000E-03 -2.614296018E+02 0.000000000E+00 1.139459221E+03
1.090720000E-03 -2.601511591E+02 0.000000000E+00 1.136680358E+03
1.093390000E-03 -2.588755404E+02 0.000000000E+00 1.133904645E+03
1.096050000E-03 -2.576156890E+02 0.000000000E+00 1.131152776E+03
1.098720000E-03 -2.563602920E+02 0.000000000E+00 1.128403961E+03
1.101380000E-03 -2.551169484E+02 0.000000000E+00 1.125678694E+03
1.104050000E-03 -2.538796760E+02 0.000000000E+00 1.122956388E+03
1.106710000E-03 -2.526559312E+02 0.000000000E+00 1.120257339E+03
1.109380000E-03 -2.514347361E+02 0.000000000E+00 1.117561160E+03
1.112050000E-03 -2.502240144E+02 0.000000000E+00 1.114877928E+03
1.114710000E-03 -2.490247922E+02 0.000000000E+00 1.112217527E+03
1.117380000E-03 -2.478313422E+02 0.000000000E+00 1.109559863E+03
1.122710000E-03 -2.454726744E+02 0.000000000E+00 1.104292293E+03
1.125370000E-03 -2.443088925E+02 0.000000000E+00 1.101682113E+03
1.128040000E-03 -2.431473693E+02 0.000000000E+00 1.099074501E+03
1.130700000E-03 -2.419999950E+02 0.000000000E+00 1.096488901E+03
1.133370000E-03 -2.408564216E+02 0.000000000E+00 1.093905785E+03
1.136030000E-03 -2.397235271E+02 0.000000000E+00 1.091344419E+03
1.229770000E-03 -2.044057101E+02 0.000000000E+00 1.008155997E+03
1.323500000E-03 -1.763268783E+02 0.000000000E+00 9.367585946E+02
1.326760000E-03 -1.754553416E+02 0.000000000E+00 9.344568724E+02
1.330020000E-03 -1.745913856E+02 0.000000000E+00 9.321664336E+02
1.333280000E-03 -1.737337591E+02 0.000000000E+00 9.298871955E+02
1.336530000E-03 -1.728838371E+02 0.000000000E+00 9.276260166E+02
1.339790000E-03 -1.720386723E+02 0.000000000E+00 9.253689011E+02
1.343050000E-03 -1.711985003E+02 0.000000000E+00 9.231227430E+02
1.346310000E-03 -1.703655755E+02 0.000000000E+00 9.208874628E+02
1.349560000E-03 -1.695400637E+02 0.000000000E+00 9.186697887E+02
1.352820000E-03 -1.687191256E+02 0.000000000E+00 9.164559956E+02
1.356080000E-03 -1.679029688E+02 0.000000000E+00 9.142528464E+02
1.359340000E-03 -1.670938064E+02 0.000000000E+00 9.120602645E+02
1.362600000E-03 -1.662893234E+02 0.000000000E+00 9.098781741E+02
1.365850000E-03 -1.654941505E+02 0.000000000E+00 9.077131457E+02
1.372370000E-03 -1.639148071E+02 0.000000000E+00 9.034006864E+02
1.375630000E-03 -1.631340954E+02 0.000000000E+00 9.012597864E+02
1.378880000E-03 -1.623601889E+02 0.000000000E+00 8.991355303E+02
1.382140000E-03 -1.615904750E+02 0.000000000E+00 8.970147742E+02
1.385400000E-03 -1.608251037E+02 0.000000000E+00 8.949039988E+02
1.388660000E-03 -1.600661986E+02 0.000000000E+00 8.928031340E+02
1.482040000E-03 -1.403964688E+02 0.000000000E+00 8.365496208E+02
1.563750000E-03 -1.259956458E+02 0.000000000E+00 7.928377298E+02
1.635240000E-03 -1.151265049E+02 0.000000000E+00 7.581761699E+02
1.697800000E-03 -1.067196896E+02 0.000000000E+00 7.302391330E+02
1.807270000E-03 -9.405574954E+01 0.000000000E+00 6.860070714E+02
1.889380000E-03 -8.596627997E+01 0.000000000E+00 6.561940954E+02
1.950960000E-03 -8.055800182E+01 0.000000000E+00 6.354820191E+02
2.000000000E-03 -7.660378912E+01 0.000000000E+00 6.199000000E+02
2.031790000E-03 -7.418881476E+01 0.000000000E+00 6.102008574E+02
2.083740000E-03 -7.047783351E+01 0.000000000E+00 5.949878584E+02
2.109720000E-03 -6.872404531E+01 0.000000000E+00 5.876609218E+02
2.135700000E-03 -6.703392049E+01 0.000000000E+00 5.805122442E+02
2.140960000E-03 -6.669912558E+01 0.000000000E+00 5.790860175E+02
2.146220000E-03 -6.636679143E+01 0.000000000E+00 5.776667816E+02
2.151470000E-03 -6.603751718E+01 0.000000000E+00 5.762571637E+02
2.156730000E-03 -6.571002817E+01 0.000000000E+00 5.748517431E+02
2.161990000E-03 -6.538492873E+01 0.000000000E+00 5.734531612E+02
2.167240000E-03 -6.506280530E+01 0.000000000E+00 5.720640077E+02
2.172500000E-03 -6.474285238E+01 0.000000000E+00 5.706789413E+02
2.177760000E-03 -6.442477711E+01 0.000000000E+00 5.693005657E+02
2.183010000E-03 -6.410959690E+01 0.000000000E+00 5.679314341E+02
2.188270000E-03 -6.379609237E+01 0.000000000E+00 5.665662830E+02
2.193530000E-03 -6.348484250E+01 0.000000000E+00 5.652076789E+02
2.198780000E-03 -6.317640954E+01 0.000000000E+00 5.638581395E+02
2.204040000E-03 -6.286960048E+01 0.000000000E+00 5.625124771E+02
2.214550000E-03 -6.226352990E+01 0.000000000E+00 5.598428575E+02
2.219810000E-03 -6.196322507E+01 0.000000000E+00 5.585162694E+02
2.225070000E-03 -6.166504948E+01 0.000000000E+00 5.571959534E+02
2.230320000E-03 -6.136954230E+01 0.000000000E+00 5.558843574E+02
2.235580000E-03 -6.107556119E+01 0.000000000E+00 5.545764410E+02
2.240840000E-03 -6.078364984E+01 0.000000000E+00 5.532746649E+02
2.251170000E-03 -6.021670194E+01 0.000000000E+00 5.507358396E+02
2.258920000E-03 -5.979614869E+01 0.000000000E+00 5.488463514E+02
2.270540000E-03 -5.917384964E+01 0.000000000E+00 5.460375065E+02
2.276360000E-03 -5.886574484E+01 0.000000000E+00 5.446414451E+02
2.279260000E-03 -5.871310150E+01 0.000000000E+00 5.439484745E+02
2.282170000E-03 -5.856051823E+01 0.000000000E+00 5.432548846E+02
2.287780000E-03 -5.826797710E+01 0.000000000E+00 5.419227373E+02
2.293400000E-03 -5.797706779E+01 0.000000000E+00 5.405947502E+02
2.299020000E-03 -5.768829118E+01 0.000000000E+00 5.392732556E+02
2.304640000E-03 -5.740162652E+01 0.000000000E+00 5.379582061E+02
2.310250000E-03 -5.711755638E+01 0.000000000E+00 5.366518775E+02
2.313060000E-03 -5.697604583E+01 0.000000000E+00 5.359999308E+02
2.315870000E-03 -5.683505058E+01 0.000000000E+00 5.353495663E+02
2.318680000E-03 -5.669456808E+01 0.000000000E+00 5.347007780E+02
2.321490000E-03 -5.655459588E+01 0.000000000E+00 5.340535604E+02
2.324300000E-03 -5.641513152E+01 0.000000000E+00 5.334079078E+02
2.327110000E-03 -5.627617250E+01 0.000000000E+00 5.327638143E+02
2.331320000E-03 -5.606872952E+01 0.000000000E+00 5.318017261E+02
2.334130000E-03 -5.593140502E+01 0.000000000E+00 5.311615034E+02
2.336230000E-03 -5.582872010E+01 0.000000000E+00 5.306840508E+02
2.337290000E-03 -5.577680513E+01 0.000000000E+00 5.304433767E+02
2.337810000E-03 -5.575155017E+01 0.000000000E+00 5.303253900E+02
2.338210000E-03 -5.573213474E+01 0.000000000E+00 5.302346667E+02
2.338430000E-03 -5.572146050E+01 0.000000000E+00 5.301847821E+02
2.338600000E-03 -5.571321427E+01 0.000000000E+00 5.301462413E+02
2.343960000E-03 -5.545337753E+01 0.000000000E+00 5.289339409E+02
2.345360000E-03 -5.538600097E+01 0.000000000E+00 5.286182079E+02
2.349570000E-03 -5.518336092E+01 0.000000000E+00 5.276710207E+02
2.352380000E-03 -5.504883887E+01 0.000000000E+00 5.270406992E+02
2.355190000E-03 -5.491479849E+01 0.000000000E+00 5.264118818E+02
2.358000000E-03 -5.478123749E+01 0.000000000E+00 5.257845632E+02
2.360810000E-03 -5.464815356E+01 0.000000000E+00 5.251587379E+02
2.363620000E-03 -5.451554443E+01 0.000000000E+00 5.245344006E+02
2.366430000E-03 -5.438340788E+01 0.000000000E+00 5.239115461E+02
2.372040000E-03 -5.412100825E+01 0.000000000E+00 5.226724676E+02
2.377660000E-03 -5.386000406E+01 0.000000000E+00 5.214370431E+02
2.383280000E-03 -5.360084587E+01 0.000000000E+00 5.202074452E+02
2.391700000E-03 -5.321598521E+01 0.000000000E+00 5.183760505E+02
2.394510000E-03 -5.308844992E+01 0.000000000E+00 5.177677270E+02
2.397450000E-03 -5.295551138E+01 0.000000000E+00 5.171327869E+02
2.403300000E-03 -5.269243822E+01 0.000000000E+00 5.158740066E+02
2.409110000E-03 -5.243305521E+01 0.000000000E+00 5.146298841E+02
2.414870000E-03 -5.217774582E+01 0.000000000E+00 5.134023778E+02
2.426300000E-03 -5.167648372E+01 0.000000000E+00 5.109838025E+02
2.437550000E-03 -5.118996967E+01 0.000000000E+00 5.086254641E+02
2.448620000E-03 -5.071775469E+01 0.000000000E+00 5.063260122E+02
2.459520000E-03 -5.025899251E+01 0.000000000E+00 5.040820973E+02
2.470260000E-03 -4.981287718E+01 0.000000000E+00 5.018904893E+02
2.491390000E-03 -4.895227495E+01 0.000000000E+00 4.976338510E+02
2.511850000E-03 -4.813951770E+01 0.000000000E+00 4.935804288E+02
2.531680000E-03 -4.737046421E+01 0.000000000E+00 4.897143399E+02
2.550890000E-03 -4.664244029E+01 0.000000000E+00 4.860264457E+02
2.569500000E-03 -4.595261661E+01 0.000000000E+00 4.825063242E+02
2.587530000E-03 -4.529869561E+01 0.000000000E+00 4.791442032E+02
2.604990000E-03 -4.467829873E+01 0.000000000E+00 4.759327291E+02
2.621910000E-03 -4.408883136E+01 0.000000000E+00 4.728613873E+02
2.638300000E-03 -4.352856311E+01 0.000000000E+00 4.699238146E+02
2.765320000E-03 -3.951958150E+01 0.000000000E+00 4.483387094E+02
2.812950000E-03 -3.815480116E+01 0.000000000E+00 4.407472582E+02
2.854630000E-03 -3.701592993E+01 0.000000000E+00 4.343119774E+02
2.891100000E-03 -3.605963154E+01 0.000000000E+00 4.288333160E+02
2.923010000E-03 -3.525222045E+01 0.000000000E+00 4.241518161E+02
2.950930000E-03 -3.456707956E+01 0.000000000E+00 4.201387359E+02
2.975360000E-03 -3.398329449E+01 0.000000000E+00 4.166890729E+02
2.996740000E-03 -3.348428131E+01 0.000000000E+00 4.137162383E+02
3.015440000E-03 -3.305630193E+01 0.000000000E+00 4.111506115E+02
3.031810000E-03 -3.268816759E+01 0.000000000E+00 4.089306388E+02
3.060450000E-03 -3.205838043E+01 0.000000000E+00 4.051038246E+02
3.081930000E-03 -3.159764067E+01 0.000000000E+00 4.022803892E+02
3.098040000E-03 -3.125820111E+01 0.000000000E+00 4.001885063E+02
3.110130000E-03 -3.100703319E+01 0.000000000E+00 3.986328546E+02
3.119190000E-03 -3.082051199E+01 0.000000000E+00 3.974749855E+02
3.132780000E-03 -3.054418749E+01 0.000000000E+00 3.957507390E+02
3.139580000E-03 -3.040705902E+01 0.000000000E+00 3.948935845E+02
3.142980000E-03 -3.033893421E+01 0.000000000E+00 3.944663981E+02
3.146380000E-03 -3.027103036E+01 0.000000000E+00 3.940401350E+02
3.154120000E-03 -3.011711680E+01 0.000000000E+00 3.930731868E+02
3.161860000E-03 -2.996433371E+01 0.000000000E+00 3.921109727E+02
3.169610000E-03 -2.981268283E+01 0.000000000E+00 3.911522238E+02
3.177350000E-03 -2.966212808E+01 0.000000000E+00 3.901993800E+02
3.185100000E-03 -2.951247949E+01 0.000000000E+00 3.892499451E+02
3.188970000E-03 -2.943826237E+01 0.000000000E+00 3.887775677E+02
3.192840000E-03 -2.936411097E+01 0.000000000E+00 3.883063354E+02
3.196710000E-03 -2.929043296E+01 0.000000000E+00 3.878362441E+02
3.200590000E-03 -2.921683348E+01 0.000000000E+00 3.873660794E+02
3.204460000E-03 -2.914348680E+01 0.000000000E+00 3.868982605E+02
3.208330000E-03 -2.907060814E+01 0.000000000E+00 3.864315703E+02
3.214140000E-03 -2.896158981E+01 0.000000000E+00 3.857330421E+02
3.218010000E-03 -2.888936809E+01 0.000000000E+00 3.852691570E+02
3.220920000E-03 -2.883518359E+01 0.000000000E+00 3.849210784E+02
3.222370000E-03 -2.880813870E+01 0.000000000E+00 3.847478719E+02
3.223090000E-03 -2.879482262E+01 0.000000000E+00 3.846619238E+02
3.223280000E-03 -2.879131014E+01 0.000000000E+00 3.846392495E+02
3.223410000E-03 -2.878890723E+01 0.000000000E+00 3.846237370E+02
3.223440000E-03 -2.878835274E+01 0.000000000E+00 3.846201573E+02
3.223530000E-03 -2.878668941E+01 0.000000000E+00 3.846094189E+02
3.223680000E-03 -2.878391747E+01 0.000000000E+00 3.845915227E+02
3.223750000E-03 -2.878262405E+01 0.000000000E+00 3.845831718E+02
3.223940000E-03 -2.877891342E+01 0.000000000E+00 3.845605067E+02
3.224180000E-03 -2.877448025E+01 0.000000000E+00 3.845318810E+02
3.231560000E-03 -2.863824324E+01 0.000000000E+00 3.836537152E+02
3.233500000E-03 -2.860249073E+01 0.000000000E+00 3.834235349E+02
3.239310000E-03 -2.849599956E+01 0.000000000E+00 3.827358295E+02
3.243180000E-03 -2.842545005E+01 0.000000000E+00 3.822791211E+02
3.247050000E-03 -2.835495540E+01 0.000000000E+00 3.818235013E+02
3.250930000E-03 -2.828472967E+01 0.000000000E+00 3.813677932E+02
3.254800000E-03 -2.821493469E+01 0.000000000E+00 3.809143419E+02
3.258670000E-03 -2.814519239E+01 0.000000000E+00 3.804619676E+02
3.262540000E-03 -2.807589419E+01 0.000000000E+00 3.800106665E+02
3.270290000E-03 -2.793766418E+01 0.000000000E+00 3.791101095E+02
3.278030000E-03 -2.780059052E+01 0.000000000E+00 3.782149645E+02
3.285780000E-03 -2.766450412E+01 0.000000000E+00 3.773228883E+02
3.293520000E-03 -2.752935949E+01 0.000000000E+00 3.764361534E+02
3.301260000E-03 -2.739516565E+01 0.000000000E+00 3.755535765E+02
3.304100000E-03 -2.734618247E+01 0.000000000E+00 3.752307739E+02
3.309730000E-03 -2.724944810E+01 0.000000000E+00 3.745924894E+02
3.320810000E-03 -2.706049685E+01 0.000000000E+00 3.733426483E+02
3.331550000E-03 -2.687911952E+01 0.000000000E+00 3.721390944E+02
3.341950000E-03 -2.670531311E+01 0.000000000E+00 3.709810141E+02
3.362100000E-03 -2.637292769E+01 0.000000000E+00 3.687576217E+02
3.380990000E-03 -2.606663552E+01 0.000000000E+00 3.666973283E+02
3.398700000E-03 -2.578421051E+01 0.000000000E+00 3.647865360E+02
3.431900000E-03 -2.526637812E+01 0.000000000E+00 3.612576124E+02
3.460960000E-03 -2.482539977E+01 0.000000000E+00 3.582243077E+02
3.511810000E-03 -2.407988696E+01 0.000000000E+00 3.530373226E+02
3.549940000E-03 -2.354170005E+01 0.000000000E+00 3.492453394E+02
3.607140000E-03 -2.276633406E+01 0.000000000E+00 3.437072029E+02
3.664350000E-03 -2.202691798E+01 0.000000000E+00 3.383410427E+02
3.670700000E-03 -2.194700862E+01 0.000000000E+00 3.377557414E+02
3.676650000E-03 -2.187248943E+01 0.000000000E+00 3.372091442E+02
3.694750000E-03 -2.164787330E+01 0.000000000E+00 3.355572096E+02
3.703800000E-03 -2.153687592E+01 0.000000000E+00 3.347372968E+02
3.712850000E-03 -2.142669034E+01 0.000000000E+00 3.339213811E+02
3.721900000E-03 -2.131730865E+01 0.000000000E+00 3.331094334E+02
3.736500000E-03 -2.114249847E+01 0.000000000E+00 3.318078416E+02
3.749050000E-03 -2.099376128E+01 0.000000000E+00 3.306971099E+02
3.758100000E-03 -2.088751883E+01 0.000000000E+00 3.299007477E+02
3.767150000E-03 -2.078204223E+01 0.000000000E+00 3.291082118E+02
3.776200000E-03 -2.067732411E+01 0.000000000E+00 3.283194746E+02
3.785250000E-03 -2.057321192E+01 0.000000000E+00 3.275345089E+02
3.799640000E-03 -2.040939614E+01 0.000000000E+00 3.262940700E+02
3.812400000E-03 -2.026574965E+01 0.000000000E+00 3.252019725E+02
3.821450000E-03 -2.016471765E+01 0.000000000E+00 3.244318256E+02
3.830500000E-03 -2.006426002E+01 0.000000000E+00 3.236653178E+02
3.839550000E-03 -1.996465448E+01 0.000000000E+00 3.229024235E+02
3.852630000E-03 -1.982198155E+01 0.000000000E+00 3.218061428E+02
3.857650000E-03 -1.976754528E+01 0.000000000E+00 3.213873731E+02
3.861770000E-03 -1.972297723E+01 0.000000000E+00 3.210444951E+02
3.870920000E-03 -1.962470711E+01 0.000000000E+00 3.202856169E+02
3.880060000E-03 -1.952723817E+01 0.000000000E+00 3.195311413E+02
3.889210000E-03 -1.943035151E+01 0.000000000E+00 3.187793922E+02
3.898350000E-03 -1.933411458E+01 0.000000000E+00 3.180319879E+02
4.021990000E-03 -1.809581228E+01 0.000000000E+00 3.082553661E+02
4.083800000E-03 -1.751477534E+01 0.000000000E+00 3.035897938E+02
4.114710000E-03 -1.723396242E+01 0.000000000E+00 3.013092053E+02
4.137890000E-03 -1.702744867E+01 0.000000000E+00 2.996213046E+02
4.145620000E-03 -1.695943472E+01 0.000000000E+00 2.990626251E+02
4.166050000E-03 -1.678132401E+01 0.000000000E+00 2.975960442E+02
4.176250000E-03 -1.669337877E+01 0.000000000E+00 2.968692008E+02
4.186460000E-03 -1.660599437E+01 0.000000000E+00 2.961451919E+02
4.189010000E-03 -1.658432880E+01 0.000000000E+00 2.959649177E+02
4.196660000E-03 -1.651945156E+01 0.000000000E+00 2.954254097E+02
4.199210000E-03 -1.649782620E+01 0.000000000E+00 2.952460106E+02
4.203040000E-03 -1.646547969E+01 0.000000000E+00 2.949769691E+02
4.206860000E-03 -1.643342243E+01 0.000000000E+00 2.947091180E+02
4.211340000E-03 -1.639576404E+01 0.000000000E+00 2.943956080E+02
4.214690000E-03 -1.636776976E+01 0.000000000E+00 2.941616109E+02
4.219730000E-03 -1.632572217E+01 0.000000000E+00 2.938102675E+02
4.222250000E-03 -1.630481346E+01 0.000000000E+00 2.936349103E+02
4.229960000E-03 -1.624085668E+01 0.000000000E+00 2.930996983E+02
4.235160000E-03 -1.619796509E+01 0.000000000E+00 2.927398257E+02
4.247680000E-03 -1.609534811E+01 0.000000000E+00 2.918769776E+02
4.257880000E-03 -1.601239202E+01 0.000000000E+00 2.911777692E+02
4.268090000E-03 -1.593006767E+01 0.000000000E+00 2.904812223E+02
4.277620000E-03 -1.585357776E+01 0.000000000E+00 2.898340666E+02
4.287160000E-03 -1.577763491E+01 0.000000000E+00 2.891891135E+02
4.298700000E-03 -1.568643627E+01 0.000000000E+00 2.884127760E+02
4.308900000E-03 -1.560640838E+01 0.000000000E+00 2.877300471E+02
4.319110000E-03 -1.552687291E+01 0.000000000E+00 2.870498783E+02
4.329310000E-03 -1.544797812E+01 0.000000000E+00 2.863735792E+02
4.339520000E-03 -1.536967671E+01 0.000000000E+00 2.856998009E+02
4.349720000E-03 -1.529189324E+01 0.000000000E+00 2.850298410E+02
4.367840000E-03 -1.515503535E+01 0.000000000E+00 2.838473937E+02
4.380740000E-03 -1.505872986E+01 0.000000000E+00 2.830115460E+02
4.391140000E-03 -1.498167303E+01 0.000000000E+00 2.823412599E+02
4.401540000E-03 -1.490516431E+01 0.000000000E+00 2.816741413E+02
4.411940000E-03 -1.482919855E+01 0.000000000E+00 2.810101679E+02
4.427780000E-03 -1.471444683E+01 0.000000000E+00 2.800048783E+02
4.432740000E-03 -1.467887542E+01 0.000000000E+00 2.796915677E+02
4.438200000E-03 -1.463968777E+01 0.000000000E+00 2.793474832E+02
4.444480000E-03 -1.459478381E+01 0.000000000E+00 2.789527684E+02
4.455440000E-03 -1.451595204E+01 0.000000000E+00 2.782665685E+02
4.466380000E-03 -1.443794790E+01 0.000000000E+00 2.775849793E+02
4.477320000E-03 -1.436041610E+01 0.000000000E+00 2.769067210E+02
4.488260000E-03 -1.428355921E+01 0.000000000E+00 2.762317691E+02
4.499200000E-03 -1.420716446E+01 0.000000000E+00 2.755600996E+02
4.509020000E-03 -1.413915528E+01 0.000000000E+00 2.749599691E+02
4.518830000E-03 -1.407155777E+01 0.000000000E+00 2.743630542E+02
4.532020000E-03 -1.398142271E+01 0.000000000E+00 2.735645474E+02
4.542960000E-03 -1.390733785E+01 0.000000000E+00 2.729057707E+02
4.553900000E-03 -1.383369073E+01 0.000000000E+00 2.722501592E+02
4.564840000E-03 -1.376067744E+01 0.000000000E+00 2.715976902E+02
4.577670000E-03 -1.367556898E+01 0.000000000E+00 2.708364736E+02
4.595580000E-03 -1.355815077E+01 0.000000000E+00 2.697809634E+02
4.608600000E-03 -1.347355835E+01 0.000000000E+00 2.690187910E+02
4.619540000E-03 -1.340313570E+01 0.000000000E+00 2.683817003E+02
4.631360000E-03 -1.332747867E+01 0.000000000E+00 2.676967457E+02
4.642760000E-03 -1.325517629E+01 0.000000000E+00 2.670394334E+02
4.663630000E-03 -1.312414309E+01 0.000000000E+00 2.658444173E+02
4.679070000E-03 -1.302832542E+01 0.000000000E+00 2.649671836E+02
4.690340000E-03 -1.295890956E+01 0.000000000E+00 2.643305176E+02
4.701610000E-03 -1.289009144E+01 0.000000000E+00 2.636969038E+02
4.712870000E-03 -1.282182982E+01 0.000000000E+00 2.630668786E+02
4.729780000E-03 -1.272019622E+01 0.000000000E+00 2.621263568E+02
4.746680000E-03 -1.261971488E+01 0.000000000E+00 2.611930865E+02
4.757940000E-03 -1.255339581E+01 0.000000000E+00 2.605749547E+02
4.769210000E-03 -1.248749391E+01 0.000000000E+00 2.599591966E+02
4.780480000E-03 -1.242206208E+01 0.000000000E+00 2.593463418E+02
4.803010000E-03 -1.229255602E+01 0.000000000E+00 2.581297978E+02
4.815430000E-03 -1.222201083E+01 0.000000000E+00 2.574640271E+02
4.819570000E-03 -1.219858819E+01 0.000000000E+00 2.572428661E+02
4.823110000E-03 -1.217859416E+01 0.000000000E+00 2.570540585E+02
4.828420000E-03 -1.214882036E+01 0.000000000E+00 2.567713662E+02
4.838510000E-03 -1.209234800E+01 0.000000000E+00 2.562359073E+02
4.840900000E-03 -1.207897933E+01 0.000000000E+00 2.561094011E+02
4.843300000E-03 -1.206566548E+01 0.000000000E+00 2.559824913E+02
4.844780000E-03 -1.205741791E+01 0.000000000E+00 2.559042929E+02
4.852570000E-03 -1.201420227E+01 0.000000000E+00 2.554934808E+02
4.854190000E-03 -1.200525212E+01 0.000000000E+00 2.554082143E+02
4.855160000E-03 -1.199987943E+01 0.000000000E+00 2.553571870E+02
4.855620000E-03 -1.199732814E+01 0.000000000E+00 2.553329956E+02
4.856330000E-03 -1.199343970E+01 0.000000000E+00 2.552956657E+02
4.867020000E-03 -1.193466655E+01 0.000000000E+00 2.547349302E+02
4.867880000E-03 -1.192992094E+01 0.000000000E+00 2.546899266E+02
4.869490000E-03 -1.192110891E+01 0.000000000E+00 2.546057185E+02
4.872310000E-03 -1.190571774E+01 0.000000000E+00 2.544583575E+02
4.880760000E-03 -1.185967104E+01 0.000000000E+00 2.540178169E+02
4.882870000E-03 -1.184821024E+01 0.000000000E+00 2.539080500E+02
4.886820000E-03 -1.182675086E+01 9.816481705E-08 2.537028170E+02
4.890280000E-03 -1.180747501E+01 1.526589384E-07 2.535233156E+02
4.893630000E-03 -1.178890270E+01 2.319647508E-07 2.533497629E+02
4.898260000E-03 -1.176326196E+01 4.086611025E-07 2.531102881E+02
4.901530000E-03 -1.174511135E+01 6.022247747E-07 2.529414285E+02
4.904450000E-03 -1.172890090E+01 8.480622324E-07 2.527908328E+02
4.905900000E-03 -1.172094512E+01 1.002245010E-06 2.527161173E+02
4.906890000E-03 -1.171546668E+01 1.124108060E-06 2.526651301E+02
4.908790000E-03 -1.170493405E+01 1.393996796E-06 2.525673333E+02
4.910210000E-03 -1.169706863E+01 1.636445056E-06 2.524942925E+02
4.912340000E-03 -1.168528358E+01 2.076438797E-06 2.523848105E+02
4.913650000E-03 -1.167808942E+01 2.397914916E-06 2.523175236E+02
4.916380000E-03 -1.166297975E+01 3.232853253E-06 2.521774151E+02
4.924340000E-03 -1.161906942E+01 7.501493594E-06 2.517697803E+02
4.929760000E-03 -1.158919501E+01 1.300288944E-05 2.514929733E+02
4.939770000E-03 -1.153395887E+01 3.427585801E-05 2.509833454E+02
4.953490000E-03 -1.145817421E+01 1.172524061E-04 2.502881807E+02
4.966700000E-03 -1.138490246E+01 3.445359645E-04 2.496224858E+02
4.975540000E-03 -1.133555087E+01 6.696685791E-04 2.491789836E+02
4.988220000E-03 -1.126421497E+01 1.608629171E-03 2.485455734E+02
4.999860000E-03 -1.119784992E+01 3.325596845E-03 2.479669431E+02
5.011110000E-03 -1.113302777E+01 6.260100097E-03 2.474102544E+02
5.021870000E-03 -1.107044074E+01 1.077738267E-02 2.468801462E+02
5.033650000E-03 -1.100168580E+01 1.827208409E-02 2.463023849E+02
5.056890000E-03 -1.086907466E+01 4.257744767E-02 2.451704506E+02
5.073200000E-03 -1.078236470E+01 6.680898631E-02 2.443822439E+02
5.114590000E-03 -1.060174981E+01 1.339902577E-01 2.424045720E+02
5.174790000E-03 -1.039597318E+01 1.740650625E-01 2.395846015E+02
5.255470000E-03 -1.009354069E+01 1.648397480E-01 2.359065888E+02
5.357700000E-03 -9.708535737E+00 1.483998533E-01 2.314052672E+02
5.396030000E-03 -9.563377963E+00 1.427346300E-01 2.297615099E+02
5.421590000E-03 -9.468331656E+00 1.390382627E-01 2.286783029E+02
5.432360000E-03 -9.428628275E+00 1.374990993E-01 2.282249335E+02
5.439750000E-03 -9.401579013E+00 1.364496186E-01 2.279148858E+02
5.459100000E-03 -9.330766485E+00 1.337703516E-01 2.271070323E+02
5.472470000E-03 -9.281809077E+00 1.319912937E-01 2.265521784E+02
5.485840000E-03 -9.233205645E+00 1.302272774E-01 2.260000292E+02
5.489190000E-03 -9.221064481E+00 1.297885311E-01 2.258621035E+02
5.500890000E-03 -9.178939036E+00 1.282613883E-01 2.253817110E+02
5.503810000E-03 -9.168416118E+00 1.278820237E-01 2.252621366E+02
5.508200000E-03 -9.152694595E+00 1.273132010E-01 2.250826041E+02
5.512590000E-03 -9.137010239E+00 1.267460273E-01 2.249033576E+02
5.515930000E-03 -9.125079789E+00 1.263154443E-01 2.247671743E+02
5.520940000E-03 -9.107258470E+00 1.256710074E-01 2.245632084E+02
5.523450000E-03 -9.098347521E+00 1.253493606E-01 2.244611610E+02
5.525960000E-03 -9.089448596E+00 1.250289281E-01 2.243592064E+02
5.532640000E-03 -9.065779857E+00 1.241755880E-01 2.240883195E+02
5.535990000E-03 -9.054008911E+00 1.237502182E-01 2.239527167E+02
5.549360000E-03 -9.007041018E+00 1.220594122E-01 2.234131503E+02
5.555110000E-03 -8.986942708E+00 1.213366177E-01 2.231818992E+02
5.566070000E-03 -8.948390599E+00 1.200286407E-01 2.227424377E+02
5.579440000E-03 -8.901772297E+00 1.184468763E-01 2.222086804E+02
5.592810000E-03 -8.855418983E+00 1.168788474E-01 2.216774752E+02
5.606180000E-03 -8.809394685E+00 1.153237490E-01 2.211488036E+02
5.618410000E-03 -8.767592941E+00 1.139140292E-01 2.206674130E+02
5.632930000E-03 -8.718286240E+00 1.122547033E-01 2.200985988E+02
5.646300000E-03 -8.673230705E+00 1.107395662E-01 2.195774224E+02
5.659670000E-03 -8.628361952E+00 1.092751745E-01 2.190587084E+02
5.673040000E-03 -8.583678836E+00 1.078595680E-01 2.185424393E+02
5.699780000E-03 -8.495185468E+00 1.050638603E-01 2.175171673E+02
5.713780000E-03 -8.449349664E+00 1.036192057E-01 2.169842031E+02
5.741500000E-03 -8.359590022E+00 1.007964593E-01 2.159366019E+02
5.755500000E-03 -8.314740330E+00 9.938970289E-02 2.154113457E+02
5.769220000E-03 -8.270927398E+00 9.808372464E-02 2.148990678E+02
5.783080000E-03 -8.226915891E+00 9.677560510E-02 2.143840307E+02
5.796940000E-03 -8.183280744E+00 9.547885953E-02 2.138714563E+02
5.838520000E-03 -8.054045321E+00 9.170028080E-02 2.123483349E+02
5.852370000E-03 -8.011546028E+00 9.049902603E-02 2.118457992E+02
5.866230000E-03 -7.969316113E+00 8.930777572E-02 2.113452763E+02
5.880090000E-03 -7.927383749E+00 8.812613596E-02 2.108471129E+02
5.907810000E-03 -7.844340906E+00 8.579428835E-02 2.098577984E+02
6.047280000E-03 -7.442452999E+00 7.515150098E-02 2.050177931E+02
6.382880000E-03 -6.576686118E+00 5.509648201E-02 1.942383376E+02
6.830660000E-03 -5.609717576E+00 3.709249794E-02 1.815051547E+02
7.210380000E-03 -4.925266648E+00 2.691310558E-02 1.719465548E+02
7.245870000E-03 -4.866691199E+00 2.613634821E-02 1.711043670E+02
7.263620000E-03 -4.837737852E+00 2.576079352E-02 1.706862418E+02
7.282630000E-03 -4.806947598E+00 2.536213648E-02 1.702406960E+02
7.300260000E-03 -4.778582519E+00 2.499601522E-02 1.698295677E+02
7.353120000E-03 -4.694798009E+00 2.394373516E-02 1.686086994E+02
7.370740000E-03 -4.667296766E+00 2.360402182E-02 1.682056347E+02
7.388370000E-03 -4.639939372E+00 2.326724806E-02 1.678042654E+02
7.405990000E-03 -4.612793088E+00 2.293343368E-02 1.674050330E+02
7.423610000E-03 -4.585878455E+00 2.260954941E-02 1.670076957E+02
7.476590000E-03 -4.505988941E+00 2.166651640E-02 1.658242595E+02
7.494330000E-03 -4.479619469E+00 2.135610729E-02 1.654317331E+02
7.512080000E-03 -4.453422859E+00 2.104832917E-02 1.650408409E+02
7.529830000E-03 -4.427412072E+00 2.075026264E-02 1.646517916E+02
7.565320000E-03 -4.375955205E+00 2.017459173E-02 1.638793865E+02
7.773190000E-03 -4.088551681E+00 1.710961284E-02 1.594969376E+02
7.779560000E-03 -4.080118751E+00 1.702591087E-02 1.593663395E+02
7.817850000E-03 -4.029796858E+00 1.652755085E-02 1.585858004E+02
7.837000000E-03 -4.004873027E+00 1.628169314E-02 1.581982902E+02
7.852710000E-03 -3.984597625E+00 1.608166372E-02 1.578818013E+02
7.862810000E-03 -3.971631759E+00 1.595379497E-02 1.576789977E+02
7.877010000E-03 -3.953454615E+00 1.577506046E-02 1.573947475E+02
7.928710000E-03 -3.888171970E+00 1.515533014E-02 1.563684382E+02
7.951890000E-03 -3.859287137E+00 1.488433261E-02 1.559126195E+02
7.972080000E-03 -3.834344807E+00 1.465064650E-02 1.555177570E+02
7.991100000E-03 -3.811033248E+00 1.443759899E-02 1.551476017E+02
8.010110000E-03 -3.787705587E+00 1.423043410E-02 1.547793975E+02
8.067150000E-03 -3.718129125E+00 1.361958652E-02 1.536850065E+02
8.086740000E-03 -3.694597221E+00 1.341347148E-02 1.533127070E+02
8.105180000E-03 -3.672594740E+00 1.322992285E-02 1.529639070E+02
8.124230000E-03 -3.650013524E+00 1.304193535E-02 1.526052315E+02
8.155850000E-03 -3.612900697E+00 1.273339625E-02 1.520135853E+02
8.162520000E-03 -3.605114934E+00 1.266884705E-02 1.518893675E+02
8.181660000E-03 -3.582909675E+00 1.248479768E-02 1.515340408E+02
8.202110000E-03 -3.559373597E+00 1.228985564E-02 1.511562269E+02
8.275330000E-03 -3.476494218E+00 1.163794858E-02 1.498187988E+02
8.307360000E-03 -3.440925245E+00 1.135943582E-02 1.492411548E+02
8.324620000E-03 -3.421928131E+00 1.121762405E-02 1.489317230E+02
8.410440000E-03 -3.329202662E+00 1.052849867E-02 1.474120260E+02
8.443260000E-03 -3.294326771E+00 1.027181165E-02 1.468390172E+02
8.518980000E-03 -3.215142393E+00 9.723019107E-03 1.455338550E+02
8.546180000E-03 -3.187099708E+00 9.549228092E-03 1.450706632E+02
8.572970000E-03 -3.159612008E+00 9.425109328E-03 1.446173263E+02
8.659190000E-03 -3.072024917E+00 1.002655579E-02 1.431773642E+02
8.674860000E-03 -3.056358726E+00 1.045250090E-02 1.429187330E+02
8.695300000E-03 -3.036071482E+00 1.119585571E-02 1.425827746E+02
8.712860000E-03 -3.018914147E+00 1.198738367E-02 1.422954116E+02
8.737600000E-03 -2.995233268E+00 1.327539344E-02 1.418925105E+02
8.751110000E-03 -2.982553657E+00 1.400964898E-02 1.416734563E+02
8.801000000E-03 -2.936992456E+00 1.647872392E-02 1.408703556E+02
8.844570000E-03 -2.898698500E+00 1.779446723E-02 1.401764020E+02
9.083540000E-03 -2.695127249E+00 1.725492862E-02 1.364886377E+02
9.186980000E-03 -2.609844999E+00 1.666780972E-02 1.349518558E+02
9.311430000E-03 -2.509890372E+00 1.759060965E-02 1.331481845E+02
9.376080000E-03 -2.460162404E+00 1.946761424E-02 1.322301004E+02
9.509930000E-03 -2.363722188E+00 2.182313672E-02 1.303689933E+02
1.071590000E-02 -1.637123289E+00 1.697607549E-02 1.156972349E+02
1.135010000E-02 -1.342668478E+00 1.558360345E-02 1.092325178E+02
1.195360000E-02 -1.104820993E+00 1.478315576E-02 1.037177085E+02
1.241480000E-02 -9.446003626E-01 1.441328744E-02 9.986467764E+01
1.290240000E-02 -7.934956674E-01 1.419741305E-02 9.609064980E+01
1.340940000E-02 -6.536876099E-01 1.412007898E-02 9.245752979E+01
1.396880000E-02 -5.169131741E-01 1.417460075E-02 8.875493958E+01
1.428890000E-02 -4.458561442E-01 1.423646874E-02 8.676665104E+01
1.480000000E-02 -3.419016401E-01 1.443519235E-02 8.377027027E+01
1.516040000E-02 -2.744116966E-01 1.461912036E-02 8.177884489E+01
1.548820000E-02 -2.166029864E-01 1.479604194E-02 8.004803657E+01
1.573790000E-02 -1.750169402E-01 1.494446774E-02 7.877798181E+01
1.639560000E-02 -7.452851322E-02 1.540899245E-02 7.561784869E+01
1.683740000E-02 -1.367198098E-02 1.571621186E-02 7.363369641E+01
1.734590000E-02 5.058387142E-02 1.613842040E-02 7.147510363E+01
1.776260000E-02 9.969446617E-02 1.648351767E-02 6.979834033E+01
1.839960000E-02 1.687017987E-01 1.704070296E-02 6.738189961E+01
1.875360000E-02 2.042410529E-01 1.738399188E-02 6.610997355E+01
1.907210000E-02 2.344720845E-01 1.766139702E-02 6.500595110E+01
1.958950000E-02 2.808923039E-01 1.809959989E-02 6.328900687E+01
2.012630000E-02 3.258793923E-01 1.862246807E-02 6.160098975E+01
2.052070000E-02 3.565860668E-01 1.896344861E-02 6.041704230E+01
2.089570000E-02 3.844506773E-01 1.932433780E-02 5.933278139E+01
2.120050000E-02 4.067153324E-01 1.961433945E-02 5.847975284E+01
2.145450000E-02 4.245336707E-01 1.983750418E-02 5.778741057E+01
2.163690000E-02 4.369168563E-01 1.998785952E-02 5.730026020E+01
2.171870000E-02 4.423553434E-01 2.007300960E-02 5.708444796E+01
2.174770000E-02 4.442729547E-01 2.010394144E-02 5.700832732E+01
2.185480000E-02 4.513714307E-01 2.021569193E-02 5.672895657E+01
2.190830000E-02 4.549889323E-01 2.027050261E-02 5.659042463E+01
2.196180000E-02 4.585777386E-01 2.032458309E-02 5.645256764E+01
2.201540000E-02 4.621430256E-01 2.037767102E-02 5.631512487E+01
2.208920000E-02 4.670110560E-01 2.045008840E-02 5.612697608E+01
2.217590000E-02 4.726607421E-01 2.053308184E-02 5.590753927E+01
2.222950000E-02 4.761192110E-01 2.058320382E-02 5.577273443E+01
2.228300000E-02 4.795416817E-01 2.063283363E-02 5.563882781E+01
2.233650000E-02 4.829374130E-01 2.068175235E-02 5.550556264E+01
2.239010000E-02 4.863112586E-01 2.072974177E-02 5.537268704E+01
2.242490000E-02 4.884922508E-01 2.076084132E-02 5.528675713E+01
2.245980000E-02 4.906626107E-01 2.079150486E-02 5.520084774E+01
2.250520000E-02 4.934759887E-01 2.083110467E-02 5.508949043E+01
2.252790000E-02 4.948736776E-01 2.085072159E-02 5.503398009E+01
2.255060000E-02 4.962667681E-01 2.087021735E-02 5.497858150E+01
2.255990000E-02 4.968374436E-01 2.087809010E-02 5.495591736E+01
2.261110000E-02 4.999565090E-01 2.092132709E-02 5.483147658E+01
2.267100000E-02 5.037863030E-01 2.097124656E-02 5.468660403E+01
2.272650000E-02 5.073073870E-01 2.101688095E-02 5.455305480E+01
2.278200000E-02 5.107960798E-01 2.106178216E-02 5.442015626E+01
2.283760000E-02 5.142609743E-01 2.111359843E-02 5.428766595E+01
2.286160000E-02 5.157463571E-01 2.114063561E-02 5.423067502E+01
2.289530000E-02 5.178579830E-01 2.117817736E-02 5.415085192E+01
2.292990000E-02 5.200128173E-01 2.121655330E-02 5.406914117E+01
2.296700000E-02 5.223121974E-01 2.125735588E-02 5.398179997E+01
2.298560000E-02 5.234593336E-01 2.127754410E-02 5.393811778E+01
2.300410000E-02 5.245992529E-01 2.129778509E-02 5.389474050E+01
2.303190000E-02 5.263035158E-01 2.132768438E-02 5.382968839E+01
2.304580000E-02 5.271530832E-01 2.134253710E-02 5.379722119E+01
2.305970000E-02 5.280009473E-01 2.135733852E-02 5.376479312E+01
2.307360000E-02 5.288510225E-01 2.137208879E-02 5.373240413E+01
2.309440000E-02 5.301130992E-01 2.139423079E-02 5.368400998E+01
2.310480000E-02 5.307466202E-01 2.140523940E-02 5.365984557E+01
2.311000000E-02 5.310591261E-01 2.141073303E-02 5.364777153E+01
2.311260000E-02 5.312152915E-01 2.141347718E-02 5.364173654E+01
2.311390000E-02 5.312953007E-01 2.141484859E-02 5.363871956E+01
2.311490000E-02 5.313553374E-01 2.141584026E-02 5.363639903E+01
2.311530000E-02 5.313793496E-01 2.141638494E-02 5.363547088E+01
2.311620000E-02 5.314353202E-01 2.141736674E-02 5.363338265E+01
2.311710000E-02 5.314873876E-01 2.141815354E-02 5.363129458E+01
2.317070000E-02 5.347188896E-01 2.147433083E-02 5.350723112E+01
2.318460000E-02 5.355516282E-01 2.148867735E-02 5.347515161E+01
2.322630000E-02 5.381055024E-01 2.153145734E-02 5.337914347E+01
2.325000000E-02 5.395781961E-01 2.155567756E-02 5.332473118E+01
2.328550000E-02 5.417796694E-01 2.159179384E-02 5.324343476E+01
2.332110000E-02 5.439699652E-01 2.162744327E-02 5.316215787E+01
2.335700000E-02 5.461683373E-01 2.166309648E-02 5.308044698E+01
2.339280000E-02 5.483553163E-01 2.169865267E-02 5.299921343E+01
2.344840000E-02 5.517631297E-01 2.175263712E-02 5.287354361E+01
2.350390000E-02 5.551965359E-01 2.180605407E-02 5.274869277E+01
2.355940000E-02 5.586026023E-01 2.185872682E-02 5.262443016E+01
2.362860000E-02 5.628249985E-01 2.192307616E-02 5.247031140E+01
2.367050000E-02 5.654303666E-01 2.196165178E-02 5.237743182E+01
2.368660000E-02 5.664254059E-01 2.197633656E-02 5.234183040E+01
2.371230000E-02 5.680127198E-01 2.199978148E-02 5.228510098E+01
2.374460000E-02 5.699958949E-01 2.202881559E-02 5.221397707E+01
2.380260000E-02 5.735624970E-01 2.208052278E-02 5.208674683E+01
2.382410000E-02 5.749040481E-01 2.209945067E-02 5.203974127E+01
2.386060000E-02 5.771799958E-01 2.213146749E-02 5.196013512E+01
2.393810000E-02 5.819661210E-01 2.219825368E-02 5.179191331E+01
2.406820000E-02 5.901284194E-01 2.230761506E-02 5.151195353E+01
2.408850000E-02 5.914217338E-01 2.232424744E-02 5.146854308E+01
2.413960000E-02 5.946717346E-01 2.236606563E-02 5.135959171E+01
2.420870000E-02 5.990640768E-01 2.242151937E-02 5.121299368E+01
2.425850000E-02 6.022652189E-01 2.246077698E-02 5.110785910E+01
2.431790000E-02 6.061422488E-01 2.250714802E-02 5.098302074E+01
2.438280000E-02 6.104773627E-01 2.255688049E-02 5.084731860E+01
2.445070000E-02 6.150511546E-01 2.260805705E-02 5.070611475E+01
2.448550000E-02 6.174155689E-01 2.263395358E-02 5.063404872E+01
2.452860000E-02 6.204095098E-01 2.267725737E-02 5.054507799E+01
2.455200000E-02 6.220376266E-01 2.270046857E-02 5.049690453E+01
2.457540000E-02 6.236567864E-01 2.272355029E-02 5.044882281E+01
2.460280000E-02 6.255539717E-01 2.275073311E-02 5.039263824E+01
2.463030000E-02 6.274981549E-01 2.277751952E-02 5.033637430E+01
2.468140000E-02 6.311545613E-01 2.282691261E-02 5.023215863E+01
2.474070000E-02 6.355124052E-01 2.288353527E-02 5.011175917E+01
2.477360000E-02 6.379690858E-01 2.291462563E-02 5.004520942E+01
2.480650000E-02 6.404140244E-01 2.294550448E-02 4.997883619E+01
2.484220000E-02 6.430526175E-01 2.297861847E-02 4.990701307E+01
2.487220000E-02 6.454478277E-01 2.300634694E-02 4.984681693E+01
2.490290000E-02 6.478859086E-01 2.303439313E-02 4.978536636E+01
2.492550000E-02 6.496735685E-01 2.306120473E-02 4.974022587E+01
2.495980000E-02 6.523668485E-01 2.310153177E-02 4.967187237E+01
2.497920000E-02 6.538909408E-01 2.312442153E-02 4.963329490E+01
2.500130000E-02 6.557183021E-01 2.315047356E-02 4.958942135E+01
2.503080000E-02 6.581874838E-01 2.318462752E-02 4.953097784E+01
2.503750000E-02 6.587589743E-01 2.319254643E-02 4.951772341E+01
2.507520000E-02 6.620061134E-01 2.323626846E-02 4.944327463E+01
2.508620000E-02 6.629707367E-01 2.324914364E-02 4.942159434E+01
2.509830000E-02 6.640458839E-01 2.326338564E-02 4.939776798E+01
2.512900000E-02 6.668049069E-01 2.329942331E-02 4.933741892E+01
2.516320000E-02 6.699656231E-01 2.334069348E-02 4.927036307E+01
2.519600000E-02 6.731003270E-01 2.338267818E-02 4.920622321E+01
2.521040000E-02 6.745055361E-01 2.340209674E-02 4.917811697E+01
2.522570000E-02 6.760224865E-01 2.342390697E-02 4.914828924E+01
2.524300000E-02 6.777667974E-01 2.345013308E-02 4.911460603E+01
2.534990000E-02 6.894628024E-01 2.370806521E-02 4.890749076E+01
2.541860000E-02 6.980736060E-01 2.409375718E-02 4.877530627E+01
2.548100000E-02 7.068807854E-01 2.482211057E-02 4.865586123E+01
2.551180000E-02 7.116186466E-01 2.540965621E-02 4.859711976E+01
2.554450000E-02 7.169797510E-01 2.628046081E-02 4.853490967E+01
2.558720000E-02 7.244712136E-01 2.792284100E-02 4.845391446E+01
2.561820000E-02 7.302387206E-01 2.957844429E-02 4.839528148E+01
2.564420000E-02 7.352873458E-01 3.134008632E-02 4.834621474E+01
2.567800000E-02 7.420620739E-01 3.422384654E-02 4.828257652E+01
2.569890000E-02 7.463337117E-01 3.638688074E-02 4.824331002E+01
2.573690000E-02 7.541793991E-01 4.115952576E-02 4.817207978E+01
2.575350000E-02 7.575787658E-01 4.361962454E-02 4.814102937E+01
2.577360000E-02 7.616519287E-01 4.688512916E-02 4.810348574E+01
2.578370000E-02 7.636581557E-01 4.865728863E-02 4.808464262E+01
2.578870000E-02 7.646482487E-01 4.958039329E-02 4.807531981E+01
2.579190000E-02 7.652606080E-01 5.017119080E-02 4.806935511E+01
2.579270000E-02 7.654159987E-01 5.032205190E-02 4.806786416E+01
2.579500000E-02 7.658614685E-01 5.075113577E-02 4.806357821E+01
2.579690000E-02 7.662307086E-01 5.110625568E-02 4.806003822E+01
2.580050000E-02 7.669402360E-01 5.179978132E-02 4.805333230E+01
2.581430000E-02 7.695450764E-01 5.455316254E-02 4.802764359E+01
2.583490000E-02 7.732625997E-01 5.901011782E-02 4.798934774E+01
2.584520000E-02 7.750546906E-01 6.132721455E-02 4.797022271E+01
2.585550000E-02 7.767848257E-01 6.375770082E-02 4.795111292E+01
2.591780000E-02 7.853045046E-01 8.006930112E-02 4.783585027E+01
2.595070000E-02 7.883372319E-01 8.955191563E-02 4.777520452E+01
2.598360000E-02 7.900046266E-01 9.939764559E-02 4.771471236E+01
2.602840000E-02 7.907023064E-01 1.129213699E-01 4.763258594E+01
2.609560000E-02 7.876148072E-01 1.326205932E-01 4.750992504E+01
2.612930000E-02 7.843108689E-01 1.416188165E-01 4.744864960E+01
2.616290000E-02 7.801013682E-01 1.498584675E-01 4.738771314E+01
2.622350000E-02 7.706865806E-01 1.623807372E-01 4.727820466E+01
2.628240000E-02 7.602750825E-01 1.714133979E-01 4.717225215E+01
2.634480000E-02 7.490444121E-01 1.778131286E-01 4.706052048E+01
2.646750000E-02 7.292482242E-01 1.828077497E-01 4.684235383E+01
2.650320000E-02 7.243781566E-01 1.830402913E-01 4.677925684E+01
2.652540000E-02 7.215991744E-01 1.829595129E-01 4.674010571E+01
2.654930000E-02 7.187624960E-01 1.827732160E-01 4.669802970E+01
2.659790000E-02 7.136856898E-01 1.819993615E-01 4.661270251E+01
2.664960000E-02 7.089764429E-01 1.808638383E-01 4.652227426E+01
2.671340000E-02 7.040075916E-01 1.792380157E-01 4.641116443E+01
2.683680000E-02 6.966201583E-01 1.759622161E-01 4.619775830E+01
2.698360000E-02 6.904961694E-01 1.719363105E-01 4.594642672E+01
2.724220000E-02 6.841577744E-01 1.649401406E-01 4.551027450E+01
2.780730000E-02 6.816840913E-01 1.513577701E-01 4.458541462E+01
2.794410000E-02 6.824548229E-01 1.483586532E-01 4.436714727E+01
2.801260000E-02 6.828650599E-01 1.468775466E-01 4.425865503E+01
2.808100000E-02 6.833493900E-01 1.454109365E-01 4.415084933E+01
2.818380000E-02 6.848006726E-01 1.433194098E-01 4.398980975E+01
2.825540000E-02 6.858849720E-01 1.418786647E-01 4.387833830E+01
2.837260000E-02 6.876444746E-01 1.395474573E-01 4.369708804E+01
2.843110000E-02 6.886838747E-01 1.383955475E-01 4.360717665E+01
2.850090000E-02 6.899172377E-01 1.370326318E-01 4.350038069E+01
2.860300000E-02 6.917961802E-01 1.350768539E-01 4.334510366E+01
2.876190000E-02 6.958314746E-01 1.322040064E-01 4.310563628E+01
2.889580000E-02 6.997136107E-01 1.298338618E-01 4.290588944E+01
2.908510000E-02 7.067131837E-01 1.267733051E-01 4.262663701E+01
2.933900000E-02 7.205908790E-01 1.250779090E-01 4.225774566E+01
2.972550000E-02 7.438742690E-01 1.449341013E-01 4.170829759E+01
3.039900000E-02 7.160288961E-01 1.723990706E-01 4.078423632E+01
3.175110000E-02 7.040875406E-01 1.460184777E-01 3.904746607E+01
3.313660000E-02 7.139545101E-01 1.246087123E-01 3.741482228E+01
3.632400000E-02 7.495121100E-01 9.138875002E-02 3.413170356E+01
4.032960000E-02 7.924709720E-01 6.735905881E-02 3.074168849E+01
4.445640000E-02 8.283004904E-01 5.308536187E-02 2.788799813E+01
4.543010000E-02 8.354918834E-01 5.065635448E-02 2.729027671E+01
5.080860000E-02 8.683363023E-01 4.136492636E-02 2.440138087E+01
6.414770000E-02 9.158667781E-01 2.983297485E-02 1.932727128E+01
8.328730000E-02 9.474691956E-01 2.110869508E-02 1.488582293E+01
9.217900000E-02 9.559913422E-01 1.826449098E-02 1.344991809E+01
9.800000000E-02 9.604330730E-01 1.668492135E-02 1.265102041E+01
1.012290000E-01 9.625836186E-01 1.586831173E-02 1.224747849E+01
1.047130000E-01 9.647132220E-01 1.505342608E-02 1.183998166E+01
1.065730000E-01 9.657803868E-01 1.463646029E-02 1.163334053E+01
1.069240000E-01 9.659757290E-01 1.456000895E-02 1.159515170E+01
1.090020000E-01 9.670945154E-01 1.412197366E-02 1.137410323E+01
1.117120000E-01 9.684871325E-01 1.355896464E-02 1.109818104E+01
1.139220000E-01 9.695695884E-01 1.310605032E-02 1.088288478E+01
1.161450000E-01 9.706121854E-01 1.267109123E-02 1.067458780E+01
1.174900000E-01 9.712207040E-01 1.241945629E-02 1.055238744E+01
1.189430000E-01 9.718590577E-01 1.215737740E-02 1.042348015E+01
1.202260000E-01 9.724185870E-01 1.193360961E-02 1.031224527E+01
1.217880000E-01 9.730770481E-01 1.166938241E-02 1.017998489E+01
1.230270000E-01 9.736014664E-01 1.146666443E-02 1.007746267E+01
1.240830000E-01 9.740415783E-01 1.129859614E-02 9.991699105E+00
1.246970000E-01 9.742925673E-01 1.120273301E-02 9.942500622E+00
1.253110000E-01 9.745397630E-01 1.110820161E-02 9.893784265E+00
1.256180000E-01 9.746619454E-01 1.106142740E-02 9.869604674E+00
1.259690000E-01 9.748020341E-01 1.100834594E-02 9.842104010E+00
1.262950000E-01 9.749339090E-01 1.095714898E-02 9.816698998E+00
1.268450000E-01 9.751612922E-01 1.087167711E-02 9.774133785E+00
1.271520000E-01 9.752897180E-01 1.082441932E-02 9.750534793E+00
1.274590000E-01 9.754170681E-01 1.077750296E-02 9.727049483E+00
1.277660000E-01 9.755439911E-01 1.072996820E-02 9.703677035E+00
1.280730000E-01 9.756704888E-01 1.068224441E-02 9.680416637E+00
1.283800000E-01 9.757968157E-01 1.063491702E-02 9.657267487E+00
1.286870000E-01 9.759220896E-01 1.058791912E-02 9.634228788E+00
1.288250000E-01 9.759789165E-01 1.056690322E-02 9.623908403E+00
1.289560000E-01 9.760343307E-01 1.054703533E-02 9.614131952E+00
1.292750000E-01 9.761685312E-01 1.049890961E-02 9.590408045E+00
1.295930000E-01 9.763013367E-01 1.045127824E-02 9.566874754E+00
1.299230000E-01 9.764379756E-01 1.040220075E-02 9.542575218E+00
1.302300000E-01 9.765698023E-01 1.035686086E-02 9.520079859E+00
1.305480000E-01 9.767051881E-01 1.031024084E-02 9.496890033E+00
1.307830000E-01 9.768047740E-01 1.027600926E-02 9.479825360E+00
1.310250000E-01 9.769099019E-01 1.024092303E-02 9.462316352E+00
1.312990000E-01 9.770317748E-01 1.020143772E-02 9.442570012E+00
1.314200000E-01 9.770861042E-01 1.018408363E-02 9.433876122E+00
1.315770000E-01 9.771568686E-01 1.016163442E-02 9.422619455E+00
1.317480000E-01 9.772344796E-01 1.013726441E-02 9.410389532E+00
1.317850000E-01 9.772514569E-01 1.013200449E-02 9.407747467E+00
1.318770000E-01 9.772934806E-01 1.011895025E-02 9.401184437E+00
1.319460000E-01 9.773251155E-01 1.010918297E-02 9.396268170E+00
1.320720000E-01 9.773832794E-01 1.009138339E-02 9.387303895E+00
1.321420000E-01 9.774157002E-01 1.008150552E-02 9.382331129E+00
1.321660000E-01 9.774270005E-01 1.007814242E-02 9.380627393E+00
1.321900000E-01 9.774380558E-01 1.007475728E-02 9.378924276E+00
1.322090000E-01 9.774470415E-01 1.007207616E-02 9.377576413E+00
1.322140000E-01 9.774493428E-01 1.007136202E-02 9.377221777E+00
1.322180000E-01 9.774511836E-01 1.007078837E-02 9.376938087E+00
1.322350000E-01 9.774591241E-01 1.006836585E-02 9.375732597E+00
1.324070000E-01 9.775402119E-01 1.004393479E-02 9.363553286E+00
1.324310000E-01 9.775515570E-01 1.004053210E-02 9.361856363E+00
1.324570000E-01 9.775639289E-01 1.003685183E-02 9.360018723E+00
1.325040000E-01 9.775862459E-01 1.003020715E-02 9.356698666E+00
1.328690000E-01 9.777632331E-01 9.979185191E-03 9.330995191E+00
1.329260000E-01 9.777913726E-01 9.971323871E-03 9.326993967E+00
1.332480000E-01 9.779538091E-01 9.927762931E-03 9.304454851E+00
1.334230000E-01 9.780465726E-01 9.904976753E-03 9.292250961E+00
1.335990000E-01 9.781426359E-01 9.883061044E-03 9.280009581E+00
1.338300000E-01 9.782723110E-01 9.856284459E-03 9.263991631E+00
1.341090000E-01 9.784360132E-01 9.828525348E-03 9.244718848E+00
1.343770000E-01 9.786001139E-01 9.809042113E-03 9.226281283E+00
1.346880000E-01 9.788007391E-01 9.798994440E-03 9.204977429E+00
1.350270000E-01 9.790279801E-01 9.809004378E-03 9.181867330E+00
1.353050000E-01 9.792151698E-01 9.837096867E-03 9.163002106E+00
1.356390000E-01 9.794337373E-01 9.896509587E-03 9.140438959E+00
1.359290000E-01 9.796117686E-01 9.970342997E-03 9.120938137E+00
1.363400000E-01 9.798344110E-01 1.010248452E-02 9.093442863E+00
1.367570000E-01 9.800084089E-01 1.025277876E-02 9.065715101E+00
1.371150000E-01 9.801276165E-01 1.037807713E-02 9.042044999E+00
1.374060000E-01 9.802018851E-01 1.046979979E-02 9.022895652E+00
1.377920000E-01 9.802803036E-01 1.056923533E-02 8.997619601E+00
1.386260000E-01 9.804391856E-01 1.070186249E-02 8.943488235E+00
1.391170000E-01 9.805545346E-01 1.075247819E-02 8.911923058E+00
1.393640000E-01 9.806234014E-01 1.077584186E-02 8.896128125E+00
1.395470000E-01 9.806764337E-01 1.079699190E-02 8.884461866E+00
1.401100000E-01 9.808499762E-01 1.088294906E-02 8.848761687E+00
1.408200000E-01 9.810551930E-01 1.105202109E-02 8.804147138E+00
1.421620000E-01 9.812349189E-01 1.146244449E-02 8.721036564E+00
1.434730000E-01 9.811859792E-01 1.171816696E-02 8.641347152E+00
1.449000000E-01 9.811177230E-01 1.181860263E-02 8.556245687E+00
1.478500000E-01 9.809898578E-01 1.180056121E-02 8.385525871E+00
1.509280000E-01 9.808643769E-01 1.150201143E-02 8.214512880E+00
1.573350000E-01 9.809863166E-01 1.029246924E-02 7.880001271E+00
1.699240000E-01 9.825849446E-01 7.846595609E-03 7.296203008E+00
1.864030000E-01 9.852175585E-01 5.778894727E-03 6.651180507E+00
2.065380000E-01 9.879732504E-01 4.384695828E-03 6.002769466E+00
2.411910000E-01 9.913215162E-01 3.158936052E-03 5.140324473E+00
2.438590000E-01 9.915523880E-01 3.093503906E-03 5.084085476E+00
2.474650000E-01 9.919126507E-01 3.049381597E-03 5.010001414E+00
2.495270000E-01 9.921091919E-01 3.112536311E-03 4.968600592E+00
2.540300000E-01 9.922594099E-01 3.219738587E-03 4.880525922E+00
2.720110000E-01 9.930394052E-01 2.855974232E-03 4.557903908E+00
2.802210000E-01 9.934002276E-01 2.789494752E-03 4.424365055E+00
3.363070000E-01 9.951472771E-01 2.005770553E-03 3.686512621E+00
3.446850000E-01 9.953742148E-01 1.984329388E-03 3.596907321E+00
4.049360000E-01 9.963846553E-01 1.460675969E-03 3.061718395E+00
5.479610000E-01 9.978541108E-01 7.464918238E-04 2.262569781E+00
7.161430000E-01 9.987156658E-01 3.855945701E-04 1.731218486E+00
8.666570000E-01 9.991684013E-01 2.320731064E-04 1.430554418E+00
9.563680000E-01 9.993782571E-01 1.767446937E-04 1.296362906E+00
1.001430000E+00 9.994870119E-01 1.552807351E-04 1.238029618E+00
1.033690000E+00 9.995773012E-01 1.419153374E-04 1.199392468E+00
1.052600000E+00 9.996478024E-01 1.347902271E-04 1.177845335E+00
1.055600000E+00 9.996622190E-01 1.337811560E-04 1.174497916E+00
1.060900000E+00 9.996912108E-01 1.326179999E-04 1.168630408E+00
1.063570000E+00 9.997081663E-01 1.328866824E-04 1.165696663E+00
1.066270000E+00 9.997273246E-01 1.344900148E-04 1.162744896E+00
1.069360000E+00 9.997522043E-01 1.392344696E-04 1.159385053E+00
1.076500000E+00 9.998174695E-01 1.718568263E-04 1.151695309E+00
1.080020000E+00 9.998462589E-01 2.026684200E-04 1.147941705E+00
1.082270000E+00 9.998604667E-01 2.268765286E-04 1.145555176E+00
1.084110000E+00 9.998674216E-01 2.485636416E-04 1.143610888E+00
1.088000000E+00 9.998748298E-01 2.950490935E-04 1.139522059E+00
1.091770000E+00 9.998682886E-01 3.360093039E-04 1.135587166E+00
1.096330000E+00 9.998509101E-01 3.734808795E-04 1.130863882E+00
1.104490000E+00 9.998211287E-01 4.153377615E-04 1.122509031E+00
1.110760000E+00 9.998030633E-01 4.431861212E-04 1.116172711E+00
1.116720000E+00 9.997814913E-01 4.693120653E-04 1.110215631E+00
1.120460000E+00 9.997638117E-01 4.823914920E-04 1.106509826E+00
1.123390000E+00 9.997488781E-01 4.895508169E-04 1.103623853E+00
1.126560000E+00 9.997326446E-01 4.942784744E-04 1.100518392E+00
1.130760000E+00 9.997141756E-01 4.964346360E-04 1.096430719E+00
1.141560000E+00 9.996770133E-01 4.918147817E-04 1.086057675E+00
1.160210000E+00 9.996394841E-01 4.782338244E-04 1.068599650E+00
1.209000000E+00 9.995924107E-01 4.450799989E-04 1.025475600E+00
1.279010000E+00 9.995652901E-01 3.884955727E-04 9.693434766E-01
1.340880000E+00 9.995699238E-01 3.357081440E-04 9.246166696E-01
1.380200000E+00 9.995892923E-01 3.050361842E-04 8.982756122E-01
1.394860000E+00 9.996040094E-01 3.000672928E-04 8.888347218E-01
1.409910000E+00 9.996134268E-01 3.080157794E-04 8.793469087E-01
1.447600000E+00 9.995999560E-01 2.997252863E-04 8.564520586E-01
1.494610000E+00 9.996063435E-01 2.701985037E-04 8.295140538E-01
1.522130000E+00 9.996177922E-01 2.579249017E-04 8.145164999E-01
1.544410000E+00 9.996217555E-01 2.549352009E-04 8.027661049E-01
1.585490000E+00 9.996246231E-01 2.366993506E-04 7.819664583E-01
1.654510000E+00 9.996414987E-01 2.061414869E-04 7.493457277E-01
1.700520000E+00 9.996572556E-01 1.927875264E-04 7.290711077E-01
1.763560000E+00 9.996676978E-01 1.751034683E-04 7.030098210E-01
1.867200000E+00 9.996916822E-01 1.453283876E-04 6.639888603E-01
2.003850000E+00 9.997230846E-01 1.151502214E-04 6.187089852E-01
2.167780000E+00 9.997570621E-01 8.867503469E-05 5.719215049E-01
2.375150000E+00 9.997932206E-01 6.528706222E-05 5.219880850E-01
2.613440000E+00 9.998266808E-01 4.716234621E-05 4.743939023E-01
2.932330000E+00 9.998609295E-01 3.180496594E-05 4.228037090E-01
3.235940000E+00 9.998853415E-01 2.262917803E-05 3.831344215E-01
3.749520000E+00 9.999146208E-01 1.354375662E-05 3.306556573E-01
4.346470000E+00 9.999368646E-01 8.055576547E-06 2.852429673E-01
5.016330000E+00 9.999532019E-01 4.846532902E-06 2.471527990E-01
5.608120000E+00 9.999632127E-01 3.255331846E-06 2.210723023E-01
6.026950000E+00 9.999687862E-01 2.515541887E-06 2.057093555E-01
6.286910000E+00 9.999718978E-01 2.160882628E-06 1.972033956E-01
6.465280000E+00 9.999740540E-01 1.953859312E-06 1.917627697E-01
6.558820000E+00 9.999753697E-01 1.867251524E-06 1.890279044E-01
6.594760000E+00 9.999759982E-01 1.886865134E-06 1.879977437E-01
6.619730000E+00 9.999764916E-01 1.975489894E-06 1.872886054E-01
6.646520000E+00 9.999770416E-01 2.194783161E-06 1.865337049E-01
6.680790000E+00 9.999776514E-01 2.702693907E-06 1.855768554E-01
6.723870000E+00 9.999780042E-01 3.536930995E-06 1.843878600E-01
6.757950000E+00 9.999779446E-01 4.080397956E-06 1.834580013E-01
6.802560000E+00 9.999776959E-01 4.413464772E-06 1.822549158E-01
6.868900000E+00 9.999775361E-01 4.411340905E-06 1.804946935E-01
6.972910000E+00 9.999777760E-01 4.191154226E-06 1.778023809E-01
7.113310000E+00 9.999784727E-01 3.905044986E-06 1.742929803E-01
7.209990000E+00 9.999791872E-01 3.767574373E-06 1.719558557E-01
7.267880000E+00 9.999797158E-01 3.878996364E-06 1.705861957E-01
7.325770000E+00 9.999800696E-01 4.208129594E-06 1.692381825E-01
7.388000000E+00 9.999801362E-01 4.487770380E-06 1.678126692E-01
7.482830000E+00 9.999801866E-01 4.448068506E-06 1.656859771E-01
7.576190000E+00 9.999804926E-01 4.276150182E-06 1.636442592E-01
7.669610000E+00 9.999809383E-01 4.265486357E-06 1.616509836E-01
7.742850000E+00 9.999811433E-01 4.381626035E-06 1.601219189E-01
7.862640000E+00 9.999812895E-01 4.303150332E-06 1.576824069E-01
7.996270000E+00 9.999816167E-01 4.060532397E-06 1.550472908E-01
8.222860000E+00 9.999822995E-01 3.679038558E-06 1.507747913E-01
8.529690000E+00 9.999832729E-01 3.231909168E-06 1.453511206E-01
8.886890000E+00 9.999843795E-01 2.791842208E-06 1.395088721E-01
9.268660000E+00 9.999854898E-01 2.401795985E-06 1.337625935E-01
9.648800000E+00 9.999865059E-01 2.078748880E-06 1.284926623E-01
1.012020000E+01 9.999876462E-01 1.750123548E-06 1.225074603E-01
1.051330000E+01 9.999885020E-01 1.525053828E-06 1.179268165E-01
1.087150000E+01 9.999892132E-01 1.350416864E-06 1.140413006E-01
1.132360000E+01 9.999900268E-01 1.164960341E-06 1.094881486E-01
1.171520000E+01 9.999906632E-01 1.029317634E-06 1.058283256E-01
1.217230000E+01 9.999913358E-01 8.959276500E-07 1.018542100E-01
1.254400000E+01 9.999918319E-01 8.030925019E-07 9.883609694E-02
1.302710000E+01 9.999924178E-01 6.996946339E-07 9.517083618E-02
1.339710000E+01 9.999928260E-01 6.312743374E-07 9.254241590E-02
1.379900000E+01 9.999932345E-01 5.663480254E-07 8.984709037E-02
1.422670000E+01 9.999936329E-01 5.063012971E-07 8.714600013E-02
1.455370000E+01 9.999939147E-01 4.655736424E-07 8.518795908E-02
1.507140000E+01 9.999943250E-01 4.093990203E-07 8.226176732E-02
1.544360000E+01 9.999945952E-01 3.742613497E-07 8.027920951E-02
1.602520000E+01 9.999949808E-01 3.266978512E-07 7.736564910E-02
1.643230000E+01 9.999952270E-01 2.977288846E-07 7.544896332E-02
1.719220000E+01 9.999956415E-01 2.517470769E-07 7.211409825E-02
1.827390000E+01 9.999961455E-01 2.007062207E-07 6.784539699E-02
2.027370000E+01 9.999968741E-01 1.363587581E-07 6.115311956E-02
2.311890000E+01 9.999976028E-01 8.340787491E-08 5.362711894E-02
2.635210000E+01 9.999981609E-01 5.102856032E-08 4.704748388E-02
2.995860000E+01 9.999985821E-01 3.145530326E-08 4.138377628E-02
3.396540000E+01 9.999989016E-01 1.956184420E-08 3.650185188E-02
3.833730000E+01 9.999991426E-01 1.235247336E-08 3.233926229E-02
4.127360000E+01 9.999992642E-01 9.327881857E-09 3.003857187E-02
4.321880000E+01 9.999993326E-01 7.828799607E-09 2.868659010E-02
4.451600000E+01 9.999993746E-01 6.992737557E-09 2.785066044E-02
4.537410000E+01 9.999994018E-01 6.502440215E-09 2.732395794E-02
4.587070000E+01 9.999994185E-01 6.368723243E-09 2.702814651E-02
4.607150000E+01 9.999994259E-01 6.663615358E-09 2.691034588E-02
4.621480000E+01 9.999994314E-01 7.282513407E-09 2.682690394E-02
4.634960000E+01 9.999994368E-01 8.388081711E-09 2.674888241E-02
4.647350000E+01 9.999994418E-01 9.984505920E-09 2.667756894E-02
4.661850000E+01 9.999994471E-01 1.261384692E-08 2.659459228E-02
4.678560000E+01 9.999994523E-01 1.646357299E-08 2.649960672E-02
4.703930000E+01 9.999994575E-01 2.262665943E-08 2.635668473E-02
4.726390000E+01 9.999994598E-01 2.678813418E-08 2.623143668E-02
4.748970000E+01 9.999994613E-01 2.899845752E-08 2.610671367E-02
4.781440000E+01 9.999994641E-01 2.969782912E-08 2.592942712E-02
4.828710000E+01 9.999994705E-01 2.893823484E-08 2.567559452E-02
4.895030000E+01 9.999994812E-01 2.757291238E-08 2.532773037E-02
4.986420000E+01 9.999994971E-01 2.579644186E-08 2.486352935E-02
5.110350000E+01 9.999995185E-01 2.364476945E-08 2.426056924E-02
5.262250000E+01 9.999995437E-01 2.128058088E-08 2.356026415E-02
5.432500000E+01 9.999995702E-01 1.893202988E-08 2.282190520E-02
5.607210000E+01 9.999995954E-01 1.686350814E-08 2.211081804E-02
5.821030000E+01 9.999996235E-01 1.470939654E-08 2.129863615E-02
6.119880000E+01 9.999996585E-01 1.227214248E-08 2.025856716E-02
6.394220000E+01 9.999996866E-01 1.045377155E-08 1.938938604E-02
6.687180000E+01 9.999997130E-01 8.869961216E-09 1.853995257E-02
7.015990000E+01 9.999997390E-01 7.427968673E-09 1.767106282E-02
7.377350000E+01 9.999997637E-01 6.163050623E-09 1.680549249E-02
7.750200000E+01 9.999997858E-01 5.129010723E-09 1.599700653E-02
8.205520000E+01 9.999998088E-01 4.148440314E-09 1.510934103E-02
8.769380000E+01 9.999998325E-01 3.238471145E-09 1.413782958E-02
9.273970000E+01 9.999998503E-01 2.623613159E-09 1.336860050E-02
1.001150000E+02 9.999998715E-01 1.967769614E-09 1.238375868E-02
1.119190000E+02 9.999998972E-01 1.293119651E-09 1.107765438E-02
1.269810000E+02 9.999999202E-01 8.013294385E-10 9.763665430E-03
1.438870000E+02 9.999999379E-01 4.991129048E-10 8.616483769E-03
1.624150000E+02 9.999999513E-01 3.152529496E-10 7.633531386E-03
1.834600000E+02 9.999999618E-01 1.985799974E-10 6.757876376E-03
2.076780000E+02 9.999999702E-01 1.240989412E-10 5.969818662E-03
2.345400000E+02 9.999999767E-01 7.848376275E-11 5.286091925E-03
2.660730000E+02 9.999999819E-01 4.888481404E-11 4.659623487E-03
3.024900000E+02 9.999999860E-01 3.035820999E-11 4.098647889E-03
3.444130000E+02 9.999999892E-01 1.885490492E-11 3.599747977E-03
3.938310000E+02 9.999999917E-01 1.160751525E-11 3.148050814E-03
4.480110000E+02 9.999999936E-01 7.337221504E-12 2.767342766E-03
5.128610000E+02 9.999999951E-01 4.581476223E-12 2.417419145E-03
5.892670000E+02 9.999999963E-01 2.853688340E-12 2.103969847E-03
6.819460000E+02 9.999999972E-01 1.757290558E-12 1.818032513E-03
7.957580000E+02 9.999999980E-01 1.070310226E-12 1.558011355E-03
9.360410000E+02 9.999999985E-01 6.439354609E-13 1.324514631E-03
1.120600000E+03 9.999999990E-01 3.704004433E-13 1.106371587E-03
1.347260000E+03 9.999999993E-01 2.091396896E-13 9.202381129E-04
1.619760000E+03 9.999999995E-01 1.180877343E-13 7.654220378E-04
1.947380000E+03 9.999999997E-01 6.667608960E-14 6.366502686E-04
2.341270000E+03 9.999999998E-01 3.764754728E-14 5.295416590E-04
2.814820000E+03 9.999999998E-01 2.125715667E-14 4.404544518E-04
3.384160000E+03 9.999999999E-01 1.200249236E-14 3.663538367E-04
4.068660000E+03 9.999999999E-01 6.776987490E-15 3.047194900E-04
4.891600000E+03 9.999999999E-01 3.826525862E-15 2.534549023E-04
5.881000000E+03 1.000000000E+00 2.160580854E-15 2.108144873E-04
7.070510000E+03 1.000000000E+00 1.219938299E-15 1.753480301E-04
8.500630000E+03 1.000000000E+00 6.888174395E-16 1.458480136E-04
1.000000000E+04 0.000000000E+00 0.000000000E+00 1.239800000E-04
