# 11/08/2021 
# Data retrieved from www.chemicool.com/densities.html 
# Includes the real (n) and complex (k) part of the  refractive index. 
# Element, Sn  (Z = 50) 
# Nominal density, g cm-3 =  7.3 
#    E [keV]      n       k    Wavelength [nm] 
1.000000000E-03 -1.267792773E+03 2.007140200E-02 1.239800000E+03
1.125000000E-03 -7.408868263E+01 0.000000000E+00 1.102044444E+03
1.265630000E-03 -5.817902028E+01 0.000000000E+00 9.795911917E+02
1.423830000E-03 -4.562673076E+01 0.000000000E+00 8.707500193E+02
1.500000000E-03 -4.095367553E+01 0.000000000E+00 8.265333333E+02
1.601810000E-03 -3.569950350E+01 0.000000000E+00 7.739994132E+02
1.767930000E-03 -2.900501190E+01 0.000000000E+00 7.012721092E+02
1.913290000E-03 -2.452135725E+01 0.000000000E+00 6.479937699E+02
2.040480000E-03 -2.134563795E+01 0.000000000E+00 6.076021328E+02
2.263060000E-03 -1.702515661E+01 0.000000000E+00 5.478423020E+02
2.430000000E-03 -1.453110434E+01 0.000000000E+00 5.102057613E+02
2.555200000E-03 -1.297053237E+01 0.000000000E+00 4.852066374E+02
2.743010000E-03 -1.101468476E+01 0.000000000E+00 4.519852279E+02
2.836910000E-03 -1.017792036E+01 0.000000000E+00 4.370247911E+02
2.930810000E-03 -9.421413718E+00 0.000000000E+00 4.230229868E+02
2.938030000E-03 -9.366115647E+00 0.000000000E+00 4.219834379E+02
2.945240000E-03 -9.311598263E+00 0.000000000E+00 4.209504149E+02
2.952450000E-03 -9.257196207E+00 0.000000000E+00 4.199224373E+02
2.959670000E-03 -9.203423772E+00 0.000000000E+00 4.188980528E+02
2.966880000E-03 -9.150121067E+00 0.000000000E+00 4.178800626E+02
2.976610000E-03 -9.078108006E+00 0.000000000E+00 4.165140882E+02
2.988520000E-03 -8.990507302E+00 0.000000000E+00 4.148541753E+02
2.995740000E-03 -8.938141569E+00 0.000000000E+00 4.138543398E+02
3.002950000E-03 -8.886229184E+00 0.000000000E+00 4.128606870E+02
3.010160000E-03 -8.834417740E+00 0.000000000E+00 4.118717942E+02
3.017380000E-03 -8.783203629E+00 0.000000000E+00 4.108862656E+02
3.024590000E-03 -8.732151107E+00 0.000000000E+00 4.099067973E+02
3.039020000E-03 -8.631655228E+00 0.000000000E+00 4.079604609E+02
3.046230000E-03 -8.581713023E+00 0.000000000E+00 4.069948756E+02
3.053450000E-03 -8.532345995E+00 0.000000000E+00 4.060325206E+02
3.060660000E-03 -8.483126994E+00 0.000000000E+00 4.050760294E+02
3.067870000E-03 -8.434536129E+00 0.000000000E+00 4.041240339E+02
3.075090000E-03 -8.386235137E+00 0.000000000E+00 4.031751916E+02
3.166580000E-03 -7.800505826E+00 0.000000000E+00 3.915265049E+02
3.235200000E-03 -7.393082677E+00 0.000000000E+00 3.832220574E+02
3.286670000E-03 -7.104373532E+00 0.000000000E+00 3.772207128E+02
3.325270000E-03 -6.895837611E+00 0.000000000E+00 3.728419046E+02
3.354220000E-03 -6.744242570E+00 0.000000000E+00 3.696239364E+02
3.375930000E-03 -6.632636901E+00 0.000000000E+00 3.672469512E+02
3.392210000E-03 -6.550453389E+00 0.000000000E+00 3.654844482E+02
3.419200000E-03 -6.416870793E+00 0.000000000E+00 3.625994385E+02
3.428850000E-03 -6.369535472E+00 0.000000000E+00 3.615789550E+02
3.434960000E-03 -6.339878875E+00 0.000000000E+00 3.609357896E+02
3.441060000E-03 -6.310213106E+00 0.000000000E+00 3.602959553E+02
3.449530000E-03 -6.269637261E+00 0.000000000E+00 3.594112821E+02
3.458000000E-03 -6.229157224E+00 0.000000000E+00 3.585309427E+02
3.466470000E-03 -6.189198030E+00 0.000000000E+00 3.576549054E+02
3.474940000E-03 -6.149330600E+00 0.000000000E+00 3.567831387E+02
3.483410000E-03 -6.109765443E+00 0.000000000E+00 3.559156114E+02
3.491880000E-03 -6.070708981E+00 0.000000000E+00 3.550522927E+02
3.496120000E-03 -6.051062231E+00 0.000000000E+00 3.546216949E+02
3.500350000E-03 -6.031738438E+00 0.000000000E+00 3.541931521E+02
3.504590000E-03 -6.012447322E+00 0.000000000E+00 3.537646344E+02
3.508820000E-03 -5.993061326E+00 0.000000000E+00 3.533381593E+02
3.513060000E-03 -5.973915498E+00 0.000000000E+00 3.529117066E+02
3.517290000E-03 -5.954881155E+00 0.000000000E+00 3.524872842E+02
3.525760000E-03 -5.916575909E+00 0.000000000E+00 3.516404974E+02
3.526820000E-03 -5.912008362E+00 0.000000000E+00 3.515348104E+02
3.528670000E-03 -5.903532255E+00 0.000000000E+00 3.513505088E+02
3.532150000E-03 -5.888093791E+00 0.000000000E+00 3.510043458E+02
3.532670000E-03 -5.885656919E+00 0.000000000E+00 3.509526789E+02
3.533640000E-03 -5.881468172E+00 0.000000000E+00 3.508563408E+02
3.533940000E-03 -5.880095415E+00 0.000000000E+00 3.508265562E+02
3.534490000E-03 -5.877545586E+00 0.000000000E+00 3.507719643E+02
3.535520000E-03 -5.873130367E+00 0.000000000E+00 3.506697742E+02
3.537310000E-03 -5.865155724E+00 0.000000000E+00 3.504923233E+02
3.544820000E-03 -5.831830485E+00 0.000000000E+00 3.497497757E+02
3.547990000E-03 -5.817802410E+00 0.000000000E+00 3.494372870E+02
3.551700000E-03 -5.801542354E+00 0.000000000E+00 3.490722752E+02
3.555400000E-03 -5.785171460E+00 0.000000000E+00 3.487090060E+02
3.559640000E-03 -5.766598870E+00 0.000000000E+00 3.482936477E+02
3.563870000E-03 -5.748133271E+00 0.000000000E+00 3.478802538E+02
3.568110000E-03 -5.729698441E+00 0.000000000E+00 3.474668662E+02
3.572340000E-03 -5.711169563E+00 0.000000000E+00 3.470554315E+02
3.576580000E-03 -5.692871642E+00 0.000000000E+00 3.466440007E+02
3.585050000E-03 -5.656317331E+00 0.000000000E+00 3.458250234E+02
3.593520000E-03 -5.620230614E+00 0.000000000E+00 3.450099067E+02
3.597750000E-03 -5.602108034E+00 0.000000000E+00 3.446042666E+02
3.608340000E-03 -5.557528973E+00 0.000000000E+00 3.435928987E+02
3.610460000E-03 -5.548459136E+00 0.000000000E+00 3.433911468E+02
3.612590000E-03 -5.539565516E+00 0.000000000E+00 3.431886818E+02
3.616780000E-03 -5.522079913E+00 0.000000000E+00 3.427911015E+02
3.620840000E-03 -5.505124766E+00 0.000000000E+00 3.424067343E+02
3.624780000E-03 -5.488853114E+00 0.000000000E+00 3.420345511E+02
3.628590000E-03 -5.473100543E+00 0.000000000E+00 3.416754166E+02
3.632280000E-03 -5.457826429E+00 0.000000000E+00 3.413283117E+02
3.635860000E-03 -5.442990788E+00 0.000000000E+00 3.409922274E+02
3.746770000E-03 -5.005350657E+00 0.000000000E+00 3.308983471E+02
3.755990000E-03 -4.970654778E+00 0.000000000E+00 3.300860758E+02
3.765210000E-03 -4.936226309E+00 0.000000000E+00 3.292777826E+02
3.774430000E-03 -4.902062578E+00 0.000000000E+00 3.284734384E+02
3.783660000E-03 -4.868129921E+00 0.000000000E+00 3.276721481E+02
3.792880000E-03 -4.834310537E+00 0.000000000E+00 3.268756196E+02
3.799720000E-03 -4.809433618E+00 0.000000000E+00 3.262872001E+02
3.806550000E-03 -4.784551841E+00 0.000000000E+00 3.257017509E+02
3.813550000E-03 -4.759297385E+00 0.000000000E+00 3.251039058E+02
3.820550000E-03 -4.734189005E+00 0.000000000E+00 3.245082514E+02
3.829770000E-03 -4.701215897E+00 0.000000000E+00 3.237270123E+02
3.838990000E-03 -4.668493023E+00 0.000000000E+00 3.229495258E+02
3.848210000E-03 -4.636017920E+00 0.000000000E+00 3.221757648E+02
3.849360000E-03 -4.631961608E+00 0.000000000E+00 3.220795145E+02
3.851380000E-03 -4.624850393E+00 0.000000000E+00 3.219105879E+02
3.857430000E-03 -4.603444967E+00 0.000000000E+00 3.214057028E+02
3.857660000E-03 -4.602776812E+00 0.000000000E+00 3.213865400E+02
3.858560000E-03 -4.599477449E+00 0.000000000E+00 3.213115774E+02
3.860230000E-03 -4.593776882E+00 0.000000000E+00 3.211725726E+02
3.861700000E-03 -4.588491695E+00 0.000000000E+00 3.210503146E+02
3.864270000E-03 -4.579521777E+00 0.000000000E+00 3.208367945E+02
3.868120000E-03 -4.566202042E+00 0.000000000E+00 3.205174607E+02
3.871980000E-03 -4.552725227E+00 0.000000000E+00 3.201979349E+02
3.875260000E-03 -4.541459331E+00 0.000000000E+00 3.199269210E+02
3.880180000E-03 -4.524362599E+00 0.000000000E+00 3.195212593E+02
3.882640000E-03 -4.516009426E+00 0.000000000E+00 3.193188140E+02
3.885100000E-03 -4.507503808E+00 0.000000000E+00 3.191166251E+02
3.889710000E-03 -4.491756565E+00 0.000000000E+00 3.187384149E+02
3.892020000E-03 -4.483891030E+00 0.000000000E+00 3.185492366E+02
3.894320000E-03 -4.476068413E+00 0.000000000E+00 3.183611003E+02
3.898930000E-03 -4.460439054E+00 0.000000000E+00 3.179846778E+02
3.901240000E-03 -4.452464591E+00 0.000000000E+00 3.177963929E+02
3.902390000E-03 -4.448580801E+00 0.000000000E+00 3.177027411E+02
3.903550000E-03 -4.444672747E+00 0.000000000E+00 3.176083309E+02
3.913060000E-03 -4.412737324E+00 0.000000000E+00 3.168364400E+02
3.914170000E-03 -4.409001173E+00 0.000000000E+00 3.167465900E+02
3.916130000E-03 -4.402422718E+00 0.000000000E+00 3.165880602E+02
3.926600000E-03 -4.367523276E+00 0.000000000E+00 3.157439006E+02
3.928910000E-03 -4.359890161E+00 0.000000000E+00 3.155582592E+02
3.931210000E-03 -4.352298502E+00 0.000000000E+00 3.153736381E+02
3.934310000E-03 -4.342052693E+00 0.000000000E+00 3.151251427E+02
3.937400000E-03 -4.331859581E+00 0.000000000E+00 3.148778382E+02
3.946750000E-03 -4.301381268E+00 0.000000000E+00 3.141318807E+02
3.956090000E-03 -4.270831533E+00 0.000000000E+00 3.133902414E+02
3.965440000E-03 -4.240159270E+00 0.000000000E+00 3.126513073E+02
3.974790000E-03 -4.209716940E+00 0.000000000E+00 3.119158496E+02
3.984130000E-03 -4.179689186E+00 0.000000000E+00 3.111846250E+02
4.052080000E-03 -3.964662311E+00 0.000000000E+00 3.059663185E+02
4.086060000E-03 -3.860104170E+00 0.000000000E+00 3.034218783E+02
4.103040000E-03 -3.808889341E+00 0.000000000E+00 3.021661987E+02
4.120030000E-03 -3.758328867E+00 0.000000000E+00 3.009201389E+02
4.122070000E-03 -3.752267802E+00 0.000000000E+00 3.007712145E+02
4.132220000E-03 -3.722520338E+00 0.000000000E+00 3.000324281E+02
4.142360000E-03 -3.692880865E+00 0.000000000E+00 2.992979847E+02
4.152510000E-03 -3.663155607E+00 0.000000000E+00 2.985664092E+02
4.162650000E-03 -3.633539019E+00 0.000000000E+00 2.978391169E+02
4.172800000E-03 -3.604132817E+00 0.000000000E+00 2.971146472E+02
4.191020000E-03 -3.551831445E+00 0.000000000E+00 2.958229739E+02
4.203240000E-03 -3.517165021E+00 0.000000000E+00 2.949629334E+02
4.213380000E-03 -3.488688920E+00 0.000000000E+00 2.942530700E+02
4.223530000E-03 -3.460269619E+00 0.000000000E+00 2.935459201E+02
4.233680000E-03 -3.431928475E+00 0.000000000E+00 2.928421610E+02
4.243820000E-03 -3.403827865E+00 0.000000000E+00 2.921424566E+02
4.250430000E-03 -3.385618692E+00 0.000000000E+00 2.916881351E+02
4.253730000E-03 -3.376558845E+00 0.000000000E+00 2.914618464E+02
4.257030000E-03 -3.367521810E+00 0.000000000E+00 2.912359086E+02
4.277980000E-03 -3.310618481E+00 0.000000000E+00 2.898096765E+02
4.288460000E-03 -3.282633965E+00 0.000000000E+00 2.891014490E+02
4.298940000E-03 -3.254732599E+00 0.000000000E+00 2.883966745E+02
4.309420000E-03 -3.227051661E+00 0.000000000E+00 2.876953279E+02
4.317200000E-03 -3.206761418E+00 0.000000000E+00 2.871768739E+02
4.324990000E-03 -3.186024308E+00 0.000000000E+00 2.866596223E+02
4.332920000E-03 -3.164867824E+00 0.000000000E+00 2.861349852E+02
4.336890000E-03 -3.154395383E+00 0.000000000E+00 2.858730565E+02
4.340850000E-03 -3.143973362E+00 0.000000000E+00 2.856122649E+02
4.348710000E-03 -3.123336210E+00 0.000000000E+00 2.850960400E+02
4.353950000E-03 -3.109645841E+00 0.000000000E+00 2.847529255E+02
4.357880000E-03 -3.099413432E+00 0.000000000E+00 2.844961311E+02
4.359850000E-03 -3.094232003E+00 0.000000000E+00 2.843675815E+02
4.360830000E-03 -3.091720685E+00 0.000000000E+00 2.843036761E+02
4.361320000E-03 -3.090532838E+00 0.000000000E+00 2.842717342E+02
4.361810000E-03 -3.089211213E+00 0.000000000E+00 2.842397995E+02
4.362140000E-03 -3.088324154E+00 0.000000000E+00 2.842182965E+02
4.362770000E-03 -3.086741054E+00 0.000000000E+00 2.841772544E+02
4.372290000E-03 -3.062152026E+00 0.000000000E+00 2.835585014E+02
4.373600000E-03 -3.058784558E+00 0.000000000E+00 2.834735687E+02
4.382770000E-03 -3.035304577E+00 0.000000000E+00 2.828804614E+02
4.385450000E-03 -3.028382553E+00 0.000000000E+00 2.827075899E+02
4.393500000E-03 -3.007946020E+00 0.000000000E+00 2.821895983E+02
4.398490000E-03 -2.995425829E+00 0.000000000E+00 2.818694597E+02
4.405990000E-03 -2.976573918E+00 0.000000000E+00 2.813896536E+02
4.413480000E-03 -2.957844901E+00 0.000000000E+00 2.809121147E+02
4.424680000E-03 -2.930008295E+00 0.000000000E+00 2.802010541E+02
4.435160000E-03 -2.904188360E+00 0.000000000E+00 2.795389569E+02
4.445640000E-03 -2.878438731E+00 0.000000000E+00 2.788799813E+02
4.462250000E-03 -2.837821122E+00 0.000000000E+00 2.778418959E+02
4.466590000E-03 -2.827166992E+00 0.000000000E+00 2.775719285E+02
4.468640000E-03 -2.822249795E+00 0.000000000E+00 2.774445916E+02
4.474010000E-03 -2.809125456E+00 0.000000000E+00 2.771115845E+02
4.479370000E-03 -2.795815460E+00 0.000000000E+00 2.767799936E+02
4.490110000E-03 -2.769319759E+00 0.000000000E+00 2.761179570E+02
4.499500000E-03 -2.746288801E+00 0.000000000E+00 2.755417269E+02
4.508900000E-03 -2.723525877E+00 0.000000000E+00 2.749672869E+02
4.522310000E-03 -2.691113202E+00 0.000000000E+00 2.741519268E+02
4.533050000E-03 -2.665566519E+00 0.000000000E+00 2.735023880E+02
4.543780000E-03 -2.640112190E+00 0.000000000E+00 2.728565203E+02
4.554520000E-03 -2.614840890E+00 0.000000000E+00 2.722130982E+02
4.565250000E-03 -2.589782550E+00 0.000000000E+00 2.715732983E+02
4.575990000E-03 -2.564903636E+00 0.000000000E+00 2.709359068E+02
4.589560000E-03 -2.533792800E+00 0.000000000E+00 2.701348277E+02
4.599740000E-03 -2.510685967E+00 0.000000000E+00 2.695369738E+02
4.607380000E-03 -2.493158815E+00 0.000000000E+00 2.690900251E+02
4.618830000E-03 -2.466645340E+00 0.000000000E+00 2.684229556E+02
4.624560000E-03 -2.453403786E+00 0.000000000E+00 2.680903697E+02
4.630280000E-03 -2.440351075E+00 0.000000000E+00 2.677591852E+02
4.632330000E-03 -2.435640868E+00 0.000000000E+00 2.676406905E+02
4.638030000E-03 -2.422572189E+00 0.000000000E+00 2.673117681E+02
4.655130000E-03 -2.383452029E+00 0.000000000E+00 2.663298340E+02
4.666540000E-03 -2.357663719E+00 0.000000000E+00 2.656786398E+02
4.677940000E-03 -2.331984011E+00 0.000000000E+00 2.650311889E+02
4.689340000E-03 -2.306514028E+00 0.000000000E+00 2.643868860E+02
4.697370000E-03 -2.288738663E+00 0.000000000E+00 2.639349253E+02
4.703390000E-03 -2.275477582E+00 0.000000000E+00 2.635971076E+02
4.712420000E-03 -2.255577787E+00 0.000000000E+00 2.630919994E+02
4.716940000E-03 -2.245783884E+00 0.000000000E+00 2.628398920E+02
4.721850000E-03 -2.235143397E+00 0.000000000E+00 2.625665788E+02
4.731580000E-03 -2.213297716E+00 0.000000000E+00 2.620266380E+02
4.734950000E-03 -2.205764221E+00 0.000000000E+00 2.618401461E+02
4.737800000E-03 -2.199406002E+00 0.000000000E+00 2.616826375E+02
4.742070000E-03 -2.189899702E+00 0.000000000E+00 2.614470052E+02
4.744210000E-03 -2.185207449E+00 0.000000000E+00 2.613290727E+02
4.745280000E-03 -2.182864009E+00 0.000000000E+00 2.612701463E+02
4.745820000E-03 -2.181686258E+00 0.000000000E+00 2.612404179E+02
4.746710000E-03 -2.179699967E+00 0.000000000E+00 2.611914358E+02
4.747400000E-03 -2.178095983E+00 0.000000000E+00 2.611534735E+02
4.757750000E-03 -2.155372523E+00 0.000000000E+00 2.605853607E+02
4.759180000E-03 -2.152236544E+00 0.000000000E+00 2.605070621E+02
4.764170000E-03 -2.141361807E+00 0.000000000E+00 2.602342066E+02
4.769150000E-03 -2.130426523E+00 0.000000000E+00 2.599624671E+02
4.772400000E-03 -2.123361610E+00 0.000000000E+00 2.597854329E+02
4.778080000E-03 -2.111130918E+00 0.000000000E+00 2.594766099E+02
4.782350000E-03 -2.101893524E+00 0.000000000E+00 2.592449319E+02
4.788740000E-03 -2.088164912E+00 0.000000000E+00 2.588990006E+02
4.795130000E-03 -2.074498411E+00 0.000000000E+00 2.585539912E+02
4.803360000E-03 -2.056999722E+00 0.000000000E+00 2.581109890E+02
4.809080000E-03 -2.044874110E+00 0.000000000E+00 2.578039875E+02
4.815210000E-03 -2.031950639E+00 0.000000000E+00 2.574757903E+02
4.818740000E-03 -2.024431142E+00 0.000000000E+00 2.572871747E+02
4.826560000E-03 -2.007514231E+00 0.000000000E+00 2.568703176E+02
4.830540000E-03 -1.998511553E+00 0.000000000E+00 2.566586758E+02
4.838320000E-03 -1.981131784E+00 0.000000000E+00 2.562459697E+02
4.842340000E-03 -1.972263916E+00 0.000000000E+00 2.560332401E+02
4.843820000E-03 -1.968924293E+00 0.000000000E+00 2.559550107E+02
4.846400000E-03 -1.963263730E+00 0.000000000E+00 2.558187521E+02
4.854150000E-03 -1.946115250E+00 0.000000000E+00 2.554103190E+02
4.860640000E-03 -1.931876643E+00 0.000000000E+00 2.550692913E+02
4.861410000E-03 -1.930191665E+00 0.000000000E+00 2.550288908E+02
4.862910000E-03 -1.926872619E+00 0.000000000E+00 2.549502253E+02
4.865720000E-03 -1.920796749E+00 0.000000000E+00 2.548029891E+02
4.868170000E-03 -1.915379538E+00 0.000000000E+00 2.546747546E+02
4.870320000E-03 -1.910760838E+00 0.000000000E+00 2.545623286E+02
4.874090000E-03 -1.902497961E+00 0.000000000E+00 2.543654303E+02
4.876910000E-03 -1.896458386E+00 0.000000000E+00 2.542183473E+02
4.879030000E-03 -1.891796587E+00 0.000000000E+00 2.541078862E+02
4.882200000E-03 -1.884935960E+00 0.000000000E+00 2.539428946E+02
4.883790000E-03 -1.881559038E+00 0.000000000E+00 2.538602192E+02
4.884580000E-03 -1.879877892E+00 0.000000000E+00 2.538191615E+02
4.886690000E-03 -1.875252923E+00 0.000000000E+00 2.537095662E+02
4.889000000E-03 -1.870293177E+00 0.000000000E+00 2.535896911E+02
4.890730000E-03 -1.866661670E+00 0.000000000E+00 2.534999888E+02
4.892940000E-03 -1.861832953E+00 0.000000000E+00 2.533854901E+02
4.895170000E-03 -1.857094999E+00 0.000000000E+00 2.532700601E+02
4.898830000E-03 -1.849316318E+00 0.000000000E+00 2.530808377E+02
4.900280000E-03 -1.846247988E+00 0.000000000E+00 2.530059507E+02
4.903240000E-03 -1.839945006E+00 0.000000000E+00 2.528532154E+02
4.911130000E-03 -1.823205010E+00 0.000000000E+00 2.524469929E+02
4.913770000E-03 -1.817634173E+00 0.000000000E+00 2.523113617E+02
4.925800000E-03 -1.792312406E+00 0.000000000E+00 2.516951561E+02
4.931820000E-03 -1.779725908E+00 0.000000000E+00 2.513879258E+02
4.937840000E-03 -1.767192448E+00 0.000000000E+00 2.510814445E+02
4.945310000E-03 -1.751739304E+00 0.000000000E+00 2.507021804E+02
4.956520000E-03 -1.728704990E+00 0.000000000E+00 2.501351755E+02
4.967720000E-03 -1.705757757E+00 0.000000000E+00 2.495712319E+02
4.973940000E-03 -1.693008721E+00 0.000000000E+00 2.492591386E+02
4.983980000E-03 -1.672404459E+00 0.000000000E+00 2.487570175E+02
4.995780000E-03 -1.648438811E+00 0.000000000E+00 2.481694550E+02
5.007580000E-03 -1.623752680E+00 0.000000000E+00 2.475846617E+02
5.022090000E-03 -1.592111422E+00 0.000000000E+00 2.468693313E+02
5.031190000E-03 -1.572454100E+00 0.000000000E+00 2.464228145E+02
5.039410000E-03 -1.554718286E+00 0.000000000E+00 2.460208636E+02
5.070230000E-03 -1.489288510E+00 0.000000000E+00 2.445253963E+02
5.082260000E-03 -1.464172381E+00 0.000000000E+00 2.439465907E+02
5.085110000E-03 -1.458251182E+00 0.000000000E+00 2.438098684E+02
5.093960000E-03 -1.439876712E+00 0.000000000E+00 2.433862849E+02
5.100230000E-03 -1.426912073E+00 0.000000000E+00 2.430870765E+02
5.106500000E-03 -1.413709953E+00 0.000000000E+00 2.427886028E+02
5.111360000E-03 -1.403551321E+00 0.000000000E+00 2.425577537E+02
5.119030000E-03 -1.387584444E+00 0.000000000E+00 2.421943220E+02
5.127110000E-03 -1.370740183E+00 0.000000000E+00 2.418126391E+02
5.131960000E-03 -1.360735170E+00 0.000000000E+00 2.415841121E+02
5.136910000E-03 -1.350575411E+00 0.000000000E+00 2.413513182E+02
5.144110000E-03 -1.334350741E+00 0.000000000E+00 2.410135087E+02
5.147250000E-03 -1.327359416E+00 0.000000000E+00 2.408664821E+02
5.156650000E-03 -1.306399003E+00 0.000000000E+00 2.404274093E+02
5.160220000E-03 -1.298414273E+00 0.000000000E+00 2.402610741E+02
5.166480000E-03 -1.284525547E+00 0.000000000E+00 2.399699602E+02
5.171170000E-03 -1.274176964E+00 0.000000000E+00 2.397523191E+02
5.178200000E-03 -1.258769288E+00 0.000000000E+00 2.394268279E+02
5.181720000E-03 -1.251041760E+00 0.000000000E+00 2.392641825E+02
5.185240000E-03 -1.243428098E+00 0.000000000E+00 2.391017581E+02
5.191500000E-03 -1.229778732E+00 0.000000000E+00 2.388134451E+02
5.196190000E-03 -1.219608493E+00 0.000000000E+00 2.385978958E+02
5.201260000E-03 -1.208676545E+00 0.000000000E+00 2.383653192E+02
5.203340000E-03 -1.204176145E+00 0.000000000E+00 2.382700342E+02
5.208690000E-03 -1.192686028E+00 0.000000000E+00 2.380253000E+02
5.219940000E-03 -1.168626184E+00 0.000000000E+00 2.375123086E+02
5.223100000E-03 -1.161884687E+00 0.000000000E+00 2.373686125E+02
5.232600000E-03 -1.141825214E+00 0.000000000E+00 2.369376601E+02
5.236400000E-03 -1.133782310E+00 0.000000000E+00 2.367657169E+02
5.247820000E-03 -1.107723906E+00 0.000000000E+00 2.362504812E+02
5.254080000E-03 -1.093362316E+00 0.000000000E+00 2.359689993E+02
5.263460000E-03 -1.071990700E+00 0.000000000E+00 2.355484795E+02
5.268160000E-03 -1.061303141E+00 0.000000000E+00 2.353383344E+02
5.272850000E-03 -1.050749995E+00 0.000000000E+00 2.351290099E+02
5.278050000E-03 -1.039011911E+00 0.000000000E+00 2.348973579E+02
5.283240000E-03 -1.027415195E+00 0.000000000E+00 2.346666061E+02
5.289750000E-03 -1.012846551E+00 0.000000000E+00 2.343778061E+02
5.295900000E-03 -9.991613038E-01 0.000000000E+00 2.341056289E+02
5.308080000E-03 -9.722350503E-01 0.000000000E+00 2.335684466E+02
5.316590000E-03 -9.522860402E-01 0.000000000E+00 2.331945853E+02
5.319050000E-03 -9.461486419E-01 0.000000000E+00 2.330867354E+02
5.320620000E-03 -9.422041838E-01 0.000000000E+00 2.330179566E+02
5.328810000E-03 -9.216717377E-01 0.000000000E+00 2.326598246E+02
5.330440000E-03 -9.175311266E-01 0.000000000E+00 2.325886794E+02
5.341830000E-03 -8.885133566E-01 0.000000000E+00 2.320927472E+02
5.343800000E-03 -8.834551580E-01 0.000000000E+00 2.320071859E+02
5.347260000E-03 -8.746782163E-01 0.000000000E+00 2.318570632E+02
5.352440000E-03 -8.615147778E-01 0.000000000E+00 2.316326759E+02
5.357620000E-03 -8.483987180E-01 0.000000000E+00 2.314087225E+02
5.363440000E-03 -8.338267104E-01 0.000000000E+00 2.311576153E+02
5.367800000E-03 -8.228732409E-01 0.000000000E+00 2.309698573E+02
5.371070000E-03 -8.146356317E-01 0.000000000E+00 2.308292389E+02
5.375980000E-03 -8.023992466E-01 0.000000000E+00 2.306184175E+02
5.378440000E-03 -7.962491974E-01 0.000000000E+00 2.305129368E+02
5.390250000E-03 -7.670314994E-01 0.000000000E+00 2.300078846E+02
5.391160000E-03 -7.647658357E-01 0.000000000E+00 2.299690605E+02
5.393910000E-03 -7.580521358E-01 0.000000000E+00 2.298518144E+02
5.395370000E-03 -7.543816420E-01 0.000000000E+00 2.297896159E+02
5.404420000E-03 -7.322506049E-01 0.000000000E+00 2.294048205E+02
5.407140000E-03 -7.256176033E-01 0.000000000E+00 2.292894210E+02
5.409850000E-03 -7.190034181E-01 0.000000000E+00 2.291745612E+02
5.422910000E-03 -6.873774262E-01 0.000000000E+00 2.286226399E+02
5.429440000E-03 -6.701552082E-01 0.000000000E+00 2.283476749E+02
5.435970000E-03 -6.516282743E-01 0.000000000E+00 2.280733705E+02
5.445760000E-03 -6.239122188E-01 0.000000000E+00 2.276633564E+02
5.460450000E-03 -5.828159722E-01 0.000000000E+00 2.270508841E+02
5.467800000E-03 -5.623362988E-01 0.000000000E+00 2.267456747E+02
5.475150000E-03 -5.420459932E-01 0.000000000E+00 2.264412847E+02
5.489210000E-03 -5.002600311E-01 0.000000000E+00 2.258612806E+02
5.506150000E-03 -4.461533278E-01 0.000000000E+00 2.251664048E+02
5.515090000E-03 -4.171237997E-01 0.000000000E+00 2.248014085E+02
5.552980000E-03 -2.902854839E-01 4.015237261E-06 2.232675068E+02
5.608460000E-03 -5.926545083E-02 6.603682756E-04 2.210589003E+02
5.635590000E-03 8.565290472E-02 4.707050485E-03 2.199947122E+02
5.652470000E-03 1.953173480E-01 1.352504592E-02 2.193377408E+02
5.659480000E-03 2.460178218E-01 2.019768224E-02 2.190660626E+02
5.662900000E-03 2.719297888E-01 2.437506451E-02 2.189337619E+02
5.664560000E-03 2.849294671E-01 2.667119188E-02 2.188696033E+02
5.666320000E-03 2.987340859E-01 2.928902540E-02 2.188016208E+02
5.670980000E-03 3.364082693E-01 3.729984172E-02 2.186218255E+02
5.676100000E-03 3.796881362E-01 4.820378744E-02 2.184246225E+02
5.682650000E-03 4.373362285E-01 6.577156789E-02 2.181728595E+02
5.688610000E-03 4.918541578E-01 8.597291099E-02 2.179442781E+02
5.690780000E-03 5.122681101E-01 9.451638501E-02 2.178611719E+02
5.694160000E-03 5.442685713E-01 1.089786384E-01 2.177318516E+02
5.698120000E-03 5.822564875E-01 1.282217785E-01 2.175805353E+02
5.705460000E-03 6.533769003E-01 1.702312400E-01 2.173006208E+02
5.723500000E-03 8.232973853E-01 3.138751319E-01 2.166157072E+02
5.738300000E-03 9.423072466E-01 4.757426645E-01 2.160570204E+02
5.751250000E-03 1.018681240E+00 6.449898867E-01 2.155705281E+02
5.763280000E-03 1.045816473E+00 8.174704196E-01 2.151205563E+02
5.775570000E-03 1.050979944E+00 9.959000984E-01 2.146627952E+02
5.785840000E-03 1.033027058E+00 1.140242011E+00 2.142817638E+02
5.797900000E-03 9.778202707E-01 1.296519112E+00 2.138360441E+02
5.806620000E-03 9.208621387E-01 1.394939226E+00 2.135149192E+02
5.822120000E-03 7.994786702E-01 1.536398647E+00 2.129464868E+02
5.836450000E-03 6.764817929E-01 1.627845274E+00 2.124236479E+02
5.843180000E-03 6.197166973E-01 1.657676230E+00 2.121789847E+02
5.860190000E-03 4.843703276E-01 1.707273266E+00 2.115631063E+02
5.872740000E-03 3.951393407E-01 1.725348373E+00 2.111109976E+02
5.884090000E-03 3.246802818E-01 1.731066349E+00 2.107037792E+02
5.895430000E-03 2.661524160E-01 1.730194998E+00 2.102984854E+02
5.910340000E-03 1.963163488E-01 1.725292071E+00 2.097679660E+02
5.925510000E-03 1.455213305E-01 1.713546071E+00 2.092309354E+02
5.940470000E-03 9.591455725E-02 1.702061137E+00 2.087040251E+02
5.955440000E-03 5.625060514E-02 1.690606561E+00 2.081794124E+02
5.976160000E-03 1.345247335E-02 1.674857282E+00 2.074576317E+02
5.993680000E-03 -1.511852607E-02 1.661355688E+00 2.068512166E+02
6.010110000E-03 -3.891180910E-02 1.648679595E+00 2.062857419E+02
6.035580000E-03 -6.647029985E-02 1.629130638E+00 2.054152211E+02
6.082290000E-03 -9.163446800E-02 1.593851203E+00 2.038376993E+02
6.123040000E-03 -8.369085135E-02 1.564459482E+00 2.024811205E+02
6.157340000E-03 -4.807888113E-02 1.546047679E+00 2.013531817E+02
6.207230000E-03 6.200970325E-02 1.571369007E+00 1.997348254E+02
6.249670000E-03 1.621753056E-01 1.705067391E+00 1.983784744E+02
6.267670000E-03 1.755604477E-01 1.793474518E+00 1.978087551E+02
6.291240000E-03 1.528893825E-01 1.917375628E+00 1.970676687E+02
6.310120000E-03 1.011987198E-01 2.006867559E+00 1.964780385E+02
6.354030000E-03 -8.013676044E-02 2.131314295E+00 1.951202623E+02
6.436780000E-03 -3.617921118E-01 2.119347135E+00 1.926118339E+02
6.451350000E-03 -3.963843114E-01 2.107085705E+00 1.921768312E+02
6.504340000E-03 -4.919587863E-01 2.058927267E+00 1.906111919E+02
6.571410000E-03 -5.822817193E-01 1.999008367E+00 1.886657506E+02
6.646020000E-03 -6.540161982E-01 1.933768770E+00 1.865477383E+02
6.714670000E-03 -7.045239999E-01 1.875361501E+00 1.846404961E+02
6.801340000E-03 -7.514978850E-01 1.805548080E+00 1.822876080E+02
6.901370000E-03 -7.893343759E-01 1.728476528E+00 1.796454907E+02
6.947860000E-03 -8.015428861E-01 1.694388666E+00 1.784434344E+02
6.976920000E-03 -8.089650130E-01 1.673457870E+00 1.777001886E+02
6.982060000E-03 -8.100737778E-01 1.669774466E+00 1.775693706E+02
6.999160000E-03 -8.137493540E-01 1.657570304E+00 1.771355420E+02
7.033590000E-03 -8.210166969E-01 1.633304673E+00 1.762684490E+02
7.084670000E-03 -8.285295536E-01 1.597480824E+00 1.749975652E+02
7.135970000E-03 -8.341242552E-01 1.561989115E+00 1.737395196E+02
7.187280000E-03 -8.380337731E-01 1.527196732E+00 1.724991930E+02
7.238580000E-03 -8.397530905E-01 1.493892375E+00 1.712766869E+02
7.289880000E-03 -8.395604595E-01 1.461803361E+00 1.700713866E+02
7.331940000E-03 -8.388922783E-01 1.435974665E+00 1.690957646E+02
7.363480000E-03 -8.381011713E-01 1.416875932E+00 1.683714765E+02
7.387140000E-03 -8.372479531E-01 1.402700093E+00 1.678322057E+02
7.404880000E-03 -8.366046797E-01 1.392168699E+00 1.674301272E+02
7.431490000E-03 -8.347104378E-01 1.376608444E+00 1.668306087E+02
7.451450000E-03 -8.331260608E-01 1.365040159E+00 1.663837240E+02
7.458110000E-03 -8.325160782E-01 1.361189454E+00 1.662351454E+02
7.467290000E-03 -8.316765512E-01 1.355893988E+00 1.660307823E+02
7.494820000E-03 -8.291090364E-01 1.340151131E+00 1.654209174E+02
7.513180000E-03 -8.273725951E-01 1.329759831E+00 1.650166774E+02
7.531540000E-03 -8.256763381E-01 1.319458306E+00 1.646144082E+02
7.549890000E-03 -8.238453956E-01 1.309289402E+00 1.642143131E+02
7.559070000E-03 -8.228143878E-01 1.304270146E+00 1.640148854E+02
7.568250000E-03 -8.218275932E-01 1.299271378E+00 1.638159416E+02
7.577430000E-03 -8.208402261E-01 1.294292989E+00 1.636174798E+02
7.586610000E-03 -8.198079375E-01 1.289334878E+00 1.634194983E+02
7.595790000E-03 -8.188195718E-01 1.284401364E+00 1.632219953E+02
7.604970000E-03 -8.177865252E-01 1.279483486E+00 1.630249692E+02
7.618730000E-03 -8.162851353E-01 1.272147417E+00 1.627305338E+02
7.623320000E-03 -8.157682155E-01 1.269710865E+00 1.626325538E+02
7.625620000E-03 -8.155512574E-01 1.268492779E+00 1.625835014E+02
7.633650000E-03 -8.145379689E-01 1.264261178E+00 1.624124763E+02
7.637660000E-03 -8.139900209E-01 1.262159217E+00 1.623272049E+02
7.638670000E-03 -8.138166759E-01 1.261632924E+00 1.623057417E+02
7.638860000E-03 -8.138139636E-01 1.261535157E+00 1.623017047E+02
7.639560000E-03 -8.137003362E-01 1.261168359E+00 1.622868333E+02
7.640620000E-03 -8.135470370E-01 1.260612886E+00 1.622643189E+02
7.641150000E-03 -8.134703922E-01 1.260337433E+00 1.622530640E+02
7.642250000E-03 -8.133418521E-01 1.259764789E+00 1.622297098E+02
7.660040000E-03 -8.108035813E-01 1.250517141E+00 1.618529407E+02
7.664630000E-03 -8.101566637E-01 1.248141855E+00 1.617560143E+02
7.678390000E-03 -8.081788207E-01 1.241039253E+00 1.614661407E+02
7.687570000E-03 -8.067577297E-01 1.236292706E+00 1.612733282E+02
7.696750000E-03 -8.053382712E-01 1.231569571E+00 1.610809757E+02
7.705930000E-03 -8.038774450E-01 1.226861121E+00 1.608890815E+02
7.724290000E-03 -8.010468939E-01 1.217509412E+00 1.605066615E+02
7.733470000E-03 -7.996340640E-01 1.212857383E+00 1.603161323E+02
7.751820000E-03 -7.967754512E-01 1.203616469E+00 1.599366342E+02
7.770180000E-03 -7.939614106E-01 1.194450372E+00 1.595587232E+02
7.788540000E-03 -7.911118116E-01 1.185353015E+00 1.591825939E+02
7.825250000E-03 -7.852294735E-01 1.167473275E+00 1.584358327E+02
7.835270000E-03 -7.834530193E-01 1.162696575E+00 1.582332198E+02
7.855220000E-03 -7.796609591E-01 1.153293297E+00 1.578313529E+02
7.875010000E-03 -7.759153759E-01 1.144045566E+00 1.574347207E+02
7.914290000E-03 -7.685220997E-01 1.125917897E+00 1.566533448E+02
7.952960000E-03 -7.612965838E-01 1.108370630E+00 1.558916429E+02
8.000000000E-03 -7.524938930E-01 1.087359304E+00 1.549750000E+02
8.065950000E-03 -7.383958638E-01 1.058339829E+00 1.537078707E+02
8.138540000E-03 -7.230977537E-01 1.027309046E+00 1.523369056E+02
8.208870000E-03 -7.071883116E-01 9.983720912E-01 1.510317498E+02
8.345120000E-03 -6.743727220E-01 9.451349490E-01 1.485658684E+02
8.535910000E-03 -6.285704072E-01 8.760820072E-01 1.452452053E+02
9.185520000E-03 -4.670135070E-01 6.806439102E-01 1.349733058E+02
9.295710000E-03 -4.400638752E-01 6.527507491E-01 1.333733518E+02
9.329870000E-03 -4.317380101E-01 6.443715717E-01 1.328850241E+02
9.458110000E-03 -4.006544878E-01 6.140575913E-01 1.310832714E+02
9.570820000E-03 -3.739082424E-01 5.887027338E-01 1.295395797E+02
9.673080000E-03 -3.500613911E-01 5.667403429E-01 1.281701382E+02
9.762560000E-03 -3.290432574E-01 5.484285964E-01 1.269953783E+02
9.840850000E-03 -3.111182576E-01 5.328739806E-01 1.259850521E+02
9.909360000E-03 -2.956519624E-01 5.196519460E-01 1.251140336E+02
9.971630000E-03 -2.817546271E-01 5.079588913E-01 1.243327320E+02
1.006760000E-02 -2.602054143E-01 4.906497827E-01 1.231475227E+02
1.014800000E-02 -2.426218302E-01 4.765883786E-01 1.221718565E+02
1.020820000E-02 -2.296507074E-01 4.663528227E-01 1.214513822E+02
1.026240000E-02 -2.180541177E-01 4.574103544E-01 1.208099470E+02
1.028720000E-02 -2.127191331E-01 4.534004136E-01 1.205187029E+02
1.031270000E-02 -2.072574100E-01 4.493218858E-01 1.202206988E+02
1.035080000E-02 -1.991727068E-01 4.432794568E-01 1.197781814E+02
1.037940000E-02 -1.931658025E-01 4.387969035E-01 1.194481377E+02
1.038890000E-02 -1.911739112E-01 4.373157845E-01 1.193389098E+02
1.040170000E-02 -1.885036694E-01 4.353292049E-01 1.191920551E+02
1.044000000E-02 -1.805959319E-01 4.294304961E-01 1.187547893E+02
1.046560000E-02 -1.753168224E-01 4.255511320E-01 1.184643021E+02
1.049120000E-02 -1.700055224E-01 4.217369511E-01 1.181752326E+02
1.051670000E-02 -1.647771817E-01 4.179627679E-01 1.178886913E+02
1.052950000E-02 -1.621542940E-01 4.160835718E-01 1.177453820E+02
1.054230000E-02 -1.595636772E-01 4.142122643E-01 1.176024207E+02
1.055510000E-02 -1.569592837E-01 4.123488053E-01 1.174598062E+02
1.056790000E-02 -1.543640967E-01 4.105000121E-01 1.173175371E+02
1.058070000E-02 -1.517324576E-01 4.086680759E-01 1.171756122E+02
1.059350000E-02 -1.491329126E-01 4.068415146E-01 1.170340303E+02
1.061260000E-02 -1.452723890E-01 4.041269676E-01 1.168233986E+02
1.061900000E-02 -1.439828834E-01 4.032233408E-01 1.167529899E+02
1.062220000E-02 -1.433389847E-01 4.027699711E-01 1.167178174E+02
1.063900000E-02 -1.399565390E-01 4.004093677E-01 1.165335088E+02
1.064040000E-02 -1.396791338E-01 4.002137967E-01 1.165181760E+02
1.064090000E-02 -1.395945835E-01 4.001423609E-01 1.165127010E+02
1.064320000E-02 -1.391246428E-01 3.998184136E-01 1.164875225E+02
1.064390000E-02 -1.389748187E-01 3.997230053E-01 1.164798617E+02
1.064540000E-02 -1.386763963E-01 3.995134809E-01 1.164634490E+02
1.067020000E-02 -1.337482854E-01 3.960572339E-01 1.161927611E+02
1.067660000E-02 -1.324790627E-01 3.951703895E-01 1.161231104E+02
1.069570000E-02 -1.286835121E-01 3.925259844E-01 1.159157418E+02
1.070850000E-02 -1.261650007E-01 3.907687453E-01 1.157771863E+02
1.072130000E-02 -1.236552930E-01 3.890165530E-01 1.156389617E+02
1.073410000E-02 -1.211543453E-01 3.872738178E-01 1.155010667E+02
1.074690000E-02 -1.186621178E-01 3.855360660E-01 1.153635002E+02
1.075970000E-02 -1.161785692E-01 3.838076877E-01 1.152262610E+02
1.077250000E-02 -1.137036579E-01 3.820864304E-01 1.150893479E+02
1.079800000E-02 -1.087125284E-01 3.787203272E-01 1.148175588E+02
1.082360000E-02 -1.037356217E-01 3.753878083E-01 1.145459921E+02
1.084920000E-02 -9.879328801E-02 3.720803197E-01 1.142757070E+02
1.090030000E-02 -8.900954328E-02 3.655547693E-01 1.137399888E+02
1.091930000E-02 -8.537291206E-02 3.631701194E-01 1.135420769E+02
1.095500000E-02 -7.856575300E-02 3.587432159E-01 1.131720675E+02
1.098630000E-02 -7.266153894E-02 3.549080677E-01 1.128496400E+02
1.104090000E-02 -6.247659239E-02 3.482960142E-01 1.122915704E+02
1.112290000E-02 -4.732285233E-02 3.387174934E-01 1.114637370E+02
1.123250000E-02 -2.746997376E-02 3.263841245E-01 1.103761407E+02
1.135010000E-02 -6.704982124E-03 3.137056125E-01 1.092325178E+02
1.148070000E-02 1.589416968E-02 3.002898206E-01 1.079899309E+02
1.153590000E-02 2.527046413E-02 2.947961563E-01 1.074731924E+02
1.159100000E-02 3.453456440E-02 2.894229711E-01 1.069622983E+02
1.163720000E-02 4.224175893E-02 2.850554904E-01 1.065376551E+02
1.166570000E-02 4.695328793E-02 2.823903957E-01 1.062773773E+02
1.169420000E-02 5.163032097E-02 2.797478634E-01 1.060183681E+02
1.172270000E-02 5.629177321E-02 2.771276596E-01 1.057606183E+02
1.175650000E-02 6.174725406E-02 2.740474661E-01 1.054565559E+02
1.181290000E-02 7.075832269E-02 2.689794553E-01 1.049530598E+02
1.183670000E-02 7.456430860E-02 2.668855935E-01 1.047420311E+02
1.186520000E-02 7.909541435E-02 2.643989160E-01 1.044904426E+02
1.189370000E-02 8.357571797E-02 2.619365900E-01 1.042400599E+02
1.192220000E-02 8.807765040E-02 2.595414647E-01 1.039908742E+02
1.200000000E-02 1.002008160E-01 2.531016568E-01 1.033166667E+02
1.203410000E-02 1.057690078E-01 2.503275520E-01 1.030239071E+02
1.206260000E-02 1.103931792E-01 2.480528103E-01 1.027804951E+02
1.209110000E-02 1.150012054E-01 2.457967089E-01 1.025382306E+02
1.214810000E-02 1.240826082E-01 2.413396806E-01 1.020571118E+02
1.224340000E-02 1.390451807E-01 2.341444850E-01 1.012627211E+02
1.232800000E-02 1.520475719E-01 2.279530531E-01 1.005678131E+02
1.245220000E-02 1.707062802E-01 2.191683659E-01 9.956473555E+01
1.251190000E-02 1.794657379E-01 2.150544506E-01 9.908966664E+01
1.257340000E-02 1.883936581E-01 2.109126650E-01 9.860499149E+01
1.269100000E-02 2.052677328E-01 2.032884872E-01 9.769127728E+01
1.274960000E-02 2.135303745E-01 1.996113568E-01 9.724226642E+01
1.292970000E-02 2.389226095E-01 1.888687697E-01 9.588776228E+01
1.313750000E-02 2.697322537E-01 1.775576448E-01 9.437107517E+01
1.336100000E-02 3.041291034E-01 1.738397094E-01 9.279245565E+01
1.372220000E-02 3.335549396E-01 1.662241203E-01 9.034994389E+01
1.483550000E-02 4.374480451E-01 1.175987656E-01 8.356981564E+01
1.626610000E-02 5.503947820E-01 7.810569757E-02 7.621986832E+01
1.778280000E-02 6.428496182E-01 5.261984943E-02 6.971905437E+01
1.957000000E-02 7.314782241E-01 3.460688060E-02 6.335206949E+01
2.150000000E-02 8.025407376E-01 2.315996579E-02 5.766511628E+01
2.264640000E-02 8.385604789E-01 1.864286423E-02 5.474600820E+01
2.315330000E-02 8.525298876E-01 1.702305508E-02 5.354744248E+01
2.372880000E-02 8.671242525E-01 1.540884325E-02 5.224874414E+01
2.414890000E-02 8.781302987E-01 1.436038757E-02 5.133981258E+01
2.446940000E-02 8.865472236E-01 1.362401359E-02 5.066736414E+01
2.470980000E-02 8.926499532E-01 1.310837328E-02 5.017442472E+01
2.489010000E-02 8.970846656E-01 1.273656603E-02 4.981096902E+01
2.504140000E-02 9.007188164E-01 1.243356140E-02 4.951001142E+01
2.525980000E-02 9.058137144E-01 1.202295779E-02 4.908194047E+01
2.543090000E-02 9.096944380E-01 1.170975676E-02 4.875171543E+01
2.561870000E-02 9.138419325E-01 1.137807035E-02 4.839433695E+01
2.574390000E-02 9.165464813E-01 1.116738379E-02 4.815898135E+01
2.585240000E-02 9.188462672E-01 1.098773099E-02 4.795686281E+01
2.594120000E-02 9.207023692E-01 1.084361616E-02 4.779270041E+01
2.599430000E-02 9.218006720E-01 1.075824591E-02 4.769507161E+01
2.605690000E-02 9.230860489E-01 1.065840379E-02 4.758048732E+01
2.611950000E-02 9.243600165E-01 1.056021749E-02 4.746645227E+01
2.618210000E-02 9.256189692E-01 1.046456065E-02 4.735296252E+01
2.626040000E-02 9.271837698E-01 1.034733959E-02 4.721177134E+01
2.636990000E-02 9.293368144E-01 1.018550115E-02 4.701572626E+01
2.643250000E-02 9.305518763E-01 1.009397030E-02 4.690437908E+01
2.649510000E-02 9.317598949E-01 1.000322612E-02 4.679355805E+01
2.652010000E-02 9.322406485E-01 9.967166809E-03 4.674944665E+01
2.654510000E-02 9.327160893E-01 9.931225531E-03 4.670541833E+01
2.659430000E-02 9.336507604E-01 9.860974320E-03 4.661901234E+01
2.664360000E-02 9.345794840E-01 9.792035510E-03 4.653275083E+01
2.667580000E-02 9.351822653E-01 9.747131921E-03 4.647658177E+01
2.674110000E-02 9.363982625E-01 9.658630135E-03 4.636308903E+01
2.680650000E-02 9.376036603E-01 9.571051296E-03 4.624997668E+01
2.687180000E-02 9.387976357E-01 9.484280178E-03 4.613758661E+01
2.691730000E-02 9.396210919E-01 9.424261946E-03 4.605959736E+01
2.696280000E-02 9.404393429E-01 9.364594479E-03 4.598187132E+01
2.701530000E-02 9.413808289E-01 9.296185356E-03 4.589251276E+01
2.704160000E-02 9.418474690E-01 9.262119192E-03 4.584787882E+01
2.707280000E-02 9.424029625E-01 9.221761930E-03 4.579504152E+01
2.711680000E-02 9.431765727E-01 9.166059137E-03 4.572073401E+01
2.713320000E-02 9.434637439E-01 9.145409662E-03 4.569309923E+01
2.719850000E-02 9.446047023E-01 9.063476999E-03 4.558339614E+01
2.720670000E-02 9.447450254E-01 9.053288534E-03 4.556965747E+01
2.726380000E-02 9.457319564E-01 8.983494421E-03 4.547421856E+01
2.726590000E-02 9.457677922E-01 8.981011601E-03 4.547071617E+01
2.727380000E-02 9.459021830E-01 8.971484481E-03 4.545754534E+01
2.728760000E-02 9.461420594E-01 8.954868493E-03 4.543455636E+01
2.732920000E-02 9.468494711E-01 8.905063952E-03 4.536539672E+01
2.734550000E-02 9.471279371E-01 8.885607043E-03 4.533835549E+01
2.737410000E-02 9.476131835E-01 8.851579654E-03 4.529098674E+01
2.741700000E-02 9.483544595E-01 8.800768315E-03 4.522011890E+01
2.745980000E-02 9.492095108E-01 8.750260917E-03 4.514963692E+01
2.754410000E-02 9.508762501E-01 8.651750495E-03 4.501145436E+01
2.762320000E-02 9.524187433E-01 8.560644093E-03 4.488256248E+01
2.772130000E-02 9.543099192E-01 8.448926946E-03 4.472373229E+01
2.778790000E-02 9.555802214E-01 8.374350125E-03 4.461654173E+01
2.782120000E-02 9.562110102E-01 8.337655905E-03 4.456313890E+01
2.792110000E-02 9.580861117E-01 8.228773520E-03 4.440369470E+01
2.798770000E-02 9.593186838E-01 8.158527125E-03 4.429803092E+01
2.805430000E-02 9.605432822E-01 8.088854242E-03 4.419286883E+01
2.812090000E-02 9.617535207E-01 8.019716802E-03 4.408820486E+01
2.818750000E-02 9.629881257E-01 7.951173831E-03 4.398403548E+01
2.825400000E-02 9.643104308E-01 7.883243051E-03 4.388051249E+01
2.832060000E-02 9.656177982E-01 7.815806688E-03 4.377732110E+01
2.838720000E-02 9.669164724E-01 7.748915656E-03 4.367461391E+01
2.844780000E-02 9.680858454E-01 7.689339312E-03 4.358157749E+01
2.855390000E-02 9.701076613E-01 7.587674580E-03 4.341963795E+01
2.871290000E-02 9.730827639E-01 7.439452040E-03 4.317919820E+01
2.887200000E-02 9.759975530E-01 7.293944213E-03 4.294125797E+01
2.901410000E-02 9.785494281E-01 7.166650621E-03 4.273094806E+01
2.908510000E-02 9.798040291E-01 7.104508537E-03 4.262663701E+01
2.915620000E-02 9.810498123E-01 7.042837710E-03 4.252268814E+01
2.922730000E-02 9.822837271E-01 6.982937579E-03 4.241924502E+01
2.929830000E-02 9.836991390E-01 6.923760978E-03 4.231644839E+01
2.936940000E-02 9.852077571E-01 6.865175565E-03 4.221400505E+01
2.944050000E-02 9.867049553E-01 6.807722756E-03 4.211205652E+01
2.951150000E-02 9.881878343E-01 6.750789001E-03 4.201074158E+01
2.958260000E-02 9.896537998E-01 6.694277478E-03 4.190977128E+01
2.965370000E-02 9.911087620E-01 6.638200638E-03 4.180928518E+01
2.973830000E-02 9.928194396E-01 6.572075020E-03 4.169034545E+01
2.983410000E-02 9.947358893E-01 6.497978129E-03 4.155647397E+01
2.993790000E-02 9.967836292E-01 6.419722194E-03 4.141239031E+01
2.998610000E-02 9.977253877E-01 6.383964826E-03 4.134582356E+01
3.000900000E-02 9.981683424E-01 6.367051761E-03 4.131427238E+01
3.008010000E-02 9.995400148E-01 6.315032754E-03 4.121661830E+01
3.013720000E-02 1.000635356E+00 6.273976633E-03 4.113852647E+01
3.016050000E-02 1.001077876E+00 6.257325378E-03 4.110674558E+01
3.021120000E-02 1.002173701E+00 6.221206312E-03 4.103776083E+01
3.028520000E-02 1.003758268E+00 6.168876209E-03 4.093748762E+01
3.029320000E-02 1.003928794E+00 6.163225522E-03 4.092667661E+01
3.035920000E-02 1.005327377E+00 6.116981772E-03 4.083770323E+01
3.042550000E-02 1.006719186E+00 6.071761020E-03 4.074871407E+01
3.049180000E-02 1.008098852E+00 6.026847843E-03 4.066011190E+01
3.058120000E-02 1.009943648E+00 5.966789228E-03 4.054124756E+01
3.065520000E-02 1.011449883E+00 5.917557179E-03 4.044338318E+01
3.073630000E-02 1.013086890E+00 5.864532042E-03 4.033667032E+01
3.080320000E-02 1.014424074E+00 5.821405654E-03 4.024906503E+01
3.090950000E-02 1.016521895E+00 5.753559018E-03 4.011064559E+01
3.096950000E-02 1.017695878E+00 5.715766007E-03 4.003293563E+01
3.102960000E-02 1.018857892E+00 5.678874905E-03 3.995539743E+01
3.110700000E-02 1.020397553E+00 5.631677243E-03 3.985598097E+01
3.118120000E-02 1.022136310E+00 5.586864364E-03 3.976113812E+01
3.125010000E-02 1.023780157E+00 5.545652795E-03 3.967347304E+01
3.134150000E-02 1.026014925E+00 5.492871443E-03 3.955777484E+01
3.139390000E-02 1.027332336E+00 5.463772798E-03 3.949174840E+01
3.143960000E-02 1.028503211E+00 5.439840635E-03 3.943434395E+01
3.146000000E-02 1.029036408E+00 5.429847027E-03 3.940877305E+01
3.155960000E-02 1.031719539E+00 5.393629020E-03 3.928440158E+01
3.165160000E-02 1.034369597E+00 5.398511783E-03 3.917021572E+01
3.172560000E-02 1.036652439E+00 5.462831857E-03 3.907885115E+01
3.183520000E-02 1.040338349E+00 5.765277510E-03 3.894431321E+01
3.193560000E-02 1.044038296E+00 6.442259471E-03 3.882187903E+01
3.204020000E-02 1.048126349E+00 7.809755610E-03 3.869513923E+01
3.215560000E-02 1.052547591E+00 1.034925036E-02 3.855627014E+01
3.226440000E-02 1.056375870E+00 1.373779188E-02 3.842625308E+01
3.233420000E-02 1.058240399E+00 1.628244957E-02 3.834330214E+01
3.239580000E-02 1.059393754E+00 1.862088576E-02 3.827039308E+01
3.245410000E-02 1.060467829E+00 2.081377682E-02 3.820164478E+01
3.251310000E-02 1.060999777E+00 2.291085823E-02 3.813232205E+01
3.256870000E-02 1.061261088E+00 2.471386238E-02 3.806722405E+01
3.263140000E-02 1.061337628E+00 2.646685441E-02 3.799407932E+01
3.276150000E-02 1.061251102E+00 2.911538676E-02 3.784320010E+01
3.277840000E-02 1.061249747E+00 2.935748187E-02 3.782368877E+01
3.278670000E-02 1.061249619E+00 2.947706225E-02 3.781411365E+01
3.280080000E-02 1.061256304E+00 2.968050783E-02 3.779785859E+01
3.284490000E-02 1.061335710E+00 3.019329258E-02 3.774710838E+01
3.286960000E-02 1.061413723E+00 3.044807590E-02 3.771874315E+01
3.291640000E-02 1.061625699E+00 3.089533148E-02 3.766511526E+01
3.298400000E-02 1.062131430E+00 3.145296540E-02 3.758792142E+01
3.307750000E-02 1.063204244E+00 3.224646335E-02 3.748167183E+01
3.323720000E-02 1.065672426E+00 3.424012787E-02 3.730157775E+01
3.334810000E-02 1.067502517E+00 3.627663354E-02 3.717753035E+01
3.341870000E-02 1.068356193E+00 3.780327449E-02 3.709898949E+01
3.358600000E-02 1.069141436E+00 4.157947949E-02 3.691419044E+01
3.366380000E-02 1.068993460E+00 4.316659479E-02 3.682887850E+01
3.430000000E-02 1.067885880E+00 4.803405086E-02 3.614577259E+01
3.490000000E-02 1.071745513E+00 4.924349191E-02 3.552435530E+01
3.550000000E-02 1.077582929E+00 5.121462074E-02 3.492394366E+01
3.672820000E-02 1.091610015E+00 5.755485623E-02 3.375607844E+01
3.792860000E-02 1.106162107E+00 6.704424952E-02 3.268773432E+01
3.912260000E-02 1.120163571E+00 7.972118072E-02 3.169012284E+01
4.033700000E-02 1.132948467E+00 9.607872076E-02 3.073604879E+01
4.168690000E-02 1.144212036E+00 1.182214269E-01 2.974075789E+01
4.328790000E-02 1.151657975E+00 1.491357246E-01 2.864079801E+01
4.479870000E-02 1.150681663E+00 1.814518473E-01 2.767491021E+01
4.665000000E-02 1.136779397E+00 2.213982724E-01 2.657663451E+01
4.795100000E-02 1.120419546E+00 2.464926603E-01 2.585556089E+01
4.904840000E-02 1.101648076E+00 2.646303659E-01 2.527707326E+01
5.011870000E-02 1.080221597E+00 2.785534816E-01 2.473727371E+01
5.110000000E-02 1.059127763E+00 2.879431238E-01 2.426223092E+01
5.232990000E-02 1.031302520E+00 2.943272313E-01 2.369200018E+01
5.308840000E-02 1.014267273E+00 2.957143225E-01 2.335350095E+01
5.350000000E-02 1.005092033E+00 2.957456121E-01 2.317383178E+01
5.370320000E-02 1.000615318E+00 2.954542413E-01 2.308614757E+01
5.507280000E-02 9.715619273E-01 2.907906587E-01 2.251202045E+01
5.754400000E-02 9.265381631E-01 2.711521216E-01 2.154525233E+01
6.025600000E-02 8.901280063E-01 2.396728921E-01 2.057554434E+01
6.275000000E-02 8.684514906E-01 2.070961230E-01 1.975776892E+01
6.577940000E-02 8.544333419E-01 1.680918528E-01 1.884784598E+01
6.874590000E-02 8.508905628E-01 1.333050816E-01 1.803453006E+01
7.192070000E-02 8.547139748E-01 1.017482978E-01 1.723843066E+01
7.585780000E-02 8.658693383E-01 7.131599886E-02 1.634373789E+01
7.951120000E-02 8.787277375E-01 5.072962880E-02 1.559277184E+01
8.352680000E-02 8.931587660E-01 3.476702644E-02 1.484314017E+01
8.737670000E-02 9.060539803E-01 2.423428850E-02 1.418913738E+01
9.133630000E-02 9.180033987E-01 1.677377253E-02 1.357401165E+01
9.236190000E-02 9.208900326E-01 1.525859205E-02 1.342328384E+01
9.310210000E-02 9.229730580E-01 1.426122967E-02 1.331656321E+01
9.394700000E-02 9.253917476E-01 1.321874168E-02 1.319680245E+01
9.475970000E-02 9.278338685E-01 1.247472987E-02 1.308362099E+01
9.658420000E-02 9.321514392E-01 1.223720034E-02 1.283646808E+01
9.884190000E-02 9.358279272E-01 1.063625284E-02 1.254326353E+01
1.003350000E-01 9.384774291E-01 9.504505840E-03 1.235660537E+01
1.020230000E-01 9.415276962E-01 8.417019920E-03 1.215216177E+01
1.053320000E-01 9.466298205E-01 7.505131148E-03 1.177040216E+01
1.106180000E-01 9.531757753E-01 5.482928240E-03 1.120794084E+01
1.159960000E-01 9.589871695E-01 4.119747727E-03 1.068829960E+01
1.214880000E-01 9.639860813E-01 3.248798975E-03 1.020512314E+01
1.273990000E-01 9.684552208E-01 2.689173789E-03 9.731630547E+00
1.338580000E-01 9.725335502E-01 2.351353940E-03 9.262053818E+00
1.348470000E-01 9.730949033E-01 2.317256443E-03 9.194123711E+00
1.355060000E-01 9.734592801E-01 2.296343801E-03 9.149410358E+00
1.365500000E-01 9.740218686E-01 2.265554779E-03 9.079458074E+00
1.373000000E-01 9.744169198E-01 2.245639018E-03 9.029861617E+00
1.387410000E-01 9.751683034E-01 2.212339445E-03 8.936075133E+00
1.398170000E-01 9.757261456E-01 2.193857900E-03 8.867305120E+00
1.405440000E-01 9.761082162E-01 2.191140174E-03 8.821436703E+00
1.414610000E-01 9.765963639E-01 2.219784186E-03 8.764253045E+00
1.430000000E-01 9.773230363E-01 2.382572708E-03 8.669930070E+00
1.441720000E-01 9.777416994E-01 2.496135392E-03 8.599450656E+00
1.531090000E-01 9.806614333E-01 2.478017310E-03 8.097499167E+00
1.855490000E-01 9.875710987E-01 2.378738253E-03 6.681792950E+00
2.200390000E-01 9.913462785E-01 2.136022945E-03 5.634455710E+00
2.570400000E-01 9.937008827E-01 1.793798395E-03 4.823373794E+00
3.013440000E-01 9.954615025E-01 1.412030104E-03 4.114234894E+00
3.630780000E-01 9.970658152E-01 9.944822777E-04 3.414693262E+00
4.060440000E-01 9.978813874E-01 7.891332218E-04 3.053363675E+00
4.357310000E-01 9.984033657E-01 6.742589621E-04 2.845333474E+00
4.554010000E-01 9.987622180E-01 6.088789066E-04 2.722435831E+00
4.677350000E-01 9.990105166E-01 5.717026763E-04 2.650646199E+00
4.775330000E-01 9.992336773E-01 5.441665105E-04 2.596260363E+00
4.843120000E-01 9.994154598E-01 5.262875805E-04 2.559920052E+00
4.940840000E-01 9.997722955E-01 5.218785005E-04 2.509289918E+00
4.961600000E-01 9.998691753E-01 5.329418209E-04 2.498790713E+00
4.977160000E-01 9.999479061E-01 5.467292831E-04 2.490978791E+00
4.982440000E-01 9.999759419E-01 5.528585006E-04 2.488339047E+00
4.988740000E-01 1.000010229E+00 5.612415189E-04 2.485196663E+00
4.990910000E-01 1.000022224E+00 5.644243711E-04 2.484116123E+00
4.994960000E-01 1.000044928E+00 5.708555086E-04 2.482101959E+00
5.005080000E-01 1.000103202E+00 5.898064136E-04 2.477083283E+00
5.024510000E-01 1.000219719E+00 6.394520666E-04 2.467504294E+00
5.051650000E-01 1.000385100E+00 7.451949705E-04 2.454247622E+00
5.081250000E-01 1.000548886E+00 9.134710208E-04 2.439950800E+00
5.108500000E-01 1.000661553E+00 1.110132051E-03 2.426935500E+00
5.146410000E-01 1.000732737E+00 1.413096739E-03 2.409057965E+00
5.169200000E-01 1.000732053E+00 1.591111646E-03 2.398436895E+00
5.210270000E-01 1.000670199E+00 1.873667078E-03 2.379531195E+00
5.255100000E-01 1.000553668E+00 2.128562849E-03 2.359231984E+00
5.302500000E-01 1.000390147E+00 2.350251787E-03 2.338142386E+00
5.337570000E-01 1.000250895E+00 2.475523541E-03 2.322779842E+00
5.392540000E-01 1.000022435E+00 2.605104403E-03 2.299102093E+00
5.397500000E-01 1.000002016E+00 2.613176305E-03 2.296989347E+00
5.433140000E-01 9.998627860E-01 2.659631302E-03 2.281921688E+00
5.514380000E-01 9.995739641E-01 2.699669073E-03 2.248303526E+00
5.589060000E-01 9.993464520E-01 2.671492042E-03 2.218262105E+00
5.719370000E-01 9.990633642E-01 2.557670072E-03 2.167721270E+00
5.837810000E-01 9.988792799E-01 2.419726851E-03 2.123741609E+00
5.975170000E-01 9.987433245E-01 2.248427444E-03 2.074920044E+00
6.200000000E-01 9.986422866E-01 1.996050807E-03 1.999677419E+00
6.594470000E-01 9.986179884E-01 1.657142100E-03 1.880060111E+00
6.913820000E-01 9.986823226E-01 1.436278990E-03 1.793219957E+00
7.042320000E-01 9.987623704E-01 1.381767858E-03 1.760499381E+00
7.128660000E-01 9.987911785E-01 1.413477270E-03 1.739176788E+00
7.260850000E-01 9.987420782E-01 1.392821812E-03 1.707513583E+00
7.480480000E-01 9.987541850E-01 1.290738256E-03 1.657380275E+00
7.640900000E-01 9.987529979E-01 1.259938826E-03 1.622583727E+00
7.943280000E-01 9.987486470E-01 1.132914434E-03 1.560816187E+00
8.432490000E-01 9.988075990E-01 9.486292697E-04 1.470265604E+00
8.615870000E-01 9.988478453E-01 8.947884140E-04 1.438972501E+00
8.761170000E-01 9.988669328E-01 8.752183521E-04 1.415107800E+00
9.051510000E-01 9.988864913E-01 7.989251274E-04 1.369716213E+00
9.730270000E-01 9.989744116E-01 6.398128561E-04 1.274168137E+00
1.065370000E+00 9.990973569E-01 4.817681291E-04 1.163727156E+00
1.169840000E+00 9.992216048E-01 3.572383681E-04 1.059803050E+00
1.303170000E+00 9.993534021E-01 2.514582134E-04 9.513724226E-01
1.459020000E+00 9.994733457E-01 1.731542662E-04 8.497484613E-01
1.641040000E+00 9.995784706E-01 1.168707164E-04 7.554965144E-01
1.888780000E+00 9.996797557E-01 7.257979402E-05 6.564025456E-01
2.208320000E+00 9.997660268E-01 4.246870008E-05 5.614222576E-01
2.572960000E+00 9.998292680E-01 2.499951923E-05 4.818574716E-01
2.970100000E+00 9.998741798E-01 1.512118514E-05 4.174270227E-01
3.289340000E+00 9.998998074E-01 1.054641208E-05 3.769145178E-01
3.529880000E+00 9.999154988E-01 8.209725898E-06 3.512300701E-01
3.688710000E+00 9.999251528E-01 7.019833483E-06 3.361066606E-01
3.789200000E+00 9.999316146E-01 6.379085365E-06 3.271930751E-01
3.844500000E+00 9.999361019E-01 6.131690929E-06 3.224866693E-01
3.866060000E+00 9.999384262E-01 6.337101805E-06 3.206882459E-01
3.881300000E+00 9.999402937E-01 6.886739273E-06 3.194290573E-01
3.895160000E+00 9.999420071E-01 7.856456409E-06 3.182924450E-01
3.910130000E+00 9.999435629E-01 9.452113275E-06 3.170738569E-01
3.936660000E+00 9.999446610E-01 1.297145775E-05 3.149370278E-01
3.958220000E+00 9.999440775E-01 1.525819258E-05 3.132215996E-01
3.979660000E+00 9.999429787E-01 1.637832842E-05 3.115341512E-01
4.016640000E+00 9.999418459E-01 1.650229021E-05 3.086659496E-01
4.067230000E+00 9.999421499E-01 1.586340454E-05 3.048266265E-01
4.115530000E+00 9.999438121E-01 1.571906917E-05 3.012491708E-01
4.151930000E+00 9.999451472E-01 1.683195433E-05 2.986081172E-01
4.188870000E+00 9.999451272E-01 1.832613832E-05 2.959748094E-01
4.230650000E+00 9.999443354E-01 1.870265773E-05 2.930518951E-01
4.288250000E+00 9.999441527E-01 1.800087681E-05 2.891156066E-01
4.357880000E+00 9.999450160E-01 1.704046434E-05 2.844961311E-01
4.413750000E+00 9.999463240E-01 1.682451721E-05 2.808949306E-01
4.461210000E+00 9.999468814E-01 1.730583148E-05 2.779066666E-01
4.546870000E+00 9.999469196E-01 1.684097351E-05 2.726710902E-01
4.650000000E+00 9.999478788E-01 1.558028971E-05 2.666236559E-01
4.805280000E+00 9.999499040E-01 1.389141843E-05 2.580078580E-01
4.951050000E+00 9.999519643E-01 1.250527431E-05 2.504115289E-01
5.109970000E+00 9.999542257E-01 1.117639034E-05 2.426237336E-01
5.324150000E+00 9.999572025E-01 9.654550746E-06 2.328634618E-01
5.528170000E+00 9.999598704E-01 8.439828448E-06 2.242695141E-01
5.752390000E+00 9.999625959E-01 7.319063581E-06 2.155278067E-01
6.014860000E+00 9.999655102E-01 6.235542876E-06 2.061228358E-01
6.214950000E+00 9.999675398E-01 5.541199521E-06 1.994867215E-01
6.456540000E+00 9.999697871E-01 4.829362954E-06 1.920223525E-01
6.728020000E+00 9.999720648E-01 4.163628402E-06 1.842741252E-01
6.972970000E+00 9.999739206E-01 3.660512734E-06 1.778008510E-01
7.158940000E+00 9.999752145E-01 3.328270014E-06 1.731820633E-01
7.307180000E+00 9.999761803E-01 3.089231297E-06 1.696687368E-01
7.583650000E+00 9.999778469E-01 2.699530726E-06 1.634832831E-01
7.774830000E+00 9.999789022E-01 2.465418922E-06 1.594632937E-01
7.852360000E+00 9.999793098E-01 2.377800121E-06 1.578888385E-01
7.951860000E+00 9.999798166E-01 2.270358734E-06 1.559132077E-01
8.025200000E+00 9.999801791E-01 2.195812542E-06 1.544883617E-01
8.104940000E+00 9.999805620E-01 2.117504875E-06 1.529684365E-01
8.147340000E+00 9.999807613E-01 2.077224055E-06 1.521723655E-01
8.198790000E+00 9.999809996E-01 2.030164943E-06 1.512174357E-01
8.327370000E+00 9.999815764E-01 1.917215082E-06 1.488825403E-01
8.445790000E+00 9.999820856E-01 1.820590768E-06 1.467950304E-01
8.568220000E+00 9.999825908E-01 1.726909123E-06 1.446974984E-01
8.732000000E+00 9.999832343E-01 1.610267024E-06 1.419835089E-01
9.012570000E+00 9.999842601E-01 1.433788913E-06 1.375634253E-01
9.265630000E+00 9.999851075E-01 1.295120563E-06 1.338063359E-01
9.486110000E+00 9.999857924E-01 1.187461263E-06 1.306963550E-01
9.822630000E+00 9.999867519E-01 1.044257337E-06 1.262187418E-01
1.004150000E+01 9.999873253E-01 9.623478889E-07 1.234676094E-01
1.028880000E+01 9.999879306E-01 8.793278353E-07 1.204999611E-01
1.044690000E+01 9.999882954E-01 8.308309019E-07 1.186763538E-01
1.072810000E+01 9.999889052E-01 7.528249789E-07 1.155656640E-01
1.076160000E+01 9.999889747E-01 7.441701251E-07 1.152059173E-01
1.083930000E+01 9.999891336E-01 7.245312304E-07 1.143800799E-01
1.087430000E+01 9.999892040E-01 7.158865665E-07 1.140119364E-01
1.109170000E+01 9.999896266E-01 6.651187718E-07 1.117772749E-01
1.149790000E+01 9.999903532E-01 5.818455470E-07 1.078283861E-01
1.230710000E+01 9.999915921E-01 4.516837228E-07 1.007385980E-01
1.398530000E+01 9.999935113E-01 2.798994944E-07 8.865022559E-02
1.587750000E+01 9.999949850E-01 1.736887381E-07 7.808534089E-02
1.798850000E+01 9.999961098E-01 1.083779532E-07 6.892181116E-02
2.043650000E+01 9.999970013E-01 6.679792733E-08 6.066596531E-02
2.316350000E+01 9.999976813E-01 4.147037633E-08 5.352386297E-02
2.511890000E+01 9.999980412E-01 3.045302848E-08 4.935725689E-02
2.648760000E+01 9.999982504E-01 2.485552678E-08 4.680680771E-02
2.738910000E+01 9.999983751E-01 2.186182482E-08 4.526618253E-02
2.803140000E+01 9.999984610E-01 2.000825523E-08 4.422897180E-02
2.843140000E+01 9.999985167E-01 1.903934290E-08 4.360671652E-02
2.860040000E+01 9.999985427E-01 1.926203792E-08 4.334904407E-02
2.870620000E+01 9.999985605E-01 2.050863567E-08 4.318927618E-02
2.879130000E+01 9.999985757E-01 2.289170353E-08 4.306161931E-02
2.886650000E+01 9.999985895E-01 2.656268835E-08 4.294943966E-02
2.894880000E+01 9.999986043E-01 3.268832776E-08 4.282733654E-02
2.904310000E+01 9.999986197E-01 4.248585875E-08 4.268828052E-02
2.914780000E+01 9.999986327E-01 5.597149452E-08 4.253494260E-02
2.927460000E+01 9.999986428E-01 7.276537757E-08 4.235070676E-02
2.940880000E+01 9.999986464E-01 8.687964107E-08 4.215744947E-02
2.955570000E+01 9.999986471E-01 9.544373773E-08 4.194791529E-02
2.976880000E+01 9.999986503E-01 9.822953890E-08 4.164763108E-02
3.005360000E+01 9.999986623E-01 9.583922713E-08 4.125296138E-02
3.041320000E+01 9.999986830E-01 9.183636301E-08 4.076519406E-02
3.091840000E+01 9.999987159E-01 8.656902339E-08 4.009909957E-02
3.162280000E+01 9.999987633E-01 7.988379263E-08 3.920588942E-02
3.244540000E+01 9.999988179E-01 7.276331005E-08 3.821188828E-02
3.337380000E+01 9.999988772E-01 6.562238970E-08 3.714890123E-02
3.419540000E+01 9.999989269E-01 6.004507648E-08 3.625633857E-02
3.507720000E+01 9.999989772E-01 5.475063613E-08 3.534489640E-02
3.599710000E+01 9.999990263E-01 4.985364181E-08 3.444166336E-02
3.702130000E+01 9.999990773E-01 4.504552278E-08 3.348882940E-02
3.815550000E+01 9.999991295E-01 4.034859652E-08 3.249334958E-02
3.925600000E+01 9.999991763E-01 3.634198954E-08 3.158243326E-02
4.048990000E+01 9.999992246E-01 3.242883515E-08 3.061998177E-02
4.166000000E+01 9.999992667E-01 2.920451087E-08 2.975996159E-02
4.249830000E+01 9.999992948E-01 2.713517827E-08 2.917293162E-02
4.340810000E+01 9.999993236E-01 2.507732108E-08 2.856148968E-02
4.427590000E+01 9.999993495E-01 2.329950402E-08 2.800168941E-02
4.525560000E+01 9.999993770E-01 2.146982686E-08 2.739550464E-02
4.634250000E+01 9.999994056E-01 1.964717028E-08 2.675298053E-02
4.677350000E+01 9.999994164E-01 1.898400547E-08 2.650646199E-02
4.734040000E+01 9.999994302E-01 1.814503018E-08 2.618904783E-02
4.865900000E+01 9.999994605E-01 1.637625934E-08 2.547935634E-02
4.996310000E+01 9.999994881E-01 1.483811453E-08 2.481431296E-02
5.123350000E+01 9.999995130E-01 1.350884882E-08 2.419901041E-02
5.388380000E+01 9.999995596E-01 1.119401442E-08 2.300877073E-02
5.586990000E+01 9.999995903E-01 9.770811899E-09 2.219083979E-02
5.800980000E+01 9.999996199E-01 8.471629060E-09 2.137225090E-02
6.171920000E+01 9.999996642E-01 6.700007691E-09 2.008775227E-02
6.652870000E+01 9.999997110E-01 5.042581278E-09 1.863556630E-02
7.135740000E+01 9.999997489E-01 3.860484210E-09 1.737451196E-02
8.040320000E+01 9.999998023E-01 2.444586934E-09 1.541978429E-02
9.122560000E+01 9.999998466E-01 1.505115973E-09 1.359048337E-02
9.481460000E+01 9.999998580E-01 1.296350386E-09 1.307604525E-02
9.605060000E+01 9.999998616E-01 1.233177905E-09 1.290777986E-02
1.018610000E+02 9.999998770E-01 9.830079628E-10 1.217148860E-02
1.109520000E+02 9.999998964E-01 7.064170142E-10 1.117420146E-02
1.248470000E+02 9.999999182E-01 4.469972480E-10 9.930554999E-03
1.408900000E+02 9.999999358E-01 2.795092792E-10 8.799772872E-03
1.587310000E+02 9.999999495E-01 1.760226848E-10 7.810698603E-03
1.789900000E+02 9.999999603E-01 1.104894426E-10 6.926643947E-03
2.019370000E+02 9.999999688E-01 6.921348282E-11 6.139538569E-03
2.285930000E+02 9.999999757E-01 4.296611126E-11 5.423613147E-03
2.571780000E+02 9.999999808E-01 2.735391808E-11 4.820785604E-03
2.909710000E+02 9.999999850E-01 1.711499162E-11 4.260905726E-03
3.300940000E+02 9.999999883E-01 1.065913813E-11 3.755899835E-03
3.749220000E+02 9.999999910E-01 6.654637972E-12 3.306821152E-03
4.266080000E+02 9.999999930E-01 4.157235369E-12 2.906180850E-03
4.869680000E+02 9.999999946E-01 2.592108756E-12 2.545957845E-03
5.569050000E+02 9.999999959E-01 1.623345842E-12 2.226232481E-03
6.401030000E+02 9.999999969E-01 1.011312688E-12 1.936875784E-03
7.391800000E+02 9.999999977E-01 6.295408590E-13 1.677263995E-03
8.609940000E+02 9.999999983E-01 3.870687851E-13 1.439963577E-03
1.011580000E+03 9.999999988E-01 2.353077257E-13 1.225607466E-03
1.173410000E+03 9.999999991E-01 1.490368136E-13 1.056578689E-03
1.410750000E+03 9.999999994E-01 8.441741035E-14 8.788233209E-04
1.696100000E+03 9.999999996E-01 4.781548567E-14 7.309710512E-04
2.039160000E+03 9.999999997E-01 2.708369578E-14 6.079954491E-04
2.451610000E+03 9.999999998E-01 1.534075614E-14 5.057084936E-04
2.947480000E+03 9.999999999E-01 8.689335635E-15 4.206305047E-04
3.543650000E+03 9.999999999E-01 4.921816888E-15 3.498652519E-04
4.260410000E+03 9.999999999E-01 2.787809524E-15 2.910048563E-04
5.122130000E+03 1.000000000E+00 1.579078410E-15 2.420477419E-04
6.158160000E+03 1.000000000E+00 8.944205315E-16 2.013263702E-04
7.403740000E+03 1.000000000E+00 5.066192769E-16 1.674559074E-04
8.901250000E+03 1.000000000E+00 2.869590542E-16 1.392838085E-04
1.000000000E+04 0.000000000E+00 0.000000000E+00 1.239800000E-04
