# 11/08/2021 
# Data retrieved from www.chemicool.com/densities.html 
# Includes the real (n) and complex (k) part of the  refractive index. 
# Element, Tb  (Z = 65) 
# Nominal density, g cm-3 =  8.27 
#    E [keV]      n       k    Wavelength [nm] 
1.000000000E-03 -1.390906433E+03 5.309320588E-02 1.239800000E+03
1.148250000E-03 -1.992080761E+02 0.000000000E+00 1.079730024E+03
1.259440000E-03 -1.653945536E+02 0.000000000E+00 9.844057676E+02
1.342830000E-03 -1.453544007E+02 0.000000000E+00 9.232739811E+02
1.467910000E-03 -1.214563874E+02 0.000000000E+00 8.446021895E+02
1.593000000E-03 -1.029635700E+02 0.000000000E+00 7.782799749E+02
1.596920000E-03 -1.024529453E+02 0.000000000E+00 7.763695113E+02
1.600840000E-03 -1.019460691E+02 0.000000000E+00 7.744684041E+02
1.604760000E-03 -1.014437439E+02 0.000000000E+00 7.725765847E+02
1.608680000E-03 -1.009442515E+02 0.000000000E+00 7.706939851E+02
1.612610000E-03 -1.004479720E+02 0.000000000E+00 7.688157707E+02
1.616530000E-03 -9.995572981E+01 0.000000000E+00 7.669514330E+02
1.620450000E-03 -9.946788041E+01 0.000000000E+00 7.650961153E+02
1.624370000E-03 -9.898273985E+01 0.000000000E+00 7.632497522E+02
1.628290000E-03 -9.850110087E+01 0.000000000E+00 7.614122791E+02
1.632210000E-03 -9.802374081E+01 0.000000000E+00 7.595836320E+02
1.636130000E-03 -9.754900071E+01 0.000000000E+00 7.577637474E+02
1.640050000E-03 -9.707846577E+01 0.000000000E+00 7.559525624E+02
1.643970000E-03 -9.661049339E+01 0.000000000E+00 7.541500149E+02
1.651810000E-03 -9.568532146E+01 0.000000000E+00 7.505705862E+02
1.655740000E-03 -9.522610110E+01 0.000000000E+00 7.487890611E+02
1.659660000E-03 -9.477207938E+01 0.000000000E+00 7.470204741E+02
1.663580000E-03 -9.432048275E+01 0.000000000E+00 7.452602219E+02
1.667500000E-03 -9.387206910E+01 0.000000000E+00 7.435082459E+02
1.671420000E-03 -9.342758190E+01 0.000000000E+00 7.417644877E+02
1.762700000E-03 -8.389135229E+01 0.000000000E+00 7.033528110E+02
1.853990000E-03 -7.572831905E+01 0.000000000E+00 6.687198960E+02
1.858550000E-03 -7.535164570E+01 0.000000000E+00 6.670791746E+02
1.863110000E-03 -7.497773625E+01 0.000000000E+00 6.654464846E+02
1.867680000E-03 -7.460637345E+01 0.000000000E+00 6.638182130E+02
1.872240000E-03 -7.423791410E+01 0.000000000E+00 6.622014272E+02
1.876800000E-03 -7.387213868E+01 0.000000000E+00 6.605924979E+02
1.881370000E-03 -7.350883948E+01 0.000000000E+00 6.589878652E+02
1.885930000E-03 -7.314835704E+01 0.000000000E+00 6.573944950E+02
1.890490000E-03 -7.279048147E+01 0.000000000E+00 6.558088115E+02
1.895060000E-03 -7.243501421E+01 0.000000000E+00 6.542273068E+02
1.899620000E-03 -7.208228010E+01 0.000000000E+00 6.526568472E+02
1.904180000E-03 -7.173207849E+01 0.000000000E+00 6.510939092E+02
1.908750000E-03 -7.138362676E+01 0.000000000E+00 6.495350360E+02
1.913310000E-03 -7.103901350E+01 0.000000000E+00 6.479869964E+02
1.922440000E-03 -7.035521774E+01 0.000000000E+00 6.449095941E+02
1.927000000E-03 -7.001791124E+01 0.000000000E+00 6.433834977E+02
1.931560000E-03 -6.968241178E+01 0.000000000E+00 6.418646068E+02
1.936130000E-03 -6.934855475E+01 0.000000000E+00 6.403495633E+02
1.940690000E-03 -6.901835000E+01 0.000000000E+00 6.388449469E+02
1.945250000E-03 -6.868989377E+01 0.000000000E+00 6.373473847E+02
2.027230000E-03 -6.315743544E+01 0.000000000E+00 6.115734278E+02
2.088710000E-03 -5.942475524E+01 0.000000000E+00 5.935721091E+02
2.134820000E-03 -5.683465597E+01 0.000000000E+00 5.807515388E+02
2.203980000E-03 -5.325038481E+01 0.000000000E+00 5.625277906E+02
2.238570000E-03 -5.158119780E+01 0.000000000E+00 5.538357076E+02
2.273150000E-03 -4.998816136E+01 0.000000000E+00 5.454105536E+02
2.278740000E-03 -4.973747696E+01 0.000000000E+00 5.440726015E+02
2.284340000E-03 -4.948819065E+01 0.000000000E+00 5.427388217E+02
2.289930000E-03 -4.924117180E+01 0.000000000E+00 5.414139297E+02
2.295530000E-03 -4.899552176E+01 0.000000000E+00 5.400931375E+02
2.301120000E-03 -4.875209739E+01 0.000000000E+00 5.387811153E+02
2.306720000E-03 -4.851001328E+01 0.000000000E+00 5.374731220E+02
2.312310000E-03 -4.827011401E+01 0.000000000E+00 5.361737829E+02
2.317910000E-03 -4.803152720E+01 0.000000000E+00 5.348784034E+02
2.323500000E-03 -4.779508534E+01 0.000000000E+00 5.335915645E+02
2.329100000E-03 -4.755992880E+01 0.000000000E+00 5.323086171E+02
2.334700000E-03 -4.732606793E+01 0.000000000E+00 5.310318242E+02
2.340290000E-03 -4.709469215E+01 0.000000000E+00 5.297634054E+02
2.345890000E-03 -4.686456222E+01 0.000000000E+00 5.284987787E+02
2.357080000E-03 -4.640962120E+01 0.000000000E+00 5.259897840E+02
2.362670000E-03 -4.618477333E+01 0.000000000E+00 5.247453093E+02
2.368270000E-03 -4.596112101E+01 0.000000000E+00 5.235044991E+02
2.373860000E-03 -4.573944521E+01 0.000000000E+00 5.222717431E+02
2.379460000E-03 -4.551894069E+01 0.000000000E+00 5.210425895E+02
2.385050000E-03 -4.530037761E+01 0.000000000E+00 5.198213874E+02
2.398210000E-03 -4.479175386E+01 0.000000000E+00 5.169689060E+02
2.408080000E-03 -4.441565949E+01 0.000000000E+00 5.148500050E+02
2.415480000E-03 -4.413670651E+01 0.000000000E+00 5.132727243E+02
2.426580000E-03 -4.372324217E+01 0.000000000E+00 5.109248407E+02
2.432130000E-03 -4.351863217E+01 0.000000000E+00 5.097589356E+02
2.434900000E-03 -4.341703448E+01 0.000000000E+00 5.091790217E+02
2.437680000E-03 -4.331541978E+01 0.000000000E+00 5.085983394E+02
2.443680000E-03 -4.309734689E+01 0.000000000E+00 5.073495711E+02
2.449680000E-03 -4.288087621E+01 0.000000000E+00 5.061069201E+02
2.455680000E-03 -4.266563379E+01 0.000000000E+00 5.048703414E+02
2.461680000E-03 -4.245232245E+01 0.000000000E+00 5.036397907E+02
2.467680000E-03 -4.224056691E+01 0.000000000E+00 5.024152240E+02
2.470680000E-03 -4.213526784E+01 0.000000000E+00 5.018051710E+02
2.473680000E-03 -4.203035209E+01 0.000000000E+00 5.011965978E+02
2.476680000E-03 -4.192546556E+01 0.000000000E+00 5.005894988E+02
2.479680000E-03 -4.182131171E+01 0.000000000E+00 4.999838689E+02
2.482680000E-03 -4.171753563E+01 0.000000000E+00 4.993797026E+02
2.485680000E-03 -4.161413547E+01 0.000000000E+00 4.987769946E+02
2.490180000E-03 -4.145956199E+01 0.000000000E+00 4.978756556E+02
2.493180000E-03 -4.135709421E+01 0.000000000E+00 4.972765705E+02
2.495430000E-03 -4.128039932E+01 0.000000000E+00 4.968282020E+02
2.496550000E-03 -4.124247223E+01 0.000000000E+00 4.966053153E+02
2.497120000E-03 -4.122318964E+01 0.000000000E+00 4.964919587E+02
2.497540000E-03 -4.120898987E+01 0.000000000E+00 4.964084659E+02
2.497870000E-03 -4.119783793E+01 0.000000000E+00 4.963428841E+02
2.498050000E-03 -4.119141073E+01 0.000000000E+00 4.963071196E+02
2.503680000E-03 -4.100118397E+01 0.000000000E+00 4.951910787E+02
2.505180000E-03 -4.095090182E+01 0.000000000E+00 4.948945784E+02
2.509680000E-03 -4.079990995E+01 0.000000000E+00 4.940072041E+02
2.512680000E-03 -4.069981383E+01 0.000000000E+00 4.934173870E+02
2.515680000E-03 -4.060007600E+01 0.000000000E+00 4.928289767E+02
2.518680000E-03 -4.050069475E+01 0.000000000E+00 4.922419680E+02
2.521680000E-03 -4.040166840E+01 0.000000000E+00 4.916563561E+02
2.524680000E-03 -4.030299525E+01 0.000000000E+00 4.910721359E+02
2.527680000E-03 -4.020433548E+01 0.000000000E+00 4.904893024E+02
2.533680000E-03 -4.000874176E+01 0.000000000E+00 4.893277762E+02
2.539680000E-03 -3.981453426E+01 0.000000000E+00 4.881717382E+02
2.545680000E-03 -3.962169992E+01 0.000000000E+00 4.870211496E+02
2.554680000E-03 -3.933466386E+01 0.000000000E+00 4.853054003E+02
2.557680000E-03 -3.923976899E+01 0.000000000E+00 4.847361672E+02
2.560560000E-03 -3.914897070E+01 0.000000000E+00 4.841909582E+02
2.566290000E-03 -3.896922593E+01 0.000000000E+00 4.831098590E+02
2.571970000E-03 -3.879222970E+01 0.000000000E+00 4.820429476E+02
2.583250000E-03 -3.844418055E+01 0.000000000E+00 4.799380625E+02
2.594350000E-03 -3.810577163E+01 0.000000000E+00 4.778846339E+02
2.605280000E-03 -3.777706381E+01 0.000000000E+00 4.758797519E+02
2.616040000E-03 -3.745747023E+01 0.000000000E+00 4.739224171E+02
2.626640000E-03 -3.714644807E+01 0.000000000E+00 4.720098681E+02
2.647490000E-03 -3.654582057E+01 0.000000000E+00 4.682926092E+02
2.667690000E-03 -3.597694377E+01 0.000000000E+00 4.647466535E+02
2.687260000E-03 -3.543824068E+01 0.000000000E+00 4.613621309E+02
2.706220000E-03 -3.492738571E+01 0.000000000E+00 4.581297899E+02
2.724580000E-03 -3.444277557E+01 0.000000000E+00 4.550426121E+02
3.009240000E-03 -2.802919768E+01 0.000000000E+00 4.119977137E+02
3.044830000E-03 -2.735127624E+01 0.000000000E+00 4.071820102E+02
3.075960000E-03 -2.677781485E+01 0.000000000E+00 4.030611581E+02
3.103200000E-03 -2.628981818E+01 0.000000000E+00 3.995230730E+02
3.127040000E-03 -2.587353134E+01 0.000000000E+00 3.964771797E+02
3.147900000E-03 -2.551680485E+01 0.000000000E+00 3.938498682E+02
3.166150000E-03 -2.521048635E+01 0.000000000E+00 3.915796788E+02
3.198090000E-03 -2.468702664E+01 0.000000000E+00 3.876688899E+02
3.222040000E-03 -2.430470047E+01 0.000000000E+00 3.847872776E+02
3.240010000E-03 -2.402334443E+01 0.000000000E+00 3.826531400E+02
3.253480000E-03 -2.381555045E+01 0.000000000E+00 3.810688862E+02
3.263590000E-03 -2.366143209E+01 0.000000000E+00 3.798884051E+02
3.271170000E-03 -2.354666721E+01 0.000000000E+00 3.790081225E+02
3.282540000E-03 -2.337591065E+01 0.000000000E+00 3.776953213E+02
3.291060000E-03 -2.324926538E+01 0.000000000E+00 3.767175317E+02
3.293900000E-03 -2.320726886E+01 0.000000000E+00 3.763927259E+02
3.302010000E-03 -2.308791050E+01 0.000000000E+00 3.754682754E+02
3.310120000E-03 -2.296942981E+01 0.000000000E+00 3.745483547E+02
3.318230000E-03 -2.285181824E+01 0.000000000E+00 3.736329308E+02
3.326330000E-03 -2.273521002E+01 0.000000000E+00 3.727230912E+02
3.334440000E-03 -2.261931031E+01 0.000000000E+00 3.718165569E+02
3.338500000E-03 -2.256170381E+01 0.000000000E+00 3.713643852E+02
3.342550000E-03 -2.250425460E+01 0.000000000E+00 3.709144216E+02
3.346600000E-03 -2.244720720E+01 0.000000000E+00 3.704655471E+02
3.350660000E-03 -2.239003473E+01 0.000000000E+00 3.700166534E+02
3.354710000E-03 -2.233320929E+01 0.000000000E+00 3.695699479E+02
3.358760000E-03 -2.227678125E+01 0.000000000E+00 3.691243197E+02
3.364850000E-03 -2.219221916E+01 0.000000000E+00 3.684562462E+02
3.368900000E-03 -2.213610986E+01 0.000000000E+00 3.680132981E+02
3.371940000E-03 -2.209422156E+01 0.000000000E+00 3.676815127E+02
3.373460000E-03 -2.207322502E+01 0.000000000E+00 3.675158443E+02
3.374220000E-03 -2.206283228E+01 0.000000000E+00 3.674330660E+02
3.374410000E-03 -2.206023520E+01 0.000000000E+00 3.674123773E+02
3.374550000E-03 -2.205832183E+01 0.000000000E+00 3.673971344E+02
3.374660000E-03 -2.205681865E+01 0.000000000E+00 3.673851588E+02
3.374820000E-03 -2.205463246E+01 0.000000000E+00 3.673677411E+02
3.374900000E-03 -2.205353948E+01 0.000000000E+00 3.673590329E+02
3.375110000E-03 -2.205067077E+01 0.000000000E+00 3.673361757E+02
3.375360000E-03 -2.204725635E+01 0.000000000E+00 3.673089685E+02
3.383090000E-03 -2.194148936E+01 0.000000000E+00 3.664697067E+02
3.385110000E-03 -2.191392920E+01 0.000000000E+00 3.662510229E+02
3.391200000E-03 -2.183132859E+01 0.000000000E+00 3.655933003E+02
3.395250000E-03 -2.177651788E+01 0.000000000E+00 3.651572049E+02
3.399300000E-03 -2.172209037E+01 0.000000000E+00 3.647221487E+02
3.403360000E-03 -2.166753755E+01 0.000000000E+00 3.642870575E+02
3.407410000E-03 -2.161349886E+01 0.000000000E+00 3.638540710E+02
3.411460000E-03 -2.155946710E+01 0.000000000E+00 3.634221125E+02
3.415520000E-03 -2.150568129E+01 0.000000000E+00 3.629901157E+02
3.423630000E-03 -2.139863034E+01 0.000000000E+00 3.621302536E+02
3.431730000E-03 -2.129246867E+01 0.000000000E+00 3.612755083E+02
3.439840000E-03 -2.118692836E+01 0.000000000E+00 3.604237406E+02
3.447950000E-03 -2.108213321E+01 0.000000000E+00 3.595759799E+02
3.456060000E-03 -2.097807620E+01 0.000000000E+00 3.587321979E+02
3.459080000E-03 -2.093953584E+01 0.000000000E+00 3.584190016E+02
3.465090000E-03 -2.086295632E+01 0.000000000E+00 3.577973444E+02
3.476920000E-03 -2.071371994E+01 0.000000000E+00 3.565799616E+02
3.488380000E-03 -2.057057663E+01 0.000000000E+00 3.554085277E+02
3.499480000E-03 -2.043307219E+01 0.000000000E+00 3.542812075E+02
3.521000000E-03 -2.017048515E+01 0.000000000E+00 3.521158762E+02
3.541160000E-03 -1.992891607E+01 0.000000000E+00 3.501112630E+02
3.560070000E-03 -1.970597739E+01 0.000000000E+00 3.482515793E+02
3.595520000E-03 -1.929751691E+01 0.000000000E+00 3.448179957E+02
3.626530000E-03 -1.894990680E+01 0.000000000E+00 3.418695006E+02
3.680810000E-03 -1.836266334E+01 0.000000000E+00 3.368280351E+02
3.721520000E-03 -1.793886514E+01 0.000000000E+00 3.331434468E+02
3.782590000E-03 -1.732894315E+01 0.000000000E+00 3.277648384E+02
3.843650000E-03 -1.674786029E+01 0.000000000E+00 3.225579852E+02
3.853110000E-03 -1.666023755E+01 0.000000000E+00 3.217660539E+02
3.861590000E-03 -1.658232479E+01 0.000000000E+00 3.210594600E+02
3.880600000E-03 -1.640948047E+01 0.000000000E+00 3.194866773E+02
3.890110000E-03 -1.632403568E+01 0.000000000E+00 3.187056407E+02
3.899610000E-03 -1.623916264E+01 0.000000000E+00 3.179292288E+02
3.909880000E-03 -1.614815281E+01 0.000000000E+00 3.170941308E+02
3.922470000E-03 -1.603754613E+01 0.000000000E+00 3.160763499E+02
3.935060000E-03 -1.592814114E+01 0.000000000E+00 3.150650816E+02
3.947720000E-03 -1.581904792E+01 0.000000000E+00 3.140546949E+02
3.957180000E-03 -1.573817724E+01 0.000000000E+00 3.133039184E+02
3.966640000E-03 -1.565802311E+01 0.000000000E+00 3.125567231E+02
3.976100000E-03 -1.557830473E+01 0.000000000E+00 3.118130832E+02
3.992330000E-03 -1.544297404E+01 0.000000000E+00 3.105454709E+02
4.004480000E-03 -1.534240304E+01 0.000000000E+00 3.096032444E+02
4.013950000E-03 -1.526417486E+01 0.000000000E+00 3.088728061E+02
4.023410000E-03 -1.518644826E+01 0.000000000E+00 3.081465722E+02
4.032870000E-03 -1.510940395E+01 0.000000000E+00 3.074237454E+02
4.047250000E-03 -1.499328646E+01 0.000000000E+00 3.063314596E+02
4.051690000E-03 -1.495772714E+01 0.000000000E+00 3.059957697E+02
4.056830000E-03 -1.491665956E+01 0.000000000E+00 3.056080733E+02
4.066410000E-03 -1.484044571E+01 0.000000000E+00 3.048880954E+02
4.068690000E-03 -1.482243643E+01 0.000000000E+00 3.047172431E+02
4.076000000E-03 -1.476482436E+01 0.000000000E+00 3.041707556E+02
4.085580000E-03 -1.468968503E+01 0.000000000E+00 3.034575262E+02
4.211060000E-03 -1.375359724E+01 0.000000000E+00 2.944151829E+02
4.273790000E-03 -1.331634062E+01 0.000000000E+00 2.900938043E+02
4.305160000E-03 -1.310485230E+01 0.000000000E+00 2.879800054E+02
4.320850000E-03 -1.300086662E+01 0.000000000E+00 2.869342838E+02
4.328690000E-03 -1.294927423E+01 0.000000000E+00 2.864145966E+02
4.336530000E-03 -1.289796306E+01 0.000000000E+00 2.858967884E+02
4.347230000E-03 -1.282848895E+01 0.000000000E+00 2.851931000E+02
4.357900000E-03 -1.275960443E+01 0.000000000E+00 2.844948255E+02
4.368570000E-03 -1.269134028E+01 0.000000000E+00 2.837999620E+02
4.379250000E-03 -1.262340239E+01 0.000000000E+00 2.831078381E+02
4.381920000E-03 -1.260658035E+01 0.000000000E+00 2.829353343E+02
4.389920000E-03 -1.255613662E+01 0.000000000E+00 2.824197252E+02
4.391900000E-03 -1.254369234E+01 0.000000000E+00 2.822924019E+02
4.395370000E-03 -1.252186889E+01 0.000000000E+00 2.820695414E+02
4.397970000E-03 -1.250566246E+01 0.000000000E+00 2.819027870E+02
4.401880000E-03 -1.248123414E+01 0.000000000E+00 2.816523849E+02
4.405780000E-03 -1.245693231E+01 0.000000000E+00 2.814030660E+02
4.409820000E-03 -1.243184244E+01 0.000000000E+00 2.811452622E+02
4.412850000E-03 -1.241307050E+01 0.000000000E+00 2.809522191E+02
4.417400000E-03 -1.238501048E+01 0.000000000E+00 2.806628333E+02
4.419670000E-03 -1.237104339E+01 0.000000000E+00 2.805186813E+02
4.429950000E-03 -1.230784760E+01 0.000000000E+00 2.798677186E+02
4.432620000E-03 -1.229160049E+01 0.000000000E+00 2.796991396E+02
4.443290000E-03 -1.222663724E+01 0.000000000E+00 2.790274774E+02
4.453960000E-03 -1.216225210E+01 0.000000000E+00 2.783590333E+02
4.464640000E-03 -1.209816357E+01 0.000000000E+00 2.776931623E+02
4.473720000E-03 -1.204407716E+01 0.000000000E+00 2.771295477E+02
4.482810000E-03 -1.199026309E+01 0.000000000E+00 2.765675993E+02
4.496660000E-03 -1.190897567E+01 0.000000000E+00 2.757157535E+02
4.507330000E-03 -1.184676059E+01 0.000000000E+00 2.750630639E+02
4.518010000E-03 -1.178503780E+01 0.000000000E+00 2.744128499E+02
4.528680000E-03 -1.172370452E+01 0.000000000E+00 2.737663072E+02
4.539350000E-03 -1.166291079E+01 0.000000000E+00 2.731228039E+02
4.550030000E-03 -1.160123908E+01 0.000000000E+00 2.724817199E+02
4.568440000E-03 -1.149605222E+01 0.000000000E+00 2.713836671E+02
4.580670000E-03 -1.142694342E+01 0.000000000E+00 2.706590957E+02
4.591540000E-03 -1.136591960E+01 0.000000000E+00 2.700183381E+02
4.602410000E-03 -1.130533296E+01 0.000000000E+00 2.693806071E+02
4.613290000E-03 -1.124512628E+01 0.000000000E+00 2.687452989E+02
4.624160000E-03 -1.118540204E+01 0.000000000E+00 2.681135601E+02
4.635030000E-03 -1.112610268E+01 0.000000000E+00 2.674847843E+02
4.635380000E-03 -1.112427157E+01 0.000000000E+00 2.674645876E+02
4.646810000E-03 -1.106239833E+01 0.000000000E+00 2.668066910E+02
4.658210000E-03 -1.100114023E+01 0.000000000E+00 2.661537372E+02
4.669620000E-03 -1.094028466E+01 0.000000000E+00 2.655034028E+02
4.681030000E-03 -1.087987911E+01 0.000000000E+00 2.648562389E+02
4.692440000E-03 -1.081991917E+01 0.000000000E+00 2.642122222E+02
4.706800000E-03 -1.074507829E+01 0.000000000E+00 2.634061358E+02
4.716740000E-03 -1.069368545E+01 0.000000000E+00 2.628510369E+02
4.726670000E-03 -1.064266984E+01 0.000000000E+00 2.622988277E+02
4.738080000E-03 -1.058444942E+01 0.000000000E+00 2.616671732E+02
4.749490000E-03 -1.052665341E+01 0.000000000E+00 2.610385536E+02
4.760900000E-03 -1.046927772E+01 0.000000000E+00 2.604129471E+02
4.772310000E-03 -1.041231830E+01 0.000000000E+00 2.597903321E+02
4.787500000E-03 -1.033718641E+01 0.000000000E+00 2.589660574E+02
4.799030000E-03 -1.028061760E+01 0.000000000E+00 2.583438737E+02
4.806540000E-03 -1.024389804E+01 0.000000000E+00 2.579402231E+02
4.817950000E-03 -1.018865736E+01 0.000000000E+00 2.573293621E+02
4.829360000E-03 -1.013371995E+01 0.000000000E+00 2.567213875E+02
4.840770000E-03 -1.007917558E+01 0.000000000E+00 2.561162790E+02
4.845140000E-03 -1.005837096E+01 0.000000000E+00 2.558852789E+02
4.856840000E-03 -1.000295843E+01 0.000000000E+00 2.552688579E+02
4.863580000E-03 -9.971296224E+00 0.000000000E+00 2.549151037E+02
4.879730000E-03 -9.895800966E+00 0.000000000E+00 2.540714343E+02
4.892270000E-03 -9.837759130E+00 0.000000000E+00 2.534201914E+02
4.904080000E-03 -9.783467123E+00 0.000000000E+00 2.528099052E+02
4.915890000E-03 -9.729660511E+00 0.000000000E+00 2.522025513E+02
4.927700000E-03 -9.676156260E+00 0.000000000E+00 2.515981087E+02
4.939510000E-03 -9.623040410E+00 0.000000000E+00 2.509965563E+02
4.968960000E-03 -9.492330007E+00 0.000000000E+00 2.495089516E+02
4.974940000E-03 -9.466073626E+00 0.000000000E+00 2.492090357E+02
4.986750000E-03 -9.414474209E+00 0.000000000E+00 2.486188399E+02
4.998680000E-03 -9.362747461E+00 0.000000000E+00 2.480254787E+02
5.023990000E-03 -9.254233762E+00 0.000000000E+00 2.467759689E+02
5.054720000E-03 -9.124689815E+00 0.000000000E+00 2.452757027E+02
5.108860000E-03 -8.896008473E+00 3.473067979E-06 2.426764484E+02
5.199210000E-03 -8.499353738E+00 4.526562736E-03 2.384593044E+02
5.232440000E-03 -8.342624736E+00 2.198939080E-02 2.369449052E+02
5.267190000E-03 -8.185804767E+00 6.784710686E-02 2.353816741E+02
5.389840000E-03 -7.863972781E+00 2.017886468E-01 2.300253811E+02
5.815360000E-03 -6.720355142E+00 1.362741412E-01 2.131940241E+02
5.982230000E-03 -6.305675873E+00 1.169038535E-01 2.072471303E+02
6.084050000E-03 -6.066986524E+00 1.065866902E-01 2.037787329E+02
6.142230000E-03 -5.935173354E+00 1.012253915E-01 2.018485143E+02
6.191130000E-03 -5.827123399E+00 9.690752440E-02 2.002542347E+02
6.200410000E-03 -5.806815104E+00 9.613158259E-02 1.999545191E+02
6.232480000E-03 -5.737389647E+00 9.348518848E-02 1.989256283E+02
6.244500000E-03 -5.711643303E+00 9.250511682E-02 1.985427176E+02
6.255020000E-03 -5.689196779E+00 9.165364121E-02 1.982087987E+02
6.264230000E-03 -5.669651731E+00 9.091250900E-02 1.979173817E+02
6.272280000E-03 -5.652652550E+00 9.026744585E-02 1.976633696E+02
6.279330000E-03 -5.637832238E+00 8.970544085E-02 1.974414468E+02
6.285500000E-03 -5.624916281E+00 8.921553196E-02 1.972476334E+02
6.288200000E-03 -5.619228349E+00 8.900179766E-02 1.971629401E+02
6.293100000E-03 -5.608979045E+00 8.861449939E-02 1.970094230E+02
6.300500000E-03 -5.593572387E+00 8.803148950E-02 1.967780335E+02
6.301430000E-03 -5.591626298E+00 8.796143739E-02 1.967489919E+02
6.308240000E-03 -5.577456415E+00 8.744968671E-02 1.965365934E+02
6.313350000E-03 -5.566813192E+00 8.706752540E-02 1.963775175E+02
6.317180000E-03 -5.558907044E+00 8.678170920E-02 1.962584571E+02
6.322920000E-03 -5.547003986E+00 8.635456973E-02 1.960802920E+02
6.325800000E-03 -5.541043926E+00 8.614098539E-02 1.959910209E+02
6.328670000E-03 -5.535166593E+00 8.592802553E-02 1.959021406E+02
6.332560000E-03 -5.527140139E+00 8.563985838E-02 1.957818007E+02
6.352030000E-03 -5.487295068E+00 8.420916894E-02 1.951816978E+02
6.359820000E-03 -5.471465935E+00 8.364086635E-02 1.949426242E+02
6.375400000E-03 -5.439928208E+00 8.251289235E-02 1.944662296E+02
6.390980000E-03 -5.408673612E+00 8.139438102E-02 1.939921577E+02
6.398770000E-03 -5.393078997E+00 8.083910493E-02 1.937559875E+02
6.406550000E-03 -5.377613780E+00 8.028601152E-02 1.935206937E+02
6.414340000E-03 -5.362184899E+00 7.974141439E-02 1.932856693E+02
6.422130000E-03 -5.346707305E+00 7.921912663E-02 1.930512151E+02
6.429920000E-03 -5.331338249E+00 7.869965686E-02 1.928173290E+02
6.437710000E-03 -5.316024950E+00 7.818194662E-02 1.925840089E+02
6.445500000E-03 -5.300767142E+00 7.766702781E-02 1.923512528E+02
6.449390000E-03 -5.293168724E+00 7.741027588E-02 1.922352347E+02
6.453290000E-03 -5.285564559E+00 7.715384723E-02 1.921190587E+02
6.461070000E-03 -5.270436335E+00 7.664315146E-02 1.918877214E+02
6.464970000E-03 -5.262873320E+00 7.638840503E-02 1.917719649E+02
6.466920000E-03 -5.259045284E+00 7.626175790E-02 1.917141390E+02
6.467890000E-03 -5.257168072E+00 7.619808785E-02 1.916853874E+02
6.468620000E-03 -5.255755876E+00 7.615042828E-02 1.916637552E+02
6.469040000E-03 -5.254943597E+00 7.612298829E-02 1.916513115E+02
6.469280000E-03 -5.254479506E+00 7.610753241E-02 1.916442015E+02
6.469520000E-03 -5.254015471E+00 7.609207867E-02 1.916370921E+02
6.469990000E-03 -5.253106883E+00 7.606141251E-02 1.916231710E+02
6.471790000E-03 -5.249629011E+00 7.594380114E-02 1.915698748E+02
6.481280000E-03 -5.231340781E+00 7.532864688E-02 1.912893749E+02
6.484440000E-03 -5.225268943E+00 7.512422922E-02 1.911961557E+02
6.500020000E-03 -5.195461823E+00 7.412280530E-02 1.907378747E+02
6.507810000E-03 -5.180638475E+00 7.362510934E-02 1.905095570E+02
6.515590000E-03 -5.165836301E+00 7.313031359E-02 1.902820773E+02
6.521980000E-03 -5.153760092E+00 7.272551688E-02 1.900956458E+02
6.531560000E-03 -5.135721586E+00 7.212493577E-02 1.898168278E+02
6.541140000E-03 -5.117711791E+00 7.155028015E-02 1.895388266E+02
6.552130000E-03 -5.097155989E+00 7.089478694E-02 1.892209098E+02
6.563110000E-03 -5.076671820E+00 7.024349349E-02 1.889043457E+02
6.577900000E-03 -5.049326572E+00 6.937275463E-02 1.884796060E+02
6.593480000E-03 -5.020672562E+00 6.846288129E-02 1.880342399E+02
6.609060000E-03 -4.992221193E+00 6.756130105E-02 1.875909736E+02
6.627250000E-03 -4.959224735E+00 6.655344821E-02 1.870760874E+02
6.640210000E-03 -4.935887662E+00 6.584607844E-02 1.867109625E+02
6.649770000E-03 -4.918734831E+00 6.532759721E-02 1.864425386E+02
6.675360000E-03 -4.873248927E+00 6.395209915E-02 1.857278109E+02
6.755540000E-03 -4.733902301E+00 5.985458175E-02 1.835234489E+02
6.771580000E-03 -4.706581958E+00 5.907006320E-02 1.830887326E+02
6.775990000E-03 -4.699109320E+00 5.885533401E-02 1.829695734E+02
6.781210000E-03 -4.690291665E+00 5.860220537E-02 1.828287282E+02
6.803100000E-03 -4.653498442E+00 5.754744680E-02 1.822404492E+02
6.809340000E-03 -4.643048404E+00 5.724912746E-02 1.820734462E+02
6.826020000E-03 -4.615364399E+00 5.645687645E-02 1.816285332E+02
6.826540000E-03 -4.614462588E+00 5.643205017E-02 1.816146979E+02
6.827550000E-03 -4.612801620E+00 5.638430428E-02 1.815878317E+02
6.828500000E-03 -4.611239986E+00 5.633942738E-02 1.815625686E+02
6.842700000E-03 -4.587790653E+00 5.569749894E-02 1.811857892E+02
6.843740000E-03 -4.586092503E+00 5.565059035E-02 1.811582556E+02
6.845700000E-03 -4.582848142E+00 5.556294762E-02 1.811063880E+02
6.849120000E-03 -4.577228061E+00 5.540937831E-02 1.810159553E+02
6.861460000E-03 -4.557047695E+00 5.485829379E-02 1.806904070E+02
6.865110000E-03 -4.551094350E+00 5.469592061E-02 1.805943386E+02
6.870580000E-03 -4.542167352E+00 5.445325761E-02 1.804505588E+02
6.876060000E-03 -4.533245620E+00 5.421113949E-02 1.803067454E+02
6.880230000E-03 -4.526494787E+00 5.402724379E-02 1.801974643E+02
6.883350000E-03 -4.521440362E+00 5.388981969E-02 1.801157866E+02
6.885700000E-03 -4.517672219E+00 5.378651648E-02 1.800543155E+02
6.890980000E-03 -4.509128972E+00 5.355535233E-02 1.799163544E+02
6.896900000E-03 -4.499584601E+00 5.329586127E-02 1.797619220E+02
6.898420000E-03 -4.497161307E+00 5.322970357E-02 1.797223132E+02
6.899790000E-03 -4.494978526E+00 5.316999471E-02 1.796866281E+02
6.902200000E-03 -4.491096550E+00 5.306484912E-02 1.796238880E+02
6.904000000E-03 -4.488188343E+00 5.298641953E-02 1.795770568E+02
6.906710000E-03 -4.483882365E+00 5.286876177E-02 1.795065958E+02
6.908060000E-03 -4.481693939E+00 5.281007243E-02 1.794715159E+02
6.921920000E-03 -4.459583188E+00 5.221057271E-02 1.791121539E+02
6.926090000E-03 -4.452966014E+00 5.203108022E-02 1.790043156E+02
6.943090000E-03 -4.426071694E+00 5.130334743E-02 1.785660275E+02
6.959450000E-03 -4.400367868E+00 5.063912608E-02 1.781462616E+02
6.976130000E-03 -4.374307717E+00 4.996710051E-02 1.777203120E+02
6.992800000E-03 -4.348449760E+00 4.930148581E-02 1.772966480E+02
7.009480000E-03 -4.322805484E+00 4.864149148E-02 1.768747468E+02
7.026160000E-03 -4.297300383E+00 4.798720123E-02 1.764548487E+02
7.042840000E-03 -4.271976908E+00 4.734770293E-02 1.760369396E+02
7.059520000E-03 -4.246833342E+00 4.673191239E-02 1.756210054E+02
7.076200000E-03 -4.221867979E+00 4.612139496E-02 1.752070320E+02
7.092870000E-03 -4.197093802E+00 4.551665458E-02 1.747952521E+02
7.109550000E-03 -4.172437001E+00 4.491651851E-02 1.743851580E+02
7.130950000E-03 -4.141141194E+00 4.415450485E-02 1.738618277E+02
7.163050000E-03 -4.094618754E+00 4.306280639E-02 1.730826952E+02
7.195150000E-03 -4.048720021E+00 4.200297695E-02 1.723105147E+02
7.230570000E-03 -3.998798879E+00 4.085353819E-02 1.714664266E+02
7.248280000E-03 -3.974113361E+00 4.028644052E-02 1.710474761E+02
7.265990000E-03 -3.949608828E+00 3.972581187E-02 1.706305679E+02
7.283700000E-03 -3.925242797E+00 3.919360869E-02 1.702156871E+02
7.319120000E-03 -3.877082975E+00 3.814318228E-02 1.693919488E+02
7.336830000E-03 -3.853285367E+00 3.762486142E-02 1.689830622E+02
7.354540000E-03 -3.829620201E+00 3.711108473E-02 1.685761448E+02
7.372250000E-03 -3.806126150E+00 3.660184452E-02 1.681711825E+02
7.389960000E-03 -3.782841123E+00 3.609701415E-02 1.677681611E+02
7.407670000E-03 -3.759684196E+00 3.560320157E-02 1.673670668E+02
7.460800000E-03 -3.691204572E+00 3.419396816E-02 1.661752091E+02
7.478510000E-03 -3.668703198E+00 3.373230092E-02 1.657816865E+02
7.496220000E-03 -3.646323393E+00 3.327460957E-02 1.653900232E+02
7.513930000E-03 -3.624140733E+00 3.282089171E-02 1.650002063E+02
7.549350000E-03 -3.580207075E+00 3.195144480E-02 1.642260592E+02
7.703860000E-03 -3.395596462E+00 2.845656746E-02 1.609323119E+02
7.949420000E-03 -3.123920589E+00 2.377404596E-02 1.559610638E+02
7.988560000E-03 -3.082932177E+00 2.310041562E-02 1.551969316E+02
8.008120000E-03 -3.062472239E+00 2.277958408E-02 1.548178599E+02
8.027690000E-03 -3.041884723E+00 2.246151185E-02 1.544404430E+02
8.047260000E-03 -3.021482541E+00 2.214629384E-02 1.540648618E+02
8.094740000E-03 -2.972565260E+00 2.139289432E-02 1.531611886E+02
8.105960000E-03 -2.961115175E+00 2.122504617E-02 1.529491880E+02
8.128590000E-03 -2.938174879E+00 2.088884518E-02 1.525233774E+02
8.145090000E-03 -2.921584158E+00 2.064590673E-02 1.522144016E+02
8.167640000E-03 -2.899085493E+00 2.031673584E-02 1.517941535E+02
8.187170000E-03 -2.879732085E+00 2.003440468E-02 1.514320577E+02
8.242920000E-03 -2.825267234E+00 1.925692186E-02 1.504078652E+02
8.262490000E-03 -2.806408639E+00 1.899650536E-02 1.500516188E+02
8.282060000E-03 -2.787685365E+00 1.873833232E-02 1.496970560E+02
8.301620000E-03 -2.769136557E+00 1.848245559E-02 1.493443448E+02
8.340760000E-03 -2.732354716E+00 1.797711934E-02 1.486435289E+02
8.577980000E-03 -2.520202834E+00 1.527261151E-02 1.445328620E+02
8.690900000E-03 -2.425317462E+00 1.413782936E-02 1.426549609E+02
8.734090000E-03 -2.390023918E+00 1.373021566E-02 1.419495334E+02
8.755480000E-03 -2.372719296E+00 1.353103666E-02 1.416027448E+02
8.774110000E-03 -2.357766526E+00 1.335900152E-02 1.413020808E+02
8.799790000E-03 -2.337304740E+00 1.313475945E-02 1.408897258E+02
8.824140000E-03 -2.318079372E+00 1.292430911E-02 1.405009440E+02
8.851960000E-03 -2.296290993E+00 1.268651297E-02 1.400593767E+02
8.925150000E-03 -2.239982709E+00 1.207950930E-02 1.389108306E+02
8.956550000E-03 -2.216254672E+00 1.183445233E-02 1.384238351E+02
8.981410000E-03 -2.197644273E+00 1.164269792E-02 1.380406863E+02
9.002990000E-03 -2.181613602E+00 1.147780274E-02 1.377098053E+02
9.024560000E-03 -2.165706530E+00 1.131440135E-02 1.373806590E+02
9.053380000E-03 -2.144634677E+00 1.109832921E-02 1.369433295E+02
9.114820000E-03 -2.100407375E+00 1.066527759E-02 1.360202396E+02
9.129510000E-03 -2.089945387E+00 1.056333121E-02 1.358013738E+02
9.152510000E-03 -2.073661308E+00 1.040500633E-02 1.354601088E+02
9.175740000E-03 -2.057091593E+00 1.025254709E-02 1.351171677E+02
9.199810000E-03 -2.040043549E+00 1.009617714E-02 1.347636527E+02
9.240350000E-03 -2.011478763E+00 9.838030323E-03 1.341724069E+02
9.291810000E-03 -1.975512285E+00 9.542217896E-03 1.334293319E+02
9.395570000E-03 -1.903057855E+00 9.849296108E-03 1.319558047E+02
9.431090000E-03 -1.878219823E+00 1.092353149E-02 1.314588240E+02
9.453200000E-03 -1.862934548E+00 1.203695438E-02 1.311513562E+02
9.470430000E-03 -1.851201860E+00 1.315503705E-02 1.309127463E+02
9.557790000E-03 -1.796220960E+00 2.073666604E-02 1.297161792E+02
9.584360000E-03 -1.781115237E+00 2.281620798E-02 1.293565768E+02
9.616970000E-03 -1.763290794E+00 2.470998090E-02 1.289179440E+02
9.695690000E-03 -1.721245093E+00 2.639086753E-02 1.278712500E+02
9.714330000E-03 -1.711246955E+00 2.640483936E-02 1.276258888E+02
9.737310000E-03 -1.698875131E+00 2.631840731E-02 1.273246923E+02
9.843880000E-03 -1.640733023E+00 2.547363078E-02 1.259462732E+02
9.867870000E-03 -1.627753436E+00 2.527071698E-02 1.256400824E+02
1.002580000E-02 -1.544200316E+00 2.399295197E-02 1.236609547E+02
1.018710000E-02 -1.460980510E+00 2.291233309E-02 1.217029380E+02
1.033980000E-02 -1.382463550E+00 2.540787924E-02 1.199056075E+02
1.041070000E-02 -1.348907546E+00 2.885105892E-02 1.190890142E+02
1.056140000E-02 -1.285064494E+00 3.244876801E-02 1.173897400E+02
1.165000000E-02 -8.726257241E-01 2.578131465E-02 1.064206009E+02
1.231910000E-02 -6.669291903E-01 2.310121056E-02 1.006404689E+02
1.333900000E-02 -4.088970413E-01 2.044683140E-02 9.294549816E+01
1.376060000E-02 -3.185821202E-01 1.972425248E-02 9.009781550E+01
1.414610000E-02 -2.429988950E-01 1.920205283E-02 8.764253045E+01
1.468750000E-02 -1.468016086E-01 1.865054817E-02 8.441191489E+01
1.515000000E-02 -7.226949571E-02 1.832362005E-02 8.183498350E+01
1.531090000E-02 -4.761183534E-02 1.822906892E-02 8.097499167E+01
1.569020000E-02 7.507624904E-03 1.808174257E-02 7.901747588E+01
1.631250000E-02 8.963050095E-02 1.794750710E-02 7.600306513E+01
1.688610000E-02 1.572927047E-01 1.793070495E-02 7.342133471E+01
1.709340000E-02 1.800560030E-01 1.795138631E-02 7.253091837E+01
1.721770000E-02 1.933023633E-01 1.796145683E-02 7.200729482E+01
1.725920000E-02 1.976558013E-01 1.796417250E-02 7.183415222E+01
1.738360000E-02 2.105136651E-01 1.797228670E-02 7.132009480E+01
1.763230000E-02 2.354211401E-01 1.804111199E-02 7.031413939E+01
1.805980000E-02 2.762108018E-01 1.815696055E-02 6.864970819E+01
1.849570000E-02 3.153811795E-01 1.830605565E-02 6.703179658E+01
1.875000000E-02 3.369474823E-01 1.841932720E-02 6.612266667E+01
1.929280000E-02 3.804362474E-01 1.863729305E-02 6.426231548E+01
1.982520000E-02 4.195485115E-01 1.895106693E-02 6.253656962E+01
2.022450000E-02 4.472600583E-01 1.915414419E-02 6.130188633E+01
2.082350000E-02 4.864445192E-01 1.955797556E-02 5.953850217E+01
2.112290000E-02 5.047153142E-01 1.975207277E-02 5.869459213E+01
2.158060000E-02 5.310911368E-01 2.004056103E-02 5.744974653E+01
2.200240000E-02 5.547211285E-01 2.033058921E-02 5.634839836E+01
2.237150000E-02 5.746455361E-01 2.061129626E-02 5.541872472E+01
2.267300000E-02 5.903964010E-01 2.082310976E-02 5.468178009E+01
2.294730000E-02 6.043847491E-01 2.103668137E-02 5.402814274E+01
2.316680000E-02 6.153037119E-01 2.119599301E-02 5.351623876E+01
2.335950000E-02 6.247878888E-01 2.133625439E-02 5.307476616E+01
2.347450000E-02 6.303879633E-01 2.142928078E-02 5.281475644E+01
2.358950000E-02 6.358969362E-01 2.151952222E-02 5.255728184E+01
2.362050000E-02 6.373670200E-01 2.154334419E-02 5.248830465E+01
2.370450000E-02 6.414089366E-01 2.160696956E-02 5.230230547E+01
2.373680000E-02 6.429669998E-01 2.163098897E-02 5.223113478E+01
2.379490000E-02 6.457500706E-01 2.167387469E-02 5.210360203E+01
2.385310000E-02 6.485132425E-01 2.171590434E-02 5.197647266E+01
2.391120000E-02 6.512508253E-01 2.175748825E-02 5.185017900E+01
2.399200000E-02 6.550221082E-01 2.181400795E-02 5.167555852E+01
2.403970000E-02 6.572907045E-01 2.184681572E-02 5.157302296E+01
2.406930000E-02 6.587036569E-01 2.186691436E-02 5.150959937E+01
2.409890000E-02 6.601144256E-01 2.188684838E-02 5.144633158E+01
2.416450000E-02 6.632448414E-01 2.193059699E-02 5.130666887E+01
2.422200000E-02 6.659685408E-01 2.196821885E-02 5.118487326E+01
2.427950000E-02 6.686665820E-01 2.200677796E-02 5.106365452E+01
2.433700000E-02 6.713903020E-01 2.204968848E-02 5.094300859E+01
2.438100000E-02 6.734984369E-01 2.208215003E-02 5.085107256E+01
2.441400000E-02 6.750727848E-01 2.210622153E-02 5.078233800E+01
2.446350000E-02 6.774224275E-01 2.214572522E-02 5.067958387E+01
2.448830000E-02 6.785906352E-01 2.216750475E-02 5.062825921E+01
2.451310000E-02 6.797547781E-01 2.218915085E-02 5.057703840E+01
2.454260000E-02 6.811375009E-01 2.221507019E-02 5.051624522E+01
2.455740000E-02 6.818298049E-01 2.222785073E-02 5.048580061E+01
2.456480000E-02 6.821754180E-01 2.223422341E-02 5.047059207E+01
2.457960000E-02 6.828619935E-01 2.224696940E-02 5.044020244E+01
2.461200000E-02 6.844025866E-01 2.227460081E-02 5.037380140E+01
2.461680000E-02 6.846326031E-01 2.227882066E-02 5.036397907E+01
2.462050000E-02 6.848057918E-01 2.228181911E-02 5.035641031E+01
2.462120000E-02 6.848415330E-01 2.228236969E-02 5.035497864E+01
2.462370000E-02 6.849589710E-01 2.228465084E-02 5.034986619E+01
2.462760000E-02 6.851442292E-01 2.228781627E-02 5.034189284E+01
2.462950000E-02 6.852355423E-01 2.228947051E-02 5.033800930E+01
2.463320000E-02 6.854119806E-01 2.229277964E-02 5.033044834E+01
2.469060000E-02 6.881239340E-01 2.234092372E-02 5.021344155E+01
2.470540000E-02 6.888231261E-01 2.235327680E-02 5.018336072E+01
2.474970000E-02 6.909377326E-01 2.239017344E-02 5.009353649E+01
2.477190000E-02 6.919913557E-01 2.240839636E-02 5.004864383E+01
2.481390000E-02 6.939769773E-01 2.244253042E-02 4.996393151E+01
2.486900000E-02 6.966135139E-01 2.248693565E-02 4.985323093E+01
2.489810000E-02 6.979983605E-01 2.251016605E-02 4.979496427E+01
2.492730000E-02 6.993834599E-01 2.253308073E-02 4.973663413E+01
2.498640000E-02 7.022330098E-01 2.257949266E-02 4.961899273E+01
2.504560000E-02 7.051027268E-01 2.262500097E-02 4.950170888E+01
2.510480000E-02 7.079864249E-01 2.266986370E-02 4.938497817E+01
2.518380000E-02 7.118798620E-01 2.272897038E-02 4.923006059E+01
2.522310000E-02 7.138127046E-01 2.275776124E-02 4.915335546E+01
2.524550000E-02 7.149135425E-01 2.277410401E-02 4.910974233E+01
2.527660000E-02 7.164295602E-01 2.279657871E-02 4.904931834E+01
2.530720000E-02 7.179379655E-01 2.281856155E-02 4.899001075E+01
2.537320000E-02 7.212524279E-01 2.286530760E-02 4.886257941E+01
2.539580000E-02 7.223780766E-01 2.288341723E-02 4.881909607E+01
2.549230000E-02 7.272418618E-01 2.295979452E-02 4.863429349E+01
2.561020000E-02 7.333179992E-01 2.305093245E-02 4.841039898E+01
2.566050000E-02 7.359832819E-01 2.308880648E-02 4.831550437E+01
2.573900000E-02 7.401250377E-01 2.314710711E-02 4.816814950E+01
2.578680000E-02 7.426373170E-01 2.318213495E-02 4.807886205E+01
2.585000000E-02 7.461120873E-01 2.322762897E-02 4.796131528E+01
2.591310000E-02 7.496216929E-01 2.327258353E-02 4.784452651E+01
2.598850000E-02 7.538488753E-01 2.332495738E-02 4.770571599E+01
2.602700000E-02 7.561711777E-01 2.335158333E-02 4.763514812E+01
2.608480000E-02 7.596318851E-01 2.339089997E-02 4.752959578E+01
2.614270000E-02 7.630662169E-01 2.342949337E-02 4.742432878E+01
2.619070000E-02 7.658991591E-01 2.346135762E-02 4.733741366E+01
2.624600000E-02 7.692336454E-01 2.349717148E-02 4.723767431E+01
2.630360000E-02 7.729566636E-01 2.354803358E-02 4.713423258E+01
2.636670000E-02 7.770502017E-01 2.360261595E-02 4.702143234E+01
2.642970000E-02 7.814520167E-01 2.365658827E-02 4.690934820E+01
2.650670000E-02 7.868586310E-01 2.372148623E-02 4.677308001E+01
2.657240000E-02 7.918062400E-01 2.377634238E-02 4.665743403E+01
2.663030000E-02 7.963936187E-01 2.382535244E-02 4.655599073E+01
2.667790000E-02 8.003432368E-01 2.386716994E-02 4.647292328E+01
2.674650000E-02 8.063973208E-01 2.393687484E-02 4.635372853E+01
2.682660000E-02 8.141289761E-01 2.406600032E-02 4.621532360E+01
2.690040000E-02 8.221125817E-01 2.430761830E-02 4.608853400E+01
2.695230000E-02 8.283762402E-01 2.463631295E-02 4.599978481E+01
2.701850000E-02 8.373251108E-01 2.544153823E-02 4.588707737E+01
2.710900000E-02 8.516058432E-01 2.792123121E-02 4.573388911E+01
2.718210000E-02 8.649348798E-01 3.202581045E-02 4.561089835E+01
2.728020000E-02 8.846197751E-01 4.241078181E-02 4.544688089E+01
2.739600000E-02 9.068389555E-01 6.444044294E-02 4.525478172E+01
2.745470000E-02 9.156060709E-01 7.970833914E-02 4.515802394E+01
2.747750000E-02 9.182068722E-01 8.634990784E-02 4.512055318E+01
2.749890000E-02 9.202882803E-01 9.274569005E-02 4.508543978E+01
2.753020000E-02 9.223792365E-01 1.025015375E-01 4.503418065E+01
2.755900000E-02 9.221602207E-01 1.117425375E-01 4.498711855E+01
2.759940000E-02 9.218575720E-01 1.246291178E-01 4.492126640E+01
2.763970000E-02 9.209427989E-01 1.373408190E-01 4.485576906E+01
2.770380000E-02 9.142823636E-01 1.560805791E-01 4.475198348E+01
2.773490000E-02 9.096831307E-01 1.641925746E-01 4.470180170E+01
2.780700000E-02 8.965972403E-01 1.797898755E-01 4.458589564E+01
2.787490000E-02 8.827229611E-01 1.903305135E-01 4.447728960E+01
2.795110000E-02 8.671405403E-01 1.975271688E-01 4.435603608E+01
2.798990000E-02 8.595805450E-01 1.996603000E-01 4.429454911E+01
2.802530000E-02 8.531244959E-01 2.007639634E-01 4.423859869E+01
2.805750000E-02 8.475803412E-01 2.013446129E-01 4.418782857E+01
2.807500000E-02 8.447580462E-01 2.014261541E-01 4.416028495E+01
2.810780000E-02 8.396483973E-01 2.014351381E-01 4.410875273E+01
2.814040000E-02 8.350435147E-01 2.010475369E-01 4.405765376E+01
2.817540000E-02 8.304647522E-01 2.004585510E-01 4.400292454E+01
2.818840000E-02 8.289544079E-01 2.001328589E-01 4.398263115E+01
2.819840000E-02 8.278041623E-01 1.998836177E-01 4.396703359E+01
2.821910000E-02 8.254251053E-01 1.993682846E-01 4.393478176E+01
2.833720000E-02 8.136726589E-01 1.958223517E-01 4.375167624E+01
2.840670000E-02 8.083854125E-01 1.935577470E-01 4.364463313E+01
2.847610000E-02 8.038858853E-01 1.913041103E-01 4.353826542E+01
2.854550000E-02 7.998220672E-01 1.890631818E-01 4.343241492E+01
2.858530000E-02 7.978012869E-01 1.877838223E-01 4.337194292E+01
2.862510000E-02 7.958346963E-01 1.865153244E-01 4.331163909E+01
2.865950000E-02 7.942939741E-01 1.854213307E-01 4.325965212E+01
2.869390000E-02 7.928583084E-01 1.843296824E-01 4.320778981E+01
2.872820000E-02 7.915045656E-01 1.832416477E-01 4.315620192E+01
2.874540000E-02 7.908807418E-01 1.826976989E-01 4.313037912E+01
2.879700000E-02 7.890946474E-01 1.810705140E-01 4.305309581E+01
2.881420000E-02 7.885579340E-01 1.805294072E-01 4.302739621E+01
2.882280000E-02 7.882888136E-01 1.802591597E-01 4.301455792E+01
2.882710000E-02 7.881543880E-01 1.801240148E-01 4.300814164E+01
2.883140000E-02 7.880200520E-01 1.799892024E-01 4.300172728E+01
2.883350000E-02 7.879521822E-01 1.799224474E-01 4.299859538E+01
2.883770000E-02 7.878243020E-01 1.797913280E-01 4.299233295E+01
2.884530000E-02 7.876063416E-01 1.795670359E-01 4.298100557E+01
2.887270000E-02 7.868508514E-01 1.787816732E-01 4.294021688E+01
2.888640000E-02 7.864782079E-01 1.783902467E-01 4.291985156E+01
2.889330000E-02 7.862929267E-01 1.781940356E-01 4.290960188E+01
2.890890000E-02 7.858720744E-01 1.777502451E-01 4.288644673E+01
2.896980000E-02 7.843310625E-01 1.760185556E-01 4.279629131E+01
2.898740000E-02 7.839372505E-01 1.755179457E-01 4.277030710E+01
2.904020000E-02 7.827829818E-01 1.740231274E-01 4.269254344E+01
2.906430000E-02 7.822632880E-01 1.733451434E-01 4.265714296E+01
2.910030000E-02 7.814852794E-01 1.723338324E-01 4.260437178E+01
2.913640000E-02 7.808837882E-01 1.713184311E-01 4.255158496E+01
2.919020000E-02 7.800528280E-01 1.698092167E-01 4.247315880E+01
2.924400000E-02 7.792294601E-01 1.683101911E-01 4.239502120E+01
2.931270000E-02 7.784452277E-01 1.665021188E-01 4.229566024E+01
2.937830000E-02 7.778065396E-01 1.648424815E-01 4.220121654E+01
2.944780000E-02 7.771351010E-01 1.631066523E-01 4.210161710E+01
2.953330000E-02 7.765857750E-01 1.609729721E-01 4.197973135E+01
2.958660000E-02 7.763509848E-01 1.596484264E-01 4.190410524E+01
2.964160000E-02 7.761130412E-01 1.582898552E-01 4.182635215E+01
2.974460000E-02 7.759906971E-01 1.558444280E-01 4.168151530E+01
2.985720000E-02 7.761697280E-01 1.533140425E-01 4.152432244E+01
3.000310000E-02 7.764573778E-01 1.500851894E-01 4.132239669E+01
3.022220000E-02 7.775935703E-01 1.454620362E-01 4.102282428E+01
3.039820000E-02 7.791491623E-01 1.419472158E-01 4.078530966E+01
3.044540000E-02 7.796492821E-01 1.410172808E-01 4.072207953E+01
3.054920000E-02 7.807413589E-01 1.389885795E-01 4.058371414E+01
3.067430000E-02 7.824687298E-01 1.367252490E-01 4.041820025E+01
3.081730000E-02 7.848536381E-01 1.341770074E-01 4.023064967E+01
3.090470000E-02 7.862927398E-01 1.326403712E-01 4.011687543E+01
3.101070000E-02 7.881758124E-01 1.307967743E-01 3.997974893E+01
3.112300000E-02 7.905782115E-01 1.289075783E-01 3.983549144E+01
3.136350000E-02 7.972279790E-01 1.251196886E-01 3.953002694E+01
3.151500000E-02 8.026901306E-01 1.229862440E-01 3.933999683E+01
3.181620000E-02 8.190726446E-01 1.228252910E-01 3.896756998E+01
3.213700000E-02 8.371985542E-01 1.407161081E-01 3.857858543E+01
3.282850000E-02 8.077073068E-01 1.741409044E-01 3.776596555E+01
3.400000000E-02 7.866404907E-01 1.513494607E-01 3.646470588E+01
3.607760000E-02 7.917273300E-01 1.205554847E-01 3.436481362E+01
3.948560000E-02 8.167206062E-01 8.918306655E-02 3.139878842E+01
4.392990000E-02 8.493483874E-01 6.624858039E-02 2.822223588E+01
4.873570000E-02 8.776684954E-01 5.254898208E-02 2.543925705E+01
5.657600000E-02 9.098340579E-01 4.134721634E-02 2.191388575E+01
7.000000000E-02 9.403135921E-01 3.232501217E-02 1.771142857E+01
9.660510000E-02 9.653451960E-01 2.243597797E-02 1.283369097E+01
1.109180000E-01 9.720108272E-01 1.877938459E-02 1.117762672E+01
1.188020000E-01 9.747561122E-01 1.706406549E-02 1.043585125E+01
1.240170000E-01 9.763388162E-01 1.602700779E-02 9.997016538E+00
1.278060000E-01 9.773950722E-01 1.530797688E-02 9.700640033E+00
1.296270000E-01 9.778822343E-01 1.497617587E-02 9.564365449E+00
1.303440000E-01 9.780717442E-01 1.484886988E-02 9.511753514E+00
1.320840000E-01 9.785223431E-01 1.454814617E-02 9.386451046E+00
1.340380000E-01 9.790194026E-01 1.421413285E-02 9.249615781E+00
1.362330000E-01 9.795649047E-01 1.383626124E-02 9.100585027E+00
1.380650000E-01 9.800202029E-01 1.353406875E-02 8.979828342E+00
1.392440000E-01 9.803040765E-01 1.334573894E-02 8.903794778E+00
1.407670000E-01 9.806625472E-01 1.310856121E-02 8.807461976E+00
1.412880000E-01 9.807841192E-01 1.302894662E-02 8.774984429E+00
1.423320000E-01 9.810300024E-01 1.287189283E-02 8.710620240E+00
1.430270000E-01 9.811971216E-01 1.276917406E-02 8.668293399E+00
1.440890000E-01 9.814497545E-01 1.261483294E-02 8.604404222E+00
1.445440000E-01 9.815595321E-01 1.254691355E-02 8.577319017E+00
1.450260000E-01 9.816753299E-01 1.247320441E-02 8.548811937E+00
1.454620000E-01 9.817847097E-01 1.240701791E-02 8.523188187E+00
1.459520000E-01 9.819064060E-01 1.233348504E-02 8.494573558E+00
1.462280000E-01 9.819744414E-01 1.229232583E-02 8.478540362E+00
1.465050000E-01 9.820423383E-01 1.225122170E-02 8.462509812E+00
1.467000000E-01 9.820916529E-01 1.222248830E-02 8.451261077E+00
1.469360000E-01 9.821521353E-01 1.218776061E-02 8.437687156E+00
1.474220000E-01 9.822756817E-01 1.211677996E-02 8.409870983E+00
1.476600000E-01 9.823357447E-01 1.208230943E-02 8.396315861E+00
1.477830000E-01 9.823667191E-01 1.206457963E-02 8.389327595E+00
1.480210000E-01 9.824263360E-01 1.203034973E-02 8.375838563E+00
1.482140000E-01 9.824754178E-01 1.200267776E-02 8.364931788E+00
1.484240000E-01 9.825299740E-01 1.197266014E-02 8.353096534E+00
1.486820000E-01 9.825975874E-01 1.193603151E-02 8.338601848E+00
1.489180000E-01 9.826602023E-01 1.190261369E-02 8.325387126E+00
1.491040000E-01 9.827109189E-01 1.187643465E-02 8.315001610E+00
1.493420000E-01 9.827774109E-01 1.184306668E-02 8.301750345E+00
1.494850000E-01 9.828178871E-01 1.182312599E-02 8.293808743E+00
1.496230000E-01 9.828572873E-01 1.180393224E-02 8.286159213E+00
1.497920000E-01 9.829059610E-01 1.178048952E-02 8.276810511E+00
1.498860000E-01 9.829333572E-01 1.176754515E-02 8.271619764E+00
1.500160000E-01 9.829715632E-01 1.174975101E-02 8.264451792E+00
1.501160000E-01 9.830011452E-01 1.173601938E-02 8.258946415E+00
1.502440000E-01 9.830396678E-01 1.171861501E-02 8.251910226E+00
1.502780000E-01 9.830498286E-01 1.171398264E-02 8.250043253E+00
1.503120000E-01 9.830601732E-01 1.170944887E-02 8.248177125E+00
1.503370000E-01 9.830678140E-01 1.170603273E-02 8.246805510E+00
1.503400000E-01 9.830686809E-01 1.170566114E-02 8.246640947E+00
1.503460000E-01 9.830706057E-01 1.170482244E-02 8.246311841E+00
1.507480000E-01 9.831962366E-01 1.165170063E-02 8.224321384E+00
1.507870000E-01 9.832087286E-01 1.164671934E-02 8.222194221E+00
1.510780000E-01 9.833044921E-01 1.161022512E-02 8.206356981E+00
1.511950000E-01 9.833441191E-01 1.159623251E-02 8.200006614E+00
1.514120000E-01 9.834196258E-01 1.157168708E-02 8.188254564E+00
1.515870000E-01 9.834825189E-01 1.155344615E-02 8.178801612E+00
1.518870000E-01 9.835964934E-01 1.152695549E-02 8.162647231E+00
1.522030000E-01 9.837216097E-01 1.150721192E-02 8.145700150E+00
1.525350000E-01 9.838571123E-01 1.149840095E-02 8.127970630E+00
1.528140000E-01 9.839720676E-01 1.150252479E-02 8.113130996E+00
1.530980000E-01 9.840888071E-01 1.151860241E-02 8.098080968E+00
1.532320000E-01 9.841425701E-01 1.153048481E-02 8.090999269E+00
1.535220000E-01 9.842535699E-01 1.156515237E-02 8.075715533E+00
1.539220000E-01 9.843887401E-01 1.162986477E-02 8.054729019E+00
1.541730000E-01 9.844597079E-01 1.167773713E-02 8.041615588E+00
1.545240000E-01 9.845422605E-01 1.174797613E-02 8.023349124E+00
1.548880000E-01 9.846080752E-01 1.181889753E-02 8.004493570E+00
1.552130000E-01 9.846504056E-01 1.187464434E-02 7.987732986E+00
1.552490000E-01 9.846542069E-01 1.187998364E-02 7.985880746E+00
1.556180000E-01 9.846888928E-01 1.192969247E-02 7.966944698E+00
1.560360000E-01 9.847195284E-01 1.196701713E-02 7.945602297E+00
1.564430000E-01 9.847496764E-01 1.198789520E-02 7.924931125E+00
1.570800000E-01 9.848077960E-01 1.199558258E-02 7.892793481E+00
1.579320000E-01 9.849210328E-01 1.199036526E-02 7.850214016E+00
1.593020000E-01 9.851649742E-01 1.204492402E-02 7.782702038E+00
1.615170000E-01 9.853586443E-01 1.235407086E-02 7.675972189E+00
1.645560000E-01 9.852108670E-01 1.242582689E-02 7.534213277E+00
1.685000000E-01 9.850830460E-01 1.217843926E-02 7.357863501E+00
1.752870000E-01 9.850030090E-01 1.128947382E-02 7.072971755E+00
1.931580000E-01 9.862181242E-01 8.529588695E-03 6.418579608E+00
2.178370000E-01 9.886803299E-01 6.126897302E-03 5.691411468E+00
2.560000000E-01 9.915782988E-01 4.253441398E-03 4.842968750E+00
2.732630000E-01 9.926162687E-01 3.711596949E-03 4.537021112E+00
2.769810000E-01 9.928717111E-01 3.623576190E-03 4.476119301E+00
2.796830000E-01 9.930753936E-01 3.631701568E-03 4.432875792E+00
2.865510000E-01 9.932452776E-01 3.681023927E-03 4.326629466E+00
3.115420000E-01 9.940279901E-01 3.118021310E-03 3.979559738E+00
3.241180000E-01 9.943682591E-01 2.948616946E-03 3.825150100E+00
3.827810000E-01 9.956979749E-01 2.089439213E-03 3.238927742E+00
3.919530000E-01 9.958688775E-01 2.047750999E-03 3.163134355E+00
4.786300000E-01 9.969574954E-01 1.319407271E-03 2.590309843E+00
6.404300000E-01 9.981678628E-01 6.468111152E-04 1.935886826E+00
8.252060000E-01 9.988796715E-01 3.322197833E-04 1.502412731E+00
9.939020000E-01 9.992662904E-01 1.979615627E-04 1.247406686E+00
1.101220000E+00 9.994564780E-01 1.475162489E-04 1.125842248E+00
1.158110000E+00 9.995600892E-01 1.274128433E-04 1.070537341E+00
1.193640000E+00 9.996385222E-01 1.165993921E-04 1.038671626E+00
1.208720000E+00 9.996828842E-01 1.124326199E-04 1.025713151E+00
1.210980000E+00 9.996908302E-01 1.118894599E-04 1.023798907E+00
1.216940000E+00 9.997151525E-01 1.110533655E-04 1.018784821E+00
1.220290000E+00 9.997311976E-01 1.115538894E-04 1.015988003E+00
1.223320000E+00 9.997474950E-01 1.133534781E-04 1.013471536E+00
1.227040000E+00 9.997697362E-01 1.185490763E-04 1.010399009E+00
1.235680000E+00 9.998257456E-01 1.524241026E-04 1.003334197E+00
1.239400000E+00 9.998453054E-01 1.780226087E-04 1.000322737E+00
1.242090000E+00 9.998549382E-01 1.996938641E-04 9.981563333E-01
1.245130000E+00 9.998589719E-01 2.254526444E-04 9.957193225E-01
1.247930000E+00 9.998612257E-01 2.486355975E-04 9.934852115E-01
1.252940000E+00 9.998524042E-01 2.844504844E-04 9.895126662E-01
1.257290000E+00 9.998397175E-01 3.068081333E-04 9.860891282E-01
1.261940000E+00 9.998270347E-01 3.226837196E-04 9.824555843E-01
1.268030000E+00 9.998159130E-01 3.384828300E-04 9.777371198E-01
1.273580000E+00 9.998096129E-01 3.540050238E-04 9.734763423E-01
1.277170000E+00 9.998039814E-01 3.659429433E-04 9.707399955E-01
1.283490000E+00 9.997901186E-01 3.866620336E-04 9.659599997E-01
1.289230000E+00 9.997723267E-01 4.013794785E-04 9.616592850E-01
1.294470000E+00 9.997541848E-01 4.090515867E-04 9.577664990E-01
1.300780000E+00 9.997337027E-01 4.123168222E-04 9.531204354E-01
1.321270000E+00 9.996906650E-01 4.068090120E-04 9.383396278E-01
1.365290000E+00 9.996439090E-01 3.838131028E-04 9.080854617E-01
1.427410000E+00 9.996158080E-01 3.413339565E-04 8.685661443E-01
1.487380000E+00 9.996136776E-01 2.983333564E-04 8.335462357E-01
1.548550000E+00 9.996297439E-01 2.599357642E-04 8.006199348E-01
1.572050000E+00 9.996430439E-01 2.480902367E-04 7.886517604E-01
1.594370000E+00 9.996586666E-01 2.505625648E-04 7.776112195E-01
1.611150000E+00 9.996568409E-01 2.567925558E-04 7.695124600E-01
1.640350000E+00 9.996493683E-01 2.469655946E-04 7.558143079E-01
1.697550000E+00 9.996558402E-01 2.206181667E-04 7.303466761E-01
1.735200000E+00 9.996670349E-01 2.064950636E-04 7.144997695E-01
1.763130000E+00 9.996737017E-01 2.033919156E-04 7.031812742E-01
1.811900000E+00 9.996773650E-01 1.889766770E-04 6.842540979E-01
1.888910000E+00 9.996928930E-01 1.649041261E-04 6.563573701E-01
1.942410000E+00 9.997064727E-01 1.547451139E-04 6.382792510E-01
1.998970000E+00 9.997138014E-01 1.430373998E-04 6.202194130E-01
2.099090000E+00 9.997317582E-01 1.218175707E-04 5.906368950E-01
2.254530000E+00 9.997596485E-01 9.615400356E-05 5.499150599E-01
2.440620000E+00 9.997895495E-01 7.378154078E-05 5.079856758E-01
2.663600000E+00 9.998198285E-01 5.497875976E-05 4.654602793E-01
2.909040000E+00 9.998469045E-01 4.070342482E-05 4.261887083E-01
3.174820000E+00 9.998704096E-01 3.013755093E-05 3.905103281E-01
3.565170000E+00 9.998966777E-01 2.018786037E-05 3.477534031E-01
4.012530000E+00 9.999183678E-01 1.336325329E-05 3.089821135E-01
4.657200000E+00 9.999396679E-01 7.917022826E-06 2.662114575E-01
5.370320000E+00 9.999550789E-01 4.778917979E-06 2.308614757E-01
6.095440000E+00 9.999656769E-01 3.041493517E-06 2.033979499E-01
6.615260000E+00 9.999713765E-01 2.267251666E-06 1.874151583E-01
6.983330000E+00 9.999748471E-01 1.866647265E-06 1.775370776E-01
7.191010000E+00 9.999767537E-01 1.679100444E-06 1.724097171E-01
7.319170000E+00 9.999780540E-01 1.579080885E-06 1.693907916E-01
7.372390000E+00 9.999787210E-01 1.577769308E-06 1.681679889E-01
7.404300000E+00 9.999791875E-01 1.647843013E-06 1.674432424E-01
7.434430000E+00 9.999796517E-01 1.817884544E-06 1.667646343E-01
7.469060000E+00 9.999801304E-01 2.172954904E-06 1.659914367E-01
7.505210000E+00 9.999804227E-01 2.675696570E-06 1.651919134E-01
7.547870000E+00 9.999805021E-01 3.238209743E-06 1.642582609E-01
7.592640000E+00 9.999803503E-01 3.582114401E-06 1.632897121E-01
7.673620000E+00 9.999801728E-01 3.653861927E-06 1.615665097E-01
7.762470000E+00 9.999802909E-01 3.522791658E-06 1.597172034E-01
7.914760000E+00 9.999807946E-01 3.286992825E-06 1.566440423E-01
8.062350000E+00 9.999814744E-01 3.074619638E-06 1.537765044E-01
8.152320000E+00 9.999820342E-01 3.012360659E-06 1.520794081E-01
8.221010000E+00 9.999824996E-01 3.155396730E-06 1.508087206E-01
8.287390000E+00 9.999827547E-01 3.438596611E-06 1.496007790E-01
8.363060000E+00 9.999827951E-01 3.611099282E-06 1.482471727E-01
8.463790000E+00 9.999829150E-01 3.532382541E-06 1.464828404E-01
8.572600000E+00 9.999832583E-01 3.418292493E-06 1.446235681E-01
8.675010000E+00 9.999835940E-01 3.487196478E-06 1.429162618E-01
8.788330000E+00 9.999837439E-01 3.537760776E-06 1.410734463E-01
8.903030000E+00 9.999839155E-01 3.408952473E-06 1.392559612E-01
9.093600000E+00 9.999843329E-01 3.163748236E-06 1.363376441E-01
9.356540000E+00 9.999849805E-01 2.860871371E-06 1.325062470E-01
9.713270000E+00 9.999858599E-01 2.505090517E-06 1.276398165E-01
1.009030000E+01 9.999867554E-01 2.186257141E-06 1.228704796E-01
1.049450000E+01 9.999876491E-01 1.899744836E-06 1.181380723E-01
1.090840000E+01 9.999884913E-01 1.653143102E-06 1.136555315E-01
1.135040000E+01 9.999893119E-01 1.432379459E-06 1.092296307E-01
1.182740000E+01 9.999901121E-01 1.234005300E-06 1.048243908E-01
1.230050000E+01 9.999908273E-01 1.070325670E-06 1.007926507E-01
1.287110000E+01 9.999915975E-01 9.078809028E-07 9.632432348E-02
1.343240000E+01 9.999922685E-01 7.774741145E-07 9.229921682E-02
1.392360000E+01 9.999927942E-01 6.823374384E-07 8.904306358E-02
1.449150000E+01 9.999933398E-01 5.899103600E-07 8.555360039E-02
1.492910000E+01 9.999937201E-01 5.289039063E-07 8.304586345E-02
1.544860000E+01 9.999941321E-01 4.663944887E-07 8.025322683E-02
1.614360000E+01 9.999946240E-01 3.968460052E-07 7.679823583E-02
1.660770000E+01 9.999949197E-01 3.576040409E-07 7.465211920E-02
1.714200000E+01 9.999952314E-01 3.182493750E-07 7.232528293E-02
1.784190000E+01 9.999955986E-01 2.746270266E-07 6.948811506E-02
1.861350000E+01 9.999959571E-01 2.348332495E-07 6.660756977E-02
1.968170000E+01 9.999963861E-01 1.909328726E-07 6.299252605E-02
2.144330000E+01 9.999969592E-01 1.388588058E-07 5.781759337E-02
2.437440000E+01 9.999976520E-01 8.612430663E-08 5.086484180E-02
2.763820000E+01 9.999981790E-01 5.378232374E-08 4.485820350E-02
3.148920000E+01 9.999986018E-01 3.292784845E-08 3.937222921E-02
3.579340000E+01 9.999989219E-01 2.030302953E-08 3.463767063E-02
4.063460000E+01 9.999991674E-01 1.256140139E-08 3.051094388E-02
4.452680000E+01 9.999993101E-01 8.871862048E-09 2.784390524E-02
4.714940000E+01 9.999993879E-01 7.139235960E-09 2.629513843E-02
4.891040000E+01 9.999994342E-01 6.211149141E-09 2.534839216E-02
5.008660000E+01 9.999994637E-01 5.672807561E-09 2.475312758E-02
5.078900000E+01 9.999994817E-01 5.414473246E-09 2.441079761E-02
5.107840000E+01 9.999994897E-01 5.524235814E-09 2.427249092E-02
5.125720000E+01 9.999994950E-01 5.910457420E-09 2.418782142E-02
5.139690000E+01 9.999994993E-01 6.550506923E-09 2.412207740E-02
5.154460000E+01 9.999995039E-01 7.692873648E-09 2.405295608E-02
5.170200000E+01 9.999995087E-01 9.532870105E-09 2.397972999E-02
5.189080000E+01 9.999995137E-01 1.252796127E-08 2.389248190E-02
5.220230000E+01 9.999995194E-01 1.820425648E-08 2.374991140E-02
5.246530000E+01 9.999995219E-01 2.204057666E-08 2.363085697E-02
5.272760000E+01 9.999995235E-01 2.409653569E-08 2.351330233E-02
5.311990000E+01 9.999995265E-01 2.471757689E-08 2.333965237E-02
5.369480000E+01 9.999995330E-01 2.398902545E-08 2.308975916E-02
5.444940000E+01 9.999995430E-01 2.282402222E-08 2.276976422E-02
5.559040000E+01 9.999995590E-01 2.118747826E-08 2.230241193E-02
5.712530000E+01 9.999995801E-01 1.924097021E-08 2.170316830E-02
5.886920000E+01 9.999996028E-01 1.724222305E-08 2.106024882E-02
6.100590000E+01 9.999996288E-01 1.513707652E-08 2.032262453E-02
6.366580000E+01 9.999996581E-01 1.294999886E-08 1.947356351E-02
6.671530000E+01 9.999996878E-01 1.093071634E-08 1.858344338E-02
6.963490000E+01 9.999997129E-01 9.353860355E-09 1.780429066E-02
7.339440000E+01 9.999997411E-01 7.716877654E-09 1.689229696E-02
7.720450000E+01 9.999997657E-01 6.401768988E-09 1.605864943E-02
8.151260000E+01 9.999997897E-01 5.235758011E-09 1.520991847E-02
8.675690000E+01 9.999998142E-01 4.154163296E-09 1.429050600E-02
9.193380000E+01 9.999998345E-01 3.349882673E-09 1.348579086E-02
9.933660000E+01 9.999998582E-01 2.509625820E-09 1.248079761E-02
1.084660000E+02 9.999998810E-01 1.804421665E-09 1.143030996E-02
1.216360000E+02 9.999999054E-01 1.174376691E-09 1.019270611E-02
1.379270000E+02 9.999999265E-01 7.306682802E-10 8.988812923E-03
1.564480000E+02 9.999999429E-01 4.542984796E-10 7.924677848E-03
1.775810000E+02 9.999999557E-01 2.817445173E-10 6.981602762E-03
2.013570000E+02 9.999999656E-01 1.754663964E-10 6.157223240E-03
2.269500000E+02 9.999999729E-01 1.118947390E-10 5.462877286E-03
2.578970000E+02 9.999999790E-01 6.945297106E-11 4.807345568E-03
2.926340000E+02 9.999999837E-01 4.343915041E-11 4.236691567E-03
3.328030000E+02 9.999999874E-01 2.714063163E-11 3.725326995E-03
3.769210000E+02 9.999999902E-01 1.730223196E-11 3.289283431E-03
4.279700000E+02 9.999999924E-01 1.100558617E-11 2.896932028E-03
4.873180000E+02 9.999999941E-01 6.984299918E-12 2.544129295E-03
5.585100000E+02 9.999999955E-01 4.376896067E-12 2.219834918E-03
6.456540000E+02 9.999999967E-01 2.693396452E-12 1.920223525E-03
7.507390000E+02 9.999999975E-01 1.649409389E-12 1.651439448E-03
8.810490000E+02 9.999999982E-01 9.942691152E-13 1.407186206E-03
1.023480000E+03 9.999999987E-01 6.307108109E-13 1.211357330E-03
1.228710000E+03 9.999999991E-01 3.574436419E-13 1.009025726E-03
1.477240000E+03 9.999999994E-01 2.016778521E-13 8.392678238E-04
1.776030000E+03 9.999999996E-01 1.137927272E-13 6.980737938E-04
2.135260000E+03 9.999999997E-01 6.420481722E-14 5.806318668E-04
2.567150000E+03 9.999999998E-01 3.622599734E-14 4.829480163E-04
3.086390000E+03 9.999999999E-01 2.043969048E-14 4.016990724E-04
3.710660000E+03 9.999999999E-01 1.153260774E-14 3.341184587E-04
4.461190000E+03 9.999999999E-01 6.507023931E-15 2.779079125E-04
5.363530000E+03 1.000000000E+00 3.671441057E-15 2.311537364E-04
6.448380000E+03 1.000000000E+00 2.071524270E-15 1.922653442E-04
7.752660000E+03 1.000000000E+00 1.168808559E-15 1.599193051E-04
9.320750000E+03 1.000000000E+00 6.594724626E-16 1.330150471E-04
1.000000000E+04 0.000000000E+00 0.000000000E+00 1.239800000E-04
