# 11/08/2021 
# Data retrieved from www.chemicool.com/densities.html 
# Includes the real (n) and complex (k) part of the  refractive index. 
# Element, Th  (Z = 90) 
# Nominal density, g cm-3 =  19.9 
#    E [keV]      n       k    Wavelength [nm] 
1.000000000E-03 -3.158855164E+03 3.523412303E-01 1.239800000E+03
1.004800000E-03 -7.018380432E+02 0.000000000E+00 1.233877389E+03
1.007210000E-03 -6.984716189E+02 0.000000000E+00 1.230925031E+03
1.009660000E-03 -6.950706406E+02 0.000000000E+00 1.227938118E+03
1.012130000E-03 -6.916704558E+02 0.000000000E+00 1.224941460E+03
1.019510000E-03 -6.816546078E+02 0.000000000E+00 1.216074389E+03
1.021970000E-03 -6.783618789E+02 0.000000000E+00 1.213147157E+03
1.024430000E-03 -6.750962599E+02 0.000000000E+00 1.210233984E+03
1.026890000E-03 -6.718540977E+02 0.000000000E+00 1.207334768E+03
1.029350000E-03 -6.686318092E+02 0.000000000E+00 1.204449410E+03
1.031810000E-03 -6.654359084E+02 0.000000000E+00 1.201577810E+03
1.036730000E-03 -6.591089570E+02 0.000000000E+00 1.195875493E+03
1.039200000E-03 -6.559681609E+02 0.000000000E+00 1.193033102E+03
1.041660000E-03 -6.528589692E+02 0.000000000E+00 1.190215617E+03
1.044120000E-03 -6.497750177E+02 0.000000000E+00 1.187411409E+03
1.046580000E-03 -6.467095513E+02 0.000000000E+00 1.184620383E+03
1.049040000E-03 -6.436688823E+02 0.000000000E+00 1.181842446E+03
1.205900000E-03 -4.864912238E+02 0.000000000E+00 1.028111784E+03
1.323540000E-03 -4.034515684E+02 0.000000000E+00 9.367302839E+02
1.500010000E-03 -3.136146935E+02 0.000000000E+00 8.265278231E+02
1.676480000E-03 -2.506499683E+02 0.000000000E+00 7.395256728E+02
1.680600000E-03 -2.494125958E+02 0.000000000E+00 7.377127216E+02
1.684730000E-03 -2.481813445E+02 0.000000000E+00 7.359042695E+02
1.688850000E-03 -2.469620637E+02 0.000000000E+00 7.341090091E+02
1.692980000E-03 -2.457487709E+02 0.000000000E+00 7.323181609E+02
1.697110000E-03 -2.445443371E+02 0.000000000E+00 7.305360289E+02
1.701230000E-03 -2.433515491E+02 0.000000000E+00 7.287668334E+02
1.705360000E-03 -2.421645559E+02 0.000000000E+00 7.270019233E+02
1.709490000E-03 -2.409861671E+02 0.000000000E+00 7.252455411E+02
1.713610000E-03 -2.398191105E+02 0.000000000E+00 7.235018470E+02
1.717740000E-03 -2.386576627E+02 0.000000000E+00 7.217623156E+02
1.721870000E-03 -2.375045737E+02 0.000000000E+00 7.200311289E+02
1.725990000E-03 -2.363625142E+02 0.000000000E+00 7.183123888E+02
1.730120000E-03 -2.352258845E+02 0.000000000E+00 7.165976926E+02
1.738370000E-03 -2.329796061E+02 0.000000000E+00 7.131968453E+02
1.742500000E-03 -2.318670929E+02 0.000000000E+00 7.115064562E+02
1.746630000E-03 -2.307624733E+02 0.000000000E+00 7.098240612E+02
1.750750000E-03 -2.296683078E+02 0.000000000E+00 7.081536484E+02
1.754880000E-03 -2.285792341E+02 0.000000000E+00 7.064870532E+02
1.759000000E-03 -2.275004315E+02 0.000000000E+00 7.048322911E+02
1.860740000E-03 -2.030952657E+02 0.000000000E+00 6.662940551E+02
2.013350000E-03 -1.731869102E+02 0.000000000E+00 6.157896044E+02
2.089650000E-03 -1.605855298E+02 0.000000000E+00 5.933050989E+02
2.165960000E-03 -1.492940522E+02 0.000000000E+00 5.724020758E+02
2.171290000E-03 -1.485495336E+02 0.000000000E+00 5.709969649E+02
2.176620000E-03 -1.478112478E+02 0.000000000E+00 5.695987357E+02
2.181950000E-03 -1.470776344E+02 0.000000000E+00 5.682073375E+02
2.187280000E-03 -1.463493957E+02 0.000000000E+00 5.668227205E+02
2.192610000E-03 -1.456264794E+02 0.000000000E+00 5.654448352E+02
2.197950000E-03 -1.449082431E+02 0.000000000E+00 5.640710662E+02
2.203280000E-03 -1.441958235E+02 0.000000000E+00 5.627065103E+02
2.208610000E-03 -1.434885731E+02 0.000000000E+00 5.613485405E+02
2.213940000E-03 -1.427864421E+02 0.000000000E+00 5.599971092E+02
2.219270000E-03 -1.420901043E+02 0.000000000E+00 5.586521694E+02
2.224600000E-03 -1.413980618E+02 0.000000000E+00 5.573136744E+02
2.229930000E-03 -1.407109929E+02 0.000000000E+00 5.559815779E+02
2.235260000E-03 -1.400288502E+02 0.000000000E+00 5.546558342E+02
2.245930000E-03 -1.386786182E+02 0.000000000E+00 5.520207665E+02
2.251260000E-03 -1.380109803E+02 0.000000000E+00 5.507138225E+02
2.256590000E-03 -1.373480841E+02 0.000000000E+00 5.494130524E+02
2.261920000E-03 -1.366905811E+02 0.000000000E+00 5.481184127E+02
2.267250000E-03 -1.360370317E+02 0.000000000E+00 5.468298600E+02
2.272580000E-03 -1.353880915E+02 0.000000000E+00 5.455473515E+02
2.310520000E-03 -1.308997148E+02 0.000000000E+00 5.365891661E+02
2.316210000E-03 -1.302451611E+02 0.000000000E+00 5.352709815E+02
2.321890000E-03 -1.295972168E+02 0.000000000E+00 5.339615572E+02
2.327580000E-03 -1.289522525E+02 0.000000000E+00 5.326562352E+02
2.333270000E-03 -1.283126726E+02 0.000000000E+00 5.313572797E+02
2.338950000E-03 -1.276788710E+02 0.000000000E+00 5.300669104E+02
2.344640000E-03 -1.270479458E+02 0.000000000E+00 5.287805377E+02
2.350330000E-03 -1.264222591E+02 0.000000000E+00 5.275003936E+02
2.356020000E-03 -1.258004744E+02 0.000000000E+00 5.262264327E+02
2.361700000E-03 -1.251849022E+02 0.000000000E+00 5.249608333E+02
2.367390000E-03 -1.245727100E+02 0.000000000E+00 5.236990948E+02
2.373080000E-03 -1.239642991E+02 0.000000000E+00 5.224434069E+02
2.378760000E-03 -1.233619403E+02 0.000000000E+00 5.211959172E+02
2.384450000E-03 -1.227622317E+02 0.000000000E+00 5.199521902E+02
2.395830000E-03 -1.215768972E+02 0.000000000E+00 5.174824591E+02
2.401510000E-03 -1.209909596E+02 0.000000000E+00 5.162585207E+02
2.407200000E-03 -1.204087866E+02 0.000000000E+00 5.150382187E+02
2.412890000E-03 -1.198301302E+02 0.000000000E+00 5.138236720E+02
2.418570000E-03 -1.192571720E+02 0.000000000E+00 5.126169596E+02
2.424260000E-03 -1.186866575E+02 0.000000000E+00 5.114137923E+02
2.500000000E-03 -1.114658444E+02 0.000000000E+00 4.959200000E+02
2.534530000E-03 -1.083801659E+02 0.000000000E+00 4.891636714E+02
2.569970000E-03 -1.053422046E+02 0.000000000E+00 4.824180827E+02
2.596550000E-03 -1.031455412E+02 0.000000000E+00 4.774797327E+02
2.616490000E-03 -1.015413421E+02 0.000000000E+00 4.738409090E+02
2.646390000E-03 -9.920377050E+01 0.000000000E+00 4.684872600E+02
2.661340000E-03 -9.806456042E+01 0.000000000E+00 4.658555465E+02
2.668820000E-03 -9.750203689E+01 0.000000000E+00 4.645498760E+02
2.676300000E-03 -9.694424566E+01 0.000000000E+00 4.632515039E+02
2.682880000E-03 -9.645698133E+01 0.000000000E+00 4.621153387E+02
2.689470000E-03 -9.597307827E+01 0.000000000E+00 4.609830190E+02
2.696060000E-03 -9.549224627E+01 0.000000000E+00 4.598562347E+02
2.702650000E-03 -9.501543258E+01 0.000000000E+00 4.587349453E+02
2.709230000E-03 -9.454233095E+01 0.000000000E+00 4.576208000E+02
2.715820000E-03 -9.407246411E+01 0.000000000E+00 4.565103726E+02
2.722410000E-03 -9.360554120E+01 0.000000000E+00 4.554053210E+02
2.729000000E-03 -9.314249224E+01 0.000000000E+00 4.543056064E+02
2.735580000E-03 -9.268301098E+01 0.000000000E+00 4.532128470E+02
2.742170000E-03 -9.222664405E+01 0.000000000E+00 4.521236831E+02
2.748760000E-03 -9.177310017E+01 0.000000000E+00 4.510397416E+02
2.752050000E-03 -9.154812673E+01 0.000000000E+00 4.505005360E+02
2.756990000E-03 -9.121161419E+01 0.000000000E+00 4.496933250E+02
2.759460000E-03 -9.104427249E+01 0.000000000E+00 4.492908033E+02
2.761930000E-03 -9.087691488E+01 0.000000000E+00 4.488890015E+02
2.763580000E-03 -9.076583857E+01 0.000000000E+00 4.486209916E+02
2.766050000E-03 -9.059923138E+01 0.000000000E+00 4.482203865E+02
2.768520000E-03 -9.043353688E+01 0.000000000E+00 4.478204961E+02
2.771810000E-03 -9.021336774E+01 0.000000000E+00 4.472889556E+02
2.773460000E-03 -9.010301837E+01 0.000000000E+00 4.470228523E+02
2.775110000E-03 -8.999286691E+01 0.000000000E+00 4.467570655E+02
2.780050000E-03 -8.966516860E+01 0.000000000E+00 4.459632021E+02
2.781690000E-03 -8.955645273E+01 0.000000000E+00 4.457002757E+02
2.788280000E-03 -8.912203539E+01 0.000000000E+00 4.446468791E+02
2.794870000E-03 -8.869115929E+01 0.000000000E+00 4.435984500E+02
2.800000000E-03 -8.835781091E+01 0.000000000E+00 4.427857143E+02
2.808040000E-03 -8.783871602E+01 0.000000000E+00 4.415179271E+02
2.813790000E-03 -8.747015596E+01 0.000000000E+00 4.406156821E+02
2.820680000E-03 -8.703176396E+01 0.000000000E+00 4.395394018E+02
2.827570000E-03 -8.659658916E+01 0.000000000E+00 4.384683668E+02
2.834460000E-03 -8.616460021E+01 0.000000000E+00 4.374025388E+02
2.841350000E-03 -8.573576608E+01 0.000000000E+00 4.363418797E+02
2.848240000E-03 -8.531005632E+01 0.000000000E+00 4.352863523E+02
2.855140000E-03 -8.488683900E+01 0.000000000E+00 4.342343983E+02
2.862030000E-03 -8.446685735E+01 0.000000000E+00 4.331890302E+02
2.868920000E-03 -8.405034717E+01 0.000000000E+00 4.321486831E+02
2.875810000E-03 -8.363684263E+01 0.000000000E+00 4.311133211E+02
2.882700000E-03 -8.322631495E+01 0.000000000E+00 4.300829084E+02
2.889600000E-03 -8.281815554E+01 0.000000000E+00 4.290559247E+02
2.896490000E-03 -8.241350075E+01 0.000000000E+00 4.280353117E+02
2.903380000E-03 -8.201173849E+01 0.000000000E+00 4.270195427E+02
2.910270000E-03 -8.161242097E+01 0.000000000E+00 4.260085834E+02
2.917160000E-03 -8.121636378E+01 0.000000000E+00 4.250023996E+02
2.921880000E-03 -8.094678362E+01 0.000000000E+00 4.243158514E+02
2.924050000E-03 -8.082311778E+01 0.000000000E+00 4.240009576E+02
2.936270000E-03 -8.013233160E+01 0.000000000E+00 4.222363747E+02
2.943460000E-03 -7.972987621E+01 0.000000000E+00 4.212049765E+02
2.950650000E-03 -7.933078417E+01 0.000000000E+00 4.201786047E+02
2.957840000E-03 -7.893420692E+01 0.000000000E+00 4.191572228E+02
2.961440000E-03 -7.873673730E+01 0.000000000E+00 4.186476849E+02
2.965030000E-03 -7.854052697E+01 0.000000000E+00 4.181407945E+02
2.968630000E-03 -7.834449742E+01 0.000000000E+00 4.176337233E+02
2.972220000E-03 -7.814971623E+01 0.000000000E+00 4.171292838E+02
2.975820000E-03 -7.795511281E+01 0.000000000E+00 4.166246614E+02
2.979420000E-03 -7.776121828E+01 0.000000000E+00 4.161212585E+02
2.984810000E-03 -7.747262351E+01 0.000000000E+00 4.153698225E+02
2.988410000E-03 -7.728048330E+01 0.000000000E+00 4.148694456E+02
2.991100000E-03 -7.713735817E+01 0.000000000E+00 4.144963391E+02
2.992450000E-03 -7.706568025E+01 0.000000000E+00 4.143093452E+02
2.993130000E-03 -7.702941843E+01 0.000000000E+00 4.142152195E+02
2.993460000E-03 -7.701221541E+01 0.000000000E+00 4.141695563E+02
2.993630000E-03 -7.700295820E+01 0.000000000E+00 4.141460368E+02
2.993910000E-03 -7.698836870E+01 0.000000000E+00 4.141073045E+02
2.994130000E-03 -7.697651125E+01 0.000000000E+00 4.140768771E+02
3.000990000E-03 -7.661449374E+01 0.000000000E+00 4.131303337E+02
3.002790000E-03 -7.651949645E+01 0.000000000E+00 4.128826858E+02
3.008180000E-03 -7.623683455E+01 0.000000000E+00 4.121428904E+02
3.011780000E-03 -7.604876893E+01 0.000000000E+00 4.116502533E+02
3.015380000E-03 -7.586138074E+01 0.000000000E+00 4.111587926E+02
3.018970000E-03 -7.567517463E+01 0.000000000E+00 4.106698642E+02
3.022570000E-03 -7.548912968E+01 0.000000000E+00 4.101807402E+02
3.026160000E-03 -7.530425678E+01 0.000000000E+00 4.096941338E+02
3.029760000E-03 -7.511954235E+01 0.000000000E+00 4.092073300E+02
3.036950000E-03 -7.475259337E+01 0.000000000E+00 4.082385288E+02
3.044140000E-03 -7.438864205E+01 0.000000000E+00 4.072743041E+02
3.051330000E-03 -7.402689346E+01 0.000000000E+00 4.063146235E+02
3.062120000E-03 -7.348882794E+01 0.000000000E+00 4.048828916E+02
3.065720000E-03 -7.331058046E+01 0.000000000E+00 4.044074475E+02
3.068850000E-03 -7.315605080E+01 0.000000000E+00 4.039949818E+02
3.074900000E-03 -7.285812584E+01 0.000000000E+00 4.032001041E+02
3.080580000E-03 -7.257963847E+01 0.000000000E+00 4.024566802E+02
3.091230000E-03 -7.206159126E+01 0.000000000E+00 4.010701242E+02
3.100550000E-03 -7.161264712E+01 0.000000000E+00 3.998645402E+02
3.116860000E-03 -7.083710457E+01 0.000000000E+00 3.977721168E+02
3.129090000E-03 -7.026319921E+01 0.000000000E+00 3.962174306E+02
3.147430000E-03 -6.941571306E+01 0.000000000E+00 3.939086811E+02
3.165780000E-03 -6.858223046E+01 0.000000000E+00 3.916254446E+02
3.173570000E-03 -6.823291911E+01 0.000000000E+00 3.906641416E+02
3.181360000E-03 -6.788619056E+01 0.000000000E+00 3.897075465E+02
3.189150000E-03 -6.754166934E+01 0.000000000E+00 3.887556245E+02
3.196950000E-03 -6.719960574E+01 0.000000000E+00 3.878071287E+02
3.198900000E-03 -6.711439661E+01 0.000000000E+00 3.875707274E+02
3.204740000E-03 -6.686047967E+01 0.000000000E+00 3.868644570E+02
3.206690000E-03 -6.677589488E+01 0.000000000E+00 3.866292033E+02
3.209610000E-03 -6.664951980E+01 0.000000000E+00 3.862774605E+02
3.212530000E-03 -6.652383696E+01 0.000000000E+00 3.859263571E+02
3.216430000E-03 -6.635605784E+01 0.000000000E+00 3.854584120E+02
3.220320000E-03 -6.618965348E+01 0.000000000E+00 3.849927957E+02
3.224220000E-03 -6.602309739E+01 0.000000000E+00 3.845271104E+02
3.228120000E-03 -6.585714957E+01 0.000000000E+00 3.840625503E+02
3.235910000E-03 -6.552781818E+01 0.000000000E+00 3.831379736E+02
3.243700000E-03 -6.520087541E+01 0.000000000E+00 3.822178377E+02
3.251490000E-03 -6.487629832E+01 0.000000000E+00 3.813021107E+02
3.259280000E-03 -6.455372910E+01 0.000000000E+00 3.803907611E+02
3.267080000E-03 -6.423341795E+01 0.000000000E+00 3.794825961E+02
3.274870000E-03 -6.391580746E+01 0.000000000E+00 3.785799131E+02
3.282660000E-03 -6.360047354E+01 0.000000000E+00 3.776815144E+02
3.290450000E-03 -6.328739454E+01 0.000000000E+00 3.767873695E+02
3.298250000E-03 -6.297583387E+01 0.000000000E+00 3.758963086E+02
3.306040000E-03 -6.266720526E+01 0.000000000E+00 3.750105867E+02
3.313830000E-03 -6.236076817E+01 0.000000000E+00 3.741290289E+02
3.321620000E-03 -6.205650204E+01 0.000000000E+00 3.732516061E+02
3.355880000E-03 -6.074303031E+01 0.000000000E+00 3.694411004E+02
3.381580000E-03 -5.978443977E+01 0.000000000E+00 3.666333489E+02
3.400850000E-03 -5.907969945E+01 0.000000000E+00 3.645559198E+02
3.415310000E-03 -5.855891126E+01 0.000000000E+00 3.630124352E+02
3.436990000E-03 -5.779061483E+01 0.000000000E+00 3.607226090E+02
3.458670000E-03 -5.703654373E+01 0.000000000E+00 3.584614895E+02
3.467180000E-03 -5.674459416E+01 0.000000000E+00 3.575816658E+02
3.475700000E-03 -5.645417917E+01 0.000000000E+00 3.567051241E+02
3.484210000E-03 -5.616653221E+01 0.000000000E+00 3.558338906E+02
3.492720000E-03 -5.588100307E+01 0.000000000E+00 3.549669026E+02
3.501230000E-03 -5.559669978E+01 0.000000000E+00 3.541041291E+02
3.504350000E-03 -5.549277693E+01 0.000000000E+00 3.537888624E+02
3.507470000E-03 -5.538913412E+01 0.000000000E+00 3.534741566E+02
3.512860000E-03 -5.521074229E+01 0.000000000E+00 3.529317992E+02
3.524730000E-03 -5.482074905E+01 0.000000000E+00 3.517432541E+02
3.533370000E-03 -5.453925002E+01 0.000000000E+00 3.508831512E+02
3.542000000E-03 -5.426014202E+01 0.000000000E+00 3.500282326E+02
3.550630000E-03 -5.398337050E+01 0.000000000E+00 3.491774699E+02
3.554150000E-03 -5.387085019E+01 0.000000000E+00 3.488316475E+02
3.559410000E-03 -5.370373830E+01 0.000000000E+00 3.483161535E+02
3.564680000E-03 -5.353678693E+01 0.000000000E+00 3.478012052E+02
3.571270000E-03 -5.332900133E+01 0.000000000E+00 3.471594139E+02
3.574560000E-03 -5.322597419E+01 0.000000000E+00 3.468398908E+02
3.577850000E-03 -5.312295581E+01 0.000000000E+00 3.465209553E+02
3.584240000E-03 -5.292377225E+01 0.000000000E+00 3.459031761E+02
3.585300000E-03 -5.289106074E+01 0.000000000E+00 3.458009093E+02
3.587430000E-03 -5.282487199E+01 0.000000000E+00 3.455955935E+02
3.592090000E-03 -5.268061827E+01 0.000000000E+00 3.451472541E+02
3.592780000E-03 -5.265944967E+01 0.000000000E+00 3.450809679E+02
3.593050000E-03 -5.265110971E+01 0.000000000E+00 3.450550368E+02
3.593500000E-03 -5.263712208E+01 0.000000000E+00 3.450118269E+02
3.594190000E-03 -5.261597869E+01 0.000000000E+00 3.449455927E+02
3.594530000E-03 -5.260556076E+01 0.000000000E+00 3.449129650E+02
3.595410000E-03 -5.257849709E+01 0.000000000E+00 3.448285453E+02
3.603390000E-03 -5.233322584E+01 0.000000000E+00 3.440648944E+02
3.605780000E-03 -5.226008355E+01 0.000000000E+00 3.438368397E+02
3.612960000E-03 -5.204097034E+01 0.000000000E+00 3.431535362E+02
3.616210000E-03 -5.194240687E+01 0.000000000E+00 3.428451334E+02
3.621080000E-03 -5.179493878E+01 0.000000000E+00 3.423840401E+02
3.625950000E-03 -5.164807141E+01 0.000000000E+00 3.419241854E+02
3.631460000E-03 -5.148275759E+01 0.000000000E+00 3.414053852E+02
3.636970000E-03 -5.131820311E+01 0.000000000E+00 3.408881569E+02
3.645600000E-03 -5.106195670E+01 0.000000000E+00 3.400811938E+02
3.654230000E-03 -5.080727786E+01 0.000000000E+00 3.392780422E+02
3.662870000E-03 -5.055440223E+01 0.000000000E+00 3.384777511E+02
3.676600000E-03 -5.015610893E+01 0.000000000E+00 3.372137301E+02
3.680130000E-03 -5.005460003E+01 0.000000000E+00 3.368902729E+02
3.683670000E-03 -4.995284708E+01 0.000000000E+00 3.365665220E+02
3.687210000E-03 -4.985165245E+01 0.000000000E+00 3.362433927E+02
3.695960000E-03 -4.960229821E+01 0.000000000E+00 3.354473533E+02
3.704720000E-03 -4.935445778E+01 0.000000000E+00 3.346541709E+02
3.713470000E-03 -4.910891805E+01 0.000000000E+00 3.338656297E+02
3.720760000E-03 -4.890555492E+01 0.000000000E+00 3.332114944E+02
3.729590000E-03 -4.866082394E+01 0.000000000E+00 3.324225987E+02
3.738420000E-03 -4.841784557E+01 0.000000000E+00 3.316374297E+02
3.747260000E-03 -4.817634076E+01 0.000000000E+00 3.308550781E+02
3.756090000E-03 -4.793681993E+01 0.000000000E+00 3.300772878E+02
3.764920000E-03 -4.769900249E+01 0.000000000E+00 3.293031459E+02
3.784520000E-03 -4.717699272E+01 0.000000000E+00 3.275976874E+02
3.818810000E-03 -4.628346521E+01 0.000000000E+00 3.246561101E+02
3.870260000E-03 -4.497977164E+01 0.000000000E+00 3.203402355E+02
3.921700000E-03 -4.372776357E+01 0.000000000E+00 3.161384094E+02
3.931360000E-03 -4.349809068E+01 0.000000000E+00 3.153616051E+02
3.941010000E-03 -4.327058337E+01 0.000000000E+00 3.145894073E+02
3.950660000E-03 -4.304453707E+01 0.000000000E+00 3.138209818E+02
3.960310000E-03 -4.282039259E+01 0.000000000E+00 3.130563011E+02
3.969970000E-03 -4.259745882E+01 0.000000000E+00 3.122945513E+02
3.979620000E-03 -4.237661342E+01 0.000000000E+00 3.115372825E+02
3.989270000E-03 -4.215739206E+01 0.000000000E+00 3.107836772E+02
4.000000000E-03 -4.191525955E+01 0.000000000E+00 3.099500000E+02
4.006700000E-03 -4.176431331E+01 0.000000000E+00 3.094317019E+02
4.026540000E-03 -4.132130693E+01 0.000000000E+00 3.079070368E+02
4.036400000E-03 -4.110365202E+01 0.000000000E+00 3.071548905E+02
4.046270000E-03 -4.088740639E+01 0.000000000E+00 3.064056526E+02
4.056840000E-03 -4.065687023E+01 0.000000000E+00 3.056073200E+02
4.085720000E-03 -4.002909597E+01 0.000000000E+00 3.034471280E+02
4.095580000E-03 -3.981755955E+01 0.000000000E+00 3.027165872E+02
4.105440000E-03 -3.960779074E+01 0.000000000E+00 3.019895553E+02
4.115300000E-03 -3.939935106E+01 0.000000000E+00 3.012660073E+02
4.143080000E-03 -3.882040457E+01 0.000000000E+00 2.992459716E+02
4.154750000E-03 -3.858093302E+01 0.000000000E+00 2.984054396E+02
4.164610000E-03 -3.837997994E+01 0.000000000E+00 2.976989442E+02
4.180690000E-03 -3.805542783E+01 0.000000000E+00 2.965539181E+02
4.190930000E-03 -3.785082015E+01 0.000000000E+00 2.958293267E+02
4.201170000E-03 -3.764774083E+01 0.000000000E+00 2.951082675E+02
4.219290000E-03 -3.729210412E+01 0.000000000E+00 2.938409069E+02
4.233740000E-03 -3.701169794E+01 0.000000000E+00 2.928380108E+02
4.253890000E-03 -3.662568157E+01 0.000000000E+00 2.914508838E+02
4.263970000E-03 -3.643468195E+01 0.000000000E+00 2.907618956E+02
4.283090000E-03 -3.607616973E+01 0.000000000E+00 2.894639151E+02
4.289730000E-03 -3.595277280E+01 0.000000000E+00 2.890158588E+02
4.305720000E-03 -3.565808106E+01 0.000000000E+00 2.879425508E+02
4.314800000E-03 -3.549210122E+01 0.000000000E+00 2.873366089E+02
4.324990000E-03 -3.530740453E+01 0.000000000E+00 2.866596223E+02
4.334290000E-03 -3.513982364E+01 0.000000000E+00 2.860445425E+02
4.338190000E-03 -3.506976608E+01 0.000000000E+00 2.857873906E+02
4.344530000E-03 -3.495664677E+01 0.000000000E+00 2.853703393E+02
4.345380000E-03 -3.494144982E+01 0.000000000E+00 2.853145179E+02
4.348790000E-03 -3.488077669E+01 0.000000000E+00 2.850907954E+02
4.360640000E-03 -3.467105117E+01 0.000000000E+00 2.843160637E+02
4.365010000E-03 -3.459405734E+01 0.000000000E+00 2.840314226E+02
4.382100000E-03 -3.429564608E+01 0.000000000E+00 2.829237124E+02
4.392840000E-03 -3.410887797E+01 0.000000000E+00 2.822319957E+02
4.403570000E-03 -3.392348482E+01 0.000000000E+00 2.815442925E+02
4.435770000E-03 -3.336889491E+01 0.000000000E+00 2.795005151E+02
4.446500000E-03 -3.318467358E+01 0.000000000E+00 2.788260430E+02
4.458490000E-03 -3.298046075E+01 0.000000000E+00 2.780762097E+02
4.480440000E-03 -3.261090794E+01 0.000000000E+00 2.767138942E+02
4.502390000E-03 -3.224710449E+01 0.000000000E+00 2.753648618E+02
4.513360000E-03 -3.206715574E+01 0.000000000E+00 2.746955705E+02
4.523680000E-03 -3.189922921E+01 0.000000000E+00 2.740688997E+02
4.535310000E-03 -3.171133050E+01 0.000000000E+00 2.733660985E+02
4.544570000E-03 -3.156299103E+01 0.000000000E+00 2.728090886E+02
4.553840000E-03 -3.141527237E+01 0.000000000E+00 2.722537463E+02
4.568230000E-03 -3.118766215E+01 0.000000000E+00 2.713961425E+02
4.579200000E-03 -3.101580022E+01 0.000000000E+00 2.707459818E+02
4.590180000E-03 -3.084507284E+01 0.000000000E+00 2.700983404E+02
4.601150000E-03 -3.067524167E+01 0.000000000E+00 2.694543755E+02
4.608130000E-03 -3.056544014E+01 0.000000000E+00 2.690462292E+02
4.615110000E-03 -3.045615745E+01 0.000000000E+00 2.686393174E+02
4.622590000E-03 -3.033944310E+01 0.000000000E+00 2.682046212E+02
4.626330000E-03 -3.028130721E+01 0.000000000E+00 2.679878003E+02
4.630070000E-03 -3.022348426E+01 0.000000000E+00 2.677713296E+02
4.645230000E-03 -2.999015234E+01 0.000000000E+00 2.668974410E+02
4.649040000E-03 -2.993180129E+01 0.000000000E+00 2.666787122E+02
4.652860000E-03 -2.987346699E+01 0.000000000E+00 2.664597688E+02
4.655710000E-03 -2.983009535E+01 0.000000000E+00 2.662966551E+02
4.662120000E-03 -2.973292711E+01 0.000000000E+00 2.659305209E+02
4.663190000E-03 -2.971669646E+01 0.000000000E+00 2.658695013E+02
4.664970000E-03 -2.968982424E+01 0.000000000E+00 2.657680542E+02
4.668490000E-03 -2.963653755E+01 0.000000000E+00 2.655676675E+02
4.674090000E-03 -2.955241472E+01 0.000000000E+00 2.652494924E+02
4.674870000E-03 -2.954059113E+01 0.000000000E+00 2.652052357E+02
4.676430000E-03 -2.951712529E+01 0.000000000E+00 2.651167664E+02
4.680460000E-03 -2.945679463E+01 0.000000000E+00 2.648884939E+02
4.688160000E-03 -2.934192695E+01 0.000000000E+00 2.644534316E+02
4.690590000E-03 -2.930580444E+01 0.000000000E+00 2.643164293E+02
4.692160000E-03 -2.928180769E+01 0.000000000E+00 2.642279888E+02
4.695800000E-03 -2.922599879E+01 0.000000000E+00 2.640231696E+02
4.698980000E-03 -2.917736239E+01 0.000000000E+00 2.638444939E+02
4.701760000E-03 -2.913492279E+01 0.000000000E+00 2.636884911E+02
4.706330000E-03 -2.906533597E+01 0.000000000E+00 2.634324410E+02
4.711250000E-03 -2.899070364E+01 0.000000000E+00 2.631573362E+02
4.715540000E-03 -2.892575238E+01 0.000000000E+00 2.629179267E+02
4.718030000E-03 -2.888809535E+01 0.000000000E+00 2.627791684E+02
4.719630000E-03 -2.886399798E+01 0.000000000E+00 2.626900838E+02
4.720440000E-03 -2.885183248E+01 0.000000000E+00 2.626450077E+02
4.721240000E-03 -2.883979999E+01 0.000000000E+00 2.626005033E+02
4.727690000E-03 -2.874298300E+01 0.000000000E+00 2.622422367E+02
4.730910000E-03 -2.869471407E+01 0.000000000E+00 2.620637467E+02
4.734140000E-03 -2.864642367E+01 0.000000000E+00 2.618849464E+02
4.745260000E-03 -2.848107661E+01 0.000000000E+00 2.612712475E+02
4.757270000E-03 -2.830393647E+01 0.000000000E+00 2.606116533E+02
4.769750000E-03 -2.812136884E+01 0.000000000E+00 2.599297657E+02
4.777980000E-03 -2.800179419E+01 0.000000000E+00 2.594820405E+02
4.792510000E-03 -2.778683118E+01 2.218898031E-06 2.586953392E+02
4.804570000E-03 -2.760717615E+01 9.279039797E-06 2.580459854E+02
4.813910000E-03 -2.746739188E+01 2.626851601E-05 2.575453218E+02
4.824900000E-03 -2.730206752E+01 8.292502420E-05 2.569586934E+02
4.836280000E-03 -2.712945463E+01 2.514988849E-04 2.563540573E+02
4.858060000E-03 -2.679256086E+01 1.673944029E-03 2.552047525E+02
4.874910000E-03 -2.652151082E+01 5.954968775E-03 2.543226439E+02
4.921430000E-03 -2.570364919E+01 8.543671294E-02 2.519186497E+02
4.939910000E-03 -2.536781097E+01 1.793487950E-01 2.509762324E+02
4.963830000E-03 -2.497442341E+01 3.695730020E-01 2.497668131E+02
4.980000000E-03 -2.476036746E+01 5.259486120E-01 2.489558233E+02
4.991100000E-03 -2.464177010E+01 6.337901680E-01 2.484021558E+02
5.009230000E-03 -2.449225102E+01 7.912003761E-01 2.475031093E+02
5.042760000E-03 -2.429396532E+01 9.726579603E-01 2.458574273E+02
5.054080000E-03 -2.422998911E+01 1.004028428E+00 2.453067621E+02
5.064320000E-03 -2.416776544E+01 1.021889266E+00 2.448107545E+02
5.076450000E-03 -2.408839075E+01 1.035346514E+00 2.442257877E+02
5.104250000E-03 -2.388581853E+01 1.047865367E+00 2.428956262E+02
5.117140000E-03 -2.377719070E+01 1.049016103E+00 2.422837757E+02
5.135000000E-03 -2.362809009E+01 1.050573108E+00 2.414410906E+02
5.160130000E-03 -2.341767709E+01 1.052681718E+00 2.402652646E+02
5.172770000E-03 -2.330487744E+01 1.053239742E+00 2.396781608E+02
5.186460000E-03 -2.317991479E+01 1.053598054E+00 2.390455147E+02
5.201010000E-03 -2.304810626E+01 1.053951438E+00 2.383767768E+02
5.215060000E-03 -2.292184571E+01 1.054279817E+00 2.377345611E+02
5.222090000E-03 -2.285904838E+01 1.054434288E+00 2.374145218E+02
5.229120000E-03 -2.279663227E+01 1.054585419E+00 2.370953430E+02
5.240780000E-03 -2.269345431E+01 1.054825254E+00 2.365678391E+02
5.251390000E-03 -2.260013361E+01 1.055035558E+00 2.360898733E+02
5.261940000E-03 -2.250790826E+01 1.055230080E+00 2.356165217E+02
5.276150000E-03 -2.238298812E+01 1.055480504E+00 2.349819471E+02
5.292050000E-03 -2.224256337E+01 1.055736789E+00 2.342759422E+02
5.306520000E-03 -2.210877202E+01 1.056105323E+00 2.336371106E+02
5.322840000E-03 -2.195798565E+01 1.056497863E+00 2.329207716E+02
5.337070000E-03 -2.182772544E+01 1.056822568E+00 2.322997450E+02
5.349710000E-03 -2.171288965E+01 1.057091795E+00 2.317508800E+02
5.362500000E-03 -2.159749358E+01 1.057351972E+00 2.311981352E+02
5.388120000E-03 -2.136888071E+01 1.057828206E+00 2.300988100E+02
5.409240000E-03 -2.117994448E+01 1.058178249E+00 2.292004052E+02
5.425850000E-03 -2.102947939E+01 1.058319864E+00 2.284987606E+02
5.440810000E-03 -2.089214466E+01 1.058254630E+00 2.278704825E+02
5.454930000E-03 -2.076208555E+01 1.058226115E+00 2.272806434E+02
5.472350000E-03 -2.060057290E+01 1.058360780E+00 2.265571464E+02
5.488700000E-03 -2.044725639E+01 1.059028160E+00 2.258822672E+02
5.502790000E-03 -2.031287314E+01 1.060634784E+00 2.253038913E+02
5.516600000E-03 -2.017810451E+01 1.064108995E+00 2.247398760E+02
5.534340000E-03 -1.999582233E+01 1.073683584E+00 2.240194856E+02
5.551790000E-03 -1.981298787E+01 1.092373733E+00 2.233153632E+02
5.571790000E-03 -1.960340012E+01 1.130069867E+00 2.225137703E+02
5.584900000E-03 -1.947048593E+01 1.165603399E+00 2.219914412E+02
5.596170000E-03 -1.936162957E+01 1.202466317E+00 2.215443777E+02
5.608030000E-03 -1.925488109E+01 1.246053640E+00 2.210758502E+02
5.628850000E-03 -1.909104940E+01 1.326952509E+00 2.202581344E+02
5.648700000E-03 -1.895701245E+01 1.398328756E+00 2.194841291E+02
5.675710000E-03 -1.880399137E+01 1.469359054E+00 2.184396313E+02
5.700110000E-03 -1.867414667E+01 1.505054359E+00 2.175045745E+02
5.721690000E-03 -1.855581876E+01 1.520193674E+00 2.166842314E+02
5.751520000E-03 -1.837448179E+01 1.528036580E+00 2.155604084E+02
5.784240000E-03 -1.815324816E+01 1.530527413E+00 2.143410370E+02
5.853390000E-03 -1.763396533E+01 1.540176969E+00 2.118088834E+02
5.925570000E-03 -1.699862399E+01 1.680474562E+00 2.092288168E+02
6.105020000E-03 -1.637123383E+01 2.241759216E+00 2.030787778E+02
6.350000000E-03 -1.541240355E+01 2.122947878E+00 1.952440945E+02
7.128230000E-03 -1.240315422E+01 1.818873375E+00 1.739281701E+02
8.511380000E-03 -8.690889144E+00 1.448124001E+00 1.456638054E+02
1.035140000E-02 -5.792804873E+00 1.087753233E+00 1.197712387E+02
1.180000000E-02 -4.371381549E+00 8.580504909E-01 1.050677966E+02
1.280460000E-02 -3.634050232E+00 7.216446227E-01 9.682457867E+01
1.371050000E-02 -3.092154709E+00 6.155884540E-01 9.042704497E+01
1.449140000E-02 -2.696730405E+00 5.355353408E-01 8.555419076E+01
1.560690000E-02 -2.217704837E+00 4.382400208E-01 7.943922240E+01
1.649780000E-02 -1.893604624E+00 3.735713488E-01 7.514941386E+01
1.734290000E-02 -1.626449648E+00 3.216243426E-01 7.148746749E+01
1.788550000E-02 -1.471043428E+00 2.924456307E-01 6.931872187E+01
1.836380000E-02 -1.344030774E+00 2.692024641E-01 6.751325978E+01
1.897820000E-02 -1.193480599E+00 2.424715634E-01 6.532758639E+01
1.950000000E-02 -1.073812342E+00 2.220937251E-01 6.357948718E+01
1.992390000E-02 -9.829008431E-01 2.070690141E-01 6.222677287E+01
2.028810000E-02 -9.087929781E-01 1.951091231E-01 6.110971456E+01
2.052890000E-02 -8.610572960E-01 1.876213394E-01 6.039290951E+01
2.070720000E-02 -8.266714920E-01 1.823101050E-01 5.987289445E+01
2.089300000E-02 -7.917659398E-01 1.769515476E-01 5.934044895E+01
2.104150000E-02 -7.645299467E-01 1.727980836E-01 5.892165482E+01
2.115890000E-02 -7.433571148E-01 1.696213993E-01 5.859472846E+01
2.124220000E-02 -7.281408013E-01 1.674083881E-01 5.836495278E+01
2.134670000E-02 -7.092700447E-01 1.646951117E-01 5.807923473E+01
2.139900000E-02 -6.999377626E-01 1.633545667E-01 5.793728679E+01
2.145130000E-02 -6.906760602E-01 1.620251212E-01 5.779603101E+01
2.150360000E-02 -6.814842402E-01 1.607066611E-01 5.765546234E+01
2.156500000E-02 -6.707744192E-01 1.591719388E-01 5.749130536E+01
2.166040000E-02 -6.542985592E-01 1.568471155E-01 5.723809348E+01
2.171270000E-02 -6.453644221E-01 1.555879399E-01 5.710022245E+01
2.173170000E-02 -6.421342702E-01 1.551328024E-01 5.705029979E+01
2.176500000E-02 -6.364969502E-01 1.543382898E-01 5.696301401E+01
2.181730000E-02 -6.276954943E-01 1.531003156E-01 5.682646340E+01
2.183870000E-02 -6.241114045E-01 1.525966125E-01 5.677077848E+01
2.189220000E-02 -6.150836609E-01 1.513457949E-01 5.663204246E+01
2.194570000E-02 -6.059323311E-01 1.501097814E-01 5.649398288E+01
2.199920000E-02 -5.968508097E-01 1.488832509E-01 5.635659479E+01
2.203890000E-02 -5.901573863E-01 1.479786396E-01 5.625507625E+01
2.207870000E-02 -5.834800887E-01 1.470789642E-01 5.615366847E+01
2.211920000E-02 -5.767188773E-01 1.461682707E-01 5.605085175E+01
2.213940000E-02 -5.733417884E-01 1.457178899E-01 5.599971092E+01
2.215960000E-02 -5.699671368E-01 1.452703577E-01 5.594866333E+01
2.218640000E-02 -5.655111105E-01 1.446794740E-01 5.588108030E+01
2.220640000E-02 -5.621942697E-01 1.442392036E-01 5.583075150E+01
2.221980000E-02 -5.599789041E-01 1.439455763E-01 5.579708188E+01
2.224900000E-02 -5.551604660E-01 1.433069056E-01 5.572385276E+01
2.225340000E-02 -5.544377021E-01 1.432106984E-01 5.571283489E+01
2.225670000E-02 -5.538977215E-01 1.431387653E-01 5.570457435E+01
2.225730000E-02 -5.537995704E-01 1.431260172E-01 5.570307270E+01
2.225970000E-02 -5.534070489E-01 1.430743177E-01 5.569706690E+01
2.226310000E-02 -5.528464153E-01 1.429997324E-01 5.568856089E+01
2.226490000E-02 -5.525522539E-01 1.429608111E-01 5.568405877E+01
2.226830000E-02 -5.519920322E-01 1.428870031E-01 5.567555673E+01
2.232010000E-02 -5.435246250E-01 1.417657381E-01 5.554634612E+01
2.233350000E-02 -5.413446121E-01 1.414771790E-01 5.551301856E+01
2.237360000E-02 -5.348429573E-01 1.406177151E-01 5.541352308E+01
2.240030000E-02 -5.305334362E-01 1.400478326E-01 5.534747302E+01
2.242710000E-02 -5.260990485E-01 1.394790200E-01 5.528133374E+01
2.245730000E-02 -5.210866004E-01 1.388394009E-01 5.520699283E+01
2.248760000E-02 -5.160820709E-01 1.382021873E-01 5.513260641E+01
2.253400000E-02 -5.084566328E-01 1.372304567E-01 5.501908228E+01
2.258750000E-02 -4.997282446E-01 1.361191731E-01 5.488876591E+01
2.264100000E-02 -4.910654134E-01 1.350168483E-01 5.475906541E+01
2.269450000E-02 -4.824536787E-01 1.339296144E-01 5.462997643E+01
2.276430000E-02 -4.713085858E-01 1.325345024E-01 5.446246974E+01
2.280150000E-02 -4.654091633E-01 1.317976626E-01 5.437361577E+01
2.283830000E-02 -4.594139880E-01 1.310722378E-01 5.428600202E+01
2.287500000E-02 -4.534352664E-01 1.303519349E-01 5.419890710E+01
2.293450000E-02 -4.438052673E-01 1.291945112E-01 5.405829645E+01
2.298570000E-02 -4.355608911E-01 1.282247058E-01 5.393788312E+01
2.307320000E-02 -4.216170733E-01 1.265859151E-01 5.373333564E+01
2.318680000E-02 -4.032776055E-01 1.244889928E-01 5.347007780E+01
2.324360000E-02 -3.941145410E-01 1.234555948E-01 5.333941386E+01
2.330030000E-02 -3.850293684E-01 1.224390462E-01 5.320961533E+01
2.336440000E-02 -3.746682741E-01 1.213011652E-01 5.306363527E+01
2.341390000E-02 -3.665823815E-01 1.204290170E-01 5.295145192E+01
2.352750000E-02 -3.480853368E-01 1.184558651E-01 5.269578153E+01
2.364110000E-02 -3.293192695E-01 1.165264528E-01 5.244256824E+01
2.372420000E-02 -3.154115425E-01 1.151352785E-01 5.225887490E+01
2.385600000E-02 -2.928903536E-01 1.129669687E-01 5.197015426E+01
2.395200000E-02 -2.760185456E-01 1.114345674E-01 5.176185705E+01
2.405080000E-02 -2.581086756E-01 1.098881604E-01 5.154922082E+01
2.419600000E-02 -2.303134851E-01 1.076628445E-01 5.123987436E+01
2.426310000E-02 -2.166233982E-01 1.066726493E-01 5.109816965E+01
2.433930000E-02 -2.001165355E-01 1.056391516E-01 5.093819461E+01
2.456010000E-02 -1.424703558E-01 1.060407887E-01 5.048025049E+01
2.468130000E-02 -1.021768450E-01 1.147005491E-01 5.023236215E+01
2.495670000E-02 -1.943276641E-02 1.923926039E-01 4.967804237E+01
2.512990000E-02 -1.758418717E-02 2.622391650E-01 4.933565195E+01
2.540230000E-02 -6.641420129E-02 3.120031934E-01 4.880660413E+01
2.612660000E-02 -1.006624374E-01 2.904555433E-01 4.745355308E+01
2.711870000E-02 -6.754668212E-02 2.538535091E-01 4.571753071E+01
2.768740000E-02 -3.953846200E-02 2.351402793E-01 4.477849130E+01
2.802320000E-02 -2.113519934E-02 2.248797881E-01 4.424191384E+01
2.826210000E-02 -8.353245540E-03 2.178507834E-01 4.386793621E+01
2.833380000E-02 -4.555767453E-03 2.157836879E-01 4.375692636E+01
2.835890000E-02 -3.221030361E-03 2.150627691E-01 4.371819781E+01
2.853700000E-02 6.608338314E-03 2.100713150E-01 4.344535165E+01
2.867440000E-02 1.445152457E-02 2.063269521E-01 4.323717323E+01
2.881190000E-02 2.221458215E-02 2.026501742E-01 4.303083101E+01
2.894930000E-02 2.994473689E-02 1.990381240E-01 4.282659684E+01
2.908670000E-02 3.757701900E-02 1.954863816E-01 4.262429220E+01
2.922420000E-02 4.539900250E-02 1.920482768E-01 4.242374470E+01
2.929290000E-02 4.941079269E-02 1.903663827E-01 4.232424922E+01
2.936840000E-02 5.378430195E-02 1.885339556E-01 4.221544245E+01
2.945060000E-02 5.851296508E-02 1.865573181E-01 4.209761431E+01
2.951000000E-02 6.191094365E-02 1.851451212E-01 4.201287699E+01
2.957370000E-02 6.552847057E-02 1.836412905E-01 4.192238374E+01
2.959500000E-02 6.674301545E-02 1.831416833E-01 4.189221152E+01
2.963140000E-02 6.881551167E-02 1.822893450E-01 4.184075002E+01
2.974060000E-02 7.498901161E-02 1.797540283E-01 4.168712131E+01
2.981350000E-02 7.909457705E-02 1.780805163E-01 4.158518792E+01
2.988630000E-02 8.317696411E-02 1.764267390E-01 4.148389061E+01
2.995920000E-02 8.725255441E-02 1.747889204E-01 4.138294748E+01
2.999050000E-02 8.899842404E-02 1.740897771E-01 4.133975759E+01
3.003740000E-02 9.161217900E-02 1.730457944E-01 4.127521024E+01
3.008440000E-02 9.421616403E-02 1.720067203E-01 4.121072715E+01
3.013110000E-02 9.685309524E-02 1.709872753E-01 4.114685491E+01
3.015440000E-02 9.820518977E-02 1.704862451E-01 4.111506115E+01
3.018580000E-02 1.000217401E-01 1.698136772E-01 4.107229227E+01
3.023230000E-02 1.027063022E-01 1.688250305E-01 4.100911939E+01
3.024150000E-02 1.032365923E-01 1.686312297E-01 4.099664369E+01
3.025970000E-02 1.042800076E-01 1.682460764E-01 4.097198584E+01
3.029150000E-02 1.061053503E-01 1.675748357E-01 4.092897347E+01
3.029950000E-02 1.065618064E-01 1.674068554E-01 4.091816697E+01
3.030550000E-02 1.069039144E-01 1.672812619E-01 4.091006583E+01
3.031890000E-02 1.076699414E-01 1.669994159E-01 4.089198487E+01
3.032800000E-02 1.081898701E-01 1.668090223E-01 4.087971511E+01
3.039620000E-02 1.120909536E-01 1.653842592E-01 4.078799324E+01
3.041450000E-02 1.131398741E-01 1.650051722E-01 4.076345164E+01
3.046910000E-02 1.162618047E-01 1.638751148E-01 4.069040438E+01
3.050550000E-02 1.183312884E-01 1.631257754E-01 4.064185147E+01
3.054280000E-02 1.204452605E-01 1.623619562E-01 4.059221813E+01
3.060940000E-02 1.242153701E-01 1.610101853E-01 4.050389750E+01
3.064310000E-02 1.261330305E-01 1.603301516E-01 4.045935300E+01
3.067680000E-02 1.280443822E-01 1.596527158E-01 4.041490638E+01
3.075090000E-02 1.322227713E-01 1.581726065E-01 4.031751916E+01
3.076050000E-02 1.327605704E-01 1.579817059E-01 4.030493653E+01
3.083330000E-02 1.369670818E-01 1.565572206E-01 4.020977320E+01
3.090620000E-02 1.411939157E-01 1.551467386E-01 4.011492840E+01
3.099220000E-02 1.461462412E-01 1.534962559E-01 4.000361381E+01
3.105180000E-02 1.495537546E-01 1.523618338E-01 3.992683194E+01
3.109790000E-02 1.521727171E-01 1.514900052E-01 3.986764380E+01
3.119510000E-02 1.577808713E-01 1.496766643E-01 3.974342124E+01
3.134320000E-02 1.664098137E-01 1.469909056E-01 3.955562929E+01
3.150680000E-02 1.759624019E-01 1.440753087E-01 3.935023550E+01
3.166190000E-02 1.851062786E-01 1.413634348E-01 3.915747318E+01
3.173950000E-02 1.897222433E-01 1.400308684E-01 3.906173695E+01
3.181700000E-02 1.942978605E-01 1.387108283E-01 3.896659019E+01
3.200000000E-02 2.053712269E-01 1.356407321E-01 3.874375000E+01
3.214120000E-02 2.141815341E-01 1.333469915E-01 3.857354424E+01
3.224190000E-02 2.205723637E-01 1.317327337E-01 3.845306883E+01
3.232640000E-02 2.261034622E-01 1.303914681E-01 3.835255395E+01
3.248920000E-02 2.371487883E-01 1.278490774E-01 3.816037329E+01
3.266900000E-02 2.502998082E-01 1.251836624E-01 3.795035049E+01
3.281750000E-02 2.624942087E-01 1.233848610E-01 3.777862421E+01
3.321330000E-02 3.030149544E-01 1.288184087E-01 3.732841964E+01
3.344850000E-02 3.234241370E-01 1.471648369E-01 3.706593719E+01
3.411750000E-02 3.158985192E-01 1.838263311E-01 3.633912215E+01
3.536370000E-02 3.265352146E-01 1.644134811E-01 3.505854874E+01
3.715350000E-02 3.693632564E-01 1.379643938E-01 3.336966908E+01
4.079690000E-02 4.599770644E-01 9.704399135E-02 3.038956391E+01
4.653910000E-02 5.783410986E-01 5.744837050E-02 2.663996510E+01
4.809330000E-02 6.047919565E-01 5.023489020E-02 2.577905862E+01
4.867090000E-02 6.142172294E-01 4.783507358E-02 2.547312665E+01
4.920490000E-02 6.228437889E-01 4.573982086E-02 2.519667757E+01
4.958180000E-02 6.289180305E-01 4.435566650E-02 2.500514302E+01
5.026790000E-02 6.399733625E-01 4.260022371E-02 2.466385109E+01
5.160470000E-02 6.574178509E-01 4.012558932E-02 2.402494346E+01
5.693920000E-02 7.189109019E-01 2.666216725E-02 2.177410290E+01
6.137740000E-02 7.598293684E-01 1.963036554E-02 2.019961745E+01
6.426920000E-02 7.823654543E-01 1.632952976E-02 1.929073335E+01
6.493220000E-02 7.871511044E-01 1.568041613E-02 1.909376242E+01
6.778620000E-02 8.061513154E-01 1.323834848E-02 1.828985841E+01
7.006320000E-02 8.198432706E-01 1.164567217E-02 1.769545211E+01
7.241920000E-02 8.327438926E-01 1.025526716E-02 1.711976934E+01
7.484880000E-02 8.448126602E-01 9.044285449E-03 1.656405981E+01
7.734160000E-02 8.561425724E-01 7.990095280E-03 1.603018298E+01
7.970300000E-02 8.660504531E-01 7.138225486E-03 1.555524886E+01
8.125860000E-02 8.721900606E-01 6.645273527E-03 1.525746198E+01
8.251730000E-02 8.768929680E-01 6.278334183E-03 1.502472815E+01
8.419640000E-02 8.830444187E-01 5.829924516E-03 1.472509513E+01
8.569510000E-02 8.882974611E-01 5.464599636E-03 1.446757166E+01
8.632630000E-02 8.904667611E-01 5.320912086E-03 1.436178777E+01
8.678860000E-02 8.920228902E-01 5.217959301E-03 1.428528632E+01
8.718870000E-02 8.933483561E-01 5.130697421E-03 1.421973260E+01
8.738530000E-02 8.940146739E-01 5.088940587E-03 1.418774096E+01
8.758880000E-02 8.947112474E-01 5.046247246E-03 1.415477778E+01
8.779920000E-02 8.954258765E-01 5.002646275E-03 1.412085759E+01
8.800960000E-02 8.961344237E-01 4.959633899E-03 1.408709959E+01
8.822000000E-02 8.968374093E-01 4.916974451E-03 1.405350261E+01
8.843040000E-02 8.975353437E-01 4.874664360E-03 1.402006550E+01
8.864080000E-02 8.982273689E-01 4.832745410E-03 1.398678712E+01
8.906170000E-02 8.996363503E-01 4.750188492E-03 1.392068645E+01
8.918440000E-02 9.000452671E-01 4.726562799E-03 1.390153435E+01
8.948250000E-02 9.010298364E-01 4.670178355E-03 1.385522309E+01
8.962350000E-02 9.014917070E-01 4.643748991E-03 1.383342539E+01
8.972100000E-02 9.018096275E-01 4.625567801E-03 1.381839257E+01
8.981840000E-02 9.021261823E-01 4.607464838E-03 1.380340777E+01
8.984300000E-02 9.022075616E-01 4.602868905E-03 1.379962824E+01
9.026060000E-02 9.035954526E-01 4.526550895E-03 1.373578283E+01
9.048170000E-02 9.043217355E-01 4.486929994E-03 1.370221824E+01
9.072110000E-02 9.051154365E-01 4.444505963E-03 1.366606005E+01
9.094060000E-02 9.058596405E-01 4.405942575E-03 1.363307478E+01
9.107910000E-02 9.063259968E-01 4.381780017E-03 1.361234356E+01
9.131550000E-02 9.071165250E-01 4.340804611E-03 1.357710356E+01
9.139090000E-02 9.073741621E-01 4.327847655E-03 1.356590208E+01
9.149490000E-02 9.077283672E-01 4.309976226E-03 1.355048205E+01
9.159910000E-02 9.080816049E-01 4.292283314E-03 1.353506748E+01
9.176380000E-02 9.086374714E-01 4.264796748E-03 1.351077440E+01
9.181860000E-02 9.088237778E-01 4.255695582E-03 1.350271078E+01
9.203810000E-02 9.095754759E-01 4.219449664E-03 1.347050841E+01
9.205190000E-02 9.096223343E-01 4.217218232E-03 1.346848897E+01
9.207760000E-02 9.097097331E-01 4.213058659E-03 1.346472975E+01
9.210010000E-02 9.097861631E-01 4.209405416E-03 1.346144032E+01
9.210990000E-02 9.098196265E-01 4.207838316E-03 1.346000810E+01
9.222070000E-02 9.101990441E-01 4.189988424E-03 1.344383636E+01
9.228550000E-02 9.104216805E-01 4.179587201E-03 1.343439652E+01
9.238110000E-02 9.107517473E-01 4.164274601E-03 1.342049402E+01
9.247720000E-02 9.110849335E-01 4.148946510E-03 1.340654778E+01
9.255950000E-02 9.113705653E-01 4.135857431E-03 1.339462724E+01
9.270360000E-02 9.118745726E-01 4.113041947E-03 1.337380641E+01
9.281160000E-02 9.122531438E-01 4.096018867E-03 1.335824401E+01
9.297370000E-02 9.128261644E-01 4.070602858E-03 1.333495386E+01
9.305470000E-02 9.131201245E-01 4.057956279E-03 1.332334638E+01
9.313570000E-02 9.134131943E-01 4.045343408E-03 1.331175908E+01
9.330820000E-02 9.140393406E-01 4.018630669E-03 1.328714947E+01
9.337450000E-02 9.142830592E-01 4.008409460E-03 1.327771501E+01
9.358380000E-02 9.150591588E-01 3.976356650E-03 1.324801942E+01
9.374690000E-02 9.156728837E-01 3.951890157E-03 1.322497064E+01
9.380420000E-02 9.158903827E-01 3.943401785E-03 1.321689221E+01
9.399000000E-02 9.166038535E-01 3.916106515E-03 1.319076497E+01
9.405280000E-02 9.168480061E-01 3.907022783E-03 1.318195737E+01
9.415850000E-02 9.172630918E-01 3.891967034E-03 1.316715963E+01
9.417620000E-02 9.173327267E-01 3.889488587E-03 1.316468492E+01
9.419200000E-02 9.173953710E-01 3.887276894E-03 1.316247664E+01
9.419730000E-02 9.174167038E-01 3.886542547E-03 1.316173606E+01
9.424850000E-02 9.176202377E-01 3.879455153E-03 1.315458601E+01
9.425470000E-02 9.176455026E-01 3.878600141E-03 1.315372072E+01
9.426690000E-02 9.176940629E-01 3.876935174E-03 1.315201836E+01
9.429380000E-02 9.178018822E-01 3.873269909E-03 1.314826638E+01
9.432930000E-02 9.179449665E-01 3.868490498E-03 1.314331814E+01
9.442290000E-02 9.183260040E-01 3.856216378E-03 1.313028937E+01
9.448920000E-02 9.185992937E-01 3.847903602E-03 1.312107627E+01
9.456610000E-02 9.189195456E-01 3.838777489E-03 1.311040637E+01
9.464450000E-02 9.192509637E-01 3.830214360E-03 1.309954620E+01
9.470170000E-02 9.194961600E-01 3.824568577E-03 1.309163405E+01
9.479420000E-02 9.199032071E-01 3.816818968E-03 1.307885926E+01
9.488310000E-02 9.203031689E-01 3.811445719E-03 1.306660512E+01
9.494320000E-02 9.205782184E-01 3.809291899E-03 1.305833382E+01
9.500340000E-02 9.208575361E-01 3.808627525E-03 1.305005926E+01
9.505200000E-02 9.210858287E-01 3.809312925E-03 1.304338678E+01
9.507680000E-02 9.212034013E-01 3.810146001E-03 1.303998452E+01
9.509060000E-02 9.212691892E-01 3.810729374E-03 1.303809209E+01
9.510930000E-02 9.213587913E-01 3.811781526E-03 1.303552860E+01
9.512610000E-02 9.214396828E-01 3.812910104E-03 1.303322642E+01
9.514190000E-02 9.215157257E-01 3.814102093E-03 1.303106202E+01
9.520100000E-02 9.218040594E-01 3.820233934E-03 1.302297245E+01
9.525000000E-02 9.220461749E-01 3.827363200E-03 1.301627297E+01
9.532150000E-02 9.224060204E-01 3.841748766E-03 1.300650955E+01
9.534930000E-02 9.225475981E-01 3.848762802E-03 1.300271738E+01
9.545640000E-02 9.231034427E-01 3.884261195E-03 1.298812861E+01
9.560690000E-02 9.239124718E-01 3.962166631E-03 1.296768329E+01
9.583350000E-02 9.251844409E-01 4.159964970E-03 1.293702098E+01
9.598460000E-02 9.260620862E-01 4.361434939E-03 1.291665538E+01
9.610210000E-02 9.267574270E-01 4.564038009E-03 1.290086273E+01
9.624890000E-02 9.276336551E-01 4.880688970E-03 1.288118617E+01
9.653160000E-02 9.292749743E-01 5.696279094E-03 1.284346266E+01
9.663300000E-02 9.298332016E-01 6.052915343E-03 1.282998562E+01
9.674830000E-02 9.304347308E-01 6.500041331E-03 1.281469545E+01
9.696720000E-02 9.314671506E-01 7.437818587E-03 1.278576673E+01
9.719060000E-02 9.323072692E-01 8.479768254E-03 1.275637767E+01
9.740970000E-02 9.329877950E-01 9.518785943E-03 1.272768523E+01
9.781220000E-02 9.338868729E-01 1.133198835E-02 1.267531044E+01
9.786890000E-02 9.339675442E-01 1.155917385E-02 1.266796705E+01
9.802060000E-02 9.341743682E-01 1.215567673E-02 1.264836167E+01
9.818250000E-02 9.343547134E-01 1.273629953E-02 1.262750490E+01
9.844580000E-02 9.346120778E-01 1.357246657E-02 1.259373178E+01
9.875840000E-02 9.349019817E-01 1.443178617E-02 1.255386884E+01
9.909790000E-02 9.352413925E-01 1.524430382E-02 1.251086047E+01
9.943900000E-02 9.356060516E-01 1.600121512E-02 1.246794517E+01
9.980250000E-02 9.359984886E-01 1.675954485E-02 1.242253451E+01
1.001130000E-01 9.363401677E-01 1.739950161E-02 1.238400607E+01
1.003550000E-01 9.365891968E-01 1.787824905E-02 1.235414279E+01
1.005470000E-01 9.367804252E-01 1.824891529E-02 1.233055188E+01
1.006610000E-01 9.368975363E-01 1.846621818E-02 1.231658736E+01
1.007980000E-01 9.370419691E-01 1.872737113E-02 1.229984722E+01
1.010620000E-01 9.373049289E-01 1.921198461E-02 1.226771685E+01
1.014130000E-01 9.376377712E-01 1.981888602E-02 1.222525712E+01
1.019320000E-01 9.381629218E-01 2.066302877E-02 1.216301063E+01
1.024830000E-01 9.388091188E-01 2.152367644E-02 1.209761619E+01
1.030960000E-01 9.396860357E-01 2.260540113E-02 1.202568480E+01
1.043080000E-01 9.409757872E-01 2.589120727E-02 1.188595314E+01
1.057500000E-01 9.399383884E-01 2.946703174E-02 1.172387707E+01
1.072100000E-01 9.384252321E-01 3.117768190E-02 1.156421976E+01
1.095000000E-01 9.362577633E-01 3.240620346E-02 1.132237443E+01
1.122020000E-01 9.338798155E-01 3.184528090E-02 1.104971391E+01
1.161450000E-01 9.322513183E-01 2.838213897E-02 1.067458780E+01
1.290630000E-01 9.385912941E-01 1.676218855E-02 9.606161332E+00
1.407210000E-01 9.473329031E-01 1.050051684E-02 8.810341029E+00
1.508380000E-01 9.543588974E-01 7.091542860E-03 8.219414206E+00
1.606710000E-01 9.603337835E-01 4.979409566E-03 7.716389392E+00
1.708520000E-01 9.655910368E-01 3.566550732E-03 7.256572940E+00
1.813620000E-01 9.702524994E-01 2.611299267E-03 6.836051654E+00
1.843700000E-01 9.715196200E-01 2.403518124E-03 6.724521343E+00
1.857820000E-01 9.721489511E-01 2.323827987E-03 6.673412925E+00
1.873490000E-01 9.729051370E-01 2.317891320E-03 6.617596037E+00
1.886440000E-01 9.735052719E-01 2.465643807E-03 6.572167681E+00
1.900390000E-01 9.739623210E-01 2.722917735E-03 6.523924037E+00
1.937030000E-01 9.746571627E-01 2.849197483E-03 6.400520384E+00
2.120000000E-01 9.791704636E-01 2.042045399E-03 5.848113208E+00
2.288090000E-01 9.826382250E-01 1.596730271E-03 5.418493154E+00
2.307040000E-01 9.830097027E-01 1.558920601E-03 5.373985713E+00
2.322650000E-01 9.833202042E-01 1.530334786E-03 5.337868383E+00
2.340870000E-01 9.836929407E-01 1.510457963E-03 5.296321453E+00
2.352620000E-01 9.839371824E-01 1.519388958E-03 5.269869337E+00
2.389950000E-01 9.845672608E-01 1.658876882E-03 5.187556225E+00
2.408820000E-01 9.847958942E-01 1.681070305E-03 5.146918408E+00
2.754230000E-01 9.890084562E-01 1.205504170E-03 4.501439604E+00
2.884360000E-01 9.903210005E-01 1.090637245E-03 4.298353881E+00
2.920630000E-01 9.906826609E-01 1.075266383E-03 4.244974543E+00
2.941920000E-01 9.908849864E-01 1.084639554E-03 4.214254636E+00
3.024680000E-01 9.915317758E-01 1.079906989E-03 4.098946004E+00
3.377660000E-01 9.941540437E-01 8.857830089E-04 3.670588514E+00
3.401020000E-01 9.943205370E-01 8.755836163E-04 3.645376975E+00
3.422870000E-01 9.944793026E-01 8.677287470E-04 3.622106595E+00
3.448780000E-01 9.946755724E-01 8.673926941E-04 3.594894426E+00
3.465450000E-01 9.948059196E-01 8.781099594E-04 3.577601754E+00
3.500910000E-01 9.950572177E-01 9.231753929E-04 3.541364959E+00
3.521280000E-01 9.951847317E-01 9.435309486E-04 3.520878771E+00
3.551740000E-01 9.953788203E-01 9.602889008E-04 3.490683440E+00
3.570800000E-01 9.955064303E-01 9.739390572E-04 3.472051081E+00
3.610000000E-01 9.957509085E-01 1.011799043E-03 3.434349030E+00
3.646760000E-01 9.959725169E-01 1.031758102E-03 3.399730171E+00
3.731000000E-01 9.965401526E-01 1.084427221E-03 3.322969713E+00
3.795950000E-01 9.970094438E-01 1.194423680E-03 3.266112567E+00
3.856120000E-01 9.974330682E-01 1.367920893E-03 3.215148906E+00
3.935500000E-01 9.979234705E-01 1.691470907E-03 3.150298564E+00
4.027170000E-01 9.983503103E-01 2.144008259E-03 3.078588686E+00
4.097320000E-01 9.985743238E-01 2.507764115E-03 3.025880332E+00
4.182500000E-01 9.987495029E-01 2.944136014E-03 2.964255828E+00
4.290000000E-01 9.988266326E-01 3.443958031E-03 2.889976690E+00
4.392850000E-01 9.987778148E-01 3.837036320E-03 2.822313532E+00
4.535760000E-01 9.986078724E-01 4.232004237E-03 2.733389774E+00
4.731510000E-01 9.982897374E-01 4.537629265E-03 2.620305146E+00
5.030110000E-01 9.978261877E-01 4.589092147E-03 2.464757232E+00
5.456010000E-01 9.974065410E-01 4.266373308E-03 2.272356539E+00
5.991530000E-01 9.972273249E-01 3.659000430E-03 2.069254431E+00
6.456540000E-01 9.973044928E-01 3.133212757E-03 1.920223525E+00
6.565520000E-01 9.973607993E-01 3.017671273E-03 1.888350047E+00
6.613940000E-01 9.973976320E-01 2.968545652E-03 1.874525623E+00
6.677640000E-01 9.974692258E-01 2.918727428E-03 1.856643964E+00
6.708410000E-01 9.975106642E-01 2.913920572E-03 1.848127947E+00
6.737740000E-01 9.975449635E-01 2.926165542E-03 1.840082876E+00
6.815250000E-01 9.975482106E-01 2.981335694E-03 1.819155570E+00
6.876870000E-01 9.975020530E-01 2.966143602E-03 1.802855078E+00
6.967510000E-01 9.974783275E-01 2.886861830E-03 1.779401824E+00
7.032090000E-01 9.974916354E-01 2.829826503E-03 1.763060484E+00
7.086780000E-01 9.975180005E-01 2.797157854E-03 1.749454618E+00
7.132870000E-01 9.975348639E-01 2.789530694E-03 1.738150282E+00
7.217930000E-01 9.975171623E-01 2.779867997E-03 1.717666977E+00
7.316280000E-01 9.974817515E-01 2.713760948E-03 1.694577025E+00
7.966180000E-01 9.975416502E-01 2.218717174E-03 1.556329382E+00
9.017300000E-01 9.978257617E-01 1.612309069E-03 1.374912668E+00
9.409880000E-01 9.979705807E-01 1.439329485E-03 1.317551340E+00
9.600000000E-01 9.980450865E-01 1.418233376E-03 1.291458333E+00
1.005770000E+00 9.981001093E-01 1.274720691E-03 1.232687394E+00
1.122500000E+00 9.983547397E-01 9.356744528E-04 1.104498886E+00
1.288250000E+00 9.986728136E-01 6.361789577E-04 9.623908403E-01
1.367420000E+00 9.987928826E-01 5.432450252E-04 9.066709570E-01
1.587750000E+00 9.990656932E-01 3.468677918E-04 7.808534089E-01
1.893340000E+00 9.993263892E-01 2.014836463E-04 6.548216380E-01
2.276900000E+00 9.995329652E-01 1.126357061E-04 5.445122755E-01
2.660520000E+00 9.996650147E-01 6.835494483E-05 4.659991280E-01
2.952750000E+00 9.997388400E-01 4.873814830E-05 4.198797731E-01
3.123830000E+00 9.997779997E-01 4.053587056E-05 3.968845936E-01
3.226490000E+00 9.998040307E-01 3.645663503E-05 3.842565760E-01
3.253840000E+00 9.998128186E-01 3.551174084E-05 3.810267253E-01
3.271050000E+00 9.998195048E-01 3.521524792E-05 3.790220266E-01
3.279480000E+00 9.998232673E-01 3.537342649E-05 3.780477393E-01
3.286860000E+00 9.998268573E-01 3.584091978E-05 3.771989072E-01
3.296080000E+00 9.998316671E-01 3.708395916E-05 3.761437829E-01
3.324890000E+00 9.998458964E-01 4.792114373E-05 3.728845165E-01
3.335220000E+00 9.998483714E-01 5.405563782E-05 3.717296010E-01
3.340910000E+00 9.998491130E-01 5.752369709E-05 3.710964977E-01
3.353430000E+00 9.998490471E-01 6.468431001E-05 3.697110123E-01
3.390180000E+00 9.998408338E-01 7.453975166E-05 3.657032960E-01
3.414860000E+00 9.998380069E-01 7.419469787E-05 3.630602719E-01
3.439400000E+00 9.998389679E-01 7.290074731E-05 3.604698494E-01
3.456410000E+00 9.998413486E-01 7.292377355E-05 3.586958723E-01
3.491710000E+00 9.998471349E-01 7.898778959E-05 3.550695791E-01
3.507580000E+00 9.998473091E-01 8.373511819E-05 3.534630714E-01
3.529080000E+00 9.998439893E-01 8.887795117E-05 3.513096898E-01
3.559970000E+00 9.998375572E-01 9.063113726E-05 3.482613618E-01
3.592660000E+00 9.998333878E-01 8.851734629E-05 3.450924941E-01
3.666840000E+00 9.998309997E-01 8.244680352E-05 3.381112893E-01
3.772090000E+00 9.998330843E-01 7.463962781E-05 3.286772055E-01
3.904840000E+00 9.998399160E-01 6.604895875E-05 3.175034060E-01
3.977910000E+00 9.998460700E-01 6.222970812E-05 3.116712042E-01
4.033310000E+00 9.998513824E-01 6.331849061E-05 3.073902080E-01
4.076490000E+00 9.998516605E-01 6.489651812E-05 3.041341939E-01
4.149490000E+00 9.998515046E-01 6.214604451E-05 2.987837059E-01
4.291190000E+00 9.998562100E-01 5.533344353E-05 2.889175264E-01
4.494700000E+00 9.998650994E-01 4.704799206E-05 2.758359846E-01
4.702020000E+00 9.998748831E-01 4.015956462E-05 2.636739104E-01
4.808270000E+00 9.998805372E-01 3.777062781E-05 2.578474171E-01
4.871490000E+00 9.998829517E-01 3.730989489E-05 2.545011896E-01
4.980590000E+00 9.998863961E-01 3.491504276E-05 2.489263320E-01
5.104370000E+00 9.998912408E-01 3.222279380E-05 2.428899159E-01
5.186420000E+00 9.998941880E-01 3.132369359E-05 2.390473583E-01
5.322660000E+00 9.998980186E-01 2.898828040E-05 2.329286485E-01
5.585850000E+00 9.999059034E-01 2.456846072E-05 2.219536865E-01
5.960110000E+00 9.999161547E-01 1.965575468E-05 2.080162950E-01
6.397580000E+00 9.999264506E-01 1.538802493E-05 1.937920276E-01
6.977050000E+00 9.999376299E-01 1.138483877E-05 1.776968776E-01
7.654850000E+00 9.999479173E-01 8.228338947E-06 1.619626773E-01
8.675890000E+00 9.999593555E-01 5.305633193E-06 1.429017657E-01
9.840520000E+00 9.999684452E-01 3.398176426E-06 1.259892770E-01
1.139020000E+01 9.999765677E-01 2.021930124E-06 1.088479570E-01
1.303170000E+01 9.999822594E-01 1.250667171E-06 9.513724226E-02
1.432710000E+01 9.999854866E-01 8.904878247E-07 8.653530721E-02
1.515800000E+01 9.999871897E-01 7.273641605E-07 8.179179311E-02
1.566680000E+01 9.999881637E-01 6.458894353E-07 7.913549672E-02
1.593200000E+01 9.999887024E-01 6.099794054E-07 7.781822747E-02
1.605270000E+01 9.999889908E-01 6.131778519E-07 7.723311343E-02
1.612590000E+01 9.999891864E-01 6.476902751E-07 7.688253059E-02
1.619160000E+01 9.999893610E-01 7.174350659E-07 7.657056745E-02
1.628020000E+01 9.999895519E-01 8.713258018E-07 7.615385560E-02
1.638540000E+01 9.999896577E-01 1.077074499E-06 7.566492121E-02
1.647940000E+01 9.999896651E-01 1.198169840E-06 7.523332160E-02
1.659590000E+01 9.999896622E-01 1.242318640E-06 7.470519827E-02
1.673320000E+01 9.999897136E-01 1.222287338E-06 7.409222384E-02
1.698240000E+01 9.999898932E-01 1.160387227E-06 7.300499340E-02
1.739990000E+01 9.999902713E-01 1.061166699E-06 7.125328306E-02
1.798870000E+01 9.999908347E-01 9.386107054E-07 6.892104488E-02
1.868620000E+01 9.999914919E-01 8.158004644E-07 6.634842825E-02
1.920640000E+01 9.999919808E-01 7.366640671E-07 6.455139953E-02
1.947040000E+01 9.999922557E-01 7.085559616E-07 6.367614430E-02
1.963040000E+01 9.999924392E-01 7.288191717E-07 6.315714402E-02
1.977950000E+01 9.999925801E-01 7.931694552E-07 6.268105867E-02
1.993310000E+01 9.999926668E-01 8.557489242E-07 6.219805249E-02
2.016800000E+01 9.999927713E-01 8.693911914E-07 6.147362158E-02
2.043430000E+01 9.999929351E-01 8.785912100E-07 6.067249673E-02
2.066130000E+01 9.999930363E-01 9.011013637E-07 6.000590476E-02
2.097770000E+01 9.999931646E-01 8.718670238E-07 5.910085472E-02
2.140540000E+01 9.999933741E-01 8.121272690E-07 5.791996412E-02
2.206730000E+01 9.999937080E-01 7.296462603E-07 5.618267754E-02
2.294170000E+01 9.999941305E-01 6.363009436E-07 5.404133085E-02
2.388210000E+01 9.999945495E-01 5.515300170E-07 5.191335770E-02
2.511040000E+01 9.999950416E-01 4.613327682E-07 4.937396457E-02
2.647070000E+01 9.999955187E-01 3.821629339E-07 4.683669113E-02
2.811690000E+01 9.999960140E-01 3.080122724E-07 4.409447699E-02
2.987400000E+01 9.999964601E-01 2.477755842E-07 4.150097074E-02
3.192000000E+01 9.999968937E-01 1.951134400E-07 3.884085213E-02
3.420290000E+01 9.999972915E-01 1.518498714E-07 3.624838829E-02
3.762760000E+01 9.999977608E-01 1.074446181E-07 3.294921813E-02
4.218470000E+01 9.999982188E-01 7.079709013E-08 2.938980246E-02
4.841720000E+01 9.999986493E-01 4.276996378E-08 2.560660261E-02
5.543070000E+01 9.999989712E-01 2.600304766E-08 2.236666685E-02
6.347980000E+01 9.999992172E-01 1.577362673E-08 1.953062234E-02
7.219640000E+01 9.999993962E-01 9.800893786E-09 1.717260140E-02
8.239400000E+01 9.999995377E-01 6.002502173E-09 1.504721218E-02
9.369150000E+01 9.999996440E-01 3.726323230E-09 1.323279059E-02
1.004200000E+02 9.999996913E-01 2.879585034E-09 1.234614619E-02
1.043100000E+02 9.999997150E-01 2.500680924E-09 1.188572524E-02
1.067240000E+02 9.999997289E-01 2.297642807E-09 1.161688093E-02
1.078820000E+02 9.999997358E-01 2.259319526E-09 1.149218591E-02
1.083630000E+02 9.999997388E-01 2.369481154E-09 1.144117457E-02
1.087420000E+02 9.999997412E-01 2.618006821E-09 1.140129849E-02
1.090700000E+02 9.999997433E-01 3.011201317E-09 1.136701201E-02
1.094220000E+02 9.999997455E-01 3.650488439E-09 1.133044543E-02
1.099070000E+02 9.999997482E-01 4.848486989E-09 1.128044620E-02
1.105400000E+02 9.999997509E-01 6.522797537E-09 1.121584947E-02
1.110620000E+02 9.999997524E-01 7.538910420E-09 1.116313411E-02
1.116270000E+02 9.999997539E-01 8.082252625E-09 1.110663191E-02
1.124630000E+02 9.999997564E-01 8.192890180E-09 1.102407014E-02
1.138050000E+02 9.999997610E-01 7.899891134E-09 1.089407320E-02
1.161450000E+02 9.999997694E-01 7.361487802E-09 1.067458780E-02
1.193450000E+02 9.999997808E-01 6.677148205E-09 1.038836985E-02
1.242620000E+02 9.999997970E-01 5.796547062E-09 9.977306015E-03
1.305980000E+02 9.999998157E-01 4.853443297E-09 9.493254108E-03
1.387780000E+02 9.999998363E-01 3.903834553E-09 8.933692660E-03
1.504240000E+02 9.999998604E-01 2.928550812E-09 8.242035845E-03
1.661050000E+02 9.999998854E-01 2.054747831E-09 7.463953523E-03
1.892050000E+02 9.999999116E-01 1.288214120E-09 6.552680955E-03
2.163820000E+02 9.999999323E-01 7.965637298E-10 5.729681767E-03
2.483130000E+02 9.999999486E-01 4.870092177E-10 4.992892035E-03
2.846510000E+02 9.999999609E-01 3.001172508E-10 4.355509027E-03
3.261500000E+02 9.999999702E-01 1.860716043E-10 3.801318412E-03
3.758370000E+02 9.999999776E-01 1.137793947E-10 3.298770478E-03
4.325310000E+02 9.999999831E-01 7.043472011E-11 2.866384144E-03
4.987590000E+02 9.999999873E-01 4.368697807E-11 2.485769680E-03
5.770990000E+02 9.999999905E-01 2.702383470E-11 2.148331569E-03
6.745170000E+02 9.999999931E-01 1.635860060E-11 1.838055972E-03
7.943280000E+02 9.999999950E-01 9.783417001E-12 1.560816187E-03
9.468800000E+02 9.999999965E-01 5.705062842E-12 1.309352822E-03
1.173410000E+03 9.999999977E-01 2.938722284E-12 1.056578689E-03
1.347260000E+03 9.999999983E-01 1.904378314E-12 9.202381129E-04
1.546860000E+03 9.999999987E-01 1.234103331E-12 8.014946408E-04
1.790970000E+03 9.999999990E-01 7.792784912E-13 6.922505681E-04
2.135260000E+03 9.999999993E-01 4.484827112E-13 5.806318668E-04
2.451610000E+03 9.999999995E-01 2.906306778E-13 5.057084936E-04
2.884370000E+03 9.999999996E-01 1.745562118E-13 4.298338979E-04
3.384160000E+03 9.999999997E-01 1.056175558E-13 3.663538367E-04
3.885540000E+03 9.999999998E-01 6.844360245E-14 3.190804882E-04
4.645310000E+03 9.999999999E-01 3.907525290E-14 2.668928446E-04
5.363530000E+03 9.999999999E-01 2.487300656E-14 2.311537364E-04
6.182910000E+03 9.999999999E-01 1.591994144E-14 2.005204669E-04
7.070510000E+03 9.999999999E-01 1.044530978E-14 1.753480301E-04
8.229450000E+03 1.000000000E+00 6.488754631E-15 1.506540534E-04
9.760020000E+03 1.000000000E+00 3.795924765E-15 1.270284282E-04
1.000000000E+04 0.000000000E+00 0.000000000E+00 1.239800000E-04
