# 11/08/2021 
# Data retrieved from www.chemicool.com/densities.html 
# Includes the real (n) and complex (k) part of the  refractive index. 
# Element, Tl  (Z = 81) 
# Nominal density, g cm-3 =  11.85 
#    E [keV]      n       k    Wavelength [nm] 
1.000000000E-03 -1.925538263E+03 1.519816823E-01 1.239800000E+03
1.070040000E-03 -8.065569904E+01 0.000000000E+00 1.158648275E+03
1.140090000E-03 -7.085006699E+01 0.000000000E+00 1.087458008E+03
1.142890000E-03 -7.049475721E+01 0.000000000E+00 1.084793812E+03
1.145700000E-03 -7.014081654E+01 0.000000000E+00 1.082133194E+03
1.148510000E-03 -6.979130430E+01 0.000000000E+00 1.079485594E+03
1.151310000E-03 -6.944376033E+01 0.000000000E+00 1.076860272E+03
1.154120000E-03 -6.909753693E+01 0.000000000E+00 1.074238381E+03
1.156930000E-03 -6.875384195E+01 0.000000000E+00 1.071629226E+03
1.159730000E-03 -6.841563764E+01 0.000000000E+00 1.069041932E+03
1.162540000E-03 -6.807690895E+01 0.000000000E+00 1.066457928E+03
1.165340000E-03 -6.774181596E+01 0.000000000E+00 1.063895515E+03
1.168150000E-03 -6.740796704E+01 0.000000000E+00 1.061336301E+03
1.170960000E-03 -6.707828262E+01 0.000000000E+00 1.058789369E+03
1.173760000E-03 -6.675037461E+01 0.000000000E+00 1.056263631E+03
1.176570000E-03 -6.642366715E+01 0.000000000E+00 1.053740959E+03
1.182180000E-03 -6.578010425E+01 0.000000000E+00 1.048740463E+03
1.184990000E-03 -6.546033613E+01 0.000000000E+00 1.046253555E+03
1.187790000E-03 -6.514395656E+01 0.000000000E+00 1.043787201E+03
1.190600000E-03 -6.483040695E+01 0.000000000E+00 1.041323702E+03
1.193410000E-03 -6.451738340E+01 0.000000000E+00 1.038871804E+03
1.196210000E-03 -6.420766140E+01 0.000000000E+00 1.036440090E+03
1.242330000E-03 -5.941234694E+01 0.000000000E+00 9.979635041E+02
1.282680000E-03 -5.563323776E+01 0.000000000E+00 9.665699941E+02
1.317980000E-03 -5.260971428E+01 0.000000000E+00 9.406819527E+02
1.348880000E-03 -5.015521579E+01 0.000000000E+00 9.191329103E+02
1.375910000E-03 -4.814343536E+01 0.000000000E+00 9.010763785E+02
1.399560000E-03 -4.647816629E+01 0.000000000E+00 8.858498385E+02
1.440950000E-03 -4.375850150E+01 0.000000000E+00 8.604045942E+02
1.471990000E-03 -4.186853094E+01 0.000000000E+00 8.422611567E+02
1.495280000E-03 -4.052736875E+01 0.000000000E+00 8.291423680E+02
1.512740000E-03 -3.956166267E+01 0.000000000E+00 8.195724315E+02
1.525840000E-03 -3.885783417E+01 0.000000000E+00 8.125360457E+02
1.535660000E-03 -3.834154468E+01 0.000000000E+00 8.073401664E+02
1.543030000E-03 -3.796157175E+01 0.000000000E+00 8.034840541E+02
1.548550000E-03 -3.767928093E+01 0.000000000E+00 8.006199348E+02
1.556840000E-03 -3.726249295E+01 0.000000000E+00 7.963567226E+02
1.560980000E-03 -3.705684035E+01 0.000000000E+00 7.942446412E+02
1.563050000E-03 -3.695413660E+01 0.000000000E+00 7.931927961E+02
1.565130000E-03 -3.685234168E+01 0.000000000E+00 7.921386722E+02
1.568980000E-03 -3.666387011E+01 0.000000000E+00 7.901949037E+02
1.572830000E-03 -3.647678806E+01 0.000000000E+00 7.882606512E+02
1.576680000E-03 -3.629108192E+01 0.000000000E+00 7.863358449E+02
1.580540000E-03 -3.610626873E+01 0.000000000E+00 7.844154529E+02
1.584390000E-03 -3.592327777E+01 0.000000000E+00 7.825093569E+02
1.586310000E-03 -3.583203803E+01 0.000000000E+00 7.815622419E+02
1.588240000E-03 -3.574162292E+01 0.000000000E+00 7.806125019E+02
1.590170000E-03 -3.565058601E+01 0.000000000E+00 7.796650673E+02
1.592090000E-03 -3.556034154E+01 0.000000000E+00 7.787248208E+02
1.594020000E-03 -3.547091506E+01 0.000000000E+00 7.777819601E+02
1.595950000E-03 -3.538086886E+01 0.000000000E+00 7.768413797E+02
1.598830000E-03 -3.524803659E+01 0.000000000E+00 7.754420420E+02
1.600760000E-03 -3.515974300E+01 0.000000000E+00 7.745071091E+02
1.602210000E-03 -3.509338577E+01 0.000000000E+00 7.738061802E+02
1.602930000E-03 -3.506003151E+01 0.000000000E+00 7.734586039E+02
1.603290000E-03 -3.504383962E+01 0.000000000E+00 7.732849329E+02
1.603470000E-03 -3.503574776E+01 0.000000000E+00 7.731981266E+02
1.603650000E-03 -3.502672260E+01 0.000000000E+00 7.731113398E+02
1.603770000E-03 -3.502133149E+01 0.000000000E+00 7.730534927E+02
1.604000000E-03 -3.501100193E+01 0.000000000E+00 7.729426434E+02
1.607500000E-03 -3.485156493E+01 0.000000000E+00 7.712597201E+02
1.607980000E-03 -3.483016393E+01 0.000000000E+00 7.710294904E+02
1.611350000E-03 -3.467766793E+01 0.000000000E+00 7.694169485E+02
1.613280000E-03 -3.459143026E+01 0.000000000E+00 7.684964792E+02
1.615210000E-03 -3.450457995E+01 0.000000000E+00 7.675782096E+02
1.617130000E-03 -3.441940116E+01 0.000000000E+00 7.666668728E+02
1.619060000E-03 -3.433317153E+01 0.000000000E+00 7.657529678E+02
1.620990000E-03 -3.424816801E+01 0.000000000E+00 7.648412390E+02
1.622910000E-03 -3.416298806E+01 0.000000000E+00 7.639363859E+02
1.626760000E-03 -3.399401795E+01 0.000000000E+00 7.621284025E+02
1.630620000E-03 -3.382582256E+01 0.000000000E+00 7.603242938E+02
1.634470000E-03 -3.365924791E+01 0.000000000E+00 7.585333472E+02
1.640250000E-03 -3.341183121E+01 0.000000000E+00 7.558603871E+02
1.642170000E-03 -3.332962543E+01 0.000000000E+00 7.549766468E+02
1.643630000E-03 -3.326777299E+01 0.000000000E+00 7.543060178E+02
1.646550000E-03 -3.314456370E+01 0.000000000E+00 7.529683277E+02
1.649450000E-03 -3.302195162E+01 0.000000000E+00 7.516444876E+02
1.655230000E-03 -3.278124536E+01 0.000000000E+00 7.490197737E+02
1.660960000E-03 -3.254420676E+01 0.000000000E+00 7.464357962E+02
1.666650000E-03 -3.231208921E+01 0.000000000E+00 7.438874389E+02
1.672300000E-03 -3.208307055E+01 0.000000000E+00 7.413741554E+02
1.683500000E-03 -3.163754954E+01 0.000000000E+00 7.364419364E+02
1.694530000E-03 -3.120650018E+01 0.000000000E+00 7.316483037E+02
1.705380000E-03 -3.079054509E+01 0.000000000E+00 7.269933974E+02
1.716070000E-03 -3.038917063E+01 0.000000000E+00 7.224647013E+02
1.726590000E-03 -3.000137179E+01 0.000000000E+00 7.180627711E+02
1.736940000E-03 -2.962583247E+01 0.000000000E+00 7.137840110E+02
1.747130000E-03 -2.926331989E+01 0.000000000E+00 7.096209212E+02
1.757810000E-03 -2.889046043E+01 0.000000000E+00 7.053094476E+02
1.767040000E-03 -2.857284741E+01 0.000000000E+00 7.016253169E+02
1.776760000E-03 -2.824406799E+01 0.000000000E+00 6.977869830E+02
1.786330000E-03 -2.792553080E+01 0.000000000E+00 6.940486920E+02
1.795760000E-03 -2.761656582E+01 0.000000000E+00 6.904040629E+02
1.805030000E-03 -2.731748077E+01 0.000000000E+00 6.868583902E+02
1.814160000E-03 -2.702732383E+01 0.000000000E+00 6.834016845E+02
1.827570000E-03 -2.660887708E+01 0.000000000E+00 6.783871480E+02
1.853620000E-03 -2.582290965E+01 0.000000000E+00 6.688533788E+02
1.887100000E-03 -2.485864012E+01 0.000000000E+00 6.569869111E+02
2.000000000E-03 -2.195299643E+01 0.000000000E+00 6.199000000E+02
2.138180000E-03 -1.898793203E+01 0.000000000E+00 5.798389284E+02
2.200950000E-03 -1.782335020E+01 0.000000000E+00 5.633022104E+02
2.295110000E-03 -1.625477406E+01 0.000000000E+00 5.401919734E+02
2.343750000E-03 -1.551841917E+01 0.000000000E+00 5.289813333E+02
2.389260000E-03 -1.486519616E+01 0.000000000E+00 5.189054352E+02
2.395140000E-03 -1.478361809E+01 0.000000000E+00 5.176315372E+02
2.401020000E-03 -1.470264786E+01 0.000000000E+00 5.163638787E+02
2.406900000E-03 -1.462227950E+01 0.000000000E+00 5.151024139E+02
2.412780000E-03 -1.454250711E+01 0.000000000E+00 5.138470975E+02
2.418670000E-03 -1.446278550E+01 0.000000000E+00 5.125957654E+02
2.424550000E-03 -1.438419056E+01 0.000000000E+00 5.113526221E+02
2.430430000E-03 -1.430617429E+01 0.000000000E+00 5.101154940E+02
2.436310000E-03 -1.422873104E+01 0.000000000E+00 5.088843374E+02
2.442190000E-03 -1.415185527E+01 0.000000000E+00 5.076591092E+02
2.448070000E-03 -1.407554149E+01 0.000000000E+00 5.064397668E+02
2.453950000E-03 -1.399938454E+01 0.000000000E+00 5.052262679E+02
2.459830000E-03 -1.392418045E+01 0.000000000E+00 5.040185704E+02
2.465710000E-03 -1.384952226E+01 0.000000000E+00 5.028166329E+02
2.477470000E-03 -1.370182276E+01 0.000000000E+00 5.004298740E+02
2.483360000E-03 -1.362865335E+01 0.000000000E+00 4.992429611E+02
2.489240000E-03 -1.355612798E+01 0.000000000E+00 4.980636660E+02
2.495120000E-03 -1.348373632E+01 0.000000000E+00 4.968899291E+02
2.501000000E-03 -1.341224856E+01 0.000000000E+00 4.957217113E+02
2.506880000E-03 -1.334127137E+01 0.000000000E+00 4.945589737E+02
2.551370000E-03 -1.281995905E+01 0.000000000E+00 4.859350075E+02
2.557650000E-03 -1.274849609E+01 0.000000000E+00 4.847418529E+02
2.563930000E-03 -1.267756660E+01 0.000000000E+00 4.835545432E+02
2.570210000E-03 -1.260716534E+01 0.000000000E+00 4.823730357E+02
2.576490000E-03 -1.253764973E+01 0.000000000E+00 4.811972878E+02
2.582770000E-03 -1.246828766E+01 0.000000000E+00 4.800272576E+02
2.589050000E-03 -1.239943844E+01 0.000000000E+00 4.788629034E+02
2.595330000E-03 -1.233109710E+01 0.000000000E+00 4.777041841E+02
2.601610000E-03 -1.226361433E+01 0.000000000E+00 4.765510588E+02
2.607890000E-03 -1.219627223E+01 0.000000000E+00 4.754034871E+02
2.614170000E-03 -1.212942338E+01 0.000000000E+00 4.742614291E+02
2.620450000E-03 -1.206306300E+01 0.000000000E+00 4.731248450E+02
2.626730000E-03 -1.199718639E+01 0.000000000E+00 4.719936956E+02
2.636720000E-03 -1.189369190E+01 0.000000000E+00 4.702054067E+02
2.645570000E-03 -1.180241291E+01 0.000000000E+00 4.686324686E+02
2.651850000E-03 -1.173842542E+01 0.000000000E+00 4.675226729E+02
2.658130000E-03 -1.167455830E+01 0.000000000E+00 4.664181210E+02
2.664410000E-03 -1.161149016E+01 0.000000000E+00 4.653187760E+02
2.670690000E-03 -1.154887436E+01 0.000000000E+00 4.642246011E+02
2.676970000E-03 -1.148637073E+01 0.000000000E+00 4.631355600E+02
2.691090000E-03 -1.134803887E+01 0.000000000E+00 4.607055134E+02
2.698150000E-03 -1.127953561E+01 0.000000000E+00 4.595000278E+02
2.705210000E-03 -1.121157832E+01 0.000000000E+00 4.583008343E+02
2.711870000E-03 -1.114807138E+01 0.000000000E+00 4.571753071E+02
2.718530000E-03 -1.108503942E+01 0.000000000E+00 4.560552946E+02
2.719820000E-03 -1.107292755E+01 0.000000000E+00 4.558389893E+02
2.725350000E-03 -1.102106618E+01 0.000000000E+00 4.549140477E+02
2.733210000E-03 -1.094783774E+01 0.000000000E+00 4.536058334E+02
2.738770000E-03 -1.089648790E+01 0.000000000E+00 4.526849644E+02
2.745470000E-03 -1.083498185E+01 0.000000000E+00 4.515802394E+02
2.752180000E-03 -1.077352964E+01 0.000000000E+00 4.504792564E+02
2.756090000E-03 -1.073824628E+01 0.000000000E+00 4.498401721E+02
2.763340000E-03 -1.067295044E+01 0.000000000E+00 4.486599550E+02
2.768360000E-03 -1.062814182E+01 0.000000000E+00 4.478463784E+02
2.770870000E-03 -1.060583048E+01 0.000000000E+00 4.474406955E+02
2.776730000E-03 -1.055377432E+01 0.000000000E+00 4.464964184E+02
2.778400000E-03 -1.053895386E+01 0.000000000E+00 4.462280449E+02
2.783420000E-03 -1.049488389E+01 0.000000000E+00 4.454232563E+02
2.785930000E-03 -1.047293987E+01 0.000000000E+00 4.450219496E+02
2.787610000E-03 -1.045818600E+01 0.000000000E+00 4.447537496E+02
2.789070000E-03 -1.044526471E+01 0.000000000E+00 4.445209335E+02
2.791270000E-03 -1.042599431E+01 0.000000000E+00 4.441705747E+02
2.792370000E-03 -1.041637655E+01 0.000000000E+00 4.439956023E+02
2.792920000E-03 -1.041157203E+01 0.000000000E+00 4.439081678E+02
2.794300000E-03 -1.039937844E+01 0.000000000E+00 4.436889382E+02
2.800160000E-03 -1.034833952E+01 0.000000000E+00 4.427604137E+02
2.801830000E-03 -1.033389554E+01 0.000000000E+00 4.424965112E+02
2.806850000E-03 -1.029033546E+01 0.000000000E+00 4.417051143E+02
2.810200000E-03 -1.026160453E+01 0.000000000E+00 4.411785638E+02
2.815220000E-03 -1.021844048E+01 0.000000000E+00 4.403918699E+02
2.820240000E-03 -1.017581478E+01 0.000000000E+00 4.396079766E+02
2.826940000E-03 -1.011898722E+01 0.000000000E+00 4.385660821E+02
2.832680000E-03 -1.007067103E+01 0.000000000E+00 4.376773938E+02
2.839390000E-03 -1.001452729E+01 0.000000000E+00 4.366430818E+02
2.846090000E-03 -9.958866329E+00 0.000000000E+00 4.356151773E+02
2.853720000E-03 -9.895909366E+00 0.000000000E+00 4.344504717E+02
2.859510000E-03 -9.848591175E+00 0.000000000E+00 4.335707866E+02
2.862340000E-03 -9.825680698E+00 0.000000000E+00 4.331421145E+02
2.867820000E-03 -9.781127966E+00 0.000000000E+00 4.323144409E+02
2.878090000E-03 -9.698802375E+00 0.000000000E+00 4.307717966E+02
2.887080000E-03 -9.627078383E+00 0.000000000E+00 4.294304280E+02
2.902810000E-03 -9.503646352E+00 0.000000000E+00 4.271033929E+02
2.914610000E-03 -9.412251642E+00 0.000000000E+00 4.253742353E+02
2.932310000E-03 -9.277411769E+00 0.000000000E+00 4.228065928E+02
2.950010000E-03 -9.145048651E+00 0.000000000E+00 4.202697618E+02
2.962330000E-03 -9.054256449E+00 0.000000000E+00 4.185219067E+02
2.964530000E-03 -9.037969799E+00 0.000000000E+00 4.182113185E+02
2.971790000E-03 -8.984623695E+00 0.000000000E+00 4.171896399E+02
2.979050000E-03 -8.931948987E+00 0.000000000E+00 4.161729410E+02
2.986310000E-03 -8.879397941E+00 0.000000000E+00 4.151611855E+02
2.993580000E-03 -8.827173580E+00 0.000000000E+00 4.141529540E+02
3.000840000E-03 -8.775403870E+00 0.000000000E+00 4.131509844E+02
3.008100000E-03 -8.724284881E+00 0.000000000E+00 4.121538513E+02
3.015360000E-03 -8.673279528E+00 0.000000000E+00 4.111615197E+02
3.022620000E-03 -8.622651421E+00 0.000000000E+00 4.101739550E+02
3.029880000E-03 -8.572659123E+00 0.000000000E+00 4.091911231E+02
3.037140000E-03 -8.522773329E+00 0.000000000E+00 4.082129899E+02
3.044400000E-03 -8.473253937E+00 0.000000000E+00 4.072395217E+02
3.051660000E-03 -8.424097433E+00 0.000000000E+00 4.062706855E+02
3.058930000E-03 -8.375496271E+00 0.000000000E+00 4.053051230E+02
3.066190000E-03 -8.327054342E+00 0.000000000E+00 4.043454580E+02
3.073450000E-03 -8.278964958E+00 0.000000000E+00 4.033903268E+02
3.080710000E-03 -8.231478384E+00 0.000000000E+00 4.024396973E+02
3.087970000E-03 -8.184082841E+00 0.000000000E+00 4.014935378E+02
3.095230000E-03 -8.137029873E+00 0.000000000E+00 4.005518168E+02
3.111860000E-03 -8.030186891E+00 0.000000000E+00 3.984112396E+02
3.143030000E-03 -7.833691409E+00 0.000000000E+00 3.944601229E+02
3.197580000E-03 -7.503783779E+00 0.000000000E+00 3.877307214E+02
3.231520000E-03 -7.307192794E+00 0.000000000E+00 3.836584641E+02
3.257990000E-03 -7.156653734E+00 0.000000000E+00 3.805413767E+02
3.270890000E-03 -7.084567993E+00 0.000000000E+00 3.790405669E+02
3.282180000E-03 -7.022118284E+00 0.000000000E+00 3.777367481E+02
3.301950000E-03 -6.914641549E+00 0.000000000E+00 3.754750980E+02
3.316770000E-03 -6.835318534E+00 0.000000000E+00 3.737973993E+02
3.327880000E-03 -6.776569354E+00 0.000000000E+00 3.725494910E+02
3.336220000E-03 -6.732763440E+00 0.000000000E+00 3.716181787E+02
3.348720000E-03 -6.667628860E+00 0.000000000E+00 3.702310136E+02
3.354980000E-03 -6.634978440E+00 0.000000000E+00 3.695402059E+02
3.361230000E-03 -6.602776138E+00 0.000000000E+00 3.688530687E+02
3.361240000E-03 -6.602517835E+00 0.000000000E+00 3.688519713E+02
3.363570000E-03 -6.590712098E+00 0.000000000E+00 3.685964615E+02
3.366620000E-03 -6.574840843E+00 0.000000000E+00 3.682625304E+02
3.383190000E-03 -6.490518215E+00 0.000000000E+00 3.664588746E+02
3.391470000E-03 -6.448965112E+00 0.000000000E+00 3.655641949E+02
3.399760000E-03 -6.407475618E+00 0.000000000E+00 3.646728004E+02
3.408050000E-03 -6.366301175E+00 0.000000000E+00 3.637857426E+02
3.413490000E-03 -6.339535432E+00 0.000000000E+00 3.632059857E+02
3.417570000E-03 -6.319548397E+00 0.000000000E+00 3.627723792E+02
3.423680000E-03 -6.289749821E+00 0.000000000E+00 3.621249649E+02
3.426740000E-03 -6.274891516E+00 0.000000000E+00 3.618015957E+02
3.429800000E-03 -6.260074603E+00 0.000000000E+00 3.614788034E+02
3.435700000E-03 -6.231490397E+00 0.000000000E+00 3.608580493E+02
3.439820000E-03 -6.211736645E+00 0.000000000E+00 3.604258362E+02
3.443270000E-03 -6.195058865E+00 0.000000000E+00 3.600647059E+02
3.446370000E-03 -6.180094147E+00 0.000000000E+00 3.597408288E+02
3.447930000E-03 -6.172585996E+00 0.000000000E+00 3.595780657E+02
3.449090000E-03 -6.166952840E+00 0.000000000E+00 3.594571322E+02
3.449860000E-03 -6.163349392E+00 0.000000000E+00 3.593769023E+02
3.457770000E-03 -6.125378439E+00 0.000000000E+00 3.585547911E+02
3.459840000E-03 -6.115447209E+00 0.000000000E+00 3.583402701E+02
3.466050000E-03 -6.085965609E+00 0.000000000E+00 3.576982444E+02
3.469410000E-03 -6.070047417E+00 0.000000000E+00 3.573518264E+02
3.474440000E-03 -6.046400912E+00 0.000000000E+00 3.568344827E+02
3.479480000E-03 -6.022622297E+00 0.000000000E+00 3.563176107E+02
3.485520000E-03 -5.994341813E+00 0.000000000E+00 3.557001538E+02
3.491560000E-03 -5.966214814E+00 0.000000000E+00 3.550848331E+02
3.499200000E-03 -5.930913724E+00 0.000000000E+00 3.543095565E+02
3.507490000E-03 -5.892711186E+00 0.000000000E+00 3.534721410E+02
3.515770000E-03 -5.854830470E+00 0.000000000E+00 3.526396778E+02
3.529350000E-03 -5.793291361E+00 0.000000000E+00 3.512828141E+02
3.532340000E-03 -5.779673525E+00 0.000000000E+00 3.509854657E+02
3.534950000E-03 -5.767932056E+00 0.000000000E+00 3.507263186E+02
3.538850000E-03 -5.750332056E+00 0.000000000E+00 3.503397997E+02
3.542750000E-03 -5.732601316E+00 0.000000000E+00 3.499541317E+02
3.551280000E-03 -5.694380438E+00 0.000000000E+00 3.491135591E+02
3.559810000E-03 -5.656448143E+00 0.000000000E+00 3.482770148E+02
3.568340000E-03 -5.618612563E+00 0.000000000E+00 3.474444700E+02
3.593940000E-03 -5.507326284E+00 0.000000000E+00 3.449695877E+02
3.602500000E-03 -5.470503157E+00 0.000000000E+00 3.441498959E+02
3.611000000E-03 -5.433984846E+00 0.000000000E+00 3.433397951E+02
3.619530000E-03 -5.397631747E+00 0.000000000E+00 3.425306601E+02
3.632320000E-03 -5.343351978E+00 0.000000000E+00 3.413245529E+02
3.636590000E-03 -5.325369953E+00 0.000000000E+00 3.409237775E+02
3.648320000E-03 -5.276260946E+00 0.000000000E+00 3.398276467E+02
3.654180000E-03 -5.251820804E+00 0.000000000E+00 3.392826845E+02
3.660040000E-03 -5.227504879E+00 0.000000000E+00 3.387394673E+02
3.661440000E-03 -5.221666108E+00 0.000000000E+00 3.386099458E+02
3.663160000E-03 -5.214569115E+00 0.000000000E+00 3.384509549E+02
3.666130000E-03 -5.202354938E+00 0.000000000E+00 3.381767695E+02
3.670090000E-03 -5.185760753E+00 0.000000000E+00 3.378118793E+02
3.677030000E-03 -5.157091725E+00 0.000000000E+00 3.371742956E+02
3.681190000E-03 -5.139986257E+00 0.000000000E+00 3.367932652E+02
3.690210000E-03 -5.103112963E+00 0.000000000E+00 3.359700396E+02
3.699220000E-03 -5.066382751E+00 0.000000000E+00 3.351517347E+02
3.708240000E-03 -5.030079551E+00 0.000000000E+00 3.343365046E+02
3.712310000E-03 -5.013720552E+00 0.000000000E+00 3.339699540E+02
3.718420000E-03 -4.989098942E+00 0.000000000E+00 3.334211843E+02
3.724520000E-03 -4.964811948E+00 0.000000000E+00 3.328751087E+02
3.730710000E-03 -4.939846173E+00 0.000000000E+00 3.323228018E+02
3.736890000E-03 -4.915044605E+00 0.000000000E+00 3.317732125E+02
3.740600000E-03 -4.900220422E+00 0.000000000E+00 3.314441533E+02
3.744300000E-03 -4.885474789E+00 0.000000000E+00 3.311166306E+02
3.753320000E-03 -4.849702308E+00 0.000000000E+00 3.303208892E+02
3.755570000E-03 -4.840817816E+00 0.000000000E+00 3.301229907E+02
3.761490000E-03 -4.817513359E+00 0.000000000E+00 3.296034284E+02
3.762340000E-03 -4.814204813E+00 0.000000000E+00 3.295289634E+02
3.764540000E-03 -4.805712576E+00 0.000000000E+00 3.293363864E+02
3.767350000E-03 -4.794680597E+00 0.000000000E+00 3.290907402E+02
3.774810000E-03 -4.765549095E+00 0.000000000E+00 3.284403718E+02
3.777760000E-03 -4.754018083E+00 0.000000000E+00 3.281838973E+02
3.780340000E-03 -4.743808616E+00 0.000000000E+00 3.279599189E+02
3.784850000E-03 -4.726095278E+00 0.000000000E+00 3.275691243E+02
3.788240000E-03 -4.713000036E+00 0.000000000E+00 3.272759910E+02
3.790780000E-03 -4.703001453E+00 0.000000000E+00 3.270567007E+02
3.794590000E-03 -4.688211331E+00 0.000000000E+00 3.267283158E+02
3.796500000E-03 -4.680819260E+00 0.000000000E+00 3.265639405E+02
3.798400000E-03 -4.673469045E+00 0.000000000E+00 3.264005897E+02
3.802910000E-03 -4.656025586E+00 0.000000000E+00 3.260135002E+02
3.806290000E-03 -4.642994181E+00 0.000000000E+00 3.257239990E+02
3.808550000E-03 -4.634307593E+00 0.000000000E+00 3.255307138E+02
3.814170000E-03 -4.612917554E+00 0.000000000E+00 3.250510596E+02
3.816430000E-03 -4.604288612E+00 0.000000000E+00 3.248585720E+02
3.820380000E-03 -4.589077323E+00 0.000000000E+00 3.245226915E+02
3.824320000E-03 -4.573946034E+00 0.000000000E+00 3.241883524E+02
3.825450000E-03 -4.569502107E+00 0.000000000E+00 3.240925904E+02
3.840220000E-03 -4.513031228E+00 0.000000000E+00 3.228460869E+02
3.843480000E-03 -4.500586926E+00 0.000000000E+00 3.225722522E+02
3.852660000E-03 -4.465971759E+00 0.000000000E+00 3.218036370E+02
3.859910000E-03 -4.438510380E+00 0.000000000E+00 3.211991989E+02
3.861970000E-03 -4.430611923E+00 0.000000000E+00 3.210278692E+02
3.874150000E-03 -4.384490213E+00 0.000000000E+00 3.200185847E+02
3.878910000E-03 -4.366643524E+00 0.000000000E+00 3.196258743E+02
3.889240000E-03 -4.327988356E+00 0.000000000E+00 3.187769333E+02
3.899570000E-03 -4.288717134E+00 0.000000000E+00 3.179324900E+02
3.903800000E-03 -4.272523426E+00 0.000000000E+00 3.175879912E+02
3.909040000E-03 -4.252568787E+00 0.000000000E+00 3.171622700E+02
3.913740000E-03 -4.234774714E+00 0.000000000E+00 3.167813907E+02
3.920800000E-03 -4.208110273E+00 0.000000000E+00 3.162109774E+02
3.924330000E-03 -4.194993572E+00 0.000000000E+00 3.159265403E+02
3.927860000E-03 -4.181759569E+00 0.000000000E+00 3.156426146E+02
3.934920000E-03 -4.155408810E+00 0.000000000E+00 3.150762913E+02
3.944340000E-03 -4.120601780E+00 0.000000000E+00 3.143238159E+02
3.945510000E-03 -4.116328246E+00 0.000000000E+00 3.142306064E+02
3.946690000E-03 -4.111878436E+00 0.000000000E+00 3.141366563E+02
3.947280000E-03 -4.109732430E+00 0.000000000E+00 3.140897023E+02
3.948380000E-03 -4.105650469E+00 0.000000000E+00 3.140021984E+02
3.949350000E-03 -4.102216787E+00 0.000000000E+00 3.139250763E+02
3.952720000E-03 -4.089360561E+00 0.000000000E+00 3.136574308E+02
3.954410000E-03 -4.083010218E+00 0.000000000E+00 3.135233828E+02
3.955260000E-03 -4.079748637E+00 0.000000000E+00 3.134560054E+02
3.956100000E-03 -4.076515057E+00 0.000000000E+00 3.133894492E+02
3.957280000E-03 -4.071950890E+00 0.000000000E+00 3.132960013E+02
3.965520000E-03 -4.040791644E+00 0.000000000E+00 3.126449999E+02
3.967870000E-03 -4.031917521E+00 0.000000000E+00 3.124598336E+02
3.974930000E-03 -4.005222276E+00 0.000000000E+00 3.119048637E+02
3.981490000E-03 -3.980694340E+00 0.000000000E+00 3.113909617E+02
3.986410000E-03 -3.962348615E+00 0.000000000E+00 3.110066451E+02
3.994750000E-03 -3.931543505E+00 0.000000000E+00 3.103573440E+02
4.001170000E-03 -3.906708954E+00 0.000000000E+00 3.098593661E+02
4.012580000E-03 -3.862098897E+00 0.000000000E+00 3.089782634E+02
4.021420000E-03 -3.827796442E+00 0.000000000E+00 3.082990585E+02
4.030930000E-03 -3.790524752E+00 0.000000000E+00 3.075717018E+02
4.044950000E-03 -3.733834201E+00 0.000000000E+00 3.065056428E+02
4.049930000E-03 -3.713834025E+00 0.000000000E+00 3.061287479E+02
4.054710000E-03 -3.694820076E+00 0.000000000E+00 3.057678601E+02
4.069040000E-03 -3.637967318E+00 0.000000000E+00 3.046910328E+02
4.090100000E-03 -3.550182197E+00 0.000000000E+00 3.031221731E+02
4.105200000E-03 -3.485631919E+00 0.000000000E+00 3.020072104E+02
4.120300000E-03 -3.421762142E+00 0.000000000E+00 3.009004199E+02
4.134590000E-03 -3.359848635E+00 1.405870240E-06 2.998604457E+02
4.146280000E-03 -3.305894823E+00 7.235729164E-06 2.990150207E+02
4.160050000E-03 -3.239741860E+00 4.238003178E-05 2.980252641E+02
4.174570000E-03 -3.165546104E+00 2.280890994E-04 2.969886719E+02
4.195840000E-03 -3.045072977E+00 1.948660308E-03 2.954831452E+02
4.208820000E-03 -2.961185305E+00 6.016843439E-03 2.945718753E+02
4.227350000E-03 -2.822276215E+00 2.396465892E-02 2.932806605E+02
4.248580000E-03 -2.636011150E+00 8.528029774E-02 2.918151476E+02
4.268330000E-03 -2.460139909E+00 2.103764536E-01 2.904648891E+02
4.279240000E-03 -2.379683978E+00 3.109033207E-01 2.897243436E+02
4.286030000E-03 -2.340942049E+00 3.829280955E-01 2.892653575E+02
4.290830000E-03 -2.320135463E+00 4.368630948E-01 2.889417665E+02
4.297550000E-03 -2.309629976E+00 5.147632651E-01 2.884899536E+02
4.307850000E-03 -2.293562924E+00 6.331991788E-01 2.878001787E+02
4.313370000E-03 -2.300793721E+00 6.937217301E-01 2.874318688E+02
4.316060000E-03 -2.307535086E+00 7.214693358E-01 2.872527259E+02
4.318630000E-03 -2.313925017E+00 7.478930924E-01 2.870817829E+02
4.323660000E-03 -2.331457196E+00 7.954871314E-01 2.867478016E+02
4.338840000E-03 -2.404343226E+00 9.103140134E-01 2.857445769E+02
4.356510000E-03 -2.501713023E+00 9.878891896E-01 2.845855972E+02
4.387600000E-03 -2.635448826E+00 1.022412151E+00 2.825690583E+02
4.400670000E-03 -2.673052915E+00 1.019459255E+00 2.817298275E+02
4.427510000E-03 -2.718419780E+00 1.002847291E+00 2.800219536E+02
4.456180000E-03 -2.741520560E+00 9.825913046E-01 2.782203591E+02
4.479230000E-03 -2.747983772E+00 9.664900642E-01 2.767886445E+02
4.496460000E-03 -2.747413141E+00 9.545432183E-01 2.757280172E+02
4.498890000E-03 -2.747290765E+00 9.528712953E-01 2.755790873E+02
4.501320000E-03 -2.747285272E+00 9.512024252E-01 2.754303182E+02
4.503660000E-03 -2.747190021E+00 9.495971012E-01 2.752872108E+02
4.511610000E-03 -2.746294876E+00 9.441542954E-01 2.748021216E+02
4.525830000E-03 -2.741476045E+00 9.344253276E-01 2.739387030E+02
4.536910000E-03 -2.737724920E+00 9.269139134E-01 2.732696924E+02
4.548000000E-03 -2.733018456E+00 9.196583131E-01 2.726033421E+02
4.559080000E-03 -2.727287551E+00 9.126457669E-01 2.719408302E+02
4.564030000E-03 -2.724522736E+00 9.095208252E-01 2.716458919E+02
4.567310000E-03 -2.722636992E+00 9.074533490E-01 2.714508102E+02
4.571460000E-03 -2.719912684E+00 9.048447154E-01 2.712043855E+02
4.578880000E-03 -2.715214329E+00 9.001923332E-01 2.707649032E+02
4.585610000E-03 -2.710498863E+00 8.959813598E-01 2.703675193E+02
4.588980000E-03 -2.708137424E+00 8.938828758E-01 2.701689700E+02
4.592340000E-03 -2.705795057E+00 8.917889027E-01 2.699713000E+02
4.600650000E-03 -2.699584730E+00 8.866220281E-01 2.694836599E+02
4.604810000E-03 -2.696422529E+00 8.840456347E-01 2.692402075E+02
4.607240000E-03 -2.694452201E+00 8.825383807E-01 2.690982020E+02
4.612830000E-03 -2.690028619E+00 8.790782172E-01 2.687720987E+02
4.615200000E-03 -2.688047980E+00 8.776161879E-01 2.686340787E+02
4.625600000E-03 -2.679695379E+00 8.712317557E-01 2.680300934E+02
4.628370000E-03 -2.677314892E+00 8.695296202E-01 2.678696820E+02
4.636680000E-03 -2.670191770E+00 8.644427454E-01 2.673895977E+02
4.640840000E-03 -2.666632589E+00 8.619090169E-01 2.671499125E+02
4.648110000E-03 -2.660074154E+00 8.574734822E-01 2.667320696E+02
4.659020000E-03 -2.650050058E+00 8.508573424E-01 2.661074647E+02
4.664480000E-03 -2.645050325E+00 8.475665826E-01 2.657959730E+02
4.669940000E-03 -2.639843225E+00 8.442734246E-01 2.654852097E+02
4.681020000E-03 -2.628894388E+00 8.376107399E-01 2.648568047E+02
4.692110000E-03 -2.617992834E+00 8.310427856E-01 2.642308045E+02
4.703190000E-03 -2.606189555E+00 8.248247211E-01 2.636083169E+02
4.714280000E-03 -2.594550204E+00 8.186523915E-01 2.629881976E+02
4.719430000E-03 -2.589195237E+00 8.158010573E-01 2.627012160E+02
4.725360000E-03 -2.582995429E+00 8.125322899E-01 2.623715442E+02
4.730770000E-03 -2.577386649E+00 8.095628137E-01 2.620715021E+02
4.742100000E-03 -2.565343731E+00 8.033771570E-01 2.614453512E+02
4.754640000E-03 -2.551885938E+00 7.965927048E-01 2.607558091E+02
4.776120000E-03 -2.526868607E+00 7.848934121E-01 2.595830926E+02
4.793120000E-03 -2.507238811E+00 7.757574696E-01 2.586624161E+02
4.801530000E-03 -2.497573823E+00 7.712809116E-01 2.582093624E+02
4.810130000E-03 -2.487783424E+00 7.667286978E-01 2.577477116E+02
4.825160000E-03 -2.470121173E+00 7.589891047E-01 2.569448474E+02
4.836980000E-03 -2.455857260E+00 7.531132872E-01 2.563169581E+02
4.848800000E-03 -2.441691020E+00 7.472856735E-01 2.556921300E+02
4.862310000E-03 -2.425646535E+00 7.406839368E-01 2.549816857E+02
4.865330000E-03 -2.421903585E+00 7.392165947E-01 2.548234138E+02
4.872400000E-03 -2.413196971E+00 7.357932804E-01 2.544536573E+02
4.879470000E-03 -2.404526415E+00 7.323866885E-01 2.540849723E+02
4.887770000E-03 -2.394485064E+00 7.284081906E-01 2.536535066E+02
4.891950000E-03 -2.389390717E+00 7.264135426E-01 2.534367686E+02
4.901980000E-03 -2.376536523E+00 7.215496063E-01 2.529182086E+02
4.907890000E-03 -2.369009088E+00 7.187006193E-01 2.526136486E+02
4.910850000E-03 -2.365248436E+00 7.172785241E-01 2.524613865E+02
4.915280000E-03 -2.359683342E+00 7.151542321E-01 2.522338504E+02
4.920450000E-03 -2.353124026E+00 7.126837681E-01 2.519688240E+02
4.935040000E-03 -2.334809493E+00 7.057589575E-01 2.512239009E+02
4.946300000E-03 -2.320824395E+00 7.004605686E-01 2.506520025E+02
4.951470000E-03 -2.314384158E+00 6.980422738E-01 2.503902881E+02
4.955350000E-03 -2.309588037E+00 6.962329800E-01 2.501942345E+02
4.961170000E-03 -2.302218769E+00 6.935285336E-01 2.499007291E+02
4.966980000E-03 -2.294693056E+00 6.908659207E-01 2.496084140E+02
4.972890000E-03 -2.286671914E+00 6.882387354E-01 2.493117684E+02
4.978800000E-03 -2.278776660E+00 6.856230414E-01 2.490158271E+02
4.987670000E-03 -2.266834882E+00 6.817167672E-01 2.485729810E+02
5.000960000E-03 -2.249206042E+00 6.759047342E-01 2.479124008E+02
5.006500000E-03 -2.241827054E+00 6.734973495E-01 2.476380705E+02
5.016680000E-03 -2.228396632E+00 6.690977080E-01 2.471355558E+02
5.026080000E-03 -2.216141560E+00 6.650640750E-01 2.466733518E+02
5.037890000E-03 -2.199942320E+00 6.600280565E-01 2.460950914E+02
5.045870000E-03 -2.188978062E+00 6.566496297E-01 2.457058941E+02
5.053490000E-03 -2.178519858E+00 6.534398128E-01 2.453354019E+02
5.061110000E-03 -2.168204106E+00 6.502472741E-01 2.449660252E+02
5.067270000E-03 -2.159849736E+00 6.476763860E-01 2.446682336E+02
5.073440000E-03 -2.151514150E+00 6.451135157E-01 2.443706834E+02
5.085890000E-03 -2.134707610E+00 6.399720931E-01 2.437724764E+02
5.098350000E-03 -2.118107822E+00 6.348706454E-01 2.431767140E+02
5.117640000E-03 -2.092623817E+00 6.270559493E-01 2.422601043E+02
5.134920000E-03 -2.069105477E+00 6.202828506E-01 2.414448521E+02
5.150770000E-03 -2.045709349E+00 6.141738955E-01 2.407018756E+02
5.176160000E-03 -2.008715557E+00 6.045175123E-01 2.395211895E+02
5.198010000E-03 -1.976257897E+00 5.963358150E-01 2.385143545E+02
5.286080000E-03 -1.836387912E+00 5.645286336E-01 2.345405291E+02
5.335770000E-03 -1.738740392E+00 5.489681336E-01 2.323563422E+02
5.379270000E-03 -1.626743898E+00 5.500081947E-01 2.304773696E+02
5.430000000E-03 -1.479188423E+00 6.268794516E-01 2.283241252E+02
5.448360000E-03 -1.443370122E+00 6.812324466E-01 2.275547137E+02
5.470800000E-03 -1.426744877E+00 7.537571087E-01 2.266213351E+02
5.492670000E-03 -1.438097138E+00 8.148320584E-01 2.257190037E+02
5.531630000E-03 -1.490095116E+00 8.719541671E-01 2.241292350E+02
5.560330000E-03 -1.523316928E+00 8.778626521E-01 2.229723775E+02
5.579490000E-03 -1.537023723E+00 8.730037043E-01 2.222066891E+02
5.592400000E-03 -1.543411363E+00 8.684081521E-01 2.216937272E+02
5.595400000E-03 -1.544836594E+00 8.673464942E-01 2.215748651E+02
5.636280000E-03 -1.551094840E+00 8.493394673E-01 2.199677802E+02
5.704240000E-03 -1.541123799E+00 8.192200211E-01 2.173470962E+02
5.772210000E-03 -1.518693713E+00 7.901785613E-01 2.147877503E+02
5.918940000E-03 -1.449302445E+00 7.325507902E-01 2.094631809E+02
5.992800000E-03 -1.410212545E+00 7.056100148E-01 2.068815912E+02
6.101450000E-03 -1.349580130E+00 6.684053379E-01 2.031976006E+02
6.214000000E-03 -1.285685624E+00 6.323802955E-01 1.995172192E+02
6.309130000E-03 -1.231125995E+00 6.035796323E-01 1.965088689E+02
6.431430000E-03 -1.161453036E+00 5.691510131E-01 1.927720585E+02
6.505160000E-03 -1.119731291E+00 5.498656008E-01 1.905871647E+02
6.568180000E-03 -1.084941254E+00 5.339415925E-01 1.887585298E+02
6.615430000E-03 -1.059059924E+00 5.223021248E-01 1.874103422E+02
6.651940000E-03 -1.039184812E+00 5.135259679E-01 1.863817172E+02
6.677460000E-03 -1.025301412E+00 5.075821573E-01 1.856694012E+02
6.697400000E-03 -1.014547578E+00 5.029907624E-01 1.851166124E+02
6.727300000E-03 -9.986477640E-01 4.961902639E-01 1.842938475E+02
6.749730000E-03 -9.868130241E-01 4.911548893E-01 1.836814213E+02
6.757210000E-03 -9.828912685E-01 4.894881920E-01 1.834780923E+02
6.790470000E-03 -9.654980442E-01 4.821839153E-01 1.825794091E+02
6.807110000E-03 -9.567316505E-01 4.785555937E-01 1.821330932E+02
6.823740000E-03 -9.480329958E-01 4.749582779E-01 1.816892203E+02
6.840370000E-03 -9.393956978E-01 4.713902447E-01 1.812475056E+02
6.848690000E-03 -9.350970512E-01 4.696169437E-01 1.810273206E+02
6.857000000E-03 -9.308191740E-01 4.678517082E-01 1.808079335E+02
6.865320000E-03 -9.265507145E-01 4.660922805E-01 1.805888145E+02
6.873630000E-03 -9.223028453E-01 4.643413467E-01 1.803704884E+02
6.881950000E-03 -9.180642870E-01 4.625961608E-01 1.801524277E+02
6.890270000E-03 -9.138405847E-01 4.608580454E-01 1.799348937E+02
6.902740000E-03 -9.075887751E-01 4.582653778E-01 1.796098361E+02
6.911060000E-03 -9.034017607E-01 4.565447744E-01 1.793936097E+02
6.920410000E-03 -8.986640540E-01 4.546238615E-01 1.791512353E+02
6.922750000E-03 -8.974811699E-01 4.541483077E-01 1.790906793E+02
6.924050000E-03 -8.968189374E-01 4.538849021E-01 1.790570548E+02
6.925060000E-03 -8.963158806E-01 4.536802351E-01 1.790309398E+02
6.940160000E-03 -8.886228126E-01 4.506371976E-01 1.786414146E+02
6.942240000E-03 -8.875911553E-01 4.502243545E-01 1.785878909E+02
6.949520000E-03 -8.838877297E-01 4.487816619E-01 1.784008104E+02
6.956790000E-03 -8.802010689E-01 4.473453049E-01 1.782143776E+02
6.965110000E-03 -8.760095722E-01 4.457085745E-01 1.780014960E+02
6.973430000E-03 -8.718327146E-01 4.440788720E-01 1.777891224E+02
6.981740000E-03 -8.676263936E-01 4.424564410E-01 1.775775093E+02
6.990060000E-03 -8.634787061E-01 4.408392039E-01 1.773661456E+02
6.998370000E-03 -8.593507652E-01 4.392296574E-01 1.771555376E+02
7.006690000E-03 -8.552318593E-01 4.376252532E-01 1.769451767E+02
7.023320000E-03 -8.469933314E-01 4.344367632E-01 1.765262013E+02
7.039950000E-03 -8.388604211E-01 4.312734813E-01 1.761092053E+02
7.056590000E-03 -8.307783828E-01 4.281339445E-01 1.756939258E+02
7.081530000E-03 -8.187217040E-01 4.234738131E-01 1.750751603E+02
7.089850000E-03 -8.147429699E-01 4.219316913E-01 1.748697081E+02
7.096160000E-03 -8.117082314E-01 4.207657590E-01 1.747142116E+02
7.108680000E-03 -8.057609102E-01 4.184632263E-01 1.744065002E+02
7.121000000E-03 -7.998978091E-01 4.162109404E-01 1.741047606E+02
7.145260000E-03 -7.884978534E-01 4.118132647E-01 1.735136300E+02
7.168760000E-03 -7.774470438E-01 4.076371298E-01 1.729448329E+02
7.191530000E-03 -7.666281663E-01 4.036793766E-01 1.723972507E+02
7.213580000E-03 -7.562607849E-01 3.998857544E-01 1.718702780E+02
7.234950000E-03 -7.463149939E-01 3.962471222E-01 1.713626217E+02
7.255650000E-03 -7.367307137E-01 3.927561959E-01 1.708737329E+02
7.295750000E-03 -7.183701747E-01 3.861175114E-01 1.699345509E+02
7.314550000E-03 -7.098632908E-01 3.830729954E-01 1.694977818E+02
7.332760000E-03 -7.016947488E-01 3.801493219E-01 1.690768551E+02
7.350400000E-03 -6.938041817E-01 3.773400257E-01 1.686710927E+02
7.487120000E-03 -6.346559877E-01 3.563126649E-01 1.655910417E+02
7.538400000E-03 -6.130851510E-01 3.488327879E-01 1.644646079E+02
7.583260000E-03 -5.942659667E-01 3.424846303E-01 1.634916909E+02
7.622510000E-03 -5.780969256E-01 3.370327158E-01 1.626498358E+02
7.656860000E-03 -5.641747482E-01 3.323386847E-01 1.619201605E+02
7.716970000E-03 -5.401848680E-01 3.242921226E-01 1.606589115E+02
7.762050000E-03 -5.225066319E-01 3.184227112E-01 1.597258456E+02
7.795860000E-03 -5.093292975E-01 3.141371063E-01 1.590331278E+02
7.821220000E-03 -4.995179322E-01 3.109663974E-01 1.585174691E+02
7.840240000E-03 -4.922120979E-01 3.086112351E-01 1.581329143E+02
7.868770000E-03 -4.813721351E-01 3.051142968E-01 1.575595678E+02
7.890170000E-03 -4.733087049E-01 3.025191554E-01 1.571322291E+02
7.897300000E-03 -4.706495811E-01 3.016597440E-01 1.569903638E+02
7.912390000E-03 -4.650070243E-01 2.998492803E-01 1.566909619E+02
7.936170000E-03 -4.561642222E-01 2.970701138E-01 1.562214519E+02
7.955610000E-03 -4.489423722E-01 2.948293654E-01 1.558397156E+02
7.975050000E-03 -4.417735488E-01 2.926069085E-01 1.554598404E+02
7.994490000E-03 -4.346948969E-01 2.904025555E-01 1.550818126E+02
8.004210000E-03 -4.309495300E-01 2.893072982E-01 1.548934873E+02
8.013930000E-03 -4.270306939E-01 2.882161220E-01 1.547056188E+02
8.023650000E-03 -4.230892474E-01 2.871297553E-01 1.545182056E+02
8.033370000E-03 -4.191626847E-01 2.860474259E-01 1.543312458E+02
8.043080000E-03 -4.152916654E-01 2.849705676E-01 1.541449296E+02
8.052800000E-03 -4.113945504E-01 2.838969914E-01 1.539588714E+02
8.067380000E-03 -4.055948535E-01 2.822951388E-01 1.536806249E+02
8.074670000E-03 -4.026887959E-01 2.814980396E-01 1.535418785E+02
8.083180000E-03 -3.993315781E-01 2.805703656E-01 1.533802291E+02
8.087430000E-03 -3.976772309E-01 2.801081048E-01 1.532996267E+02
8.088490000E-03 -3.972373349E-01 2.799927483E-01 1.532795367E+02
8.088890000E-03 -3.970991511E-01 2.799496058E-01 1.532719570E+02
8.089240000E-03 -3.969414688E-01 2.799117698E-01 1.532653253E+02
8.089850000E-03 -3.966940278E-01 2.798452832E-01 1.532537686E+02
8.090760000E-03 -3.963430883E-01 2.797462985E-01 1.532365315E+02
8.091220000E-03 -3.961843249E-01 2.796964748E-01 1.532278198E+02
8.092290000E-03 -3.957416111E-01 2.795806088E-01 1.532075593E+02
8.111120000E-03 -3.883905670E-01 2.775471263E-01 1.528518873E+02
8.117750000E-03 -3.857948571E-01 2.768349605E-01 1.527270488E+02
8.130560000E-03 -3.808125183E-01 2.754793802E-01 1.524864216E+02
8.140280000E-03 -3.770446844E-01 2.744553551E-01 1.523043433E+02
8.149990000E-03 -3.732942572E-01 2.734360999E-01 1.521228860E+02
8.159710000E-03 -3.695544151E-01 2.724202484E-01 1.519416744E+02
8.169430000E-03 -3.658284728E-01 2.714084546E-01 1.517608940E+02
8.179150000E-03 -3.621163618E-01 2.704006978E-01 1.515805432E+02
8.188870000E-03 -3.583821202E-01 2.693998300E-01 1.514006206E+02
8.208310000E-03 -3.509909041E-01 2.674157412E-01 1.510420537E+02
8.227750000E-03 -3.436187344E-01 2.654470183E-01 1.506851812E+02
8.247190000E-03 -3.363009812E-01 2.634942185E-01 1.503299912E+02
8.266620000E-03 -3.290755598E-01 2.615571105E-01 1.499766531E+02
8.286060000E-03 -3.218648844E-01 2.596346261E-01 1.496247915E+02
8.295250000E-03 -3.184828478E-01 2.587311820E-01 1.494590278E+02
8.313490000E-03 -3.117980737E-01 2.569478904E-01 1.491311110E+02
8.349390000E-03 -2.987805744E-01 2.534761260E-01 1.484898897E+02
8.384180000E-03 -2.863464420E-01 2.501595224E-01 1.478737336E+02
8.417870000E-03 -2.744060576E-01 2.469959620E-01 1.472819134E+02
8.483160000E-03 -2.516536363E-01 2.410537926E-01 1.461483692E+02
8.544360000E-03 -2.307871413E-01 2.356267597E-01 1.451015641E+02
8.601740000E-03 -2.114933382E-01 2.306880080E-01 1.441336288E+02
8.709320000E-03 -1.763220768E-01 2.217748094E-01 1.423532492E+02
8.831120000E-03 -1.380790474E-01 2.121950112E-01 1.403898939E+02
8.968200000E-03 -9.663992603E-02 2.021240180E-01 1.382440178E+02
9.116520000E-03 -5.397711783E-02 1.918475854E-01 1.359948752E+02
9.277090000E-03 -9.920526848E-03 1.815225024E-01 1.336410448E+02
9.625460000E-03 7.812421026E-02 1.613118949E-01 1.288042338E+02
1.010740000E-02 1.871984041E-01 1.379411138E-01 1.226626036E+02
1.019710000E-02 2.063200030E-01 1.340551536E-01 1.215835875E+02
1.028650000E-02 2.249014494E-01 1.303446817E-01 1.205269042E+02
1.033710000E-02 2.351743572E-01 1.282918366E-01 1.199369262E+02
1.036250000E-02 2.402865998E-01 1.272774379E-01 1.196429433E+02
1.038780000E-02 2.453435187E-01 1.262760763E-01 1.193515470E+02
1.041310000E-02 2.503603206E-01 1.252829320E-01 1.190615667E+02
1.043980000E-02 2.556254644E-01 1.242438247E-01 1.187570643E+02
1.044870000E-02 2.573560349E-01 1.238993042E-01 1.186559093E+02
1.045880000E-02 2.593178217E-01 1.235100406E-01 1.185413241E+02
1.047390000E-02 2.622638156E-01 1.229340880E-01 1.183704255E+02
1.049460000E-02 2.662640425E-01 1.221547646E-01 1.181369466E+02
1.050020000E-02 2.673302991E-01 1.219454682E-01 1.180739414E+02
1.052590000E-02 2.722724652E-01 1.209863593E-01 1.177856525E+02
1.052910000E-02 2.728884444E-01 1.208672325E-01 1.177498552E+02
1.053470000E-02 2.739432426E-01 1.206591633E-01 1.176872621E+02
1.054950000E-02 2.767576557E-01 1.201125621E-01 1.175221574E+02
1.055400000E-02 2.776119939E-01 1.199470533E-01 1.174720485E+02
1.056170000E-02 2.790749316E-01 1.196636780E-01 1.173864056E+02
1.058030000E-02 2.825751151E-01 1.189814002E-01 1.171800422E+02
1.058750000E-02 2.839156137E-01 1.187191292E-01 1.171003542E+02
1.059490000E-02 2.853015611E-01 1.184504154E-01 1.170185655E+02
1.060140000E-02 2.865203833E-01 1.182139686E-01 1.169468183E+02
1.060730000E-02 2.876133861E-01 1.179999173E-01 1.168817701E+02
1.061250000E-02 2.885891904E-01 1.178120666E-01 1.168244994E+02
1.061700000E-02 2.894270308E-01 1.176490074E-01 1.167749835E+02
1.062500000E-02 2.909018054E-01 1.173614551E-01 1.166870588E+02
1.063090000E-02 2.920081572E-01 1.171485817E-01 1.166222991E+02
1.063990000E-02 2.936519232E-01 1.168267271E-01 1.165236515E+02
1.064430000E-02 2.944694679E-01 1.166681248E-01 1.164754845E+02
1.066450000E-02 2.981767799E-01 1.159482483E-01 1.162548643E+02
1.067230000E-02 2.996038345E-01 1.156706169E-01 1.161698978E+02
1.068020000E-02 3.010405594E-01 1.153915118E-01 1.160839685E+02
1.070590000E-02 3.056944250E-01 1.144857577E-01 1.158053036E+02
1.073270000E-02 3.105158379E-01 1.135496450E-01 1.155161329E+02
1.075730000E-02 3.149345927E-01 1.127053558E-01 1.152519684E+02
1.077660000E-02 3.183603713E-01 1.120499808E-01 1.150455617E+02
1.080560000E-02 3.234985920E-01 1.110838237E-01 1.147368031E+02
1.083450000E-02 3.285792461E-01 1.101282194E-01 1.144307536E+02
1.086020000E-02 3.330390350E-01 1.092859595E-01 1.141599602E+02
1.088590000E-02 3.374845559E-01 1.084504164E-01 1.138904454E+02
1.091160000E-02 3.420573847E-01 1.076215233E-01 1.136222002E+02
1.096310000E-02 3.514488664E-01 1.059812905E-01 1.130884513E+02
1.100070000E-02 3.582020399E-01 1.047999478E-01 1.127019190E+02
1.106710000E-02 3.699877906E-01 1.027673023E-01 1.120257339E+02
1.116570000E-02 3.870702145E-01 9.985030707E-02 1.110364778E+02
1.119810000E-02 3.925699496E-01 9.891398390E-02 1.107152106E+02
1.125320000E-02 4.018113447E-01 9.734266258E-02 1.101731063E+02
1.128080000E-02 4.063805480E-01 9.656577983E-02 1.099035529E+02
1.130830000E-02 4.109207288E-01 9.579719525E-02 1.096362849E+02
1.133590000E-02 4.154154761E-01 9.503680539E-02 1.093693487E+02
1.136920000E-02 4.208089456E-01 9.413842629E-02 1.090490096E+02
1.140260000E-02 4.264557627E-01 9.324726977E-02 1.087295880E+02
1.142480000E-02 4.303054564E-01 9.265968979E-02 1.085183110E+02
1.144610000E-02 4.339855159E-01 9.209852699E-02 1.083163698E+02
1.147370000E-02 4.387167130E-01 9.137803818E-02 1.080558146E+02
1.150130000E-02 4.434090685E-01 9.066339637E-02 1.077965100E+02
1.153800000E-02 4.495842101E-01 8.972102852E-02 1.074536315E+02
1.156570000E-02 4.541970612E-01 8.901680623E-02 1.071962787E+02
1.160650000E-02 4.609402857E-01 8.799019163E-02 1.068194546E+02
1.161420000E-02 4.621901867E-01 8.779932133E-02 1.067486353E+02
1.164180000E-02 4.670816580E-01 8.711922780E-02 1.064955591E+02
1.166930000E-02 4.721006476E-01 8.644871169E-02 1.062445905E+02
1.169760000E-02 4.772554586E-01 8.576704787E-02 1.059875530E+02
1.174930000E-02 4.865364406E-01 8.453577830E-02 1.055211800E+02
1.178750000E-02 4.933066331E-01 8.363879492E-02 1.051792153E+02
1.181520000E-02 4.981627325E-01 8.299377591E-02 1.049326292E+02
1.184180000E-02 5.028008238E-01 8.237912631E-02 1.046969211E+02
1.192500000E-02 5.184659499E-01 8.048831406E-02 1.039664570E+02
1.198430000E-02 5.308287351E-01 7.919479550E-02 1.034520164E+02
1.223760000E-02 6.110817048E-01 8.981913400E-02 1.013107145E+02
1.244170000E-02 6.364885849E-01 1.696993078E-01 9.964876183E+01
1.266150000E-02 5.984280680E-01 1.835963329E-01 9.791888797E+01
1.293820000E-02 5.951735888E-01 1.662819595E-01 9.582476697E+01
1.347990000E-02 6.210949735E-01 1.375223089E-01 9.197397607E+01
1.360090000E-02 6.284444478E-01 1.319579811E-01 9.115573234E+01
1.380380000E-02 6.413462459E-01 1.232105135E-01 8.981584781E+01
1.387850000E-02 6.471463161E-01 1.202108289E-01 8.933242065E+01
1.401460000E-02 6.574593124E-01 1.149122344E-01 8.846488662E+01
1.406890000E-02 6.614847446E-01 1.128465261E-01 8.812344959E+01
1.415290000E-02 6.679547179E-01 1.098173373E-01 8.760042112E+01
1.422210000E-02 6.731893526E-01 1.073775471E-01 8.717418665E+01
1.432660000E-02 6.809653634E-01 1.037872929E-01 8.653832731E+01
1.443110000E-02 6.891522811E-01 1.003951557E-01 8.591167686E+01
1.454290000E-02 6.979765056E-01 9.686331431E-02 8.525122225E+01
1.457050000E-02 7.001741182E-01 9.603136242E-02 8.508973611E+01
1.460530000E-02 7.029215030E-01 9.499086635E-02 8.488699308E+01
1.470980000E-02 7.110656584E-01 9.193156066E-02 8.428394676E+01
1.477950000E-02 7.164182740E-01 8.996438230E-02 8.388646436E+01
1.481430000E-02 7.190981411E-01 8.901243553E-02 8.368940821E+01
1.484910000E-02 7.217560307E-01 8.806830473E-02 8.349327569E+01
1.490460000E-02 7.259482016E-01 8.658069021E-02 8.318237323E+01
1.495310000E-02 7.295640242E-01 8.530048053E-02 8.291257331E+01
1.503800000E-02 7.358343013E-01 8.311346693E-02 8.244447400E+01
1.510160000E-02 7.405140028E-01 8.153849263E-02 8.209726122E+01
1.514940000E-02 7.439844013E-01 8.037163380E-02 8.183822462E+01
1.518520000E-02 7.465576542E-01 7.950988930E-02 8.164528620E+01
1.523890000E-02 7.503827557E-01 7.823081766E-02 8.135757830E+01
1.526570000E-02 7.522913643E-01 7.760941592E-02 8.121474941E+01
1.527920000E-02 7.532547663E-01 7.730219869E-02 8.114299178E+01
1.529260000E-02 7.542119396E-01 7.699695182E-02 8.107189098E+01
1.531140000E-02 7.555441614E-01 7.657203341E-02 8.097234740E+01
1.536790000E-02 7.595093285E-01 7.530736813E-02 8.067465301E+01
1.540550000E-02 7.621119484E-01 7.447405256E-02 8.047775145E+01
1.544320000E-02 7.647052442E-01 7.364699612E-02 8.028128885E+01
1.548080000E-02 7.672932130E-01 7.284361250E-02 8.008630045E+01
1.549960000E-02 7.685788246E-01 7.244807431E-02 7.998916101E+01
1.551840000E-02 7.698688887E-01 7.205423785E-02 7.989225693E+01
1.553730000E-02 7.711463648E-01 7.166107212E-02 7.979507379E+01
1.555610000E-02 7.724153897E-01 7.127061898E-02 7.969863912E+01
1.557490000E-02 7.736888814E-01 7.088184108E-02 7.960243725E+01
1.559370000E-02 7.749469975E-01 7.049472976E-02 7.950646736E+01
1.562190000E-02 7.768339194E-01 6.991711930E-02 7.936294561E+01
1.562670000E-02 7.771484341E-01 6.982035079E-02 7.933856796E+01
1.563610000E-02 7.777707466E-01 6.962881336E-02 7.929087176E+01
1.565250000E-02 7.788551721E-01 6.929551764E-02 7.920779428E+01
1.565970000E-02 7.793333325E-01 6.915033716E-02 7.917137621E+01
1.566210000E-02 7.794892737E-01 6.910304320E-02 7.915924429E+01
1.566670000E-02 7.797952783E-01 6.900970598E-02 7.913600184E+01
1.566790000E-02 7.798682313E-01 6.898628982E-02 7.912994083E+01
1.567020000E-02 7.800210732E-01 6.893986638E-02 7.911832651E+01
1.570660000E-02 7.824055566E-01 6.821078404E-02 7.893497001E+01
1.571880000E-02 7.832010889E-01 6.796806128E-02 7.887370537E+01
1.574430000E-02 7.848738823E-01 6.747752646E-02 7.874595885E+01
1.576310000E-02 7.861036158E-01 6.711738958E-02 7.865204179E+01
1.578190000E-02 7.873281036E-01 6.675983934E-02 7.855834849E+01
1.580070000E-02 7.885473729E-01 6.640379972E-02 7.846487814E+01
1.581960000E-02 7.897641084E-01 6.604842796E-02 7.837113454E+01
1.583840000E-02 7.909730023E-01 6.569539191E-02 7.827810890E+01
1.585720000E-02 7.921767576E-01 6.534384341E-02 7.818530384E+01
1.589480000E-02 7.945689578E-01 6.464517870E-02 7.800035232E+01
1.593250000E-02 7.969434665E-01 6.395157085E-02 7.781578534E+01
1.597010000E-02 7.993142327E-01 6.327779011E-02 7.763257588E+01
1.600780000E-02 8.016674693E-01 6.261401113E-02 7.744974325E+01
1.604540000E-02 8.040264377E-01 6.195663032E-02 7.726825134E+01
1.606060000E-02 8.049664709E-01 6.169289694E-02 7.719512347E+01
1.608990000E-02 8.067826335E-01 6.118565436E-02 7.705454975E+01
1.614500000E-02 8.101585937E-01 6.024216280E-02 7.679157634E+01
1.619690000E-02 8.133001846E-01 5.936378791E-02 7.654551180E+01
1.627760000E-02 8.181539578E-01 5.805818286E-02 7.616601956E+01
1.640410000E-02 8.256172787E-01 5.607020831E-02 7.557866631E+01
1.643570000E-02 8.274545388E-01 5.559326895E-02 7.543335544E+01
1.645950000E-02 8.288328190E-01 5.523704608E-02 7.532428081E+01
1.647720000E-02 8.298564643E-01 5.497214397E-02 7.524336659E+01
1.649980000E-02 8.311445459E-01 5.463632684E-02 7.514030473E+01
1.650370000E-02 8.313657461E-01 5.457895662E-02 7.512254828E+01
1.651040000E-02 8.318028252E-01 5.447947730E-02 7.509206318E+01
1.652300000E-02 8.326764551E-01 5.429308249E-02 7.503479998E+01
1.652680000E-02 8.329384670E-01 5.423718414E-02 7.501754726E+01
1.653060000E-02 8.331914467E-01 5.418124334E-02 7.500030247E+01
1.653570000E-02 8.335408281E-01 5.410636182E-02 7.497717061E+01
1.654460000E-02 8.341507842E-01 5.397552571E-02 7.493683740E+01
1.657130000E-02 8.359733729E-01 5.358451518E-02 7.481609771E+01
1.659170000E-02 8.373558391E-01 5.328791092E-02 7.472410904E+01
1.661200000E-02 8.387300718E-01 5.299454755E-02 7.463279557E+01
1.665270000E-02 8.414618131E-01 5.241091560E-02 7.445038943E+01
1.669340000E-02 8.441688633E-01 5.183743493E-02 7.426887273E+01
1.671370000E-02 8.455209043E-01 5.156010180E-02 7.417866780E+01
1.673410000E-02 8.468686775E-01 5.128334810E-02 7.408823899E+01
1.675440000E-02 8.482085367E-01 5.100839745E-02 7.399847204E+01
1.677470000E-02 8.495423625E-01 5.073462675E-02 7.390892237E+01
1.679510000E-02 8.508719629E-01 5.046142889E-02 7.381914963E+01
1.681540000E-02 8.521938000E-01 5.019000359E-02 7.373003318E+01
1.683660000E-02 8.535593272E-01 4.990879853E-02 7.363719516E+01
1.684710000E-02 8.542337186E-01 4.976917303E-02 7.359130058E+01
1.685770000E-02 8.549167360E-01 4.962935247E-02 7.354502690E+01
1.687840000E-02 8.562441069E-01 4.935618997E-02 7.345482984E+01
1.688750000E-02 8.568294676E-01 4.923683733E-02 7.341524796E+01
1.689260000E-02 8.571520989E-01 4.916991104E-02 7.339308336E+01
1.689420000E-02 8.572550608E-01 4.914862178E-02 7.338613252E+01
1.689850000E-02 8.575215800E-01 4.909292817E-02 7.336745865E+01
1.690050000E-02 8.576564319E-01 4.906672968E-02 7.335877637E+01
1.690550000E-02 8.579680319E-01 4.900115534E-02 7.333707965E+01
1.692310000E-02 8.590870129E-01 4.877152720E-02 7.326080919E+01
1.693190000E-02 8.596448742E-01 4.865703137E-02 7.322273342E+01
1.694070000E-02 8.602016527E-01 4.854274706E-02 7.318469721E+01
1.698240000E-02 8.628237641E-01 4.800333596E-02 7.300499340E+01
1.700670000E-02 8.643390644E-01 4.770004952E-02 7.290068032E+01
1.702360000E-02 8.653973754E-01 4.749051378E-02 7.282830894E+01
1.704440000E-02 8.666868712E-01 4.723447637E-02 7.273943348E+01
1.706510000E-02 8.679689365E-01 4.698001332E-02 7.265120040E+01
1.710300000E-02 8.702980568E-01 4.651749783E-02 7.249020640E+01
1.714090000E-02 8.726078914E-01 4.605901873E-02 7.232992433E+01
1.718160000E-02 8.750698649E-01 4.557312053E-02 7.215858826E+01
1.722230000E-02 8.775019006E-01 4.509129557E-02 7.198806199E+01
1.726300000E-02 8.799285715E-01 4.462198383E-02 7.181833980E+01
1.734440000E-02 8.847177883E-01 4.370241661E-02 7.148128503E+01
1.735560000E-02 8.853699935E-01 4.357698378E-02 7.143515638E+01
1.739710000E-02 8.877693761E-01 4.311537736E-02 7.126475102E+01
1.747450000E-02 8.921905374E-01 4.226791538E-02 7.094909726E+01
1.756310000E-02 8.971774091E-01 4.134051878E-02 7.059118265E+01
1.767080000E-02 9.031139938E-01 4.024007016E-02 7.016094348E+01
1.775770000E-02 9.078080625E-01 3.936894206E-02 6.981760025E+01
1.780120000E-02 9.101192046E-01 3.893877317E-02 6.964699009E+01
1.784470000E-02 9.124240533E-01 3.852200184E-02 6.947721172E+01
1.788820000E-02 9.150235263E-01 3.811137673E-02 6.930825908E+01
1.793170000E-02 9.177485617E-01 3.770450248E-02 6.914012615E+01
1.795910000E-02 9.195592063E-01 3.745109303E-02 6.903463982E+01
1.798640000E-02 9.214029782E-01 3.719946519E-02 6.892985812E+01
1.801650000E-02 9.234229602E-01 3.692413447E-02 6.881469764E+01
1.806150000E-02 9.264310035E-01 3.651479448E-02 6.864324668E+01
1.808410000E-02 9.279175964E-01 3.631111518E-02 6.855746208E+01
1.810660000E-02 9.294035637E-01 3.610866378E-02 6.847226978E+01
1.816050000E-02 9.329312899E-01 3.563655658E-02 6.826904546E+01
1.820400000E-02 9.357502431E-01 3.526232955E-02 6.810591079E+01
1.824760000E-02 9.385437839E-01 3.489167449E-02 6.794318157E+01
1.829110000E-02 9.413180045E-01 3.452531752E-02 6.778159870E+01
1.833460000E-02 9.440594592E-01 3.416282812E-02 6.762078256E+01
1.837810000E-02 9.467827736E-01 3.380452010E-02 6.746072771E+01
1.842170000E-02 9.494744746E-01 3.345118912E-02 6.730106342E+01
1.846520000E-02 9.521479181E-01 3.310773861E-02 6.714251673E+01
1.850870000E-02 9.548038430E-01 3.276707329E-02 6.698471530E+01
1.854440000E-02 9.571196102E-01 3.248977000E-02 6.685576239E+01
1.859050000E-02 9.605777330E-01 3.213409282E-02 6.668997606E+01
1.863450000E-02 9.638415838E-01 3.179812436E-02 6.653250691E+01
1.868490000E-02 9.675527666E-01 3.141914008E-02 6.635304444E+01
1.872230000E-02 9.702849955E-01 3.114684606E-02 6.622049641E+01
1.873060000E-02 9.708876705E-01 3.108652007E-02 6.619115245E+01
1.877640000E-02 9.741976335E-01 3.075677592E-02 6.602969685E+01
1.882220000E-02 9.774689693E-01 3.043143198E-02 6.586902700E+01
1.890490000E-02 9.833031301E-01 2.985075694E-02 6.558088115E+01
1.897020000E-02 9.878393339E-01 2.939851068E-02 6.535513595E+01
1.900870000E-02 9.904867112E-01 2.913451346E-02 6.522276642E+01
1.905100000E-02 9.933675841E-01 2.885372840E-02 6.507794866E+01
1.909880000E-02 9.966013818E-01 2.853908751E-02 6.491507320E+01
1.915880000E-02 1.000609893E+00 2.814944729E-02 6.471177736E+01
1.928340000E-02 1.009956264E+00 2.735778184E-02 6.429364116E+01
1.935620000E-02 1.016203625E+00 2.691600736E-02 6.405182835E+01
1.952910000E-02 1.033192963E+00 2.606054670E-02 6.348474840E+01
1.964440000E-02 1.047612943E+00 2.654211070E-02 6.311213374E+01
1.978530000E-02 1.070169072E+00 3.275870568E-02 6.266268391E+01
1.982690000E-02 1.077321070E+00 3.689372969E-02 6.253120760E+01
1.992510000E-02 1.091815966E+00 5.172598542E-02 6.222302523E+01
1.994500000E-02 1.093974642E+00 5.547214796E-02 6.216094259E+01
1.996730000E-02 1.095992749E+00 5.987154506E-02 6.209151963E+01
2.004620000E-02 1.099180167E+00 7.590274905E-02 6.184713312E+01
2.007600000E-02 1.098868030E+00 8.168527549E-02 6.175532975E+01
2.012700000E-02 1.096680027E+00 9.050664815E-02 6.159884732E+01
2.015880000E-02 1.094485653E+00 9.508511038E-02 6.150167669E+01
2.017470000E-02 1.093307716E+00 9.718090015E-02 6.145320624E+01
2.021570000E-02 1.089854938E+00 1.015675925E-01 6.132857136E+01
2.023940000E-02 1.087770049E+00 1.035247027E-01 6.125675662E+01
2.026100000E-02 1.085917664E+00 1.050210336E-01 6.119145156E+01
2.031290000E-02 1.081768783E+00 1.075052972E-01 6.103510577E+01
2.038070000E-02 1.077296499E+00 1.090212126E-01 6.083206171E+01
2.041780000E-02 1.075422182E+00 1.093003806E-01 6.072152729E+01
2.045490000E-02 1.073773812E+00 1.094266481E-01 6.061139385E+01
2.050430000E-02 1.072508398E+00 1.092361007E-01 6.046536580E+01
2.055370000E-02 1.071299868E+00 1.090324435E-01 6.032003970E+01
2.060310000E-02 1.070657816E+00 1.087892187E-01 6.017541050E+01
2.065250000E-02 1.070941002E+00 1.085007924E-01 6.003147319E+01
2.071980000E-02 1.071422892E+00 1.081105294E-01 5.983648491E+01
2.080060000E-02 1.071987368E+00 1.076505738E-01 5.960404988E+01
2.085000000E-02 1.072327735E+00 1.073736292E-01 5.946282974E+01
2.091890000E-02 1.072792717E+00 1.069914869E-01 5.926697867E+01
2.097150000E-02 1.073467947E+00 1.067395188E-01 5.911832725E+01
2.101840000E-02 1.074469973E+00 1.065650214E-01 5.898641191E+01
2.104750000E-02 1.075084701E+00 1.064558480E-01 5.890485806E+01
2.106820000E-02 1.075522930E+00 1.063796275E-01 5.884698266E+01
2.112140000E-02 1.076637617E+00 1.061821920E-01 5.869876050E+01
2.117800000E-02 1.077811809E+00 1.059782027E-01 5.854188309E+01
2.122050000E-02 1.078687163E+00 1.058256819E-01 5.842463655E+01
2.130000000E-02 1.080297464E+00 1.055412375E-01 5.820657277E+01
2.133280000E-02 1.081172099E+00 1.054798259E-01 5.811707793E+01
2.138450000E-02 1.082527704E+00 1.053836358E-01 5.797657182E+01
2.147330000E-02 1.084837881E+00 1.052186013E-01 5.773681735E+01
2.150000000E-02 1.085522990E+00 1.051698965E-01 5.766511628E+01
2.155750000E-02 1.087377548E+00 1.050690541E-01 5.751130697E+01
2.167100000E-02 1.091467320E+00 1.049380546E-01 5.721009644E+01
2.169890000E-02 1.092597290E+00 1.049337115E-01 5.713653688E+01
2.176920000E-02 1.095555862E+00 1.049260463E-01 5.695202396E+01
2.184770000E-02 1.099167125E+00 1.049540594E-01 5.674739217E+01
2.189530000E-02 1.101548278E+00 1.050239361E-01 5.662402433E+01
2.191280000E-02 1.102504080E+00 1.050883640E-01 5.657880326E+01
2.192410000E-02 1.103144634E+00 1.051423227E-01 5.654964172E+01
2.193280000E-02 1.103653297E+00 1.051890310E-01 5.652721039E+01
2.196160000E-02 1.105363007E+00 1.053719906E-01 5.645308174E+01
2.199780000E-02 1.107638075E+00 1.056940434E-01 5.636018147E+01
2.204530000E-02 1.110830102E+00 1.063336964E-01 5.623874477E+01
2.206940000E-02 1.112540375E+00 1.067885635E-01 5.617733151E+01
2.217870000E-02 1.120687815E+00 1.103944590E-01 5.590048109E+01
2.226020000E-02 1.126441599E+00 1.151678546E-01 5.569581585E+01
2.227720000E-02 1.127485571E+00 1.163832718E-01 5.565331370E+01
2.235230000E-02 1.131284495E+00 1.226068739E-01 5.546632785E+01
2.243630000E-02 1.133244193E+00 1.302090904E-01 5.525866564E+01
2.250460000E-02 1.133016507E+00 1.359300750E-01 5.509095918E+01
2.293500000E-02 1.123998091E+00 1.493276393E-01 5.405711794E+01
2.304090000E-02 1.123903762E+00 1.499522988E-01 5.380866199E+01
2.350000000E-02 1.127339343E+00 1.529802581E-01 5.275744681E+01
2.373510000E-02 1.130319911E+00 1.548302575E-01 5.223487577E+01
2.485000000E-02 1.148303741E+00 1.679073559E-01 4.989134809E+01
2.615300000E-02 1.168933026E+00 1.903085920E-01 4.740565136E+01
2.758160000E-02 1.185670837E+00 2.215899396E-01 4.495025669E+01
2.887770000E-02 1.193316484E+00 2.548015813E-01 4.293278204E+01
3.000850000E-02 1.193076907E+00 2.859037307E-01 4.131496076E+01
3.117090000E-02 1.185869802E+00 3.181122620E-01 3.977427665E+01
3.215730000E-02 1.174113454E+00 3.447654486E-01 3.855423185E+01
3.311480000E-02 1.158070131E+00 3.687995726E-01 3.743945305E+01
3.450000000E-02 1.124956599E+00 3.985400776E-01 3.593623188E+01
3.507520000E-02 1.110069786E+00 4.081357532E-01 3.534691178E+01
3.611800000E-02 1.078879756E+00 4.213360316E-01 3.432637466E+01
3.690000000E-02 1.054362534E+00 4.275299505E-01 3.359891599E+01
3.770000000E-02 1.028477093E+00 4.299238193E-01 3.288594164E+01
3.830000000E-02 1.009347161E+00 4.297085007E-01 3.237075718E+01
3.900000000E-02 9.873200065E-01 4.268546047E-01 3.178974359E+01
4.090000000E-02 9.327656192E-01 4.078225747E-01 3.031295844E+01
4.340420000E-02 8.774464781E-01 3.659113343E-01 2.856405601E+01
4.589380000E-02 8.429493527E-01 3.167824827E-01 2.701454227E+01
4.867860000E-02 8.234273658E-01 2.635581507E-01 2.546909730E+01
5.193160000E-02 8.181140878E-01 2.096556532E-01 2.387371080E+01
5.711490000E-02 8.278790082E-01 1.451227636E-01 2.170712021E+01
6.382640000E-02 8.522231498E-01 9.098878035E-02 1.942456413E+01
7.149570000E-02 8.814085987E-01 5.439412617E-02 1.734090302E+01
7.381170000E-02 8.899193948E-01 4.674181925E-02 1.679679509E+01
7.439840000E-02 8.920627393E-01 4.500596805E-02 1.666433687E+01
7.524570000E-02 8.951694923E-01 4.260997996E-02 1.647668903E+01
7.603610000E-02 8.982864853E-01 4.049717010E-02 1.630541282E+01
7.695230000E-02 9.025428619E-01 3.856082348E-02 1.611127932E+01
8.739460000E-02 9.228942301E-01 2.524677237E-02 1.418623119E+01
9.462610000E-02 9.358998461E-01 1.704229576E-02 1.310209340E+01
9.612140000E-02 9.385112458E-01 1.573908787E-02 1.289827239E+01
1.006590000E-01 9.456982645E-01 1.459926651E-02 1.231683208E+01
1.169560000E-01 9.610592372E-01 7.486699524E-03 1.060056773E+01
1.248550000E-01 9.671791060E-01 5.410142512E-03 9.929918706E+00
1.305770000E-01 9.711513699E-01 4.806354389E-03 9.494780857E+00
1.322070000E-01 9.721391548E-01 4.684202722E-03 9.377718275E+00
1.338380000E-01 9.730284056E-01 4.650582596E-03 9.263437888E+00
1.348050000E-01 9.734956995E-01 4.607719815E-03 9.196988242E+00
1.362780000E-01 9.741942696E-01 4.497944190E-03 9.097579947E+00
1.414330000E-01 9.764597987E-01 4.174578210E-03 8.765988136E+00
1.550000000E-01 9.815992790E-01 3.063166479E-03 7.998709677E+00
1.643000000E-01 9.846245663E-01 2.661940458E-03 7.545952526E+00
1.720000000E-01 9.867997675E-01 2.538996325E-03 7.208139535E+00
1.805000000E-01 9.888758133E-01 2.572441383E-03 6.868698061E+00
1.893410000E-01 9.907085845E-01 2.752213473E-03 6.547974290E+00
1.990000000E-01 9.923760799E-01 3.082100531E-03 6.230150754E+00
2.095400000E-01 9.938110994E-01 3.551032922E-03 5.916770068E+00
2.290870000E-01 9.955421697E-01 4.480355868E-03 5.411917743E+00
2.454710000E-01 9.963186112E-01 5.121194053E-03 5.050698453E+00
2.630270000E-01 9.967106971E-01 5.600054148E-03 4.713584537E+00
2.818380000E-01 9.968247169E-01 5.868450790E-03 4.398980975E+00
3.100000000E-01 9.967404974E-01 5.843894666E-03 3.999354839E+00
3.489670000E-01 9.966164205E-01 5.321229958E-03 3.552771465E+00
3.724350000E-01 9.966343651E-01 4.900220869E-03 3.328903030E+00
3.793960000E-01 9.966786034E-01 4.773379809E-03 3.267825702E+00
3.867930000E-01 9.967299293E-01 4.712535529E-03 3.205332051E+00
3.974240000E-01 9.967125944E-01 4.558325918E-03 3.119590161E+00
4.046120000E-01 9.967534583E-01 4.464149260E-03 3.064170119E+00
4.879820000E-01 9.968900775E-01 3.247948047E-03 2.540667484E+00
5.654820000E-01 9.972772295E-01 2.359500079E-03 2.192465896E+00
5.948270000E-01 9.974925868E-01 2.112387434E-03 2.084303503E+00
6.103810000E-01 9.975378430E-01 2.082316463E-03 2.031190355E+00
6.741400000E-01 9.977462610E-01 1.638397684E-03 1.839083870E+00
8.071770000E-01 9.982284335E-01 1.036939370E-03 1.535970425E+00
8.441870000E-01 9.983460786E-01 9.358954309E-04 1.468631950E+00
9.688350000E-01 9.986575997E-01 6.384985544E-04 1.279681267E+00
1.161800000E+00 9.990176985E-01 3.776526973E-04 1.067137201E+00
1.401400000E+00 9.993081431E-01 2.154505453E-04 8.846867418E-01
1.701300000E+00 9.995321292E-01 1.185846507E-04 7.287368483E-01
1.972420000E+00 9.996637740E-01 7.449078173E-05 6.285679521E-01
2.158740000E+00 9.997348945E-01 5.589100460E-05 5.743164994E-01
2.276790000E+00 9.997797679E-01 4.711374766E-05 5.445385828E-01
2.335000000E+00 9.998082191E-01 4.353130040E-05 5.309635974E-01
2.354830000E+00 9.998229239E-01 4.382831087E-05 5.264923583E-01
2.366160000E+00 9.998333540E-01 4.672407848E-05 5.239713291E-01
2.375800000E+00 9.998424747E-01 5.228425626E-05 5.218452732E-01
2.387900000E+00 9.998510065E-01 6.353520268E-05 5.192009716E-01
2.404560000E+00 9.998530152E-01 8.122068069E-05 5.156036863E-01
2.418890000E+00 9.998478560E-01 9.124667078E-05 5.125491444E-01
2.436850000E+00 9.998415683E-01 9.515411200E-05 5.087715699E-01
2.465750000E+00 9.998422070E-01 9.610561893E-05 5.028084761E-01
2.488390000E+00 9.998459563E-01 1.031279907E-04 4.982337978E-01
2.518600000E+00 9.998399592E-01 1.144557257E-04 4.922576034E-01
2.553510000E+00 9.998308049E-01 1.153848801E-04 4.855277637E-01
2.637850000E+00 9.998238597E-01 1.093982012E-04 4.700039805E-01
2.762420000E+00 9.998236939E-01 9.720090901E-05 4.488093773E-01
2.852980000E+00 9.998291496E-01 8.702973207E-05 4.345631585E-01
2.905900000E+00 9.998359637E-01 8.230578573E-05 4.266492309E-01
2.943990000E+00 9.998411666E-01 8.396895749E-05 4.211291479E-01
2.983940000E+00 9.998401653E-01 8.558728217E-05 4.154909281E-01
3.037490000E+00 9.998395316E-01 8.127100727E-05 4.081659528E-01
3.148060000E+00 9.998442990E-01 7.189057051E-05 3.938298508E-01
3.289230000E+00 9.998531923E-01 6.181402401E-05 3.769271228E-01
3.375950000E+00 9.998600235E-01 5.690261554E-05 3.672447755E-01
3.424510000E+00 9.998634093E-01 5.606776218E-05 3.620371966E-01
3.507520000E+00 9.998667288E-01 5.265270537E-05 3.534691178E-01
3.612520000E+00 9.998725978E-01 4.765484022E-05 3.431953318E-01
3.691960000E+00 9.998773472E-01 4.546047086E-05 3.358107888E-01
3.804120000E+00 9.998818753E-01 4.166854662E-05 3.259098031E-01
4.004050000E+00 9.998910048E-01 3.502862258E-05 3.096364931E-01
4.275780000E+00 9.999025581E-01 2.800673408E-05 2.899587911E-01
4.595620000E+00 9.999144130E-01 2.186623926E-05 2.697786153E-01
4.987140000E+00 9.999264881E-01 1.650082443E-05 2.485993977E-01
5.426780000E+00 9.999374445E-01 1.229491613E-05 2.284596022E-01
6.041670000E+00 9.999492726E-01 8.454107757E-06 2.052081626E-01
6.785200000E+00 9.999597276E-01 5.621171306E-06 1.827212168E-01
7.823450000E+00 9.999697868E-01 3.397536271E-06 1.584722852E-01
9.042510000E+00 9.999775440E-01 2.028084868E-06 1.371079490E-01
1.033860000E+01 9.999830268E-01 1.255554943E-06 1.199195249E-01
1.124020000E+01 9.999858301E-01 9.295755775E-07 1.103005285E-01
1.178040000E+01 9.999872654E-01 7.849123652E-07 1.052426064E-01
1.216870000E+01 9.999882534E-01 6.984816141E-07 1.018843426E-01
1.236740000E+01 9.999888020E-01 6.613609936E-07 1.002474247E-01
1.245910000E+01 9.999891074E-01 6.682573047E-07 9.950959540E-02
1.251780000E+01 9.999893278E-01 7.143142226E-07 9.904296282E-02
1.257300000E+01 9.999895310E-01 8.111827242E-07 9.860812853E-02
1.264520000E+01 9.999897248E-01 1.013119417E-06 9.804510803E-02
1.271860000E+01 9.999898053E-01 1.229933211E-06 9.747928231E-02
1.279320000E+01 9.999897880E-01 1.370453092E-06 9.691085889E-02
1.288640000E+01 9.999897597E-01 1.415615289E-06 9.620995778E-02
1.302800000E+01 9.999898182E-01 1.375575986E-06 9.516426159E-02
1.323480000E+01 9.999900129E-01 1.299983878E-06 9.367727506E-02
1.354960000E+01 9.999903791E-01 1.192340325E-06 9.150085611E-02
1.395990000E+01 9.999908944E-01 1.068293314E-06 8.881152444E-02
1.431580000E+01 9.999913655E-01 9.732188375E-07 8.660361279E-02
1.450460000E+01 9.999916486E-01 9.355304369E-07 8.547633165E-02
1.462720000E+01 9.999918590E-01 9.562357998E-07 8.475989937E-02
1.473860000E+01 9.999920141E-01 1.034019228E-06 8.411925149E-02
1.485020000E+01 9.999921001E-01 1.113356774E-06 8.348709108E-02
1.499720000E+01 9.999921707E-01 1.134833333E-06 8.266876484E-02
1.516320000E+01 9.999923021E-01 1.113870114E-06 8.176374380E-02
1.534730000E+01 9.999924600E-01 1.140848972E-06 8.078293902E-02
1.555760000E+01 9.999925646E-01 1.151736589E-06 7.969095490E-02
1.577720000E+01 9.999926898E-01 1.102674990E-06 7.858175088E-02
1.616080000E+01 9.999929503E-01 1.012791403E-06 7.671649918E-02
1.670170000E+01 9.999933280E-01 9.014727418E-07 7.423196441E-02
1.736590000E+01 9.999937710E-01 7.848646652E-07 7.139278701E-02
1.818680000E+01 9.999942751E-01 6.654381069E-07 6.817032133E-02
1.902190000E+01 9.999947366E-01 5.667143033E-07 6.517750593E-02
1.991840000E+01 9.999951783E-01 4.805127803E-07 6.224395534E-02
2.088120000E+01 9.999955971E-01 4.053594987E-07 5.937398234E-02
2.197520000E+01 9.999960133E-01 3.370694310E-07 5.641814409E-02
2.318220000E+01 9.999964101E-01 2.777312318E-07 5.348068777E-02
2.471540000E+01 9.999968362E-01 2.201890776E-07 5.016305623E-02
2.608590000E+01 9.999971574E-01 1.807931584E-07 4.752759153E-02
2.809930000E+01 9.999975488E-01 1.378477871E-07 4.412209557E-02
3.019430000E+01 9.999978770E-01 1.059483178E-07 4.106073001E-02
3.315170000E+01 9.999982397E-01 7.513687380E-08 3.739778051E-02
3.778580000E+01 9.999986470E-01 4.638240691E-08 3.281126772E-02
4.316270000E+01 9.999989652E-01 2.831391108E-08 2.872387501E-02
4.926950000E+01 9.999992077E-01 1.731619390E-08 2.516364079E-02
5.596240000E+01 9.999993875E-01 1.076613375E-08 2.215416065E-02
6.367800000E+01 9.999995285E-01 6.638876167E-09 1.946983260E-02
7.229950000E+01 9.999996359E-01 4.124424995E-09 1.714811306E-02
7.753650000E+01 9.999996848E-01 3.171482516E-09 1.598988863E-02
8.081950000E+01 9.999997112E-01 2.713157024E-09 1.534035722E-02
8.281370000E+01 9.999997262E-01 2.475589651E-09 1.497095287E-02
8.391340000E+01 9.999997347E-01 2.389707972E-09 1.477475588E-02
8.432550000E+01 9.999997381E-01 2.476468886E-09 1.470255142E-02
8.461760000E+01 9.999997406E-01 2.694415073E-09 1.465179821E-02
8.486450000E+01 9.999997427E-01 3.054078565E-09 1.460917109E-02
8.511380000E+01 9.999997449E-01 3.629753299E-09 1.456638054E-02
8.538370000E+01 9.999997471E-01 4.500157655E-09 1.452033585E-02
8.565490000E+01 9.999997489E-01 5.573424515E-09 1.447436165E-02
8.612580000E+01 9.999997514E-01 7.480920332E-09 1.439522187E-02
8.653410000E+01 9.999997529E-01 8.712743220E-09 1.432729987E-02
8.697170000E+01 9.999997541E-01 9.373463500E-09 1.425521175E-02
8.771130000E+01 9.999997567E-01 9.493118955E-09 1.413500883E-02
8.870000000E+01 9.999997608E-01 9.164720840E-09 1.397745209E-02
9.039930000E+01 9.999997685E-01 8.569760062E-09 1.371470797E-02
9.284050000E+01 9.999997795E-01 7.791107678E-09 1.335408577E-02
9.615860000E+01 9.999997936E-01 6.876933263E-09 1.289328256E-02
1.001340000E+02 9.999998091E-01 5.939297681E-09 1.238140891E-02
1.053350000E+02 9.999998270E-01 4.942472048E-09 1.177006693E-02
1.126870000E+02 9.999998484E-01 3.878304917E-09 1.100215642E-02
1.221200000E+02 9.999998707E-01 2.901172942E-09 1.015230920E-02
1.328850000E+02 9.999998907E-01 2.132351377E-09 9.329871694E-03
1.479110000E+02 9.999999117E-01 1.442521520E-09 8.382067595E-03
1.691780000E+02 9.999999325E-01 8.832408355E-10 7.328376030E-03
1.928740000E+02 9.999999480E-01 5.468762982E-10 6.428030735E-03
2.203560000E+02 9.999999602E-01 3.362131454E-10 5.626350088E-03
2.511890000E+02 9.999999694E-01 2.089344029E-10 4.935725689E-03
2.869540000E+02 9.999999765E-01 1.292193663E-10 4.320553120E-03
3.290130000E+02 9.999999822E-01 7.928293229E-11 3.768240161E-03
3.789850000E+02 9.999999866E-01 4.815715938E-11 3.271369579E-03
4.369870000E+02 9.999999899E-01 2.938360598E-11 2.837155339E-03
5.051130000E+02 9.999999924E-01 1.795460469E-11 2.454500280E-03
5.853540000E+02 9.999999944E-01 1.098320577E-11 2.118034557E-03
6.764480000E+02 9.999999958E-01 6.863660453E-12 1.832809026E-03
7.953290000E+02 9.999999970E-01 4.105582036E-12 1.558851746E-03
9.441230000E+02 9.999999978E-01 2.417258868E-12 1.313176355E-03
1.152600000E+03 9.999999985E-01 1.306115920E-12 1.075655041E-03
1.347260000E+03 9.999999989E-01 8.012206403E-13 9.202381129E-04
1.546860000E+03 9.999999992E-01 5.201117555E-13 8.014946408E-04
1.776030000E+03 9.999999994E-01 3.376310997E-13 6.980737938E-04
2.041900000E+03 9.999999995E-01 2.182684958E-13 6.071795876E-04
2.341270000E+03 9.999999996E-01 1.422752011E-13 5.295416590E-04
2.717770000E+03 9.999999997E-01 8.928501447E-14 4.561828264E-04
3.231850000E+03 9.999999998E-01 5.191177245E-14 3.836192893E-04
3.710660000E+03 9.999999999E-01 3.369850483E-14 3.341184587E-04
4.376990000E+03 9.999999999E-01 2.011652463E-14 2.832540170E-04
5.122130000E+03 9.999999999E-01 1.229551035E-14 2.420477419E-04
5.881000000E+03 9.999999999E-01 7.981579494E-15 2.108144873E-04
7.049190000E+03 1.000000000E+00 4.529548161E-15 1.758783633E-04
8.118030000E+03 1.000000000E+00 2.912244041E-15 1.527217810E-04
9.382470000E+03 1.000000000E+00 1.852421981E-15 1.321400441E-04
1.000000000E+04 0.000000000E+00 0.000000000E+00 1.239800000E-04
