# 11/08/2021 
# Data retrieved from www.chemicool.com/densities.html 
# Includes the real (n) and complex (k) part of the  refractive index. 
# Element, Tm  (Z = 69) 
# Nominal density, g cm-3 =  9.33 
#    E [keV]      n       k    Wavelength [nm] 
1.000000000E-03 -1.565987682E+03 7.283648206E-02 1.239800000E+03
1.145920000E-03 -1.507197646E+02 0.000000000E+00 1.081925440E+03
1.291840000E-03 -1.183461270E+02 0.000000000E+00 9.597163735E+02
1.295020000E-03 -1.177607234E+02 0.000000000E+00 9.573597319E+02
1.298200000E-03 -1.171782558E+02 0.000000000E+00 9.550146356E+02
1.301380000E-03 -1.166014102E+02 0.000000000E+00 9.526810002E+02
1.304560000E-03 -1.160274305E+02 0.000000000E+00 9.503587416E+02
1.307740000E-03 -1.154589769E+02 0.000000000E+00 9.480477771E+02
1.310920000E-03 -1.148933209E+02 0.000000000E+00 9.457480243E+02
1.314100000E-03 -1.143330974E+02 0.000000000E+00 9.434594019E+02
1.317280000E-03 -1.137756049E+02 0.000000000E+00 9.411818292E+02
1.320460000E-03 -1.132221384E+02 0.000000000E+00 9.389152265E+02
1.323640000E-03 -1.126739681E+02 0.000000000E+00 9.366595147E+02
1.326820000E-03 -1.121284320E+02 0.000000000E+00 9.344146154E+02
1.330000000E-03 -1.115881037E+02 0.000000000E+00 9.321804511E+02
1.333180000E-03 -1.110503472E+02 0.000000000E+00 9.299569450E+02
1.339540000E-03 -1.099875879E+02 0.000000000E+00 9.255416038E+02
1.342720000E-03 -1.094625007E+02 0.000000000E+00 9.233496187E+02
1.345900000E-03 -1.089398652E+02 0.000000000E+00 9.211679917E+02
1.349080000E-03 -1.084221839E+02 0.000000000E+00 9.189966496E+02
1.352260000E-03 -1.079068966E+02 0.000000000E+00 9.168355198E+02
1.355440000E-03 -1.073952347E+02 0.000000000E+00 9.146845305E+02
1.477860000E-03 -9.015997122E+01 0.000000000E+00 8.389157295E+02
1.584980000E-03 -7.823702441E+01 0.000000000E+00 7.822180722E+02
1.678710000E-03 -6.962270177E+01 0.000000000E+00 7.385432862E+02
1.760730000E-03 -6.318596888E+01 0.000000000E+00 7.041397602E+02
1.832490000E-03 -5.824918042E+01 0.000000000E+00 6.765657657E+02
1.895280000E-03 -5.438201617E+01 0.000000000E+00 6.541513655E+02
1.950230000E-03 -5.129904971E+01 0.000000000E+00 6.357198894E+02
2.046380000E-03 -4.648513885E+01 0.000000000E+00 6.058503308E+02
2.118490000E-03 -4.329219315E+01 0.000000000E+00 5.852281578E+02
2.172580000E-03 -4.110350455E+01 0.000000000E+00 5.706579274E+02
2.213140000E-03 -3.956690245E+01 0.000000000E+00 5.601995355E+02
2.273990000E-03 -3.741379497E+01 0.000000000E+00 5.452090818E+02
2.304410000E-03 -3.640112383E+01 0.000000000E+00 5.380118989E+02
2.334830000E-03 -3.542742237E+01 0.000000000E+00 5.310022571E+02
2.340580000E-03 -3.524782585E+01 0.000000000E+00 5.296977672E+02
2.346320000E-03 -3.506985759E+01 0.000000000E+00 5.284019230E+02
2.352070000E-03 -3.489247305E+01 0.000000000E+00 5.271101625E+02
2.357820000E-03 -3.471680017E+01 0.000000000E+00 5.258247025E+02
2.363570000E-03 -3.454199940E+01 0.000000000E+00 5.245454969E+02
2.369310000E-03 -3.436917972E+01 0.000000000E+00 5.232747087E+02
2.375060000E-03 -3.419731712E+01 0.000000000E+00 5.220078651E+02
2.380810000E-03 -3.402629568E+01 0.000000000E+00 5.207471407E+02
2.386550000E-03 -3.385720647E+01 0.000000000E+00 5.194946680E+02
2.392300000E-03 -3.368904487E+01 0.000000000E+00 5.182460394E+02
2.398050000E-03 -3.352169466E+01 0.000000000E+00 5.170033986E+02
2.403790000E-03 -3.335622946E+01 0.000000000E+00 5.157688484E+02
2.409540000E-03 -3.319166344E+01 0.000000000E+00 5.145380446E+02
2.421030000E-03 -3.286593626E+01 0.000000000E+00 5.120960913E+02
2.426780000E-03 -3.270486418E+01 0.000000000E+00 5.108827335E+02
2.432530000E-03 -3.254454730E+01 0.000000000E+00 5.096751119E+02
2.438280000E-03 -3.238575169E+01 0.000000000E+00 5.084731860E+02
2.444020000E-03 -3.222834927E+01 0.000000000E+00 5.072789912E+02
2.449770000E-03 -3.207140171E+01 0.000000000E+00 5.060883267E+02
2.458770000E-03 -3.182860009E+01 0.000000000E+00 5.042358578E+02
2.461770000E-03 -3.174787996E+01 0.000000000E+00 5.036213781E+02
2.467830000E-03 -3.158649315E+01 0.000000000E+00 5.023846861E+02
2.473890000E-03 -3.142629273E+01 0.000000000E+00 5.011540529E+02
2.479940000E-03 -3.126715451E+01 0.000000000E+00 4.999314500E+02
2.486000000E-03 -3.110929211E+01 0.000000000E+00 4.987127916E+02
2.492060000E-03 -3.095221256E+01 0.000000000E+00 4.975000602E+02
2.498120000E-03 -3.079664486E+01 0.000000000E+00 4.962932125E+02
2.501150000E-03 -3.071891885E+01 0.000000000E+00 4.956919817E+02
2.504180000E-03 -3.064184133E+01 0.000000000E+00 4.950922058E+02
2.507210000E-03 -3.056504354E+01 0.000000000E+00 4.944938797E+02
2.510240000E-03 -3.048852411E+01 0.000000000E+00 4.938969979E+02
2.513270000E-03 -3.041191871E+01 0.000000000E+00 4.933015553E+02
2.516300000E-03 -3.033595288E+01 0.000000000E+00 4.927075468E+02
2.522360000E-03 -3.018484297E+01 0.000000000E+00 4.915238110E+02
2.523120000E-03 -3.016569899E+01 0.000000000E+00 4.913757570E+02
2.524440000E-03 -3.013311516E+01 0.000000000E+00 4.911188224E+02
2.526930000E-03 -3.007143008E+01 0.000000000E+00 4.906348811E+02
2.527300000E-03 -3.006233294E+01 0.000000000E+00 4.905630515E+02
2.527440000E-03 -3.005889183E+01 0.000000000E+00 4.905358782E+02
2.527690000E-03 -3.005274840E+01 0.000000000E+00 4.904873620E+02
2.528050000E-03 -3.004354630E+01 0.000000000E+00 4.904175155E+02
2.528240000E-03 -3.003888057E+01 0.000000000E+00 4.903806601E+02
2.528610000E-03 -3.002979767E+01 0.000000000E+00 4.903089049E+02
2.529340000E-03 -3.001188906E+01 0.000000000E+00 4.901673954E+02
2.530630000E-03 -2.997992218E+01 0.000000000E+00 4.899175304E+02
2.535990000E-03 -2.984839089E+01 0.000000000E+00 4.888820540E+02
2.538270000E-03 -2.979264078E+01 0.000000000E+00 4.884429158E+02
2.540540000E-03 -2.973728300E+01 0.000000000E+00 4.880064868E+02
2.543570000E-03 -2.966374131E+01 0.000000000E+00 4.874251544E+02
2.546600000E-03 -2.959046240E+01 0.000000000E+00 4.868452054E+02
2.549630000E-03 -2.951744500E+01 0.000000000E+00 4.862666348E+02
2.552660000E-03 -2.944433600E+01 0.000000000E+00 4.856894377E+02
2.555690000E-03 -2.937183875E+01 0.000000000E+00 4.851136092E+02
2.558720000E-03 -2.929959933E+01 0.000000000E+00 4.845391446E+02
2.564780000E-03 -2.915554048E+01 0.000000000E+00 4.833942872E+02
2.570830000E-03 -2.901308203E+01 0.000000000E+00 4.822567031E+02
2.573860000E-03 -2.894211351E+01 0.000000000E+00 4.816889808E+02
2.579920000E-03 -2.880058259E+01 0.000000000E+00 4.805575367E+02
2.582200000E-03 -2.874763602E+01 0.000000000E+00 4.801332197E+02
2.582950000E-03 -2.873036314E+01 0.000000000E+00 4.799938055E+02
2.583610000E-03 -2.871517546E+01 0.000000000E+00 4.798711880E+02
2.584890000E-03 -2.868541053E+01 0.000000000E+00 4.796335627E+02
2.586090000E-03 -2.865786762E+01 0.000000000E+00 4.794110027E+02
2.588340000E-03 -2.860598563E+01 0.000000000E+00 4.789942589E+02
2.590300000E-03 -2.856085698E+01 0.000000000E+00 4.786318187E+02
2.591160000E-03 -2.854123787E+01 0.000000000E+00 4.784729619E+02
2.591360000E-03 -2.853667810E+01 0.000000000E+00 4.784360336E+02
2.592160000E-03 -2.851810828E+01 0.000000000E+00 4.782883773E+02
2.593650000E-03 -2.848420290E+01 0.000000000E+00 4.780136102E+02
2.596250000E-03 -2.842483872E+01 0.000000000E+00 4.775349061E+02
2.604060000E-03 -2.824725113E+01 0.000000000E+00 4.761027012E+02
2.610470000E-03 -2.810312148E+01 0.000000000E+00 4.749336326E+02
2.616880000E-03 -2.795971650E+01 0.000000000E+00 4.737702913E+02
2.623290000E-03 -2.781769711E+01 0.000000000E+00 4.726126353E+02
2.629700000E-03 -2.767638504E+01 0.000000000E+00 4.714606229E+02
2.636110000E-03 -2.753610497E+01 0.000000000E+00 4.703142130E+02
2.642520000E-03 -2.739717526E+01 0.000000000E+00 4.691733648E+02
2.647270000E-03 -2.729470615E+01 0.000000000E+00 4.683315264E+02
2.649640000E-03 -2.724378517E+01 0.000000000E+00 4.679126221E+02
2.652010000E-03 -2.719300094E+01 0.000000000E+00 4.674944665E+02
2.656880000E-03 -2.708909177E+01 0.000000000E+00 4.666375598E+02
2.665070000E-03 -2.691574796E+01 0.000000000E+00 4.652035406E+02
2.671600000E-03 -2.677848609E+01 0.000000000E+00 4.640664770E+02
2.678120000E-03 -2.664243580E+01 0.000000000E+00 4.629366869E+02
2.684650000E-03 -2.650749110E+01 0.000000000E+00 4.618106643E+02
2.689230000E-03 -2.641324134E+01 0.000000000E+00 4.610241593E+02
2.693800000E-03 -2.631967581E+01 0.000000000E+00 4.602420373E+02
2.699020000E-03 -2.621347406E+01 0.000000000E+00 4.593519129E+02
2.701630000E-03 -2.616060433E+01 0.000000000E+00 4.589081406E+02
2.704230000E-03 -2.610808841E+01 0.000000000E+00 4.584669203E+02
2.709130000E-03 -2.600949155E+01 0.000000000E+00 4.576376918E+02
2.709950000E-03 -2.599283628E+01 0.000000000E+00 4.574992159E+02
2.711580000E-03 -2.596039387E+01 0.000000000E+00 4.572242014E+02
2.715150000E-03 -2.588892098E+01 0.000000000E+00 4.566230227E+02
2.715680000E-03 -2.587842656E+01 0.000000000E+00 4.565339068E+02
2.715880000E-03 -2.587446800E+01 0.000000000E+00 4.565002872E+02
2.715970000E-03 -2.587268693E+01 0.000000000E+00 4.564851600E+02
2.716300000E-03 -2.586615787E+01 0.000000000E+00 4.564297022E+02
2.716800000E-03 -2.585595923E+01 0.000000000E+00 4.563457008E+02
2.717040000E-03 -2.585121500E+01 0.000000000E+00 4.563053912E+02
2.717700000E-03 -2.583817482E+01 0.000000000E+00 4.561945763E+02
2.723820000E-03 -2.571708980E+01 0.000000000E+00 4.551695780E+02
2.725450000E-03 -2.568483349E+01 0.000000000E+00 4.548973564E+02
2.730350000E-03 -2.558852486E+01 0.000000000E+00 4.540809786E+02
2.733610000E-03 -2.552483890E+01 0.000000000E+00 4.535394588E+02
2.736870000E-03 -2.546107463E+01 0.000000000E+00 4.529992290E+02
2.740140000E-03 -2.539765126E+01 0.000000000E+00 4.524586335E+02
2.743400000E-03 -2.533464689E+01 0.000000000E+00 4.519209740E+02
2.746660000E-03 -2.527156314E+01 0.000000000E+00 4.513845907E+02
2.749930000E-03 -2.520881695E+01 0.000000000E+00 4.508478398E+02
2.756460000E-03 -2.508388236E+01 0.000000000E+00 4.497797900E+02
2.762980000E-03 -2.496032293E+01 0.000000000E+00 4.487184127E+02
2.769510000E-03 -2.483715104E+01 0.000000000E+00 4.476604165E+02
2.776040000E-03 -2.471484942E+01 0.000000000E+00 4.466073976E+02
2.782570000E-03 -2.459370605E+01 0.000000000E+00 4.455593211E+02
2.785340000E-03 -2.454253031E+01 0.000000000E+00 4.451162156E+02
2.790860000E-03 -2.444070672E+01 0.000000000E+00 4.442358269E+02
2.801820000E-03 -2.424089268E+01 0.000000000E+00 4.424980905E+02
2.812600000E-03 -2.404633005E+01 0.000000000E+00 4.408021048E+02
2.823220000E-03 -2.385710213E+01 0.000000000E+00 4.391439562E+02
2.844120000E-03 -2.349085222E+01 0.000000000E+00 4.359169093E+02
2.864370000E-03 -2.314327919E+01 0.000000000E+00 4.328351435E+02
2.883990000E-03 -2.281369413E+01 0.000000000E+00 4.298905336E+02
2.922000000E-03 -2.219414829E+01 0.000000000E+00 4.242984257E+02
2.957630000E-03 -2.163475173E+01 0.000000000E+00 4.191869842E+02
2.991030000E-03 -2.112873040E+01 0.000000000E+00 4.145060397E+02
3.053670000E-03 -2.022379447E+01 0.000000000E+00 4.060032682E+02
3.108470000E-03 -1.947685092E+01 0.000000000E+00 3.988457344E+02
3.204380000E-03 -1.826070506E+01 0.000000000E+00 3.869079198E+02
3.276310000E-03 -1.741785938E+01 0.000000000E+00 3.784135201E+02
3.384210000E-03 -1.625332655E+01 0.000000000E+00 3.663484240E+02
3.492110000E-03 -1.519533108E+01 0.000000000E+00 3.550289080E+02
3.500700000E-03 -1.511538726E+01 0.000000000E+00 3.541577399E+02
3.509300000E-03 -1.503575357E+01 0.000000000E+00 3.532898299E+02
3.517890000E-03 -1.495698099E+01 0.000000000E+00 3.524271651E+02
3.526490000E-03 -1.487851029E+01 0.000000000E+00 3.515677061E+02
3.535080000E-03 -1.480088625E+01 0.000000000E+00 3.507134209E+02
3.543680000E-03 -1.472355602E+01 0.000000000E+00 3.498622900E+02
3.552270000E-03 -1.464705832E+01 0.000000000E+00 3.490162628E+02
3.560870000E-03 -1.457084660E+01 0.000000000E+00 3.481733397E+02
3.569460000E-03 -1.449545358E+01 0.000000000E+00 3.473354513E+02
3.578060000E-03 -1.442033892E+01 0.000000000E+00 3.465006177E+02
3.586660000E-03 -1.434594389E+01 0.000000000E+00 3.456697875E+02
3.595250000E-03 -1.427199093E+01 0.000000000E+00 3.448438912E+02
3.603850000E-03 -1.419866005E+01 0.000000000E+00 3.440209776E+02
3.621040000E-03 -1.405347465E+01 0.000000000E+00 3.423878223E+02
3.629630000E-03 -1.398161072E+01 0.000000000E+00 3.415775162E+02
3.638230000E-03 -1.391034809E+01 0.000000000E+00 3.407700997E+02
3.646820000E-03 -1.383949924E+01 0.000000000E+00 3.399674237E+02
3.655420000E-03 -1.376924167E+01 0.000000000E+00 3.391675922E+02
3.664010000E-03 -1.369938889E+01 0.000000000E+00 3.383724389E+02
3.869860000E-03 -1.216430684E+01 0.000000000E+00 3.203733468E+02
3.972790000E-03 -1.148490070E+01 0.000000000E+00 3.120728757E+02
4.024250000E-03 -1.116254451E+01 0.000000000E+00 3.080822514E+02
4.049980000E-03 -1.100472093E+01 0.000000000E+00 3.061249685E+02
4.062850000E-03 -1.092684136E+01 0.000000000E+00 3.051552482E+02
4.075710000E-03 -1.084990070E+01 0.000000000E+00 3.041923984E+02
4.085740000E-03 -1.079028106E+01 0.000000000E+00 3.034456426E+02
4.095780000E-03 -1.073104531E+01 0.000000000E+00 3.027018053E+02
4.105810000E-03 -1.067244011E+01 0.000000000E+00 3.019623412E+02
4.115840000E-03 -1.061413079E+01 0.000000000E+00 3.012264811E+02
4.125870000E-03 -1.055638453E+01 0.000000000E+00 3.004941988E+02
4.129850000E-03 -1.053344895E+01 0.000000000E+00 3.002046079E+02
4.131830000E-03 -1.052212918E+01 0.000000000E+00 3.000607479E+02
4.132830000E-03 -1.051641971E+01 0.000000000E+00 2.999881437E+02
4.133320000E-03 -1.051368936E+01 0.000000000E+00 2.999525805E+02
4.133820000E-03 -1.051077011E+01 0.000000000E+00 2.999163002E+02
4.134160000E-03 -1.050887686E+01 0.000000000E+00 2.998916346E+02
4.134820000E-03 -1.050506895E+01 0.000000000E+00 2.998437659E+02
4.135470000E-03 -1.050145257E+01 0.000000000E+00 2.997966374E+02
4.136090000E-03 -1.049787066E+01 0.000000000E+00 2.997516979E+02
4.137280000E-03 -1.049112343E+01 0.000000000E+00 2.996654807E+02
4.138940000E-03 -1.048164012E+01 0.000000000E+00 2.995452942E+02
4.141900000E-03 -1.046483436E+01 0.000000000E+00 2.993312248E+02
4.143590000E-03 -1.045521711E+01 0.000000000E+00 2.992091399E+02
4.146550000E-03 -1.043846835E+01 0.000000000E+00 2.989955505E+02
4.157960000E-03 -1.037418562E+01 0.000000000E+00 2.981750666E+02
4.165590000E-03 -1.033149910E+01 0.000000000E+00 2.976289073E+02
4.168200000E-03 -1.031691674E+01 0.000000000E+00 2.974425411E+02
4.172120000E-03 -1.029513376E+01 0.000000000E+00 2.971630730E+02
4.178390000E-03 -1.026034142E+01 0.000000000E+00 2.967171566E+02
4.182250000E-03 -1.023904125E+01 0.000000000E+00 2.964433021E+02
4.185400000E-03 -1.022173757E+01 0.000000000E+00 2.962201940E+02
4.187770000E-03 -1.020864742E+01 0.000000000E+00 2.960525530E+02
4.189550000E-03 -1.019899445E+01 0.000000000E+00 2.959267702E+02
4.191880000E-03 -1.018615683E+01 0.000000000E+00 2.957622833E+02
4.192620000E-03 -1.018207801E+01 0.000000000E+00 2.957100810E+02
4.193750000E-03 -1.017592247E+01 0.000000000E+00 2.956304024E+02
4.194870000E-03 -1.016982518E+01 0.000000000E+00 2.955514712E+02
4.196890000E-03 -1.015881515E+01 0.000000000E+00 2.954092197E+02
4.200430000E-03 -1.013949461E+01 0.000000000E+00 2.951602574E+02
4.203080000E-03 -1.012506298E+01 0.000000000E+00 2.949741618E+02
4.207060000E-03 -1.010350549E+01 0.000000000E+00 2.946951077E+02
4.209050000E-03 -1.009274986E+01 0.000000000E+00 2.945557786E+02
4.211040000E-03 -1.008200959E+01 0.000000000E+00 2.944165812E+02
4.216480000E-03 -1.005265876E+01 0.000000000E+00 2.940367321E+02
4.221570000E-03 -1.002537888E+01 0.000000000E+00 2.936822083E+02
4.226660000E-03 -9.998069927E+00 0.000000000E+00 2.933285384E+02
4.236840000E-03 -9.944005232E+00 0.000000000E+00 2.926237479E+02
4.247020000E-03 -9.890204783E+00 0.000000000E+00 2.919223361E+02
4.257200000E-03 -9.836793169E+00 0.000000000E+00 2.912242789E+02
4.264830000E-03 -9.797044214E+00 0.000000000E+00 2.907032637E+02
4.272470000E-03 -9.757459467E+00 0.000000000E+00 2.901834302E+02
4.282710000E-03 -9.704703488E+00 0.000000000E+00 2.894895989E+02
4.287730000E-03 -9.679028813E+00 0.000000000E+00 2.891506695E+02
4.296620000E-03 -9.633765435E+00 0.000000000E+00 2.885523970E+02
4.306790000E-03 -9.582244079E+00 0.000000000E+00 2.878710130E+02
4.316970000E-03 -9.531040823E+00 0.000000000E+00 2.871921741E+02
4.328440000E-03 -9.473833457E+00 0.000000000E+00 2.864311392E+02
4.337320000E-03 -9.429893277E+00 0.000000000E+00 2.858447152E+02
4.338620000E-03 -9.423400280E+00 0.000000000E+00 2.857590662E+02
4.344140000E-03 -9.396320062E+00 0.000000000E+00 2.853959587E+02
4.354380000E-03 -9.346150224E+00 0.000000000E+00 2.847248058E+02
4.364620000E-03 -9.296336208E+00 0.000000000E+00 2.840568022E+02
4.400270000E-03 -9.125674903E+00 0.000000000E+00 2.817554377E+02
4.462650000E-03 -8.837091542E+00 0.000000000E+00 2.778169921E+02
4.649810000E-03 -8.040123584E+00 0.000000000E+00 2.666345507E+02
4.664000000E-03 -7.983617877E+00 0.000000000E+00 2.658233276E+02
4.672700000E-03 -7.948831036E+00 0.000000000E+00 2.653283969E+02
4.675090000E-03 -7.939264100E+00 0.000000000E+00 2.651927556E+02
4.684150000E-03 -7.903254201E+00 0.000000000E+00 2.646798245E+02
4.695590000E-03 -7.858052685E+00 0.000000000E+00 2.640349775E+02
4.698100000E-03 -7.848174711E+00 0.000000000E+00 2.638939146E+02
4.709610000E-03 -7.803118026E+00 0.000000000E+00 2.632489739E+02
4.721120000E-03 -7.758395018E+00 0.000000000E+00 2.626071780E+02
4.734060000E-03 -7.708534174E+00 0.000000000E+00 2.618893719E+02
4.746420000E-03 -7.661304242E+00 0.000000000E+00 2.612073942E+02
4.752600000E-03 -7.637778472E+00 0.000000000E+00 2.608677356E+02
4.758790000E-03 -7.614309403E+00 0.000000000E+00 2.605284116E+02
4.768670000E-03 -7.577138716E+00 0.000000000E+00 2.599886341E+02
4.780210000E-03 -7.533970049E+00 0.000000000E+00 2.593609904E+02
4.791750000E-03 -7.491117240E+00 0.000000000E+00 2.587363698E+02
4.803290000E-03 -7.448577236E+00 0.000000000E+00 2.581147505E+02
4.816360000E-03 -7.400809346E+00 0.000000000E+00 2.574143129E+02
4.827870000E-03 -7.359030101E+00 0.000000000E+00 2.568006181E+02
4.839390000E-03 -7.317518435E+00 0.000000000E+00 2.561893131E+02
4.847700000E-03 -7.287758460E+00 0.000000000E+00 2.557501496E+02
4.859200000E-03 -7.246828587E+00 0.000000000E+00 2.551448798E+02
4.870710000E-03 -7.206158714E+00 0.000000000E+00 2.545419456E+02
4.878710000E-03 -7.178015911E+00 0.000000000E+00 2.541245534E+02
4.882220000E-03 -7.165780242E+00 0.000000000E+00 2.539418543E+02
4.896960000E-03 -7.114496572E+00 0.000000000E+00 2.531774815E+02
4.905230000E-03 -7.085919462E+00 0.000000000E+00 2.527506355E+02
4.908480000E-03 -7.074739483E+00 0.000000000E+00 2.525832844E+02
4.918680000E-03 -7.039768230E+00 0.000000000E+00 2.520594956E+02
4.920840000E-03 -7.032427611E+00 0.000000000E+00 2.519488543E+02
4.934070000E-03 -6.987431925E+00 0.000000000E+00 2.512732896E+02
4.946220000E-03 -6.946458435E+00 0.000000000E+00 2.506560565E+02
4.958360000E-03 -6.905822033E+00 0.000000000E+00 2.500423527E+02
4.970510000E-03 -6.865455692E+00 0.000000000E+00 2.494311449E+02
4.982650000E-03 -6.825419992E+00 0.000000000E+00 2.488234173E+02
4.996000000E-03 -6.781817424E+00 0.000000000E+00 2.481585268E+02
5.006940000E-03 -6.744921792E+00 0.000000000E+00 2.476163086E+02
5.019090000E-03 -6.704193343E+00 0.000000000E+00 2.470168895E+02
5.031230000E-03 -6.663797974E+00 0.000000000E+00 2.464208553E+02
5.043380000E-03 -6.623761720E+00 0.000000000E+00 2.458272032E+02
5.055520000E-03 -6.583961639E+00 0.000000000E+00 2.452368896E+02
5.067660000E-03 -6.544544259E+00 0.000000000E+00 2.446494043E+02
5.082790000E-03 -6.495701414E+00 0.000000000E+00 2.439211535E+02
5.104100000E-03 -6.427785090E+00 0.000000000E+00 2.429027644E+02
5.116240000E-03 -6.389423656E+00 0.000000000E+00 2.423263959E+02
5.128390000E-03 -6.351400297E+00 0.000000000E+00 2.417522848E+02
5.140590000E-03 -6.313424399E+00 0.000000000E+00 2.411785418E+02
5.153090000E-03 -6.274791834E+00 0.000000000E+00 2.405935080E+02
5.176970000E-03 -6.201844585E+00 0.000000000E+00 2.394837134E+02
5.191870000E-03 -6.156824460E+00 0.000000000E+00 2.387964260E+02
5.204580000E-03 -6.118780140E+00 0.000000000E+00 2.382132660E+02
5.217300000E-03 -6.080994003E+00 0.000000000E+00 2.376324919E+02
5.265590000E-03 -5.939969014E+00 0.000000000E+00 2.354531971E+02
5.372170000E-03 -5.633090578E+00 1.375597638E-05 2.307819745E+02
5.426650000E-03 -5.465538137E+00 1.039476962E-03 2.284650751E+02
5.467940000E-03 -5.325161252E+00 1.066652960E-02 2.267398691E+02
5.508690000E-03 -5.178734538E+00 5.146006216E-02 2.250625829E+02
5.590840000E-03 -5.008027974E+00 2.114458487E-01 2.217555859E+02
5.803580000E-03 -4.742348464E+00 2.190905434E-01 2.136267614E+02
6.021970000E-03 -4.378419741E+00 1.808872606E-01 2.058794713E+02
6.173250000E-03 -4.133267512E+00 1.590525954E-01 2.008342445E+02
6.254600000E-03 -4.006231643E+00 1.486261285E-01 1.982221085E+02
6.351540000E-03 -3.859755250E+00 1.371530295E-01 1.951967554E+02
6.398330000E-03 -3.790786114E+00 1.319815704E-01 1.937693117E+02
6.429520000E-03 -3.745638295E+00 1.286092383E-01 1.928293247E+02
6.462870000E-03 -3.697830342E+00 1.251483031E-01 1.918342780E+02
6.478780000E-03 -3.675168034E+00 1.235522377E-01 1.913631887E+02
6.491900000E-03 -3.656616720E+00 1.222459818E-01 1.909764476E+02
6.507500000E-03 -3.634696487E+00 1.207060160E-01 1.905186323E+02
6.517000000E-03 -3.621464036E+00 1.197745445E-01 1.902409084E+02
6.526500000E-03 -3.608235104E+00 1.188474427E-01 1.899639930E+02
6.533460000E-03 -3.598583306E+00 1.181716287E-01 1.897616271E+02
6.542410000E-03 -3.586224484E+00 1.173085674E-01 1.895020337E+02
6.559580000E-03 -3.562566327E+00 1.157270082E-01 1.890060034E+02
6.569880000E-03 -3.548430879E+00 1.147848782E-01 1.887096872E+02
6.577670000E-03 -3.537769748E+00 1.140759469E-01 1.884861965E+02
6.585470000E-03 -3.527132551E+00 1.133691736E-01 1.882629486E+02
6.593270000E-03 -3.516585703E+00 1.126659511E-01 1.880402289E+02
6.601070000E-03 -3.506023416E+00 1.119652076E-01 1.878180356E+02
6.605170000E-03 -3.500483692E+00 1.115976376E-01 1.877014520E+02
6.609370000E-03 -3.494870720E+00 1.112228035E-01 1.875821750E+02
6.629900000E-03 -3.467389367E+00 1.094010147E-01 1.870013122E+02
6.637860000E-03 -3.456785448E+00 1.087032264E-01 1.867770637E+02
6.653950000E-03 -3.435412850E+00 1.073511081E-01 1.863254157E+02
6.670200000E-03 -3.413931062E+00 1.059969091E-01 1.858714881E+02
6.686460000E-03 -3.392643598E+00 1.046547901E-01 1.854194895E+02
6.694190000E-03 -3.382555966E+00 1.040202751E-01 1.852053796E+02
6.705790000E-03 -3.367508745E+00 1.030733084E-01 1.848850024E+02
6.717400000E-03 -3.352526275E+00 1.021324607E-01 1.845654569E+02
6.726310000E-03 -3.341104128E+00 1.014135522E-01 1.843209724E+02
6.730770000E-03 -3.335403569E+00 1.010549877E-01 1.841988361E+02
6.735230000E-03 -3.329663749E+00 1.006972835E-01 1.840768615E+02
6.743360000E-03 -3.319330943E+00 1.000502305E-01 1.838549329E+02
6.747430000E-03 -3.314121735E+00 9.973919881E-02 1.837440329E+02
6.749460000E-03 -3.311527055E+00 9.958408459E-02 1.836887692E+02
6.750480000E-03 -3.310224204E+00 9.950669477E-02 1.836610137E+02
6.750980000E-03 -3.309585770E+00 9.946831045E-02 1.836474112E+02
6.751490000E-03 -3.308934713E+00 9.942964185E-02 1.836335387E+02
6.752000000E-03 -3.308283799E+00 9.939048074E-02 1.836196682E+02
6.752970000E-03 -3.307046201E+00 9.931667823E-02 1.835932930E+02
6.753540000E-03 -3.306319201E+00 9.927327060E-02 1.835777977E+02
6.754430000E-03 -3.305184428E+00 9.920539678E-02 1.835536085E+02
6.761090000E-03 -3.296757139E+00 9.869956565E-02 1.833727994E+02
6.766090000E-03 -3.290409056E+00 9.832085164E-02 1.832372907E+02
6.767750000E-03 -3.288304604E+00 9.819503184E-02 1.831923461E+02
6.784130000E-03 -3.267671551E+00 9.696318748E-02 1.827500357E+02
6.792320000E-03 -3.257386067E+00 9.635079343E-02 1.825296806E+02
6.800500000E-03 -3.247199791E+00 9.574184373E-02 1.823101243E+02
6.808690000E-03 -3.236988235E+00 9.513526095E-02 1.820908280E+02
6.816880000E-03 -3.226862811E+00 9.453082184E-02 1.818720588E+02
6.825070000E-03 -3.216724527E+00 9.392950037E-02 1.816538145E+02
6.833260000E-03 -3.206622683E+00 9.333029754E-02 1.814360935E+02
6.849630000E-03 -3.186588678E+00 9.214580664E-02 1.810024775E+02
6.866010000E-03 -3.166588270E+00 9.101164176E-02 1.805706662E+02
6.881550000E-03 -3.147791436E+00 8.994402402E-02 1.801628993E+02
6.897810000E-03 -3.128211370E+00 8.883666062E-02 1.797382068E+02
6.915130000E-03 -3.107557795E+00 8.766721787E-02 1.792880250E+02
6.930330000E-03 -3.089511947E+00 8.665006706E-02 1.788948001E+02
6.947890000E-03 -3.068771524E+00 8.550965420E-02 1.784426639E+02
6.980640000E-03 -3.030542256E+00 8.342651713E-02 1.776054918E+02
7.021090000E-03 -2.984048354E+00 8.090239152E-02 1.765822686E+02
7.059000000E-03 -2.941094916E+00 7.861437297E-02 1.756339425E+02
7.130100000E-03 -2.862300789E+00 7.454309078E-02 1.738825542E+02
7.305990000E-03 -2.676681322E+00 6.541023635E-02 1.696963724E+02
7.417830000E-03 -2.565107295E+00 6.030825591E-02 1.671378287E+02
7.470320000E-03 -2.514402401E+00 5.810580531E-02 1.659634393E+02
7.509690000E-03 -2.477040203E+00 5.649026519E-02 1.650933660E+02
7.539210000E-03 -2.449420873E+00 5.529965030E-02 1.644469381E+02
7.561360000E-03 -2.428880300E+00 5.445399266E-02 1.639652126E+02
7.577970000E-03 -2.413585894E+00 5.382544665E-02 1.636058206E+02
7.590420000E-03 -2.402197989E+00 5.335770630E-02 1.633374701E+02
7.599760000E-03 -2.393681822E+00 5.300868679E-02 1.631367306E+02
7.606770000E-03 -2.387310950E+00 5.274777261E-02 1.629863924E+02
7.612030000E-03 -2.382552082E+00 5.255262392E-02 1.628737669E+02
7.615970000E-03 -2.378974110E+00 5.240655311E-02 1.627895068E+02
7.618920000E-03 -2.376318481E+00 5.229724845E-02 1.627264757E+02
7.621970000E-03 -2.373577423E+00 5.218475443E-02 1.626613592E+02
7.623890000E-03 -2.371838987E+00 5.211389682E-02 1.626203946E+02
7.626330000E-03 -2.369642307E+00 5.202418014E-02 1.625683651E+02
7.627430000E-03 -2.368670462E+00 5.198355820E-02 1.625449201E+02
7.627790000E-03 -2.368313089E+00 5.197037586E-02 1.625372487E+02
7.628380000E-03 -2.367792079E+00 5.194854646E-02 1.625246776E+02
7.630650000E-03 -2.365749266E+00 5.186527001E-02 1.624763290E+02
7.634630000E-03 -2.362201656E+00 5.171915912E-02 1.623916287E+02
7.646570000E-03 -2.351513729E+00 5.128248151E-02 1.621380567E+02
7.655950000E-03 -2.343149797E+00 5.095035085E-02 1.619394066E+02
7.660650000E-03 -2.338970701E+00 5.078704932E-02 1.618400527E+02
7.665340000E-03 -2.334769019E+00 5.062424199E-02 1.617410317E+02
7.684120000E-03 -2.318177920E+00 4.997673233E-02 1.613457364E+02
7.702890000E-03 -2.301717349E+00 4.933505584E-02 1.609525775E+02
7.712280000E-03 -2.293528109E+00 4.901608041E-02 1.607566115E+02
7.721670000E-03 -2.285368914E+00 4.869850969E-02 1.605611221E+02
7.729930000E-03 -2.278197854E+00 4.842065807E-02 1.603895507E+02
7.742320000E-03 -2.267522829E+00 4.800532052E-02 1.601328801E+02
7.748520000E-03 -2.262181316E+00 4.779830202E-02 1.600047493E+02
7.754720000E-03 -2.256852702E+00 4.759226523E-02 1.598768234E+02
7.760540000E-03 -2.251893451E+00 4.739908057E-02 1.597569241E+02
7.769260000E-03 -2.244445936E+00 4.711078934E-02 1.595776174E+02
7.773630000E-03 -2.240723302E+00 4.696677342E-02 1.594879098E+02
7.775810000E-03 -2.238868518E+00 4.689531520E-02 1.594431963E+02
7.777990000E-03 -2.237015302E+00 4.682355065E-02 1.593985078E+02
7.780340000E-03 -2.235022284E+00 4.674640722E-02 1.593503626E+02
7.788550000E-03 -2.228054536E+00 4.647743873E-02 1.591823895E+02
7.789580000E-03 -2.227200917E+00 4.644360923E-02 1.591613412E+02
7.791370000E-03 -2.225680472E+00 4.638525648E-02 1.591247752E+02
7.794070000E-03 -2.223408254E+00 4.629726309E-02 1.590696517E+02
7.795420000E-03 -2.222254167E+00 4.625330789E-02 1.590421042E+02
7.799110000E-03 -2.219168099E+00 4.613302842E-02 1.589668565E+02
7.811430000E-03 -2.208796256E+00 4.573848914E-02 1.587161378E+02
7.815540000E-03 -2.205347216E+00 4.561119261E-02 1.586326729E+02
7.834310000E-03 -2.189670196E+00 4.503239607E-02 1.582526094E+02
7.843700000E-03 -2.181888736E+00 4.474463486E-02 1.580631590E+02
7.853090000E-03 -2.174098169E+00 4.445849214E-02 1.578741616E+02
7.862480000E-03 -2.166372813E+00 4.417321704E-02 1.576856157E+02
7.871860000E-03 -2.158646286E+00 4.388928728E-02 1.574977197E+02
7.884440000E-03 -2.148353482E+00 4.351107280E-02 1.572464246E+02
7.897020000E-03 -2.138110179E+00 4.313467596E-02 1.569959301E+02
7.909410000E-03 -2.128066344E+00 4.276617126E-02 1.567499978E+02
7.928190000E-03 -2.112936301E+00 4.221179123E-02 1.563786943E+02
7.946960000E-03 -2.097921961E+00 4.168187777E-02 1.560093419E+02
7.965740000E-03 -2.082970533E+00 4.116143996E-02 1.556415349E+02
8.000000000E-03 -2.056012385E+00 4.022317188E-02 1.549750000E+02
8.003290000E-03 -2.053321379E+00 4.013390777E-02 1.549112927E+02
8.023020000E-03 -2.037360783E+00 3.960120884E-02 1.545303389E+02
8.052520000E-03 -2.013697338E+00 3.881300448E-02 1.539642249E+02
8.072930000E-03 -1.997457855E+00 3.827397535E-02 1.535749722E+02
8.091390000E-03 -1.982885872E+00 3.781305936E-02 1.532246005E+02
8.110830000E-03 -1.967663221E+00 3.733192488E-02 1.528573525E+02
8.130260000E-03 -1.952524454E+00 3.685504484E-02 1.524920482E+02
8.160950000E-03 -1.928879370E+00 3.611050921E-02 1.519185879E+02
8.188580000E-03 -1.907779597E+00 3.544868345E-02 1.514059825E+02
8.201120000E-03 -1.898314518E+00 3.515081629E-02 1.511744737E+02
8.208010000E-03 -1.893110400E+00 3.498802638E-02 1.510475743E+02
8.221210000E-03 -1.883182923E+00 3.467764552E-02 1.508050518E+02
8.227450000E-03 -1.878506302E+00 3.453767217E-02 1.506906757E+02
8.241300000E-03 -1.868164248E+00 3.422790783E-02 1.504374310E+02
8.256330000E-03 -1.857024858E+00 3.389418570E-02 1.501635715E+02
8.266330000E-03 -1.849613277E+00 3.367331275E-02 1.499819146E+02
8.285760000E-03 -1.835329198E+00 3.324671963E-02 1.496302089E+02
8.316520000E-03 -1.812935488E+00 3.257909182E-02 1.490767773E+02
8.341730000E-03 -1.794739739E+00 3.205378495E-02 1.486262442E+02
8.361820000E-03 -1.780375667E+00 3.164409604E-02 1.482691567E+02
8.381910000E-03 -1.766117034E+00 3.123792934E-02 1.479137810E+02
8.401990000E-03 -1.751969371E+00 3.083538677E-02 1.475602804E+02
8.448310000E-03 -1.719722990E+00 2.992019750E-02 1.467512437E+02
8.462260000E-03 -1.710123097E+00 2.965910355E-02 1.465093249E+02
8.482340000E-03 -1.696351063E+00 2.928579959E-02 1.461624976E+02
8.502430000E-03 -1.682704152E+00 2.891558738E-02 1.458171370E+02
8.522520000E-03 -1.669155801E+00 2.854856792E-02 1.454734046E+02
8.562690000E-03 -1.642325945E+00 2.782394801E-02 1.447909477E+02
8.689010000E-03 -1.560438244E+00 2.567383792E-02 1.426859907E+02
8.731780000E-03 -1.533522009E+00 2.498622402E-02 1.419870863E+02
8.753170000E-03 -1.520197237E+00 2.464696277E-02 1.416401144E+02
8.774560000E-03 -1.506972126E+00 2.431779639E-02 1.412948342E+02
8.795950000E-03 -1.493845690E+00 2.399873791E-02 1.409512332E+02
8.860110000E-03 -1.455083605E+00 2.305833332E-02 1.399305426E+02
8.884270000E-03 -1.440703211E+00 2.271057504E-02 1.395500137E+02
8.902880000E-03 -1.429700113E+00 2.245607466E-02 1.392583074E+02
8.924270000E-03 -1.417145627E+00 2.216597306E-02 1.389245283E+02
8.951000000E-03 -1.401586021E+00 2.180692993E-02 1.385096637E+02
8.993290000E-03 -1.377266704E+00 2.124676447E-02 1.378583366E+02
9.009810000E-03 -1.367850851E+00 2.103054676E-02 1.376055655E+02
9.031200000E-03 -1.355748253E+00 2.075885956E-02 1.372796528E+02
9.052900000E-03 -1.343572953E+00 2.049142838E-02 1.369505904E+02
9.075190000E-03 -1.331128210E+00 2.021923052E-02 1.366142196E+02
9.119750000E-03 -1.306556522E+00 1.968212310E-02 1.359467091E+02
9.142030000E-03 -1.294422290E+00 1.941711755E-02 1.356153940E+02
9.168160000E-03 -1.280298495E+00 1.910942731E-02 1.352288791E+02
9.186600000E-03 -1.270392598E+00 1.890330192E-02 1.349574380E+02
9.275730000E-03 -1.223399064E+00 1.792803373E-02 1.336606391E+02
9.429130000E-03 -1.143726480E+00 1.638193869E-02 1.314861498E+02
9.480830000E-03 -1.116558466E+00 1.592250196E-02 1.307691415E+02
9.504060000E-03 -1.104269870E+00 1.575342878E-02 1.304495132E+02
9.528550000E-03 -1.091194257E+00 1.564020466E-02 1.301142356E+02
9.564790000E-03 -1.071543030E+00 1.574702530E-02 1.296212463E+02
9.611980000E-03 -1.045296325E+00 1.699766971E-02 1.289848710E+02
9.643580000E-03 -1.027550336E+00 1.909152264E-02 1.285622144E+02
9.666340000E-03 -1.015019833E+00 2.140765021E-02 1.282595067E+02
9.692970000E-03 -1.000961370E+00 2.497028569E-02 1.279071327E+02
9.719230000E-03 -9.881244383E-01 2.917839855E-02 1.275615455E+02
9.769080000E-03 -9.672854264E-01 3.756925817E-02 1.269106200E+02
9.784860000E-03 -9.615679293E-01 3.997231394E-02 1.267059518E+02
9.800630000E-03 -9.562152142E-01 4.206116938E-02 1.265020718E+02
9.823420000E-03 -9.489073145E-01 4.453358829E-02 1.262085913E+02
9.845850000E-03 -9.420008954E-01 4.625479710E-02 1.259210733E+02
9.892130000E-03 -9.277384390E-01 4.796746351E-02 1.253319558E+02
9.975470000E-03 -9.003168545E-01 4.766149419E-02 1.242848708E+02
1.002030000E-02 -8.837850517E-01 4.689526825E-02 1.237288305E+02
1.004480000E-02 -8.748341255E-01 4.648112434E-02 1.234270468E+02
1.006930000E-02 -8.659479053E-01 4.607022483E-02 1.231267317E+02
1.009390000E-02 -8.570889707E-01 4.566208255E-02 1.228266577E+02
1.016750000E-02 -8.309656580E-01 4.447220226E-02 1.219375461E+02
1.019210000E-02 -8.223584889E-01 4.408384997E-02 1.216432335E+02
1.021660000E-02 -8.138483926E-01 4.369979290E-02 1.213515259E+02
1.024380000E-02 -8.044908909E-01 4.327705976E-02 1.210293055E+02
1.026570000E-02 -7.969958154E-01 4.294509523E-02 1.207711116E+02
1.033930000E-02 -7.719106735E-01 4.185134100E-02 1.199114060E+02
1.036390000E-02 -7.633168350E-01 4.149962745E-02 1.196267814E+02
1.039490000E-02 -7.525818608E-01 4.105937376E-02 1.192700266E+02
1.048780000E-02 -7.209830457E-01 3.978904297E-02 1.182135434E+02
1.055110000E-02 -6.999422275E-01 3.894562144E-02 1.175043360E+02
1.075210000E-02 -6.319212994E-01 3.652356567E-02 1.153077073E+02
1.085910000E-02 -5.947084297E-01 3.603989718E-02 1.141715243E+02
1.097670000E-02 -5.532235332E-01 4.060950693E-02 1.129483360E+02
1.106340000E-02 -5.277196818E-01 4.773821938E-02 1.120631994E+02
1.121220000E-02 -4.937134184E-01 5.323122089E-02 1.105759797E+02
1.200000000E-02 -3.074181862E-01 4.405000930E-02 1.033166667E+02
1.327000000E-02 -5.600342047E-02 3.430549527E-02 9.342878674E+01
1.470000000E-02 1.551292342E-01 2.826800661E-02 8.434013605E+01
1.500000000E-02 1.919795761E-01 2.740081014E-02 8.265333333E+01
1.553720000E-02 2.538884665E-01 2.611162413E-02 7.979558736E+01
1.630000000E-02 3.313985141E-01 2.472854634E-02 7.606134969E+01
1.690230000E-02 3.854951585E-01 2.391806361E-02 7.335096407E+01
1.732010000E-02 4.199891611E-01 2.348896764E-02 7.158157285E+01
1.771900000E-02 4.505937356E-01 2.314707089E-02 6.997008861E+01
1.856380000E-02 5.093210280E-01 2.263611720E-02 6.678589513E+01
1.905460000E-02 5.401775049E-01 2.242958470E-02 6.506565344E+01
1.953030000E-02 5.680452461E-01 2.232311246E-02 6.348084771E+01
1.974420000E-02 5.800711050E-01 2.228200498E-02 6.279312406E+01
1.983970000E-02 5.853099146E-01 2.226658984E-02 6.249086428E+01
1.988750000E-02 5.879038626E-01 2.226124957E-02 6.234066625E+01
1.998300000E-02 5.930276428E-01 2.225029506E-02 6.204273633E+01
2.018370000E-02 6.035293210E-01 2.222486008E-02 6.142580399E+01
2.036520000E-02 6.127595269E-01 2.222891340E-02 6.087836113E+01
2.082720000E-02 6.355052752E-01 2.223620800E-02 5.952792502E+01
2.123140000E-02 6.543889725E-01 2.227061387E-02 5.839464190E+01
2.193880000E-02 6.853069016E-01 2.240662118E-02 5.651175087E+01
2.250000000E-02 7.080968062E-01 2.252287905E-02 5.510222222E+01
2.286730000E-02 7.224938872E-01 2.264602999E-02 5.421715725E+01
2.316570000E-02 7.337157839E-01 2.274772352E-02 5.351877992E+01
2.361330000E-02 7.501588827E-01 2.287791620E-02 5.250430901E+01
2.412020000E-02 7.681796507E-01 2.311925296E-02 5.140090049E+01
2.447550000E-02 7.804264845E-01 2.328645894E-02 5.065473637E+01
2.477160000E-02 7.905168104E-01 2.341131486E-02 5.004924995E+01
2.504480000E-02 7.997155990E-01 2.351537727E-02 4.950329010E+01
2.524540000E-02 8.065122844E-01 2.360196124E-02 4.910993686E+01
2.541520000E-02 8.122518456E-01 2.367857388E-02 4.878183135E+01
2.554000000E-02 8.164584234E-01 2.373234943E-02 4.854346124E+01
2.566480000E-02 8.207523843E-01 2.378396174E-02 4.830740937E+01
2.574570000E-02 8.234959942E-01 2.382587880E-02 4.815561434E+01
2.580910000E-02 8.256253775E-01 2.386493190E-02 4.803732017E+01
2.587260000E-02 8.277373657E-01 2.390347430E-02 4.791942055E+01
2.593630000E-02 8.299288492E-01 2.394139337E-02 4.780172962E+01
2.599990000E-02 8.321301855E-01 2.397887271E-02 4.768479879E+01
2.601490000E-02 8.326455697E-01 2.398737799E-02 4.765730408E+01
2.607890000E-02 8.348347315E-01 2.402416164E-02 4.754034871E+01
2.614290000E-02 8.370078434E-01 2.406026447E-02 4.742396597E+01
2.620700000E-02 8.391796431E-01 2.409557800E-02 4.730797115E+01
2.627100000E-02 8.414439604E-01 2.413041130E-02 4.719272201E+01
2.631110000E-02 8.428675290E-01 2.415190533E-02 4.712079693E+01
2.635120000E-02 8.442798712E-01 2.417322289E-02 4.704909074E+01
2.638240000E-02 8.453726927E-01 2.418960883E-02 4.699345018E+01
2.642920000E-02 8.470063542E-01 2.421391645E-02 4.691023565E+01
2.645260000E-02 8.478175761E-01 2.422594899E-02 4.686873880E+01
2.647600000E-02 8.486457962E-01 2.423790118E-02 4.682731530E+01
2.650720000E-02 8.497850713E-01 2.425374573E-02 4.677219774E+01
2.653840000E-02 8.509194103E-01 2.426941625E-02 4.671720978E+01
2.658520000E-02 8.526117191E-01 2.429265895E-02 4.663496983E+01
2.659300000E-02 8.528927023E-01 2.429650222E-02 4.662129132E+01
2.660760000E-02 8.534200702E-01 2.430365775E-02 4.659570950E+01
2.663140000E-02 8.542735665E-01 2.431526172E-02 4.655406775E+01
2.663740000E-02 8.544846232E-01 2.431807504E-02 4.654358158E+01
2.664180000E-02 8.546457475E-01 2.432034816E-02 4.653589472E+01
2.664520000E-02 8.547668088E-01 2.432186052E-02 4.652995662E+01
2.665020000E-02 8.549439769E-01 2.432432480E-02 4.652122686E+01
2.665270000E-02 8.550325150E-01 2.432557175E-02 4.651686321E+01
2.665920000E-02 8.552677323E-01 2.432874509E-02 4.650552155E+01
2.671920000E-02 8.574489948E-01 2.435751377E-02 4.640108985E+01
2.673520000E-02 8.580654576E-01 2.436513037E-02 4.637332057E+01
2.678330000E-02 8.599172613E-01 2.438748874E-02 4.629003894E+01
2.680730000E-02 8.608348143E-01 2.439865592E-02 4.624859646E+01
2.684930000E-02 8.624371584E-01 2.441799280E-02 4.617625041E+01
2.691540000E-02 8.649382227E-01 2.444778636E-02 4.606284878E+01
2.694380000E-02 8.660060715E-01 2.446465410E-02 4.601429642E+01
2.697540000E-02 8.671894883E-01 2.448283592E-02 4.596039354E+01
2.703940000E-02 8.695705146E-01 2.451967699E-02 4.585160913E+01
2.710340000E-02 8.719305590E-01 2.455589746E-02 4.574333847E+01
2.716780000E-02 8.745158481E-01 2.459155738E-02 4.563490603E+01
2.729550000E-02 8.797403133E-01 2.466069872E-02 4.542140646E+01
2.733100000E-02 8.811821009E-01 2.467936996E-02 4.536240899E+01
2.736640000E-02 8.826159590E-01 2.469807248E-02 4.530373012E+01
2.743270000E-02 8.853001920E-01 2.473214991E-02 4.519423899E+01
2.749890000E-02 8.882502054E-01 2.476579208E-02 4.508543978E+01
2.757070000E-02 8.914165219E-01 2.480154264E-02 4.496802765E+01
2.763850000E-02 8.943798923E-01 2.483477278E-02 4.485771659E+01
2.770640000E-02 8.976359315E-01 2.486723138E-02 4.474778391E+01
2.777430000E-02 9.010189646E-01 2.489907610E-02 4.463838873E+01
2.784210000E-02 9.043695673E-01 2.493049385E-02 4.452968706E+01
2.791000000E-02 9.076894814E-01 2.496110449E-02 4.442135435E+01
2.795560000E-02 9.099003420E-01 2.498139908E-02 4.434889611E+01
2.800950000E-02 9.125001035E-01 2.500517266E-02 4.426355344E+01
2.805740000E-02 9.152044475E-01 2.502882884E-02 4.418798606E+01
2.811360000E-02 9.183570988E-01 2.506413570E-02 4.409965284E+01
2.818400000E-02 9.222946794E-01 2.510770906E-02 4.398949759E+01
2.824930000E-02 9.264490003E-01 2.514758072E-02 4.388781315E+01
2.831720000E-02 9.307273091E-01 2.518819777E-02 4.378257737E+01
2.840040000E-02 9.361869208E-01 2.523746449E-02 4.365431473E+01
2.849220000E-02 9.428902651E-01 2.529221259E-02 4.351366339E+01
2.858980000E-02 9.507637082E-01 2.535711106E-02 4.336511623E+01
2.866810000E-02 9.577949270E-01 2.543324346E-02 4.324667488E+01
2.880740000E-02 9.725722074E-01 2.582207731E-02 4.303755285E+01
2.897420000E-02 9.962773354E-01 2.832857634E-02 4.278979230E+01
2.912330000E-02 1.024986921E+00 3.741793472E-02 4.257072516E+01
2.939510000E-02 1.079317957E+00 9.620476677E-02 4.217709754E+01
2.947830000E-02 1.086055803E+00 1.259859695E-01 4.205805627E+01
2.957050000E-02 1.083875889E+00 1.607922318E-01 4.192692041E+01
2.994640000E-02 1.000749134E+00 2.444216192E-01 4.140063580E+01
3.029950000E-02 9.364654332E-01 2.388264341E-01 4.091816697E+01
3.038340000E-02 9.270745593E-01 2.348551385E-01 4.080517651E+01
3.057230000E-02 9.106831317E-01 2.259955460E-01 4.055304966E+01
3.063530000E-02 9.063447443E-01 2.230656376E-01 4.046965429E+01
3.074450000E-02 8.997388889E-01 2.183633730E-01 4.032591195E+01
3.079000000E-02 8.972415251E-01 2.164143741E-01 4.026632023E+01
3.086250000E-02 8.936145912E-01 2.133261672E-01 4.017172945E+01
3.097270000E-02 8.888753516E-01 2.089092241E-01 4.002879956E+01
3.107260000E-02 8.850291431E-01 2.050543573E-01 3.990010492E+01
3.111110000E-02 8.837358200E-01 2.035721145E-01 3.985072852E+01
3.118330000E-02 8.814180873E-01 2.008123032E-01 3.975846046E+01
3.124650000E-02 8.796780267E-01 1.985863268E-01 3.967804394E+01
3.130170000E-02 8.781667135E-01 1.966532743E-01 3.960807241E+01
3.139850000E-02 8.758165416E-01 1.932803486E-01 3.948596271E+01
3.147100000E-02 8.742095880E-01 1.907684661E-01 3.939499857E+01
3.152550000E-02 8.731722369E-01 1.889600785E-01 3.932689410E+01
3.156630000E-02 8.725196149E-01 1.876612517E-01 3.927606340E+01
3.162750000E-02 8.715500737E-01 1.857247303E-01 3.920006324E+01
3.165810000E-02 8.710661827E-01 1.847614419E-01 3.916217335E+01
3.168870000E-02 8.705866827E-01 1.838017544E-01 3.912435663E+01
3.172770000E-02 8.699776000E-01 1.825834837E-01 3.907626459E+01
3.184470000E-02 8.685255328E-01 1.790757400E-01 3.893269524E+01
3.192270000E-02 8.678149904E-01 1.768253784E-01 3.883756700E+01
3.200590000E-02 8.670643354E-01 1.744469753E-01 3.873660794E+01
3.208470000E-02 8.663689773E-01 1.722153211E-01 3.864147086E+01
3.213490000E-02 8.660734169E-01 1.708594745E-01 3.858110652E+01
3.217260000E-02 8.659019806E-01 1.698656136E-01 3.853589701E+01
3.222910000E-02 8.656454955E-01 1.683831795E-01 3.846834072E+01
3.225730000E-02 8.655189199E-01 1.676459844E-01 3.843471090E+01
3.228560000E-02 8.653938252E-01 1.669100730E-01 3.840102089E+01
3.232100000E-02 8.652341812E-01 1.659906639E-01 3.835896167E+01
3.236040000E-02 8.650607414E-01 1.649729817E-01 3.831225819E+01
3.238010000E-02 8.649755809E-01 1.644659226E-01 3.828894908E+01
3.239000000E-02 8.649313473E-01 1.642121934E-01 3.827724606E+01
3.239650000E-02 8.649025247E-01 1.640447185E-01 3.826956616E+01
3.240470000E-02 8.648922807E-01 1.638451039E-01 3.825988205E+01
3.241400000E-02 8.648934172E-01 1.636205969E-01 3.824890479E+01
3.242200000E-02 8.648924648E-01 1.634257831E-01 3.823946703E+01
3.245030000E-02 8.648972102E-01 1.627419547E-01 3.820611828E+01
3.246440000E-02 8.648992375E-01 1.624013415E-01 3.818952453E+01
3.247150000E-02 8.648995977E-01 1.622307341E-01 3.818117426E+01
3.248840000E-02 8.649010871E-01 1.618239113E-01 3.816131296E+01
3.255740000E-02 8.649128704E-01 1.601726689E-01 3.808043640E+01
3.257710000E-02 8.649141625E-01 1.597033275E-01 3.805740842E+01
3.263610000E-02 8.649242407E-01 1.583023663E-01 3.798860771E+01
3.266600000E-02 8.649307422E-01 1.575975612E-01 3.795383579E+01
3.271070000E-02 8.649374915E-01 1.565461218E-01 3.790197091E+01
3.275540000E-02 8.650024075E-01 1.555276127E-01 3.785024759E+01
3.280710000E-02 8.651484795E-01 1.543923262E-01 3.779060021E+01
3.285870000E-02 8.653147180E-01 1.532643418E-01 3.773125534E+01
3.293670000E-02 8.656454097E-01 1.515716850E-01 3.764190098E+01
3.301470000E-02 8.659723800E-01 1.498935048E-01 3.755296883E+01
3.309270000E-02 8.662998577E-01 1.482298626E-01 3.746445591E+01
3.324870000E-02 8.674644207E-01 1.451140147E-01 3.728867595E+01
3.331530000E-02 8.680289089E-01 1.437993847E-01 3.721413285E+01
3.338190000E-02 8.685899519E-01 1.424940801E-01 3.713988718E+01
3.350000000E-02 8.695761508E-01 1.402023689E-01 3.700895522E+01
3.366430000E-02 8.712446952E-01 1.372809256E-01 3.682833150E+01
3.381870000E-02 8.732095705E-01 1.345884298E-01 3.666019096E+01
3.391050000E-02 8.743616992E-01 1.330083102E-01 3.656094720E+01
3.403210000E-02 8.762675874E-01 1.309748172E-01 3.643031138E+01
3.419520000E-02 8.790569413E-01 1.284036128E-01 3.625655063E+01
3.432740000E-02 8.816951036E-01 1.263511860E-01 3.611692118E+01
3.445330000E-02 8.845361166E-01 1.244269374E-01 3.598494194E+01
3.464790000E-02 8.900524298E-01 1.217080352E-01 3.578283244E+01
3.481660000E-02 8.963585872E-01 1.197617921E-01 3.560945066E+01
3.524930000E-02 9.216591367E-01 1.258026603E-01 3.517232966E+01
3.570900000E-02 9.285289867E-01 1.658919773E-01 3.471953849E+01
3.648470000E-02 8.812197981E-01 1.764753622E-01 3.398136753E+01
3.843290000E-02 8.599937310E-01 1.391636825E-01 3.225881992E+01
4.110000000E-02 8.659396387E-01 1.074835208E-01 3.016545012E+01
4.466840000E-02 8.824387237E-01 8.208501055E-02 2.775563933E+01
4.979660000E-02 9.051503339E-01 6.165366993E-02 2.489728214E+01
5.471040000E-02 9.225138216E-01 5.074649906E-02 2.266113938E+01
5.603090000E-02 9.264794789E-01 4.865357387E-02 2.212707631E+01
6.346870000E-02 9.438818388E-01 4.081999710E-02 1.953403804E+01
7.613270000E-02 9.612130085E-01 3.378060164E-02 1.628472391E+01
9.500000000E-02 9.732771094E-01 2.742790296E-02 1.305052632E+01
1.291500000E-01 9.822799365E-01 1.958023985E-02 9.599690283E+00
1.462180000E-01 9.847005643E-01 1.665351807E-02 8.479120218E+00
1.541520000E-01 9.856469087E-01 1.544429754E-02 8.042711090E+00
1.584890000E-01 9.861465737E-01 1.481462038E-02 7.822624914E+00
1.610990000E-01 9.864499358E-01 1.444052072E-02 7.695888863E+00
1.623490000E-01 9.865920226E-01 1.426720213E-02 7.636634657E+00
1.632610000E-01 9.866938312E-01 1.414291734E-02 7.593975291E+00
1.637630000E-01 9.867492928E-01 1.407532295E-02 7.570696678E+00
1.639140000E-01 9.867658438E-01 1.405503450E-02 7.563722440E+00
1.643660000E-01 9.868152760E-01 1.399481331E-02 7.542922502E+00
1.646420000E-01 9.868466713E-01 1.395825135E-02 7.530277815E+00
1.653630000E-01 9.869330312E-01 1.386346220E-02 7.497445015E+00
1.657680000E-01 9.869811160E-01 1.381073920E-02 7.479127455E+00
1.661960000E-01 9.870315647E-01 1.375547020E-02 7.459866663E+00
1.665780000E-01 9.870762670E-01 1.370633600E-02 7.442759548E+00
1.667800000E-01 9.870998053E-01 1.368057335E-02 7.433745053E+00
1.670840000E-01 9.871351244E-01 1.364184222E-02 7.420219770E+00
1.673880000E-01 9.871702722E-01 1.360338379E-02 7.406743614E+00
1.676920000E-01 9.872051685E-01 1.356503277E-02 7.393316318E+00
1.681130000E-01 9.872553796E-01 1.351226696E-02 7.374801473E+00
1.681340000E-01 9.872579141E-01 1.350970289E-02 7.373880357E+00
1.683300000E-01 9.872818248E-01 1.348521952E-02 7.365294362E+00
1.685170000E-01 9.873051909E-01 1.346200905E-02 7.357121240E+00
1.690080000E-01 9.873663228E-01 1.340140273E-02 7.335747420E+00
1.694130000E-01 9.874164292E-01 1.335170448E-02 7.318210527E+00
1.695830000E-01 9.874378185E-01 1.333100823E-02 7.310874321E+00
1.698370000E-01 9.874710727E-01 1.330006658E-02 7.299940531E+00
1.703600000E-01 9.875389541E-01 1.323685912E-02 7.277529937E+00
1.706280000E-01 9.875734999E-01 1.320468224E-02 7.266099351E+00
1.710330000E-01 9.876254619E-01 1.315632877E-02 7.248893488E+00
1.715630000E-01 9.876954120E-01 1.309355234E-02 7.226499886E+00
1.718990000E-01 9.877411392E-01 1.305397777E-02 7.212374708E+00
1.727100000E-01 9.878549982E-01 1.295941900E-02 7.178507324E+00
1.733030000E-01 9.879426273E-01 1.289111376E-02 7.153944248E+00
1.737530000E-01 9.880125197E-01 1.284014850E-02 7.135416367E+00
1.741640000E-01 9.880811245E-01 1.279450972E-02 7.118577892E+00
1.745220000E-01 9.881450292E-01 1.275607447E-02 7.103975430E+00
1.748640000E-01 9.882093525E-01 1.272122366E-02 7.090081435E+00
1.750870000E-01 9.882532796E-01 1.269998393E-02 7.081051135E+00
1.755800000E-01 9.883561919E-01 1.265888723E-02 7.061168698E+00
1.761400000E-01 9.884816969E-01 1.262611651E-02 7.038719201E+00
1.767060000E-01 9.886133033E-01 1.261269768E-02 7.016173758E+00
1.771100000E-01 9.887067834E-01 1.261962021E-02 7.000169386E+00
1.774450000E-01 9.887787309E-01 1.263573371E-02 6.986953704E+00
1.779630000E-01 9.888736426E-01 1.267623579E-02 6.966616656E+00
1.785420000E-01 9.889492861E-01 1.273290251E-02 6.944024375E+00
1.791470000E-01 9.889932928E-01 1.279064793E-02 6.920573607E+00
1.798840000E-01 9.890115186E-01 1.283712559E-02 6.892219430E+00
1.804410000E-01 9.890149585E-01 1.284982528E-02 6.870943965E+00
1.818270000E-01 9.890347621E-01 1.281723602E-02 6.818569299E+00
1.841000000E-01 9.891689605E-01 1.270463038E-02 6.734383487E+00
1.915160000E-01 9.891586081E-01 1.273828853E-02 6.473610560E+00
2.025000000E-01 9.888660273E-01 1.169485939E-02 6.122469136E+00
2.262090000E-01 9.895839314E-01 8.898536321E-03 5.480772206E+00
2.660730000E-01 9.917298476E-01 6.063225943E-03 4.659623487E+00
3.126930000E-01 9.936604070E-01 4.298308976E-03 3.964911271E+00
3.176670000E-01 9.938736962E-01 4.159122828E-03 3.902829063E+00
3.220370000E-01 9.940984403E-01 4.107258257E-03 3.849868183E+00
3.285380000E-01 9.942086448E-01 4.128752677E-03 3.773688280E+00
3.679720000E-01 9.949793325E-01 3.262477154E-03 3.369278097E+00
4.422110000E-01 9.961400967E-01 2.197979011E-03 2.803638987E+00
4.622110000E-01 9.963944958E-01 2.038550217E-03 2.682324739E+00
5.688530000E-01 9.973696792E-01 1.231170403E-03 2.179473432E+00
7.317710000E-01 9.982983491E-01 6.354081295E-04 1.694245877E+00
9.316060000E-01 9.989270556E-01 3.254662532E-04 1.330820111E+00
1.124530000E+00 9.992854600E-01 1.885879615E-04 1.102505047E+00
1.269840000E+00 9.994797741E-01 1.313752522E-04 9.763434763E-01
1.356750000E+00 9.995884076E-01 1.076475391E-04 9.138013636E-01
1.406950000E+00 9.996618705E-01 9.642151828E-05 8.811969153E-01
1.425650000E+00 9.996979922E-01 9.265302249E-05 8.696384105E-01
1.433350000E+00 9.997168416E-01 9.139394148E-05 8.649666864E-01
1.437130000E+00 9.997278278E-01 9.113416578E-05 8.626916145E-01
1.440750000E+00 9.997395494E-01 9.145430286E-05 8.605240326E-01
1.445350000E+00 9.997564576E-01 9.344439370E-05 8.577853115E-01
1.458480000E+00 9.998127099E-01 1.217988184E-04 8.500630794E-01
1.464840000E+00 9.998341727E-01 1.525193600E-04 8.463723000E-01
1.469330000E+00 9.998398704E-01 1.784562167E-04 8.437859433E-01
1.474010000E+00 9.998410260E-01 2.052229925E-04 8.411069124E-01
1.481670000E+00 9.998267296E-01 2.398233590E-04 8.367585225E-01
1.495020000E+00 9.997969305E-01 2.646968316E-04 8.292865647E-01
1.505590000E+00 9.997881699E-01 2.744796479E-04 8.234645554E-01
1.516000000E+00 9.997810206E-01 2.912598526E-04 8.178100264E-01
1.530520000E+00 9.997564960E-01 3.118110195E-04 8.100514858E-01
1.553630000E+00 9.997188321E-01 3.116678423E-04 7.980020983E-01
1.592500000E+00 9.996908562E-01 2.947006264E-04 7.785243328E-01
1.662770000E+00 9.996748717E-01 2.640554380E-04 7.456232672E-01
1.758870000E+00 9.996773341E-01 2.263169553E-04 7.048843860E-01
1.821650000E+00 9.996902764E-01 2.022666363E-04 6.805917712E-01
1.844160000E+00 9.997009991E-01 1.964987292E-04 6.722844005E-01
1.867510000E+00 9.997096949E-01 2.017021115E-04 6.638786405E-01
1.895490000E+00 9.997036047E-01 2.032521418E-04 6.540788925E-01
1.932650000E+00 9.997015886E-01 1.909698374E-04 6.415026001E-01
2.007130000E+00 9.997107962E-01 1.682755662E-04 6.176979070E-01
2.055600000E+00 9.997216406E-01 1.565129208E-04 6.031329052E-01
2.087230000E+00 9.997273054E-01 1.542178501E-04 5.939929955E-01
2.141210000E+00 9.997313933E-01 1.438676162E-04 5.790184055E-01
2.226780000E+00 9.997444506E-01 1.264346604E-04 5.567680687E-01
2.285830000E+00 9.997552488E-01 1.191809602E-04 5.423850418E-01
2.358690000E+00 9.997628634E-01 1.090100523E-04 5.256307527E-01
2.497470000E+00 9.997813295E-01 9.022365882E-05 4.964223794E-01
2.679280000E+00 9.998046257E-01 7.134216245E-05 4.627362575E-01
2.876980000E+00 9.998270963E-01 5.609743791E-05 4.309379975E-01
3.142610000E+00 9.998525451E-01 4.160265290E-05 3.945128412E-01
3.423980000E+00 9.998743813E-01 3.099959425E-05 3.620932365E-01
3.757110000E+00 9.998949170E-01 2.248310546E-05 3.299876767E-01
4.198870000E+00 9.999155314E-01 1.528289795E-05 2.952699179E-01
4.760030000E+00 9.999342760E-01 9.843092530E-06 2.604605433E-01
5.501340000E+00 9.999510490E-01 5.907630113E-06 2.253632751E-01
6.336870000E+00 9.999634826E-01 3.573056293E-06 1.956486404E-01
7.161960000E+00 9.999718567E-01 2.305793486E-06 1.731090372E-01
7.728330000E+00 9.999762417E-01 1.753394515E-06 1.604227563E-01
8.089650000E+00 9.999787045E-01 1.487929256E-06 1.532575575E-01
8.324440000E+00 9.999802919E-01 1.341643501E-06 1.489349434E-01
8.450570000E+00 9.999812659E-01 1.279706252E-06 1.467119969E-01
8.498870000E+00 9.999817258E-01 1.298612491E-06 1.458782168E-01
8.534800000E+00 9.999821091E-01 1.379422673E-06 1.452640952E-01
8.568490000E+00 9.999824714E-01 1.544218700E-06 1.446929389E-01
8.619680000E+00 9.999829048E-01 1.969263148E-06 1.438336458E-01
8.674260000E+00 9.999830615E-01 2.489451063E-06 1.429286187E-01
8.716240000E+00 9.999830064E-01 2.773717415E-06 1.422402320E-01
8.775320000E+00 9.999828754E-01 2.927949625E-06 1.412825971E-01
8.866580000E+00 9.999828596E-01 2.883068935E-06 1.398284344E-01
8.993030000E+00 9.999830855E-01 2.744221164E-06 1.378623223E-01
9.190440000E+00 9.999836347E-01 2.535660072E-06 1.349010494E-01
9.383000000E+00 9.999843005E-01 2.352556791E-06 1.321325802E-01
9.500000000E+00 9.999848228E-01 2.290220624E-06 1.305052632E-01
9.576490000E+00 9.999851982E-01 2.385885101E-06 1.294628825E-01
9.646500000E+00 9.999854268E-01 2.581512443E-06 1.285232986E-01
9.733090000E+00 9.999855081E-01 2.744733587E-06 1.273798968E-01
9.851630000E+00 9.999856261E-01 2.706790490E-06 1.258471948E-01
9.982180000E+00 9.999859361E-01 2.631574729E-06 1.242013268E-01
1.009370000E+01 9.999861921E-01 2.696893870E-06 1.228290914E-01
1.022860000E+01 9.999863302E-01 2.721230008E-06 1.212091586E-01
1.036590000E+01 9.999865047E-01 2.611872048E-06 1.196037006E-01
1.062080000E+01 9.999869407E-01 2.397349242E-06 1.167332028E-01
1.095950000E+01 9.999875644E-01 2.145951394E-06 1.131255988E-01
1.134630000E+01 9.999882633E-01 1.896588474E-06 1.092691009E-01
1.181680000E+01 9.999890713E-01 1.639951581E-06 1.049184212E-01
1.224300000E+01 9.999897497E-01 1.444867146E-06 1.012660296E-01
1.270020000E+01 9.999904193E-01 1.266501946E-06 9.762050991E-02
1.320610000E+01 9.999910968E-01 1.099964650E-06 9.388085809E-02
1.378100000E+01 9.999917896E-01 9.423649207E-07 8.996444380E-02
1.439210000E+01 9.999924480E-01 8.052604524E-07 8.614448204E-02
1.506230000E+01 9.999930873E-01 6.828115709E-07 8.231146638E-02
1.568840000E+01 9.999936167E-01 5.890027196E-07 7.902654190E-02
1.638400000E+01 9.999941386E-01 5.030699285E-07 7.567138672E-02
1.697670000E+01 9.999945360E-01 4.417051623E-07 7.302950515E-02
1.755720000E+01 9.999948885E-01 3.905100667E-07 7.061490443E-02
1.822380000E+01 9.999952536E-01 3.406541374E-07 6.803191431E-02
1.906950000E+01 9.999956640E-01 2.883832448E-07 6.501481423E-02
2.003690000E+01 9.999960725E-01 2.403842717E-07 6.187583908E-02
2.100080000E+01 9.999964254E-01 2.021436546E-07 5.903584625E-02
2.251510000E+01 9.999968918E-01 1.562236328E-07 5.506526731E-02
2.485990000E+01 9.999974538E-01 1.081548732E-07 4.987147977E-02
2.838740000E+01 9.999980519E-01 6.597820715E-08 4.367430621E-02
3.235940000E+01 9.999985050E-01 4.042406353E-08 3.831344215E-02
3.682710000E+01 9.999988493E-01 2.486411264E-08 3.366542573E-02
4.187160000E+01 9.999991131E-01 1.532704185E-08 2.960956830E-02
4.746190000E+01 9.999993129E-01 9.545600741E-09 2.612200523E-02
5.171690000E+01 9.999994241E-01 6.891027524E-09 2.397282126E-02
5.447120000E+01 9.999994834E-01 5.662855757E-09 2.276065150E-02
5.623410000E+01 9.999995177E-01 5.017371534E-09 2.204712088E-02
5.744300000E+01 9.999995403E-01 4.628000040E-09 2.158313459E-02
5.816590000E+01 9.999995543E-01 4.478139930E-09 2.131489412E-02
5.845090000E+01 9.999995603E-01 4.652676346E-09 2.121096510E-02
5.864890000E+01 9.999995647E-01 5.079090870E-09 2.113935641E-02
5.882000000E+01 9.999995686E-01 5.803615995E-09 2.107786467E-02
5.897720000E+01 9.999995722E-01 6.851455457E-09 2.102168296E-02
5.916120000E+01 9.999995761E-01 8.578915964E-09 2.095630244E-02
5.943360000E+01 9.999995808E-01 1.188983902E-08 2.086025413E-02
5.966830000E+01 9.999995838E-01 1.485219354E-08 2.077820216E-02
5.996700000E+01 9.999995860E-01 1.780161014E-08 2.067470442E-02
6.028370000E+01 9.999995877E-01 1.939876231E-08 2.056609000E-02
6.073520000E+01 9.999995907E-01 1.978192004E-08 2.041320355E-02
6.129210000E+01 9.999995957E-01 1.927246760E-08 2.022772919E-02
6.221650000E+01 9.999996052E-01 1.829116953E-08 1.992718973E-02
6.349050000E+01 9.999996188E-01 1.699982056E-08 1.952733086E-02
6.531310000E+01 9.999996379E-01 1.538105972E-08 1.898240935E-02
6.747470000E+01 9.999996593E-01 1.366641077E-08 1.837429437E-02
6.988840000E+01 9.999996814E-01 1.201961224E-08 1.773971074E-02
7.265990000E+01 9.999997044E-01 1.043057667E-08 1.706305679E-02
7.668330000E+01 9.999997339E-01 8.582098529E-09 1.616779664E-02
8.099170000E+01 9.999997610E-01 7.037268331E-09 1.530774141E-02
8.561750000E+01 9.999997858E-01 5.738453918E-09 1.448068444E-02
9.140110000E+01 9.999998118E-01 4.512057713E-09 1.356438817E-02
9.779250000E+01 9.999998355E-01 3.512812077E-09 1.267786384E-02
1.058240000E+02 9.999998594E-01 2.621857931E-09 1.171567886E-02
1.167660000E+02 9.999998845E-01 1.818504750E-09 1.061781683E-02
1.316580000E+02 9.999999091E-01 1.161544551E-09 9.416822373E-03
1.495880000E+02 9.999999296E-01 7.204931768E-10 8.288097976E-03
1.698240000E+02 9.999999454E-01 4.480479877E-10 7.300499340E-03
1.932770000E+02 9.999999579E-01 2.760145065E-10 6.414627710E-03
2.196140000E+02 9.999999674E-01 1.712911093E-10 5.645359585E-03
2.485790000E+02 9.999999746E-01 1.081318314E-10 4.987549230E-03
2.819440000E+02 9.999999802E-01 6.792700570E-11 4.397327129E-03
3.205990000E+02 9.999999847E-01 4.245641751E-11 3.867136204E-03
3.675470000E+02 9.999999884E-01 2.592384720E-11 3.373174043E-03
4.207870000E+02 9.999999911E-01 1.604170474E-11 2.946383800E-03
4.827990000E+02 9.999999933E-01 9.935925105E-12 2.567942353E-03
5.546170000E+02 9.999999949E-01 6.189920701E-12 2.235416513E-03
6.375010000E+02 9.999999961E-01 3.891270400E-12 1.944781263E-03
7.386480000E+02 9.999999971E-01 2.410203534E-12 1.678472019E-03
8.684600000E+02 9.999999979E-01 1.444727979E-12 1.427584460E-03
1.022000000E+03 9.999999985E-01 8.794710595E-13 1.213111546E-03
1.228710000E+03 9.999999990E-01 4.957487147E-13 1.009025726E-03
1.477240000E+03 9.999999993E-01 2.794442438E-13 8.392678238E-04
1.776030000E+03 9.999999995E-01 1.575191158E-13 6.980737938E-04
2.135260000E+03 9.999999997E-01 8.879107065E-14 5.806318668E-04
2.567150000E+03 9.999999998E-01 5.004992509E-14 4.829480163E-04
3.086390000E+03 9.999999998E-01 2.821265909E-14 4.016990724E-04
3.710660000E+03 9.999999999E-01 1.590299141E-14 3.341184587E-04
4.461190000E+03 9.999999999E-01 8.964304726E-15 2.779079125E-04
5.363530000E+03 9.999999999E-01 5.053051453E-15 2.311537364E-04
6.448380000E+03 1.000000000E+00 2.848330637E-15 1.922653442E-04
7.752660000E+03 1.000000000E+00 1.605563384E-15 1.599193051E-04
9.320750000E+03 1.000000000E+00 9.050304517E-16 1.330150471E-04
1.000000000E+04 0.000000000E+00 0.000000000E+00 1.239800000E-04
