# 11/08/2021 
# Data retrieved from www.chemicool.com/densities.html 
# Includes the real (n) and complex (k) part of the  refractive index. 
# Element, W  (Z = 74) 
# Nominal density, g cm-3 =  19.3 
#    E [keV]      n       k    Wavelength [nm] 
1.000000000E-03 -3.190109404E+03 1.868620578E-01 1.239800000E+03
1.125000000E-03 -2.386853039E+02 0.000000000E+00 1.102044444E+03
1.265630000E-03 -1.881699881E+02 0.000000000E+00 9.795911917E+02
1.423830000E-03 -1.482814059E+02 0.000000000E+00 8.707500193E+02
1.601810000E-03 -1.167857972E+02 0.000000000E+00 7.739994132E+02
1.802030000E-03 -9.191833894E+01 0.000000000E+00 6.880018646E+02
2.025350000E-03 -7.241272893E+01 0.000000000E+00 6.121411114E+02
2.220750000E-03 -5.987747313E+01 0.000000000E+00 5.582798604E+02
2.391720000E-03 -5.134558892E+01 0.000000000E+00 5.183717158E+02
2.541320000E-03 -4.525615379E+01 0.000000000E+00 4.878567044E+02
2.672230000E-03 -4.074963170E+01 0.000000000E+00 4.639570696E+02
2.901300000E-03 -3.429041971E+01 0.000000000E+00 4.273256816E+02
3.073110000E-03 -3.035689300E+01 0.000000000E+00 4.034349568E+02
3.201970000E-03 -2.780391184E+01 0.000000000E+00 3.871991305E+02
3.395260000E-03 -2.451145392E+01 0.000000000E+00 3.651561294E+02
3.491900000E-03 -2.306887214E+01 0.000000000E+00 3.550502592E+02
3.588540000E-03 -2.174225185E+01 0.000000000E+00 3.454886946E+02
3.597380000E-03 -2.162624016E+01 0.000000000E+00 3.446397100E+02
3.606210000E-03 -2.151121614E+01 0.000000000E+00 3.437958411E+02
3.615040000E-03 -2.139737805E+01 0.000000000E+00 3.429560945E+02
3.623870000E-03 -2.128404899E+01 0.000000000E+00 3.421204403E+02
3.632710000E-03 -2.117143372E+01 0.000000000E+00 3.412879090E+02
3.641540000E-03 -2.105976917E+01 0.000000000E+00 3.404603547E+02
3.650370000E-03 -2.094892427E+01 0.000000000E+00 3.396368039E+02
3.659200000E-03 -2.083889110E+01 0.000000000E+00 3.388172278E+02
3.668040000E-03 -2.072986722E+01 0.000000000E+00 3.380006761E+02
3.676870000E-03 -2.062143333E+01 0.000000000E+00 3.371889678E+02
3.685700000E-03 -2.051378787E+01 0.000000000E+00 3.363811488E+02
3.694540000E-03 -2.040680738E+01 0.000000000E+00 3.355762828E+02
3.703370000E-03 -2.030071700E+01 0.000000000E+00 3.347761633E+02
3.721030000E-03 -2.009114159E+01 0.000000000E+00 3.331873164E+02
3.729870000E-03 -1.998721325E+01 0.000000000E+00 3.323976439E+02
3.738700000E-03 -1.988414257E+01 0.000000000E+00 3.316125926E+02
3.747530000E-03 -1.978180914E+01 0.000000000E+00 3.308312408E+02
3.756360000E-03 -1.968020601E+01 0.000000000E+00 3.300535625E+02
3.765200000E-03 -1.957921695E+01 0.000000000E+00 3.292786572E+02
3.839170000E-03 -1.876221130E+01 0.000000000E+00 3.229343843E+02
3.913130000E-03 -1.799150274E+01 0.000000000E+00 3.168307723E+02
3.922760000E-03 -1.789440755E+01 0.000000000E+00 3.160529831E+02
3.932400000E-03 -1.779793889E+01 0.000000000E+00 3.152782016E+02
3.942030000E-03 -1.770228163E+01 0.000000000E+00 3.145080073E+02
3.951660000E-03 -1.760733239E+01 0.000000000E+00 3.137415668E+02
3.961290000E-03 -1.751308428E+01 0.000000000E+00 3.129788528E+02
3.970920000E-03 -1.741953044E+01 0.000000000E+00 3.122198382E+02
3.980550000E-03 -1.732666413E+01 0.000000000E+00 3.114644961E+02
3.990190000E-03 -1.723438727E+01 0.000000000E+00 3.107120212E+02
4.000000000E-03 -1.714124392E+01 0.000000000E+00 3.099500000E+02
4.009450000E-03 -1.705067844E+01 0.000000000E+00 3.092194690E+02
4.019080000E-03 -1.695942422E+01 0.000000000E+00 3.084785573E+02
4.028710000E-03 -1.686856667E+01 0.000000000E+00 3.077411876E+02
4.057610000E-03 -1.660011490E+01 0.000000000E+00 3.055493258E+02
4.067240000E-03 -1.651186445E+01 0.000000000E+00 3.048258770E+02
4.076870000E-03 -1.642451264E+01 0.000000000E+00 3.041058459E+02
4.086500000E-03 -1.633752779E+01 0.000000000E+00 3.033892084E+02
4.101590000E-03 -1.620267817E+01 0.000000000E+00 3.022730210E+02
4.105770000E-03 -1.616560037E+01 0.000000000E+00 3.019652830E+02
4.111420000E-03 -1.611561810E+01 0.000000000E+00 3.015503159E+02
4.121250000E-03 -1.602893535E+01 0.000000000E+00 3.008310585E+02
4.140910000E-03 -1.585796290E+01 0.000000000E+00 2.994027883E+02
4.150740000E-03 -1.577340342E+01 0.000000000E+00 2.986937269E+02
4.160570000E-03 -1.568945393E+01 0.000000000E+00 2.979880161E+02
4.170400000E-03 -1.560610863E+01 0.000000000E+00 2.972856321E+02
4.180220000E-03 -1.552344086E+01 0.000000000E+00 2.965872610E+02
4.190050000E-03 -1.544128623E+01 0.000000000E+00 2.958914571E+02
4.222050000E-03 -1.517784716E+01 0.000000000E+00 2.936488199E+02
4.246060000E-03 -1.498404296E+01 0.000000000E+00 2.919883374E+02
4.264060000E-03 -1.484099077E+01 0.000000000E+00 2.907557586E+02
4.291060000E-03 -1.462996249E+01 0.000000000E+00 2.889262793E+02
4.304560000E-03 -1.452596329E+01 0.000000000E+00 2.880201461E+02
4.311310000E-03 -1.447433685E+01 0.000000000E+00 2.875692075E+02
4.318060000E-03 -1.442272335E+01 0.000000000E+00 2.871196787E+02
4.328680000E-03 -1.434248807E+01 0.000000000E+00 2.864152582E+02
4.339310000E-03 -1.426255075E+01 0.000000000E+00 2.857136273E+02
4.349940000E-03 -1.418344093E+01 0.000000000E+00 2.850154255E+02
4.360570000E-03 -1.410469096E+01 0.000000000E+00 2.843206278E+02
4.371200000E-03 -1.402652651E+01 0.000000000E+00 2.836292094E+02
4.381830000E-03 -1.394916881E+01 0.000000000E+00 2.829411456E+02
4.387140000E-03 -1.391051235E+01 0.000000000E+00 2.825986862E+02
4.392450000E-03 -1.387222488E+01 0.000000000E+00 2.822570547E+02
4.397770000E-03 -1.383401128E+01 0.000000000E+00 2.819156072E+02
4.403080000E-03 -1.379578124E+01 0.000000000E+00 2.815756243E+02
4.408400000E-03 -1.375784955E+01 0.000000000E+00 2.812358225E+02
4.413710000E-03 -1.372012434E+01 0.000000000E+00 2.808974763E+02
4.424340000E-03 -1.364480020E+01 0.000000000E+00 2.802225869E+02
4.425670000E-03 -1.363533190E+01 0.000000000E+00 2.801383745E+02
4.427990000E-03 -1.361911077E+01 0.000000000E+00 2.799915989E+02
4.433220000E-03 -1.358242044E+01 0.000000000E+00 2.796612846E+02
4.433660000E-03 -1.357930454E+01 0.000000000E+00 2.796335308E+02
4.433990000E-03 -1.357691281E+01 0.000000000E+00 2.796127190E+02
4.434230000E-03 -1.357533493E+01 0.000000000E+00 2.795975852E+02
4.434600000E-03 -1.357268123E+01 0.000000000E+00 2.795742570E+02
4.434780000E-03 -1.357149829E+01 0.000000000E+00 2.795629095E+02
4.435160000E-03 -1.356877991E+01 0.000000000E+00 2.795389569E+02
4.435920000E-03 -1.356356676E+01 0.000000000E+00 2.794910639E+02
4.437350000E-03 -1.355351762E+01 0.000000000E+00 2.794009938E+02
4.439840000E-03 -1.353609263E+01 0.000000000E+00 2.792442971E+02
4.447320000E-03 -1.348393172E+01 0.000000000E+00 2.787746328E+02
4.450060000E-03 -1.346500069E+01 0.000000000E+00 2.786029851E+02
4.454170000E-03 -1.343656107E+01 0.000000000E+00 2.783459096E+02
4.458270000E-03 -1.340826630E+01 0.000000000E+00 2.780899317E+02
4.463740000E-03 -1.337078804E+01 0.000000000E+00 2.777491521E+02
4.469220000E-03 -1.333316764E+01 0.000000000E+00 2.774085858E+02
4.473350000E-03 -1.330497149E+01 0.000000000E+00 2.771524696E+02
4.477480000E-03 -1.327685494E+01 0.000000000E+00 2.768968259E+02
4.482800000E-03 -1.324081998E+01 0.000000000E+00 2.765682163E+02
4.488110000E-03 -1.320476261E+01 0.000000000E+00 2.762410012E+02
4.498740000E-03 -1.313340677E+01 0.000000000E+00 2.755882758E+02
4.501400000E-03 -1.311520250E+01 0.000000000E+00 2.754254232E+02
4.509370000E-03 -1.306085053E+01 0.000000000E+00 2.749386278E+02
4.512020000E-03 -1.304284044E+01 0.000000000E+00 2.747771508E+02
4.516670000E-03 -1.301137701E+01 0.000000000E+00 2.744942624E+02
4.530620000E-03 -1.291737069E+01 0.000000000E+00 2.736490811E+02
4.531690000E-03 -1.291016262E+01 0.000000000E+00 2.735844685E+02
4.533290000E-03 -1.289949705E+01 0.000000000E+00 2.734879083E+02
4.534900000E-03 -1.288878182E+01 0.000000000E+00 2.733908135E+02
4.540370000E-03 -1.285216593E+01 0.000000000E+00 2.730614465E+02
4.543110000E-03 -1.283398412E+01 0.000000000E+00 2.728967601E+02
4.544480000E-03 -1.282480037E+01 0.000000000E+00 2.728144914E+02
4.554050000E-03 -1.276150438E+01 0.000000000E+00 2.722411919E+02
4.556790000E-03 -1.274349056E+01 0.000000000E+00 2.720774931E+02
4.567740000E-03 -1.267161895E+01 0.000000000E+00 2.714252563E+02
4.578680000E-03 -1.260012835E+01 0.000000000E+00 2.707767304E+02
4.584160000E-03 -1.256472862E+01 0.000000000E+00 2.704530383E+02
4.589630000E-03 -1.252931115E+01 0.000000000E+00 2.701307077E+02
4.595100000E-03 -1.249423018E+01 0.000000000E+00 2.698091445E+02
4.606050000E-03 -1.242418939E+01 0.000000000E+00 2.691677251E+02
4.611520000E-03 -1.238928781E+01 0.000000000E+00 2.688484491E+02
4.622470000E-03 -1.232001323E+01 0.000000000E+00 2.682115839E+02
4.633420000E-03 -1.225124317E+01 0.000000000E+00 2.675777288E+02
4.644360000E-03 -1.218302958E+01 0.000000000E+00 2.669474373E+02
4.649840000E-03 -1.214915260E+01 0.000000000E+00 2.666328304E+02
4.660780000E-03 -1.208167835E+01 0.000000000E+00 2.660069774E+02
4.663520000E-03 -1.206470776E+01 0.000000000E+00 2.658506879E+02
4.664890000E-03 -1.205643431E+01 0.000000000E+00 2.657726120E+02
4.666260000E-03 -1.204796816E+01 0.000000000E+00 2.656945820E+02
4.666980000E-03 -1.204354233E+01 0.000000000E+00 2.656535918E+02
4.668430000E-03 -1.203464115E+01 0.000000000E+00 2.655710806E+02
4.670580000E-03 -1.202164457E+01 0.000000000E+00 2.654488308E+02
4.671290000E-03 -1.201728705E+01 0.000000000E+00 2.654084846E+02
4.672700000E-03 -1.200863383E+01 0.000000000E+00 2.653283969E+02
4.762470000E-03 -1.147711315E+01 0.000000000E+00 2.603270992E+02
4.784920000E-03 -1.134888605E+01 0.000000000E+00 2.591056904E+02
4.801750000E-03 -1.125415600E+01 0.000000000E+00 2.581975321E+02
4.814370000E-03 -1.118360317E+01 0.000000000E+00 2.575207140E+02
4.823840000E-03 -1.113113100E+01 0.000000000E+00 2.570151580E+02
4.838050000E-03 -1.105308508E+01 0.000000000E+00 2.562602702E+02
4.845150000E-03 -1.101425892E+01 0.000000000E+00 2.558847507E+02
4.852250000E-03 -1.097560823E+01 0.000000000E+00 2.555103303E+02
4.858220000E-03 -1.094323960E+01 0.000000000E+00 2.551963476E+02
4.876130000E-03 -1.084686768E+01 0.000000000E+00 2.542590128E+02
4.888080000E-03 -1.078335950E+01 0.000000000E+00 2.536374200E+02
4.900020000E-03 -1.072019549E+01 0.000000000E+00 2.530193754E+02
4.911960000E-03 -1.065750563E+01 0.000000000E+00 2.524043355E+02
4.917940000E-03 -1.062646997E+01 0.000000000E+00 2.520974229E+02
4.923910000E-03 -1.059541794E+01 0.000000000E+00 2.517917671E+02
4.929880000E-03 -1.056448213E+01 0.000000000E+00 2.514868516E+02
4.935850000E-03 -1.053366198E+01 0.000000000E+00 2.511826737E+02
4.941820000E-03 -1.050295690E+01 0.000000000E+00 2.508792307E+02
4.947790000E-03 -1.047236636E+01 0.000000000E+00 2.505765200E+02
4.956750000E-03 -1.042684837E+01 0.000000000E+00 2.501235689E+02
4.962720000E-03 -1.039654135E+01 0.000000000E+00 2.498226779E+02
4.967200000E-03 -1.037387354E+01 0.000000000E+00 2.495973587E+02
4.969440000E-03 -1.036256333E+01 0.000000000E+00 2.494848514E+02
4.970000000E-03 -1.035965003E+01 0.000000000E+00 2.494567404E+02
4.970420000E-03 -1.035755393E+01 0.000000000E+00 2.494356614E+02
4.970740000E-03 -1.035609165E+01 0.000000000E+00 2.494196035E+02
4.970790000E-03 -1.035568682E+01 0.000000000E+00 2.494170947E+02
4.971020000E-03 -1.035463602E+01 0.000000000E+00 2.494055546E+02
4.971350000E-03 -1.035295229E+01 0.000000000E+00 2.493889990E+02
4.971510000E-03 -1.035204522E+01 0.000000000E+00 2.493809728E+02
4.971890000E-03 -1.035013371E+01 0.000000000E+00 2.493619127E+02
4.972310000E-03 -1.034804008E+01 0.000000000E+00 2.493408496E+02
4.973110000E-03 -1.034403694E+01 0.000000000E+00 2.493007394E+02
4.985220000E-03 -1.028337891E+01 0.000000000E+00 2.486951428E+02
4.988280000E-03 -1.026796355E+01 0.000000000E+00 2.485425838E+02
4.997490000E-03 -1.022158379E+01 0.000000000E+00 2.480845384E+02
5.001720000E-03 -1.020034676E+01 0.000000000E+00 2.478747311E+02
5.009140000E-03 -1.016336820E+01 0.000000000E+00 2.475075562E+02
5.020270000E-03 -1.010821805E+01 0.000000000E+00 2.469588289E+02
5.025830000E-03 -1.008072080E+01 0.000000000E+00 2.466856221E+02
5.031400000E-03 -1.005327395E+01 0.000000000E+00 2.464125293E+02
5.043340000E-03 -9.994830818E+00 0.000000000E+00 2.458291529E+02
5.055280000E-03 -9.936986388E+00 0.000000000E+00 2.452485322E+02
5.067230000E-03 -9.879351760E+00 0.000000000E+00 2.446701650E+02
5.083380000E-03 -9.802069727E+00 0.000000000E+00 2.438928430E+02
5.091110000E-03 -9.765425094E+00 0.000000000E+00 2.435225324E+02
5.095650000E-03 -9.743900817E+00 0.000000000E+00 2.433055646E+02
5.107920000E-03 -9.686332526E+00 0.000000000E+00 2.427211076E+02
5.120190000E-03 -9.629025774E+00 0.000000000E+00 2.421394519E+02
5.132460000E-03 -9.572144214E+00 0.000000000E+00 2.415605772E+02
5.144730000E-03 -9.515683733E+00 0.000000000E+00 2.409844637E+02
5.169270000E-03 -9.404009771E+00 0.000000000E+00 2.398404417E+02
5.181540000E-03 -9.348950612E+00 0.000000000E+00 2.392724943E+02
5.193810000E-03 -9.294133438E+00 0.000000000E+00 2.387072303E+02
5.206080000E-03 -9.239717476E+00 0.000000000E+00 2.381446309E+02
5.218350000E-03 -9.185698875E+00 0.000000000E+00 2.375846771E+02
5.230620000E-03 -9.132073863E+00 0.000000000E+00 2.370273505E+02
5.250420000E-03 -9.046471818E+00 0.000000000E+00 2.361334903E+02
5.280110000E-03 -8.919894611E+00 0.000000000E+00 2.348057143E+02
5.309810000E-03 -8.795320852E+00 0.000000000E+00 2.334923472E+02
5.322880000E-03 -8.741277419E+00 0.000000000E+00 2.329190213E+02
5.335940000E-03 -8.687681613E+00 0.000000000E+00 2.323489395E+02
5.349010000E-03 -8.634456431E+00 0.000000000E+00 2.317812081E+02
5.362080000E-03 -8.581482868E+00 0.000000000E+00 2.312162444E+02
5.375150000E-03 -8.529060835E+00 0.000000000E+00 2.306540283E+02
5.388220000E-03 -8.477034059E+00 0.000000000E+00 2.300945396E+02
5.401290000E-03 -8.425398656E+00 0.000000000E+00 2.295377586E+02
5.414360000E-03 -8.374002123E+00 0.000000000E+00 2.289836657E+02
5.427430000E-03 -8.323138698E+00 0.000000000E+00 2.284322414E+02
5.440500000E-03 -8.272655260E+00 0.000000000E+00 2.278834666E+02
5.453570000E-03 -8.222548098E+00 0.000000000E+00 2.273373222E+02
5.466640000E-03 -8.172667708E+00 0.000000000E+00 2.267937892E+02
5.479710000E-03 -8.123302853E+00 0.000000000E+00 2.262528491E+02
5.505850000E-03 -8.025665887E+00 0.000000000E+00 2.251786736E+02
5.518920000E-03 -7.977386751E+00 0.000000000E+00 2.246454016E+02
5.531990000E-03 -7.929320171E+00 0.000000000E+00 2.241146495E+02
5.545060000E-03 -7.881748224E+00 0.000000000E+00 2.235863994E+02
5.558120000E-03 -7.834556253E+00 0.000000000E+00 2.230610350E+02
5.571190000E-03 -7.787677114E+00 0.000000000E+00 2.225377343E+02
5.630050000E-03 -7.580558091E+00 0.000000000E+00 2.202111882E+02
5.688900000E-03 -7.380114542E+00 0.000000000E+00 2.179331681E+02
5.702910000E-03 -7.332961228E+00 0.000000000E+00 2.173977846E+02
5.716910000E-03 -7.285931220E+00 0.000000000E+00 2.168654046E+02
5.730910000E-03 -7.239128049E+00 0.000000000E+00 2.163356256E+02
5.744910000E-03 -7.192682134E+00 0.000000000E+00 2.158084287E+02
5.758920000E-03 -7.146561636E+00 0.000000000E+00 2.152834212E+02
5.801210000E-03 -7.009572304E+00 0.000000000E+00 2.137140355E+02
5.830130000E-03 -6.914536801E+00 0.000000000E+00 2.126539202E+02
5.844370000E-03 -6.867977421E+00 0.000000000E+00 2.121357820E+02
5.858620000E-03 -6.821622966E+00 0.000000000E+00 2.116198013E+02
5.872860000E-03 -6.775651698E+00 0.000000000E+00 2.111066840E+02
5.898940000E-03 -6.692521165E+00 0.000000000E+00 2.101733532E+02
5.915920000E-03 -6.638962186E+00 0.000000000E+00 2.095701091E+02
5.930300000E-03 -6.594029687E+00 0.000000000E+00 2.090619362E+02
5.944690000E-03 -6.549416621E+00 0.000000000E+00 2.085558709E+02
5.959070000E-03 -6.505170582E+00 0.000000000E+00 2.080525988E+02
5.973460000E-03 -6.461115475E+00 0.000000000E+00 2.075514024E+02
5.991380000E-03 -6.406837759E+00 0.000000000E+00 2.069306237E+02
6.015390000E-03 -6.334940904E+00 0.000000000E+00 2.061046748E+02
6.029670000E-03 -6.292567808E+00 0.000000000E+00 2.056165594E+02
6.043950000E-03 -6.250632115E+00 0.000000000E+00 2.051307506E+02
6.058230000E-03 -6.208891560E+00 0.000000000E+00 2.046472319E+02
6.076920000E-03 -6.154821689E+00 0.000000000E+00 2.040178248E+02
6.086790000E-03 -6.126343373E+00 0.000000000E+00 2.036870009E+02
6.102910000E-03 -6.080438809E+00 0.000000000E+00 2.031489896E+02
6.116390000E-03 -6.042157606E+00 0.000000000E+00 2.027012666E+02
6.125810000E-03 -6.015638240E+00 0.000000000E+00 2.023895615E+02
6.136260000E-03 -5.986439295E+00 0.000000000E+00 2.020448938E+02
6.146710000E-03 -5.957282838E+00 0.000000000E+00 2.017013980E+02
6.155970000E-03 -5.931652762E+00 0.000000000E+00 2.013979925E+02
6.161560000E-03 -5.916211312E+00 0.000000000E+00 2.012152767E+02
6.171040000E-03 -5.890057178E+00 0.000000000E+00 2.009061682E+02
6.174810000E-03 -5.879817537E+00 0.000000000E+00 2.007835059E+02
6.186120000E-03 -5.848875887E+00 0.000000000E+00 2.004164161E+02
6.188140000E-03 -5.843380961E+00 0.000000000E+00 2.003509940E+02
6.191660000E-03 -5.833783269E+00 0.000000000E+00 2.002370931E+02
6.194310000E-03 -5.826687958E+00 0.000000000E+00 2.001514293E+02
6.204370000E-03 -5.799473126E+00 0.000000000E+00 1.998268962E+02
6.208300000E-03 -5.788832107E+00 0.000000000E+00 1.997004011E+02
6.211760000E-03 -5.779577158E+00 0.000000000E+00 1.995891664E+02
6.214890000E-03 -5.771170437E+00 0.000000000E+00 1.994886474E+02
6.217630000E-03 -5.763738358E+00 0.000000000E+00 1.994007363E+02
6.220030000E-03 -5.757393329E+00 0.000000000E+00 1.993237975E+02
6.224230000E-03 -5.746139483E+00 0.000000000E+00 1.991892973E+02
6.227380000E-03 -5.737743077E+00 0.000000000E+00 1.990885412E+02
6.232110000E-03 -5.725163038E+00 0.000000000E+00 1.989374385E+02
6.234470000E-03 -5.718839137E+00 0.000000000E+00 1.988621326E+02
6.236830000E-03 -5.712634920E+00 0.000000000E+00 1.987868837E+02
6.243570000E-03 -5.694796087E+00 0.000000000E+00 1.985722912E+02
6.246950000E-03 -5.685878260E+00 0.000000000E+00 1.984648508E+02
6.256370000E-03 -5.661083710E+00 0.000000000E+00 1.981660292E+02
6.262420000E-03 -5.645219243E+00 0.000000000E+00 1.979745849E+02
6.277460000E-03 -5.605894779E+00 0.000000000E+00 1.975002628E+02
6.292510000E-03 -5.566959106E+00 0.000000000E+00 1.970278951E+02
6.309520000E-03 -5.523278808E+00 0.000000000E+00 1.964967224E+02
6.320140000E-03 -5.496246586E+00 0.000000000E+00 1.961665406E+02
6.336060000E-03 -5.455935023E+00 0.000000000E+00 1.956736521E+02
6.351980000E-03 -5.415945469E+00 0.000000000E+00 1.951832342E+02
6.367730000E-03 -5.376615080E+00 0.000000000E+00 1.947004663E+02
6.382770000E-03 -5.339432176E+00 0.000000000E+00 1.942416850E+02
6.397210000E-03 -5.304029802E+00 0.000000000E+00 1.938032361E+02
6.412860000E-03 -5.265880401E+00 0.000000000E+00 1.933302770E+02
6.417490000E-03 -5.254620196E+00 0.000000000E+00 1.931907958E+02
6.427370000E-03 -5.230764274E+00 0.000000000E+00 1.928938275E+02
6.439520000E-03 -5.201598939E+00 0.000000000E+00 1.925298780E+02
6.444100000E-03 -5.190687812E+00 0.000000000E+00 1.923930417E+02
6.455290000E-03 -5.164014535E+00 0.000000000E+00 1.920595357E+02
6.460200000E-03 -5.152350948E+00 0.000000000E+00 1.919135630E+02
6.471070000E-03 -5.124621950E+00 0.000000000E+00 1.915911897E+02
6.475670000E-03 -5.112909880E+00 0.000000000E+00 1.914550927E+02
6.491450000E-03 -5.072987520E+00 0.000000000E+00 1.909896864E+02
6.512800000E-03 -5.019365646E+00 0.000000000E+00 1.903635917E+02
6.534160000E-03 -4.966295514E+00 0.000000000E+00 1.897412980E+02
6.554590000E-03 -4.915364964E+00 0.000000000E+00 1.891498934E+02
6.570370000E-03 -4.875779521E+00 0.000000000E+00 1.886956138E+02
6.586150000E-03 -4.836605552E+00 0.000000000E+00 1.882435110E+02
6.601940000E-03 -4.797620981E+00 0.000000000E+00 1.877932850E+02
6.625610000E-03 -4.739791002E+00 0.000000000E+00 1.871223933E+02
6.649290000E-03 -4.682717547E+00 0.000000000E+00 1.864559976E+02
6.660500000E-03 -4.655844048E+00 0.000000000E+00 1.861421815E+02
6.666950000E-03 -4.640493521E+00 0.000000000E+00 1.859620966E+02
6.678890000E-03 -4.612137539E+00 0.000000000E+00 1.856296480E+02
6.683320000E-03 -4.601675398E+00 0.000000000E+00 1.855066045E+02
6.692790000E-03 -4.579412976E+00 0.000000000E+00 1.852441209E+02
6.699690000E-03 -4.563265948E+00 0.000000000E+00 1.850533383E+02
6.716060000E-03 -4.525067343E+00 0.000000000E+00 1.846022817E+02
6.725570000E-03 -4.502998130E+00 0.000000000E+00 1.843412529E+02
6.732570000E-03 -4.486945819E+00 0.000000000E+00 1.841495892E+02
6.738010000E-03 -4.474345815E+00 0.000000000E+00 1.840009142E+02
6.757300000E-03 -4.430250224E+00 0.000000000E+00 1.834756486E+02
6.774750000E-03 -4.390728024E+00 0.000000000E+00 1.830030628E+02
6.794730000E-03 -4.344251379E+00 0.000000000E+00 1.824649397E+02
6.812690000E-03 -4.300523595E+00 0.000000000E+00 1.819839153E+02
6.830650000E-03 -4.257181209E+00 0.000000000E+00 1.815054204E+02
6.855880000E-03 -4.196955242E+00 0.000000000E+00 1.808374709E+02
6.873110000E-03 -4.156263054E+00 0.000000000E+00 1.803841347E+02
6.889500000E-03 -4.117802693E+00 0.000000000E+00 1.799550040E+02
6.905890000E-03 -4.079740307E+00 0.000000000E+00 1.795279102E+02
6.924270000E-03 -4.037355886E+00 0.000000000E+00 1.790513657E+02
6.950590000E-03 -3.977356797E+00 0.000000000E+00 1.783733467E+02
6.976910000E-03 -3.917312218E+00 0.000000000E+00 1.777004433E+02
6.988910000E-03 -3.889555300E+00 0.000000000E+00 1.773953306E+02
7.003750000E-03 -3.855440874E+00 0.000000000E+00 1.770194539E+02
7.020500000E-03 -3.817179334E+00 0.000000000E+00 1.765971085E+02
7.035610000E-03 -3.782951692E+00 0.000000000E+00 1.762178404E+02
7.047420000E-03 -3.756404859E+00 0.000000000E+00 1.759225362E+02
7.068780000E-03 -3.708776560E+00 0.000000000E+00 1.753909444E+02
7.085580000E-03 -3.671543291E+00 0.000000000E+00 1.749750903E+02
7.102810000E-03 -3.633788903E+00 0.000000000E+00 1.745506356E+02
7.136420000E-03 -3.555501874E+00 1.450161679E-06 1.737285642E+02
7.160930000E-03 -3.495814460E+00 9.582130043E-06 1.731339365E+02
7.181910000E-03 -3.443477938E+00 4.180510903E-05 1.726281727E+02
7.205960000E-03 -3.378364790E+00 1.934917129E-04 1.720520236E+02
7.228560000E-03 -3.313747400E+00 7.037571949E-04 1.715141052E+02
7.257260000E-03 -3.227068696E+00 2.967396598E-03 1.708358251E+02
7.302250000E-03 -3.076574756E+00 1.839812015E-02 1.697832860E+02
7.342270000E-03 -2.931849829E+00 6.176745616E-02 1.688578600E+02
7.399430000E-03 -2.758706564E+00 1.923928274E-01 1.675534467E+02
7.429010000E-03 -2.702775513E+00 2.740050721E-01 1.668863011E+02
7.463690000E-03 -2.669071466E+00 3.553098172E-01 1.661108647E+02
7.522040000E-03 -2.631778933E+00 4.281048669E-01 1.648223088E+02
7.542370000E-03 -2.610541427E+00 4.400602570E-01 1.643780403E+02
7.586150000E-03 -2.538015710E+00 4.652255902E-01 1.634294075E+02
7.642690000E-03 -2.402743940E+00 5.420432467E-01 1.622203701E+02
7.683600000E-03 -2.326005107E+00 6.451642323E-01 1.613566557E+02
7.725770000E-03 -2.304617350E+00 7.639997269E-01 1.604759137E+02
7.795490000E-03 -2.362165346E+00 8.830973051E-01 1.590406761E+02
7.850130000E-03 -2.404915108E+00 9.001462319E-01 1.579336903E+02
7.957430000E-03 -2.397814411E+00 8.816849366E-01 1.558040724E+02
8.087100000E-03 -2.311315975E+00 8.558431053E-01 1.533058822E+02
8.213190000E-03 -2.158675088E+00 8.750559174E-01 1.509523096E+02
8.521190000E-03 -2.056841725E+00 9.970777889E-01 1.454961103E+02
9.187980000E-03 -1.696887686E+00 9.445766522E-01 1.349371679E+02
9.700000000E-03 -1.422050831E+00 9.220986656E-01 1.278144330E+02
1.074360000E-02 -9.638289930E-01 8.987013396E-01 1.153989352E+02
1.226370000E-02 -5.001507494E-01 8.868536549E-01 1.010951018E+02
1.322060000E-02 -3.018704603E-01 8.815801383E-01 9.377789208E+01
1.390010000E-02 -1.919317558E-01 8.762997999E-01 8.919360292E+01
1.475920000E-02 -8.305940979E-02 8.671457595E-01 8.400184292E+01
1.548820000E-02 -1.048265423E-02 8.566774564E-01 8.004803657E+01
1.662370000E-02 7.504669150E-02 8.344718655E-01 7.458026793E+01
1.743350000E-02 1.211676164E-01 8.139581265E-01 7.111595491E+01
1.862090000E-02 1.721220374E-01 7.779214783E-01 6.658109973E+01
2.041740000E-02 2.226739230E-01 7.088393361E-01 6.072271690E+01
2.284520000E-02 2.741956443E-01 5.997426323E-01 5.426960587E+01
2.483130000E-02 3.170123665E-01 5.083886268E-01 4.992892035E+01
2.611050000E-02 3.468866810E-01 4.525211229E-01 4.748281343E+01
2.705830000E-02 3.697621406E-01 4.136558731E-01 4.581958216E+01
2.800000000E-02 3.932532596E-01 3.773058636E-01 4.427857143E+01
3.042920000E-02 4.552437983E-01 2.963089669E-01 4.074375928E+01
3.200000000E-02 4.947723357E-01 2.532041369E-01 3.874375000E+01
3.325590000E-02 5.275378112E-01 2.234225679E-01 3.728060284E+01
3.434640000E-02 5.549017454E-01 2.006557061E-01 3.609694175E+01
3.512790000E-02 5.736241354E-01 1.859510880E-01 3.529388321E+01
3.572870000E-02 5.877270381E-01 1.754380051E-01 3.470039492E+01
3.617050000E-02 5.979600280E-01 1.681264727E-01 3.427655133E+01
3.641530000E-02 6.036003053E-01 1.642550321E-01 3.404612896E+01
3.650330000E-02 6.055975432E-01 1.628854542E-01 3.396405257E+01
3.668300000E-02 6.096368240E-01 1.601230359E-01 3.379767195E+01
3.677290000E-02 6.116334008E-01 1.587587018E-01 3.371504559E+01
3.686270000E-02 6.136130714E-01 1.574066100E-01 3.363291349E+01
3.695260000E-02 6.155801898E-01 1.560665213E-01 3.355108977E+01
3.708010000E-02 6.183841257E-01 1.542026718E-01 3.343572428E+01
3.722290000E-02 6.214889664E-01 1.521413866E-01 3.330745321E+01
3.731450000E-02 6.234671006E-01 1.508338249E-01 3.322568975E+01
3.740610000E-02 6.254459955E-01 1.495397223E-01 3.314432673E+01
3.758940000E-02 6.293922904E-01 1.469831114E-01 3.298270257E+01
3.768100000E-02 6.313975960E-01 1.457211710E-01 3.290252382E+01
3.777260000E-02 6.333847780E-01 1.444697281E-01 3.282273394E+01
3.786420000E-02 6.353601080E-01 1.432286746E-01 3.274333011E+01
3.798100000E-02 6.378531302E-01 1.416615039E-01 3.264263711E+01
3.807850000E-02 6.399187119E-01 1.403659084E-01 3.255905564E+01
3.818970000E-02 6.422875270E-01 1.389152778E-01 3.246425083E+01
3.828170000E-02 6.442308084E-01 1.377264788E-01 3.238623154E+01
3.837830000E-02 6.462532823E-01 1.364881087E-01 3.230471386E+01
3.841960000E-02 6.471226529E-01 1.359674798E-01 3.226998719E+01
3.846560000E-02 6.480898515E-01 1.353897530E-01 3.223139636E+01
3.852140000E-02 6.492554759E-01 1.346920648E-01 3.218470772E+01
3.856330000E-02 6.501286089E-01 1.341706540E-01 3.214973822E+01
3.862600000E-02 6.514271301E-01 1.333933641E-01 3.209755087E+01
3.868880000E-02 6.527208733E-01 1.326197187E-01 3.204544985E+01
3.874290000E-02 6.538323364E-01 1.319569323E-01 3.200070206E+01
3.878040000E-02 6.546000160E-01 1.314987165E-01 3.196975792E+01
3.883750000E-02 6.557622591E-01 1.308046207E-01 3.192275507E+01
3.886380000E-02 6.562972583E-01 1.304859696E-01 3.190115223E+01
3.889800000E-02 6.569877854E-01 1.300728517E-01 3.187310402E+01
3.893220000E-02 6.576792932E-01 1.296612710E-01 3.184510508E+01
3.902690000E-02 6.595817966E-01 1.285274649E-01 3.176783193E+01
3.905530000E-02 6.601509902E-01 1.281888922E-01 3.174473119E+01
3.915080000E-02 6.620742136E-01 1.270576050E-01 3.166729671E+01
3.924640000E-02 6.640523837E-01 1.259453418E-01 3.159015859E+01
3.934210000E-02 6.660283010E-01 1.248501885E-01 3.151331525E+01
3.940530000E-02 6.673316729E-01 1.241359631E-01 3.146277277E+01
3.945270000E-02 6.683069491E-01 1.236029452E-01 3.142497218E+01
3.952370000E-02 6.697570374E-01 1.228077416E-01 3.136852066E+01
3.955930000E-02 6.704820393E-01 1.224116407E-01 3.134029166E+01
3.959480000E-02 6.712005281E-01 1.220171035E-01 3.131219251E+01
3.962910000E-02 6.718943278E-01 1.216375313E-01 3.128509101E+01
3.970080000E-02 6.733382950E-01 1.208471346E-01 3.122858985E+01
3.972470000E-02 6.738196175E-01 1.205849448E-01 3.120980146E+01
3.973670000E-02 6.740607535E-01 1.204536125E-01 3.120037648E+01
3.979690000E-02 6.752634761E-01 1.197961410E-01 3.115318027E+01
3.979830000E-02 6.752890738E-01 1.197805591E-01 3.115208439E+01
3.981210000E-02 6.755663853E-01 1.196304445E-01 3.114128619E+01
3.981630000E-02 6.756485722E-01 1.195848648E-01 3.113800127E+01
3.982640000E-02 6.758487820E-01 1.194750363E-01 3.113010465E+01
3.991610000E-02 6.776267834E-01 1.185040301E-01 3.106014866E+01
3.994000000E-02 6.780971753E-01 1.182466831E-01 3.104156234E+01
4.001170000E-02 6.795084382E-01 1.174772762E-01 3.098593661E+01
4.004950000E-02 6.802462710E-01 1.170738492E-01 3.095669109E+01
4.010610000E-02 6.813513509E-01 1.164716126E-01 3.091300326E+01
4.016280000E-02 6.824503554E-01 1.158719965E-01 3.086936170E+01
4.023070000E-02 6.837636910E-01 1.151583447E-01 3.081726144E+01
4.029870000E-02 6.850822827E-01 1.144544451E-01 3.076526042E+01
4.039440000E-02 6.870053693E-01 1.134702023E-01 3.069237320E+01
4.049000000E-02 6.889308861E-01 1.124947964E-01 3.061990615E+01
4.058570000E-02 6.908591533E-01 1.115333757E-01 3.054770523E+01
4.068130000E-02 6.927738634E-01 1.105816063E-01 3.047591891E+01
4.077700000E-02 6.946729135E-01 1.096369882E-01 3.040439463E+01
4.081790000E-02 6.954806715E-01 1.092355877E-01 3.037392909E+01
4.085880000E-02 6.962884194E-01 1.088355739E-01 3.034352453E+01
4.095070000E-02 6.980866484E-01 1.079416962E-01 3.027542875E+01
4.115220000E-02 7.019881937E-01 1.060053032E-01 3.012718640E+01
4.135830000E-02 7.060821928E-01 1.040591691E-01 2.997705418E+01
4.169020000E-02 7.128371032E-01 1.010403479E-01 2.973840375E+01
4.210480000E-02 7.217390327E-01 9.743042567E-02 2.944557390E+01
4.290180000E-02 7.406692131E-01 9.199502933E-02 2.889855437E+01
4.307980000E-02 7.448297072E-01 9.161233929E-02 2.877914939E+01
4.333430000E-02 7.504823779E-01 9.146380192E-02 2.861013100E+01
4.350730000E-02 7.538626106E-01 9.128260625E-02 2.849636728E+01
4.363640000E-02 7.563330838E-01 9.096551837E-02 2.841205966E+01
4.395970000E-02 7.627027203E-01 8.944727922E-02 2.820310421E+01
4.425460000E-02 7.698268546E-01 8.760603182E-02 2.801516678E+01
4.468200000E-02 7.832769604E-01 8.517951970E-02 2.774719126E+01
4.488130000E-02 7.916967823E-01 8.507095795E-02 2.762397702E+01
4.515330000E-02 8.055001725E-01 8.876439358E-02 2.745757231E+01
4.561000000E-02 8.228821133E-01 1.113588070E-01 2.718263539E+01
4.592810000E-02 8.198912668E-01 1.302398428E-01 2.699436728E+01
4.810000000E-02 7.879095992E-01 1.284198684E-01 2.577546778E+01
4.883710000E-02 7.884107507E-01 1.221694208E-01 2.538643777E+01
4.930530000E-02 7.895417946E-01 1.182908636E-01 2.514536977E+01
4.965640000E-02 7.906338937E-01 1.154214262E-01 2.496757719E+01
4.989050000E-02 7.916188337E-01 1.135339693E-01 2.485042243E+01
5.018290000E-02 7.929827263E-01 1.112101765E-01 2.470562682E+01
5.040680000E-02 7.940338671E-01 1.094688530E-01 2.459588786E+01
5.060510000E-02 7.949607651E-01 1.079572424E-01 2.449950697E+01
5.072680000E-02 7.955589553E-01 1.070394777E-01 2.444072956E+01
5.090680000E-02 7.965110987E-01 1.056875295E-01 2.435431023E+01
5.102250000E-02 7.971851623E-01 1.048195295E-01 2.429908374E+01
5.108030000E-02 7.975202918E-01 1.043881911E-01 2.427158807E+01
5.113820000E-02 7.978568824E-01 1.039581272E-01 2.424410714E+01
5.120110000E-02 7.982185824E-01 1.034925650E-01 2.421432352E+01
5.138990000E-02 7.993073934E-01 1.021070977E-01 2.412536316E+01
5.151580000E-02 8.000687353E-01 1.011975905E-01 2.406640293E+01
5.164170000E-02 8.008266815E-01 1.002958914E-01 2.400773019E+01
5.176750000E-02 8.015804881E-01 9.940197784E-02 2.394938910E+01
5.184560000E-02 8.020448842E-01 9.885109283E-02 2.391331183E+01
5.192370000E-02 8.025138519E-01 9.830500980E-02 2.387734310E+01
5.199370000E-02 8.029888275E-01 9.781624221E-02 2.384519663E+01
5.206210000E-02 8.034707865E-01 9.734087376E-02 2.381386844E+01
5.210360000E-02 8.037612544E-01 9.705359425E-02 2.379490093E+01
5.214520000E-02 8.040534013E-01 9.676657413E-02 2.377591801E+01
5.223960000E-02 8.047130258E-01 9.611773026E-02 2.373295354E+01
5.225530000E-02 8.048223751E-01 9.601002673E-02 2.372582303E+01
5.228680000E-02 8.050399373E-01 9.579474849E-02 2.371152949E+01
5.233490000E-02 8.053742731E-01 9.546646809E-02 2.368973668E+01
5.235040000E-02 8.054815552E-01 9.536096562E-02 2.368272258E+01
5.238530000E-02 8.057231829E-01 9.512404832E-02 2.366694473E+01
5.240550000E-02 8.058618159E-01 9.498693745E-02 2.365782218E+01
5.253490000E-02 8.067775343E-01 9.411360306E-02 2.359955001E+01
5.256720000E-02 8.070070273E-01 9.389672974E-02 2.358504923E+01
5.266420000E-02 8.076953053E-01 9.324836307E-02 2.354160891E+01
5.273800000E-02 8.082159034E-01 9.275863769E-02 2.350866548E+01
5.281180000E-02 8.087499702E-01 9.227300243E-02 2.347581412E+01
5.291900000E-02 8.095504863E-01 9.157288456E-02 2.342825828E+01
5.302630000E-02 8.103483639E-01 9.087903047E-02 2.338085063E+01
5.315210000E-02 8.112774287E-01 9.007125982E-02 2.332551301E+01
5.327800000E-02 8.122005488E-01 8.926976087E-02 2.327039303E+01
5.340390000E-02 8.131736118E-01 8.847481003E-02 2.321553295E+01
5.360410000E-02 8.147576261E-01 8.722426276E-02 2.312882783E+01
5.365560000E-02 8.152038843E-01 8.690582539E-02 2.310662820E+01
5.373530000E-02 8.158935314E-01 8.641457749E-02 2.307235653E+01
5.395180000E-02 8.178352819E-01 8.510332937E-02 2.297977083E+01
5.425470000E-02 8.207193902E-01 8.330737172E-02 2.285147646E+01
5.460470000E-02 8.244178530E-01 8.129979447E-02 2.270500525E+01
5.498930000E-02 8.293414288E-01 7.942241121E-02 2.254620444E+01
5.553940000E-02 8.386152938E-01 7.986145345E-02 2.232289150E+01
5.723870000E-02 8.390193000E-01 9.140193067E-02 2.166017048E+01
5.901160000E-02 8.399340581E-01 8.285531565E-02 2.100942865E+01
6.183720000E-02 8.488268527E-01 7.017094154E-02 2.004942009E+01
6.918310000E-02 8.782068814E-01 4.675493948E-02 1.792056152E+01
7.553900000E-02 9.014962540E-01 3.544964773E-02 1.641271396E+01
8.141180000E-02 9.192509218E-01 2.962395175E-02 1.522875062E+01
8.339710000E-02 9.245328749E-01 2.833665631E-02 1.486622437E+01
8.556750000E-02 9.299156785E-01 2.755022631E-02 1.448914600E+01
9.300000000E-02 9.444105896E-01 2.528816551E-02 1.333118280E+01
1.019890000E-01 9.572967387E-01 2.458179749E-02 1.215621292E+01
1.178280000E-01 9.712475717E-01 2.515478835E-02 1.052211698E+01
1.299000000E-01 9.768836605E-01 2.563730494E-02 9.544264819E+00
1.480000000E-01 9.814186733E-01 2.535349306E-02 8.377027027E+00
1.708130000E-01 9.840795982E-01 2.383930237E-02 7.258229760E+00
2.018410000E-01 9.855763899E-01 2.073222786E-02 6.142458668E+00
2.371370000E-01 9.870094671E-01 1.686351284E-02 5.228201419E+00
2.429600000E-01 9.874045312E-01 1.627742220E-02 5.102897596E+00
2.457940000E-01 9.877001608E-01 1.612633880E-02 5.044061287E+00
2.493710000E-01 9.877956711E-01 1.614189869E-02 4.971708819E+00
2.549010000E-01 9.877504064E-01 1.570472931E-02 4.863849102E+00
2.582650000E-01 9.878929204E-01 1.546534397E-02 4.800495615E+00
2.624930000E-01 9.879028891E-01 1.531232619E-02 4.723173570E+00
2.959500000E-01 9.884028486E-01 1.223480038E-02 4.189221152E+00
3.658130000E-01 9.907595225E-01 7.977909181E-03 3.389163316E+00
4.060160000E-01 9.919873177E-01 6.401236508E-03 3.053574243E+00
4.118310000E-01 9.922022833E-01 6.210848470E-03 3.010458173E+00
4.166200000E-01 9.924245609E-01 6.121334628E-03 2.975853296E+00
4.225570000E-01 9.925582478E-01 6.145086189E-03 2.934042035E+00
4.419510000E-01 9.927454818E-01 5.635823313E-03 2.805288369E+00
4.849150000E-01 9.935379448E-01 4.578984958E-03 2.556736748E+00
5.706470000E-01 9.948031665E-01 3.128303534E-03 2.172621603E+00
5.925840000E-01 9.950963919E-01 2.909340776E-03 2.092192837E+00
6.988360000E-01 9.961545435E-01 1.899106983E-03 1.774092920E+00
8.759920000E-01 9.973830014E-01 1.020388120E-03 1.415309729E+00
1.087050000E+00 9.982551050E-01 5.473078885E-04 1.140517915E+00
1.328920000E+00 9.988483578E-01 3.000321614E-04 9.329380249E-01
1.526690000E+00 9.991720171E-01 1.961807247E-04 8.120836581E-01
1.650060000E+00 9.993420341E-01 1.541188568E-04 7.513666170E-01
1.722860000E+00 9.994491481E-01 1.346488841E-04 7.196173804E-01
1.766240000E+00 9.995314378E-01 1.246276393E-04 7.019431108E-01
1.783530000E+00 9.995817336E-01 1.241679409E-04 6.951382932E-01
1.792330000E+00 9.996162819E-01 1.316714398E-04 6.917252961E-01
1.799580000E+00 9.996469333E-01 1.475174154E-04 6.889385301E-01
1.807240000E+00 9.996751164E-01 1.763723801E-04 6.860184591E-01
1.815450000E+00 9.996907727E-01 2.176075413E-04 6.829160814E-01
1.823530000E+00 9.996915463E-01 2.582245266E-04 6.798901033E-01
1.833950000E+00 9.996728476E-01 2.952753490E-04 6.760271545E-01
1.846490000E+00 9.996490236E-01 3.125709829E-04 6.714360760E-01
1.863900000E+00 9.996410243E-01 3.213884706E-04 6.651644402E-01
1.885290000E+00 9.996380186E-01 3.531837977E-04 6.576176609E-01
1.905910000E+00 9.996101158E-01 3.769171385E-04 6.505029094E-01
1.945080000E+00 9.995703624E-01 3.769979567E-04 6.374030888E-01
2.024180000E+00 9.995352628E-01 3.522576000E-04 6.124949362E-01
2.093380000E+00 9.995261429E-01 3.179010251E-04 5.922479435E-01
2.165920000E+00 9.995362645E-01 2.824851789E-04 5.724126468E-01
2.225310000E+00 9.995558086E-01 2.573360079E-04 5.571358597E-01
2.249750000E+00 9.995704116E-01 2.523031013E-04 5.510834537E-01
2.275070000E+00 9.995805216E-01 2.592574350E-04 5.449502653E-01
2.326900000E+00 9.995722182E-01 2.549430248E-04 5.328118957E-01
2.395880000E+00 9.995783561E-01 2.311258590E-04 5.174716597E-01
2.496750000E+00 9.995984400E-01 2.010498745E-04 4.965655352E-01
2.547110000E+00 9.996129057E-01 1.897377035E-04 4.867477259E-01
2.585080000E+00 9.996207462E-01 1.871741207E-04 4.795983103E-01
2.649290000E+00 9.996282626E-01 1.746339481E-04 4.679744384E-01
2.742520000E+00 9.996459909E-01 1.555905714E-04 4.520659831E-01
2.806600000E+00 9.996595961E-01 1.479587785E-04 4.417444595E-01
2.889740000E+00 9.996704976E-01 1.361986557E-04 4.290351381E-01
3.033020000E+00 9.996930710E-01 1.158186109E-04 4.087674991E-01
3.239250000E+00 9.997243304E-01 9.276271739E-05 3.827429189E-01
3.491160000E+00 9.997580367E-01 7.194795644E-05 3.551255170E-01
3.793700000E+00 9.997920262E-01 5.417891051E-05 3.268049661E-01
4.119120000E+00 9.998218028E-01 4.077137653E-05 3.009866185E-01
4.561540000E+00 9.998537281E-01 2.861922251E-05 2.717941748E-01
5.121640000E+00 9.998835840E-01 1.909928454E-05 2.420708992E-01
5.924370000E+00 9.999131431E-01 1.143864394E-05 2.092711968E-01
6.743820000E+00 9.999333126E-01 7.225517748E-06 1.838423920E-01
7.779840000E+00 9.999504372E-01 4.340016089E-06 1.593606038E-01
8.667440000E+00 9.999606420E-01 2.945462364E-06 1.430410825E-01
9.276680000E+00 9.999661834E-01 2.306570705E-06 1.336469513E-01
9.665320000E+00 9.999693817E-01 1.989171709E-06 1.282730422E-01
9.892650000E+00 9.999712864E-01 1.829428720E-06 1.253253678E-01
9.992100000E+00 9.999722477E-01 1.780094412E-06 1.240780216E-01
1.004780000E+01 9.999728864E-01 1.814592846E-06 1.233901949E-01
1.009140000E+01 9.999734381E-01 1.943175786E-06 1.228570862E-01
1.013690000E+01 9.999740010E-01 2.232456750E-06 1.223056358E-01
1.019500000E+01 9.999745054E-01 2.816587786E-06 1.216086317E-01
1.025460000E+01 9.999746914E-01 3.443583053E-06 1.209018392E-01
1.031330000E+01 9.999746007E-01 3.836578411E-06 1.202137046E-01
1.039850000E+01 9.999744674E-01 3.968735683E-06 1.192287349E-01
1.051660000E+01 9.999745956E-01 3.848926315E-06 1.178898123E-01
1.071220000E+01 9.999751604E-01 3.602086375E-06 1.157371968E-01
1.096500000E+01 9.999761033E-01 3.305878320E-06 1.130688554E-01
1.122940000E+01 9.999772172E-01 3.029747719E-06 1.104066112E-01
1.138940000E+01 9.999780230E-01 2.904783818E-06 1.088556026E-01
1.147970000E+01 9.999785569E-01 2.967573829E-06 1.079993380E-01
1.156450000E+01 9.999789582E-01 3.193339523E-06 1.072074020E-01
1.165200000E+01 9.999791644E-01 3.434361995E-06 1.064023344E-01
1.178220000E+01 9.999793194E-01 3.493997965E-06 1.052265282E-01
1.191060000E+01 9.999796332E-01 3.401959747E-06 1.040921532E-01
1.207530000E+01 9.999801224E-01 3.458097829E-06 1.026723974E-01
1.222000000E+01 9.999803472E-01 3.520188220E-06 1.014566285E-01
1.239470000E+01 9.999806237E-01 3.387330110E-06 1.000266243E-01
1.264970000E+01 9.999811612E-01 3.153028187E-06 9.801022949E-02
1.305630000E+01 9.999820786E-01 2.819218414E-06 9.495798963E-02
1.356600000E+01 9.999832082E-01 2.460433869E-06 9.139024031E-02
1.407800000E+01 9.999842785E-01 2.154563395E-06 8.806648672E-02
1.463940000E+01 9.999853628E-01 1.873467990E-06 8.468926322E-02
1.527790000E+01 9.999864827E-01 1.607348399E-06 8.114989626E-02
1.603250000E+01 9.999876636E-01 1.351049090E-06 7.733042258E-02
1.676830000E+01 9.999886830E-01 1.148859911E-06 7.393713137E-02
1.750170000E+01 9.999895847E-01 9.834475474E-07 7.083883280E-02
1.843680000E+01 9.999905931E-01 8.142385325E-07 6.724594290E-02
1.938650000E+01 9.999914786E-01 6.785448450E-07 6.395171898E-02
2.029850000E+01 9.999922191E-01 5.735660760E-07 6.107840481E-02
2.131820000E+01 9.999929411E-01 4.792507596E-07 5.815688004E-02
2.262880000E+01 9.999937327E-01 3.851457072E-07 5.478858799E-02
2.408130000E+01 9.999944659E-01 3.065212702E-07 5.148393152E-02
2.548530000E+01 9.999950603E-01 2.487451235E-07 4.864765178E-02
2.810280000E+01 9.999959418E-01 1.732683231E-07 4.411660048E-02
3.209270000E+01 9.999968943E-01 1.058560163E-07 3.863183839E-02
3.650430000E+01 9.999976052E-01 6.551984942E-08 3.396312215E-02
4.145510000E+01 9.999981481E-01 4.069722114E-08 2.990705607E-02
4.716520000E+01 9.999985739E-01 2.508156263E-08 2.628632975E-02
5.355540000E+01 9.999988982E-01 1.553798798E-08 2.314985977E-02
5.942690000E+01 9.999991093E-01 1.049343191E-08 2.086260599E-02
6.330040000E+01 9.999992187E-01 8.263964470E-09 1.958597418E-02
6.577010000E+01 9.999992799E-01 7.152829522E-09 1.885051110E-02
6.736710000E+01 9.999993175E-01 6.532474566E-09 1.840364213E-02
6.819380000E+01 9.999993376E-01 6.354798942E-09 1.818053841E-02
6.851160000E+01 9.999993460E-01 6.637465423E-09 1.809620561E-02
6.872880000E+01 9.999993520E-01 7.232020475E-09 1.803901712E-02
6.893070000E+01 9.999993576E-01 8.275762644E-09 1.798618032E-02
6.913630000E+01 9.999993633E-01 9.962414405E-09 1.793269238E-02
6.938220000E+01 9.999993696E-01 1.283042120E-08 1.786913646E-02
6.974180000E+01 9.999993766E-01 1.802057859E-08 1.777700031E-02
7.010100000E+01 9.999993813E-01 2.277481318E-08 1.768591033E-02
7.040740000E+01 9.999993839E-01 2.540181896E-08 1.760894451E-02
7.079930000E+01 9.999993871E-01 2.678010673E-08 1.751147257E-02
7.139200000E+01 9.999993933E-01 2.665691736E-08 1.736609144E-02
7.226140000E+01 9.999994043E-01 2.561229770E-08 1.715715444E-02
7.357710000E+01 9.999994223E-01 2.401417634E-08 1.685035154E-02
7.564230000E+01 9.999994505E-01 2.176855035E-08 1.639030014E-02
7.853120000E+01 9.999994877E-01 1.903706538E-08 1.578735585E-02
8.190120000E+01 9.999995272E-01 1.632940978E-08 1.513775134E-02
8.608290000E+01 9.999995708E-01 1.362809456E-08 1.440239583E-02
9.095700000E+01 9.999996146E-01 1.116389798E-08 1.363061667E-02
9.670750000E+01 9.999996585E-01 8.939238328E-09 1.282010185E-02
1.023920000E+02 9.999996950E-01 7.251473235E-09 1.210836784E-02
1.103600000E+02 9.999997371E-01 5.503886052E-09 1.123414281E-02
1.206700000E+02 9.999997800E-01 3.962501615E-09 1.027430181E-02
1.337330000E+02 9.999998208E-01 2.709567958E-09 9.270711044E-03
1.519810000E+02 9.999998612E-01 1.686403634E-09 8.157598647E-03
1.725480000E+02 9.999998924E-01 1.053562688E-09 7.185247004E-03
1.960030000E+02 9.999999166E-01 6.570329411E-10 6.325413387E-03
2.237460000E+02 9.999999360E-01 4.024510899E-10 5.541104645E-03
2.544360000E+02 9.999999506E-01 2.509842780E-10 4.872738135E-03
2.896580000E+02 9.999999619E-01 1.561869757E-10 4.280220122E-03
3.293640000E+02 9.999999705E-01 9.823361554E-11 3.764224384E-03
3.739490000E+02 9.999999771E-01 6.242244760E-11 3.315425365E-03
4.273280000E+02 9.999999825E-01 3.904693222E-11 2.901284259E-03
4.897790000E+02 9.999999867E-01 2.438066221E-11 2.531345770E-03
5.617430000E+02 9.999999899E-01 1.533308597E-11 2.207059100E-03
6.493820000E+02 9.999999924E-01 9.491098864E-12 1.909199824E-03
7.596700000E+02 9.999999945E-01 5.723636491E-12 1.632024432E-03
8.874110000E+02 9.999999959E-01 3.515518304E-12 1.397097850E-03
1.070170000E+03 9.999999972E-01 1.983380945E-12 1.158507527E-03
1.245750000E+03 9.999999979E-01 1.235605412E-12 9.952237608E-04
1.477240000E+03 9.999999985E-01 7.258064462E-13 8.392678238E-04
1.696100000E+03 9.999999989E-01 4.717493282E-13 7.309710512E-04
2.006290000E+03 9.999999992E-01 2.795710148E-13 6.179565267E-04
2.341270000E+03 9.999999994E-01 1.726325186E-13 5.295416590E-04
2.688130000E+03 9.999999996E-01 1.122056969E-13 4.612128134E-04
3.086390000E+03 9.999999997E-01 7.292988970E-14 4.016990724E-04
3.554260000E+03 9.999999997E-01 4.696879979E-14 3.488208516E-04
4.260410000E+03 9.999999998E-01 2.668789161E-14 2.910048563E-04
4.891600000E+03 9.999999999E-01 1.734627968E-14 2.534549023E-04
5.724180000E+03 9.999999999E-01 1.063149731E-14 2.165899745E-04
6.752290000E+03 9.999999999E-01 6.347713968E-15 1.836117821E-04
7.752660000E+03 9.999999999E-01 4.125800983E-15 1.599193051E-04
8.901250000E+03 1.000000000E+00 2.681626147E-15 1.392838085E-04
1.000000000E+04 0.000000000E+00 0.000000000E+00 1.239800000E-04
