# 11/08/2021 
# Data retrieved from www.chemicool.com/densities.html 
# Includes the real (n) and complex (k) part of the  refractive index. 
# Element, Xe  (Z = 54) 
# Nominal density, g cm-3 =  0.00588 
#    E [keV]      n       k    Wavelength [nm] 
1.000000000E-03 2.931103735E-03 2.045196651E-05 1.239800000E+03
1.125000000E-03 8.920980968E-01 0.000000000E+00 1.102044444E+03
1.265630000E-03 9.148632361E-01 0.000000000E+00 9.795911917E+02
1.423830000E-03 9.328356375E-01 0.000000000E+00 8.707500193E+02
1.500000000E-03 9.395291059E-01 0.000000000E+00 8.265333333E+02
1.601810000E-03 9.470377357E-01 0.000000000E+00 7.739994132E+02
1.802030000E-03 9.582560369E-01 0.000000000E+00 6.880018646E+02
1.875000000E-03 9.614763147E-01 0.000000000E+00 6.612266667E+02
2.027290000E-03 9.671227195E-01 0.000000000E+00 6.115553276E+02
2.280700000E-03 9.741375938E-01 0.000000000E+00 5.436050335E+02
2.565780000E-03 9.796817396E-01 0.000000000E+00 4.832058867E+02
2.886510000E-03 9.840534784E-01 0.000000000E+00 4.295152277E+02
3.247320000E-03 9.875211965E-01 0.000000000E+00 3.817917544E+02
3.662110000E-03 9.903024445E-01 0.000000000E+00 3.385479956E+02
4.119870000E-03 9.924626991E-01 0.000000000E+00 3.009318255E+02
4.535290000E-03 9.938887175E-01 0.000000000E+00 2.733673040E+02
4.907520000E-03 9.948758097E-01 0.000000000E+00 2.526326943E+02
5.273440000E-03 9.956503790E-01 0.000000000E+00 2.351027034E+02
5.518200000E-03 9.960916019E-01 0.000000000E+00 2.246747128E+02
5.865990000E-03 9.966217657E-01 0.000000000E+00 2.113539232E+02
6.176670000E-03 9.970321534E-01 0.000000000E+00 2.007230433E+02
6.510780000E-03 9.974086272E-01 0.000000000E+00 1.904226529E+02
6.761360000E-03 9.976607480E-01 0.000000000E+00 1.833654768E+02
6.957150000E-03 9.978391874E-01 0.000000000E+00 1.782051558E+02
7.090240000E-03 9.979560116E-01 0.000000000E+00 1.748600894E+02
7.195950000E-03 9.980437365E-01 0.000000000E+00 1.722913583E+02
7.275240000E-03 9.981067991E-01 0.000000000E+00 1.704136221E+02
7.334700000E-03 9.981527829E-01 0.000000000E+00 1.690321349E+02
7.379300000E-03 9.981869257E-01 0.000000000E+00 1.680105159E+02
7.412750000E-03 9.982124548E-01 0.000000000E+00 1.672523692E+02
7.462920000E-03 9.982512957E-01 0.000000000E+00 1.661280035E+02
7.488010000E-03 9.982703559E-01 0.000000000E+00 1.655713601E+02
7.500550000E-03 9.982798358E-01 0.000000000E+00 1.652945451E+02
7.513090000E-03 9.982892292E-01 0.000000000E+00 1.650186541E+02
7.531590000E-03 9.983029984E-01 0.000000000E+00 1.646133154E+02
7.550080000E-03 9.983166489E-01 0.000000000E+00 1.642101806E+02
7.568570000E-03 9.983302189E-01 0.000000000E+00 1.638090154E+02
7.587060000E-03 9.983436445E-01 0.000000000E+00 1.634098056E+02
7.605560000E-03 9.983569637E-01 0.000000000E+00 1.630123226E+02
7.624050000E-03 9.983701691E-01 0.000000000E+00 1.626169818E+02
7.633300000E-03 9.983767331E-01 0.000000000E+00 1.624199232E+02
7.642540000E-03 9.983832660E-01 0.000000000E+00 1.622235539E+02
7.651790000E-03 9.983897763E-01 0.000000000E+00 1.620274472E+02
7.661030000E-03 9.983962873E-01 0.000000000E+00 1.618320252E+02
7.674900000E-03 9.984059607E-01 0.000000000E+00 1.615395640E+02
7.679530000E-03 9.984091747E-01 0.000000000E+00 1.614421716E+02
7.698020000E-03 9.984219528E-01 0.000000000E+00 1.610544010E+02
7.700330000E-03 9.984235266E-01 0.000000000E+00 1.610060868E+02
7.704380000E-03 9.984263111E-01 0.000000000E+00 1.609214499E+02
7.710440000E-03 9.984304725E-01 0.000000000E+00 1.607949741E+02
7.711960000E-03 9.984315288E-01 0.000000000E+00 1.607632820E+02
7.714810000E-03 9.984334684E-01 0.000000000E+00 1.607038929E+02
7.715660000E-03 9.984340321E-01 0.000000000E+00 1.606861889E+02
7.716510000E-03 9.984346269E-01 0.000000000E+00 1.606684887E+02
7.717670000E-03 9.984354095E-01 0.000000000E+00 1.606443395E+02
7.719840000E-03 9.984369129E-01 0.000000000E+00 1.605991834E+02
7.723630000E-03 9.984394750E-01 0.000000000E+00 1.605203771E+02
7.739630000E-03 9.984503277E-01 0.000000000E+00 1.601885361E+02
7.746560000E-03 9.984550200E-01 0.000000000E+00 1.600452330E+02
7.753500000E-03 9.984596710E-01 0.000000000E+00 1.599019798E+02
7.762740000E-03 9.984658656E-01 0.000000000E+00 1.597116482E+02
7.771990000E-03 9.984720698E-01 0.000000000E+00 1.595215640E+02
7.781240000E-03 9.984782182E-01 0.000000000E+00 1.593319317E+02
7.792570000E-03 9.984857019E-01 0.000000000E+00 1.591002712E+02
7.808980000E-03 9.984971206E-01 0.000000000E+00 1.587659336E+02
7.827470000E-03 9.985098564E-01 0.000000000E+00 1.583908977E+02
7.845960000E-03 9.985225192E-01 0.000000000E+00 1.580176295E+02
7.873700000E-03 9.985412785E-01 0.000000000E+00 1.574609142E+02
7.878320000E-03 9.985443966E-01 0.000000000E+00 1.573685760E+02
7.882950000E-03 9.985475122E-01 0.000000000E+00 1.572761466E+02
7.887800000E-03 9.985507322E-01 0.000000000E+00 1.571794417E+02
7.897080000E-03 9.985570578E-01 0.000000000E+00 1.569947373E+02
7.906330000E-03 9.985633469E-01 0.000000000E+00 1.568110615E+02
7.915440000E-03 9.985695006E-01 0.000000000E+00 1.566305853E+02
7.924410000E-03 9.985755202E-01 0.000000000E+00 1.564532880E+02
7.933230000E-03 9.985814331E-01 0.000000000E+00 1.562793465E+02
7.941920000E-03 9.985872476E-01 0.000000000E+00 1.561083466E+02
7.950470000E-03 9.985929317E-01 0.000000000E+00 1.559404664E+02
7.958890000E-03 9.985984901E-01 0.000000000E+00 1.557754913E+02
7.975340000E-03 9.986093516E-01 0.000000000E+00 1.554541875E+02
7.985310000E-03 9.986158834E-01 0.000000000E+00 1.552600964E+02
7.989250000E-03 9.986184425E-01 0.000000000E+00 1.551835279E+02
8.012440000E-03 9.986335521E-01 0.000000000E+00 1.547343880E+02
8.027340000E-03 9.986431787E-01 0.000000000E+00 1.544471768E+02
8.056210000E-03 9.986616513E-01 0.000000000E+00 1.538937044E+02
8.083280000E-03 9.986787950E-01 0.000000000E+00 1.533783316E+02
8.134030000E-03 9.987103761E-01 0.000000000E+00 1.524213705E+02
8.489260000E-03 9.989345856E-01 0.000000000E+00 1.460433536E+02
8.510150000E-03 9.989469463E-01 0.000000000E+00 1.456848587E+02
8.531050000E-03 9.989592013E-01 0.000000000E+00 1.453279491E+02
8.543000000E-03 9.989661614E-01 0.000000000E+00 1.451246635E+02
8.551940000E-03 9.989713469E-01 0.000000000E+00 1.449729535E+02
8.572840000E-03 9.989833636E-01 0.000000000E+00 1.446195193E+02
8.585060000E-03 9.989903674E-01 0.000000000E+00 1.444136675E+02
8.593730000E-03 9.989952986E-01 0.000000000E+00 1.442679721E+02
8.606090000E-03 9.990022991E-01 0.000000000E+00 1.440607756E+02
8.627110000E-03 9.990141493E-01 0.000000000E+00 1.437097707E+02
8.656420000E-03 9.990304655E-01 0.000000000E+00 1.432231800E+02
8.677310000E-03 9.990419923E-01 0.000000000E+00 1.428783805E+02
8.698210000E-03 9.990534219E-01 0.000000000E+00 1.425350733E+02
8.719110000E-03 9.990647530E-01 0.000000000E+00 1.421934119E+02
8.740000000E-03 9.990768121E-01 0.000000000E+00 1.418535469E+02
8.760900000E-03 9.990897621E-01 0.000000000E+00 1.415151411E+02
8.781790000E-03 9.991026215E-01 0.000000000E+00 1.411785069E+02
8.823580000E-03 9.991280802E-01 0.000000000E+00 1.405098611E+02
8.844480000E-03 9.991408948E-01 0.000000000E+00 1.401778284E+02
8.858420000E-03 9.991493774E-01 0.000000000E+00 1.399572384E+02
8.865370000E-03 9.991535965E-01 0.000000000E+00 1.398475191E+02
8.879450000E-03 9.991621029E-01 0.000000000E+00 1.396257651E+02
8.891780000E-03 9.991695043E-01 0.000000000E+00 1.394321497E+02
8.935550000E-03 9.991954569E-01 0.000000000E+00 1.387491537E+02
8.957440000E-03 9.992082590E-01 0.000000000E+00 1.384100815E+02
8.979320000E-03 9.992209672E-01 0.000000000E+00 1.380728162E+02
9.001210000E-03 9.992335402E-01 0.000000000E+00 1.377370376E+02
9.023100000E-03 9.992460005E-01 0.000000000E+00 1.374028881E+02
9.044980000E-03 9.992583703E-01 0.000000000E+00 1.370705076E+02
9.066870000E-03 9.992706087E-01 0.000000000E+00 1.367395805E+02
9.088750000E-03 9.992827364E-01 0.000000000E+00 1.364103975E+02
9.110640000E-03 9.992947576E-01 0.000000000E+00 1.360826462E+02
9.120130000E-03 9.992999350E-01 0.000000000E+00 1.359410447E+02
9.129620000E-03 9.993051146E-01 0.000000000E+00 1.357997376E+02
9.154410000E-03 9.993185013E-01 0.000000000E+00 1.354319940E+02
9.176300000E-03 9.993302051E-01 0.000000000E+00 1.351089219E+02
9.198180000E-03 9.993437378E-01 0.000000000E+00 1.347875341E+02
9.220070000E-03 9.993578509E-01 0.000000000E+00 1.344675257E+02
9.241970000E-03 9.993718391E-01 0.000000000E+00 1.341488882E+02
9.253210000E-03 9.993789664E-01 0.000000000E+00 1.339859357E+02
9.264440000E-03 9.993860597E-01 0.000000000E+00 1.338235231E+02
9.275680000E-03 9.993931217E-01 0.000000000E+00 1.336613596E+02
9.292530000E-03 9.994036528E-01 0.000000000E+00 1.334189935E+02
9.300960000E-03 9.994089027E-01 0.000000000E+00 1.332980682E+02
9.309390000E-03 9.994141130E-01 0.000000000E+00 1.331773618E+02
9.320620000E-03 9.994210454E-01 0.000000000E+00 1.330169023E+02
9.326240000E-03 9.994245003E-01 0.000000000E+00 1.329367462E+02
9.331860000E-03 9.994279473E-01 0.000000000E+00 1.328566867E+02
9.348710000E-03 9.994382400E-01 0.000000000E+00 1.326172274E+02
9.351520000E-03 9.994399594E-01 0.000000000E+00 1.325773778E+02
9.354330000E-03 9.994416556E-01 0.000000000E+00 1.325375521E+02
9.355730000E-03 9.994425236E-01 0.000000000E+00 1.325177191E+02
9.376800000E-03 9.994552604E-01 0.000000000E+00 1.322199471E+02
9.379610000E-03 9.994569392E-01 0.000000000E+00 1.321803359E+02
9.399270000E-03 9.994687205E-01 0.000000000E+00 1.319038606E+02
9.404250000E-03 9.994716796E-01 0.000000000E+00 1.318340112E+02
9.412950000E-03 9.994768523E-01 0.000000000E+00 1.317121625E+02
9.426010000E-03 9.994845784E-01 0.000000000E+00 1.315296716E+02
9.439070000E-03 9.994922638E-01 0.000000000E+00 1.313476857E+02
9.452880000E-03 9.995003418E-01 0.000000000E+00 1.311557959E+02
9.466690000E-03 9.995083749E-01 0.000000000E+00 1.309644659E+02
9.489160000E-03 9.995213544E-01 0.000000000E+00 1.306543466E+02
9.511630000E-03 9.995342169E-01 0.000000000E+00 1.303456926E+02
9.534100000E-03 9.995490703E-01 0.000000000E+00 1.300384934E+02
9.556570000E-03 9.995640540E-01 0.000000000E+00 1.297327388E+02
9.567810000E-03 9.995715157E-01 0.000000000E+00 1.295803324E+02
9.579040000E-03 9.995789225E-01 0.000000000E+00 1.294284187E+02
9.588930000E-03 9.995854117E-01 0.000000000E+00 1.292949265E+02
9.618570000E-03 9.996047225E-01 0.000000000E+00 1.288964992E+02
9.641400000E-03 9.996194526E-01 0.000000000E+00 1.285912834E+02
9.664230000E-03 9.996340280E-01 0.000000000E+00 1.282875097E+02
9.687070000E-03 9.996484910E-01 0.000000000E+00 1.279850357E+02
9.709900000E-03 9.996628018E-01 0.000000000E+00 1.276841162E+02
9.732730000E-03 9.996770019E-01 0.000000000E+00 1.273846084E+02
9.749840000E-03 9.996875419E-01 0.000000000E+00 1.271610611E+02
9.763820000E-03 9.996961198E-01 0.000000000E+00 1.269789898E+02
9.784780000E-03 9.997109939E-01 0.000000000E+00 1.267069878E+02
9.795260000E-03 9.997185102E-01 0.000000000E+00 1.265714233E+02
9.805740000E-03 9.997259950E-01 0.000000000E+00 1.264361486E+02
9.808960000E-03 9.997282811E-01 0.000000000E+00 1.263946433E+02
9.821040000E-03 9.997368713E-01 0.000000000E+00 1.262391763E+02
9.857250000E-03 9.997623358E-01 0.000000000E+00 1.257754445E+02
9.881400000E-03 9.997797378E-01 0.000000000E+00 1.254680511E+02
9.905540000E-03 9.997971621E-01 0.000000000E+00 1.251622829E+02
9.919370000E-03 9.998070615E-01 0.000000000E+00 1.249877764E+02
9.933210000E-03 9.998169070E-01 0.000000000E+00 1.248136302E+02
9.943580000E-03 9.998242459E-01 0.000000000E+00 1.246834641E+02
9.959140000E-03 9.998360227E-01 0.000000000E+00 1.244886607E+02
9.974690000E-03 9.998498568E-01 0.000000000E+00 1.242945896E+02
9.990360000E-03 9.998637206E-01 0.000000000E+00 1.240996320E+02
9.998190000E-03 9.998706108E-01 0.000000000E+00 1.240024444E+02
1.000600000E-02 9.998774977E-01 0.000000000E+00 1.239056566E+02
1.002420000E-02 9.998933913E-01 0.000000000E+00 1.236806927E+02
1.004030000E-02 9.999073806E-01 0.000000000E+00 1.234823661E+02
1.004540000E-02 9.999117121E-01 0.000000000E+00 1.234196747E+02
1.004790000E-02 9.999138922E-01 0.000000000E+00 1.233889668E+02
1.005040000E-02 9.999160517E-01 0.000000000E+00 1.233582743E+02
1.005190000E-02 9.999173463E-01 0.000000000E+00 1.233398661E+02
1.005470000E-02 9.999197831E-01 0.000000000E+00 1.233055188E+02
1.005970000E-02 9.999240331E-01 0.000000000E+00 1.232442319E+02
1.006710000E-02 9.999304003E-01 0.000000000E+00 1.231536391E+02
1.007270000E-02 9.999351687E-01 0.000000000E+00 1.230851708E+02
1.007360000E-02 9.999359498E-01 0.000000000E+00 1.230741741E+02
1.007450000E-02 9.999367489E-01 0.000000000E+00 1.230631793E+02
1.007630000E-02 9.999382730E-01 0.000000000E+00 1.230411957E+02
1.007970000E-02 9.999411143E-01 0.000000000E+00 1.229996925E+02
1.008550000E-02 9.999460988E-01 0.000000000E+00 1.229289574E+02
1.010310000E-02 9.999609670E-01 0.000000000E+00 1.227148103E+02
1.011160000E-02 9.999681242E-01 0.000000000E+00 1.226116539E+02
1.012650000E-02 9.999806008E-01 0.000000000E+00 1.224312448E+02
1.013760000E-02 9.999899056E-01 0.000000000E+00 1.222971907E+02
1.015440000E-02 1.000003786E+00 0.000000000E+00 1.220948554E+02
1.016270000E-02 1.000010693E+00 0.000000000E+00 1.219951391E+02
1.017110000E-02 1.000017576E+00 0.000000000E+00 1.218943870E+02
1.018920000E-02 1.000032395E+00 0.000000000E+00 1.216778550E+02
1.019530000E-02 1.000037311E+00 0.000000000E+00 1.216050533E+02
1.021600000E-02 1.000054154E+00 0.000000000E+00 1.213586531E+02
1.022480000E-02 1.000061245E+00 0.000000000E+00 1.212542055E+02
1.024350000E-02 1.000077659E+00 0.000000000E+00 1.210328501E+02
1.024550000E-02 1.000079754E+00 0.000000000E+00 1.210092236E+02
1.025410000E-02 1.000088921E+00 0.000000000E+00 1.209077345E+02
1.025800000E-02 1.000093041E+00 0.000000000E+00 1.208617664E+02
1.026030000E-02 1.000095489E+00 0.000000000E+00 1.208346735E+02
1.029180000E-02 1.000128799E+00 0.000000000E+00 1.204648361E+02
1.029450000E-02 1.000131574E+00 0.000000000E+00 1.204332411E+02
1.029950000E-02 1.000136774E+00 0.000000000E+00 1.203747755E+02
1.030820000E-02 1.000145869E+00 0.000000000E+00 1.202731806E+02
1.031470000E-02 1.000152675E+00 0.000000000E+00 1.201973882E+02
1.032450000E-02 1.000162833E+00 0.000000000E+00 1.200832970E+02
1.032940000E-02 1.000167906E+00 0.000000000E+00 1.200263326E+02
1.033430000E-02 1.000172952E+00 0.000000000E+00 1.199694222E+02
1.034680000E-02 1.000185819E+00 0.000000000E+00 1.198244868E+02
1.035300000E-02 1.000192240E+00 0.000000000E+00 1.197527287E+02
1.035930000E-02 1.000198624E+00 0.000000000E+00 1.196799012E+02
1.038430000E-02 1.000226324E+00 0.000000000E+00 1.193917741E+02
1.038750000E-02 1.000230750E+00 0.000000000E+00 1.193549940E+02
1.041310000E-02 1.000265658E+00 0.000000000E+00 1.190615667E+02
1.041840000E-02 1.000272821E+00 0.000000000E+00 1.190009982E+02
1.044040000E-02 1.000302391E+00 0.000000000E+00 1.187502395E+02
1.045400000E-02 1.000320658E+00 0.000000000E+00 1.185957528E+02
1.046930000E-02 1.000341026E+00 0.000000000E+00 1.184224351E+02
1.048250000E-02 1.000358525E+00 0.000000000E+00 1.182733127E+02
1.049030000E-02 1.000368805E+00 0.000000000E+00 1.181853712E+02
1.049790000E-02 1.000378680E+00 0.000000000E+00 1.180998104E+02
1.050260000E-02 1.000384864E+00 0.000000000E+00 1.180469598E+02
1.051090000E-02 1.000395733E+00 0.000000000E+00 1.179537433E+02
1.053840000E-02 1.000435940E+00 2.527301882E-09 1.176459425E+02
1.055260000E-02 1.000458926E+00 5.602245899E-09 1.174876334E+02
1.056050000E-02 1.000472093E+00 8.610335293E-09 1.173997443E+02
1.058620000E-02 1.000516968E+00 3.283665514E-08 1.171147343E+02
1.059630000E-02 1.000535522E+00 5.418220629E-08 1.170031049E+02
1.063080000E-02 1.000603859E+00 2.707520657E-07 1.166233962E+02
1.063460000E-02 1.000611992E+00 3.206549298E-07 1.165817238E+02
1.064220000E-02 1.000628322E+00 4.445827797E-07 1.164984684E+02
1.065130000E-02 1.000648881E+00 6.552160053E-07 1.163989372E+02
1.066700000E-02 1.000685729E+00 1.237020880E-06 1.162276179E+02
1.067890000E-02 1.000715568E+00 1.963035786E-06 1.160981000E+02
1.068820000E-02 1.000740216E+00 2.784969731E-06 1.159970809E+02
1.069450000E-02 1.000757534E+00 3.506680468E-06 1.159287484E+02
1.070070000E-02 1.000774988E+00 4.370820030E-06 1.158615791E+02
1.070870000E-02 1.000798489E+00 5.776044677E-06 1.157750240E+02
1.071420000E-02 1.000815291E+00 6.973471344E-06 1.157155924E+02
1.071590000E-02 1.000820666E+00 7.388845398E-06 1.156972349E+02
1.073450000E-02 1.000881766E+00 1.348626594E-05 1.154967628E+02
1.073830000E-02 1.000895024E+00 1.514249344E-05 1.154558915E+02
1.074090000E-02 1.000904582E+00 1.642644706E-05 1.154279437E+02
1.074430000E-02 1.000917135E+00 1.823286473E-05 1.153914168E+02
1.077480000E-02 1.001039133E+00 4.316081643E-05 1.150647808E+02
1.079790000E-02 1.001143935E+00 7.726761667E-05 1.148186221E+02
1.081250000E-02 1.001214556E+00 1.081383757E-04 1.146635838E+02
1.082890000E-02 1.001297112E+00 1.537146627E-04 1.144899297E+02
1.085220000E-02 1.001415235E+00 2.411214841E-04 1.142441164E+02
1.088760000E-02 1.001579291E+00 4.301046132E-04 1.138726625E+02
1.090530000E-02 1.001645018E+00 5.489182768E-04 1.136878399E+02
1.092300000E-02 1.001694120E+00 6.811807000E-04 1.135036162E+02
1.093660000E-02 1.001718914E+00 7.895291478E-04 1.133624710E+02
1.094900000E-02 1.001715473E+00 8.918116271E-04 1.132340853E+02
1.097400000E-02 1.001708561E+00 1.097094246E-03 1.129761254E+02
1.099520000E-02 1.001675082E+00 1.265526097E-03 1.127582945E+02
1.101090000E-02 1.001624335E+00 1.379017982E-03 1.125975170E+02
1.102160000E-02 1.001583441E+00 1.450793754E-03 1.124882050E+02
1.104610000E-02 1.001473194E+00 1.593855886E-03 1.122387087E+02
1.108460000E-02 1.001275318E+00 1.751472811E-03 1.118488714E+02
1.111640000E-02 1.001112573E+00 1.826951813E-03 1.115289122E+02
1.117800000E-02 1.000846410E+00 1.878352745E-03 1.109142959E+02
1.118440000E-02 1.000823326E+00 1.879101874E-03 1.108508279E+02
1.120250000E-02 1.000760431E+00 1.880382634E-03 1.106717251E+02
1.123950000E-02 1.000654105E+00 1.873247316E-03 1.103073980E+02
1.126790000E-02 1.000585914E+00 1.864724296E-03 1.100293755E+02
1.129560000E-02 1.000527002E+00 1.854555282E-03 1.097595524E+02
1.131050000E-02 1.000495662E+00 1.849120015E-03 1.096149596E+02
1.132280000E-02 1.000469847E+00 1.844640737E-03 1.094958844E+02
1.132530000E-02 1.000465639E+00 1.843724973E-03 1.094717138E+02
1.133910000E-02 1.000443062E+00 1.838690504E-03 1.093384837E+02
1.135290000E-02 1.000420579E+00 1.833675047E-03 1.092055774E+02
1.136590000E-02 1.000399383E+00 1.828964733E-03 1.090806711E+02
1.137570000E-02 1.000383538E+00 1.825426932E-03 1.089866997E+02
1.139040000E-02 1.000359879E+00 1.820145133E-03 1.088460458E+02
1.139770000E-02 1.000349000E+00 1.817399314E-03 1.087763321E+02
1.140500000E-02 1.000339620E+00 1.814458927E-03 1.087067076E+02
1.142030000E-02 1.000320236E+00 1.808331766E-03 1.085610711E+02
1.143550000E-02 1.000300960E+00 1.802248180E-03 1.084167723E+02
1.146300000E-02 1.000266310E+00 1.791319165E-03 1.081566780E+02
1.149050000E-02 1.000232002E+00 1.780488083E-03 1.078978286E+02
1.151810000E-02 1.000201183E+00 1.769625085E-03 1.076392808E+02
1.154060000E-02 1.000179097E+00 1.760791218E-03 1.074294231E+02
1.155340000E-02 1.000167864E+00 1.755777553E-03 1.073104021E+02
1.157410000E-02 1.000149916E+00 1.747726385E-03 1.071184801E+02
1.159470000E-02 1.000132097E+00 1.739751474E-03 1.069281655E+02
1.162490000E-02 1.000107969E+00 1.727821075E-03 1.066503798E+02
1.165240000E-02 1.000089440E+00 1.716402736E-03 1.063986818E+02
1.168170000E-02 1.000069932E+00 1.704329247E-03 1.061318130E+02
1.171050000E-02 1.000052385E+00 1.692567252E-03 1.058707997E+02
1.173930000E-02 1.000036978E+00 1.680886531E-03 1.056110671E+02
1.176510000E-02 1.000025278E+00 1.670433228E-03 1.053794698E+02
1.179480000E-02 1.000013631E+00 1.658396304E-03 1.051141181E+02
1.182250000E-02 1.000002860E+00 1.647255620E-03 1.048678368E+02
1.187630000E-02 9.999842748E-01 1.625893197E-03 1.043927823E+02
1.197240000E-02 9.999747205E-01 1.586134843E-03 1.035548428E+02
1.208810000E-02 1.000009530E+00 1.543117375E-03 1.025636783E+02
1.218770000E-02 1.000104886E+00 1.547437470E-03 1.017255101E+02
1.223700000E-02 1.000169809E+00 1.594278697E-03 1.013156819E+02
1.230990000E-02 1.000233038E+00 1.740322779E-03 1.007156841E+02
1.234910000E-02 1.000220491E+00 1.843828386E-03 1.003959803E+02
1.242920000E-02 1.000112837E+00 2.034620833E-03 9.974897821E+01
1.250930000E-02 9.999265636E-01 2.126115303E-03 9.911026197E+01
1.260230000E-02 9.997352741E-01 2.126376329E-03 9.837886735E+01
1.271540000E-02 9.995736645E-01 2.076425099E-03 9.750381427E+01
1.277600000E-02 9.995114999E-01 2.045246914E-03 9.704132749E+01
1.309750000E-02 9.992626815E-01 1.883396150E-03 9.465928612E+01
1.388350000E-02 9.989725225E-01 1.512738147E-03 8.930024850E+01
1.608730000E-02 9.989069105E-01 7.833253905E-04 7.706700316E+01
1.763230000E-02 9.990365870E-01 5.008047849E-04 7.031413939E+01
1.912840000E-02 9.991724800E-01 3.345505791E-04 6.481462119E+01
2.072260000E-02 9.993003649E-01 2.248755251E-04 5.982839991E+01
2.102330000E-02 9.993220488E-01 2.093900847E-04 5.897266366E+01
2.117770000E-02 9.993328765E-01 2.019522909E-04 5.854271238E+01
2.138370000E-02 9.993469936E-01 1.925467797E-04 5.797874082E+01
2.153820000E-02 9.993573504E-01 1.858258278E-04 5.756284183E+01
2.179560000E-02 9.993741461E-01 1.753147023E-04 5.688304061E+01
2.204900000E-02 9.993901238E-01 1.656721097E-04 5.622930745E+01
2.264590000E-02 9.994257946E-01 1.453418726E-04 5.474721694E+01
2.406230000E-02 9.995005820E-01 1.091252647E-04 5.152458410E+01
2.599940000E-02 9.995824489E-01 7.513586801E-05 4.768571582E+01
2.820000000E-02 9.996548040E-01 5.117902827E-05 4.396453901E+01
3.060000000E-02 9.997157023E-01 3.511722585E-05 4.051633987E+01
3.333840000E-02 9.997686195E-01 2.391955429E-05 3.718834737E+01
3.633390000E-02 9.998124034E-01 1.646709163E-05 3.412240360E+01
3.973380000E-02 9.998499606E-01 1.133895203E-05 3.120265366E+01
4.369870000E-02 9.998829535E-01 7.771236468E-06 2.837155339E+01
4.808880000E-02 9.999107435E-01 5.433156572E-06 2.578147095E+01
5.379990000E-02 9.999379192E-01 3.682592061E-06 2.304465250E+01
5.821030000E-02 9.999554181E-01 2.863598633E-06 2.129863615E+01
6.082800000E-02 9.999655224E-01 2.506881665E-06 2.038206089E+01
6.194510000E-02 9.999696850E-01 2.376426109E-06 2.001449671E+01
6.321470000E-02 9.999746813E-01 2.241964072E-06 1.961252683E+01
6.367920000E-02 9.999765046E-01 2.196038629E-06 1.946946570E+01
6.393500000E-02 9.999776441E-01 2.171215104E-06 1.939156956E+01
6.424980000E-02 9.999790409E-01 2.140785259E-06 1.929655812E+01
6.440710000E-02 9.999797302E-01 2.125716043E-06 1.924943058E+01
6.456540000E-02 9.999804169E-01 2.110680402E-06 1.920223525E+01
6.472190000E-02 9.999810889E-01 2.096308898E-06 1.915580352E+01
6.486570000E-02 9.999817015E-01 2.083383678E-06 1.911333725E+01
6.500960000E-02 9.999823086E-01 2.070541410E-06 1.907102951E+01
6.520810000E-02 9.999831927E-01 2.052983354E-06 1.901297538E+01
6.539230000E-02 9.999840476E-01 2.037046882E-06 1.895941877E+01
6.557190000E-02 9.999849534E-01 2.021955522E-06 1.890748934E+01
6.571790000E-02 9.999857008E-01 2.009989655E-06 1.886548414E+01
6.591360000E-02 9.999867215E-01 1.995055022E-06 1.880947179E+01
6.623330000E-02 9.999884517E-01 1.979367789E-06 1.871868078E+01
6.641530000E-02 9.999894848E-01 1.983977625E-06 1.866738538E+01
6.656670000E-02 9.999903763E-01 2.004630937E-06 1.862492808E+01
6.670980000E-02 9.999912489E-01 2.047551144E-06 1.858497552E+01
6.707360000E-02 9.999935843E-01 2.333487973E-06 1.848417261E+01
6.732130000E-02 9.999952669E-01 2.735257583E-06 1.841616249E+01
6.753790000E-02 9.999966916E-01 3.233819612E-06 1.835710024E+01
6.769020000E-02 9.999976336E-01 3.644830906E-06 1.831579756E+01
6.794670000E-02 9.999990754E-01 4.376103977E-06 1.824665510E+01
6.825870000E-02 1.000000675E+00 5.193221373E-06 1.816325245E+01
6.852960000E-02 1.000002019E+00 5.764867066E-06 1.809145245E+01
6.868410000E-02 1.000002822E+00 6.041629612E-06 1.805075702E+01
6.898230000E-02 1.000004516E+00 6.546490271E-06 1.797272634E+01
6.915200000E-02 1.000005571E+00 6.870448396E-06 1.792862101E+01
6.936210000E-02 1.000006904E+00 7.335889949E-06 1.787431465E+01
6.940000000E-02 1.000007141E+00 7.428088206E-06 1.786455331E+01
6.958750000E-02 1.000008370E+00 7.937406864E-06 1.781641818E+01
6.979800000E-02 1.000009738E+00 8.588161075E-06 1.776268661E+01
7.015000000E-02 1.000011959E+00 9.779082175E-06 1.767355666E+01
7.047030000E-02 1.000013946E+00 1.088093778E-05 1.759322722E+01
7.094850000E-02 1.000017062E+00 1.253232020E-05 1.747464710E+01
7.150700000E-02 1.000021133E+00 1.478822483E-05 1.733816270E+01
7.211560000E-02 1.000026015E+00 1.804966180E-05 1.719184199E+01
7.269740000E-02 1.000030853E+00 2.230173694E-05 1.705425504E+01
7.330000000E-02 1.000035543E+00 2.809550400E-05 1.691405184E+01
7.400000000E-02 1.000039746E+00 3.640248762E-05 1.675405405E+01
7.470000000E-02 1.000042520E+00 4.579577364E-05 1.659705489E+01
7.521930000E-02 1.000043578E+00 5.340972971E-05 1.648247192E+01
7.586740000E-02 1.000043112E+00 6.360826691E-05 1.634166981E+01
7.642500000E-02 1.000040697E+00 7.233585311E-05 1.622244030E+01
7.701910000E-02 1.000036461E+00 8.065772964E-05 1.609730573E+01
7.797970000E-02 1.000027738E+00 9.198900235E-05 1.589900961E+01
7.852360000E-02 1.000021739E+00 9.738451185E-05 1.578888385E+01
7.914270000E-02 1.000014086E+00 1.022853671E-04 1.566537406E+01
7.978280000E-02 1.000005896E+00 1.057097717E-04 1.553969026E+01
8.018210000E-02 1.000000835E+00 1.073133200E-04 1.546230393E+01
8.073110000E-02 9.999937437E-01 1.088411121E-04 1.535715480E+01
8.222430000E-02 9.999747448E-01 1.077934098E-04 1.507826762E+01
8.370000000E-02 9.999599566E-01 1.019257282E-04 1.481242533E+01
8.483340000E-02 9.999510138E-01 9.553084943E-05 1.461452683E+01
8.728500000E-02 9.999383917E-01 8.090085859E-05 1.420404422E+01
8.938530000E-02 9.999325667E-01 6.779164560E-05 1.387028963E+01
9.193350000E-02 9.999299421E-01 5.334850479E-05 1.348583487E+01
9.409180000E-02 9.999311467E-01 4.269049217E-05 1.317649359E+01
9.686460000E-02 9.999348727E-01 3.238482540E-05 1.279930955E+01
1.000640000E-01 9.999399835E-01 2.396634183E-05 1.239007035E+01
1.036020000E-01 9.999455357E-01 1.741716447E-05 1.196695044E+01
1.071910000E-01 9.999507710E-01 1.273056382E-05 1.156626956E+01
1.106730000E-01 9.999553619E-01 9.484973670E-06 1.120237095E+01
1.142240000E-01 9.999595357E-01 7.101480363E-06 1.085411122E+01
1.181020000E-01 9.999635334E-01 5.254132051E-06 1.049770537E+01
1.223210000E-01 9.999673095E-01 3.853756217E-06 1.013562675E+01
1.267430000E-01 9.999707113E-01 2.851449004E-06 9.781999795E+00
1.306940000E-01 9.999733495E-01 2.231926460E-06 9.486280931E+00
1.353750000E-01 9.999760885E-01 1.727713430E-06 9.158264081E+00
1.403750000E-01 9.999786273E-01 1.380010993E-06 8.832056990E+00
1.412500000E-01 9.999790408E-01 1.334358951E-06 8.777345133E+00
1.420670000E-01 9.999794169E-01 1.294921561E-06 8.726868309E+00
1.424380000E-01 9.999795882E-01 1.277893989E-06 8.704137941E+00
1.427920000E-01 9.999797511E-01 1.262237753E-06 8.682559247E+00
1.431450000E-01 9.999799131E-01 1.247109992E-06 8.661147787E+00
1.442520000E-01 9.999804216E-01 1.204133632E-06 8.594681530E+00
1.447300000E-01 9.999806444E-01 1.188533267E-06 8.566295861E+00
1.452330000E-01 9.999808837E-01 1.177018241E-06 8.536627351E+00
1.458430000E-01 9.999811822E-01 1.176187094E-06 8.500922225E+00
1.484420000E-01 9.999823090E-01 1.489619289E-06 8.352083642E+00
1.496240000E-01 9.999825962E-01 1.623955028E-06 8.286103834E+00
1.504630000E-01 9.999827805E-01 1.648934896E-06 8.239899510E+00
1.531090000E-01 9.999834567E-01 1.607471028E-06 8.097499167E+00
1.541300000E-01 9.999837289E-01 1.589868371E-06 8.043859080E+00
1.552040000E-01 9.999840208E-01 1.572332588E-06 7.988196181E+00
1.562130000E-01 9.999842903E-01 1.558150920E-06 7.936599387E+00
1.573390000E-01 9.999845957E-01 1.544798272E-06 7.879800939E+00
1.581820000E-01 9.999848301E-01 1.540554958E-06 7.837807083E+00
1.612160000E-01 9.999856091E-01 1.645959085E-06 7.690303692E+00
1.632420000E-01 9.999859901E-01 1.699794213E-06 7.594859166E+00
1.800000000E-01 9.999888537E-01 1.641903804E-06 6.887777778E+00
2.023920000E-01 9.999915371E-01 1.600470148E-06 6.125736195E+00
2.042240000E-01 9.999917297E-01 1.598372074E-06 6.070785020E+00
2.066920000E-01 9.999919969E-01 1.619662011E-06 5.998296983E+00
2.079840000E-01 9.999921263E-01 1.657198273E-06 5.961035464E+00
2.116210000E-01 9.999923728E-01 1.743340477E-06 5.858586813E+00
2.450000000E-01 9.999942162E-01 1.625952223E-06 5.060408163E+00
2.900000000E-01 9.999957819E-01 1.354201812E-06 4.275172414E+00
3.386000000E-01 9.999968417E-01 1.077928790E-06 3.661547549E+00
4.004050000E-01 9.999977148E-01 7.924243827E-07 3.096364931E+00
4.870180000E-01 9.999985245E-01 5.263289134E-07 2.545696463E+00
5.358520000E-01 9.999988727E-01 4.219568538E-07 2.313698559E+00
5.759760000E-01 9.999991372E-01 3.546290727E-07 2.152520244E+00
6.042960000E-01 9.999993341E-01 3.149282531E-07 2.051643565E+00
6.289740000E-01 9.999995355E-01 2.847005572E-07 1.971146661E+00
6.410250000E-01 9.999996636E-01 2.712403713E-07 1.934089934E+00
6.494580000E-01 9.999997697E-01 2.622842469E-07 1.908976408E+00
6.537460000E-01 9.999998336E-01 2.578803965E-07 1.896455198E+00
6.561700000E-01 9.999998765E-01 2.554721051E-07 1.889449380E+00
6.586440000E-01 9.999999263E-01 2.532475043E-07 1.882352227E+00
6.602680000E-01 9.999999622E-01 2.521896203E-07 1.877722379E+00
6.611880000E-01 9.999999841E-01 2.519067674E-07 1.875109651E+00
6.615670000E-01 9.999999934E-01 2.518943357E-07 1.874035434E+00
6.618150000E-01 9.999999997E-01 2.519271603E-07 1.873333182E+00
6.625360000E-01 1.000000018E+00 2.522478341E-07 1.871294541E+00
6.634620000E-01 1.000000044E+00 2.533075647E-07 1.868682758E+00
6.648980000E-01 1.000000089E+00 2.570722669E-07 1.864646908E+00
6.667610000E-01 1.000000155E+00 2.681496617E-07 1.859436890E+00
6.690340000E-01 1.000000246E+00 2.971515056E-07 1.853119572E+00
6.711030000E-01 1.000000334E+00 3.451892436E-07 1.847406434E+00
6.733170000E-01 1.000000425E+00 4.239677982E-07 1.841331795E+00
6.760770000E-01 1.000000514E+00 5.580960844E-07 1.833814787E+00
6.785910000E-01 1.000000555E+00 6.987903295E-07 1.827020989E+00
6.813250000E-01 1.000000564E+00 8.500279266E-07 1.819689575E+00
6.857360000E-01 1.000000526E+00 1.065936004E-06 1.807984414E+00
6.894380000E-01 1.000000466E+00 1.232615606E-06 1.798276277E+00
6.925230000E-01 1.000000384E+00 1.364188863E-06 1.790265450E+00
6.955550000E-01 1.000000275E+00 1.469582839E-06 1.782461488E+00
7.012090000E-01 1.000000045E+00 1.571615477E-06 1.768089115E+00
7.022890000E-01 1.000000005E+00 1.578791390E-06 1.765370097E+00
7.036070000E-01 9.999999587E-01 1.584167164E-06 1.762063197E+00
7.063270000E-01 9.999998692E-01 1.586463620E-06 1.755277655E+00
7.104260000E-01 9.999997484E-01 1.577090683E-06 1.745150093E+00
7.166190000E-01 9.999995969E-01 1.540573601E-06 1.730068558E+00
7.235000000E-01 9.999994589E-01 1.474296879E-06 1.713614375E+00
7.311630000E-01 9.999993554E-01 1.374130862E-06 1.695654731E+00
7.400000000E-01 9.999992959E-01 1.264784435E-06 1.675405405E+00
7.585780000E-01 9.999992535E-01 1.116491710E-06 1.634373789E+00
8.012170000E-01 9.999992219E-01 9.112738029E-07 1.547396024E+00
8.663750000E-01 9.999992518E-01 7.101989253E-07 1.431020055E+00
9.009210000E-01 9.999992972E-01 6.222289199E-07 1.376147298E+00
9.154790000E-01 9.999993365E-01 5.981224976E-07 1.354263724E+00
9.251060000E-01 9.999993618E-01 6.085682326E-07 1.340170748E+00
9.364060000E-01 9.999993545E-01 6.242274770E-07 1.323998351E+00
9.577360000E-01 9.999993379E-01 5.913105264E-07 1.294511222E+00
9.832910000E-01 9.999993561E-01 5.510408303E-07 1.260867841E+00
1.001770000E+00 9.999993592E-01 5.398655519E-07 1.237609431E+00
1.035140000E+00 9.999993638E-01 4.914417367E-07 1.197712387E+00
1.090950000E+00 9.999993965E-01 4.174823271E-07 1.136440717E+00
1.120110000E+00 9.999994227E-01 3.912051541E-07 1.106855577E+00
1.169420000E+00 9.999994417E-01 3.504669762E-07 1.060183681E+00
1.259830000E+00 9.999994922E-01 2.772016501E-07 9.841010295E-01
1.372460000E+00 9.999995539E-01 2.106317803E-07 9.033414453E-01
1.513560000E+00 9.999996207E-01 1.531904478E-07 8.191284125E-01
1.665100000E+00 9.999996797E-01 1.116436526E-07 7.445799051E-01
1.861380000E+00 9.999997395E-01 7.689441614E-08 6.660649626E-01
2.091740000E+00 9.999997918E-01 5.179048706E-08 5.927122874E-01
2.402290000E+00 9.999998415E-01 3.224052542E-08 5.160908966E-01
2.797670000E+00 9.999998835E-01 1.903328825E-08 4.431544821E-01
3.236150000E+00 9.999999138E-01 1.143739972E-08 3.831095592E-01
3.749410000E+00 9.999999371E-01 6.802498644E-09 3.306653580E-01
4.129820000E+00 9.999999494E-01 4.827081837E-09 3.002067887E-01
4.388240000E+00 9.999999564E-01 3.888171996E-09 2.825278472E-01
4.547060000E+00 9.999999605E-01 3.423505316E-09 2.726596966E-01
4.642580000E+00 9.999999634E-01 3.179810117E-09 2.670497870E-01
4.684670000E+00 9.999999649E-01 3.144979338E-09 2.646504450E-01
4.707350000E+00 9.999999660E-01 3.290443847E-09 2.633753598E-01
4.725490000E+00 9.999999669E-01 3.618409563E-09 2.623643262E-01
4.744850000E+00 9.999999678E-01 4.256938140E-09 2.612938238E-01
4.774590000E+00 9.999999686E-01 5.710207511E-09 2.596662750E-01
4.800530000E+00 9.999999687E-01 6.958546936E-09 2.582631501E-01
4.827790000E+00 9.999999683E-01 7.765445753E-09 2.568048735E-01
4.865520000E+00 9.999999677E-01 8.031403489E-09 2.548134629E-01
4.922160000E+00 9.999999676E-01 7.796215865E-09 2.518812879E-01
4.991790000E+00 9.999999682E-01 7.431982298E-09 2.483678200E-01
5.046590000E+00 9.999999691E-01 7.366791504E-09 2.456708391E-01
5.091990000E+00 9.999999699E-01 7.893108832E-09 2.434804467E-01
5.130820000E+00 9.999999701E-01 8.528907805E-09 2.416377889E-01
5.179820000E+00 9.999999698E-01 8.796191988E-09 2.393519466E-01
5.246370000E+00 9.999999698E-01 8.505889272E-09 2.363157764E-01
5.325380000E+00 9.999999703E-01 8.087541041E-09 2.328096774E-01
5.393910000E+00 9.999999710E-01 8.053830292E-09 2.298518144E-01
5.448960000E+00 9.999999713E-01 8.274132584E-09 2.275296570E-01
5.537060000E+00 9.999999714E-01 8.083210223E-09 2.239094393E-01
5.643160000E+00 9.999999719E-01 7.568438634E-09 2.196996009E-01
5.800130000E+00 9.999999728E-01 6.876127376E-09 2.137538297E-01
6.006510000E+00 9.999999741E-01 6.079604399E-09 2.064093792E-01
6.184280000E+00 9.999999753E-01 5.481304428E-09 2.004760457E-01
6.401030000E+00 9.999999767E-01 4.848254082E-09 1.936875784E-01
6.659440000E+00 9.999999782E-01 4.207136681E-09 1.861718102E-01
6.915900000E+00 9.999999796E-01 3.673501418E-09 1.792680634E-01
7.156440000E+00 9.999999809E-01 3.246868320E-09 1.732425619E-01
7.460360000E+00 9.999999823E-01 2.794128558E-09 1.661850098E-01
7.726600000E+00 9.999999834E-01 2.461521349E-09 1.604586752E-01
8.041040000E+00 9.999999846E-01 2.130887489E-09 1.541840359E-01
8.287390000E+00 9.999999855E-01 1.910773021E-09 1.496007790E-01
8.493030000E+00 9.999999862E-01 1.748062402E-09 1.459785259E-01
8.810490000E+00 9.999999871E-01 1.530331257E-09 1.407186206E-01
9.054720000E+00 9.999999878E-01 1.385220367E-09 1.369230633E-01
9.340350000E+00 9.999999885E-01 1.237260654E-09 1.327359253E-01
9.549930000E+00 9.999999890E-01 1.140876701E-09 1.298229411E-01
9.687360000E+00 9.999999893E-01 1.082660831E-09 1.279812044E-01
9.769080000E+00 9.999999895E-01 1.049813849E-09 1.269106200E-01
9.914020000E+00 9.999999898E-01 9.945686006E-10 1.250552248E-01
9.964090000E+00 9.999999899E-01 9.763850178E-10 1.244268167E-01
1.008950000E+01 9.999999901E-01 9.326595840E-10 1.228802220E-01
1.014500000E+01 9.999999902E-01 9.139513009E-10 1.222079842E-01
1.018840000E+01 9.999999903E-01 8.996387929E-10 1.216874092E-01
1.021920000E+01 9.999999904E-01 8.897733950E-10 1.213206513E-01
1.042050000E+01 9.999999908E-01 8.281031744E-10 1.189770165E-01
1.046400000E+01 9.999999908E-01 8.155086850E-10 1.184824159E-01
1.058880000E+01 9.999999910E-01 7.807374576E-10 1.170859776E-01
1.068440000E+01 9.999999912E-01 7.552636782E-10 1.160383363E-01
1.090840000E+01 9.999999916E-01 6.997950484E-10 1.136555315E-01
1.138130000E+01 9.999999922E-01 5.986328840E-10 1.089330744E-01
1.142860000E+01 9.999999923E-01 5.894461798E-10 1.084822288E-01
1.170560000E+01 9.999999927E-01 5.393852485E-10 1.059151176E-01
1.192510000E+01 9.999999929E-01 5.035499811E-10 1.039655852E-01
1.207630000E+01 9.999999931E-01 4.806157771E-10 1.026638954E-01
1.228800000E+01 9.999999934E-01 4.507550505E-10 1.008951823E-01
1.239460000E+01 9.999999935E-01 4.365132214E-10 1.000274313E-01
1.249900000E+01 9.999999936E-01 4.231715686E-10 9.919193535E-02
1.276780000E+01 9.999999938E-01 3.910399345E-10 9.710365137E-02
1.315050000E+01 9.999999942E-01 3.503524854E-10 9.427778411E-02
1.368100000E+01 9.999999946E-01 3.023305293E-10 9.062203055E-02
1.539930000E+01 9.999999958E-01 1.944526874E-10 8.051015306E-02
1.750020000E+01 9.999999967E-01 1.203620794E-10 7.084490463E-02
1.992270000E+01 9.999999975E-01 7.385308172E-11 6.223052096E-02
2.262440000E+01 9.999999981E-01 4.566637784E-11 5.479924329E-02
2.559320000E+01 9.999999985E-01 2.859717905E-11 4.844255505E-02
2.841630000E+01 9.999999988E-01 1.919194297E-11 4.362988848E-02
3.047610000E+01 9.999999990E-01 1.470177737E-11 4.068105827E-02
3.186830000E+01 9.999999990E-01 1.239258736E-11 3.890386371E-02
3.281640000E+01 9.999999991E-01 1.107686212E-11 3.777989054E-02
3.344450000E+01 9.999999991E-01 1.030148501E-11 3.707037031E-02
3.380580000E+01 9.999999992E-01 1.009151217E-11 3.667418017E-02
3.395360000E+01 9.999999992E-01 1.056202602E-11 3.651453749E-02
3.406110000E+01 9.999999992E-01 1.159350315E-11 3.639929421E-02
3.415560000E+01 9.999999992E-01 1.331009600E-11 3.629858647E-02
3.424480000E+01 9.999999992E-01 1.585571701E-11 3.620403682E-02
3.433660000E+01 9.999999992E-01 1.950120549E-11 3.610724417E-02
3.448110000E+01 9.999999992E-01 2.703765681E-11 3.595592948E-02
3.467370000E+01 9.999999992E-01 3.797324561E-11 3.575620715E-02
3.482640000E+01 9.999999992E-01 4.475466127E-11 3.559943032E-02
3.500060000E+01 9.999999992E-01 4.899385438E-11 3.542224990E-02
3.523580000E+01 9.999999992E-01 5.031065543E-11 3.518580535E-02
3.553110000E+01 9.999999992E-01 4.932588578E-11 3.489337510E-02
3.594060000E+01 9.999999993E-01 4.733894002E-11 3.449580697E-02
3.651900000E+01 9.999999993E-01 4.466423487E-11 3.394945097E-02
3.730730000E+01 9.999999993E-01 4.138089289E-11 3.323210203E-02
3.843760000E+01 9.999999993E-01 3.718905091E-11 3.225487543E-02
3.975780000E+01 9.999999994E-01 3.284778360E-11 3.118381802E-02
4.101620000E+01 9.999999994E-01 2.931717956E-11 3.022708101E-02
4.223440000E+01 9.999999994E-01 2.636415512E-11 2.935521755E-02
4.365400000E+01 9.999999995E-01 2.338116607E-11 2.840060476E-02
4.535450000E+01 9.999999995E-01 2.035058452E-11 2.733576602E-02
4.678630000E+01 9.999999995E-01 1.816074601E-11 2.649921024E-02
4.807880000E+01 9.999999996E-01 1.642476253E-11 2.578683328E-02
4.943600000E+01 9.999999996E-01 1.481838724E-11 2.507888988E-02
5.127720000E+01 9.999999996E-01 1.294583226E-11 2.417838728E-02
5.286490000E+01 9.999999996E-01 1.156141929E-11 2.345223390E-02
5.420810000E+01 9.999999997E-01 1.052762971E-11 2.287112074E-02
5.547730000E+01 9.999999997E-01 9.655533048E-12 2.234787922E-02
5.667300000E+01 9.999999997E-01 8.917652596E-12 2.187637852E-02
5.798730000E+01 9.999999997E-01 8.185914476E-12 2.138054367E-02
5.956620000E+01 9.999999997E-01 7.404590154E-12 2.081381723E-02
6.083870000E+01 9.999999997E-01 6.842161931E-12 2.037847620E-02
6.170290000E+01 9.999999997E-01 6.492748105E-12 2.009305884E-02
6.230620000E+01 9.999999997E-01 6.259338445E-12 1.989850127E-02
6.373460000E+01 9.999999998E-01 5.751655609E-12 1.945254226E-02
6.556030000E+01 9.999999998E-01 5.173520458E-12 1.891083476E-02
6.706170000E+01 9.999999998E-01 4.749914930E-12 1.848745260E-02
6.861730000E+01 9.999999998E-01 4.355270661E-12 1.806832971E-02
7.082990000E+01 9.999999998E-01 3.864031435E-12 1.750390725E-02
7.188640000E+01 9.999999998E-01 3.652135581E-12 1.724665583E-02
7.557270000E+01 9.999999998E-01 3.024096560E-12 1.640539507E-02
7.743590000E+01 9.999999998E-01 2.757199104E-12 1.601066172E-02
8.252060000E+01 9.999999999E-01 2.166048007E-12 1.502412731E-02
8.474470000E+01 9.999999999E-01 1.957845959E-12 1.462982346E-02
8.599010000E+01 9.999999999E-01 1.851180936E-12 1.441793881E-02
8.713170000E+01 9.999999999E-01 1.760624841E-12 1.422903490E-02
8.766450000E+01 9.999999999E-01 1.719799668E-12 1.414255485E-02
8.797190000E+01 9.999999999E-01 1.696654922E-12 1.409313656E-02
9.065070000E+01 9.999999999E-01 1.513536002E-12 1.367667321E-02
9.273500000E+01 9.999999999E-01 1.387444104E-12 1.336927805E-02
1.050480000E+02 9.999999999E-01 8.613874305E-13 1.180222375E-02
1.185850000E+02 9.999999999E-01 5.401058556E-13 1.045494793E-02
1.337720000E+02 9.999999999E-01 3.395342552E-13 9.268008253E-03
1.512010000E+02 1.000000000E+00 2.119412282E-13 8.199681219E-03
1.706970000E+02 1.000000000E+00 1.329101896E-13 7.263162211E-03
1.924870000E+02 1.000000000E+00 8.370441939E-14 6.440954454E-03
2.169520000E+02 1.000000000E+00 5.291508403E-14 5.714628121E-03
2.453740000E+02 1.000000000E+00 3.308209377E-14 5.052695070E-03
2.762420000E+02 1.000000000E+00 2.113473217E-14 4.488093773E-03
3.112330000E+02 1.000000000E+00 1.351009451E-14 3.983510746E-03
3.511940000E+02 1.000000000E+00 8.633282923E-15 3.530242544E-03
3.959440000E+02 1.000000000E+00 5.571077751E-15 3.131250884E-03
4.496260000E+02 1.000000000E+00 3.526821660E-15 2.757402819E-03
5.118940000E+02 1.000000000E+00 2.233552188E-15 2.421985802E-03
5.852530000E+02 1.000000000E+00 1.408397513E-15 2.118400077E-03
6.731700000E+02 1.000000000E+00 8.806926350E-16 1.841733886E-03
7.805310000E+02 1.000000000E+00 5.443060423E-16 1.588405842E-03
9.120110000E+02 1.000000000E+00 3.332029195E-16 1.359413428E-03
1.093980000E+03 1.000000000E+00 1.910879460E-16 1.133293113E-03
1.286620000E+03 1.000000000E+00 1.156634904E-16 9.636100791E-04
1.546860000E+03 1.000000000E+00 6.544395847E-17 8.014946408E-04
1.859730000E+03 1.000000000E+00 3.702924264E-17 6.666559124E-04
2.235890000E+03 1.000000000E+00 2.095162519E-17 5.544995505E-04
2.688130000E+03 1.000000000E+00 1.185471312E-17 4.612128134E-04
3.231850000E+03 1.000000000E+00 6.707534750E-18 3.836192893E-04
3.885540000E+03 1.000000000E+00 3.795210627E-18 3.190804882E-04
4.671440000E+03 1.000000000E+00 2.147389095E-18 2.653999623E-04
5.616310000E+03 1.000000000E+00 1.215018925E-18 2.207499230E-04
6.752290000E+03 1.000000000E+00 6.874736644E-19 1.836117821E-04
8.118030000E+03 1.000000000E+00 3.889835804E-19 1.527217810E-04
9.760020000E+03 1.000000000E+00 2.200914453E-19 1.270284282E-04
1.000000000E+04 0.000000000E+00 0.000000000E+00 1.239800000E-04
