# 11/08/2021 
# Data retrieved from www.chemicool.com/densities.html 
# Includes the real (n) and complex (k) part of the  refractive index. 
# Element, Y  (Z = 39) 
# Nominal density, g cm-3 =  4.47 
#    E [keV]      n       k    Wavelength [nm] 
1.000000000E-03 -8.094416104E+02 5.491259506E-03 1.239800000E+03
1.118230000E-03 -1.276418689E+02 0.000000000E+00 1.108716454E+03
1.221680000E-03 -1.067289449E+02 0.000000000E+00 1.014832035E+03
1.402730000E-03 -8.065085796E+01 0.000000000E+00 8.838479251E+02
1.538510000E-03 -6.683507268E+01 0.000000000E+00 8.058446159E+02
1.640350000E-03 -5.864717778E+01 0.000000000E+00 7.558143079E+02
1.793100000E-03 -4.888451700E+01 0.000000000E+00 6.914282527E+02
1.945860000E-03 -4.133146193E+01 0.000000000E+00 6.371475851E+02
1.950640000E-03 -4.112315437E+01 0.000000000E+00 6.355862691E+02
1.955430000E-03 -4.091649240E+01 0.000000000E+00 6.340293439E+02
1.960220000E-03 -4.071080170E+01 0.000000000E+00 6.324800278E+02
1.965010000E-03 -4.050715657E+01 0.000000000E+00 6.309382649E+02
1.969800000E-03 -4.030445864E+01 0.000000000E+00 6.294040004E+02
1.974590000E-03 -4.010323665E+01 0.000000000E+00 6.278771796E+02
1.979380000E-03 -3.990400906E+01 0.000000000E+00 6.263577484E+02
1.984170000E-03 -3.970569370E+01 0.000000000E+00 6.248456533E+02
1.988960000E-03 -3.950933962E+01 0.000000000E+00 6.233408414E+02
1.993750000E-03 -3.931387522E+01 0.000000000E+00 6.218432602E+02
1.998540000E-03 -3.911981709E+01 0.000000000E+00 6.203528576E+02
2.003330000E-03 -3.892715177E+01 0.000000000E+00 6.188695821E+02
2.008120000E-03 -3.873534839E+01 0.000000000E+00 6.173933829E+02
2.017700000E-03 -3.835532985E+01 0.000000000E+00 6.144620112E+02
2.022490000E-03 -3.816760396E+01 0.000000000E+00 6.130067392E+02
2.027280000E-03 -3.798121076E+01 0.000000000E+00 6.115583442E+02
2.032070000E-03 -3.779613770E+01 0.000000000E+00 6.101167775E+02
2.038770000E-03 -3.753905472E+01 0.000000000E+00 6.081117537E+02
2.041640000E-03 -3.743027890E+01 0.000000000E+00 6.072569111E+02
2.053650000E-03 -3.697814381E+01 0.000000000E+00 6.037055974E+02
2.058600000E-03 -3.679375277E+01 0.000000000E+00 6.022539590E+02
2.062760000E-03 -3.664048687E+01 0.000000000E+00 6.010393841E+02
2.063560000E-03 -3.661081747E+01 0.000000000E+00 6.008063735E+02
2.068520000E-03 -3.642920005E+01 0.000000000E+00 5.993657301E+02
2.073470000E-03 -3.624876171E+01 0.000000000E+00 5.979348628E+02
2.078430000E-03 -3.606974215E+01 0.000000000E+00 5.965079411E+02
2.083390000E-03 -3.589200310E+01 0.000000000E+00 5.950878136E+02
2.088350000E-03 -3.571553241E+01 0.000000000E+00 5.936744320E+02
2.093300000E-03 -3.554019081E+01 0.000000000E+00 5.922705776E+02
2.103380000E-03 -3.518797708E+01 0.000000000E+00 5.894322471E+02
2.108450000E-03 -3.501227228E+01 0.000000000E+00 5.880148925E+02
2.113530000E-03 -3.483796306E+01 0.000000000E+00 5.866015623E+02
2.118610000E-03 -3.466490957E+01 0.000000000E+00 5.851950099E+02
2.123680000E-03 -3.449297125E+01 0.000000000E+00 5.837979357E+02
2.138920000E-03 -3.398442934E+01 0.000000000E+00 5.796383221E+02
2.143990000E-03 -3.381780386E+01 0.000000000E+00 5.782676225E+02
2.149070000E-03 -3.365203701E+01 0.000000000E+00 5.769007059E+02
2.154150000E-03 -3.348699490E+01 0.000000000E+00 5.755402363E+02
2.162360000E-03 -3.322338111E+01 0.000000000E+00 5.733550380E+02
2.164300000E-03 -3.316160981E+01 0.000000000E+00 5.728411034E+02
2.172850000E-03 -3.289063942E+01 0.000000000E+00 5.705870171E+02
2.178100000E-03 -3.272569928E+01 0.000000000E+00 5.692116983E+02
2.183340000E-03 -3.256269707E+01 0.000000000E+00 5.678455944E+02
2.188580000E-03 -3.240086739E+01 0.000000000E+00 5.664860320E+02
2.193830000E-03 -3.223946233E+01 0.000000000E+00 5.651303884E+02
2.199070000E-03 -3.207994850E+01 0.000000000E+00 5.637837813E+02
2.209560000E-03 -3.176360381E+01 0.000000000E+00 5.611071888E+02
2.214810000E-03 -3.160675972E+01 0.000000000E+00 5.597771366E+02
2.220050000E-03 -3.145174691E+01 0.000000000E+00 5.584558906E+02
2.225300000E-03 -3.129711906E+01 0.000000000E+00 5.571383634E+02
2.230540000E-03 -3.114429347E+01 0.000000000E+00 5.558295301E+02
2.235790000E-03 -3.099184034E+01 0.000000000E+00 5.545243516E+02
2.302180000E-03 -2.915635685E+01 0.000000000E+00 5.385330426E+02
2.351980000E-03 -2.788038453E+01 0.000000000E+00 5.271303327E+02
2.389320000E-03 -2.697561910E+01 0.000000000E+00 5.188924045E+02
2.445340000E-03 -2.569560551E+01 0.000000000E+00 5.070051608E+02
2.473350000E-03 -2.508824690E+01 0.000000000E+00 5.012634686E+02
2.487360000E-03 -2.479181787E+01 0.000000000E+00 4.984401132E+02
2.494360000E-03 -2.464591831E+01 0.000000000E+00 4.970413252E+02
2.501360000E-03 -2.450091206E+01 0.000000000E+00 4.956503662E+02
2.507520000E-03 -2.437444646E+01 0.000000000E+00 4.944327463E+02
2.513680000E-03 -2.424891272E+01 0.000000000E+00 4.932210942E+02
2.519830000E-03 -2.412450113E+01 0.000000000E+00 4.920173186E+02
2.525990000E-03 -2.400080240E+01 0.000000000E+00 4.908174617E+02
2.532150000E-03 -2.387800851E+01 0.000000000E+00 4.896234425E+02
2.538300000E-03 -2.375630575E+01 0.000000000E+00 4.884371430E+02
2.544460000E-03 -2.363529389E+01 0.000000000E+00 4.872546631E+02
2.550620000E-03 -2.351516085E+01 0.000000000E+00 4.860778948E+02
2.556770000E-03 -2.339576968E+01 0.000000000E+00 4.849086934E+02
2.562930000E-03 -2.327736911E+01 0.000000000E+00 4.837432158E+02
2.569500000E-03 -2.315211277E+01 0.000000000E+00 4.825063242E+02
2.575820000E-03 -2.303248113E+01 0.000000000E+00 4.813224527E+02
2.578980000E-03 -2.297299600E+01 0.000000000E+00 4.807326928E+02
2.583730000E-03 -2.288399377E+01 0.000000000E+00 4.798489006E+02
2.586100000E-03 -2.283961323E+01 0.000000000E+00 4.794091489E+02
2.588470000E-03 -2.279566665E+01 0.000000000E+00 4.789702025E+02
2.591630000E-03 -2.273674113E+01 0.000000000E+00 4.783861894E+02
2.594790000E-03 -2.267834191E+01 0.000000000E+00 4.778035987E+02
2.599870000E-03 -2.258497359E+01 0.000000000E+00 4.768699973E+02
2.606030000E-03 -2.247237808E+01 0.000000000E+00 4.757427965E+02
2.612180000E-03 -2.236075995E+01 0.000000000E+00 4.746227289E+02
2.616140000E-03 -2.228917710E+01 0.000000000E+00 4.739043018E+02
2.620090000E-03 -2.221840124E+01 0.000000000E+00 4.731898523E+02
2.624500000E-03 -2.213952899E+01 0.000000000E+00 4.723947419E+02
2.626420000E-03 -2.210510465E+01 0.000000000E+00 4.720494057E+02
2.632740000E-03 -2.199310373E+01 0.000000000E+00 4.709162318E+02
2.639060000E-03 -2.188190938E+01 0.000000000E+00 4.697884853E+02
2.645390000E-03 -2.177134173E+01 0.000000000E+00 4.686643557E+02
2.648550000E-03 -2.171644180E+01 0.000000000E+00 4.681051896E+02
2.651710000E-03 -2.166173873E+01 0.000000000E+00 4.675473562E+02
2.654880000E-03 -2.160706128E+01 0.000000000E+00 4.669890918E+02
2.658040000E-03 -2.155274973E+01 0.000000000E+00 4.664339137E+02
2.661200000E-03 -2.149863224E+01 0.000000000E+00 4.658800541E+02
2.664360000E-03 -2.144441386E+01 0.000000000E+00 4.653275083E+02
2.670690000E-03 -2.133697503E+01 0.000000000E+00 4.642246011E+02
2.677010000E-03 -2.123046630E+01 0.000000000E+00 4.631286398E+02
2.683340000E-03 -2.112454709E+01 0.000000000E+00 4.620361192E+02
2.689660000E-03 -2.101954128E+01 0.000000000E+00 4.609504547E+02
2.695980000E-03 -2.091527578E+01 0.000000000E+00 4.598698803E+02
2.707350000E-03 -2.072930989E+01 0.000000000E+00 4.579385746E+02
2.729360000E-03 -2.037634286E+01 0.000000000E+00 4.542456840E+02
2.894450000E-03 -1.798025322E+01 0.000000000E+00 4.283369898E+02
2.935720000E-03 -1.744357857E+01 0.000000000E+00 4.223154797E+02
3.000000000E-03 -1.665193645E+01 0.000000000E+00 4.132666667E+02
3.028580000E-03 -1.631398214E+01 0.000000000E+00 4.093667659E+02
3.059530000E-03 -1.595899315E+01 0.000000000E+00 4.052256392E+02
3.067060000E-03 -1.587426941E+01 0.000000000E+00 4.042307617E+02
3.074590000E-03 -1.578995038E+01 0.000000000E+00 4.032407573E+02
3.082130000E-03 -1.570636424E+01 0.000000000E+00 4.022542852E+02
3.089660000E-03 -1.562350065E+01 0.000000000E+00 4.012739266E+02
3.097190000E-03 -1.554124442E+01 0.000000000E+00 4.002983349E+02
3.104720000E-03 -1.545937312E+01 0.000000000E+00 3.993274756E+02
3.112250000E-03 -1.537831504E+01 0.000000000E+00 3.983613142E+02
3.119780000E-03 -1.529784681E+01 0.000000000E+00 3.973998167E+02
3.127310000E-03 -1.521796276E+01 0.000000000E+00 3.964429494E+02
3.134840000E-03 -1.513865725E+01 0.000000000E+00 3.954906790E+02
3.142370000E-03 -1.505971334E+01 0.000000000E+00 3.945429723E+02
3.149900000E-03 -1.498154933E+01 0.000000000E+00 3.935997968E+02
3.157430000E-03 -1.490394740E+01 0.000000000E+00 3.926611200E+02
3.164960000E-03 -1.482690217E+01 0.000000000E+00 3.917269097E+02
3.172490000E-03 -1.475020096E+01 0.000000000E+00 3.907971341E+02
3.176440000E-03 -1.471043298E+01 0.000000000E+00 3.903111660E+02
3.192070000E-03 -1.455388430E+01 0.000000000E+00 3.884000038E+02
3.199890000E-03 -1.447632414E+01 0.000000000E+00 3.874508186E+02
3.207710000E-03 -1.439953737E+01 0.000000000E+00 3.865062615E+02
3.215530000E-03 -1.432311172E+01 0.000000000E+00 3.855662986E+02
3.219440000E-03 -1.428510904E+01 0.000000000E+00 3.850980295E+02
3.223350000E-03 -1.424744644E+01 0.000000000E+00 3.846308964E+02
3.227260000E-03 -1.420972097E+01 0.000000000E+00 3.841648953E+02
3.231160000E-03 -1.417222725E+01 0.000000000E+00 3.837012095E+02
3.235070000E-03 -1.413477644E+01 0.000000000E+00 3.832374570E+02
3.238980000E-03 -1.409766111E+01 0.000000000E+00 3.827748242E+02
3.244850000E-03 -1.404189711E+01 0.000000000E+00 3.820823767E+02
3.248760000E-03 -1.400492089E+01 0.000000000E+00 3.816225267E+02
3.253150000E-03 -1.396366217E+01 0.000000000E+00 3.811075419E+02
3.253890000E-03 -1.395665972E+01 0.000000000E+00 3.810208704E+02
3.255110000E-03 -1.394525346E+01 0.000000000E+00 3.808780656E+02
3.262440000E-03 -1.387679859E+01 0.000000000E+00 3.800223146E+02
3.263420000E-03 -1.386766898E+01 0.000000000E+00 3.799081945E+02
3.266840000E-03 -1.383596910E+01 0.000000000E+00 3.795104750E+02
3.272210000E-03 -1.378633995E+01 0.000000000E+00 3.788876631E+02
3.278080000E-03 -1.373226661E+01 0.000000000E+00 3.782091956E+02
3.281980000E-03 -1.369649938E+01 0.000000000E+00 3.777597670E+02
3.285890000E-03 -1.366096442E+01 0.000000000E+00 3.773102569E+02
3.289800000E-03 -1.362536392E+01 0.000000000E+00 3.768618153E+02
3.293710000E-03 -1.358989104E+01 0.000000000E+00 3.764144384E+02
3.301530000E-03 -1.351951723E+01 0.000000000E+00 3.755228636E+02
3.309350000E-03 -1.344945429E+01 0.000000000E+00 3.746355024E+02
3.317170000E-03 -1.338007955E+01 0.000000000E+00 3.737523250E+02
3.328890000E-03 -1.327674178E+01 0.000000000E+00 3.724364578E+02
3.332800000E-03 -1.324269908E+01 0.000000000E+00 3.719995199E+02
3.335010000E-03 -1.322326600E+01 0.000000000E+00 3.717530082E+02
3.339380000E-03 -1.318531577E+01 0.000000000E+00 3.712665225E+02
3.348000000E-03 -1.311087502E+01 0.000000000E+00 3.703106332E+02
3.356340000E-03 -1.303935302E+01 0.000000000E+00 3.693904670E+02
3.364430000E-03 -1.297044183E+01 0.000000000E+00 3.685022426E+02
3.372260000E-03 -1.290435680E+01 0.000000000E+00 3.676466227E+02
3.379850000E-03 -1.284051618E+01 0.000000000E+00 3.668210128E+02
3.387200000E-03 -1.277924182E+01 0.000000000E+00 3.660250354E+02
3.394320000E-03 -1.272040816E+01 0.000000000E+00 3.652572533E+02
3.504680000E-03 -1.185122709E+01 0.000000000E+00 3.537555497E+02
3.532270000E-03 -1.164556536E+01 0.000000000E+00 3.509924213E+02
3.552960000E-03 -1.149458223E+01 0.000000000E+00 3.489484824E+02
3.568480000E-03 -1.138302153E+01 0.000000000E+00 3.474308389E+02
3.580120000E-03 -1.130018812E+01 0.000000000E+00 3.463012413E+02
3.588850000E-03 -1.123879905E+01 0.000000000E+00 3.454588517E+02
3.601950000E-03 -1.114720287E+01 0.000000000E+00 3.442024459E+02
3.608490000E-03 -1.110192937E+01 0.000000000E+00 3.435786160E+02
3.611770000E-03 -1.107931876E+01 0.000000000E+00 3.432665978E+02
3.615040000E-03 -1.105683696E+01 0.000000000E+00 3.429560945E+02
3.621610000E-03 -1.101185865E+01 0.000000000E+00 3.423339344E+02
3.628180000E-03 -1.096712675E+01 0.000000000E+00 3.417140274E+02
3.632840000E-03 -1.093549599E+01 0.000000000E+00 3.412756961E+02
3.641730000E-03 -1.087556324E+01 0.000000000E+00 3.404425918E+02
3.650630000E-03 -1.081616389E+01 0.000000000E+00 3.396126148E+02
3.659530000E-03 -1.075704534E+01 0.000000000E+00 3.387866748E+02
3.663660000E-03 -1.072962007E+01 0.000000000E+00 3.384047646E+02
3.669840000E-03 -1.068906314E+01 0.000000000E+00 3.378348920E+02
3.676030000E-03 -1.064849457E+01 0.000000000E+00 3.372660180E+02
3.681130000E-03 -1.061531602E+01 0.000000000E+00 3.367987547E+02
3.683680000E-03 -1.059877889E+01 0.000000000E+00 3.365656083E+02
3.686220000E-03 -1.058233921E+01 0.000000000E+00 3.363336968E+02
3.690670000E-03 -1.055350595E+01 0.000000000E+00 3.359281648E+02
3.692900000E-03 -1.053909756E+01 0.000000000E+00 3.357253107E+02
3.696230000E-03 -1.051770425E+01 0.000000000E+00 3.354228498E+02
3.700130000E-03 -1.049282749E+01 0.000000000E+00 3.350693084E+02
3.702070000E-03 -1.048032855E+01 0.000000000E+00 3.348937216E+02
3.702560000E-03 -1.047729012E+01 0.000000000E+00 3.348494015E+02
3.702930000E-03 -1.047484436E+01 0.000000000E+00 3.348159431E+02
3.703060000E-03 -1.047403870E+01 0.000000000E+00 3.348041890E+02
3.703300000E-03 -1.047255155E+01 0.000000000E+00 3.347824913E+02
3.703660000E-03 -1.047016920E+01 0.000000000E+00 3.347499500E+02
3.703840000E-03 -1.046905437E+01 0.000000000E+00 3.347336818E+02
3.704300000E-03 -1.046605398E+01 0.000000000E+00 3.346921146E+02
3.712920000E-03 -1.041136196E+01 0.000000000E+00 3.339150857E+02
3.715140000E-03 -1.039727452E+01 0.000000000E+00 3.337155531E+02
3.721820000E-03 -1.035519361E+01 0.000000000E+00 3.331165935E+02
3.725460000E-03 -1.033226306E+01 0.000000000E+00 3.327911184E+02
3.730940000E-03 -1.029809817E+01 0.000000000E+00 3.323023152E+02
3.736410000E-03 -1.026399559E+01 0.000000000E+00 3.318158339E+02
3.742460000E-03 -1.022656343E+01 0.000000000E+00 3.312794258E+02
3.748510000E-03 -1.018916551E+01 0.000000000E+00 3.307447492E+02
3.757470000E-03 -1.013423989E+01 0.000000000E+00 3.299560609E+02
3.766690000E-03 -1.007818012E+01 0.000000000E+00 3.291484035E+02
3.775200000E-03 -1.002668085E+01 0.000000000E+00 3.284064420E+02
3.791340000E-03 -9.930093745E+00 0.000000000E+00 3.270083928E+02
3.793000000E-03 -9.920238593E+00 0.000000000E+00 3.268652781E+02
3.798300000E-03 -9.888916428E+00 0.000000000E+00 3.264091831E+02
3.803600000E-03 -9.857582028E+00 0.000000000E+00 3.259543590E+02
3.812820000E-03 -9.803555446E+00 0.000000000E+00 3.251661500E+02
3.822050000E-03 -9.749866933E+00 0.000000000E+00 3.243808951E+02
3.831270000E-03 -9.696483393E+00 0.000000000E+00 3.236002683E+02
3.840500000E-03 -9.643574055E+00 0.000000000E+00 3.228225491E+02
3.849730000E-03 -9.590626030E+00 0.000000000E+00 3.220485592E+02
3.858950000E-03 -9.538116809E+00 0.000000000E+00 3.212791044E+02
3.868180000E-03 -9.485933072E+00 0.000000000E+00 3.205124891E+02
3.888300000E-03 -9.373415100E+00 0.000000000E+00 3.188539979E+02
3.895850000E-03 -9.331459708E+00 0.000000000E+00 3.182360717E+02
3.905080000E-03 -9.280488783E+00 0.000000000E+00 3.174838928E+02
3.911760000E-03 -9.243770465E+00 0.000000000E+00 3.169417347E+02
3.914310000E-03 -9.229883155E+00 0.000000000E+00 3.167352611E+02
3.921020000E-03 -9.193271347E+00 0.000000000E+00 3.161932354E+02
3.930290000E-03 -9.143082247E+00 0.000000000E+00 3.154474606E+02
3.932760000E-03 -9.129670586E+00 0.000000000E+00 3.152493414E+02
3.939550000E-03 -9.093303344E+00 0.000000000E+00 3.147059943E+02
3.948810000E-03 -9.043879273E+00 0.000000000E+00 3.139680056E+02
4.002900000E-03 -8.761897823E+00 0.000000000E+00 3.097254490E+02
4.043460000E-03 -8.556057205E+00 0.000000000E+00 3.066185890E+02
4.165140000E-03 -7.974831494E+00 0.000000000E+00 2.976610630E+02
4.165150000E-03 -7.974788402E+00 0.000000000E+00 2.976603484E+02
4.183170000E-03 -7.893100138E+00 0.000000000E+00 2.963781056E+02
4.183680000E-03 -7.890812836E+00 0.000000000E+00 2.963419764E+02
4.186850000E-03 -7.876640452E+00 0.000000000E+00 2.961176063E+02
4.202150000E-03 -7.808217711E+00 0.000000000E+00 2.950394441E+02
4.204280000E-03 -7.798822669E+00 0.000000000E+00 2.948899693E+02
4.214580000E-03 -7.753283139E+00 0.000000000E+00 2.941692885E+02
4.222840000E-03 -7.716966337E+00 0.000000000E+00 2.935938847E+02
4.223480000E-03 -7.714207691E+00 0.000000000E+00 2.935493953E+02
4.233880000E-03 -7.668887806E+00 0.000000000E+00 2.928283277E+02
4.244280000E-03 -7.623906930E+00 0.000000000E+00 2.921107938E+02
4.255240000E-03 -7.576888498E+00 0.000000000E+00 2.913584193E+02
4.266060000E-03 -7.530798661E+00 0.000000000E+00 2.906194475E+02
4.273790000E-03 -7.498138828E+00 0.000000000E+00 2.900938043E+02
4.285370000E-03 -7.449431730E+00 0.000000000E+00 2.893099079E+02
4.291170000E-03 -7.425246199E+00 0.000000000E+00 2.889188729E+02
4.296960000E-03 -7.401199482E+00 0.000000000E+00 2.885295651E+02
4.307260000E-03 -7.358592565E+00 0.000000000E+00 2.878396010E+02
4.317550000E-03 -7.316334643E+00 0.000000000E+00 2.871535941E+02
4.329180000E-03 -7.268928005E+00 0.000000000E+00 2.863821786E+02
4.339430000E-03 -7.227582931E+00 0.000000000E+00 2.857057263E+02
4.351730000E-03 -7.178273018E+00 0.000000000E+00 2.848981899E+02
4.360960000E-03 -7.141495827E+00 0.000000000E+00 2.842952011E+02
4.370190000E-03 -7.105065332E+00 0.000000000E+00 2.836947593E+02
4.380120000E-03 -7.066072901E+00 0.000000000E+00 2.830516059E+02
4.389810000E-03 -7.027902746E+00 0.000000000E+00 2.824268021E+02
4.400210000E-03 -6.986980765E+00 0.000000000E+00 2.817592797E+02
4.409010000E-03 -6.952552933E+00 0.000000000E+00 2.811969127E+02
4.410690000E-03 -6.946066771E+00 0.000000000E+00 2.810898068E+02
4.425850000E-03 -6.887355232E+00 0.000000000E+00 2.801269813E+02
4.431400000E-03 -6.866016549E+00 0.000000000E+00 2.797761430E+02
4.440150000E-03 -6.832609584E+00 0.000000000E+00 2.792248010E+02
4.447220000E-03 -6.805720252E+00 0.000000000E+00 2.787809013E+02
4.459350000E-03 -6.759954026E+00 0.000000000E+00 2.780225818E+02
4.468590000E-03 -6.724864250E+00 0.000000000E+00 2.774476960E+02
4.496070000E-03 -6.622153651E+00 0.000000000E+00 2.757519345E+02
4.502970000E-03 -6.596650593E+00 0.000000000E+00 2.753293937E+02
4.508530000E-03 -6.576179810E+00 0.000000000E+00 2.749898526E+02
4.513630000E-03 -6.557531829E+00 0.000000000E+00 2.746791385E+02
4.519520000E-03 -6.536006775E+00 0.000000000E+00 2.743211668E+02
4.524300000E-03 -6.518663733E+00 0.000000000E+00 2.740313419E+02
4.529940000E-03 -6.498122226E+00 0.000000000E+00 2.736901593E+02
4.534960000E-03 -6.480008824E+00 0.000000000E+00 2.733871964E+02
4.545630000E-03 -6.441701665E+00 0.000000000E+00 2.727454720E+02
4.550940000E-03 -6.422733441E+00 0.000000000E+00 2.724272348E+02
4.554050000E-03 -6.411592357E+00 0.000000000E+00 2.722411919E+02
4.580920000E-03 -6.316843098E+00 0.000000000E+00 2.706443247E+02
4.592750000E-03 -6.275635800E+00 0.000000000E+00 2.699471994E+02
4.604030000E-03 -6.236680420E+00 0.000000000E+00 2.692858213E+02
4.612180000E-03 -6.208674621E+00 0.000000000E+00 2.688099771E+02
4.615300000E-03 -6.198049686E+00 0.000000000E+00 2.686282582E+02
4.626870000E-03 -6.158585589E+00 0.000000000E+00 2.679565235E+02
4.637860000E-03 -6.121497095E+00 0.000000000E+00 2.673215664E+02
4.649640000E-03 -6.081981987E+00 0.000000000E+00 2.666442993E+02
4.684350000E-03 -5.965623636E+00 0.000000000E+00 2.646685239E+02
4.695200000E-03 -5.929680141E+00 0.000000000E+00 2.640569092E+02
4.706580000E-03 -5.892252677E+00 0.000000000E+00 2.634184482E+02
4.717970000E-03 -5.855076196E+00 0.000000000E+00 2.627825103E+02
4.729360000E-03 -5.818270789E+00 0.000000000E+00 2.621496355E+02
4.763530000E-03 -5.708568917E+00 0.000000000E+00 2.602691701E+02
4.774590000E-03 -5.673313213E+00 0.000000000E+00 2.596662750E+02
4.778980000E-03 -5.659504857E+00 0.000000000E+00 2.594277440E+02
4.789460000E-03 -5.626480155E+00 0.000000000E+00 2.588600803E+02
4.798090000E-03 -5.598675024E+00 0.000000000E+00 2.583944861E+02
4.807010000E-03 -5.570143536E+00 0.000000000E+00 2.579150033E+02
4.821600000E-03 -5.523887300E+00 0.000000000E+00 2.571345611E+02
4.833350000E-03 -5.486845421E+00 0.000000000E+00 2.565094603E+02
4.853260000E-03 -5.424869593E+00 0.000000000E+00 2.554571566E+02
4.887640000E-03 -5.319598210E+00 0.000000000E+00 2.536602532E+02
4.918190000E-03 -5.226403246E+00 0.000000000E+00 2.520846084E+02
4.937620000E-03 -5.166965995E+00 3.627098255E-07 2.510926317E+02
4.951390000E-03 -5.124539134E+00 1.750033739E-06 2.503943337E+02
4.967390000E-03 -5.075166410E+00 9.358109630E-06 2.495878117E+02
4.989570000E-03 -5.006351054E+00 7.389482766E-05 2.484783258E+02
5.016540000E-03 -4.920957248E+00 6.190811763E-04 2.471424528E+02
5.029110000E-03 -4.880089548E+00 1.449542882E-03 2.465247330E+02
5.040200000E-03 -4.842738749E+00 2.860796634E-03 2.459823023E+02
5.051810000E-03 -4.802664434E+00 5.434639723E-03 2.454169892E+02
5.070780000E-03 -4.735625668E+00 1.341042940E-02 2.444988739E+02
5.091240000E-03 -4.663125847E+00 2.926326830E-02 2.435163143E+02
5.103400000E-03 -4.621744825E+00 4.265917435E-02 2.429360818E+02
5.115650000E-03 -4.582649961E+00 5.863676762E-02 2.423543440E+02
5.150860000E-03 -4.488414051E+00 1.093945823E-01 2.406976699E+02
5.163800000E-03 -4.459845694E+00 1.264552178E-01 2.400945040E+02
5.174370000E-03 -4.437718082E+00 1.390543403E-01 2.396040484E+02
5.184810000E-03 -4.416618097E+00 1.505231271E-01 2.391215879E+02
5.197810000E-03 -4.390793613E+00 1.638808675E-01 2.385235320E+02
5.214720000E-03 -4.357960853E+00 1.805539853E-01 2.377500614E+02
5.244770000E-03 -4.304934858E+00 2.097077301E-01 2.363878683E+02
5.259690000E-03 -4.281067866E+00 2.227271680E-01 2.357173141E+02
5.272660000E-03 -4.262926845E+00 2.325892771E-01 2.351374828E+02
5.288130000E-03 -4.240539245E+00 2.417631557E-01 2.344496069E+02
5.303680000E-03 -4.219055955E+00 2.481465094E-01 2.337622179E+02
5.350710000E-03 -4.151918366E+00 2.562661087E-01 2.317075678E+02
5.391120000E-03 -4.089193608E+00 2.580419304E-01 2.299707667E+02
5.420530000E-03 -4.039802079E+00 2.588064073E-01 2.287230215E+02
5.477740000E-03 -3.941757686E+00 2.601735702E-01 2.263342181E+02
5.508380000E-03 -3.887346941E+00 2.608623580E-01 2.250752490E+02
5.548720000E-03 -3.812948646E+00 2.619427233E-01 2.234389192E+02
5.643930000E-03 -3.626182366E+00 2.857972757E-01 2.196696274E+02
5.732540000E-03 -3.504723088E+00 3.458018561E-01 2.162741123E+02
5.846660000E-03 -3.382305015E+00 3.498241780E-01 2.120526933E+02
6.245810000E-03 -2.889631563E+00 3.211313721E-01 1.985010751E+02
7.086910000E-03 -2.046126612E+00 2.847499790E-01 1.749422527E+02
8.076130000E-03 -1.358343550E+00 2.594059496E-01 1.535141212E+02
1.023290000E-02 -4.896325271E-01 2.210976748E-01 1.211582249E+02
1.273500000E-02 6.822705187E-03 1.812502230E-01 9.735374951E+01
1.438860000E-02 1.999663854E-01 1.545361836E-01 8.616543653E+01
1.531780000E-02 2.824221623E-01 1.398530854E-01 8.093851597E+01
1.600000000E-02 3.344572052E-01 1.291769105E-01 7.748750000E+01
1.674160000E-02 3.859553162E-01 1.179928270E-01 7.405504850E+01
1.718260000E-02 4.137475348E-01 1.116094665E-01 7.215438874E+01
1.746590000E-02 4.306614627E-01 1.075392149E-01 7.098403174E+01
1.831040000E-02 4.770431105E-01 9.608762409E-02 6.771015379E+01
1.901180000E-02 5.115917750E-01 8.723955511E-02 6.521213141E+01
1.971360000E-02 5.428307970E-01 7.918257821E-02 6.289059330E+01
2.036590000E-02 5.700418230E-01 7.227063666E-02 6.087626866E+01
2.105400000E-02 5.966697662E-01 6.544833908E-02 5.888667237E+01
2.181800000E-02 6.236941140E-01 5.857496065E-02 5.682464021E+01
2.264640000E-02 6.505947805E-01 5.185930468E-02 5.474600820E+01
2.320340000E-02 6.676957118E-01 4.777770675E-02 5.343182465E+01
2.398830000E-02 6.901742183E-01 4.256576908E-02 5.168352905E+01
2.458770000E-02 7.060834402E-01 3.897688238E-02 5.042358578E+01
2.500000000E-02 7.167667468E-01 3.668693531E-02 4.959200000E+01
2.540970000E-02 7.269258612E-01 3.454710496E-02 4.879239031E+01
2.576640000E-02 7.355440171E-01 3.279266764E-02 4.811692747E+01
2.636490000E-02 7.494533184E-01 3.004662372E-02 4.702464261E+01
2.663570000E-02 7.556428847E-01 2.889068700E-02 4.654655218E+01
2.689410000E-02 7.613605971E-01 2.782514140E-02 4.609933034E+01
2.702330000E-02 7.641572545E-01 2.730563417E-02 4.587892670E+01
2.715250000E-02 7.669116153E-01 2.679475964E-02 4.566062057E+01
2.728170000E-02 7.696890043E-01 2.629626918E-02 4.544438213E+01
2.734630000E-02 7.710884575E-01 2.605282536E-02 4.533702914E+01
2.740320000E-02 7.723549706E-01 2.584020415E-02 4.524289134E+01
2.746810000E-02 7.737946098E-01 2.559939229E-02 4.513599412E+01
2.754020000E-02 7.753765113E-01 2.533420287E-02 4.501782848E+01
2.759780000E-02 7.766338114E-01 2.512390025E-02 4.492387074E+01
2.766270000E-02 7.780379996E-01 2.488899602E-02 4.481847397E+01
2.780410000E-02 7.810620809E-01 2.438376624E-02 4.459054600E+01
2.787260000E-02 7.825076629E-01 2.414278056E-02 4.448095980E+01
2.792100000E-02 7.835261090E-01 2.397510595E-02 4.440385373E+01
2.800940000E-02 7.853719408E-01 2.367129137E-02 4.426371147E+01
2.805840000E-02 7.863860526E-01 2.350448066E-02 4.418641120E+01
2.812710000E-02 7.878002875E-01 2.327218320E-02 4.407848658E+01
2.819590000E-02 7.892021617E-01 2.304201953E-02 4.397093194E+01
2.826460000E-02 7.906619809E-01 2.281544294E-02 4.386405610E+01
2.831080000E-02 7.916493526E-01 2.266421384E-02 4.379247496E+01
2.838040000E-02 7.931287111E-01 2.243783940E-02 4.368507843E+01
2.845030000E-02 7.946004366E-01 2.221262826E-02 4.357774786E+01
2.851980000E-02 7.960853109E-01 2.199099605E-02 4.347155310E+01
2.858950000E-02 7.975661314E-01 2.177271127E-02 4.336557128E+01
2.865920000E-02 7.990349762E-01 2.155628727E-02 4.326010496E+01
2.871070000E-02 8.001148681E-01 2.139748598E-02 4.318250687E+01
2.876220000E-02 8.011857980E-01 2.123968282E-02 4.310518667E+01
2.882270000E-02 8.024366465E-01 2.105573588E-02 4.301470716E+01
2.885290000E-02 8.030581116E-01 2.096466924E-02 4.296968416E+01
2.888310000E-02 8.036924233E-01 2.087436259E-02 4.292475531E+01
2.892420000E-02 8.045867361E-01 2.075203385E-02 4.286376114E+01
2.895530000E-02 8.052602256E-01 2.065982841E-02 4.281772249E+01
2.898150000E-02 8.058258852E-01 2.058258042E-02 4.277901420E+01
2.899450000E-02 8.061042474E-01 2.054416533E-02 4.275983376E+01
2.900110000E-02 8.062470886E-01 2.052486378E-02 4.275010258E+01
2.900600000E-02 8.063522393E-01 2.051043745E-02 4.274288078E+01
2.900760000E-02 8.063860043E-01 2.050569425E-02 4.274052317E+01
2.907740000E-02 8.078797681E-01 2.030143114E-02 4.263792499E+01
2.908750000E-02 8.080945761E-01 2.027206420E-02 4.262311990E+01
2.912270000E-02 8.088436842E-01 2.016973295E-02 4.257160222E+01
2.916530000E-02 8.097427877E-01 2.004663633E-02 4.250942044E+01
2.919240000E-02 8.103138550E-01 1.996960791E-02 4.246995793E+01
2.922670000E-02 8.110373881E-01 1.987230329E-02 4.242011585E+01
2.925920000E-02 8.117178232E-01 1.978053934E-02 4.237299721E+01
2.930800000E-02 8.127355467E-01 1.964347300E-02 4.230244302E+01
2.936730000E-02 8.139629995E-01 1.947803789E-02 4.221702370E+01
2.942810000E-02 8.152973398E-01 1.930949271E-02 4.212980111E+01
2.949690000E-02 8.168320797E-01 1.912084908E-02 4.203153552E+01
2.956640000E-02 8.183703154E-01 1.893259103E-02 4.193273446E+01
2.963620000E-02 8.199045526E-01 1.874493667E-02 4.183397332E+01
2.970440000E-02 8.213905950E-01 1.856310525E-02 4.173792435E+01
2.977590000E-02 8.230148387E-01 1.837414667E-02 4.163770029E+01
2.981980000E-02 8.240519790E-01 1.825896152E-02 4.157640226E+01
2.986690000E-02 8.251587092E-01 1.813753756E-02 4.151083641E+01
2.993500000E-02 8.267499344E-01 1.796314670E-02 4.141640220E+01
2.999260000E-02 8.280853298E-01 1.781678636E-02 4.133686309E+01
3.008880000E-02 8.302964534E-01 1.757445926E-02 4.120470075E+01
3.014070000E-02 8.314823635E-01 1.744593169E-02 4.113374938E+01
3.021450000E-02 8.331825654E-01 1.726443841E-02 4.103327872E+01
3.029670000E-02 8.350757488E-01 1.706416253E-02 4.092194860E+01
3.036600000E-02 8.368508329E-01 1.689688248E-02 4.082855826E+01
3.053000000E-02 8.410040508E-01 1.650797574E-02 4.060923682E+01
3.060520000E-02 8.429699477E-01 1.633369258E-02 4.050945591E+01
3.067180000E-02 8.448182137E-01 1.618052070E-02 4.042149466E+01
3.075020000E-02 8.469991965E-01 1.600271278E-02 4.031843695E+01
3.090000000E-02 8.512641590E-01 1.566853834E-02 4.012297735E+01
3.090580000E-02 8.514379846E-01 1.565581802E-02 4.011544759E+01
3.103940000E-02 8.556389048E-01 1.536370099E-02 3.994278240E+01
3.124020000E-02 8.627842786E-01 1.495984367E-02 3.968604554E+01
3.134300000E-02 8.670272382E-01 1.482033412E-02 3.955588170E+01
3.143400000E-02 8.712625680E-01 1.483220326E-02 3.944136922E+01
3.159700000E-02 8.805216620E-01 1.577075592E-02 3.923790233E+01
3.173070000E-02 8.896468850E-01 1.860730150E-02 3.907257010E+01
3.186840000E-02 8.994771993E-01 2.504047423E-02 3.890374164E+01
3.203390000E-02 9.085864579E-01 3.822380140E-02 3.870274927E+01
3.213400000E-02 9.107762756E-01 4.800785794E-02 3.858218709E+01
3.226640000E-02 9.092274657E-01 6.053447015E-02 3.842387127E+01
3.239410000E-02 9.039903462E-01 6.988388107E-02 3.827240146E+01
3.258240000E-02 8.942730848E-01 7.687669774E-02 3.805121784E+01
3.273860000E-02 8.877643257E-01 7.814607463E-02 3.786967066E+01
3.297820000E-02 8.826584359E-01 7.687763875E-02 3.759453215E+01
3.359870000E-02 8.863146240E-01 8.243391623E-02 3.690023721E+01
3.416630000E-02 8.723386789E-01 9.579775632E-02 3.628721869E+01
3.536530000E-02 8.542007428E-01 8.362120285E-02 3.505696262E+01
3.713320000E-02 8.523353295E-01 6.618850455E-02 3.338791163E+01
4.043500000E-02 8.649851108E-01 4.302202456E-02 3.066155558E+01
4.384040000E-02 8.823632378E-01 2.804965453E-02 2.827985146E+01
4.721350000E-02 8.985856199E-01 1.881312411E-02 2.625943851E+01
5.046360000E-02 9.122452998E-01 1.316119687E-02 2.456820362E+01
5.097860000E-02 9.142125927E-01 1.247045783E-02 2.432000879E+01
5.137260000E-02 9.156950589E-01 1.197548869E-02 2.413348750E+01
5.189810000E-02 9.176711325E-01 1.134958094E-02 2.388912118E+01
5.221090000E-02 9.188491467E-01 1.100671762E-02 2.374599940E+01
5.292050000E-02 9.215683213E-01 1.040861484E-02 2.342759422E+01
5.358390000E-02 9.238124122E-01 1.024953180E-02 2.313754691E+01
5.562530000E-02 9.294327081E-01 8.865249204E-03 2.228841912E+01
5.964510000E-02 9.394770961E-01 6.592316183E-03 2.078628420E+01
6.456540000E-02 9.493289768E-01 4.912076968E-03 1.920223525E+01
7.031780000E-02 9.583773816E-01 3.773614088E-03 1.763138210E+01
7.806250000E-02 9.672740466E-01 2.928000208E-03 1.588214572E+01
9.015710000E-02 9.766991381E-01 2.251555527E-03 1.375155146E+01
1.248100000E-01 9.899415295E-01 1.379291177E-03 9.933498918E+00
1.445560000E-01 9.940049960E-01 1.087295561E-03 8.576606990E+00
1.532730000E-01 9.955737729E-01 9.859388179E-04 8.088834955E+00
1.589950000E-01 9.966297541E-01 9.270260998E-04 7.797729488E+00
1.607630000E-01 9.969502080E-01 9.097364285E-04 7.711973526E+00
1.617650000E-01 9.971463681E-01 9.002720152E-04 7.664204247E+00
1.625410000E-01 9.973118905E-01 8.936636697E-04 7.627613956E+00
1.633330000E-01 9.974959453E-01 8.899080713E-04 7.590627736E+00
1.643210000E-01 9.977472103E-01 8.998712877E-04 7.544988163E+00
1.651200000E-01 9.979647939E-01 9.342395459E-04 7.508478682E+00
1.658440000E-01 9.981605640E-01 9.935443788E-04 7.475700055E+00
1.664690000E-01 9.983167084E-01 1.064018356E-03 7.447632893E+00
1.673800000E-01 9.985140153E-01 1.182417691E-03 7.407097622E+00
1.687000000E-01 9.987411448E-01 1.346074412E-03 7.349140486E+00
1.704500000E-01 9.990027986E-01 1.499732034E-03 7.273687298E+00
1.727630000E-01 9.994225582E-01 1.655111814E-03 7.176305112E+00
1.747490000E-01 9.998367045E-01 1.861814647E-03 7.094747323E+00
1.759350000E-01 1.000078359E+00 2.029350627E-03 7.046920738E+00
1.770000000E-01 1.000280294E+00 2.205479422E-03 7.004519774E+00
1.778280000E-01 1.000424554E+00 2.355886602E-03 6.971905437E+00
1.792000000E-01 1.000637062E+00 2.623381837E-03 6.918526786E+00
1.809750000E-01 1.000852911E+00 2.991638265E-03 6.850669982E+00
1.831290000E-01 1.001021180E+00 3.448261550E-03 6.770091029E+00
1.841330000E-01 1.001080011E+00 3.656663806E-03 6.733176563E+00
1.870000000E-01 1.001181392E+00 4.225462923E-03 6.629946524E+00
1.892500000E-01 1.001181966E+00 4.643295097E-03 6.551122853E+00
1.920000000E-01 1.001110357E+00 5.110200784E-03 6.457291667E+00
1.937500000E-01 1.001034285E+00 5.380568313E-03 6.398967742E+00
1.960000000E-01 1.000902604E+00 5.693326917E-03 6.325510204E+00
1.982500000E-01 1.000741230E+00 5.963724828E-03 6.253720050E+00
2.020000000E-01 1.000431131E+00 6.317081620E-03 6.137623762E+00
2.060000000E-01 1.000081897E+00 6.564537239E-03 6.018446602E+00
2.071330000E-01 9.999854048E-01 6.614253499E-03 5.985526208E+00
2.105000000E-01 9.997152867E-01 6.723029706E-03 5.889786223E+00
2.135000000E-01 9.994934007E-01 6.779537847E-03 5.807025761E+00
2.215000000E-01 9.989879595E-01 6.809788772E-03 5.597291196E+00
2.427350000E-01 9.980068246E-01 6.481017249E-03 5.107627660E+00
2.600160000E-01 9.975125757E-01 5.935542461E-03 4.768168113E+00
2.748940000E-01 9.973042474E-01 5.410481601E-03 4.510102076E+00
2.839920000E-01 9.972651914E-01 5.093493607E-03 4.365615933E+00
2.890610000E-01 9.972791031E-01 4.919992268E-03 4.289060095E+00
2.918530000E-01 9.973079024E-01 4.825990144E-03 4.248028973E+00
2.938810000E-01 9.973458476E-01 4.762369212E-03 4.218714378E+00
2.949220000E-01 9.973744626E-01 4.735288061E-03 4.203823384E+00
2.960220000E-01 9.974121374E-01 4.716335048E-03 4.188202228E+00
2.972250000E-01 9.974574034E-01 4.712990127E-03 4.171250736E+00
2.987500000E-01 9.975038988E-01 4.738829316E-03 4.149958159E+00
3.001100000E-01 9.975135387E-01 4.782050285E-03 4.131151911E+00
3.015670000E-01 9.974875406E-01 4.823653069E-03 4.111192538E+00
3.038860000E-01 9.974036388E-01 4.832136773E-03 4.079819406E+00
3.060890000E-01 9.973423607E-01 4.784730928E-03 4.050455913E+00
3.078550000E-01 9.973198847E-01 4.738340552E-03 4.027220607E+00
3.103080000E-01 9.973120594E-01 4.694873034E-03 3.995385230E+00
3.120470000E-01 9.972959115E-01 4.684105631E-03 3.973119434E+00
3.160190000E-01 9.972068082E-01 4.641817871E-03 3.923181834E+00
3.263040000E-01 9.970496904E-01 4.344127849E-03 3.799524370E+00
3.569660000E-01 9.970071227E-01 3.520746944E-03 3.473159909E+00
3.800860000E-01 9.971465596E-01 3.014902694E-03 3.261893361E+00
3.878860000E-01 9.972132321E-01 2.950861041E-03 3.196299944E+00
4.050420000E-01 9.972072012E-01 2.666765408E-03 3.060917139E+00
4.441200000E-01 9.974095823E-01 2.076543876E-03 2.791587859E+00
5.010480000E-01 9.977580830E-01 1.474177416E-03 2.474413629E+00
5.721370000E-01 9.981522539E-01 9.961419304E-04 2.166963507E+00
6.531310000E-01 9.985131727E-01 6.645752642E-04 1.898240935E+00
7.564260000E-01 9.988533822E-01 4.193373206E-04 1.639023513E+00
8.926090000E-01 9.991601033E-01 2.465396882E-04 1.388962020E+00
1.062420000E+00 9.994033125E-01 1.393124802E-04 1.166958453E+00
1.252370000E+00 9.995732508E-01 8.049636555E-05 9.899630301E-01
1.469110000E+00 9.996958775E-01 4.693097375E-05 8.439123006E-01
1.686690000E+00 9.997775616E-01 2.926923800E-05 7.350491199E-01
1.831520000E+00 9.998194621E-01 2.203140516E-05 6.769240849E-01
1.929850000E+00 9.998456957E-01 1.837859072E-05 6.424333497E-01
1.987870000E+00 9.998622915E-01 1.658122560E-05 6.236826352E-01
2.027400000E+00 9.998763193E-01 1.552081350E-05 6.115221466E-01
2.031080000E+00 9.998779429E-01 1.545930908E-05 6.104141639E-01
2.040840000E+00 9.998828727E-01 1.551456529E-05 6.074949531E-01
2.045780000E+00 9.998857469E-01 1.580121178E-05 6.060280187E-01
2.050850000E+00 9.998889726E-01 1.643875693E-05 6.045298291E-01
2.056610000E+00 9.998929227E-01 1.778539489E-05 6.028367070E-01
2.065760000E+00 9.998992003E-01 2.177892875E-05 6.001665247E-01
2.076380000E+00 9.999045415E-01 2.931941671E-05 5.970968705E-01
2.082800000E+00 9.999056680E-01 3.464277961E-05 5.952563856E-01
2.090230000E+00 9.999056471E-01 4.048411668E-05 5.931404678E-01
2.102230000E+00 9.999023575E-01 4.708159067E-05 5.897546891E-01
2.118010000E+00 9.998980485E-01 5.008935718E-05 5.853607868E-01
2.130640000E+00 9.998971491E-01 5.064861297E-05 5.818908872E-01
2.158540000E+00 9.998981564E-01 5.630100256E-05 5.743697129E-01
2.171690000E+00 9.998962677E-01 6.002845161E-05 5.708917939E-01
2.206180000E+00 9.998882978E-01 6.138089083E-05 5.619668386E-01
2.239870000E+00 9.998854616E-01 5.844911627E-05 5.535142665E-01
2.290500000E+00 9.998854618E-01 5.422271708E-05 5.412791967E-01
2.329280000E+00 9.998881475E-01 5.183516292E-05 5.322674818E-01
2.357270000E+00 9.998900421E-01 5.288560811E-05 5.259473883E-01
2.388950000E+00 9.998887996E-01 5.333267762E-05 5.189727705E-01
2.430780000E+00 9.998882168E-01 5.053968870E-05 5.100420441E-01
2.499700000E+00 9.998900095E-01 4.588813346E-05 4.959795175E-01
2.589850000E+00 9.998938905E-01 4.057848441E-05 4.787149835E-01
2.698780000E+00 9.998992865E-01 3.511489383E-05 4.593927627E-01
2.808260000E+00 9.999049644E-01 3.055089792E-05 4.414833384E-01
2.934270000E+00 9.999112895E-01 2.618055652E-05 4.225241713E-01
3.071000000E+00 9.999177628E-01 2.229946332E-05 4.037121459E-01
3.217860000E+00 9.999241703E-01 1.891391528E-05 3.852871163E-01
3.362940000E+00 9.999299241E-01 1.617973755E-05 3.686655129E-01
3.518710000E+00 9.999354945E-01 1.377723701E-05 3.523450355E-01
3.641250000E+00 9.999394770E-01 1.219330174E-05 3.404874700E-01
3.772530000E+00 9.999433845E-01 1.073977181E-05 3.286388710E-01
3.883720000E+00 9.999464289E-01 9.674968324E-06 3.192300166E-01
3.957920000E+00 9.999483356E-01 9.037487253E-06 3.132453410E-01
4.063190000E+00 9.999508843E-01 8.223835928E-06 3.051297134E-01
4.153000000E+00 9.999529201E-01 7.601681223E-06 2.985311823E-01
4.227560000E+00 9.999545188E-01 7.128372448E-06 2.932660920E-01
4.257080000E+00 9.999551312E-01 6.951073521E-06 2.912324880E-01
4.332300000E+00 9.999566400E-01 6.522286850E-06 2.861759343E-01
4.379320000E+00 9.999575468E-01 6.271794162E-06 2.831033128E-01
4.433410000E+00 9.999585568E-01 5.996989336E-06 2.796492993E-01
4.516530000E+00 9.999600445E-01 5.604778298E-06 2.745027709E-01
4.634530000E+00 9.999620277E-01 5.102260666E-06 2.675136422E-01
4.771140000E+00 9.999641510E-01 4.590628322E-06 2.598540391E-01
4.875490000E+00 9.999656589E-01 4.242028190E-06 2.542923891E-01
5.045850000E+00 9.999679290E-01 3.741578700E-06 2.457068680E-01
5.269110000E+00 9.999705880E-01 3.193160375E-06 2.352959039E-01
5.456010000E+00 9.999725722E-01 2.809698472E-06 2.272356539E-01
5.692090000E+00 9.999748098E-01 2.402968592E-06 2.178110325E-01
5.955010000E+00 9.999770012E-01 2.033564388E-06 2.081944447E-01
6.154960000E+00 9.999784852E-01 1.800293275E-06 2.014310410E-01
6.410250000E+00 9.999801832E-01 1.549240458E-06 1.934089934E-01
6.472760000E+00 9.999805689E-01 1.494242537E-06 1.915411664E-01
6.484480000E+00 9.999806399E-01 1.484214583E-06 1.911949763E-01
6.511710000E+00 9.999808036E-01 1.461406254E-06 1.903954568E-01
6.680810000E+00 9.999817756E-01 1.328922887E-06 1.855762999E-01
6.847350000E+00 9.999826632E-01 1.212519960E-06 1.810627469E-01
7.800000000E+00 9.999866950E-01 7.459122417E-07 1.589487179E-01
8.886890000E+00 9.999898014E-01 4.574062486E-07 1.395088721E-01
1.011580000E+01 9.999921713E-01 2.808107064E-07 1.225607466E-01
1.146110000E+01 9.999939388E-01 1.751106202E-07 1.081746080E-01
1.300990000E+01 9.999953337E-01 1.081646040E-07 9.529665870E-02
1.424190000E+01 9.999961385E-01 7.662881362E-08 8.705299153E-02
1.512880000E+01 9.999966076E-01 6.082829023E-08 8.194965893E-02
1.569250000E+01 9.999968727E-01 5.288952366E-08 7.900589454E-02
1.615110000E+01 9.999970785E-01 4.736272707E-08 7.676257345E-02
1.644670000E+01 9.999972135E-01 4.419760990E-08 7.538290356E-02
1.662220000E+01 9.999973026E-01 4.328896260E-08 7.458699811E-02
1.669420000E+01 9.999973447E-01 4.530748445E-08 7.426531370E-02
1.674270000E+01 9.999973756E-01 4.934750640E-08 7.405018306E-02
1.678350000E+01 9.999974030E-01 5.562466147E-08 7.387017011E-02
1.682570000E+01 9.999974318E-01 6.589431934E-08 7.368489870E-02
1.687140000E+01 9.999974619E-01 8.204666640E-08 7.348530650E-02
1.692790000E+01 9.999974945E-01 1.091237224E-07 7.324003568E-02
1.700110000E+01 9.999975214E-01 1.517026941E-07 7.292469311E-02
1.708280000E+01 9.999975334E-01 1.970258170E-07 7.257592432E-02
1.715330000E+01 9.999975298E-01 2.250746348E-07 7.227763754E-02
1.723980000E+01 9.999975214E-01 2.425380800E-07 7.191498741E-02
1.737460000E+01 9.999975184E-01 2.458765531E-07 7.135703844E-02
1.754350000E+01 9.999975343E-01 2.384718767E-07 7.067004874E-02
1.780680000E+01 9.999975767E-01 2.260994090E-07 6.962508705E-02
1.816460000E+01 9.999976450E-01 2.108550965E-07 6.825363619E-02
1.857660000E+01 9.999977280E-01 1.943451972E-07 6.673987705E-02
1.906750000E+01 9.999978267E-01 1.767893746E-07 6.502163367E-02
1.955450000E+01 9.999979217E-01 1.612976257E-07 6.340228592E-02
2.013340000E+01 9.999980292E-01 1.451913336E-07 6.157926629E-02
2.094020000E+01 9.999981679E-01 1.260531222E-07 5.920669335E-02
2.150690000E+01 9.999982577E-01 1.144345269E-07 5.764661574E-02
2.207840000E+01 9.999983425E-01 1.039203366E-07 5.615443148E-02
2.260610000E+01 9.999984158E-01 9.527321778E-08 5.484360416E-02
2.325580000E+01 9.999985000E-01 8.582981390E-08 5.331143199E-02
2.379060000E+01 9.999985647E-01 7.892687691E-08 5.211301943E-02
2.445990000E+01 9.999986402E-01 7.126220948E-08 5.068704287E-02
2.485680000E+01 9.999986823E-01 6.718068622E-08 4.987769946E-02
2.517780000E+01 9.999987149E-01 6.405285092E-08 4.924179237E-02
2.571680000E+01 9.999987672E-01 5.924385428E-08 4.820973060E-02
2.643380000E+01 9.999988321E-01 5.353678494E-08 4.690207235E-02
2.713840000E+01 9.999988911E-01 4.855139055E-08 4.568434396E-02
2.795160000E+01 9.999989539E-01 4.347521270E-08 4.435524263E-02
2.936490000E+01 9.999990513E-01 3.613992799E-08 4.222047410E-02
3.137120000E+01 9.999991681E-01 2.821911026E-08 3.952032437E-02
3.394280000E+01 9.999992890E-01 2.098900704E-08 3.652615577E-02
3.706310000E+01 9.999994036E-01 1.502404710E-08 3.345106049E-02
4.201090000E+01 9.999995360E-01 9.331169214E-09 2.951138871E-02
4.741980000E+01 9.999996361E-01 5.856314584E-09 2.614519673E-02
5.372330000E+01 9.999997168E-01 3.616594538E-09 2.307751013E-02
6.057310000E+01 9.999997774E-01 2.267809294E-09 2.046783143E-02
6.845660000E+01 9.999998259E-01 1.406251525E-09 1.811074462E-02
7.550250000E+01 9.999998570E-01 9.579269542E-10 1.642064832E-02
8.138540000E+01 9.999998770E-01 7.132981425E-10 1.523369056E-02
8.709640000E+01 9.999998926E-01 5.457214949E-10 1.423480190E-02
9.180020000E+01 9.999999034E-01 4.431560105E-10 1.350541720E-02
9.501900000E+01 9.999999098E-01 3.867693785E-10 1.304791673E-02
9.559310000E+01 9.999999109E-01 3.776264176E-10 1.296955533E-02
9.866410000E+01 9.999999164E-01 3.334153173E-10 1.256586742E-02
1.037930000E+02 9.999999245E-01 2.728699665E-10 1.194492885E-02
1.115750000E+02 9.999999347E-01 2.049271396E-10 1.111180820E-02
1.220480000E+02 9.999999454E-01 1.435545192E-10 1.015829837E-02
1.368550000E+02 9.999999566E-01 9.116104911E-11 9.059223265E-03
1.535760000E+02 9.999999656E-01 5.773069063E-11 8.072875970E-03
1.722050000E+02 9.999999726E-01 3.666818922E-11 7.199558666E-03
1.925870000E+02 9.999999781E-01 2.355960462E-11 6.437610015E-03
2.162330000E+02 9.999999826E-01 1.493698469E-11 5.733629927E-03
2.423570000E+02 9.999999862E-01 9.564081165E-12 5.115593938E-03
2.724170000E+02 9.999999891E-01 6.077086339E-12 4.551110981E-03
3.068300000E+02 9.999999914E-01 3.845440264E-12 4.040673989E-03
3.467370000E+02 9.999999933E-01 2.417396881E-12 3.575620715E-03
3.920790000E+02 9.999999947E-01 1.526712450E-12 3.162117838E-03
4.454000000E+02 9.999999959E-01 9.563870665E-13 2.783565335E-03
5.069910000E+02 9.999999968E-01 6.007887748E-13 2.445408301E-03
5.754400000E+02 9.999999976E-01 3.854646122E-13 2.154525233E-03
6.597990000E+02 9.999999981E-01 2.415963615E-13 1.879057107E-03
7.585780000E+02 9.999999986E-01 1.525614684E-13 1.634373789E-03
8.874110000E+02 9.999999990E-01 9.260874970E-14 1.397097850E-03
1.022000000E+03 9.999999992E-01 5.994944742E-14 1.213111546E-03
1.228710000E+03 9.999999995E-01 3.406913280E-14 1.009025726E-03
1.477240000E+03 9.999999996E-01 1.936110577E-14 8.392678238E-04
1.776030000E+03 9.999999997E-01 1.100286951E-14 6.980737938E-04
2.135260000E+03 9.999999998E-01 6.252823871E-15 5.806318668E-04
2.567150000E+03 9.999999999E-01 3.553454072E-15 4.829480163E-04
3.086390000E+03 9.999999999E-01 2.019407920E-15 4.016990724E-04
3.710660000E+03 9.999999999E-01 1.147615698E-15 3.341184587E-04
4.461190000E+03 1.000000000E+00 6.521841477E-16 2.779079125E-04
5.363530000E+03 1.000000000E+00 3.706326702E-16 2.311537364E-04
6.448380000E+03 1.000000000E+00 2.106281903E-16 1.922653442E-04
7.752660000E+03 1.000000000E+00 1.196987030E-16 1.599193051E-04
9.320750000E+03 1.000000000E+00 6.802403712E-17 1.330150471E-04
1.000000000E+04 0.000000000E+00 0.000000000E+00 1.239800000E-04
