# 11/08/2021 
# Data retrieved from www.chemicool.com/densities.html 
# Includes the real (n) and complex (k) part of the  refractive index. 
# Element, Yb  (Z = 70) 
# Nominal density, g cm-3 =  6.97 
#    E [keV]      n       k    Wavelength [nm] 
1.000000000E-03 -1.158156695E+03 5.649865992E-02 1.239800000E+03
1.125000000E-03 -1.021412911E+02 0.000000000E+00 1.102044444E+03
1.265630000E-03 -8.046761093E+01 0.000000000E+00 9.795911917E+02
1.343410000E-03 -7.129512204E+01 0.000000000E+00 9.228753694E+02
1.489260000E-03 -5.780853440E+01 0.000000000E+00 8.324939903E+02
1.616880000E-03 -4.887734364E+01 0.000000000E+00 7.667854139E+02
1.728540000E-03 -4.263034241E+01 0.000000000E+00 7.172527104E+02
1.826250000E-03 -3.807799878E+01 0.000000000E+00 6.788774812E+02
1.911740000E-03 -3.465426828E+01 0.000000000E+00 6.485191501E+02
2.000000000E-03 -3.157016885E+01 0.000000000E+00 6.199000000E+02
2.052000000E-03 -2.993161776E+01 0.000000000E+00 6.041910331E+02
2.109280000E-03 -2.826543843E+01 0.000000000E+00 5.877835091E+02
2.159390000E-03 -2.691542122E+01 0.000000000E+00 5.741436239E+02
2.203240000E-03 -2.580910435E+01 0.000000000E+00 5.627167263E+02
2.241610000E-03 -2.489384314E+01 0.000000000E+00 5.530846133E+02
2.275180000E-03 -2.413083687E+01 0.000000000E+00 5.449239181E+02
2.333940000E-03 -2.287368787E+01 0.000000000E+00 5.312047439E+02
2.378000000E-03 -2.199188901E+01 0.000000000E+00 5.213624895E+02
2.411050000E-03 -2.136184919E+01 0.000000000E+00 5.142157981E+02
2.435840000E-03 -2.090618552E+01 0.000000000E+00 5.089825276E+02
2.454430000E-03 -2.057338401E+01 0.000000000E+00 5.051274634E+02
2.468370000E-03 -2.032875605E+01 0.000000000E+00 5.022747805E+02
2.478820000E-03 -2.014821459E+01 0.000000000E+00 5.001573329E+02
2.494510000E-03 -1.988113351E+01 0.000000000E+00 4.970114371E+02
2.502350000E-03 -1.974969385E+01 0.000000000E+00 4.954542730E+02
2.506270000E-03 -1.968430392E+01 0.000000000E+00 4.946793442E+02
2.510190000E-03 -1.961922093E+01 0.000000000E+00 4.939068357E+02
2.516370000E-03 -1.951753887E+01 0.000000000E+00 4.926938407E+02
2.522550000E-03 -1.941634173E+01 0.000000000E+00 4.914867892E+02
2.528730000E-03 -1.931614907E+01 0.000000000E+00 4.902856375E+02
2.534910000E-03 -1.921642934E+01 0.000000000E+00 4.890903425E+02
2.541090000E-03 -1.911743818E+01 0.000000000E+00 4.879008614E+02
2.544850000E-03 -1.905777712E+01 0.000000000E+00 4.871799910E+02
2.548620000E-03 -1.899796591E+01 0.000000000E+00 4.864593388E+02
2.551720000E-03 -1.894914888E+01 0.000000000E+00 4.858683555E+02
2.554830000E-03 -1.890035396E+01 0.000000000E+00 4.852769069E+02
2.557940000E-03 -1.885148165E+01 0.000000000E+00 4.846868965E+02
2.561040000E-03 -1.880319750E+01 0.000000000E+00 4.841002093E+02
2.563420000E-03 -1.876618765E+01 0.000000000E+00 4.836507478E+02
2.565800000E-03 -1.872928097E+01 0.000000000E+00 4.832021202E+02
2.571980000E-03 -1.863382477E+01 0.000000000E+00 4.820410734E+02
2.572750000E-03 -1.862207409E+01 0.000000000E+00 4.818968030E+02
2.574100000E-03 -1.860149769E+01 0.000000000E+00 4.816440698E+02
2.576640000E-03 -1.856261934E+01 0.000000000E+00 4.811692747E+02
2.577020000E-03 -1.855659867E+01 0.000000000E+00 4.810983229E+02
2.577300000E-03 -1.855234961E+01 0.000000000E+00 4.810460560E+02
2.577730000E-03 -1.854582696E+01 0.000000000E+00 4.809658110E+02
2.577940000E-03 -1.854264267E+01 0.000000000E+00 4.809266313E+02
2.578350000E-03 -1.853642796E+01 0.000000000E+00 4.808501561E+02
2.579100000E-03 -1.852481587E+01 0.000000000E+00 4.807103253E+02
2.580410000E-03 -1.850499653E+01 0.000000000E+00 4.804662825E+02
2.584340000E-03 -1.844521847E+01 0.000000000E+00 4.797356385E+02
2.586280000E-03 -1.841580722E+01 0.000000000E+00 4.793757830E+02
2.589190000E-03 -1.837193932E+01 0.000000000E+00 4.788370108E+02
2.592100000E-03 -1.832821935E+01 0.000000000E+00 4.782994483E+02
2.594790000E-03 -1.828791691E+01 0.000000000E+00 4.778035987E+02
2.598830000E-03 -1.822750044E+01 0.000000000E+00 4.770608312E+02
2.600850000E-03 -1.819739802E+01 0.000000000E+00 4.766903128E+02
2.602870000E-03 -1.816761267E+01 0.000000000E+00 4.763203694E+02
2.605960000E-03 -1.812169140E+01 0.000000000E+00 4.757555757E+02
2.609050000E-03 -1.807617943E+01 0.000000000E+00 4.751921197E+02
2.615230000E-03 -1.798539535E+01 0.000000000E+00 4.740692023E+02
2.621410000E-03 -1.789549767E+01 0.000000000E+00 4.729515795E+02
2.625390000E-03 -1.783776604E+01 0.000000000E+00 4.722346013E+02
2.631570000E-03 -1.774890947E+01 0.000000000E+00 4.711256018E+02
2.632670000E-03 -1.773300388E+01 0.000000000E+00 4.709287529E+02
2.633770000E-03 -1.771735939E+01 0.000000000E+00 4.707320685E+02
2.634680000E-03 -1.770419103E+01 0.000000000E+00 4.705694809E+02
2.635590000E-03 -1.769127713E+01 0.000000000E+00 4.704070056E+02
2.637140000E-03 -1.766907124E+01 0.000000000E+00 4.701305202E+02
2.639470000E-03 -1.763588541E+01 0.000000000E+00 4.697155111E+02
2.640630000E-03 -1.761951592E+01 0.000000000E+00 4.695091702E+02
2.641800000E-03 -1.760278755E+01 0.000000000E+00 4.693012340E+02
2.642570000E-03 -1.759194806E+01 0.000000000E+00 4.691644876E+02
2.643250000E-03 -1.758238340E+01 0.000000000E+00 4.690437908E+02
2.644440000E-03 -1.756542386E+01 0.000000000E+00 4.688327207E+02
2.646230000E-03 -1.754007698E+01 0.000000000E+00 4.685155863E+02
2.648010000E-03 -1.751515998E+01 0.000000000E+00 4.682006488E+02
2.677560000E-03 -1.710571007E+01 0.000000000E+00 4.630335081E+02
2.684950000E-03 -1.700548378E+01 0.000000000E+00 4.617590644E+02
2.690490000E-03 -1.693094777E+01 0.000000000E+00 4.608082543E+02
2.698810000E-03 -1.681964333E+01 0.000000000E+00 4.593876560E+02
2.705040000E-03 -1.673719966E+01 0.000000000E+00 4.583296365E+02
2.707120000E-03 -1.670972540E+01 0.000000000E+00 4.579774816E+02
2.710450000E-03 -1.666578132E+01 0.000000000E+00 4.574148204E+02
2.720440000E-03 -1.653537118E+01 0.000000000E+00 4.557351017E+02
2.727110000E-03 -1.644902507E+01 0.000000000E+00 4.546204590E+02
2.733770000E-03 -1.636366263E+01 0.000000000E+00 4.535129144E+02
2.740430000E-03 -1.627870022E+01 0.000000000E+00 4.524107531E+02
2.743770000E-03 -1.623621473E+01 0.000000000E+00 4.518600320E+02
2.747100000E-03 -1.619423143E+01 0.000000000E+00 4.513122930E+02
2.750430000E-03 -1.615240079E+01 0.000000000E+00 4.507658802E+02
2.753760000E-03 -1.611050156E+01 0.000000000E+00 4.502207890E+02
2.757090000E-03 -1.606897458E+01 0.000000000E+00 4.496770145E+02
2.760420000E-03 -1.602737860E+01 0.000000000E+00 4.491345520E+02
2.765420000E-03 -1.596542445E+01 0.000000000E+00 4.483224971E+02
2.766250000E-03 -1.595524519E+01 0.000000000E+00 4.481879801E+02
2.767920000E-03 -1.593457351E+01 0.000000000E+00 4.479175699E+02
2.771560000E-03 -1.588990333E+01 0.000000000E+00 4.473293019E+02
2.772110000E-03 -1.588320191E+01 0.000000000E+00 4.472405496E+02
2.772320000E-03 -1.588064425E+01 0.000000000E+00 4.472066717E+02
2.772400000E-03 -1.587945249E+01 0.000000000E+00 4.471937671E+02
2.772740000E-03 -1.587531315E+01 0.000000000E+00 4.471389312E+02
2.773250000E-03 -1.586910698E+01 0.000000000E+00 4.470567024E+02
2.773500000E-03 -1.586606600E+01 0.000000000E+00 4.470164053E+02
2.774170000E-03 -1.585792021E+01 0.000000000E+00 4.469084447E+02
2.780410000E-03 -1.578168863E+01 0.000000000E+00 4.459054600E+02
2.782080000E-03 -1.576133153E+01 0.000000000E+00 4.456377962E+02
2.787080000E-03 -1.570081552E+01 0.000000000E+00 4.448383254E+02
2.789730000E-03 -1.566888709E+01 0.000000000E+00 4.444157678E+02
2.793710000E-03 -1.562121272E+01 0.000000000E+00 4.437826403E+02
2.797690000E-03 -1.557352831E+01 0.000000000E+00 4.431513141E+02
2.802380000E-03 -1.551767471E+01 0.000000000E+00 4.424096661E+02
2.807070000E-03 -1.546210153E+01 0.000000000E+00 4.416704963E+02
2.813730000E-03 -1.538362968E+01 0.000000000E+00 4.406250777E+02
2.820390000E-03 -1.530571458E+01 0.000000000E+00 4.395845965E+02
2.827060000E-03 -1.522844538E+01 0.000000000E+00 4.385474663E+02
2.833720000E-03 -1.515162791E+01 0.000000000E+00 4.375167624E+02
2.840380000E-03 -1.507535162E+01 0.000000000E+00 4.364908921E+02
2.843080000E-03 -1.504462654E+01 0.000000000E+00 4.360763679E+02
2.845770000E-03 -1.501410162E+01 0.000000000E+00 4.356641612E+02
2.852640000E-03 -1.493644464E+01 0.000000000E+00 4.346149532E+02
2.859510000E-03 -1.485934819E+01 0.000000000E+00 4.335707866E+02
2.866380000E-03 -1.478280688E+01 0.000000000E+00 4.325316253E+02
2.873250000E-03 -1.470681540E+01 0.000000000E+00 4.314974332E+02
2.880120000E-03 -1.463136852E+01 0.000000000E+00 4.304681749E+02
2.893860000E-03 -1.448228754E+01 0.000000000E+00 4.284243191E+02
2.900730000E-03 -1.440844262E+01 0.000000000E+00 4.274096521E+02
2.907590000E-03 -1.433522741E+01 0.000000000E+00 4.264012464E+02
2.914460000E-03 -1.426242525E+01 0.000000000E+00 4.253961283E+02
2.921330000E-03 -1.419013750E+01 0.000000000E+00 4.243957376E+02
2.928200000E-03 -1.411835931E+01 0.000000000E+00 4.234000410E+02
2.947390000E-03 -1.392059365E+01 0.000000000E+00 4.206433489E+02
2.984560000E-03 -1.354844692E+01 0.000000000E+00 4.154046158E+02
3.019410000E-03 -1.321179766E+01 0.000000000E+00 4.106100198E+02
3.052080000E-03 -1.290666168E+01 0.000000000E+00 4.062147781E+02
3.113330000E-03 -1.236054662E+01 0.000000000E+00 3.982231244E+02
3.166930000E-03 -1.190828692E+01 0.000000000E+00 3.914832346E+02
3.260730000E-03 -1.117018082E+01 0.000000000E+00 3.802216068E+02
3.331080000E-03 -1.065703708E+01 0.000000000E+00 3.721916015E+02
3.436600000E-03 -9.945943955E+00 0.000000000E+00 3.607635454E+02
3.542130000E-03 -9.297574579E+00 0.000000000E+00 3.500153862E+02
3.550840000E-03 -9.246587352E+00 0.000000000E+00 3.491568192E+02
3.559560000E-03 -9.196049946E+00 0.000000000E+00 3.483014755E+02
3.568280000E-03 -9.145752218E+00 0.000000000E+00 3.474503122E+02
3.577000000E-03 -9.095823171E+00 0.000000000E+00 3.466032989E+02
3.585720000E-03 -9.046389269E+00 0.000000000E+00 3.457604052E+02
3.594440000E-03 -8.997186219E+00 0.000000000E+00 3.449216011E+02
3.603150000E-03 -8.948396447E+00 0.000000000E+00 3.440878121E+02
3.611870000E-03 -8.900033816E+00 0.000000000E+00 3.432570940E+02
3.620590000E-03 -8.851893562E+00 0.000000000E+00 3.424303774E+02
3.629310000E-03 -8.804101107E+00 0.000000000E+00 3.416076334E+02
3.638030000E-03 -8.756779464E+00 0.000000000E+00 3.407888335E+02
3.646750000E-03 -8.709672042E+00 0.000000000E+00 3.399739494E+02
3.655470000E-03 -8.662902538E+00 0.000000000E+00 3.391629531E+02
3.672900000E-03 -8.570540503E+00 0.000000000E+00 3.375534319E+02
3.681620000E-03 -8.524764626E+00 0.000000000E+00 3.367539290E+02
3.690340000E-03 -8.479436813E+00 0.000000000E+00 3.359582044E+02
3.699060000E-03 -8.434307839E+00 0.000000000E+00 3.351662314E+02
3.707780000E-03 -8.389498046E+00 0.000000000E+00 3.343779836E+02
3.716490000E-03 -8.345175789E+00 0.000000000E+00 3.335943323E+02
3.925410000E-03 -7.367350586E+00 0.000000000E+00 3.158396193E+02
4.029860000E-03 -6.932737633E+00 0.000000000E+00 3.076533676E+02
4.082090000E-03 -6.725318792E+00 0.000000000E+00 3.037169685E+02
4.108200000E-03 -6.624658800E+00 0.000000000E+00 3.017866706E+02
4.121260000E-03 -6.574934482E+00 0.000000000E+00 3.008303286E+02
4.134320000E-03 -6.525783135E+00 0.000000000E+00 2.998800286E+02
4.144500000E-03 -6.487786991E+00 0.000000000E+00 2.991434431E+02
4.154670000E-03 -6.450108289E+00 0.000000000E+00 2.984111855E+02
4.164850000E-03 -6.412672271E+00 0.000000000E+00 2.976817893E+02
4.175020000E-03 -6.375547673E+00 0.000000000E+00 2.969566613E+02
4.185200000E-03 -6.338660875E+00 0.000000000E+00 2.962343496E+02
4.189850000E-03 -6.321904372E+00 0.000000000E+00 2.959055813E+02
4.192170000E-03 -6.313517091E+00 0.000000000E+00 2.957418234E+02
4.193340000E-03 -6.309341420E+00 0.000000000E+00 2.956593074E+02
4.193920000E-03 -6.307319859E+00 0.000000000E+00 2.956184190E+02
4.194210000E-03 -6.306214338E+00 0.000000000E+00 2.955979791E+02
4.194500000E-03 -6.305204096E+00 0.000000000E+00 2.955775420E+02
4.194680000E-03 -6.304577154E+00 0.000000000E+00 2.955648583E+02
4.195040000E-03 -6.303228497E+00 0.000000000E+00 2.955394943E+02
4.195720000E-03 -6.300861420E+00 0.000000000E+00 2.954915962E+02
4.196980000E-03 -6.296288541E+00 0.000000000E+00 2.954028849E+02
4.198620000E-03 -6.290400009E+00 0.000000000E+00 2.952874992E+02
4.201210000E-03 -6.281224392E+00 0.000000000E+00 2.951054577E+02
4.203680000E-03 -6.272386403E+00 0.000000000E+00 2.949320595E+02
4.206150000E-03 -6.263564148E+00 0.000000000E+00 2.947588650E+02
4.216500000E-03 -6.226914389E+00 0.000000000E+00 2.940353374E+02
4.219090000E-03 -6.217762423E+00 0.000000000E+00 2.938548360E+02
4.226860000E-03 -6.190502028E+00 0.000000000E+00 2.933146591E+02
4.229440000E-03 -6.181451706E+00 0.000000000E+00 2.931357343E+02
4.237210000E-03 -6.154392711E+00 0.000000000E+00 2.925981955E+02
4.239150000E-03 -6.147659845E+00 0.000000000E+00 2.924642912E+02
4.242790000E-03 -6.135029204E+00 0.000000000E+00 2.922133785E+02
4.245980000E-03 -6.123941132E+00 0.000000000E+00 2.919938389E+02
4.248760000E-03 -6.114343769E+00 0.000000000E+00 2.918027848E+02
4.252270000E-03 -6.102233746E+00 0.000000000E+00 2.915619187E+02
4.254640000E-03 -6.094138755E+00 0.000000000E+00 2.913995074E+02
4.255890000E-03 -6.089787469E+00 0.000000000E+00 2.913139202E+02
4.257440000E-03 -6.084533817E+00 0.000000000E+00 2.912078620E+02
4.258790000E-03 -6.079858660E+00 0.000000000E+00 2.911155516E+02
4.261160000E-03 -6.071801214E+00 0.000000000E+00 2.909536370E+02
4.262940000E-03 -6.065712719E+00 0.000000000E+00 2.908321487E+02
4.265600000E-03 -6.056627493E+00 0.000000000E+00 2.906507877E+02
4.268270000E-03 -6.047526396E+00 0.000000000E+00 2.904689722E+02
4.273440000E-03 -6.029935143E+00 0.000000000E+00 2.901175634E+02
4.276030000E-03 -6.021238719E+00 0.000000000E+00 2.899418386E+02
4.283800000E-03 -5.994971309E+00 0.000000000E+00 2.894159391E+02
4.288970000E-03 -5.977572320E+00 0.000000000E+00 2.890670720E+02
4.299330000E-03 -5.942990295E+00 0.000000000E+00 2.883705135E+02
4.309680000E-03 -5.908691819E+00 0.000000000E+00 2.876779715E+02
4.320030000E-03 -5.874641931E+00 0.000000000E+00 2.869887478E+02
4.330390000E-03 -5.840806653E+00 0.000000000E+00 2.863021575E+02
4.340740000E-03 -5.807158309E+00 0.000000000E+00 2.856195027E+02
4.349360000E-03 -5.779407238E+00 0.000000000E+00 2.850534331E+02
4.359690000E-03 -5.746350804E+00 0.000000000E+00 2.843780177E+02
4.370010000E-03 -5.713561521E+00 0.000000000E+00 2.837064446E+02
4.380330000E-03 -5.680918831E+00 0.000000000E+00 2.830380359E+02
4.392500000E-03 -5.642822678E+00 0.000000000E+00 2.822538418E+02
4.400980000E-03 -5.616470954E+00 0.000000000E+00 2.817099828E+02
4.411140000E-03 -5.585081825E+00 0.000000000E+00 2.810611316E+02
4.413210000E-03 -5.578734140E+00 0.000000000E+00 2.809293009E+02
4.421560000E-03 -5.553140258E+00 0.000000000E+00 2.803987733E+02
4.431980000E-03 -5.521340794E+00 0.000000000E+00 2.797395295E+02
4.442400000E-03 -5.489851963E+00 0.000000000E+00 2.790833784E+02
4.476010000E-03 -5.389749550E+00 0.000000000E+00 2.769877637E+02
4.534820000E-03 -5.219888555E+00 0.000000000E+00 2.733956364E+02
4.711240000E-03 -4.747639607E+00 0.000000000E+00 2.631578947E+02
4.722830000E-03 -4.718039951E+00 0.000000000E+00 2.625120955E+02
4.734430000E-03 -4.688711463E+00 0.000000000E+00 2.618689050E+02
4.737400000E-03 -4.681208349E+00 0.000000000E+00 2.617047326E+02
4.746030000E-03 -4.659526800E+00 0.000000000E+00 2.612288586E+02
4.757620000E-03 -4.630582458E+00 0.000000000E+00 2.605924811E+02
4.760720000E-03 -4.622883096E+00 0.000000000E+00 2.604227932E+02
4.772380000E-03 -4.594119135E+00 0.000000000E+00 2.597865216E+02
4.784040000E-03 -4.565495390E+00 0.000000000E+00 2.591533516E+02
4.795700000E-03 -4.537083539E+00 0.000000000E+00 2.585232604E+02
4.807360000E-03 -4.508953880E+00 0.000000000E+00 2.578962258E+02
4.819020000E-03 -4.480959300E+00 0.000000000E+00 2.572722255E+02
4.830680000E-03 -4.453170485E+00 0.000000000E+00 2.566512375E+02
4.842340000E-03 -4.425585444E+00 0.000000000E+00 2.560332401E+02
4.854000000E-03 -4.398273181E+00 0.000000000E+00 2.554182118E+02
4.865660000E-03 -4.371089455E+00 0.000000000E+00 2.548061311E+02
4.877320000E-03 -4.344103664E+00 0.000000000E+00 2.541969770E+02
4.892850000E-03 -4.308486668E+00 0.000000000E+00 2.533901509E+02
4.912300000E-03 -4.264384282E+00 0.000000000E+00 2.523868656E+02
4.923960000E-03 -4.238171105E+00 0.000000000E+00 2.517892103E+02
4.935620000E-03 -4.212215224E+00 0.000000000E+00 2.511943788E+02
4.943160000E-03 -4.195505322E+00 0.000000000E+00 2.508112220E+02
4.947280000E-03 -4.186377237E+00 0.000000000E+00 2.506023512E+02
4.965930000E-03 -4.145460283E+00 0.000000000E+00 2.496611914E+02
4.970600000E-03 -4.135322477E+00 0.000000000E+00 2.494266286E+02
4.978030000E-03 -4.119194616E+00 0.000000000E+00 2.490543448E+02
4.983330000E-03 -4.107705379E+00 0.000000000E+00 2.487894641E+02
4.997020000E-03 -4.078283934E+00 0.000000000E+00 2.481078723E+02
5.007860000E-03 -4.055189310E+00 0.000000000E+00 2.475708187E+02
5.021620000E-03 -4.026064389E+00 0.000000000E+00 2.468924371E+02
5.033920000E-03 -4.000212979E+00 0.000000000E+00 2.462891742E+02
5.046220000E-03 -3.973896899E+00 0.000000000E+00 2.456888522E+02
5.058520000E-03 -3.947319890E+00 0.000000000E+00 2.450914497E+02
5.070820000E-03 -3.920876867E+00 0.000000000E+00 2.444969453E+02
5.083120000E-03 -3.894696260E+00 0.000000000E+00 2.439053180E+02
5.095420000E-03 -3.868646386E+00 0.000000000E+00 2.433165470E+02
5.107720000E-03 -3.842854464E+00 0.000000000E+00 2.427306117E+02
5.120020000E-03 -3.817253890E+00 0.000000000E+00 2.421474916E+02
5.133300000E-03 -3.789759517E+00 0.000000000E+00 2.415210488E+02
5.145940000E-03 -3.763858551E+00 0.000000000E+00 2.409277994E+02
5.171210000E-03 -3.712598468E+00 0.000000000E+00 2.397504646E+02
5.181520000E-03 -3.691932399E+00 0.000000000E+00 2.392734178E+02
5.193820000E-03 -3.667380249E+00 0.000000000E+00 2.387067707E+02
5.206120000E-03 -3.643069174E+00 0.000000000E+00 2.381428012E+02
5.218420000E-03 -3.618873765E+00 0.000000000E+00 2.375814902E+02
5.243020000E-03 -3.571130838E+00 0.000000000E+00 2.364667692E+02
5.255590000E-03 -3.546929981E+00 0.000000000E+00 2.359012023E+02
5.268460000E-03 -3.522392704E+00 0.000000000E+00 2.353249337E+02
5.281330000E-03 -3.498040307E+00 0.000000000E+00 2.347514736E+02
5.331160000E-03 -3.405404317E+00 0.000000000E+00 2.325572671E+02
5.467570000E-03 -3.147883372E+00 2.285945111E-04 2.267552130E+02
5.527050000E-03 -3.016500081E+00 8.045918826E-03 2.243149601E+02
5.568250000E-03 -2.917049004E+00 3.882310732E-02 2.226552328E+02
5.638690000E-03 -2.815218995E+00 1.448837579E-01 2.198737650E+02
5.751980000E-03 -2.764918775E+00 1.832012812E-01 2.155431695E+02
6.008760000E-03 -2.515779642E+00 1.470217439E-01 2.063320885E+02
6.223820000E-03 -2.296476096E+00 1.226457814E-01 1.992024191E+02
6.302460000E-03 -2.219060868E+00 1.149724737E-01 1.967168376E+02
6.394670000E-03 -2.130860331E+00 1.066805459E-01 1.938802159E+02
6.457630000E-03 -2.072072906E+00 1.014521902E-01 1.919899406E+02
6.475330000E-03 -2.055819591E+00 1.000285093E-01 1.914651454E+02
6.506750000E-03 -2.027247705E+00 9.753587115E-02 1.905405925E+02
6.531310000E-03 -2.005229108E+00 9.561750504E-02 1.898240935E+02
6.538160000E-03 -1.999052634E+00 9.510782730E-02 1.896252157E+02
6.553870000E-03 -1.985003513E+00 9.394620572E-02 1.891706732E+02
6.569570000E-03 -1.971024616E+00 9.279448945E-02 1.887185919E+02
6.578020000E-03 -1.963551059E+00 9.217944224E-02 1.884761676E+02
6.583760000E-03 -1.958462970E+00 9.176261974E-02 1.883118461E+02
6.591300000E-03 -1.951852240E+00 9.121793460E-02 1.880964301E+02
6.600990000E-03 -1.943345699E+00 9.052088056E-02 1.878203118E+02
6.610400000E-03 -1.935163215E+00 8.984699153E-02 1.875529469E+02
6.618500000E-03 -1.928097779E+00 8.927027747E-02 1.873234116E+02
6.626590000E-03 -1.921104997E+00 8.869638079E-02 1.870947199E+02
6.634690000E-03 -1.914128808E+00 8.812475037E-02 1.868663042E+02
6.642780000E-03 -1.907186693E+00 8.755590629E-02 1.866387266E+02
6.650880000E-03 -1.900223181E+00 8.698930574E-02 1.864114222E+02
6.658980000E-03 -1.893284931E+00 8.643953185E-02 1.861846709E+02
6.661720000E-03 -1.890943056E+00 8.625690540E-02 1.861080922E+02
6.666170000E-03 -1.887122278E+00 8.596115606E-02 1.859838558E+02
6.687020000E-03 -1.869370739E+00 8.458564933E-02 1.854039617E+02
6.694510000E-03 -1.863028296E+00 8.409499646E-02 1.851965267E+02
6.710910000E-03 -1.849200683E+00 8.302838500E-02 1.847439468E+02
6.727310000E-03 -1.835473712E+00 8.197079264E-02 1.842935735E+02
6.743710000E-03 -1.821883178E+00 8.092286120E-02 1.838453907E+02
6.750860000E-03 -1.815982278E+00 8.046864012E-02 1.836506756E+02
6.761580000E-03 -1.807133432E+00 7.979891622E-02 1.833595106E+02
6.772310000E-03 -1.798318194E+00 7.915393942E-02 1.830689971E+02
6.782600000E-03 -1.789870232E+00 7.853845837E-02 1.827912600E+02
6.787750000E-03 -1.785638377E+00 7.823204660E-02 1.826525726E+02
6.792900000E-03 -1.781452386E+00 7.792611112E-02 1.825140956E+02
6.801090000E-03 -1.774793617E+00 7.744137246E-02 1.822943087E+02
6.805190000E-03 -1.771487211E+00 7.719931877E-02 1.821844798E+02
6.807240000E-03 -1.769818194E+00 7.707848946E-02 1.821296149E+02
6.808270000E-03 -1.768980187E+00 7.701837184E-02 1.821020612E+02
6.808780000E-03 -1.768565390E+00 7.698807763E-02 1.820884211E+02
6.809290000E-03 -1.768150687E+00 7.695815234E-02 1.820747831E+02
6.809550000E-03 -1.767939306E+00 7.694289944E-02 1.820678312E+02
6.810540000E-03 -1.767134654E+00 7.688447980E-02 1.820413653E+02
6.811020000E-03 -1.766744645E+00 7.685670140E-02 1.820285361E+02
6.811930000E-03 -1.766005481E+00 7.680301407E-02 1.820042191E+02
6.818810000E-03 -1.760462607E+00 7.639995207E-02 1.818205816E+02
6.823970000E-03 -1.756325404E+00 7.609843990E-02 1.816830965E+02
6.825690000E-03 -1.754936450E+00 7.599799935E-02 1.816373143E+02
6.842090000E-03 -1.741816948E+00 7.504651394E-02 1.812019427E+02
6.850290000E-03 -1.735292439E+00 7.457368118E-02 1.809850386E+02
6.858480000E-03 -1.728799232E+00 7.410310985E-02 1.807689167E+02
6.865280000E-03 -1.723431686E+00 7.371477112E-02 1.805898667E+02
6.876860000E-03 -1.714338113E+00 7.305548581E-02 1.802857700E+02
6.885650000E-03 -1.707412460E+00 7.258057761E-02 1.800556229E+02
6.896660000E-03 -1.698774998E+00 7.198831043E-02 1.797681776E+02
6.907670000E-03 -1.690178807E+00 7.139944756E-02 1.794816487E+02
6.924070000E-03 -1.677450258E+00 7.052866411E-02 1.790565376E+02
6.940470000E-03 -1.664811832E+00 6.966565121E-02 1.786334355E+02
6.956870000E-03 -1.652262680E+00 6.880963710E-02 1.782123282E+02
6.973260000E-03 -1.639809539E+00 6.796143457E-02 1.777934567E+02
6.989660000E-03 -1.627436379E+00 6.711988741E-02 1.773762958E+02
7.002280000E-03 -1.617974214E+00 6.648050903E-02 1.770566158E+02
7.027120000E-03 -1.599396905E+00 6.528665044E-02 1.764307426E+02
7.561740000E-03 -1.241117969E+00 4.436175353E-02 1.639569729E+02
7.797160000E-03 -1.105105623E+00 3.771801147E-02 1.590066127E+02
7.800300000E-03 -1.103383666E+00 3.763598220E-02 1.589426048E+02
7.804860000E-03 -1.100871670E+00 3.751872243E-02 1.588497423E+02
7.807790000E-03 -1.099240333E+00 3.744585675E-02 1.587901314E+02
7.809260000E-03 -1.098450092E+00 3.740927591E-02 1.587602410E+02
7.810730000E-03 -1.097632892E+00 3.737272003E-02 1.587303620E+02
7.815190000E-03 -1.095184648E+00 3.726190318E-02 1.586397772E+02
7.825370000E-03 -1.089600415E+00 3.700991156E-02 1.584334031E+02
7.835550000E-03 -1.084038114E+00 3.675883056E-02 1.582275654E+02
7.842360000E-03 -1.080338721E+00 3.659169886E-02 1.580901667E+02
7.849180000E-03 -1.076643736E+00 3.642472740E-02 1.579528053E+02
7.868400000E-03 -1.066267878E+00 3.595718276E-02 1.575669768E+02
7.887630000E-03 -1.055963155E+00 3.549366711E-02 1.571828293E+02
7.897240000E-03 -1.050828410E+00 3.526335195E-02 1.569915565E+02
7.906850000E-03 -1.045739289E+00 3.503431845E-02 1.568007487E+02
7.913020000E-03 -1.042470175E+00 3.488783686E-02 1.566784868E+02
7.922260000E-03 -1.037575332E+00 3.467275133E-02 1.564957474E+02
7.931500000E-03 -1.032724323E+00 3.446388914E-02 1.563134338E+02
7.939760000E-03 -1.028390992E+00 3.427815518E-02 1.561508156E+02
7.945950000E-03 -1.025152483E+00 3.413922303E-02 1.560291721E+02
7.955240000E-03 -1.020293249E+00 3.393191098E-02 1.558469638E+02
7.959890000E-03 -1.017880728E+00 3.382840843E-02 1.557559213E+02
7.962210000E-03 -1.016678597E+00 3.377678156E-02 1.557105377E+02
7.969340000E-03 -1.012966331E+00 3.361842294E-02 1.555712267E+02
7.972940000E-03 -1.011122618E+00 3.353861520E-02 1.555009821E+02
7.975640000E-03 -1.009708617E+00 3.347910781E-02 1.554483402E+02
7.978430000E-03 -1.008277031E+00 3.341734311E-02 1.553939810E+02
7.979100000E-03 -1.007939779E+00 3.340280104E-02 1.553809327E+02
7.980260000E-03 -1.007329820E+00 3.337707371E-02 1.553583467E+02
7.982010000E-03 -1.006423485E+00 3.333855582E-02 1.553242855E+02
7.982880000E-03 -1.005986174E+00 3.331948125E-02 1.553073577E+02
7.985100000E-03 -1.004844703E+00 3.327053488E-02 1.552641795E+02
7.990130000E-03 -1.002242714E+00 3.316003314E-02 1.551664366E+02
8.001450000E-03 -9.963985693E-01 3.291217208E-02 1.549469159E+02
8.005220000E-03 -9.943881624E-01 3.283003505E-02 1.548739448E+02
8.024930000E-03 -9.838503502E-01 3.240229183E-02 1.544935594E+02
8.034780000E-03 -9.786007093E-01 3.219001466E-02 1.543041627E+02
8.044630000E-03 -9.733966519E-01 3.197842092E-02 1.541152297E+02
8.052920000E-03 -9.690263202E-01 3.180147695E-02 1.539565772E+02
8.065350000E-03 -9.624991055E-01 3.153695086E-02 1.537193054E+02
8.077790000E-03 -9.559978678E-01 3.127382367E-02 1.534825738E+02
8.088450000E-03 -9.504365726E-01 3.105035315E-02 1.532802947E+02
8.099110000E-03 -9.448977607E-01 3.083636266E-02 1.530785481E+02
8.118330000E-03 -9.349638459E-01 3.045304218E-02 1.527161374E+02
8.137560000E-03 -9.250972427E-01 3.007292095E-02 1.523552515E+02
8.157320000E-03 -9.150531851E-01 2.968539762E-02 1.519861915E+02
8.177200000E-03 -9.050026944E-01 2.929915401E-02 1.516166903E+02
8.195230000E-03 -8.959574204E-01 2.895176877E-02 1.512831245E+02
8.210530000E-03 -8.883273896E-01 2.865916650E-02 1.510012143E+02
8.232790000E-03 -8.773156277E-01 2.823695670E-02 1.505929339E+02
8.244520000E-03 -8.715346493E-01 2.802455478E-02 1.503786758E+02
8.264470000E-03 -8.617510114E-01 2.766588983E-02 1.500156695E+02
8.284420000E-03 -8.520641590E-01 2.731010688E-02 1.496544115E+02
8.304370000E-03 -8.424245437E-01 2.695766184E-02 1.492948893E+02
8.324320000E-03 -8.328800845E-01 2.661455207E-02 1.489370904E+02
8.348260000E-03 -8.214952160E-01 2.621523076E-02 1.485099889E+02
8.387610000E-03 -8.030182668E-01 2.556765709E-02 1.478132627E+02
8.404120000E-03 -7.953255436E-01 2.529920034E-02 1.475228816E+02
8.424060000E-03 -7.861295051E-01 2.497763050E-02 1.471736906E+02
8.435670000E-03 -7.807934086E-01 2.479166343E-02 1.469711357E+02
8.444010000E-03 -7.769725428E-01 2.465851944E-02 1.468259749E+02
8.463960000E-03 -7.678819644E-01 2.434470359E-02 1.464798983E+02
8.475430000E-03 -7.627044224E-01 2.417200392E-02 1.462816636E+02
8.503860000E-03 -7.498974462E-01 2.374773280E-02 1.457926165E+02
8.587960000E-03 -7.128450274E-01 2.252196789E-02 1.443649016E+02
8.626150000E-03 -6.963638897E-01 2.198701992E-02 1.437257641E+02
8.668610000E-03 -6.783178445E-01 2.141808531E-02 1.430217763E+02
8.689840000E-03 -6.693744035E-01 2.113740013E-02 1.426723622E+02
8.711080000E-03 -6.605163299E-01 2.085912354E-02 1.423244879E+02
8.734840000E-03 -6.506840071E-01 2.055858276E-02 1.419373452E+02
8.797790000E-03 -6.249860928E-01 1.978669830E-02 1.409217542E+02
8.818770000E-03 -6.165539900E-01 1.953383017E-02 1.405864990E+02
8.839760000E-03 -6.081798967E-01 1.928309324E-02 1.402526765E+02
8.860740000E-03 -5.998705269E-01 1.904072971E-02 1.399205935E+02
8.888990000E-03 -5.887652689E-01 1.872248264E-02 1.394759135E+02
8.944670000E-03 -5.672076337E-01 1.810581187E-02 1.386076848E+02
8.965860000E-03 -5.591220099E-01 1.787475658E-02 1.382800981E+02
8.987100000E-03 -5.510571643E-01 1.764521106E-02 1.379532886E+02
9.008510000E-03 -5.429927196E-01 1.741573546E-02 1.376254231E+02
9.052750000E-03 -5.265202936E-01 1.695871572E-02 1.369528596E+02
9.074870000E-03 -5.183768877E-01 1.673776144E-02 1.366190370E+02
9.096990000E-03 -5.102945366E-01 1.651875304E-02 1.362868377E+02
9.119100000E-03 -5.022558311E-01 1.630168574E-02 1.359563992E+02
9.207580000E-03 -4.707416505E-01 1.546437556E-02 1.346499297E+02
9.420620000E-03 -3.951199225E-01 1.368812334E-02 1.316049262E+02
9.496050000E-03 -3.670359316E-01 1.359154678E-02 1.305595484E+02
9.542900000E-03 -3.487617808E-01 1.464588709E-02 1.299185782E+02
9.565390000E-03 -3.398681857E-01 1.579743921E-02 1.296131156E+02
9.588370000E-03 -3.308888694E-01 1.754186504E-02 1.293024779E+02
9.616870000E-03 -3.202096956E-01 2.053506842E-02 1.289192845E+02
9.651650000E-03 -3.085040369E-01 2.518959577E-02 1.284547202E+02
9.688020000E-03 -2.981099681E-01 3.043235845E-02 1.279724856E+02
9.707270000E-03 -2.934990168E-01 3.299655833E-02 1.277187098E+02
9.730260000E-03 -2.885242318E-01 3.566199313E-02 1.274169447E+02
9.757850000E-03 -2.831623142E-01 3.809778335E-02 1.270566774E+02
9.780320000E-03 -2.790212118E-01 3.943038330E-02 1.267647684E+02
9.820110000E-03 -2.716078374E-01 4.058491124E-02 1.262511316E+02
9.843610000E-03 -2.669932248E-01 4.072909666E-02 1.259497278E+02
9.866980000E-03 -2.622180712E-01 4.065559286E-02 1.256514151E+02
9.892020000E-03 -2.569296805E-01 4.043328022E-02 1.253333495E+02
9.913710000E-03 -2.521332729E-01 4.015156787E-02 1.250591353E+02
9.960440000E-03 -2.411198379E-01 3.944551024E-02 1.244724129E+02
1.003140000E-02 -2.246866324E-01 3.839521712E-02 1.235919214E+02
1.008080000E-02 -2.134371479E-01 3.768447853E-02 1.229862709E+02
1.011580000E-02 -2.055777788E-01 3.719227221E-02 1.225607466E+02
1.013020000E-02 -2.021364799E-01 3.699568377E-02 1.223865274E+02
1.015480000E-02 -1.963191846E-01 3.666098112E-02 1.220900461E+02
1.022890000E-02 -1.790013133E-01 3.567306048E-02 1.212056037E+02
1.025360000E-02 -1.733279386E-01 3.535395972E-02 1.209136303E+02
1.027830000E-02 -1.676795874E-01 3.503751061E-02 1.206230602E+02
1.030300000E-02 -1.620718487E-01 3.472352852E-02 1.203338833E+02
1.033260000E-02 -1.554077031E-01 3.435069532E-02 1.199891605E+02
1.038940000E-02 -1.427312935E-01 3.365187344E-02 1.193331665E+02
1.042810000E-02 -1.340347300E-01 3.320465745E-02 1.188903060E+02
1.045370000E-02 -1.283342488E-01 3.291169995E-02 1.185991563E+02
1.057220000E-02 -1.024636882E-01 3.159710691E-02 1.172698209E+02
1.089050000E-02 -3.167203548E-02 2.878564061E-02 1.138423397E+02
1.104290000E-02 4.162864302E-03 3.304839276E-02 1.122712331E+02
1.112220000E-02 1.904261728E-02 3.845371325E-02 1.114707522E+02
1.127040000E-02 3.937893412E-02 4.304949933E-02 1.100049688E+02
1.202260000E-02 1.520159183E-01 3.572759694E-02 1.031224527E+02
1.337780000E-02 3.247244454E-01 2.707185025E-02 9.267592579E+01
1.462180000E-02 4.446648559E-01 2.260455956E-02 8.479120218E+01
1.500000000E-02 4.754072645E-01 2.164642720E-02 8.265333333E+01
1.560270000E-02 5.208124208E-01 2.039471684E-02 7.946060618E+01
1.600000000E-02 5.479333911E-01 1.972104410E-02 7.748750000E+01
1.630000000E-02 5.671082252E-01 1.927646052E-02 7.606134969E+01
1.698240000E-02 6.071652040E-01 1.846000581E-02 7.300499340E+01
1.787370000E-02 6.530091576E-01 1.769521914E-02 6.936448525E+01
1.811510000E-02 6.642388781E-01 1.754177331E-02 6.844014110E+01
1.891440000E-02 6.989067731E-01 1.713028632E-02 6.554794231E+01
1.950000000E-02 7.217502959E-01 1.691776847E-02 6.357948718E+01
1.998160000E-02 7.393488981E-01 1.681470587E-02 6.204708332E+01
2.037770000E-02 7.528708288E-01 1.674065763E-02 6.084101739E+01
2.071470000E-02 7.637340407E-01 1.671129508E-02 5.985121677E+01
2.112030000E-02 7.765303169E-01 1.669662785E-02 5.870181768E+01
2.177010000E-02 7.954968979E-01 1.669530018E-02 5.694966950E+01
2.238720000E-02 8.123945506E-01 1.674352278E-02 5.537985992E+01
2.283620000E-02 8.240410692E-01 1.678843931E-02 5.429099412E+01
2.327150000E-02 8.348789159E-01 1.687593924E-02 5.327546570E+01
2.375200000E-02 8.463561769E-01 1.695503382E-02 5.219770967E+01
2.410800000E-02 8.546323625E-01 1.702444815E-02 5.142691223E+01
2.434120000E-02 8.599924791E-01 1.707526159E-02 5.093421853E+01
2.462050000E-02 8.663345065E-01 1.715744874E-02 5.035641031E+01
2.481480000E-02 8.706924979E-01 1.721015071E-02 4.996211938E+01
2.514660000E-02 8.780807084E-01 1.730360649E-02 4.930288787E+01
2.546730000E-02 8.851308214E-01 1.739822146E-02 4.868203539E+01
2.565940000E-02 8.894679400E-01 1.745032517E-02 4.831757563E+01
2.587990000E-02 8.943045021E-01 1.750579500E-02 4.790590381E+01
2.594790000E-02 8.958561767E-01 1.752195239E-02 4.778035987E+01
2.613330000E-02 9.000170865E-01 1.756417279E-02 4.744138704E+01
2.624610000E-02 9.024962325E-01 1.758837753E-02 4.723749433E+01
2.633240000E-02 9.044872165E-01 1.761018905E-02 4.708268141E+01
2.639720000E-02 9.059682909E-01 1.763216336E-02 4.696710257E+01
2.646200000E-02 9.074360212E-01 1.765371148E-02 4.685208979E+01
2.652680000E-02 9.088905497E-01 1.767486264E-02 4.673763892E+01
2.659160000E-02 9.103674897E-01 1.769562185E-02 4.662374584E+01
2.659940000E-02 9.105524035E-01 1.769805522E-02 4.661007391E+01
2.666490000E-02 9.120919771E-01 1.772356316E-02 4.649558033E+01
2.673030000E-02 9.136356299E-01 1.774944377E-02 4.638182138E+01
2.679580000E-02 9.151635823E-01 1.777470490E-02 4.626844505E+01
2.686130000E-02 9.167147581E-01 1.779953204E-02 4.615562166E+01
2.692670000E-02 9.183711865E-01 1.782401687E-02 4.604351814E+01
2.695950000E-02 9.191954943E-01 1.783598238E-02 4.598749977E+01
2.700860000E-02 9.204243172E-01 1.785383246E-02 4.590389728E+01
2.705770000E-02 9.216447609E-01 1.787143562E-02 4.582059820E+01
2.709040000E-02 9.224535770E-01 1.788307146E-02 4.576528955E+01
2.712320000E-02 9.232592886E-01 1.789446731E-02 4.570994573E+01
2.717230000E-02 9.244581713E-01 1.791150346E-02 4.562734844E+01
2.718040000E-02 9.246571069E-01 1.791443312E-02 4.561375109E+01
2.719680000E-02 9.250554098E-01 1.792000887E-02 4.558624544E+01
2.723260000E-02 9.259242647E-01 1.793218150E-02 4.552631772E+01
2.724000000E-02 9.261019759E-01 1.793467701E-02 4.551395007E+01
2.724090000E-02 9.261226330E-01 1.793493418E-02 4.551244636E+01
2.724420000E-02 9.262036105E-01 1.793606422E-02 4.550693359E+01
2.724910000E-02 9.263224848E-01 1.793781184E-02 4.549875042E+01
2.725160000E-02 9.263832877E-01 1.793861892E-02 4.549457647E+01
2.725410000E-02 9.264418182E-01 1.793942539E-02 4.549040328E+01
2.725820000E-02 9.265404652E-01 1.794078093E-02 4.548356091E+01
2.731960000E-02 9.280129421E-01 1.796118543E-02 4.538133794E+01
2.733590000E-02 9.284031100E-01 1.796667046E-02 4.535427771E+01
2.738500000E-02 9.297343855E-01 1.798268591E-02 4.527295965E+01
2.740960000E-02 9.303990997E-01 1.799053062E-02 4.523232736E+01
2.745260000E-02 9.315577527E-01 1.800422063E-02 4.516147833E+01
2.751700000E-02 9.332823211E-01 1.802452853E-02 4.505578370E+01
2.754920000E-02 9.341388422E-01 1.803454853E-02 4.500312169E+01
2.758150000E-02 9.349920191E-01 1.804434180E-02 4.495041967E+01
2.764690000E-02 9.367146941E-01 1.806421704E-02 4.484408740E+01
2.771240000E-02 9.384484242E-01 1.808359517E-02 4.473809558E+01
2.777790000E-02 9.403854093E-01 1.810258986E-02 4.463260362E+01
2.788930000E-02 9.436405163E-01 1.813410191E-02 4.445432478E+01
2.790880000E-02 9.442065904E-01 1.813959937E-02 4.442326435E+01
2.793270000E-02 9.448956980E-01 1.814616321E-02 4.438525456E+01
2.795660000E-02 9.455846712E-01 1.815267810E-02 4.434730976E+01
2.802390000E-02 9.477407865E-01 1.817088818E-02 4.424080874E+01
2.804590000E-02 9.484860388E-01 1.817678976E-02 4.420610499E+01
2.809120000E-02 9.500125114E-01 1.819441597E-02 4.413481802E+01
2.818060000E-02 9.530012735E-01 1.822859927E-02 4.399480494E+01
2.824960000E-02 9.552903651E-01 1.825446805E-02 4.388734708E+01
2.831870000E-02 9.575580318E-01 1.827976031E-02 4.378025827E+01
2.839560000E-02 9.600585336E-01 1.830758040E-02 4.366169407E+01
2.844140000E-02 9.618553287E-01 1.832383019E-02 4.359138439E+01
2.849510000E-02 9.639492657E-01 1.834268777E-02 4.350923492E+01
2.854900000E-02 9.660323120E-01 1.836444300E-02 4.342709027E+01
2.860280000E-02 9.681037927E-01 1.838729994E-02 4.334540674E+01
2.867440000E-02 9.713359231E-01 1.841708633E-02 4.323717323E+01
2.874500000E-02 9.744899920E-01 1.844595187E-02 4.313097930E+01
2.883510000E-02 9.786011184E-01 1.848233872E-02 4.299620948E+01
2.890310000E-02 9.820805946E-01 1.850957273E-02 4.289505278E+01
2.899040000E-02 9.869078838E-01 1.854605696E-02 4.276588112E+01
2.908170000E-02 9.925182375E-01 1.859445365E-02 4.263162057E+01
2.918450000E-02 9.997349538E-01 1.870274156E-02 4.248145420E+01
2.929990000E-02 1.009497817E+00 1.909259876E-02 4.231413759E+01
2.947860000E-02 1.029855919E+00 2.209184056E-02 4.205762825E+01
2.960610000E-02 1.049087369E+00 2.948046580E-02 4.187650518E+01
3.002600000E-02 1.089848434E+00 1.188363827E-01 4.129088124E+01
3.035460000E-02 1.037834405E+00 1.830523143E-01 4.084389186E+01
3.095950000E-02 9.596151970E-01 1.752293601E-01 4.004586637E+01
3.121160000E-02 9.456655614E-01 1.660874685E-01 3.972241090E+01
3.145290000E-02 9.364487385E-01 1.581797101E-01 3.941766896E+01
3.160730000E-02 9.319360748E-01 1.535995384E-01 3.922511572E+01
3.169070000E-02 9.299161501E-01 1.511369187E-01 3.912188749E+01
3.176160000E-02 9.282196433E-01 1.490632166E-01 3.903455745E+01
3.181030000E-02 9.273039517E-01 1.477469924E-01 3.897479747E+01
3.191160000E-02 9.254346346E-01 1.450304484E-01 3.885107610E+01
3.197850000E-02 9.242337158E-01 1.432555752E-01 3.876979846E+01
3.202030000E-02 9.235506858E-01 1.421860366E-01 3.871918752E+01
3.205940000E-02 9.229967741E-01 1.412330501E-01 3.867196516E+01
3.213290000E-02 9.219671714E-01 1.394557844E-01 3.858350787E+01
3.219720000E-02 9.210880802E-01 1.379114845E-01 3.850645398E+01
3.225870000E-02 9.204148753E-01 1.364319408E-01 3.843304287E+01
3.235190000E-02 9.194667875E-01 1.342074818E-01 3.832232419E+01
3.242570000E-02 9.188691545E-01 1.325494989E-01 3.823510364E+01
3.248110000E-02 9.184942358E-01 1.313564224E-01 3.816988957E+01
3.256420000E-02 9.179383043E-01 1.295806514E-01 3.807248451E+01
3.260570000E-02 9.176641799E-01 1.286993836E-01 3.802402647E+01
3.264720000E-02 9.173901448E-01 1.278220184E-01 3.797569164E+01
3.266080000E-02 9.173005993E-01 1.275359417E-01 3.795987851E+01
3.270100000E-02 9.170378017E-01 1.266916726E-01 3.791321366E+01
3.282160000E-02 9.164541970E-01 1.242642338E-01 3.777390499E+01
3.290200000E-02 9.161946907E-01 1.227164730E-01 3.768159990E+01
3.298240000E-02 9.159786714E-01 1.211903020E-01 3.758974483E+01
3.306270000E-02 9.158004163E-01 1.196812901E-01 3.749844991E+01
3.309950000E-02 9.157219562E-01 1.189951153E-01 3.745675917E+01
3.315460000E-02 9.156960745E-01 1.180224532E-01 3.739450936E+01
3.320970000E-02 9.157026690E-01 1.170722643E-01 3.733246612E+01
3.325680000E-02 9.157084353E-01 1.162647850E-01 3.727959395E+01
3.328040000E-02 9.157131959E-01 1.158621594E-01 3.725315801E+01
3.334410000E-02 9.157205877E-01 1.147787353E-01 3.718199022E+01
3.336420000E-02 9.157244603E-01 1.144385847E-01 3.715959022E+01
3.337430000E-02 9.157259180E-01 1.142682929E-01 3.714834468E+01
3.338930000E-02 9.157281228E-01 1.140144516E-01 3.713165595E+01
3.339880000E-02 9.157295847E-01 1.138551566E-01 3.712109417E+01
3.343170000E-02 9.157337791E-01 1.133012768E-01 3.708456345E+01
3.345030000E-02 9.157377960E-01 1.129896944E-01 3.706394263E+01
3.345650000E-02 9.157451203E-01 1.128862707E-01 3.705707411E+01
3.347470000E-02 9.157665746E-01 1.125810434E-01 3.703692640E+01
3.354510000E-02 9.159369750E-01 1.114600398E-01 3.695919821E+01
3.356520000E-02 9.159975492E-01 1.111478810E-01 3.693706577E+01
3.362550000E-02 9.161772849E-01 1.102152532E-01 3.687082720E+01
3.365960000E-02 9.162776676E-01 1.096902180E-01 3.683347396E+01
3.371080000E-02 9.164287861E-01 1.089056786E-01 3.677753124E+01
3.376200000E-02 9.165793736E-01 1.081255369E-01 3.672175819E+01
3.381430000E-02 9.167333881E-01 1.073328345E-01 3.666496127E+01
3.386670000E-02 9.169208739E-01 1.065440258E-01 3.660823168E+01
3.394700000E-02 9.173221548E-01 1.053954250E-01 3.652163667E+01
3.402740000E-02 9.177456131E-01 1.042711627E-01 3.643534328E+01
3.410780000E-02 9.181660022E-01 1.031563174E-01 3.634945672E+01
3.426560000E-02 9.192042581E-01 1.009953895E-01 3.618206014E+01
3.426860000E-02 9.192283715E-01 1.009566326E-01 3.617889263E+01
3.430590000E-02 9.195161671E-01 1.004780494E-01 3.613955617E+01
3.434320000E-02 9.198043213E-01 1.000014479E-01 3.610030516E+01
3.444010000E-02 9.205467932E-01 9.877154269E-02 3.599873403E+01
3.459680000E-02 9.218586593E-01 9.680797311E-02 3.583568423E+01
3.470000000E-02 9.229171605E-01 9.553194717E-02 3.572910663E+01
3.478290000E-02 9.238384035E-01 9.457635730E-02 3.564395148E+01
3.489230000E-02 9.250418323E-01 9.332823433E-02 3.553219478E+01
3.506410000E-02 9.271060886E-01 9.139545916E-02 3.535810131E+01
3.519220000E-02 9.290494562E-01 9.004716051E-02 3.522939742E+01
3.532600000E-02 9.313600544E-01 8.866591510E-02 3.509596331E+01
3.552210000E-02 9.355177126E-01 8.674065007E-02 3.490221580E+01
3.572820000E-02 9.415767811E-01 8.529216174E-02 3.470088054E+01
3.616000000E-02 9.607340291E-01 9.304371255E-02 3.428650442E+01
3.658520000E-02 9.624035370E-01 1.217185646E-01 3.388802029E+01
3.729560000E-02 9.286481537E-01 1.297968600E-01 3.324252727E+01
3.915160000E-02 9.101419200E-01 1.028913144E-01 3.166664964E+01
4.176400000E-02 9.123526247E-01 7.949103646E-02 2.968585385E+01
4.550820000E-02 9.231102237E-01 5.981182590E-02 2.724344184E+01
5.049850000E-02 9.374759642E-01 4.523392477E-02 2.455122429E+01
5.614780000E-02 9.504171314E-01 3.622789794E-02 2.208100763E+01
5.759580000E-02 9.531536213E-01 3.464994732E-02 2.152587515E+01
6.580000000E-02 9.651200040E-01 2.883634439E-02 1.884194529E+01
7.852360000E-02 9.756970979E-01 2.409806366E-02 1.578888385E+01
9.660510000E-02 9.828165300E-01 1.991992418E-02 1.283369097E+01
1.260000000E-01 9.878788567E-01 1.510229281E-02 9.839682540E+00
1.583530000E-01 9.905698217E-01 1.127980294E-02 7.829343303E+00
1.773030000E-01 9.918830669E-01 9.516565785E-03 6.992549477E+00
1.810330000E-01 9.922432891E-01 9.218760540E-03 6.848475140E+00
1.852260000E-01 9.927226786E-01 9.252718236E-03 6.693444765E+00
1.897830000E-01 9.927773258E-01 9.200404033E-03 6.532724217E+00
1.950000000E-01 9.929251521E-01 9.229532835E-03 6.357948718E+00
2.085000000E-01 9.925650055E-01 8.502241592E-03 5.946282974E+00
2.243810000E-01 9.926938663E-01 7.169126273E-03 5.525423276E+00
2.534970000E-01 9.936398744E-01 5.325268316E-03 4.890787662E+00
3.232710000E-01 9.956232880E-01 3.154554510E-03 3.835172348E+00
3.287030000E-01 9.957745329E-01 3.047068549E-03 3.771793990E+00
3.338320000E-01 9.959414585E-01 3.013787333E-03 3.713844089E+00
3.455680000E-01 9.960311049E-01 2.919331956E-03 3.587716455E+00
3.831200000E-01 9.965384848E-01 2.344892607E-03 3.236061808E+00
4.601140000E-01 9.973231261E-01 1.570835652E-03 2.694549612E+00
4.806150000E-01 9.974919306E-01 1.455045255E-03 2.579611539E+00
5.956620000E-01 9.981887625E-01 8.565168977E-04 2.081381723E+00
7.680000000E-01 9.988340014E-01 4.344664496E-04 1.614322917E+00
9.740000000E-01 9.992606704E-01 2.228772878E-04 1.272895277E+00
1.174900000E+00 9.995074329E-01 1.286346074E-04 1.055238744E+00
1.314160000E+00 9.996304699E-01 9.191183912E-05 9.434163268E-01
1.408480000E+00 9.997082488E-01 7.445693126E-05 8.802396910E-01
1.453070000E+00 9.997494304E-01 6.767880958E-05 8.532279931E-01
1.483650000E+00 9.997852110E-01 6.350450811E-05 8.356418293E-01
1.499930000E+00 9.998144329E-01 6.295172686E-05 8.265719067E-01
1.506940000E+00 9.998317952E-01 6.625879638E-05 8.227268504E-01
1.512640000E+00 9.998474244E-01 7.329137313E-05 8.196266131E-01
1.518450000E+00 9.998626234E-01 8.607919388E-05 8.164905002E-01
1.525580000E+00 9.998751906E-01 1.087115475E-04 8.126745238E-01
1.533090000E+00 9.998774001E-01 1.349852171E-04 8.086935535E-01
1.541800000E+00 9.998676471E-01 1.581556656E-04 8.041250486E-01
1.551830000E+00 9.998538501E-01 1.702098168E-04 7.989277176E-01
1.563670000E+00 9.998468413E-01 1.763303988E-04 7.928782927E-01
1.578100000E+00 9.998430854E-01 1.903885078E-04 7.856282872E-01
1.593420000E+00 9.998282911E-01 2.047101621E-04 7.780748327E-01
1.615990000E+00 9.998058642E-01 2.054852677E-04 7.672077179E-01
1.665570000E+00 9.997866199E-01 1.945525285E-04 7.443697953E-01
1.749090000E+00 9.997760473E-01 1.747216983E-04 7.088257322E-01
1.839940000E+00 9.997776874E-01 1.510397594E-04 6.738263204E-01
1.894520000E+00 9.997864672E-01 1.368408216E-04 6.544137829E-01
1.916930000E+00 9.997940878E-01 1.338416034E-04 6.467633143E-01
1.938210000E+00 9.997988382E-01 1.374996492E-04 6.396623689E-01
1.967760000E+00 9.997945955E-01 1.381553749E-04 6.300565110E-01
2.008390000E+00 9.997935876E-01 1.292922985E-04 6.173103829E-01
2.092280000E+00 9.998009752E-01 1.127552442E-04 5.925593133E-01
2.140930000E+00 9.998084237E-01 1.052092874E-04 5.790941320E-01
2.173560000E+00 9.998122692E-01 1.036676537E-04 5.704006331E-01
2.232290000E+00 9.998155542E-01 9.629425995E-05 5.553937884E-01
2.318470000E+00 9.998245364E-01 8.498360132E-05 5.347492096E-01
2.375390000E+00 9.998314705E-01 8.052570573E-05 5.219353454E-01
2.450340000E+00 9.998367476E-01 7.378964146E-05 5.059706000E-01
2.587830000E+00 9.998489609E-01 6.155987185E-05 4.790886573E-01
2.759770000E+00 9.998637304E-01 4.963736708E-05 4.492403352E-01
2.972780000E+00 9.998800165E-01 3.861145784E-05 4.170507067E-01
3.232450000E+00 9.998968319E-01 2.907480006E-05 3.835480827E-01
3.515730000E+00 9.999117955E-01 2.179702976E-05 3.526436899E-01
3.855050000E+00 9.999260840E-01 1.584538693E-05 3.216041296E-01
4.330810000E+00 9.999411781E-01 1.057648403E-05 2.862743921E-01
4.858520000E+00 9.999532541E-01 7.065768531E-06 2.551805900E-01
5.630940000E+00 9.999653670E-01 4.198291165E-06 2.201763826E-01
6.498260000E+00 9.999742482E-01 2.522636529E-06 1.907895344E-01
7.348380000E+00 9.999801578E-01 1.624810962E-06 1.687174588E-01
7.970840000E+00 9.999834253E-01 1.212820862E-06 1.555419504E-01
8.366140000E+00 9.999852281E-01 1.019033928E-06 1.481925954E-01
8.609400000E+00 9.999863249E-01 9.187741317E-07 1.440053895E-01
8.739850000E+00 9.999869936E-01 8.762909054E-07 1.418559815E-01
8.792050000E+00 9.999873234E-01 8.906166907E-07 1.410137567E-01
8.830270000E+00 9.999875943E-01 9.509608130E-07 1.404034078E-01
8.866660000E+00 9.999878510E-01 1.075182660E-06 1.398271728E-01
8.918870000E+00 9.999881276E-01 1.368246321E-06 1.390086412E-01
8.973260000E+00 9.999882276E-01 1.705644048E-06 1.381660623E-01
9.015710000E+00 9.999881909E-01 1.890401872E-06 1.375155146E-01
9.081820000E+00 9.999881031E-01 1.994104398E-06 1.365144872E-01
9.160930000E+00 9.999880946E-01 1.969524363E-06 1.353356046E-01
9.283020000E+00 9.999882311E-01 1.882091610E-06 1.335556748E-01
9.498640000E+00 9.999886251E-01 1.732259491E-06 1.305239487E-01
9.712830000E+00 9.999891104E-01 1.596686052E-06 1.276455987E-01
9.844850000E+00 9.999894865E-01 1.539834752E-06 1.259338639E-01
9.923890000E+00 9.999897487E-01 1.586755884E-06 1.249308487E-01
1.000000000E+01 9.999899305E-01 1.718235372E-06 1.239800000E-01
1.008750000E+01 9.999900044E-01 1.840104420E-06 1.229045849E-01
1.021430000E+01 9.999900872E-01 1.827895663E-06 1.213788512E-01
1.034030000E+01 9.999902791E-01 1.776347618E-06 1.198998095E-01
1.045720000E+01 9.999904658E-01 1.814674871E-06 1.185594614E-01
1.060000000E+01 9.999905718E-01 1.839363175E-06 1.169622642E-01
1.075330000E+01 9.999907028E-01 1.760929706E-06 1.152948397E-01
1.101220000E+01 9.999910007E-01 1.619505477E-06 1.125842248E-01
1.138450000E+01 9.999914583E-01 1.439874868E-06 1.089024551E-01
1.180100000E+01 9.999919600E-01 1.266845567E-06 1.050588933E-01
1.222730000E+01 9.999924467E-01 1.115361587E-06 1.013960564E-01
1.273680000E+01 9.999929853E-01 9.640198198E-07 9.733999121E-02
1.326910000E+01 9.999934984E-01 8.320391934E-07 9.343512371E-02
1.385370000E+01 9.999940059E-01 7.120786510E-07 8.949233779E-02
1.449330000E+01 9.999945017E-01 6.046752329E-07 8.554297503E-02
1.513150000E+01 9.999949412E-01 5.172066404E-07 8.193503618E-02
1.563780000E+01 9.999952552E-01 4.589197138E-07 7.928225198E-02
1.632930000E+01 9.999956407E-01 3.922795410E-07 7.592487124E-02
1.690910000E+01 9.999959300E-01 3.455290149E-07 7.332146596E-02
1.762990000E+01 9.999962522E-01 2.966274838E-07 7.032371142E-02
1.832970000E+01 9.999965307E-01 2.571718808E-07 6.763885934E-02
1.916950000E+01 9.999968267E-01 2.182505809E-07 6.467565664E-02
1.981220000E+01 9.999970288E-01 1.933218439E-07 6.257760370E-02
2.093060000E+01 9.999973379E-01 1.579816348E-07 5.923384901E-02
2.233890000E+01 9.999976637E-01 1.242561515E-07 5.549959935E-02
2.425660000E+01 9.999980201E-01 9.155908390E-08 5.111186234E-02
2.763440000E+01 9.999984777E-01 5.641949328E-08 4.486437194E-02
3.138060000E+01 9.999988223E-01 3.510314910E-08 3.950848613E-02
3.572190000E+01 9.999990938E-01 2.159556973E-08 3.470700047E-02
4.054120000E+01 9.999992987E-01 1.342126200E-08 3.058123588E-02
4.599990000E+01 9.999994574E-01 8.331006787E-09 2.695223250E-02
5.119260000E+01 9.999995639E-01 5.558357923E-09 2.421834406E-02
5.487510000E+01 9.999996223E-01 4.271900050E-09 2.259312512E-02
5.729350000E+01 9.999996553E-01 3.628696997E-09 2.163945299E-02
5.888520000E+01 9.999996755E-01 3.270181711E-09 2.105452643E-02
5.981880000E+01 9.999996873E-01 3.089503801E-09 2.072592563E-02
6.024090000E+01 9.999996930E-01 3.112673267E-09 2.058070182E-02
6.046610000E+01 9.999996963E-01 3.299221557E-09 2.050405103E-02
6.065850000E+01 9.999996992E-01 3.683575357E-09 2.043901514E-02
6.083280000E+01 9.999997018E-01 4.299900565E-09 2.038045265E-02
6.101850000E+01 9.999997046E-01 5.293412683E-09 2.031842802E-02
6.124140000E+01 9.999997075E-01 6.910843321E-09 2.024447514E-02
6.163200000E+01 9.999997111E-01 1.016403526E-08 2.011617342E-02
6.193570000E+01 9.999997126E-01 1.213201224E-08 2.001753431E-02
6.224640000E+01 9.999997138E-01 1.319542117E-08 1.991761773E-02
6.271690000E+01 9.999997159E-01 1.348941997E-08 1.976819645E-02
6.339320000E+01 9.999997200E-01 1.307788713E-08 1.955730268E-02
6.434900000E+01 9.999997267E-01 1.240215253E-08 1.926681067E-02
6.552950000E+01 9.999997352E-01 1.160320823E-08 1.891972318E-02
6.736620000E+01 9.999997482E-01 1.052195690E-08 1.840388800E-02
6.954630000E+01 9.999997628E-01 9.383994796E-09 1.782697282E-02
7.207170000E+01 9.999997784E-01 8.234995750E-09 1.720231381E-02
7.485580000E+01 9.999997940E-01 7.172628832E-09 1.656251085E-02
7.877070000E+01 9.999998135E-01 5.963796115E-09 1.573935486E-02
8.362650000E+01 9.999998341E-01 4.801977746E-09 1.482544409E-02
8.838080000E+01 9.999998513E-01 3.920472227E-09 1.402793367E-02
9.397740000E+01 9.999998683E-01 3.126310065E-09 1.319253352E-02
1.008880000E+02 9.999998857E-01 2.404577140E-09 1.228887479E-02
1.093220000E+02 9.999999026E-01 1.786977740E-09 1.134080972E-02
1.200320000E+02 9.999999192E-01 1.262058910E-09 1.032891229E-02
1.365140000E+02 9.999999375E-01 7.811926464E-10 9.081852411E-03
1.555640000E+02 9.999999519E-01 4.796851514E-10 7.969710216E-03
1.769300000E+02 9.999999628E-01 2.964727262E-10 7.007291019E-03
2.010290000E+02 9.999999712E-01 1.841033774E-10 6.167269399E-03
2.284280000E+02 9.999999777E-01 1.143604214E-10 5.427530776E-03
2.600160000E+02 9.999999828E-01 7.083758108E-11 4.768168113E-03
2.931430000E+02 9.999999865E-01 4.556595328E-11 4.229335171E-03
3.341700000E+02 9.999999896E-01 2.832145624E-11 3.710087680E-03
3.793830000E+02 9.999999919E-01 1.797245068E-11 3.267937678E-03
4.321410000E+02 9.999999938E-01 1.134454782E-11 2.868971007E-03
4.958070000E+02 9.999999953E-01 7.039679069E-12 2.500569778E-03
5.737860000E+02 9.999999965E-01 4.287858018E-12 2.160735884E-03
6.664480000E+02 9.999999974E-01 2.613643319E-12 1.860310182E-03
7.725560000E+02 9.999999981E-01 1.623488246E-12 1.604802759E-03
9.054720000E+02 9.999999986E-01 9.876926352E-13 1.369230633E-03
1.098200000E+03 9.999999990E-01 5.473121995E-13 1.128938263E-03
1.286620000E+03 9.999999993E-01 3.340924638E-13 9.636100791E-04
1.546860000E+03 9.999999995E-01 1.882778493E-13 8.014946408E-04
1.859730000E+03 9.999999997E-01 1.061045725E-13 6.666559124E-04
2.235890000E+03 9.999999998E-01 5.979491869E-14 5.544995505E-04
2.688130000E+03 9.999999998E-01 3.369752084E-14 4.612128134E-04
3.231850000E+03 9.999999999E-01 1.899020239E-14 3.836192893E-04
3.885540000E+03 9.999999999E-01 1.070189490E-14 3.190804882E-04
4.671440000E+03 9.999999999E-01 6.031075978E-15 2.653999623E-04
5.616310000E+03 1.000000000E+00 3.398809663E-15 2.207499230E-04
6.752290000E+03 1.000000000E+00 1.915400075E-15 1.836117821E-04
8.118030000E+03 1.000000000E+00 1.079425408E-15 1.527217810E-04
9.760020000E+03 1.000000000E+00 6.083108016E-16 1.270284282E-04
1.000000000E+04 0.000000000E+00 0.000000000E+00 1.239800000E-04
