# 11/08/2021 
# Data retrieved from www.chemicool.com/densities.html 
# Includes the real (n) and complex (k) part of the  refractive index. 
# Element, Zn  (Z = 30) 
# Nominal density, g cm-3 =  7.14 
#    E [keV]      n       k    Wavelength [nm] 
1.000000000E-03 -1.355101998E+03 3.685357291E-03 1.239800000E+03
1.125000000E-03 -8.337101056E+01 0.000000000E+00 1.102044444E+03
1.265630000E-03 -6.562335636E+01 0.000000000E+00 9.795911917E+02
1.423830000E-03 -5.160292986E+01 0.000000000E+00 8.707500193E+02
1.601810000E-03 -4.052916571E+01 0.000000000E+00 7.739994132E+02
1.802030000E-03 -3.178407173E+01 0.000000000E+00 6.880018646E+02
2.027290000E-03 -2.487461854E+01 0.000000000E+00 6.115553276E+02
2.280700000E-03 -1.939534772E+01 0.000000000E+00 5.436050335E+02
2.423240000E-03 -1.704258473E+01 0.000000000E+00 5.116290586E+02
2.564920000E-03 -1.508370074E+01 0.000000000E+00 4.833679023E+02
2.830570000E-03 -1.217361704E+01 0.000000000E+00 4.380036530E+02
3.063010000E-03 -1.022544119E+01 0.000000000E+00 4.047652473E+02
3.266390000E-03 -8.852368644E+00 0.000000000E+00 3.795627589E+02
3.444350000E-03 -7.845673994E+00 0.000000000E+00 3.599518051E+02
3.600070000E-03 -7.085094280E+00 0.000000000E+00 3.443821926E+02
3.736320000E-03 -6.496433358E+00 0.000000000E+00 3.318238267E+02
3.855540000E-03 -6.032369618E+00 0.000000000E+00 3.215632570E+02
3.959860000E-03 -5.660072522E+00 0.000000000E+00 3.130918770E+02
4.051140000E-03 -5.353931202E+00 0.000000000E+00 3.060373130E+02
4.131010000E-03 -5.100512230E+00 0.000000000E+00 3.001203096E+02
4.200890000E-03 -4.890505305E+00 0.000000000E+00 2.951279372E+02
4.262040000E-03 -4.715449611E+00 0.000000000E+00 2.908935627E+02
4.315550000E-03 -4.568262307E+00 0.000000000E+00 2.872866726E+02
4.362370000E-03 -4.444136686E+00 0.000000000E+00 2.842033115E+02
4.403330000E-03 -4.338647203E+00 0.000000000E+00 2.815596378E+02
4.475020000E-03 -4.161267984E+00 0.000000000E+00 2.770490411E+02
4.528790000E-03 -4.033688581E+00 0.000000000E+00 2.737596577E+02
4.569110000E-03 -3.940897206E+00 0.000000000E+00 2.713438722E+02
4.599360000E-03 -3.873117400E+00 0.000000000E+00 2.695592430E+02
4.622040000E-03 -3.823075891E+00 0.000000000E+00 2.682365362E+02
4.639050000E-03 -3.786085590E+00 0.000000000E+00 2.672529936E+02
4.664570000E-03 -3.731358389E+00 0.000000000E+00 2.657908446E+02
4.677330000E-03 -3.704127948E+00 0.000000000E+00 2.650657533E+02
4.690090000E-03 -3.677329542E+00 0.000000000E+00 2.643446075E+02
4.701630000E-03 -3.653371358E+00 0.000000000E+00 2.636957821E+02
4.713180000E-03 -3.629367681E+00 0.000000000E+00 2.630495759E+02
4.724720000E-03 -3.605765438E+00 0.000000000E+00 2.624070844E+02
4.736270000E-03 -3.582116491E+00 0.000000000E+00 2.617671712E+02
4.744510000E-03 -3.565408629E+00 0.000000000E+00 2.613125486E+02
4.747810000E-03 -3.558863234E+00 0.000000000E+00 2.611309214E+02
4.757840000E-03 -3.538660864E+00 0.000000000E+00 2.605804315E+02
4.767870000E-03 -3.518587958E+00 0.000000000E+00 2.600322576E+02
4.779540000E-03 -3.495358227E+00 0.000000000E+00 2.593973479E+02
4.792540000E-03 -3.469819013E+00 0.000000000E+00 2.586937198E+02
4.799030000E-03 -3.457146948E+00 0.000000000E+00 2.583438737E+02
4.805530000E-03 -3.444508486E+00 0.000000000E+00 2.579944356E+02
4.811300000E-03 -3.433266982E+00 0.000000000E+00 2.576850332E+02
4.817070000E-03 -3.422066548E+00 0.000000000E+00 2.573763719E+02
4.822850000E-03 -3.410888706E+00 0.000000000E+00 2.570679163E+02
4.828620000E-03 -3.399964382E+00 0.000000000E+00 2.567607308E+02
4.837280000E-03 -3.383255373E+00 0.000000000E+00 2.563010618E+02
4.838720000E-03 -3.380646851E+00 0.000000000E+00 2.562247867E+02
4.841610000E-03 -3.375031839E+00 0.000000000E+00 2.560718439E+02
4.844130000E-03 -3.370287850E+00 0.000000000E+00 2.559386309E+02
4.846020000E-03 -3.366686509E+00 0.000000000E+00 2.558388121E+02
4.848870000E-03 -3.361361975E+00 0.000000000E+00 2.556884387E+02
4.850290000E-03 -3.358615886E+00 0.000000000E+00 2.556135819E+02
4.851710000E-03 -3.356064896E+00 0.000000000E+00 2.555387688E+02
4.863250000E-03 -3.334266089E+00 0.000000000E+00 2.549324012E+02
4.869020000E-03 -3.323425783E+00 0.000000000E+00 2.546302952E+02
4.874790000E-03 -3.312624627E+00 0.000000000E+00 2.543289044E+02
4.880570000E-03 -3.302035171E+00 0.000000000E+00 2.540277058E+02
4.886340000E-03 -3.291311371E+00 0.000000000E+00 2.537277390E+02
4.892110000E-03 -3.280626161E+00 0.000000000E+00 2.534284797E+02
4.900770000E-03 -3.264756013E+00 0.000000000E+00 2.529806541E+02
4.909430000E-03 -3.248971101E+00 0.000000000E+00 2.525344083E+02
4.920970000E-03 -3.227942724E+00 0.000000000E+00 2.519421984E+02
4.931360000E-03 -3.209213272E+00 0.000000000E+00 2.514113754E+02
4.943040000E-03 -3.188416804E+00 0.000000000E+00 2.508173108E+02
4.954710000E-03 -3.167601536E+00 0.000000000E+00 2.502265521E+02
4.966390000E-03 -3.146918733E+00 0.000000000E+00 2.496380671E+02
4.978070000E-03 -3.126566907E+00 0.000000000E+00 2.490523436E+02
4.985710000E-03 -3.113199985E+00 0.000000000E+00 2.486707009E+02
5.000880000E-03 -3.087014124E+00 0.000000000E+00 2.479163667E+02
5.015810000E-03 -3.061457962E+00 0.000000000E+00 2.471784218E+02
5.045200000E-03 -3.011783043E+00 0.000000000E+00 2.457385237E+02
5.073670000E-03 -2.964420453E+00 0.000000000E+00 2.443596056E+02
5.101250000E-03 -2.919403664E+00 0.000000000E+00 2.430384710E+02
5.154700000E-03 -2.834106062E+00 0.000000000E+00 2.405183619E+02
5.204800000E-03 -2.756631916E+00 0.000000000E+00 2.382031970E+02
5.251770000E-03 -2.685955084E+00 0.000000000E+00 2.360727907E+02
5.339840000E-03 -2.558693683E+00 0.000000000E+00 2.321792413E+02
5.416900000E-03 -2.452445239E+00 0.000000000E+00 2.288762946E+02
5.551750000E-03 -2.277202165E+00 0.000000000E+00 2.233169721E+02
5.652900000E-03 -2.154017293E+00 0.000000000E+00 2.193210564E+02
5.804610000E-03 -1.981479905E+00 0.000000000E+00 2.135888544E+02
5.956320000E-03 -1.822204761E+00 0.000000000E+00 2.081486555E+02
5.970980000E-03 -1.807473280E+00 0.000000000E+00 2.076376072E+02
5.985640000E-03 -1.792852085E+00 0.000000000E+00 2.071290622E+02
6.000300000E-03 -1.778340090E+00 0.000000000E+00 2.066230022E+02
6.014970000E-03 -1.763676366E+00 0.000000000E+00 2.061190663E+02
6.029630000E-03 -1.749131401E+00 0.000000000E+00 2.056179235E+02
6.044290000E-03 -1.734694861E+00 0.000000000E+00 2.051192117E+02
6.058950000E-03 -1.720365683E+00 0.000000000E+00 2.046229132E+02
6.073610000E-03 -1.706142821E+00 0.000000000E+00 2.041290106E+02
6.088270000E-03 -1.692025237E+00 0.000000000E+00 2.036374865E+02
6.102930000E-03 -1.678011908E+00 0.000000000E+00 2.031483238E+02
6.117590000E-03 -1.664101827E+00 0.000000000E+00 2.026615056E+02
6.132250000E-03 -1.650293991E+00 0.000000000E+00 2.021770150E+02
6.146910000E-03 -1.636587414E+00 0.000000000E+00 2.016948353E+02
6.176230000E-03 -1.609474152E+00 0.000000000E+00 2.007373430E+02
6.190890000E-03 -1.596065554E+00 0.000000000E+00 2.002619979E+02
6.205560000E-03 -1.582746059E+00 0.000000000E+00 1.997885767E+02
6.220220000E-03 -1.569648648E+00 0.000000000E+00 1.993177090E+02
6.234880000E-03 -1.556529071E+00 0.000000000E+00 1.988490556E+02
6.249540000E-03 -1.543504175E+00 0.000000000E+00 1.983826010E+02
6.541780000E-03 -1.302256511E+00 0.000000000E+00 1.895202835E+02
6.687910000E-03 -1.193724943E+00 0.000000000E+00 1.853792889E+02
6.760970000E-03 -1.142105744E+00 0.000000000E+00 1.833760540E+02
6.797500000E-03 -1.116985121E+00 0.000000000E+00 1.823905848E+02
6.815760000E-03 -1.104583432E+00 0.000000000E+00 1.819019449E+02
6.824900000E-03 -1.098366136E+00 0.000000000E+00 1.816583393E+02
6.834030000E-03 -1.092180673E+00 0.000000000E+00 1.814156508E+02
6.848250000E-03 -1.082727614E+00 0.000000000E+00 1.810389516E+02
6.857960000E-03 -1.076255554E+00 0.000000000E+00 1.807826234E+02
6.867670000E-03 -1.069811746E+00 0.000000000E+00 1.805270201E+02
6.878390000E-03 -1.062694265E+00 0.000000000E+00 1.802456680E+02
6.881960000E-03 -1.060363301E+00 0.000000000E+00 1.801521660E+02
6.884490000E-03 -1.058753569E+00 0.000000000E+00 1.800859613E+02
6.886280000E-03 -1.057492172E+00 0.000000000E+00 1.800391503E+02
6.889420000E-03 -1.055426038E+00 0.000000000E+00 1.799570936E+02
6.896170000E-03 -1.051022899E+00 0.000000000E+00 1.797809509E+02
6.898320000E-03 -1.049649324E+00 0.000000000E+00 1.797249185E+02
6.898820000E-03 -1.049352235E+00 0.000000000E+00 1.797118928E+02
6.900360000E-03 -1.048342367E+00 0.000000000E+00 1.796717852E+02
6.902280000E-03 -1.047107777E+00 0.000000000E+00 1.796218061E+02
6.915670000E-03 -1.038335006E+00 0.000000000E+00 1.792740255E+02
6.918080000E-03 -1.036820351E+00 0.000000000E+00 1.792115732E+02
6.922300000E-03 -1.034053831E+00 0.000000000E+00 1.791023215E+02
6.928630000E-03 -1.029961077E+00 0.000000000E+00 1.789386935E+02
6.937060000E-03 -1.024559273E+00 0.000000000E+00 1.787212450E+02
6.941000000E-03 -1.022073238E+00 0.000000000E+00 1.786197954E+02
6.944450000E-03 -1.019876555E+00 0.000000000E+00 1.785310572E+02
6.947470000E-03 -1.017933003E+00 0.000000000E+00 1.784534514E+02
6.952750000E-03 -1.014587878E+00 0.000000000E+00 1.783179318E+02
6.956710000E-03 -1.012013897E+00 0.000000000E+00 1.782164270E+02
6.959680000E-03 -1.010109805E+00 0.000000000E+00 1.781403743E+02
6.963580000E-03 -1.007671864E+00 0.000000000E+00 1.780406056E+02
6.966440000E-03 -1.005836875E+00 0.000000000E+00 1.779675128E+02
6.968060000E-03 -1.004810923E+00 0.000000000E+00 1.779261373E+02
6.968600000E-03 -1.004500227E+00 0.000000000E+00 1.779123497E+02
6.977010000E-03 -9.992049861E-01 0.000000000E+00 1.776978964E+02
6.981210000E-03 -9.965210901E-01 0.000000000E+00 1.775909907E+02
6.983320000E-03 -9.952217969E-01 0.000000000E+00 1.775373318E+02
6.998030000E-03 -9.860092916E-01 0.000000000E+00 1.771641448E+02
7.002240000E-03 -9.833444455E-01 0.000000000E+00 1.770576273E+02
7.019060000E-03 -9.729299486E-01 0.000000000E+00 1.766333384E+02
7.035880000E-03 -9.625922506E-01 0.000000000E+00 1.762110781E+02
7.052700000E-03 -9.522394472E-01 0.000000000E+00 1.757908319E+02
7.069520000E-03 -9.420535625E-01 0.000000000E+00 1.753725854E+02
7.086350000E-03 -9.319368212E-01 0.000000000E+00 1.749560775E+02
7.103170000E-03 -9.218994551E-01 0.000000000E+00 1.745417891E+02
7.117950000E-03 -9.130313351E-01 0.000000000E+00 1.741793634E+02
7.134800000E-03 -9.031153681E-01 0.000000000E+00 1.737680103E+02
7.151660000E-03 -8.928229256E-01 0.000000000E+00 1.733583532E+02
7.170450000E-03 -8.815046407E-01 0.000000000E+00 1.729040716E+02
7.185370000E-03 -8.725573344E-01 0.000000000E+00 1.725450464E+02
7.198080000E-03 -8.649875541E-01 0.000000000E+00 1.722403752E+02
7.215170000E-03 -8.548565778E-01 0.000000000E+00 1.718324031E+02
7.232250000E-03 -8.448055206E-01 0.000000000E+00 1.714265961E+02
7.249340000E-03 -8.348234229E-01 0.000000000E+00 1.710224655E+02
7.266430000E-03 -8.249147126E-01 0.000000000E+00 1.706202358E+02
7.283070000E-03 -8.153884794E-01 0.000000000E+00 1.702304111E+02
7.283510000E-03 -8.150836730E-01 0.000000000E+00 1.702201274E+02
7.542210000E-03 -6.747679372E-01 0.000000000E+00 1.643815274E+02
7.547940000E-03 -6.718281515E-01 0.000000000E+00 1.642567376E+02
7.579340000E-03 -6.558733971E-01 0.000000000E+00 1.635762481E+02
7.585700000E-03 -6.527039188E-01 0.000000000E+00 1.634391025E+02
7.597900000E-03 -6.465366286E-01 0.000000000E+00 1.631766672E+02
7.604370000E-03 -6.432654970E-01 0.000000000E+00 1.630378322E+02
7.621230000E-03 -6.349099814E-01 0.000000000E+00 1.626771532E+02
7.641710000E-03 -6.247608032E-01 0.000000000E+00 1.622411738E+02
7.666220000E-03 -6.127679745E-01 0.000000000E+00 1.617224656E+02
7.678470000E-03 -6.067801578E-01 0.000000000E+00 1.614644584E+02
7.690720000E-03 -6.008222791E-01 0.000000000E+00 1.612072732E+02
7.709290000E-03 -5.912884191E-01 0.000000000E+00 1.608189600E+02
7.716400000E-03 -5.875195970E-01 0.000000000E+00 1.606707791E+02
7.735070000E-03 -5.775158990E-01 0.000000000E+00 1.602829709E+02
7.753740000E-03 -5.675900273E-01 0.000000000E+00 1.598970303E+02
7.772410000E-03 -5.577412091E-01 0.000000000E+00 1.595129439E+02
7.799510000E-03 -5.436552563E-01 0.000000000E+00 1.589587038E+02
7.826610000E-03 -5.296526822E-01 0.000000000E+00 1.584083019E+02
7.845230000E-03 -5.201900715E-01 0.000000000E+00 1.580323330E+02
7.857800000E-03 -5.137881053E-01 0.000000000E+00 1.577795312E+02
7.864780000E-03 -5.102226219E-01 0.000000000E+00 1.576395017E+02
7.876360000E-03 -5.043963970E-01 0.000000000E+00 1.574077366E+02
7.882670000E-03 -5.012590925E-01 0.000000000E+00 1.572817332E+02
7.903490000E-03 -4.908919154E-01 0.000000000E+00 1.568674092E+02
7.913490000E-03 -4.858953764E-01 0.000000000E+00 1.566691814E+02
7.919500000E-03 -4.829179940E-01 0.000000000E+00 1.565502873E+02
7.922850000E-03 -4.813030338E-01 0.000000000E+00 1.564840935E+02
7.942210000E-03 -4.717898155E-01 0.000000000E+00 1.561026465E+02
7.961570000E-03 -4.623514988E-01 0.000000000E+00 1.557230546E+02
8.000000000E-03 -4.438720908E-01 0.000000000E+00 1.549750000E+02
8.016710000E-03 -4.354602597E-01 0.000000000E+00 1.546519707E+02
8.039000000E-03 -4.242834007E-01 0.000000000E+00 1.542231621E+02
8.058360000E-03 -4.147247044E-01 0.000000000E+00 1.538526450E+02
8.077720000E-03 -4.051716782E-01 0.000000000E+00 1.534839039E+02
8.097080000E-03 -3.957628941E-01 0.000000000E+00 1.531169261E+02
8.136490000E-03 -3.767265687E-01 0.000000000E+00 1.523752871E+02
8.156520000E-03 -3.671787325E-01 0.000000000E+00 1.520010985E+02
8.176540000E-03 -3.577111355E-01 0.000000000E+00 1.516289286E+02
8.202130000E-03 -3.457475461E-01 0.000000000E+00 1.511558583E+02
8.235590000E-03 -3.302884420E-01 0.000000000E+00 1.505417341E+02
8.286160000E-03 -3.054491471E-01 4.687326542E-07 1.496229858E+02
8.473380000E-03 -1.801903121E-01 6.262505234E-03 1.463170541E+02
8.567760000E-03 -9.552535731E-02 5.968577812E-02 1.447052672E+02
8.665580000E-03 -8.494100269E-02 1.588825357E-01 1.430717852E+02
8.825120000E-03 -1.405623289E-01 1.842709732E-01 1.404853418E+02
9.212450000E-03 -1.062970354E-01 1.370652124E-01 1.345787494E+02
9.660510000E-03 -1.791085259E-02 9.731373514E-02 1.283369097E+02
1.011600000E-02 7.576832608E-02 6.881976687E-02 1.225583234E+02
1.059550000E-02 1.681909846E-01 4.778761777E-02 1.170119390E+02
1.093850000E-02 2.289000599E-01 3.675558696E-02 1.133427801E+02
1.117600000E-02 2.681500876E-01 3.061426313E-02 1.109341446E+02
1.146300000E-02 3.126201876E-01 2.450566488E-02 1.081566780E+02
1.169430000E-02 3.462070591E-01 2.042444771E-02 1.060174615E+02
1.183970000E-02 3.663717592E-01 1.820736637E-02 1.047154911E+02
1.190080000E-02 3.745901794E-01 1.734450906E-02 1.041778704E+02
1.195320000E-02 3.821243226E-01 1.662259805E-02 1.037211793E+02
1.200000000E-02 3.887922251E-01 1.601632030E-02 1.033166667E+02
1.204020000E-02 3.947123163E-01 1.550272787E-02 1.029717114E+02
1.207560000E-02 3.998729605E-01 1.506462223E-02 1.026698466E+02
1.210670000E-02 4.043753326E-01 1.469345697E-02 1.024061057E+02
1.215060000E-02 4.106371990E-01 1.417542080E-02 1.020361134E+02
1.216140000E-02 4.121740523E-01 1.404855880E-02 1.019454997E+02
1.218170000E-02 4.150482754E-01 1.382035919E-02 1.017756142E+02
1.219950000E-02 4.175766394E-01 1.362378913E-02 1.016271159E+02
1.223070000E-02 4.219387039E-01 1.328228445E-02 1.013678694E+02
1.225400000E-02 4.251616015E-01 1.302850273E-02 1.011751265E+02
1.228900000E-02 4.299926400E-01 1.265798266E-02 1.008869721E+02
1.230650000E-02 4.323910521E-01 1.247988183E-02 1.007435095E+02
1.232410000E-02 4.347873216E-01 1.230254120E-02 1.005996381E+02
1.233920000E-02 4.368548069E-01 1.214998635E-02 1.004765301E+02
1.235440000E-02 4.388932543E-01 1.199797558E-02 1.003529107E+02
1.236650000E-02 4.405244560E-01 1.187755105E-02 1.002547204E+02
1.237850000E-02 4.421413418E-01 1.175776419E-02 1.001575312E+02
1.239680000E-02 4.445837894E-01 1.158041619E-02 1.000096799E+02
1.241510000E-02 4.470142706E-01 1.140818062E-02 9.986226450E+01
1.243950000E-02 4.502364262E-01 1.117979582E-02 9.966638530E+01
1.246990000E-02 4.542550616E-01 1.089705234E-02 9.942341158E+01
1.250040000E-02 4.582208044E-01 1.062740373E-02 9.918082621E+01
1.253090000E-02 4.621544503E-01 1.036111443E-02 9.893942175E+01
1.254880000E-02 4.644652281E-01 1.020559729E-02 9.879829147E+01
1.256670000E-02 4.667650319E-01 1.005089483E-02 9.865756324E+01
1.258600000E-02 4.692006651E-01 9.885411245E-03 9.850627682E+01
1.259710000E-02 4.706214594E-01 9.795531819E-03 9.841947750E+01
1.261980000E-02 4.734922517E-01 9.611642098E-03 9.824244441E+01
1.264260000E-02 4.763541414E-01 9.428859588E-03 9.806527138E+01
1.265020000E-02 4.772948360E-01 9.368229844E-03 9.800635563E+01
1.265390000E-02 4.777420639E-01 9.338086307E-03 9.797769858E+01
1.266410000E-02 4.790353793E-01 9.257144918E-03 9.789878475E+01
1.267370000E-02 4.802195421E-01 9.181216590E-03 9.782462896E+01
1.267780000E-02 4.807249553E-01 9.148223573E-03 9.779299248E+01
1.267920000E-02 4.808960348E-01 9.137515984E-03 9.778219446E+01
1.268200000E-02 4.812380049E-01 9.115437673E-03 9.776060558E+01
1.268260000E-02 4.813152789E-01 9.110572100E-03 9.775598063E+01
1.268380000E-02 4.814697897E-01 9.101266378E-03 9.774673205E+01
1.268590000E-02 4.817259773E-01 9.084249816E-03 9.773055124E+01
1.269000000E-02 4.822297688E-01 9.052137418E-03 9.769897557E+01
1.272600000E-02 4.866669627E-01 8.779355688E-03 9.742259940E+01
1.274870000E-02 4.894419676E-01 8.610882060E-03 9.724913128E+01
1.276390000E-02 4.912695729E-01 8.499093552E-03 9.713332132E+01
1.278670000E-02 4.940251408E-01 8.332333189E-03 9.696012263E+01
1.279970000E-02 4.956059537E-01 8.237338218E-03 9.686164519E+01
1.280940000E-02 4.967564734E-01 8.170038440E-03 9.678829610E+01
1.282510000E-02 4.986494530E-01 8.061913079E-03 9.666981154E+01
1.284070000E-02 5.004994045E-01 7.954415665E-03 9.655236864E+01
1.287010000E-02 5.039834027E-01 7.753890008E-03 9.633180783E+01
1.290040000E-02 5.075368358E-01 7.548849429E-03 9.610554711E+01
1.291560000E-02 5.093204932E-01 7.451472963E-03 9.599244325E+01
1.293070000E-02 5.110895680E-01 7.354674096E-03 9.588034677E+01
1.294830000E-02 5.131209610E-01 7.242873383E-03 9.575002124E+01
1.296590000E-02 5.151431336E-01 7.131652190E-03 9.562004951E+01
1.299000000E-02 5.179079574E-01 6.980149953E-03 9.544264819E+01
1.299970000E-02 5.190296209E-01 6.919453191E-03 9.537143165E+01
1.301290000E-02 5.205136791E-01 6.841208857E-03 9.527468896E+01
1.302850000E-02 5.223023746E-01 6.748567549E-03 9.516060943E+01
1.305980000E-02 5.258389369E-01 6.564452185E-03 9.493254108E+01
1.309110000E-02 5.293207195E-01 6.382018392E-03 9.470556332E+01
1.312240000E-02 5.328010505E-01 6.207331325E-03 9.447966835E+01
1.315370000E-02 5.362536244E-01 6.036539004E-03 9.425484845E+01
1.318500000E-02 5.396787188E-01 5.867296575E-03 9.403109594E+01
1.321630000E-02 5.430506471E-01 5.703793326E-03 9.380840326E+01
1.324760000E-02 5.464217225E-01 5.545514423E-03 9.358676289E+01
1.327890000E-02 5.497661290E-01 5.388636994E-03 9.336616738E+01
1.330430000E-02 5.524570987E-01 5.263227485E-03 9.318791669E+01
1.333580000E-02 5.557672059E-01 5.115064110E-03 9.296780096E+01
1.334150000E-02 5.563759876E-01 5.088250746E-03 9.292808155E+01
1.338350000E-02 5.607255345E-01 4.892776308E-03 9.263645534E+01
1.339860000E-02 5.622960314E-01 4.825958414E-03 9.253205559E+01
1.344650000E-02 5.671895094E-01 4.616411164E-03 9.220243186E+01
1.351840000E-02 5.744610032E-01 4.313551099E-03 9.171203693E+01
1.365720000E-02 5.880990453E-01 3.776394889E-03 9.077995490E+01
1.385790000E-02 6.070743313E-01 3.099133032E-03 8.946521479E+01
1.419240000E-02 6.404157737E-01 2.189825841E-03 8.735661340E+01
1.439470000E-02 6.600806150E-01 1.753632137E-03 8.612892245E+01
1.442910000E-02 6.633329272E-01 1.686576149E-03 8.592358498E+01
1.448220000E-02 6.683051540E-01 1.587277235E-03 8.560854014E+01
1.455350000E-02 6.748656018E-01 1.461477729E-03 8.518912976E+01
1.458920000E-02 6.780952873E-01 1.402049479E-03 8.498067063E+01
1.462480000E-02 6.812929924E-01 1.344064600E-03 8.477380887E+01
1.466050000E-02 6.844888734E-01 1.287418310E-03 8.456737492E+01
1.468990000E-02 6.870953542E-01 1.242711171E-03 8.439812388E+01
1.471920000E-02 6.896584027E-01 1.198785463E-03 8.423012120E+01
1.474330000E-02 6.917778038E-01 1.164162015E-03 8.409243521E+01
1.476740000E-02 6.938642411E-01 1.129755936E-03 8.395519861E+01
1.480310000E-02 6.969323996E-01 1.081048711E-03 8.375272747E+01
1.483870000E-02 7.001970980E-01 1.033292387E-03 8.355179362E+01
1.487430000E-02 7.038849462E-01 9.875092723E-04 8.335182160E+01
1.491240000E-02 7.077818185E-01 9.398145345E-04 8.313886430E+01
1.494690000E-02 7.112603851E-01 8.990993577E-04 8.294696559E+01
1.498870000E-02 7.154520912E-01 8.503194932E-04 8.271564579E+01
1.501690000E-02 7.182691652E-01 8.193217677E-04 8.256031538E+01
1.505490000E-02 7.220303560E-01 7.779948999E-04 8.235192529E+01
1.509340000E-02 7.257754570E-01 7.388736183E-04 8.214186333E+01
1.513400000E-02 7.297393394E-01 6.979678053E-04 8.192150126E+01
1.515950000E-02 7.324828054E-01 6.740434898E-04 8.178369999E+01
1.522520000E-02 7.394422239E-01 6.138972029E-04 8.143078580E+01
1.526190000E-02 7.432830021E-01 5.824382478E-04 8.123497074E+01
1.531300000E-02 7.485903058E-01 5.403983791E-04 8.096388689E+01
1.537240000E-02 7.546550216E-01 4.945161564E-04 8.065103692E+01
1.540930000E-02 7.583876169E-01 4.676303406E-04 8.045790529E+01
1.544610000E-02 7.620843069E-01 4.418317550E-04 8.026621607E+01
1.552490000E-02 7.698551933E-01 3.903243128E-04 7.985880746E+01
1.555680000E-02 7.729714907E-01 3.711242556E-04 7.969505297E+01
1.564430000E-02 7.813771444E-01 3.219184495E-04 7.924931125E+01
1.568950000E-02 7.856375787E-01 2.986116238E-04 7.902100131E+01
1.572760000E-02 7.892046676E-01 2.799495468E-04 7.882957349E+01
1.576300000E-02 7.925045680E-01 2.637035173E-04 7.865254076E+01
1.581370000E-02 7.974231739E-01 2.417558225E-04 7.840037436E+01
1.586230000E-02 8.030418602E-01 2.225560300E-04 7.816016593E+01
1.590730000E-02 8.084016197E-01 2.072620676E-04 7.793905943E+01
1.597130000E-02 8.164402691E-01 1.984404060E-04 7.762674297E+01
1.603220000E-02 8.247124119E-01 2.448222125E-04 7.733186961E+01
1.616390000E-02 8.461794833E-01 1.602652545E-03 7.670178608E+01
1.628640000E-02 8.735121939E-01 9.971167608E-03 7.612486492E+01
1.654210000E-02 9.085123884E-01 6.730628086E-02 7.494816257E+01
1.693570000E-02 8.954830616E-01 1.282477061E-01 7.320630384E+01
1.730000000E-02 8.668250645E-01 1.391094773E-01 7.166473988E+01
1.771870000E-02 8.588470317E-01 1.347898912E-01 6.997127329E+01
2.018370000E-02 8.843181597E-01 1.183543324E-01 6.142580399E+01
2.162720000E-02 9.077277875E-01 1.140954923E-01 5.732595990E+01
2.450000000E-02 9.450349853E-01 1.121547677E-01 5.060408163E+01
2.691540000E-02 9.665817218E-01 1.133749046E-01 4.606284878E+01
3.054920000E-02 9.863808739E-01 1.165113079E-01 4.058371414E+01
3.467370000E-02 9.974692574E-01 1.195902217E-01 3.575620715E+01
3.507520000E-02 9.980576114E-01 1.198111017E-01 3.534691178E+01
3.758370000E-02 1.000407690E+00 1.208891912E-01 3.298770478E+01
3.801890000E-02 1.000567813E+00 1.210056491E-01 3.261009656E+01
3.985760000E-02 1.000682184E+00 1.212785891E-01 3.110573642E+01
4.027170000E-02 1.000704574E+00 1.212635681E-01 3.078588686E+01
4.073800000E-02 1.000554654E+00 1.212346085E-01 3.043350189E+01
4.300000000E-02 9.994359511E-01 1.207881276E-01 2.883255814E+01
4.315190000E-02 9.993205927E-01 1.207333491E-01 2.873106399E+01
4.570880000E-02 9.971308210E-01 1.194980495E-01 2.712387987E+01
4.841720000E-02 9.942531596E-01 1.174463846E-01 2.560660261E+01
5.128610000E-02 9.911061049E-01 1.145512662E-01 2.417419145E+01
5.432500000E-02 9.876820556E-01 1.108232415E-01 2.282190520E+01
5.688530000E-02 9.849292059E-01 1.073169456E-01 2.179473432E+01
6.309570000E-02 9.792154047E-01 9.790503438E-02 1.964951653E+01
7.673620000E-02 9.728422512E-01 7.743658544E-02 1.615665097E+01
8.222430000E-02 9.722318608E-01 7.018963588E-02 1.507826762E+01
8.536910000E-02 9.724393833E-01 6.632068938E-02 1.452281915E+01
8.680150000E-02 9.726915170E-01 6.465543336E-02 1.428316331E+01
8.747580000E-02 9.728833525E-01 6.388411943E-02 1.417306272E+01
8.846320000E-02 9.733815922E-01 6.279218594E-02 1.401486720E+01
8.916190000E-02 9.739802309E-01 6.214103565E-02 1.390504240E+01
9.059220000E-02 9.752064339E-01 6.242040230E-02 1.368550493E+01
9.238620000E-02 9.737512339E-01 6.234825716E-02 1.341975317E+01
9.892600000E-02 9.705062070E-01 5.654204866E-02 1.253260013E+01
1.109350000E-01 9.707115975E-01 4.525297500E-02 1.117591382E+01
1.274410000E-01 9.733338156E-01 3.458917732E-02 9.728423349E+00
1.311570000E-01 9.740692917E-01 3.267698378E-02 9.452793217E+00
1.327790000E-01 9.744144896E-01 3.189199739E-02 9.337319908E+00
1.342540000E-01 9.747861737E-01 3.120941524E-02 9.234734161E+00
1.363220000E-01 9.755304729E-01 3.049809207E-02 9.094643565E+00
1.633250000E-01 9.780377777E-01 2.160609564E-02 7.590999541E+00
2.069630000E-01 9.831535327E-01 1.250591043E-02 5.990442736E+00
2.560000000E-01 9.874648428E-01 7.253991638E-03 4.842968750E+00
3.103670000E-01 9.907885061E-01 4.264846717E-03 3.994625717E+00
3.849810000E-01 9.936870409E-01 2.281134030E-03 3.220418670E+00
4.791900000E-01 9.958292840E-01 1.173557495E-03 2.587282706E+00
5.837810000E-01 9.971935290E-01 6.322483774E-04 2.123741609E+00
7.028540000E-01 9.981149804E-01 3.486837636E-04 1.763950977E+00
8.148740000E-01 9.986726504E-01 2.151450116E-04 1.521462214E+00
8.925340000E-01 9.989723849E-01 1.592953694E-04 1.389078735E+00
9.468670000E-01 9.991716497E-01 1.308573167E-04 1.309370799E+00
9.800540000E-01 9.993109878E-01 1.166296348E-04 1.265032335E+00
9.993060000E-01 9.994162849E-01 1.094169501E-04 1.240661019E+00
1.007540000E+00 9.994806663E-01 1.092653703E-04 1.230521865E+00
1.011960000E+00 9.995248406E-01 1.150332091E-04 1.225147239E+00
1.015670000E+00 9.995673651E-01 1.278326702E-04 1.220672069E+00
1.019040000E+00 9.996077571E-01 1.488844509E-04 1.216635265E+00
1.022950000E+00 9.996514784E-01 1.865677493E-04 1.211984946E+00
1.027760000E+00 9.996904321E-01 2.487408586E-04 1.206312758E+00
1.033550000E+00 9.997085610E-01 3.310863678E-04 1.199554932E+00
1.040170000E+00 9.996992667E-01 4.133553561E-04 1.191920551E+00
1.050000000E+00 9.996616653E-01 5.075390086E-04 1.180761905E+00
1.060400000E+00 9.995969687E-01 5.806154093E-04 1.169181441E+00
1.071040000E+00 9.995193447E-01 6.108041159E-04 1.157566477E+00
1.085000000E+00 9.994438661E-01 6.035229257E-04 1.142672811E+00
1.105000000E+00 9.993854685E-01 5.702350649E-04 1.121990950E+00
1.134190000E+00 9.993525530E-01 5.220465826E-04 1.093114910E+00
1.158080000E+00 9.993501868E-01 4.850320624E-04 1.070565073E+00
1.173560000E+00 9.993654585E-01 4.704670622E-04 1.056443642E+00
1.184120000E+00 9.993722984E-01 4.768503608E-04 1.047022261E+00
1.203500000E+00 9.993522150E-01 4.788914293E-04 1.030162027E+00
1.234220000E+00 9.993383702E-01 4.411377443E-04 1.004521074E+00
1.275150000E+00 9.993437090E-01 3.948282796E-04 9.722777712E-01
1.331910000E+00 9.993655740E-01 3.405938223E-04 9.308436756E-01
1.397900000E+00 9.993987094E-01 2.892195011E-04 8.869017812E-01
1.464940000E+00 9.994347119E-01 2.466640400E-04 8.463145248E-01
1.541810000E+00 9.994755742E-01 2.069959695E-04 8.041198332E-01
1.621810000E+00 9.995160273E-01 1.740159990E-04 7.644545292E-01
1.698240000E+00 9.995517020E-01 1.483157244E-04 7.300499340E-01
1.778280000E+00 9.995860117E-01 1.262975585E-04 6.971905437E-01
1.854330000E+00 9.996158050E-01 1.089862010E-04 6.685972831E-01
1.930790000E+00 9.996431196E-01 9.451586420E-05 6.421205828E-01
2.015840000E+00 9.996705535E-01 8.118581149E-05 6.150289706E-01
2.083740000E+00 9.996904297E-01 7.223114888E-05 5.949878584E-01
2.137960000E+00 9.997051027E-01 6.591938762E-05 5.798985949E-01
2.188050000E+00 9.997178795E-01 6.068901992E-05 5.666232490E-01
2.244850000E+00 9.997314603E-01 5.538749019E-05 5.522863443E-01
2.288000000E+00 9.997411491E-01 5.173249212E-05 5.418706294E-01
2.340860000E+00 9.997523735E-01 4.766509300E-05 5.296344079E-01
2.365410000E+00 9.997573507E-01 4.591042894E-05 5.241374645E-01
2.409540000E+00 9.997659563E-01 4.294494424E-05 5.145380446E-01
2.426190000E+00 9.997690969E-01 4.189449307E-05 5.110069698E-01
2.460570000E+00 9.997753925E-01 3.981784437E-05 5.038669902E-01
2.481840000E+00 9.997791689E-01 3.860778656E-05 4.995487219E-01
2.501180000E+00 9.997825202E-01 3.754146288E-05 4.956860362E-01
2.506670000E+00 9.997834586E-01 3.724448666E-05 4.946004061E-01
2.520130000E+00 9.997857358E-01 3.653498509E-05 4.919587482E-01
2.559010000E+00 9.997921191E-01 3.457364482E-05 4.844842341E-01
2.607650000E+00 9.997997200E-01 3.230721299E-05 4.754472418E-01
2.701590000E+00 9.998133003E-01 2.843440446E-05 4.589149353E-01
2.776120000E+00 9.998231471E-01 2.575882840E-05 4.465945276E-01
2.840650000E+00 9.998310823E-01 2.369006494E-05 4.364494042E-01
2.912560000E+00 9.998393310E-01 2.162589222E-05 4.256736342E-01
2.993070000E+00 9.998478940E-01 1.958331990E-05 4.142235230E-01
3.081000000E+00 9.998564959E-01 1.762178539E-05 4.024018176E-01
3.143000000E+00 9.998621468E-01 1.638171155E-05 3.944638880E-01
3.209210000E+00 9.998678316E-01 1.517818949E-05 3.863256066E-01
3.285010000E+00 9.998739229E-01 1.393359001E-05 3.774113321E-01
3.311310000E+00 9.998759422E-01 1.353129743E-05 3.744137517E-01
3.325140000E+00 9.998769847E-01 1.332587596E-05 3.728564812E-01
3.373200000E+00 9.998805098E-01 1.264064821E-05 3.675441717E-01
3.461770000E+00 9.998866281E-01 1.149707112E-05 3.581404888E-01
3.593540000E+00 9.998949001E-01 1.002084613E-05 3.450079866E-01
3.890450000E+00 9.999105784E-01 7.472144061E-06 3.186777879E-01
4.453430000E+00 9.999321457E-01 4.525834342E-06 2.783921606E-01
5.072430000E+00 9.999480192E-01 2.784822466E-06 2.444193414E-01
5.776450000E+00 9.999602013E-01 1.709709811E-06 2.146300929E-01
6.592690000E+00 9.999697091E-01 1.039014198E-06 1.880567720E-01
7.494910000E+00 9.999768262E-01 6.392980182E-07 1.654189310E-01
8.119000000E+00 9.999804608E-01 4.718050128E-07 1.527035349E-01
8.564330000E+00 9.999826285E-01 3.850615714E-07 1.447632214E-01
8.891340000E+00 9.999840717E-01 3.336695572E-07 1.394390497E-01
9.164280000E+00 9.999852395E-01 2.972835341E-07 1.352861327E-01
9.324750000E+00 9.999859678E-01 2.783618161E-07 1.329579881E-01
9.401740000E+00 9.999863687E-01 2.743637543E-07 1.318692072E-01
9.442250000E+00 9.999866133E-01 2.855646774E-07 1.313034499E-01
9.469720000E+00 9.999867977E-01 3.095377783E-07 1.309225616E-01
9.492900000E+00 9.999869641E-01 3.482229010E-07 1.306028716E-01
9.514350000E+00 9.999871232E-01 4.050491836E-07 1.303084288E-01
9.539770000E+00 9.999873095E-01 5.044663262E-07 1.299612045E-01
9.569530000E+00 9.999875061E-01 6.676524861E-07 1.295570420E-01
9.613260000E+00 9.999876929E-01 9.769665701E-07 1.289676967E-01
9.654980000E+00 9.999877620E-01 1.281935916E-06 1.284104162E-01
9.700180000E+00 9.999877056E-01 1.538585487E-06 1.278120612E-01
9.744540000E+00 9.999876027E-01 1.677830340E-06 1.272302233E-01
9.809160000E+00 9.999874918E-01 1.730416586E-06 1.263920662E-01
9.872310000E+00 9.999874682E-01 1.708610092E-06 1.255835767E-01
9.977790000E+00 9.999875243E-01 1.650298864E-06 1.242559725E-01
1.014660000E+01 9.999877284E-01 1.557564818E-06 1.221887135E-01
1.036150000E+01 9.999880574E-01 1.444822830E-06 1.196544902E-01
1.061780000E+01 9.999884880E-01 1.323644719E-06 1.167661851E-01
1.088680000E+01 9.999889474E-01 1.210273616E-06 1.138810302E-01
1.117380000E+01 9.999894262E-01 1.102612585E-06 1.109559863E-01
1.142730000E+01 9.999898341E-01 1.017406085E-06 1.084945700E-01
1.174900000E+01 9.999903274E-01 9.207975601E-07 1.055238744E-01
1.207490000E+01 9.999907989E-01 8.332404787E-07 1.026757986E-01
1.235130000E+01 9.999911767E-01 7.670604548E-07 1.003780979E-01
1.269250000E+01 9.999916168E-01 6.941574912E-07 9.767973213E-02
1.296450000E+01 9.999919465E-01 6.424688899E-07 9.563037526E-02
1.316360000E+01 9.999921770E-01 6.076371231E-07 9.418396183E-02
1.350440000E+01 9.999925500E-01 5.531945949E-07 9.180711472E-02
1.377950000E+01 9.999928338E-01 5.137762405E-07 8.997423709E-02
1.412540000E+01 9.999931692E-01 4.692615038E-07 8.777096578E-02
1.459090000E+01 9.999935860E-01 4.166384800E-07 8.497076945E-02
1.501860000E+01 9.999939376E-01 3.746507603E-07 8.255097013E-02
1.548820000E+01 9.999942922E-01 3.343472452E-07 8.004803657E-02
1.603250000E+01 9.999946668E-01 2.938585732E-07 7.733042258E-02
1.698240000E+01 9.999952400E-01 2.370152950E-07 7.300499340E-02
1.831590000E+01 9.999959032E-01 1.787496812E-07 6.768982141E-02
1.984170000E+01 9.999965069E-01 1.322688174E-07 6.248456533E-02
2.212090000E+01 9.999971896E-01 8.752828365E-08 5.604654422E-02
2.522820000E+01 9.999978407E-01 5.303029836E-08 4.914341887E-02
2.845200000E+01 9.999983041E-01 3.338619216E-08 4.357514410E-02
3.213600000E+01 9.999986722E-01 2.083282669E-08 3.857978591E-02
3.624210000E+01 9.999989573E-01 1.303870934E-08 3.420883448E-02
4.091840000E+01 9.999991830E-01 8.094765714E-09 3.029932744E-02
4.612830000E+01 9.999993579E-01 5.051430686E-09 2.687720987E-02
5.166510000E+01 9.999994887E-01 3.221353037E-09 2.399685668E-02
5.784980000E+01 9.999995925E-01 2.054898102E-09 2.143136191E-02
6.421000000E+01 9.999996695E-01 1.353643947E-09 1.930851892E-02
6.997390000E+01 9.999997219E-01 9.598377626E-10 1.771803487E-02
7.556920000E+01 9.999997616E-01 7.046234133E-10 1.640615489E-02
7.977650000E+01 9.999997862E-01 5.665825089E-10 1.554091744E-02
8.249370000E+01 9.999998001E-01 4.950094042E-10 1.502902646E-02
8.478610000E+01 9.999998108E-01 4.432766867E-10 1.462267990E-02
8.620820000E+01 9.999998170E-01 4.145106337E-10 1.438146255E-02
8.639150000E+01 9.999998177E-01 4.109290552E-10 1.435094888E-02
8.858360000E+01 9.999998267E-01 3.714916785E-10 1.399581864E-02
9.280690000E+01 9.999998421E-01 3.079269197E-10 1.335892051E-02
9.809080000E+01 9.999998587E-01 2.463584533E-10 1.263930970E-02
1.061160000E+02 9.999998793E-01 1.791837907E-10 1.168344076E-02
1.166010000E+02 9.999999001E-01 1.224683731E-10 1.063284191E-02
1.299520000E+02 9.999999196E-01 7.901862948E-11 9.540445703E-03
1.450130000E+02 9.999999354E-01 5.072512464E-11 8.549578314E-03
1.626650000E+02 9.999999487E-01 3.187639609E-11 7.621799404E-03
1.815210000E+02 9.999999588E-01 2.051800612E-11 6.830063739E-03
2.029390000E+02 9.999999670E-01 1.312293478E-11 6.109224940E-03
2.260010000E+02 9.999999734E-01 8.537677648E-12 5.485816434E-03
2.535040000E+02 9.999999789E-01 5.413164211E-12 4.890652613E-03
2.844360000E+02 9.999999832E-01 3.446711886E-12 4.358801277E-03
3.190380000E+02 9.999999867E-01 2.207342660E-12 3.886057460E-03
3.575080000E+02 9.999999894E-01 1.426990883E-12 3.467894425E-03
4.025810000E+02 9.999999916E-01 9.119511928E-13 3.079628696E-03
4.525450000E+02 9.999999934E-01 5.915258382E-13 2.739617055E-03
5.141110000E+02 9.999999949E-01 3.729010939E-13 2.411541476E-03
5.824170000E+02 9.999999960E-01 2.401285859E-13 2.128715336E-03
6.664230000E+02 9.999999969E-01 1.513122453E-13 1.860379969E-03
7.646500000E+02 9.999999977E-01 9.604436839E-14 1.621395410E-03
8.912510000E+02 9.999999983E-01 5.895447341E-14 1.391078383E-03
1.022000000E+03 9.999999987E-01 3.869855206E-14 1.213111546E-03
1.228710000E+03 9.999999991E-01 2.206154826E-14 1.009025726E-03
1.477240000E+03 9.999999994E-01 1.257683672E-14 8.392678238E-04
1.776030000E+03 9.999999996E-01 7.169875647E-15 6.980737938E-04
2.135260000E+03 9.999999997E-01 4.087419497E-15 5.806318668E-04
2.567150000E+03 9.999999998E-01 2.330168031E-15 4.829480163E-04
3.086390000E+03 9.999999999E-01 1.328392696E-15 4.016990724E-04
3.710660000E+03 9.999999999E-01 7.572939191E-16 3.341184587E-04
4.461190000E+03 9.999999999E-01 4.317216285E-16 2.779079125E-04
5.363530000E+03 1.000000000E+00 2.461184300E-16 2.311537364E-04
6.448380000E+03 1.000000000E+00 1.403077405E-16 1.922653442E-04
7.752660000E+03 1.000000000E+00 7.998717212E-17 1.599193051E-04
9.320750000E+03 1.000000000E+00 4.559934519E-17 1.330150471E-04
1.000000000E+04 0.000000000E+00 0.000000000E+00 1.239800000E-04
