# 11/08/2021 
# Data retrieved from www.chemicool.com/densities.html 
# Includes the real (n) and complex (k) part of the  refractive index. 
# Element, Ag  (Z = 47) 
# Nominal density, g cm-3 =  10.5 
#    E [keV]      n       k    Wavelength [nm] 
1.069000000E-02 -1.563802087E+01 7.074589506E-03 1.160000000E+02
1.142761000E-02 5.712600110E-02 1.518088852E+00 1.085000000E+02
1.221612000E-02 1.110717306E-01 1.412299488E+00 1.015000000E+02
1.305903000E-02 1.590121991E-01 1.308464968E+00 9.494000000E+01
1.396010000E-02 2.019486054E-01 1.207118441E+00 8.881000000E+01
1.492335000E-02 2.417197337E-01 1.108094829E+00 8.308000000E+01
1.595306000E-02 2.797619649E-01 1.012175696E+00 7.772000000E+01
1.705382000E-02 3.170035632E-01 9.199513783E-01 7.270000000E+01
1.823053000E-02 3.536728133E-01 8.323846252E-01 6.801000000E+01
1.948844000E-02 3.901549933E-01 7.497391335E-01 6.362000000E+01
2.083314000E-02 4.265030483E-01 6.723571153E-01 5.951000000E+01
2.227063000E-02 4.624845878E-01 6.006406069E-01 5.567000000E+01
2.380730000E-02 4.980038825E-01 5.345847666E-01 5.208000000E+01
2.545001000E-02 5.329513420E-01 4.740840985E-01 4.872000000E+01
2.720606000E-02 5.672204668E-01 4.189221062E-01 4.557000000E+01
2.908327000E-02 6.003476841E-01 3.691626867E-01 4.263000000E+01
3.109002000E-02 6.322938481E-01 3.244086042E-01 3.988000000E+01
3.323523000E-02 6.628757993E-01 2.843940601E-01 3.731000000E+01
3.552846000E-02 6.921457938E-01 2.486578664E-01 3.490000000E+01
3.797993000E-02 7.200270156E-01 2.168883905E-01 3.264000000E+01
4.060054000E-02 7.461790482E-01 1.889998986E-01 3.054000000E+01
4.340198000E-02 7.710359376E-01 1.643710291E-01 2.857000000E+01
4.639671000E-02 7.948366795E-01 1.426750577E-01 2.672000000E+01
4.959809000E-02 8.179071274E-01 1.237953512E-01 2.500000000E+01
5.302035000E-02 8.429965621E-01 1.072064024E-01 2.338000000E+01
5.478200000E-02 8.607223235E-01 9.992162833E-02 2.263000000E+01
5.562050000E-02 8.803857387E-01 9.670394435E-02 2.229000000E+01
5.584410000E-02 9.018103851E-01 9.586111144E-02 2.220000000E+01
5.617950000E-02 8.794245894E-01 1.354459032E-01 2.207000000E+01
5.667876000E-02 8.664432732E-01 1.309525146E-01 2.187000000E+01
5.701800000E-02 8.625106050E-01 1.280832068E-01 2.174000000E+01
6.058959000E-02 8.607385452E-01 1.033901129E-01 2.046000000E+01
6.134800000E-02 8.640426256E-01 9.921019361E-02 2.021000000E+01
6.228700000E-02 8.725418296E-01 9.434822704E-02 1.991000000E+01
6.253740000E-02 8.814923974E-01 9.305706862E-02 1.983000000E+01
6.291300000E-02 8.727017530E-01 1.078232637E-01 1.971000000E+01
6.385200000E-02 8.667668182E-01 1.016297880E-01 1.942000000E+01
6.477028000E-02 8.661651397E-01 9.610348281E-02 1.914000000E+01
6.923942000E-02 8.742322031E-01 7.545140166E-02 1.791000000E+01
7.401695000E-02 8.866672995E-01 6.063986932E-02 1.675000000E+01
7.912411000E-02 8.989620940E-01 4.962420669E-02 1.567000000E+01
8.458368000E-02 9.103714249E-01 4.104388460E-02 1.466000000E+01
9.041995000E-02 9.208700499E-01 3.414989466E-02 1.371000000E+01
9.329600000E-02 9.255223522E-01 3.139818639E-02 1.329000000E+01
9.472400000E-02 9.279601782E-01 3.014899677E-02 1.309000000E+01
9.510480000E-02 9.289033185E-01 2.983864723E-02 1.304000000E+01
9.567600000E-02 9.292907899E-01 3.019784197E-02 1.296000000E+01
9.665893000E-02 9.303118703E-01 2.941719315E-02 1.283000000E+01
9.710400000E-02 9.308485323E-01 2.906466693E-02 1.277000000E+01
1.033284000E-01 9.380781950E-01 2.478961979E-02 1.200000000E+01
1.104581000E-01 9.452726556E-01 2.093464232E-02 1.122000000E+01
1.180797000E-01 9.516241695E-01 1.774362088E-02 1.050000000E+01
1.262272000E-01 9.573299984E-01 1.504728930E-02 9.822000000E+00
1.349368000E-01 9.624069179E-01 1.277590402E-02 9.188000000E+00
1.442475000E-01 9.669211035E-01 1.085700510E-02 8.595000000E+00
1.542005000E-01 9.709348252E-01 9.232143388E-03 8.040000000E+00
1.648404000E-01 9.744995315E-01 7.854591623E-03 7.521000000E+00
1.762144000E-01 9.776607355E-01 6.685900827E-03 7.036000000E+00
1.883732000E-01 9.804718060E-01 5.691461578E-03 6.582000000E+00
2.013709000E-01 9.829766426E-01 4.844353510E-03 6.157000000E+00
2.152655000E-01 9.852044549E-01 4.123325756E-03 5.760000000E+00
2.301188000E-01 9.871960994E-01 3.507487225E-03 5.388000000E+00
2.459970000E-01 9.889801596E-01 2.981484825E-03 5.040000000E+00
2.629708000E-01 9.905861198E-01 2.532566215E-03 4.715000000E+00
2.811158000E-01 9.920525557E-01 2.147869481E-03 4.410000000E+00
3.005128000E-01 9.934086946E-01 1.820385456E-03 4.126000000E+00
3.212482000E-01 9.947221055E-01 1.539710525E-03 3.859000000E+00
3.434143000E-01 9.961202018E-01 1.300929326E-03 3.610000000E+00
3.593660000E-01 9.974412540E-01 1.159096504E-03 3.450000000E+00
3.648665000E-01 9.983651105E-01 1.114978211E-03 3.398000000E+00
3.653440000E-01 9.985223277E-01 1.111537049E-03 3.394000000E+00
3.663333000E-01 9.991242639E-01 1.103340832E-03 3.384000000E+00
3.671099000E-01 9.991547590E-01 2.338897029E-03 3.377000000E+00
3.685335000E-01 9.987094251E-01 2.342375112E-03 3.364000000E+00
3.709360000E-01 9.987096245E-01 2.348425046E-03 3.342000000E+00
3.724272000E-01 9.990907779E-01 2.353236751E-03 3.329000000E+00
3.740340000E-01 9.987418397E-01 3.213280654E-03 3.315000000E+00
3.746640000E-01 9.986244984E-01 3.218355695E-03 3.309000000E+00
3.802560000E-01 9.982484743E-01 3.274956383E-03 3.261000000E+00
3.924405000E-01 9.981020548E-01 3.409108451E-03 3.159000000E+00
4.195189000E-01 9.980428466E-01 3.742437552E-03 2.955000000E+00
4.484657000E-01 9.978536967E-01 3.897326436E-03 2.765000000E+00
4.794098000E-01 9.976310521E-01 3.812898317E-03 2.586000000E+00
5.124891000E-01 9.974712020E-01 3.541098648E-03 2.419000000E+00
5.478508000E-01 9.974639442E-01 3.152953840E-03 2.263000000E+00
5.599720000E-01 9.975378880E-01 3.011964257E-03 2.214000000E+00
5.685430000E-01 9.977049682E-01 2.913216419E-03 2.181000000E+00
5.708286000E-01 9.979056947E-01 2.885998257E-03 2.172000000E+00
5.742570000E-01 9.977019550E-01 3.236108343E-03 2.159000000E+00
5.828280000E-01 9.975386587E-01 3.125903517E-03 2.127000000E+00
5.856525000E-01 9.975171628E-01 3.090924367E-03 2.117000000E+00
5.903520000E-01 9.974979570E-01 3.031742959E-03 2.100000000E+00
5.993880000E-01 9.975190840E-01 2.922412133E-03 2.069000000E+00
6.017976000E-01 9.975897991E-01 2.891241420E-03 2.060000000E+00
6.054120000E-01 9.975005579E-01 2.998690894E-03 2.048000000E+00
6.144480000E-01 9.974179413E-01 2.888998757E-03 2.018000000E+00
6.260625000E-01 9.973829379E-01 2.750815009E-03 1.980000000E+00
6.692609000E-01 9.974074363E-01 2.295598339E-03 1.853000000E+00
7.031500000E-01 9.975182985E-01 1.989930748E-03 1.763000000E+00
7.139125000E-01 9.975828422E-01 1.904145147E-03 1.737000000E+00
7.154399000E-01 9.976024184E-01 1.891437537E-03 1.733000000E+00
7.167825000E-01 9.976329327E-01 1.881511215E-03 1.730000000E+00
7.210875000E-01 9.976052089E-01 1.927656877E-03 1.719000000E+00
7.318500000E-01 9.976018722E-01 1.845891785E-03 1.694000000E+00
7.648052000E-01 9.976834880E-01 1.618176136E-03 1.621000000E+00
8.175768000E-01 9.978559879E-01 1.319622585E-03 1.516000000E+00
8.739896000E-01 9.980414340E-01 1.074154976E-03 1.419000000E+00
9.342948000E-01 9.982311251E-01 8.709607908E-04 1.327000000E+00
9.987612000E-01 9.984120874E-01 7.051244027E-04 1.241000000E+00
1.067676000E+00 9.985808413E-01 5.664685239E-04 1.161000000E+00
1.141345000E+00 9.987388718E-01 4.540030349E-04 1.086000000E+00
1.220098000E+00 9.988838172E-01 3.636018568E-04 1.016000000E+00
1.304285000E+00 9.990150595E-01 2.909062905E-04 9.506000000E-01
1.394281000E+00 9.991334283E-01 2.325888465E-04 8.892000000E-01
1.490486000E+00 9.992388928E-01 1.857397306E-04 8.318000000E-01
1.593329000E+00 9.993330999E-01 1.471825426E-04 7.781000000E-01
1.703269000E+00 9.994168660E-01 1.168257098E-04 7.279000000E-01
1.820795000E+00 9.994908638E-01 9.287350689E-05 6.809000000E-01
1.946430000E+00 9.995560663E-01 7.396671840E-05 6.370000000E-01
2.080733000E+00 9.996134454E-01 5.900516624E-05 5.959000000E-01
2.224304000E+00 9.996639048E-01 4.714262995E-05 5.574000000E-01
2.377781000E+00 9.997082624E-01 3.760040720E-05 5.214000000E-01
2.541848000E+00 9.997474093E-01 2.989330170E-05 4.878000000E-01
2.717235000E+00 9.997823279E-01 2.377548952E-05 4.563000000E-01
2.904724000E+00 9.998138854E-01 1.892720292E-05 4.268000000E-01
3.105150000E+00 9.998434408E-01 1.488497110E-05 3.993000000E-01
3.284078000E+00 9.998727537E-01 1.205005879E-05 3.775000000E-01
3.319406000E+00 9.998822820E-01 1.157635803E-05 3.735000000E-01
3.334344000E+00 9.998889686E-01 1.138145082E-05 3.718000000E-01
3.347749000E+00 9.999035580E-01 1.121654628E-05 3.704000000E-01
3.367855000E+00 9.998921179E-01 3.705503155E-05 3.681000000E-01
3.418122000E+00 9.998852689E-01 3.555733254E-05 3.627000000E-01
3.453226000E+00 9.998856224E-01 3.456111714E-05 3.590000000E-01
3.506081000E+00 9.998907562E-01 3.313475379E-05 3.536000000E-01
3.520176000E+00 9.998969464E-01 3.275222954E-05 3.522000000E-01
3.541318000E+00 9.998912425E-01 4.390232895E-05 3.501000000E-01
3.548445000E+00 9.998900796E-01 4.363065873E-05 3.494000000E-01
3.594174000E+00 9.998872728E-01 4.192536639E-05 3.450000000E-01
3.729684000E+00 9.998890971E-01 3.713534775E-05 3.324000000E-01
3.786771000E+00 9.998925231E-01 3.520931329E-05 3.274000000E-01
3.793288000E+00 9.998933209E-01 3.500913982E-05 3.269000000E-01
3.801994000E+00 9.998955162E-01 3.471218922E-05 3.261000000E-01
3.824829000E+00 9.998934314E-01 3.911421312E-05 3.242000000E-01
3.881916000E+00 9.998927691E-01 3.713044184E-05 3.194000000E-01
4.055024000E+00 9.998966527E-01 3.177144808E-05 3.058000000E-01
4.334821000E+00 9.999057414E-01 2.488723923E-05 2.860000000E-01
4.633924000E+00 9.999154059E-01 1.951749244E-05 2.676000000E-01
4.953664000E+00 9.999247731E-01 1.532726911E-05 2.503000000E-01
5.295467000E+00 9.999334567E-01 1.203912058E-05 2.341000000E-01
5.660855000E+00 9.999413119E-01 9.473657134E-06 2.190000000E-01
6.051453000E+00 9.999483457E-01 7.462879042E-06 2.049000000E-01
6.469004000E+00 9.999546137E-01 5.880739756E-06 1.917000000E-01
6.915365000E+00 9.999601229E-01 4.623748924E-06 1.793000000E-01
7.392525000E+00 9.999650354E-01 3.623677428E-06 1.677000000E-01
7.902609000E+00 9.999693543E-01 2.840147531E-06 1.569000000E-01
8.447890000E+00 9.999731750E-01 2.226605946E-06 1.468000000E-01
9.030794000E+00 9.999765412E-01 1.741621966E-06 1.373000000E-01
9.653919000E+00 9.999795042E-01 1.351161774E-06 1.284000000E-01
1.032004000E+01 9.999820955E-01 1.049627290E-06 1.201000000E-01
1.103212000E+01 9.999843461E-01 8.167845521E-07 1.124000000E-01
1.179334000E+01 9.999863407E-01 6.346511536E-07 1.051000000E-01
1.260708000E+01 9.999880668E-01 4.941836191E-07 9.834000000E-02
1.347697000E+01 9.999895790E-01 3.850533128E-07 9.200000000E-02
1.440688000E+01 9.999909022E-01 3.000766529E-07 8.606000000E-02
1.540095000E+01 9.999920589E-01 2.333202861E-07 8.050000000E-02
1.646362000E+01 9.999930679E-01 1.813016918E-07 7.531000000E-02
1.759961000E+01 9.999939513E-01 1.403366524E-07 7.045000000E-02
1.881398000E+01 9.999947252E-01 1.087033615E-07 6.590000000E-02
2.011215000E+01 9.999954024E-01 8.429092952E-08 6.165000000E-02
2.149988000E+01 9.999959983E-01 6.541037664E-08 5.767000000E-02
2.298338000E+01 9.999965266E-01 5.081082202E-08 5.395000000E-02
2.456923000E+01 9.999970167E-01 3.948858679E-08 5.046000000E-02
2.500372000E+01 9.999971538E-01 3.697684027E-08 4.959000000E-02
2.538643000E+01 9.999973197E-01 3.491987167E-08 4.884000000E-02
2.548849000E+01 9.999974374E-01 3.439064176E-08 4.864000000E-02
2.564157000E+01 9.999973717E-01 2.202783315E-07 4.835000000E-02
2.602428000E+01 9.999973638E-01 2.083789055E-07 4.764000000E-02
2.626450000E+01 9.999973876E-01 2.013645668E-07 4.721000000E-02
2.807676000E+01 9.999976487E-01 1.585090921E-07 4.416000000E-02
3.001405000E+01 9.999979166E-01 1.247385676E-07 4.131000000E-02
3.208502000E+01 9.999981636E-01 9.722969986E-08 3.864000000E-02
3.429889000E+01 9.999983853E-01 7.563351223E-08 3.615000000E-02
3.666551000E+01 9.999985833E-01 5.893109232E-08 3.381000000E-02
3.919543000E+01 9.999987576E-01 4.594784334E-08 3.163000000E-02
4.189992000E+01 9.999989112E-01 3.582695147E-08 2.959000000E-02
4.479101000E+01 9.999990464E-01 2.793474476E-08 2.768000000E-02
4.788159000E+01 9.999991654E-01 2.177941128E-08 2.589000000E-02
5.118542000E+01 9.999992688E-01 1.698140983E-08 2.422000000E-02
5.471721000E+01 9.999993600E-01 1.316433260E-08 2.266000000E-02
5.849270000E+01 9.999994399E-01 1.020512337E-08 2.120000000E-02
6.252870000E+01 9.999995100E-01 7.908708464E-09 1.983000000E-02
6.684318000E+01 9.999995714E-01 6.130444621E-09 1.855000000E-02
7.145536000E+01 9.999996252E-01 4.750950151E-09 1.735000000E-02
7.638578000E+01 9.999996722E-01 3.682850381E-09 1.623000000E-02
8.165640000E+01 9.999997133E-01 2.849828934E-09 1.518000000E-02
8.729069000E+01 9.999997492E-01 2.198466739E-09 1.420000000E-02
9.331374000E+01 9.999997805E-01 1.697815474E-09 1.329000000E-02
9.975239000E+01 9.999998080E-01 1.309510700E-09 1.243000000E-02
1.066353000E+02 9.999998320E-01 1.010855695E-09 1.163000000E-02
1.139931000E+02 9.999998530E-01 7.797108306E-10 1.088000000E-02
1.218587000E+02 9.999998716E-01 6.001266901E-10 1.017000000E-02
1.302669000E+02 9.999998876E-01 4.630533631E-10 9.518000000E-03
1.392553000E+02 9.999999017E-01 3.569259335E-10 8.903000000E-03
1.488640000E+02 9.999999140E-01 2.752159927E-10 8.329000000E-03
1.591356000E+02 9.999999248E-01 2.121648592E-10 7.791000000E-03
1.701159000E+02 9.999999342E-01 1.635764018E-10 7.288000000E-03
1.818539000E+02 9.999999424E-01 1.261468910E-10 6.818000000E-03
1.944018000E+02 9.999999496E-01 9.727344815E-11 6.378000000E-03
2.078156000E+02 9.999999559E-01 7.500316059E-11 5.966000000E-03
2.221548000E+02 9.999999614E-01 5.784191961E-11 5.581000000E-03
2.374835000E+02 9.999999663E-01 4.461135816E-11 5.221000000E-03
2.538699000E+02 9.999999705E-01 3.440563403E-11 4.884000000E-03
2.713869000E+02 9.999999742E-01 2.653886876E-11 4.569000000E-03
2.901126000E+02 9.999999774E-01 2.046827221E-11 4.274000000E-03
3.101304000E+02 9.999999802E-01 1.578667970E-11 3.998000000E-03
3.315294000E+02 9.999999827E-01 1.217737140E-11 3.740000000E-03
3.544049000E+02 9.999999849E-01 9.390147373E-12 3.498000000E-03
3.788588000E+02 9.999999868E-01 7.247100039E-12 3.273000000E-03
4.050001000E+02 9.999999884E-01 5.587853364E-12 3.061000000E-03
4.329451000E+02 0.000000000E+00 0.000000000E+00 2.864000000E-03
