# 11/08/2021 
# Data retrieved from www.chemicool.com/densities.html 
# Includes the real (n) and complex (k) part of the  refractive index. 
# Element, Al  (Z = 13) 
# Nominal density, g cm-3 =  2.702 
#    E [keV]      n       k    Wavelength [nm] 
8.208152000E-03 -7.027945091E+00 2.886473677E-05 1.511000000E+02
8.333787000E-03 -8.440628707E-01 0.000000000E+00 1.488000000E+02
8.367290000E-03 -7.985805974E-01 0.000000000E+00 1.482000000E+02
8.417543000E-03 -8.127933701E-01 6.055711775E-02 1.473000000E+02
8.543178000E-03 -7.889895489E-01 5.151089497E-02 1.451000000E+02
1.069000000E-02 -1.527327733E-01 6.678790242E-03 1.160000000E+02
1.142761000E-02 -5.049288271E-03 4.792013872E-03 1.085000000E+02
1.221612000E-02 1.236695145E-01 3.808266823E-03 1.015000000E+02
1.305903000E-02 2.363440140E-01 3.286324445E-03 9.494000000E+01
1.396010000E-02 3.347226775E-01 3.029243431E-03 8.881000000E+01
1.492335000E-02 4.206753157E-01 2.938646761E-03 8.308000000E+01
1.595306000E-02 4.958321453E-01 2.962656396E-03 7.772000000E+01
1.705382000E-02 5.616241437E-01 3.069470123E-03 7.270000000E+01
1.823053000E-02 6.190777023E-01 3.239166247E-03 6.801000000E+01
1.948844000E-02 6.693295023E-01 3.453673291E-03 6.362000000E+01
2.083314000E-02 7.132732606E-01 3.696285556E-03 5.951000000E+01
2.227063000E-02 7.516157623E-01 3.950590115E-03 5.567000000E+01
2.380730000E-02 7.850792744E-01 4.198071614E-03 5.208000000E+01
2.545001000E-02 8.142590765E-01 4.419608701E-03 4.872000000E+01
2.720606000E-02 8.398239095E-01 4.596134176E-03 4.557000000E+01
2.908327000E-02 8.620949861E-01 4.715227733E-03 4.263000000E+01
3.109002000E-02 8.815479161E-01 4.764047956E-03 3.988000000E+01
3.323523000E-02 8.985472858E-01 4.737582491E-03 3.731000000E+01
3.552846000E-02 9.134742467E-01 4.624642674E-03 3.490000000E+01
3.797993000E-02 9.266268647E-01 4.424293471E-03 3.264000000E+01
4.060054000E-02 9.381913463E-01 4.159880083E-03 3.054000000E+01
4.340198000E-02 9.485024502E-01 3.845394115E-03 2.857000000E+01
4.639671000E-02 9.577731996E-01 3.501391784E-03 2.672000000E+01
4.959809000E-02 9.661477418E-01 3.146771066E-03 2.500000000E+01
5.302035000E-02 9.739061243E-01 2.783949955E-03 2.338000000E+01
5.667876000E-02 9.812533355E-01 2.435312182E-03 2.187000000E+01
6.058959000E-02 9.885602090E-01 2.109338133E-03 2.046000000E+01
6.477028000E-02 9.965324469E-01 1.810770217E-03 1.914000000E+01
6.923942000E-02 1.007426497E+00 1.543785112E-03 1.791000000E+01
7.163800000E-02 1.018276848E+00 1.419146316E-03 1.731000000E+01
7.273450000E-02 1.031962285E+00 1.366298709E-03 1.705000000E+01
7.302690000E-02 1.047018646E+00 1.352373475E-03 1.698000000E+01
7.346550000E-02 1.032755213E+00 3.026796120E-02 1.688000000E+01
7.401695000E-02 1.024793285E+00 3.046373686E-02 1.675000000E+01
7.456200000E-02 1.020938107E+00 3.068181659E-02 1.663000000E+01
7.912411000E-02 1.010189711E+00 3.245389853E-02 1.567000000E+01
8.458368000E-02 1.004681325E+00 3.417439842E-02 1.466000000E+01
9.041995000E-02 1.000054297E+00 3.446477492E-02 1.371000000E+01
9.665893000E-02 9.960713587E-01 3.349039573E-02 1.283000000E+01
1.033284000E-01 9.928711623E-01 3.144345745E-02 1.200000000E+01
1.104581000E-01 9.906898060E-01 2.867084724E-02 1.122000000E+01
1.153460000E-01 9.902127446E-01 2.669015638E-02 1.075000000E+01
1.171115000E-01 9.909119279E-01 2.597073027E-02 1.059000000E+01
1.175823000E-01 9.921186621E-01 2.573959218E-02 1.054000000E+01
1.180797000E-01 9.910448395E-01 2.809237599E-02 1.050000000E+01
1.182885000E-01 9.906466991E-01 2.799347997E-02 1.048000000E+01
1.200540000E-01 9.891689915E-01 2.724867136E-02 1.033000000E+01
1.262272000E-01 9.872876291E-01 2.463428420E-02 9.822000000E+00
1.349368000E-01 9.862033307E-01 2.126533943E-02 9.188000000E+00
1.442475000E-01 9.858919649E-01 1.810384449E-02 8.595000000E+00
1.542005000E-01 9.860947319E-01 1.523270316E-02 8.040000000E+00
1.648404000E-01 9.866462748E-01 1.269265515E-02 7.521000000E+00
1.762144000E-01 9.874229171E-01 1.049290860E-02 7.036000000E+00
1.883732000E-01 9.883333116E-01 8.616638021E-03 6.582000000E+00
2.013709000E-01 9.893069139E-01 7.036889387E-03 6.157000000E+00
2.152655000E-01 9.902897493E-01 5.722110392E-03 5.760000000E+00
2.301188000E-01 9.912510485E-01 4.634689222E-03 5.388000000E+00
2.459970000E-01 9.921651814E-01 3.742316707E-03 5.040000000E+00
2.629708000E-01 9.930170147E-01 3.014637979E-03 4.715000000E+00
2.811158000E-01 9.938038426E-01 2.421989826E-03 4.410000000E+00
3.005128000E-01 9.945165254E-01 1.943228456E-03 4.126000000E+00
3.212482000E-01 9.951635774E-01 1.554865059E-03 3.859000000E+00
3.434143000E-01 9.957423391E-01 1.242286274E-03 3.610000000E+00
3.671099000E-01 9.962591849E-01 9.908326506E-04 3.377000000E+00
3.924405000E-01 9.967186053E-01 7.891131767E-04 3.159000000E+00
4.195189000E-01 9.971255878E-01 6.275687427E-04 2.955000000E+00
4.484657000E-01 9.974833825E-01 4.987784374E-04 2.765000000E+00
4.794098000E-01 9.978007379E-01 3.956103350E-04 2.586000000E+00
5.124891000E-01 9.980789240E-01 3.135135957E-04 2.419000000E+00
5.478508000E-01 9.983227574E-01 2.482295260E-04 2.263000000E+00
5.856525000E-01 9.985366068E-01 1.963231775E-04 2.117000000E+00
6.260625000E-01 9.987244213E-01 1.550773409E-04 1.980000000E+00
6.692609000E-01 9.988873403E-01 1.225598288E-04 1.853000000E+00
7.154399000E-01 9.990312042E-01 9.667243793E-05 1.733000000E+00
7.648052000E-01 9.991566657E-01 7.623710578E-05 1.621000000E+00
8.175768000E-01 9.992665208E-01 6.008454693E-05 1.516000000E+00
8.739896000E-01 9.993614157E-01 4.742532207E-05 1.419000000E+00
9.342948000E-01 9.994455128E-01 3.736430289E-05 1.327000000E+00
9.987612000E-01 9.995190488E-01 2.944248639E-05 1.241000000E+00
1.067676000E+00 9.995827661E-01 2.293101962E-05 1.161000000E+00
1.141345000E+00 9.996394641E-01 1.786650312E-05 1.086000000E+00
1.220098000E+00 9.996896148E-01 1.393719521E-05 1.016000000E+00
1.304285000E+00 9.997346155E-01 1.088379011E-05 9.506000000E-01
1.394281000E+00 9.997766062E-01 8.491571568E-06 8.892000000E-01
1.490486000E+00 9.998212434E-01 6.604442948E-06 8.318000000E-01
1.528408000E+00 9.998455601E-01 6.010656302E-06 8.112000000E-01
1.551802000E+00 9.998777490E-01 5.678582076E-06 7.990000000E-01
1.558040000E+00 9.999112504E-01 5.593791133E-06 7.958000000E-01
1.567398000E+00 9.998805547E-01 6.864101724E-05 7.910000000E-01
1.590792000E+00 9.998559702E-01 6.627943340E-05 7.794000000E-01
1.593329000E+00 9.998548206E-01 6.601921522E-05 7.781000000E-01
1.703269000E+00 9.998436298E-01 5.452377883E-05 7.279000000E-01
1.820795000E+00 9.998519984E-01 4.305521977E-05 6.809000000E-01
1.946430000E+00 9.998647386E-01 3.349761934E-05 6.370000000E-01
2.080733000E+00 9.998786037E-01 2.605857540E-05 5.959000000E-01
2.224304000E+00 9.998919665E-01 2.042450992E-05 5.574000000E-01
2.377781000E+00 9.999043236E-01 1.603467152E-05 5.214000000E-01
2.541848000E+00 9.999155173E-01 1.260589268E-05 4.878000000E-01
2.717235000E+00 9.999255929E-01 9.906910607E-06 4.563000000E-01
2.904724000E+00 9.999345865E-01 7.778046242E-06 4.268000000E-01
3.105150000E+00 9.999425220E-01 6.087838537E-06 3.993000000E-01
3.319406000E+00 9.999494357E-01 4.719070359E-06 3.735000000E-01
3.548445000E+00 9.999557158E-01 3.656887724E-06 3.494000000E-01
3.793288000E+00 9.999612362E-01 2.834778332E-06 3.269000000E-01
4.055024000E+00 9.999660978E-01 2.196832158E-06 3.058000000E-01
4.334821000E+00 9.999703731E-01 1.701785128E-06 2.860000000E-01
4.633924000E+00 9.999740930E-01 1.319512697E-06 2.676000000E-01
4.953664000E+00 9.999773646E-01 1.022483463E-06 2.503000000E-01
5.295467000E+00 9.999802278E-01 7.922096441E-07 2.341000000E-01
5.660855000E+00 9.999827214E-01 6.141122315E-07 2.190000000E-01
6.051453000E+00 9.999848967E-01 4.761926135E-07 2.049000000E-01
6.469004000E+00 9.999867987E-01 3.692340577E-07 1.917000000E-01
6.915365000E+00 9.999884669E-01 2.853958874E-07 1.793000000E-01
7.392525000E+00 9.999899247E-01 2.195024616E-07 1.677000000E-01
7.902609000E+00 9.999911925E-01 1.689428425E-07 1.569000000E-01
8.447890000E+00 9.999923000E-01 1.300332164E-07 1.468000000E-01
9.030794000E+00 9.999932725E-01 9.983339776E-08 1.373000000E-01
9.653919000E+00 9.999941231E-01 7.611770033E-08 1.284000000E-01
1.032004000E+01 9.999948641E-01 5.805898048E-08 1.201000000E-01
1.103212000E+01 9.999955064E-01 4.433656872E-08 1.124000000E-01
1.179334000E+01 9.999960752E-01 3.379911350E-08 1.051000000E-01
1.260708000E+01 9.999965671E-01 2.580068039E-08 9.834000000E-02
1.347697000E+01 9.999969981E-01 1.968889964E-08 9.200000000E-02
1.440688000E+01 9.999973754E-01 1.502201279E-08 8.606000000E-02
1.540095000E+01 9.999977053E-01 1.146054480E-08 8.050000000E-02
1.646362000E+01 9.999979930E-01 8.746141799E-09 7.531000000E-02
1.759961000E+01 9.999982448E-01 6.673908753E-09 7.045000000E-02
1.881398000E+01 9.999984651E-01 5.092042732E-09 6.590000000E-02
2.011215000E+01 9.999986573E-01 3.886002091E-09 6.165000000E-02
2.149988000E+01 9.999988257E-01 2.965253988E-09 5.767000000E-02
2.298338000E+01 9.999989727E-01 2.262910103E-09 5.395000000E-02
2.456923000E+01 9.999991017E-01 1.726241758E-09 5.046000000E-02
2.626450000E+01 9.999992139E-01 1.317711637E-09 4.721000000E-02
2.807676000E+01 9.999993124E-01 1.000992128E-09 4.416000000E-02
3.001405000E+01 9.999993985E-01 7.594122143E-10 4.131000000E-02
3.208502000E+01 9.999994739E-01 5.760201236E-10 3.864000000E-02
3.429889000E+01 9.999995396E-01 4.363094371E-10 3.615000000E-02
3.666551000E+01 9.999995974E-01 3.295866685E-10 3.381000000E-02
3.919543000E+01 9.999996477E-01 2.491020445E-10 3.163000000E-02
4.189992000E+01 9.999996917E-01 1.882667764E-10 2.959000000E-02
4.479101000E+01 9.999997303E-01 1.422763644E-10 2.768000000E-02
4.788159000E+01 9.999997641E-01 1.074917087E-10 2.589000000E-02
5.118542000E+01 9.999997935E-01 8.124081225E-11 2.422000000E-02
5.471721000E+01 9.999998193E-01 6.141026857E-11 2.266000000E-02
5.849270000E+01 9.999998418E-01 4.641194151E-11 2.120000000E-02
6.252870000E+01 9.999998616E-01 3.506282845E-11 1.983000000E-02
6.684318000E+01 9.999998789E-01 2.649331866E-11 1.855000000E-02
7.145536000E+01 9.999998941E-01 2.001175873E-11 1.735000000E-02
7.638578000E+01 9.999999073E-01 1.512120381E-11 1.623000000E-02
8.165640000E+01 9.999999189E-01 1.142176751E-11 1.518000000E-02
8.729069000E+01 9.999999291E-01 8.630084605E-12 1.420000000E-02
9.331374000E+01 9.999999379E-01 6.527545467E-12 1.329000000E-02
9.975239000E+01 9.999999457E-01 4.930293113E-12 1.243000000E-02
1.066353000E+02 9.999999524E-01 3.727094944E-12 1.163000000E-02
1.139931000E+02 9.999999584E-01 2.816562611E-12 1.088000000E-02
1.218587000E+02 9.999999636E-01 2.125007107E-12 1.017000000E-02
1.302669000E+02 9.999999681E-01 1.607203930E-12 9.518000000E-03
1.392553000E+02 9.999999721E-01 1.214256436E-12 8.903000000E-03
1.488640000E+02 9.999999756E-01 9.176725015E-13 8.329000000E-03
1.591356000E+02 9.999999787E-01 6.933462133E-13 7.791000000E-03
1.701159000E+02 9.999999813E-01 5.239028541E-13 7.288000000E-03
1.818539000E+02 9.999999837E-01 3.959211887E-13 6.818000000E-03
1.944018000E+02 9.999999857E-01 2.991798029E-13 6.378000000E-03
2.078156000E+02 9.999999875E-01 2.260503464E-13 5.966000000E-03
2.221548000E+02 9.999999890E-01 1.708159489E-13 5.581000000E-03
2.374835000E+02 9.999999904E-01 1.290820978E-13 5.221000000E-03
2.538699000E+02 9.999999916E-01 9.754308073E-14 4.884000000E-03
2.713869000E+02 9.999999927E-01 7.371252407E-14 4.569000000E-03
2.901126000E+02 9.999999936E-01 5.570179062E-14 4.274000000E-03
3.101304000E+02 9.999999944E-01 4.208657901E-14 3.998000000E-03
3.315294000E+02 9.999999951E-01 3.180353140E-14 3.740000000E-03
3.544049000E+02 9.999999957E-01 2.402395357E-14 3.498000000E-03
3.788588000E+02 9.999999962E-01 1.816258798E-14 3.273000000E-03
4.050001000E+02 9.999999967E-01 1.371787296E-14 3.061000000E-03
4.329451000E+02 0.000000000E+00 0.000000000E+00 2.864000000E-03
