# 11/08/2021 
# Data retrieved from www.chemicool.com/densities.html 
# Includes the real (n) and complex (k) part of the  refractive index. 
# Element, At  (Z = 85) 
# Nominal density, g cm-3 =  7 
#    E [keV]      n       k    Wavelength [nm] 
6.119614000E-03 -3.046829163E+01 9.933212523E-02 2.026000000E+02
6.213281000E-03 1.964474631E+00 0.000000000E+00 1.995000000E+02
6.238259000E-03 2.987311889E+00 0.000000000E+00 1.987000000E+02
6.275726000E-03 1.917127130E+00 1.999259807E+00 1.976000000E+02
6.369394000E-03 1.007188220E+00 1.909848643E+00 1.947000000E+02
8.850419000E-03 5.336463891E-01 7.227207784E-01 1.401000000E+02
8.985884000E-03 8.419975428E-01 6.921129685E-01 1.380000000E+02
9.022009000E-03 1.200653523E+00 6.837451890E-01 1.374000000E+02
9.076195000E-03 8.308678434E-01 1.371636927E+00 1.366000000E+02
9.211660000E-03 5.171814447E-01 1.320739887E+00 1.346000000E+02
1.069000000E-02 1.732210756E-01 8.974378775E-01 1.160000000E+02
1.142761000E-02 1.897392608E-01 7.492339866E-01 1.085000000E+02
1.221612000E-02 2.298257809E-01 6.218605630E-01 1.015000000E+02
1.305903000E-02 2.826593818E-01 5.124522338E-01 9.494000000E+01
1.396010000E-02 3.418404687E-01 4.192364413E-01 8.881000000E+01
1.492335000E-02 4.036888331E-01 3.403930846E-01 8.308000000E+01
1.595306000E-02 4.659013893E-01 2.742433674E-01 7.772000000E+01
1.705382000E-02 5.271944908E-01 2.192284405E-01 7.270000000E+01
1.823053000E-02 5.875485438E-01 1.739743295E-01 6.801000000E+01
1.895220000E-02 6.253816046E-01 1.515667354E-01 6.542000000E+01
1.924229000E-02 6.475510288E-01 1.434973321E-01 6.443000000E+01
1.931964000E-02 6.636583640E-01 1.414699385E-01 6.418000000E+01
1.943568000E-02 6.533279426E-01 1.645388736E-01 6.379000000E+01
1.948844000E-02 6.513117760E-01 1.627702912E-01 6.362000000E+01
1.972576000E-02 6.514684076E-01 1.550062192E-01 6.285000000E+01
2.083314000E-02 6.794083589E-01 1.243156643E-01 5.951000000E+01
2.227063000E-02 7.211192398E-01 9.479178600E-02 5.567000000E+01
2.380730000E-02 7.617405832E-01 7.222579596E-02 5.208000000E+01
2.545001000E-02 7.994981352E-01 5.496257920E-02 4.872000000E+01
2.720606000E-02 8.341155357E-01 4.176973169E-02 4.557000000E+01
2.908327000E-02 8.656713569E-01 3.172415443E-02 4.263000000E+01
3.109002000E-02 8.947298946E-01 2.407910854E-02 3.988000000E+01
3.323523000E-02 9.220978627E-01 1.827590765E-02 3.731000000E+01
3.552846000E-02 9.493527406E-01 1.387038856E-02 3.490000000E+01
3.690857000E-02 9.666290408E-01 1.185014217E-02 3.359000000E+01
3.747350000E-02 9.756740821E-01 1.113623133E-02 3.309000000E+01
3.762415000E-02 9.802911859E-01 1.094934114E-02 3.295000000E+01
3.785012000E-02 9.807071046E-01 1.620615969E-02 3.276000000E+01
3.797993000E-02 9.815169937E-01 1.632359907E-02 3.264000000E+01
3.841505000E-02 9.855344757E-01 1.685563212E-02 3.227000000E+01
4.060054000E-02 1.010322241E+00 2.292273242E-02 3.054000000E+01
4.076232000E-02 1.012300469E+00 2.365852992E-02 3.042000000E+01
4.138623000E-02 1.020576412E+00 2.696711083E-02 2.996000000E+01
4.155261000E-02 1.023960289E+00 2.798604368E-02 2.984000000E+01
4.180217000E-02 1.025260130E+00 3.271979751E-02 2.966000000E+01
4.242608000E-02 1.030249692E+00 3.776878069E-02 2.922000000E+01
4.340198000E-02 1.037977563E+00 4.685586855E-02 2.857000000E+01
4.639671000E-02 1.050971402E+00 8.114950506E-02 2.672000000E+01
4.959809000E-02 1.042227401E+00 1.181740861E-01 2.500000000E+01
5.302035000E-02 1.013838992E+00 1.432707568E-01 2.338000000E+01
5.667876000E-02 9.771803423E-01 1.483434494E-01 2.187000000E+01
6.058959000E-02 9.448475521E-01 1.347351883E-01 2.046000000E+01
6.477028000E-02 9.242598390E-01 1.101206738E-01 1.914000000E+01
6.923942000E-02 9.162856337E-01 8.298489859E-02 1.791000000E+01
7.401695000E-02 9.179955703E-01 5.880733363E-02 1.675000000E+01
7.912411000E-02 9.252073710E-01 3.999504161E-02 1.567000000E+01
8.458368000E-02 9.346998331E-01 2.651531992E-02 1.466000000E+01
9.041995000E-02 9.444849040E-01 1.735370279E-02 1.371000000E+01
9.665893000E-02 9.534558079E-01 1.136066382E-02 1.283000000E+01
1.033284000E-01 9.614980279E-01 7.488223125E-03 1.200000000E+01
1.062575000E-01 9.647531464E-01 6.315480690E-03 1.167000000E+01
1.078839000E-01 9.669759391E-01 5.759768762E-03 1.149000000E+01
1.083176000E-01 9.682369359E-01 5.629206698E-03 1.145000000E+01
1.089681000E-01 9.677805801E-01 7.255359345E-03 1.138000000E+01
1.104581000E-01 9.681909345E-01 6.720135715E-03 1.122000000E+01
1.105945000E-01 9.682356177E-01 6.679086786E-03 1.121000000E+01
1.180797000E-01 9.726493974E-01 4.689188025E-03 1.050000000E+01
1.262272000E-01 9.769678061E-01 3.339471833E-03 9.822000000E+00
1.349368000E-01 9.808336524E-01 2.443988059E-03 9.188000000E+00
1.357294000E-01 9.811753133E-01 2.381390109E-03 9.135000000E+00
1.378069000E-01 9.822279641E-01 2.227416447E-03 8.997000000E+00
1.383609000E-01 9.828134914E-01 2.189023412E-03 8.961000000E+00
1.391919000E-01 9.826526691E-01 2.919958099E-03 8.907000000E+00
1.412694000E-01 9.829394556E-01 2.735406141E-03 8.776000000E+00
1.442475000E-01 9.836430430E-01 2.499300995E-03 8.595000000E+00
1.542005000E-01 9.860275303E-01 1.895504287E-03 8.040000000E+00
1.648404000E-01 9.882065890E-01 1.465474531E-03 7.521000000E+00
1.762144000E-01 9.901438696E-01 1.155808815E-03 7.036000000E+00
1.819046000E-01 9.910039287E-01 1.039362725E-03 6.816000000E+00
1.846888000E-01 9.914217249E-01 9.893624991E-04 6.713000000E+00
1.854313000E-01 9.915548219E-01 9.766710432E-04 6.686000000E+00
1.865450000E-01 9.916778770E-01 1.016953079E-03 6.646000000E+00
1.867657000E-01 9.917045646E-01 1.013236854E-03 6.638000000E+00
1.883732000E-01 9.919085282E-01 9.875544225E-04 6.582000000E+00
1.893292000E-01 9.920385763E-01 9.727728668E-04 6.549000000E+00
1.896243000E-01 9.920831164E-01 9.680454212E-04 6.538000000E+00
1.903866000E-01 9.922132655E-01 9.566199588E-04 6.512000000E+00
1.915301000E-01 9.923212304E-01 1.012303127E-03 6.473000000E+00
1.931341000E-01 9.924945882E-01 9.959793386E-04 6.420000000E+00
1.943887000E-01 9.926401515E-01 9.837961595E-04 6.378000000E+00
1.960902000E-01 9.928429888E-01 9.689896373E-04 6.323000000E+00
1.968785000E-01 9.929560953E-01 9.623936444E-04 6.297000000E+00
1.980610000E-01 9.930613146E-01 1.003014259E-03 6.260000000E+00
2.010171000E-01 9.933562758E-01 9.915597267E-04 6.168000000E+00
2.013709000E-01 9.933923061E-01 9.905175846E-04 6.157000000E+00
2.152655000E-01 9.946898473E-01 1.015888278E-03 5.760000000E+00
2.301188000E-01 9.958135583E-01 1.157844627E-03 5.388000000E+00
2.459970000E-01 9.967343865E-01 1.390855233E-03 5.040000000E+00
2.629708000E-01 9.974399439E-01 1.679697788E-03 4.715000000E+00
2.811158000E-01 9.979354561E-01 1.976754344E-03 4.410000000E+00
3.005128000E-01 9.982413114E-01 2.237807006E-03 4.126000000E+00
3.212482000E-01 9.983982809E-01 2.424653319E-03 3.859000000E+00
3.434143000E-01 9.984508683E-01 2.520641768E-03 3.610000000E+00
3.671099000E-01 9.984438816E-01 2.522397374E-03 3.377000000E+00
3.924405000E-01 9.984161612E-01 2.440296391E-03 3.159000000E+00
4.195189000E-01 9.983972458E-01 2.292287981E-03 2.955000000E+00
4.484657000E-01 9.984106544E-01 2.100662978E-03 2.765000000E+00
4.658769000E-01 9.984557706E-01 1.977165918E-03 2.661000000E+00
4.730077000E-01 9.985121571E-01 1.926953600E-03 2.621000000E+00
4.749092000E-01 9.985726382E-01 1.914241710E-03 2.611000000E+00
4.777615000E-01 9.985168059E-01 2.009254818E-03 2.595000000E+00
4.794098000E-01 9.984993092E-01 1.997629780E-03 2.586000000E+00
4.848923000E-01 9.984738979E-01 1.959964220E-03 2.557000000E+00
5.000000000E-01 9.983365899E-01 1.856988240E-03 2.480000000E+00
5.025000000E-01 9.983396440E-01 1.839214611E-03 2.467000000E+00
5.050125000E-01 9.983419915E-01 1.822776261E-03 2.455000000E+00
5.075375600E-01 9.983449479E-01 1.806289964E-03 2.443000000E+00
5.100752500E-01 9.983485098E-01 1.789759085E-03 2.431000000E+00
5.126256300E-01 9.983526941E-01 1.773134270E-03 2.419000000E+00
5.151887500E-01 9.983575326E-01 1.756420386E-03 2.407000000E+00
5.177647000E-01 9.983630912E-01 1.739673888E-03 2.395000000E+00
5.203535200E-01 9.983695045E-01 1.722897999E-03 2.383000000E+00
5.229552900E-01 9.983769921E-01 1.706045297E-03 2.371000000E+00
5.255700700E-01 9.983859944E-01 1.689120477E-03 2.359000000E+00
5.281979200E-01 9.983975777E-01 1.672177773E-03 2.347000000E+00
5.308389100E-01 9.984139878E-01 1.656638321E-03 2.336000000E+00
5.328161200E-01 9.984500825E-01 1.643848969E-03 2.327000000E+00
5.334931000E-01 9.984560358E-01 1.695968780E-03 2.324000000E+00
5.335839300E-01 9.984560358E-01 1.695968780E-03 2.324000000E+00
5.361605700E-01 9.984193787E-01 1.678980925E-03 2.312000000E+00
5.388413700E-01 9.984114796E-01 1.663471469E-03 2.301000000E+00
5.415355800E-01 9.984097405E-01 1.646402146E-03 2.289000000E+00
5.442432500E-01 9.984087954E-01 1.630803168E-03 2.278000000E+00
5.469644700E-01 9.984091577E-01 1.615137827E-03 2.267000000E+00
5.496992900E-01 9.984118409E-01 1.598038357E-03 2.255000000E+00
5.524477900E-01 9.984138195E-01 1.582304428E-03 2.244000000E+00
5.552100300E-01 9.984163632E-01 1.566605206E-03 2.233000000E+00
5.579860800E-01 9.984193167E-01 1.550853090E-03 2.222000000E+00
5.607760100E-01 9.984227637E-01 1.535096008E-03 2.211000000E+00
5.635798900E-01 9.984265838E-01 1.519336530E-03 2.200000000E+00
5.663977900E-01 9.984307432E-01 1.503620337E-03 2.189000000E+00
5.692297800E-01 9.984352175E-01 1.487863235E-03 2.178000000E+00
5.720759300E-01 9.984379073E-01 1.472111288E-03 2.167000000E+00
5.749363000E-01 9.984429667E-01 1.456366959E-03 2.156000000E+00
5.778109900E-01 9.984468416E-01 1.441976248E-03 2.146000000E+00
5.807000400E-01 9.984524065E-01 1.426246634E-03 2.135000000E+00
5.836035400E-01 9.984582074E-01 1.410572423E-03 2.124000000E+00
5.865215600E-01 9.984627774E-01 1.396235150E-03 2.114000000E+00
5.894541700E-01 9.984690142E-01 1.380587927E-03 2.103000000E+00
5.924014400E-01 9.984741533E-01 1.366266851E-03 2.093000000E+00
5.953634500E-01 9.984807993E-01 1.350655622E-03 2.082000000E+00
5.983402600E-01 9.984861821E-01 1.336359397E-03 2.072000000E+00
6.013319600E-01 9.984917558E-01 1.322074985E-03 2.062000000E+00
6.043386200E-01 9.984975166E-01 1.307804419E-03 2.052000000E+00
6.073603200E-01 9.985049300E-01 1.292283077E-03 2.041000000E+00
6.103971200E-01 9.985110550E-01 1.278091130E-03 2.031000000E+00
6.134491000E-01 9.985173597E-01 1.263881555E-03 2.021000000E+00
6.165163500E-01 9.985238365E-01 1.249730209E-03 2.011000000E+00
6.195989300E-01 9.985304820E-01 1.235637934E-03 2.001000000E+00
6.226969300E-01 9.985372960E-01 1.221534182E-03 1.991000000E+00
6.258104100E-01 9.985442714E-01 1.207492579E-03 1.981000000E+00
6.289394600E-01 9.985514116E-01 1.193478948E-03 1.971000000E+00
6.320841600E-01 9.985572392E-01 1.180733052E-03 1.962000000E+00
6.352445800E-01 9.985646912E-01 1.166806702E-03 1.952000000E+00
6.384208000E-01 9.985723007E-01 1.152947008E-03 1.942000000E+00
6.416129100E-01 9.985800606E-01 1.139121111E-03 1.932000000E+00
6.448209700E-01 9.985864974E-01 1.126502087E-03 1.923000000E+00
6.480450800E-01 9.985945577E-01 1.112773767E-03 1.913000000E+00
6.512853000E-01 9.986012919E-01 1.100271813E-03 1.904000000E+00
6.545417300E-01 9.986096415E-01 1.086645481E-03 1.894000000E+00
6.578144400E-01 9.986166433E-01 1.074231578E-03 1.885000000E+00
6.611035100E-01 9.986252335E-01 1.060711877E-03 1.875000000E+00
6.644090300E-01 9.986325281E-01 1.048390494E-03 1.866000000E+00
6.677310700E-01 9.986399780E-01 1.036128572E-03 1.857000000E+00
6.710697300E-01 9.986475823E-01 1.023895964E-03 1.848000000E+00
6.744250800E-01 9.986567960E-01 1.010624603E-03 1.838000000E+00
6.777972000E-01 9.986646959E-01 9.985228880E-04 1.829000000E+00
6.811861900E-01 9.986727472E-01 9.864835731E-04 1.820000000E+00
6.845921200E-01 9.986809517E-01 9.745072176E-04 1.811000000E+00
6.880150800E-01 9.986893170E-01 9.625943714E-04 1.802000000E+00
6.914551500E-01 9.986978470E-01 9.507455760E-04 1.793000000E+00
6.949124300E-01 9.987065514E-01 9.389613639E-04 1.784000000E+00
6.983869900E-01 9.987154362E-01 9.272422589E-04 1.775000000E+00
7.018789300E-01 9.987245213E-01 9.155887762E-04 1.766000000E+00
7.053883200E-01 9.987323810E-01 9.050307432E-04 1.758000000E+00
7.089152600E-01 9.987419312E-01 8.935296708E-04 1.749000000E+00
7.124598400E-01 9.987517653E-01 8.820678865E-04 1.740000000E+00
7.160221400E-01 9.987605108E-01 8.717069700E-04 1.732000000E+00
7.196022500E-01 9.987711165E-01 8.603993921E-04 1.723000000E+00
7.232002600E-01 9.987822891E-01 8.491862318E-04 1.714000000E+00
7.268162600E-01 9.987928594E-01 8.389980708E-04 1.706000000E+00
7.304503400E-01 9.988061587E-01 8.279135425E-04 1.697000000E+00
7.341026000E-01 9.988206216E-01 8.178916433E-04 1.689000000E+00
7.377731100E-01 9.988429509E-01 8.078978956E-04 1.681000000E+00
7.389122100E-01 9.988572066E-01 8.043324052E-04 1.678000000E+00
7.410878100E-01 9.988614014E-01 8.484059009E-04 1.673000000E+00
7.414619700E-01 9.988576027E-01 8.471654562E-04 1.672000000E+00
7.451692800E-01 9.988442137E-01 8.368843361E-04 1.664000000E+00
7.488951300E-01 9.988425262E-01 8.266840893E-04 1.656000000E+00
7.526396100E-01 9.988454269E-01 8.155737359E-04 1.647000000E+00
7.564028000E-01 9.988484826E-01 8.055175467E-04 1.639000000E+00
7.601848200E-01 9.988524781E-01 7.955417636E-04 1.631000000E+00
7.639857400E-01 9.988571125E-01 7.856223645E-04 1.623000000E+00
7.678056700E-01 9.988622183E-01 7.757832226E-04 1.615000000E+00
7.716447000E-01 9.988676896E-01 7.660240269E-04 1.607000000E+00
7.755029200E-01 9.988734523E-01 7.562984290E-04 1.599000000E+00
7.793804400E-01 9.988794598E-01 7.466758629E-04 1.591000000E+00
7.832773400E-01 9.988856761E-01 7.370876440E-04 1.583000000E+00
7.871937300E-01 9.988920688E-01 7.276018207E-04 1.575000000E+00
7.911296900E-01 9.988986176E-01 7.181731797E-04 1.567000000E+00
7.950853400E-01 9.989053009E-01 7.088239597E-04 1.559000000E+00
7.990607700E-01 9.989107007E-01 7.004561981E-04 1.552000000E+00
8.030560700E-01 9.989176114E-01 6.912361557E-04 1.544000000E+00
8.070713500E-01 9.989246484E-01 6.819251165E-04 1.536000000E+00
8.111067100E-01 9.989304095E-01 6.735348961E-04 1.529000000E+00
8.151622400E-01 9.989376843E-01 6.643391515E-04 1.521000000E+00
8.192380600E-01 9.989450625E-01 6.552257356E-04 1.513000000E+00
8.233342500E-01 9.989511484E-01 6.470328852E-04 1.506000000E+00
8.274509200E-01 9.989587225E-01 6.380556930E-04 1.498000000E+00
8.315881700E-01 9.989649989E-01 6.299849897E-04 1.491000000E+00
8.357461100E-01 9.989713655E-01 6.219818984E-04 1.484000000E+00
8.399248400E-01 9.989792055E-01 6.132149425E-04 1.476000000E+00
8.441244700E-01 9.989857487E-01 6.053529787E-04 1.469000000E+00
8.483450900E-01 9.989937562E-01 5.967213687E-04 1.461000000E+00
8.525868200E-01 9.990004729E-01 5.889994852E-04 1.454000000E+00
8.568497500E-01 9.990072858E-01 5.813249061E-04 1.447000000E+00
8.611340000E-01 9.990142014E-01 5.737165652E-04 1.440000000E+00
8.654396700E-01 9.990212369E-01 5.661741791E-04 1.433000000E+00
8.697668700E-01 9.990297873E-01 5.579141526E-04 1.425000000E+00
8.741157000E-01 9.990371851E-01 5.505275085E-04 1.418000000E+00
8.784862800E-01 9.990449594E-01 5.431876620E-04 1.411000000E+00
8.828787100E-01 9.990537322E-01 5.359126115E-04 1.404000000E+00
8.845823800E-01 9.990572189E-01 5.336613423E-04 1.402000000E+00
8.872931000E-01 9.990625189E-01 5.359585277E-04 1.397000000E+00
8.874175800E-01 9.990625189E-01 5.359585277E-04 1.397000000E+00
8.917295700E-01 9.990658840E-01 5.287744703E-04 1.390000000E+00
8.961882200E-01 9.990713959E-01 5.216712442E-04 1.383000000E+00
9.006691600E-01 9.990760831E-01 5.153792861E-04 1.377000000E+00
9.051725000E-01 9.990823790E-01 5.083108995E-04 1.370000000E+00
9.096983700E-01 9.990888438E-01 5.012899716E-04 1.363000000E+00
9.142468600E-01 9.990954290E-01 4.943498358E-04 1.356000000E+00
9.188180900E-01 9.991021064E-01 4.874569228E-04 1.349000000E+00
9.234121800E-01 9.991075297E-01 4.813604571E-04 1.343000000E+00
9.280292400E-01 9.991143456E-01 4.746040855E-04 1.336000000E+00
9.326693900E-01 9.991212137E-01 4.679104812E-04 1.329000000E+00
9.373327400E-01 9.991268047E-01 4.619932282E-04 1.323000000E+00
9.420194000E-01 9.991337581E-01 4.554334412E-04 1.316000000E+00
9.467295000E-01 9.991394312E-01 4.496214363E-04 1.310000000E+00
9.514631500E-01 9.991464483E-01 4.431783609E-04 1.303000000E+00
9.562204600E-01 9.991521814E-01 4.374858135E-04 1.297000000E+00
9.610015600E-01 9.991592437E-01 4.311732319E-04 1.290000000E+00
9.658065700E-01 9.991650204E-01 4.255834816E-04 1.284000000E+00
9.706356000E-01 9.991721119E-01 4.193995984E-04 1.277000000E+00
9.754887800E-01 9.991779128E-01 4.139406682E-04 1.271000000E+00
9.803662300E-01 9.991837214E-01 4.085290228E-04 1.265000000E+00
9.852680600E-01 9.991908140E-01 4.025242604E-04 1.258000000E+00
9.901944000E-01 9.991966064E-01 3.972261043E-04 1.252000000E+00
9.951453700E-01 9.992023719E-01 3.919743278E-04 1.246000000E+00
1.000121100E+00 9.992080516E-01 3.867687288E-04 1.240000000E+00
1.005121700E+00 9.992126125E-01 3.806494614E-04 1.234000000E+00
1.010147300E+00 9.992188907E-01 3.739982993E-04 1.227000000E+00
1.015198000E+00 9.992242510E-01 3.680544181E-04 1.221000000E+00
1.020274000E+00 9.992299253E-01 3.622000059E-04 1.215000000E+00
1.025375400E+00 9.992359120E-01 3.564207852E-04 1.209000000E+00
1.030502300E+00 9.992422694E-01 3.507160365E-04 1.203000000E+00
1.035654800E+00 9.992492440E-01 3.450850441E-04 1.197000000E+00
1.040655900E+00 9.992584908E-01 3.396164894E-04 1.191000000E+00
1.040833100E+00 9.992584908E-01 3.396164894E-04 1.191000000E+00
1.043344200E+00 9.992611683E-01 3.437906839E-04 1.188000000E+00
1.046037200E+00 9.992616246E-01 3.409946255E-04 1.185000000E+00
1.051267400E+00 9.992657052E-01 3.355354429E-04 1.179000000E+00
1.056523800E+00 9.992694645E-01 3.307101919E-04 1.174000000E+00
1.061806400E+00 9.992748443E-01 3.253979394E-04 1.168000000E+00
1.067115400E+00 9.992804386E-01 3.201548909E-04 1.162000000E+00
1.072451000E+00 9.992861781E-01 3.149803635E-04 1.156000000E+00
1.077813200E+00 9.992920245E-01 3.098855844E-04 1.150000000E+00
1.083202300E+00 9.992967251E-01 3.053791225E-04 1.145000000E+00
1.088618300E+00 9.993027227E-01 3.004117246E-04 1.139000000E+00
1.094061400E+00 9.993087736E-01 2.955215207E-04 1.133000000E+00
1.099531700E+00 9.993136525E-01 2.912006975E-04 1.128000000E+00
1.105029400E+00 9.993197888E-01 2.864336862E-04 1.122000000E+00
1.110554500E+00 9.993259545E-01 2.817189367E-04 1.116000000E+00
1.116107300E+00 9.993309407E-01 2.775778112E-04 1.111000000E+00
1.121687800E+00 9.993371562E-01 2.730048116E-04 1.105000000E+00
1.127296300E+00 9.993421924E-01 2.689711072E-04 1.100000000E+00
1.132932800E+00 9.993484416E-01 2.645040581E-04 1.094000000E+00
1.138597400E+00 9.993535147E-01 2.605863973E-04 1.089000000E+00
1.144290400E+00 9.993586029E-01 2.567179497E-04 1.084000000E+00
1.150011900E+00 9.993648843E-01 2.524296859E-04 1.078000000E+00
1.155761900E+00 9.993699942E-01 2.486630595E-04 1.073000000E+00
1.161540700E+00 9.993762822E-01 2.444856807E-04 1.067000000E+00
1.167348400E+00 9.993814053E-01 2.408187889E-04 1.062000000E+00
1.173185200E+00 9.993865334E-01 2.372086963E-04 1.057000000E+00
1.179051100E+00 9.993916670E-01 2.336347223E-04 1.052000000E+00
1.184946400E+00 9.993979549E-01 2.296770613E-04 1.046000000E+00
1.190871100E+00 9.994030881E-01 2.261987185E-04 1.041000000E+00
1.196825400E+00 9.994082218E-01 2.227748800E-04 1.036000000E+00
1.202809600E+00 9.994133546E-01 2.193952393E-04 1.031000000E+00
1.208823600E+00 9.994184850E-01 2.160498662E-04 1.026000000E+00
1.214867700E+00 9.994236124E-01 2.127573563E-04 1.021000000E+00
1.220942100E+00 9.994298605E-01 2.090954783E-04 1.015000000E+00
1.227046800E+00 9.994349743E-01 2.058925183E-04 1.010000000E+00
1.233182000E+00 9.994400810E-01 2.027314755E-04 1.005000000E+00
1.239347900E+00 9.994451812E-01 1.996029074E-04 1.000000000E+00
1.245544700E+00 9.994498313E-01 1.966825142E-04 9.954000000E-01
1.251772400E+00 9.994548062E-01 1.936821348E-04 9.905000000E-01
1.258031200E+00 9.994598855E-01 1.906561984E-04 9.855000000E-01
1.264321400E+00 9.994648484E-01 1.877088412E-04 9.806000000E-01
1.270643000E+00 9.994696967E-01 1.848469936E-04 9.758000000E-01
1.276996200E+00 9.994746451E-01 1.819768439E-04 9.709000000E-01
1.283381200E+00 9.994794781E-01 1.791820162E-04 9.661000000E-01
1.289798100E+00 9.994843023E-01 1.764242268E-04 9.613000000E-01
1.296247100E+00 9.994891174E-01 1.737030789E-04 9.565000000E-01
1.302728300E+00 9.994939222E-01 1.710181785E-04 9.517000000E-01
1.309242000E+00 9.994986113E-01 1.684046977E-04 9.470000000E-01
1.315788200E+00 9.995032904E-01 1.658179457E-04 9.423000000E-01
1.322367100E+00 9.995079592E-01 1.632736142E-04 9.376000000E-01
1.328979000E+00 9.995126165E-01 1.607554204E-04 9.329000000E-01
1.335623900E+00 9.995171582E-01 1.583128489E-04 9.283000000E-01
1.342302000E+00 9.995216889E-01 1.558951212E-04 9.237000000E-01
1.349013500E+00 9.995262075E-01 1.535097155E-04 9.191000000E-01
1.355758600E+00 9.995307146E-01 1.511562773E-04 9.145000000E-01
1.362537400E+00 9.995351069E-01 1.488597151E-04 9.100000000E-01
1.369350000E+00 9.995395907E-01 1.465615121E-04 9.054000000E-01
1.376196800E+00 9.995439601E-01 1.443264175E-04 9.009000000E-01
1.383077800E+00 9.995483179E-01 1.421213802E-04 8.964000000E-01
1.389993200E+00 9.995525628E-01 1.399702857E-04 8.920000000E-01
1.396943100E+00 9.995568965E-01 1.378241094E-04 8.875000000E-01
1.403927800E+00 9.995611170E-01 1.357307150E-04 8.831000000E-01
1.410947500E+00 9.995653259E-01 1.336655634E-04 8.787000000E-01
1.418002200E+00 9.995694224E-01 1.316515663E-04 8.744000000E-01
1.425092200E+00 9.995736059E-01 1.296417102E-04 8.700000000E-01
1.432217700E+00 9.995775816E-01 1.276819055E-04 8.657000000E-01
1.439378800E+00 9.995816400E-01 1.257486207E-04 8.614000000E-01
1.446575700E+00 9.995856847E-01 1.238415553E-04 8.571000000E-01
1.453808600E+00 9.995897168E-01 1.219604109E-04 8.528000000E-01
1.461077600E+00 9.995936392E-01 1.201267195E-04 8.486000000E-01
1.468383000E+00 9.995975490E-01 1.183179107E-04 8.444000000E-01
1.475724900E+00 9.996014453E-01 1.165337000E-04 8.402000000E-01
1.483103500E+00 9.996053275E-01 1.147675128E-04 8.360000000E-01
1.490519000E+00 9.996091965E-01 1.130254866E-04 8.318000000E-01
1.497971600E+00 9.996129576E-01 1.113342422E-04 8.277000000E-01
1.505461500E+00 9.996167068E-01 1.096599490E-04 8.236000000E-01
1.512988800E+00 9.996204440E-01 1.080025215E-04 8.195000000E-01
1.520553700E+00 9.996241683E-01 1.063678603E-04 8.154000000E-01
1.528156500E+00 9.996278796E-01 1.047497740E-04 8.113000000E-01
1.535797300E+00 9.996314866E-01 1.031796044E-04 8.073000000E-01
1.543476300E+00 9.996350817E-01 1.016310089E-04 8.033000000E-01
1.551193700E+00 9.996386637E-01 1.001037349E-04 7.993000000E-01
1.558949600E+00 9.996422330E-01 9.859183709E-05 7.953000000E-01
1.566744400E+00 9.996457895E-01 9.710087489E-05 7.913000000E-01
1.574578100E+00 9.996492434E-01 9.564931306E-05 7.874000000E-01
1.582451000E+00 9.996526857E-01 9.421781303E-05 7.835000000E-01
1.590363300E+00 9.996561144E-01 9.280613704E-05 7.796000000E-01
1.598315100E+00 9.996595313E-01 9.140863182E-05 7.757000000E-01
1.606306600E+00 9.996627484E-01 9.005392024E-05 7.719000000E-01
1.614338200E+00 9.996661397E-01 8.869487013E-05 7.680000000E-01
1.622409900E+00 9.996694317E-01 8.737242755E-05 7.642000000E-01
1.630521900E+00 9.996727110E-01 8.606840021E-05 7.604000000E-01
1.638674500E+00 9.996759776E-01 8.478256611E-05 7.566000000E-01
1.646867900E+00 9.996792319E-01 8.350960282E-05 7.528000000E-01
1.655102200E+00 9.996823884E-01 8.227646150E-05 7.491000000E-01
1.663377700E+00 9.996855332E-01 8.105551926E-05 7.454000000E-01
1.671694600E+00 9.996886657E-01 7.985166810E-05 7.417000000E-01
1.680053100E+00 9.996917857E-01 7.865979615E-05 7.380000000E-01
1.688453400E+00 9.996948937E-01 7.748955217E-05 7.343000000E-01
1.696895600E+00 9.996979064E-01 7.634706242E-05 7.307000000E-01
1.705380100E+00 9.997009894E-01 7.519992781E-05 7.270000000E-01
1.713907000E+00 9.997039783E-01 7.408953364E-05 7.234000000E-01
1.722476600E+00 9.997069555E-01 7.299478877E-05 7.198000000E-01
1.731088900E+00 9.997099200E-01 7.191088098E-05 7.162000000E-01
1.739744400E+00 9.997127922E-01 7.085763928E-05 7.127000000E-01
1.748443100E+00 9.997157334E-01 6.979957208E-05 7.091000000E-01
1.757185300E+00 9.997185825E-01 6.877606355E-05 7.056000000E-01
1.765971200E+00 9.997214202E-01 6.776260951E-05 7.021000000E-01
1.774801100E+00 9.997242465E-01 6.676355411E-05 6.986000000E-01
1.783675100E+00 9.997270610E-01 6.577436611E-05 6.951000000E-01
1.792593500E+00 9.997298634E-01 6.479499656E-05 6.916000000E-01
1.801556500E+00 9.997325769E-01 6.385247689E-05 6.882000000E-01
1.810564200E+00 9.997352790E-01 6.291914113E-05 6.848000000E-01
1.819617100E+00 9.997379701E-01 6.199494432E-05 6.814000000E-01
1.828715100E+00 9.997406501E-01 6.108397998E-05 6.780000000E-01
1.837858700E+00 9.997433185E-01 6.018198187E-05 6.746000000E-01
1.847048000E+00 9.997459003E-01 5.931063058E-05 6.713000000E-01
1.856283300E+00 9.997485468E-01 5.843023214E-05 6.679000000E-01
1.865564700E+00 9.997511066E-01 5.757988812E-05 6.646000000E-01
1.874892500E+00 9.997536560E-01 5.673783298E-05 6.613000000E-01
1.884267000E+00 9.997561946E-01 5.590792406E-05 6.580000000E-01
1.893688300E+00 9.997587223E-01 5.508614484E-05 6.547000000E-01
1.903156700E+00 9.997611657E-01 5.428911994E-05 6.515000000E-01
1.912672500E+00 9.997636736E-01 5.345305491E-05 6.482000000E-01
1.922235900E+00 9.997661009E-01 5.264193689E-05 6.450000000E-01
1.931847100E+00 9.997685202E-01 5.184647593E-05 6.418000000E-01
1.941506300E+00 9.997709318E-01 5.105906574E-05 6.386000000E-01
1.951213800E+00 9.997733351E-01 5.027966540E-05 6.354000000E-01
1.960969900E+00 9.997756595E-01 4.952749679E-05 6.323000000E-01
1.970774700E+00 9.997780471E-01 4.876735693E-05 6.291000000E-01
1.980628600E+00 9.997803561E-01 4.803390481E-05 6.260000000E-01
1.990531800E+00 9.997826571E-01 4.730784020E-05 6.229000000E-01
2.000484400E+00 9.997849506E-01 4.659258422E-05 6.198000000E-01
2.010486800E+00 9.997872361E-01 4.588799596E-05 6.167000000E-01
2.020539300E+00 9.997895138E-01 4.519054592E-05 6.136000000E-01
2.030642000E+00 9.997917154E-01 4.451477724E-05 6.106000000E-01
2.040795200E+00 9.997939771E-01 4.383466662E-05 6.075000000E-01
2.050999200E+00 9.997961634E-01 4.317580196E-05 6.045000000E-01
2.061254200E+00 9.997983428E-01 4.252682751E-05 6.015000000E-01
2.071560400E+00 9.998005145E-01 4.188438764E-05 5.985000000E-01
2.081918200E+00 9.998026788E-01 4.124844930E-05 5.955000000E-01
2.092327800E+00 9.998047826E-01 4.063585320E-05 5.926000000E-01
2.102789500E+00 9.998069322E-01 4.001577484E-05 5.896000000E-01
2.113303400E+00 9.998090093E-01 3.941857032E-05 5.867000000E-01
2.123869900E+00 9.998110799E-01 3.882733586E-05 5.838000000E-01
2.134489300E+00 9.998131441E-01 3.823900350E-05 5.809000000E-01
2.145161700E+00 9.998152027E-01 3.764461087E-05 5.780000000E-01
2.155887500E+00 9.998172564E-01 3.705639927E-05 5.751000000E-01
2.166667000E+00 9.998193049E-01 3.647728409E-05 5.722000000E-01
2.177500300E+00 9.998212856E-01 3.591975926E-05 5.694000000E-01
2.188387800E+00 9.998232621E-01 3.536504293E-05 5.666000000E-01
2.199329700E+00 9.998252963E-01 3.480942518E-05 5.637000000E-01
2.210326400E+00 9.998272638E-01 3.427187233E-05 5.609000000E-01
2.221378000E+00 9.998292129E-01 3.373987344E-05 5.581000000E-01
2.232484900E+00 9.998311113E-01 3.322814024E-05 5.554000000E-01
2.243647300E+00 9.998330670E-01 3.270975617E-05 5.526000000E-01
2.254865600E+00 9.998349589E-01 3.221122054E-05 5.499000000E-01
2.266139900E+00 9.998369072E-01 3.170617516E-05 5.471000000E-01
2.277470600E+00 9.998387929E-01 3.122056752E-05 5.444000000E-01
2.288857900E+00 9.998406759E-01 3.073993641E-05 5.417000000E-01
2.300302200E+00 9.998425566E-01 3.026687173E-05 5.390000000E-01
2.311803700E+00 9.998444350E-01 2.979868011E-05 5.363000000E-01
2.323362800E+00 9.998463114E-01 2.933533634E-05 5.336000000E-01
2.334979600E+00 9.998481289E-01 2.889023313E-05 5.310000000E-01
2.346654500E+00 9.998500029E-01 2.843888021E-05 5.283000000E-01
2.358387800E+00 9.998518195E-01 2.800538964E-05 5.257000000E-01
2.370179700E+00 9.998536363E-01 2.757878435E-05 5.231000000E-01
2.382030600E+00 9.998554538E-01 2.715409029E-05 5.205000000E-01
2.393940700E+00 9.998572727E-01 2.673618761E-05 5.179000000E-01
2.405910400E+00 9.998590932E-01 2.632498113E-05 5.153000000E-01
2.417940000E+00 9.998608620E-01 2.592812126E-05 5.128000000E-01
2.430029700E+00 9.998626886E-01 2.552525692E-05 5.102000000E-01
2.442179800E+00 9.998644658E-01 2.513880626E-05 5.077000000E-01
2.454390700E+00 9.998662486E-01 2.475627144E-05 5.052000000E-01
2.466662700E+00 9.998680907E-01 2.437020904E-05 5.026000000E-01
2.478996000E+00 9.998698878E-01 2.399777659E-05 5.001000000E-01
2.491391000E+00 9.998716426E-01 2.363865312E-05 4.977000000E-01
2.503847900E+00 9.998734602E-01 2.327593091E-05 4.952000000E-01
2.516367200E+00 9.998752902E-01 2.291693637E-05 4.927000000E-01
2.528949000E+00 9.998770846E-01 2.257302049E-05 4.903000000E-01
2.541593800E+00 9.998789465E-01 2.222344674E-05 4.878000000E-01
2.554301700E+00 9.998807787E-01 2.188651673E-05 4.854000000E-01
2.567073200E+00 9.998826348E-01 2.155510642E-05 4.830000000E-01
2.579908600E+00 9.998845186E-01 2.122705647E-05 4.806000000E-01
2.592808200E+00 9.998864348E-01 2.090440850E-05 4.782000000E-01
2.605772200E+00 9.998883887E-01 2.058504545E-05 4.758000000E-01
2.618801100E+00 9.998903877E-01 2.026895049E-05 4.734000000E-01
2.631895100E+00 9.998923945E-01 1.996538090E-05 4.711000000E-01
2.645054500E+00 9.998945123E-01 1.965725709E-05 4.687000000E-01
2.658279800E+00 9.998966714E-01 1.936140378E-05 4.664000000E-01
2.671571200E+00 9.998989234E-01 1.906930749E-05 4.641000000E-01
2.684929100E+00 9.999013016E-01 1.878073812E-05 4.618000000E-01
2.698353700E+00 9.999038435E-01 1.849585361E-05 4.595000000E-01
2.711845500E+00 9.999066060E-01 1.821442812E-05 4.572000000E-01
2.725404700E+00 9.999096801E-01 1.793661617E-05 4.549000000E-01
2.739031700E+00 9.999131893E-01 1.767000173E-05 4.527000000E-01
2.752726900E+00 9.999175403E-01 1.739886162E-05 4.504000000E-01
2.766490500E+00 9.999235235E-01 1.713887921E-05 4.482000000E-01
2.780323000E+00 9.999354265E-01 1.687464479E-05 4.459000000E-01
2.785922500E+00 9.999555758E-01 1.677093839E-05 4.450000000E-01
2.787477500E+00 9.999561139E-01 4.631281608E-05 4.448000000E-01
2.794224600E+00 9.999351552E-01 4.590679467E-05 4.437000000E-01
2.808195700E+00 9.999264428E-01 4.509118189E-05 4.415000000E-01
2.822236700E+00 9.999231233E-01 4.428848868E-05 4.393000000E-01
2.836347900E+00 9.999216135E-01 4.349855702E-05 4.371000000E-01
2.850529600E+00 9.999211206E-01 4.274087869E-05 4.350000000E-01
2.864782300E+00 9.999215191E-01 4.197406027E-05 4.328000000E-01
2.879106200E+00 9.999228987E-01 4.122124226E-05 4.306000000E-01
2.893501700E+00 9.999260415E-01 4.049781491E-05 4.285000000E-01
2.907969200E+00 9.999432593E-01 3.978428876E-05 4.264000000E-01
2.909569700E+00 9.999424448E-01 5.827910981E-05 4.261000000E-01
2.922509100E+00 9.999255378E-01 5.728424132E-05 4.242000000E-01
2.937121600E+00 9.999209396E-01 5.619235291E-05 4.221000000E-01
2.951807200E+00 9.999183295E-01 5.512006874E-05 4.200000000E-01
2.966566200E+00 9.999165801E-01 5.406397605E-05 4.179000000E-01
2.981399100E+00 9.999152955E-01 5.305096794E-05 4.159000000E-01
2.996306100E+00 9.999143944E-01 5.202944563E-05 4.138000000E-01
3.011287600E+00 9.999137237E-01 5.100828434E-05 4.117000000E-01
3.026344000E+00 9.999132077E-01 5.002428188E-05 4.097000000E-01
3.041475800E+00 9.999129010E-01 4.903414707E-05 4.076000000E-01
3.056683100E+00 9.999126934E-01 4.809351417E-05 4.056000000E-01
3.071966600E+00 9.999125949E-01 4.718776920E-05 4.036000000E-01
3.087326400E+00 9.999125875E-01 4.630162898E-05 4.016000000E-01
3.102763000E+00 9.999126609E-01 4.543189492E-05 3.996000000E-01
3.118276800E+00 9.999128061E-01 4.457975557E-05 3.976000000E-01
3.133868200E+00 9.999130159E-01 4.374211721E-05 3.956000000E-01
3.149537600E+00 9.999132401E-01 4.294339344E-05 3.937000000E-01
3.165285300E+00 9.999135616E-01 4.213938821E-05 3.917000000E-01
3.181111700E+00 9.999138880E-01 4.137043810E-05 3.898000000E-01
3.197017200E+00 9.999143044E-01 4.059362078E-05 3.878000000E-01
3.213002300E+00 9.999147199E-01 3.985360495E-05 3.859000000E-01
3.229067300E+00 9.999151769E-01 3.912493582E-05 3.840000000E-01
3.245212700E+00 9.999156740E-01 3.841142812E-05 3.821000000E-01
3.261438700E+00 9.999162111E-01 3.770893257E-05 3.802000000E-01
3.277745900E+00 9.999167890E-01 3.701989958E-05 3.783000000E-01
3.294134700E+00 9.999174099E-01 3.634285058E-05 3.764000000E-01
3.310605300E+00 9.999180775E-01 3.567762258E-05 3.745000000E-01
3.327158400E+00 9.999187990E-01 3.502405376E-05 3.726000000E-01
3.343794100E+00 9.999195431E-01 3.439929791E-05 3.708000000E-01
3.360513100E+00 9.999204190E-01 3.376710766E-05 3.689000000E-01
3.377315700E+00 9.999213839E-01 3.316419257E-05 3.671000000E-01
3.394202300E+00 9.999225860E-01 3.257185413E-05 3.653000000E-01
3.411173300E+00 9.999243919E-01 3.198875694E-05 3.635000000E-01
3.422060200E+00 9.999270660E-01 3.161245837E-05 3.623000000E-01
3.428229100E+00 9.999282931E-01 3.708010140E-05 3.617000000E-01
3.429940000E+00 9.999273088E-01 3.700734030E-05 3.615000000E-01
3.445370300E+00 9.999248072E-01 3.640177210E-05 3.599000000E-01
3.462597100E+00 9.999241326E-01 3.573493288E-05 3.581000000E-01
3.479910100E+00 9.999239380E-01 3.507943299E-05 3.563000000E-01
3.497309700E+00 9.999239612E-01 3.443399135E-05 3.545000000E-01
3.514796200E+00 9.999241133E-01 3.379961362E-05 3.527000000E-01
3.532370200E+00 9.999243096E-01 3.319506391E-05 3.510000000E-01
3.550032100E+00 9.999246135E-01 3.257992256E-05 3.492000000E-01
3.567782200E+00 9.999249253E-01 3.199386469E-05 3.475000000E-01
3.585621100E+00 9.999252794E-01 3.141569066E-05 3.458000000E-01
3.603549200E+00 9.999256706E-01 3.085492393E-05 3.441000000E-01
3.621567000E+00 9.999261281E-01 3.029561791E-05 3.423000000E-01
3.639674800E+00 9.999265633E-01 2.975627481E-05 3.406000000E-01
3.657873200E+00 9.999269753E-01 2.924250695E-05 3.390000000E-01
3.676162600E+00 9.999274482E-01 2.872051827E-05 3.373000000E-01
3.694543400E+00 9.999279374E-01 2.820765607E-05 3.356000000E-01
3.713016100E+00 9.999284411E-01 2.770278944E-05 3.339000000E-01
3.731581200E+00 9.999289155E-01 2.722319849E-05 3.323000000E-01
3.750239100E+00 9.999294451E-01 2.673479866E-05 3.306000000E-01
3.768990300E+00 9.999299438E-01 2.627005886E-05 3.290000000E-01
3.787835200E+00 9.999304962E-01 2.579578029E-05 3.273000000E-01
3.806774400E+00 9.999310185E-01 2.534077092E-05 3.257000000E-01
3.825808300E+00 9.999315533E-01 2.489381886E-05 3.241000000E-01
3.844937300E+00 9.999321006E-01 2.445387449E-05 3.225000000E-01
3.864162000E+00 9.999326611E-01 2.402085315E-05 3.209000000E-01
3.883482800E+00 9.999332363E-01 2.359467074E-05 3.193000000E-01
3.902900200E+00 9.999338283E-01 2.317524373E-05 3.177000000E-01
3.922414700E+00 9.999344417E-01 2.276248914E-05 3.161000000E-01
3.942026800E+00 9.999350847E-01 2.235721499E-05 3.145000000E-01
3.961736900E+00 9.999357345E-01 2.197158653E-05 3.130000000E-01
3.981545600E+00 9.999365246E-01 2.157816725E-05 3.114000000E-01
4.001453300E+00 9.999377164E-01 2.119109624E-05 3.098000000E-01
4.002348600E+00 9.999377164E-01 2.119109624E-05 3.098000000E-01
4.013651200E+00 9.999380848E-01 2.248386157E-05 3.089000000E-01
4.021460600E+00 9.999378543E-01 2.232557790E-05 3.083000000E-01
4.041567900E+00 9.999378983E-01 2.192921068E-05 3.068000000E-01
4.061775700E+00 9.999382100E-01 2.152497571E-05 3.052000000E-01
4.082084600E+00 9.999385634E-01 2.114119656E-05 3.037000000E-01
4.102495000E+00 9.999389621E-01 2.076350549E-05 3.022000000E-01
4.123007500E+00 9.999393910E-01 2.039182838E-05 3.007000000E-01
4.143622600E+00 9.999398426E-01 2.002609157E-05 2.992000000E-01
4.164340700E+00 9.999403129E-01 1.966622192E-05 2.977000000E-01
4.185162400E+00 9.999408003E-01 1.931214674E-05 2.962000000E-01
4.206088200E+00 9.999412651E-01 1.897666594E-05 2.948000000E-01
4.227118600E+00 9.999417864E-01 1.864154043E-05 2.933000000E-01
4.248254200E+00 9.999423251E-01 1.831183837E-05 2.918000000E-01
4.269495500E+00 9.999428523E-01 1.799988472E-05 2.904000000E-01
4.290843000E+00 9.999434377E-01 1.769290696E-05 2.890000000E-01
4.308063700E+00 9.999440837E-01 1.744113783E-05 2.878000000E-01
4.312297200E+00 9.999443367E-01 1.737949491E-05 2.875000000E-01
4.325936100E+00 9.999444681E-01 1.795488532E-05 2.866000000E-01
4.333858700E+00 9.999444701E-01 1.784512952E-05 2.861000000E-01
4.355528000E+00 9.999447146E-01 1.754466870E-05 2.847000000E-01
4.377305600E+00 9.999450943E-01 1.723680962E-05 2.832000000E-01
4.399192100E+00 9.999454716E-01 1.694598724E-05 2.818000000E-01
4.421188100E+00 9.999458687E-01 1.665911024E-05 2.804000000E-01
4.443294000E+00 9.999462782E-01 1.637684038E-05 2.790000000E-01
4.465510500E+00 9.999466966E-01 1.609703643E-05 2.776000000E-01
4.487838100E+00 9.999470840E-01 1.583115909E-05 2.763000000E-01
4.510277200E+00 9.999475157E-01 1.555819621E-05 2.749000000E-01
4.532828600E+00 9.999479520E-01 1.528834103E-05 2.735000000E-01
4.555492800E+00 9.999483539E-01 1.503395331E-05 2.722000000E-01
4.578270200E+00 9.999487971E-01 1.477275021E-05 2.708000000E-01
4.601161600E+00 9.999492051E-01 1.452597986E-05 2.695000000E-01
4.624167400E+00 9.999496530E-01 1.427191567E-05 2.681000000E-01
4.647288200E+00 9.999500651E-01 1.403259044E-05 2.668000000E-01
4.670524700E+00 9.999504789E-01 1.379653959E-05 2.655000000E-01
4.693877300E+00 9.999509311E-01 1.355409223E-05 2.641000000E-01
4.717346700E+00 9.999513472E-01 1.332523077E-05 2.628000000E-01
4.740933400E+00 9.999517641E-01 1.309953175E-05 2.615000000E-01
4.764638100E+00 9.999521818E-01 1.287757232E-05 2.602000000E-01
4.788461300E+00 9.999526000E-01 1.265869861E-05 2.589000000E-01
4.812403600E+00 9.999530186E-01 1.244287870E-05 2.576000000E-01
4.836465600E+00 9.999534011E-01 1.224021813E-05 2.564000000E-01
4.860647900E+00 9.999538201E-01 1.203087475E-05 2.551000000E-01
4.884951200E+00 9.999542392E-01 1.182447976E-05 2.538000000E-01
4.909375900E+00 9.999546581E-01 1.162100207E-05 2.525000000E-01
4.933922800E+00 9.999550410E-01 1.142950523E-05 2.513000000E-01
4.958592400E+00 9.999554595E-01 1.123222125E-05 2.500000000E-01
4.983385400E+00 9.999558421E-01 1.104662992E-05 2.488000000E-01
5.008302300E+00 9.999562244E-01 1.086360970E-05 2.476000000E-01
5.033343800E+00 9.999566417E-01 1.067446406E-05 2.463000000E-01
5.058510500E+00 9.999570232E-01 1.049660820E-05 2.451000000E-01
5.083803100E+00 9.999574043E-01 1.032124218E-05 2.439000000E-01
5.109222100E+00 9.999577847E-01 1.014833957E-05 2.427000000E-01
5.134768200E+00 9.999581645E-01 9.978399162E-06 2.415000000E-01
5.160442100E+00 9.999585437E-01 9.810339505E-06 2.403000000E-01
5.186244300E+00 9.999589219E-01 9.645179618E-06 2.391000000E-01
5.212175500E+00 9.999592992E-01 9.481859176E-06 2.379000000E-01
5.238236400E+00 9.999596760E-01 9.318854778E-06 2.367000000E-01
5.264427600E+00 9.999600523E-01 9.158698657E-06 2.355000000E-01
5.290749700E+00 9.999604281E-01 9.000855711E-06 2.343000000E-01
5.317203400E+00 9.999607695E-01 8.852401830E-06 2.332000000E-01
5.343789500E+00 9.999611440E-01 8.699021221E-06 2.320000000E-01
5.370508400E+00 9.999614844E-01 8.554807744E-06 2.309000000E-01
5.397360900E+00 9.999618573E-01 8.405792807E-06 2.297000000E-01
5.424347700E+00 9.999621963E-01 8.265727354E-06 2.286000000E-01
5.451469500E+00 9.999625675E-01 8.120517048E-06 2.274000000E-01
5.478726800E+00 9.999629050E-01 7.984512850E-06 2.263000000E-01
5.506120500E+00 9.999632417E-01 7.850919665E-06 2.252000000E-01
5.533651100E+00 9.999635775E-01 7.718798363E-06 2.241000000E-01
5.561319300E+00 9.999639448E-01 7.581784226E-06 2.229000000E-01
5.589125900E+00 9.999642051E-01 7.451775072E-06 2.218000000E-01
5.617071600E+00 9.999645389E-01 7.323230746E-06 2.207000000E-01
5.645156900E+00 9.999648721E-01 7.196143077E-06 2.196000000E-01
5.673382700E+00 9.999652046E-01 7.070933713E-06 2.185000000E-01
5.701749600E+00 9.999655363E-01 6.947581534E-06 2.174000000E-01
5.730258400E+00 9.999658357E-01 6.832378673E-06 2.164000000E-01
5.758909600E+00 9.999661658E-01 6.712599030E-06 2.153000000E-01
5.787704200E+00 9.999664951E-01 6.594201792E-06 2.142000000E-01
5.816642700E+00 9.999667922E-01 6.484077920E-06 2.132000000E-01
5.845725900E+00 9.999670733E-01 6.368335765E-06 2.121000000E-01
5.874954600E+00 9.999674004E-01 6.254353629E-06 2.110000000E-01
5.904329300E+00 9.999676957E-01 6.147964911E-06 2.100000000E-01
5.933851000E+00 9.999680209E-01 6.037366661E-06 2.089000000E-01
5.963520200E+00 9.999683147E-01 5.934175734E-06 2.079000000E-01
5.993337800E+00 9.999686076E-01 5.832520742E-06 2.069000000E-01
6.023304500E+00 9.999689299E-01 5.726817443E-06 2.058000000E-01
6.053421000E+00 9.999692212E-01 5.628251113E-06 2.048000000E-01
6.083688200E+00 9.999695114E-01 5.531167857E-06 2.038000000E-01
6.114106600E+00 9.999698009E-01 5.435180267E-06 2.028000000E-01
6.144677100E+00 9.999700893E-01 5.341015490E-06 2.018000000E-01
6.175400500E+00 9.999703768E-01 5.248282675E-06 2.008000000E-01
6.206277500E+00 9.999706634E-01 5.156965005E-06 1.998000000E-01
6.237308900E+00 9.999709490E-01 5.066689966E-06 1.988000000E-01
6.268495400E+00 9.999712335E-01 4.978156143E-06 1.978000000E-01
6.299837900E+00 9.999715170E-01 4.890638965E-06 1.968000000E-01
6.331337100E+00 9.999717995E-01 4.804822951E-06 1.958000000E-01
6.362993800E+00 9.999720522E-01 4.724845194E-06 1.949000000E-01
6.394808800E+00 9.999723326E-01 4.641282504E-06 1.939000000E-01
6.426782800E+00 9.999726120E-01 4.559027904E-06 1.929000000E-01
6.458916700E+00 9.999728619E-01 4.482733681E-06 1.920000000E-01
6.491211300E+00 9.999731391E-01 4.402988291E-06 1.910000000E-01
6.523667400E+00 9.999733872E-01 4.329057296E-06 1.901000000E-01
6.556285700E+00 9.999736623E-01 4.251438798E-06 1.891000000E-01
6.589067100E+00 9.999739084E-01 4.179816845E-06 1.882000000E-01
6.622012500E+00 9.999741812E-01 4.104597406E-06 1.872000000E-01
6.655122500E+00 9.999744254E-01 4.034915479E-06 1.863000000E-01
6.688398100E+00 9.999746686E-01 3.966317032E-06 1.854000000E-01
6.721840100E+00 9.999749380E-01 3.894563646E-06 1.844000000E-01
6.755449300E+00 9.999751792E-01 3.828144224E-06 1.835000000E-01
6.789226600E+00 9.999754193E-01 3.762768205E-06 1.826000000E-01
6.823172700E+00 9.999756585E-01 3.698125391E-06 1.817000000E-01
6.857288600E+00 9.999758704E-01 3.634506006E-06 1.808000000E-01
6.891575000E+00 9.999761077E-01 3.571314473E-06 1.799000000E-01
6.926032900E+00 9.999763441E-01 3.509132413E-06 1.790000000E-01
6.960663100E+00 9.999765795E-01 3.447661511E-06 1.781000000E-01
6.995466400E+00 9.999768139E-01 3.387463118E-06 1.772000000E-01
7.030443700E+00 9.999770213E-01 3.331732777E-06 1.764000000E-01
7.065595900E+00 9.999772538E-01 3.273143330E-06 1.755000000E-01
7.100923900E+00 9.999774854E-01 3.215506729E-06 1.746000000E-01
7.136428500E+00 9.999777158E-01 3.158538980E-06 1.737000000E-01
7.172110700E+00 9.999779198E-01 3.106366096E-06 1.729000000E-01
7.207971200E+00 9.999781483E-01 3.051205649E-06 1.720000000E-01
7.244011100E+00 9.999783505E-01 3.000459445E-06 1.712000000E-01
7.280231100E+00 9.999785771E-01 2.946801775E-06 1.703000000E-01
7.316632300E+00 9.999787775E-01 2.897712685E-06 1.695000000E-01
7.353215500E+00 9.999790021E-01 2.845781218E-06 1.686000000E-01
7.389981500E+00 9.999792007E-01 2.797799167E-06 1.678000000E-01
7.426931400E+00 9.999794232E-01 2.747554260E-06 1.669000000E-01
7.464066100E+00 9.999796201E-01 2.701158766E-06 1.661000000E-01
7.501386400E+00 9.999798161E-01 2.655522190E-06 1.653000000E-01
7.538893400E+00 9.999800112E-01 2.610634605E-06 1.645000000E-01
7.576587800E+00 9.999802297E-01 2.563110554E-06 1.636000000E-01
7.614470800E+00 9.999804230E-01 2.519493092E-06 1.628000000E-01
7.652543100E+00 9.999806154E-01 2.476599412E-06 1.620000000E-01
7.690805800E+00 9.999808069E-01 2.434185889E-06 1.612000000E-01
7.729259900E+00 9.999809976E-01 2.392481489E-06 1.604000000E-01
7.767906200E+00 9.999811873E-01 2.351476636E-06 1.596000000E-01
7.806745700E+00 9.999813762E-01 2.310934794E-06 1.588000000E-01
7.845779400E+00 9.999815642E-01 2.271078117E-06 1.580000000E-01
7.885008300E+00 9.999817512E-01 2.231897203E-06 1.572000000E-01
7.924433400E+00 9.999819143E-01 2.196034099E-06 1.565000000E-01
7.964055500E+00 9.999820996E-01 2.157904026E-06 1.557000000E-01
8.003875800E+00 9.999822840E-01 2.120362512E-06 1.549000000E-01
8.043895200E+00 9.999824596E-01 2.083252739E-06 1.541000000E-01
8.084114700E+00 9.999826196E-01 2.049306686E-06 1.534000000E-01
8.124535200E+00 9.999828014E-01 2.013207464E-06 1.526000000E-01
8.165157900E+00 9.999829824E-01 1.977653314E-06 1.518000000E-01
8.205983700E+00 9.999831402E-01 1.945211754E-06 1.511000000E-01
8.247013600E+00 9.999833194E-01 1.910676144E-06 1.503000000E-01
8.288248700E+00 9.999834756E-01 1.879199013E-06 1.496000000E-01
8.329689900E+00 9.999836531E-01 1.845699134E-06 1.488000000E-01
8.371338400E+00 9.999838078E-01 1.815144328E-06 1.481000000E-01
8.413195100E+00 9.999839618E-01 1.785038118E-06 1.474000000E-01
8.455261000E+00 9.999841367E-01 1.752983060E-06 1.466000000E-01
8.497537300E+00 9.999842892E-01 1.723768133E-06 1.459000000E-01
8.540025000E+00 9.999844409E-01 1.694967632E-06 1.452000000E-01
9.030794000E+00 9.999860474E-01 1.392909703E-06 1.373000000E-01
9.653919000E+00 9.999878343E-01 1.088990844E-06 1.284000000E-01
1.032004000E+01 9.999894021E-01 8.529051561E-07 1.201000000E-01
1.103212000E+01 9.999907692E-01 6.696798824E-07 1.124000000E-01
1.179334000E+01 9.999919882E-01 5.257507421E-07 1.051000000E-01
1.260708000E+01 9.999930589E-01 4.132002465E-07 9.834000000E-02
1.347697000E+01 9.999940413E-01 3.243317510E-07 9.200000000E-02
1.392923000E+01 9.999945514E-01 2.878935010E-07 8.901000000E-02
1.414243000E+01 9.999948961E-01 2.725369997E-07 8.767000000E-02
1.419929000E+01 9.999951486E-01 2.686285562E-07 8.732000000E-02
1.428457000E+01 9.999949977E-01 6.723161776E-07 8.680000000E-02
1.440688000E+01 9.999949514E-01 6.516333087E-07 8.606000000E-02
1.449777000E+01 9.999949650E-01 6.368113591E-07 8.552000000E-02
1.540095000E+01 9.999953948E-01 5.094213254E-07 8.050000000E-02
1.646362000E+01 9.999959845E-01 3.972012876E-07 7.531000000E-02
1.670078000E+01 9.999961567E-01 3.765221700E-07 7.424000000E-02
1.676792000E+01 9.999962637E-01 3.708864959E-07 7.394000000E-02
1.686862000E+01 9.999962317E-01 5.114056669E-07 7.350000000E-02
1.712039000E+01 9.999962785E-01 4.844938956E-07 7.242000000E-02
1.714314000E+01 9.999962863E-01 4.820738136E-07 7.232000000E-02
1.740554000E+01 9.999963947E-01 4.560586966E-07 7.123000000E-02
1.747551000E+01 9.999964520E-01 4.494710523E-07 7.095000000E-02
1.758047000E+01 9.999964507E-01 5.090572803E-07 7.052000000E-02
1.759961000E+01 9.999964517E-01 5.071981952E-07 7.045000000E-02
1.784286000E+01 9.999965045E-01 4.832532043E-07 6.949000000E-02
1.881398000E+01 9.999967882E-01 4.004788479E-07 6.590000000E-02
2.011215000E+01 9.999971497E-01 3.154404800E-07 6.165000000E-02
2.149988000E+01 9.999974846E-01 2.484022138E-07 5.767000000E-02
2.298338000E+01 9.999977861E-01 1.956035973E-07 5.395000000E-02
2.456923000E+01 9.999980559E-01 1.539754286E-07 5.046000000E-02
2.626450000E+01 9.999982936E-01 1.213560310E-07 4.721000000E-02
2.807676000E+01 9.999985041E-01 9.506005658E-08 4.416000000E-02
3.001405000E+01 9.999986889E-01 7.422444988E-08 4.131000000E-02
3.208502000E+01 9.999988525E-01 5.797292393E-08 3.864000000E-02
3.429889000E+01 9.999989953E-01 4.531354989E-08 3.615000000E-02
3.666551000E+01 9.999991213E-01 3.529723761E-08 3.381000000E-02
3.919543000E+01 9.999992315E-01 2.750556406E-08 3.163000000E-02
4.189992000E+01 9.999993280E-01 2.144865447E-08 2.959000000E-02
4.479101000E+01 9.999994125E-01 1.673694349E-08 2.768000000E-02
4.788159000E+01 9.999994866E-01 1.306663494E-08 2.589000000E-02
5.118542000E+01 9.999995512E-01 1.021219163E-08 2.422000000E-02
5.471721000E+01 9.999996076E-01 7.989054665E-09 2.266000000E-02
5.849270000E+01 9.999996570E-01 6.254297127E-09 2.120000000E-02
6.252870000E+01 9.999997003E-01 4.895025654E-09 1.983000000E-02
6.684318000E+01 9.999997381E-01 3.827782993E-09 1.855000000E-02
7.145536000E+01 9.999997713E-01 2.995169575E-09 1.735000000E-02
7.638578000E+01 9.999998002E-01 2.342756815E-09 1.623000000E-02
8.165640000E+01 9.999998257E-01 1.822580267E-09 1.518000000E-02
8.729069000E+01 9.999998481E-01 1.410955812E-09 1.420000000E-02
9.331374000E+01 9.999998683E-01 1.094213415E-09 1.329000000E-02
9.381530000E+01 9.999998700E-01 1.072206627E-09 1.322000000E-02
9.525125000E+01 9.999998754E-01 1.011699577E-09 1.302000000E-02
9.563417000E+01 9.999998784E-01 9.951232554E-10 1.296000000E-02
9.620855000E+01 9.999998778E-01 4.567272178E-09 1.289000000E-02
9.764449000E+01 9.999998798E-01 4.333427168E-09 1.270000000E-02
9.975239000E+01 9.999998840E-01 4.015925661E-09 1.243000000E-02
1.066353000E+02 9.999998974E-01 3.167242837E-09 1.163000000E-02
1.139931000E+02 9.999999098E-01 2.493656728E-09 1.088000000E-02
1.218587000E+02 9.999999210E-01 1.958039529E-09 1.017000000E-02
1.302669000E+02 9.999999307E-01 1.540898053E-09 9.518000000E-03
1.392553000E+02 9.999999393E-01 1.210335528E-09 8.903000000E-03
1.488640000E+02 9.999999468E-01 9.498782971E-10 8.329000000E-03
1.591356000E+02 9.999999534E-01 7.452786424E-10 7.791000000E-03
1.701159000E+02 9.999999592E-01 5.848234331E-10 7.288000000E-03
1.818539000E+02 9.999999643E-01 4.590109188E-10 6.818000000E-03
1.944018000E+02 9.999999688E-01 3.602796820E-10 6.378000000E-03
2.078156000E+02 9.999999727E-01 2.827699564E-10 5.966000000E-03
2.221548000E+02 9.999999761E-01 2.219871677E-10 5.581000000E-03
2.374835000E+02 9.999999791E-01 1.743011328E-10 5.221000000E-03
2.538699000E+02 9.999999817E-01 1.368622339E-10 4.884000000E-03
2.713869000E+02 9.999999840E-01 1.074878017E-10 4.569000000E-03
2.901126000E+02 9.999999860E-01 8.441379395E-11 4.274000000E-03
3.101304000E+02 9.999999877E-01 6.629857990E-11 3.998000000E-03
3.315294000E+02 9.999999893E-01 5.208034029E-11 3.740000000E-03
3.544049000E+02 9.999999906E-01 4.090104873E-11 3.498000000E-03
3.788588000E+02 9.999999918E-01 3.215045170E-11 3.273000000E-03
4.050001000E+02 9.999999928E-01 2.524983159E-11 3.061000000E-03
4.329451000E+02 0.000000000E+00 0.000000000E+00 2.864000000E-03
