# 11/08/2021 
# Data retrieved from www.chemicool.com/densities.html 
# Includes the real (n) and complex (k) part of the  refractive index. 
# Element, Au  (Z = 79) 
# Nominal density, g cm-3 =  19.32 
#    E [keV]      n       k    Wavelength [nm] 
6.654510000E-03 -7.176229997E+01 1.787289391E-01 1.863000000E+02
6.756365000E-03 -1.003850041E+00 0.000000000E+00 1.835000000E+02
6.783526000E-03 -3.599956604E-01 0.000000000E+00 1.828000000E+02
6.824268000E-03 -9.485320027E-01 1.193091230E+00 1.817000000E+02
6.926123000E-03 -1.368277151E+00 1.141514289E+00 1.790000000E+02
8.142217000E-03 -5.582821474E-01 7.603744377E-01 1.523000000E+02
8.266843000E-03 -2.311310390E-01 7.462249190E-01 1.500000000E+02
8.300076000E-03 8.617020635E-02 7.429279760E-01 1.494000000E+02
8.349926000E-03 -2.020104141E-01 1.320611299E+00 1.485000000E+02
8.474552000E-03 -3.983249928E-01 1.275704697E+00 1.463000000E+02
1.069000000E-02 3.550837147E-01 1.067760608E+00 1.160000000E+02
1.142761000E-02 5.706919252E-01 1.124237948E+00 1.085000000E+02
1.221612000E-02 7.365340001E-01 1.202525148E+00 1.015000000E+02
1.305903000E-02 8.509227178E-01 1.291805872E+00 9.494000000E+01
1.396010000E-02 9.139560598E-01 1.382932246E+00 8.881000000E+01
1.492335000E-02 9.279400663E-01 1.466125681E+00 8.308000000E+01
1.595306000E-02 8.975911803E-01 1.531694850E+00 7.772000000E+01
1.705382000E-02 8.303055919E-01 1.570591098E+00 7.270000000E+01
1.823053000E-02 7.359303589E-01 1.576668680E+00 6.801000000E+01
1.948844000E-02 6.262778626E-01 1.545465470E+00 6.362000000E+01
2.083314000E-02 5.069829413E-01 1.476733811E+00 5.951000000E+01
2.227063000E-02 4.044883195E-01 1.374325301E+00 5.567000000E+01
2.380730000E-02 3.206594445E-01 1.245038888E+00 5.208000000E+01
2.545001000E-02 2.596991869E-01 1.097745742E+00 4.872000000E+01
2.720606000E-02 2.298822226E-01 9.423950800E-01 4.557000000E+01
2.908327000E-02 2.274031497E-01 7.887060584E-01 4.263000000E+01
3.109002000E-02 2.493953023E-01 6.442217373E-01 3.988000000E+01
3.323523000E-02 2.906062271E-01 5.147439869E-01 3.731000000E+01
3.552846000E-02 3.454813201E-01 4.030562429E-01 3.490000000E+01
3.797993000E-02 4.084653907E-01 3.100401593E-01 3.264000000E+01
4.060054000E-02 4.740905846E-01 2.353188957E-01 3.054000000E+01
4.340198000E-02 5.396099051E-01 1.765543013E-01 2.857000000E+01
4.639671000E-02 6.030586207E-01 1.313012470E-01 2.672000000E+01
4.959809000E-02 6.642150129E-01 9.718819410E-02 2.500000000E+01
5.262600000E-02 7.263776794E-01 7.417255514E-02 2.356000000E+01
5.302035000E-02 7.387217145E-01 7.165621241E-02 2.338000000E+01
5.343150000E-02 7.591658515E-01 6.916969833E-02 2.320000000E+01
5.364630000E-02 7.896861923E-01 6.792947103E-02 2.311000000E+01
5.396850000E-02 7.626914862E-01 1.215092275E-01 2.297000000E+01
5.477400000E-02 7.449400149E-01 1.136786492E-01 2.264000000E+01
5.667876000E-02 7.464216564E-01 9.725088008E-02 2.187000000E+01
6.058959000E-02 7.709053119E-01 7.186608063E-02 2.046000000E+01
6.477028000E-02 8.003207865E-01 5.306766303E-02 1.914000000E+01
6.923942000E-02 8.309464379E-01 3.927278672E-02 1.791000000E+01
7.026600000E-02 8.389126132E-01 3.672835285E-02 1.764000000E+01
7.134150000E-02 8.504298172E-01 3.433965205E-02 1.738000000E+01
7.162830000E-02 8.591518923E-01 3.372861102E-02 1.731000000E+01
7.205850000E-02 8.535502245E-01 4.715233633E-02 1.721000000E+01
7.313400000E-02 8.522226715E-01 4.448405387E-02 1.695000000E+01
7.401695000E-02 8.540126482E-01 4.248314293E-02 1.675000000E+01
7.912411000E-02 8.705877126E-01 3.299919329E-02 1.567000000E+01
8.114400000E-02 8.777378924E-01 2.999771175E-02 1.528000000E+01
8.238600000E-02 8.830260047E-01 2.829616302E-02 1.505000000E+01
8.271720000E-02 8.858295775E-01 2.786026660E-02 1.499000000E+01
8.321400000E-02 8.853943210E-01 3.076215292E-02 1.490000000E+01
8.445600000E-02 8.875136424E-01 2.901035774E-02 1.468000000E+01
8.458368000E-02 8.877857744E-01 2.884539122E-02 1.466000000E+01
8.467200000E-02 8.880741416E-01 2.870768809E-02 1.464000000E+01
8.596800000E-02 8.918551059E-01 2.702231408E-02 1.442000000E+01
8.631360000E-02 8.937824091E-01 2.658266844E-02 1.436000000E+01
8.683200000E-02 8.937314246E-01 2.812623079E-02 1.428000000E+01
8.812800000E-02 8.957593867E-01 2.650685536E-02 1.407000000E+01
9.041995000E-02 9.005369223E-01 2.388753142E-02 1.371000000E+01
9.665893000E-02 9.135217769E-01 1.832210091E-02 1.283000000E+01
1.033284000E-01 9.259708639E-01 1.434315942E-02 1.200000000E+01
1.056440000E-01 9.298385279E-01 1.331684838E-02 1.174000000E+01
1.072610000E-01 9.325611743E-01 1.267195120E-02 1.156000000E+01
1.076922000E-01 9.334331935E-01 1.250430853E-02 1.151000000E+01
1.083390000E-01 9.342511540E-01 1.260092314E-02 1.144000000E+01
1.099560000E-01 9.363780988E-01 1.207462064E-02 1.128000000E+01
1.104581000E-01 9.371701880E-01 1.189748352E-02 1.122000000E+01
1.180797000E-01 9.467866349E-01 1.003310997E-02 1.050000000E+01
1.262272000E-01 9.553243068E-01 8.851565801E-03 9.822000000E+00
1.349368000E-01 9.627518935E-01 8.240877978E-03 9.188000000E+00
1.442475000E-01 9.691442304E-01 8.051245747E-03 8.595000000E+00
1.542005000E-01 9.745879222E-01 8.187274421E-03 8.040000000E+00
1.648404000E-01 9.791403027E-01 8.582896297E-03 7.521000000E+00
1.762144000E-01 9.828740018E-01 9.147470349E-03 7.036000000E+00
1.883732000E-01 9.858464018E-01 9.794698529E-03 6.582000000E+00
2.013709000E-01 9.881241585E-01 1.043951664E-02 6.157000000E+00
2.152655000E-01 9.897791679E-01 1.100353417E-02 5.760000000E+00
2.301188000E-01 9.909170622E-01 1.141010363E-02 5.388000000E+00
2.459970000E-01 9.916369935E-01 1.160625815E-02 5.040000000E+00
2.629708000E-01 9.920431797E-01 1.156527927E-02 4.715000000E+00
2.811158000E-01 9.922638836E-01 1.127512785E-02 4.410000000E+00
3.005128000E-01 9.923886622E-01 1.076671049E-02 4.126000000E+00
3.212482000E-01 9.925353983E-01 1.006337266E-02 3.859000000E+00
3.272220000E-01 9.926053662E-01 9.846123990E-03 3.789000000E+00
3.322305000E-01 9.927258505E-01 9.658745727E-03 3.732000000E+00
3.335661000E-01 9.928396952E-01 9.607612423E-03 3.717000000E+00
3.355695000E-01 9.927523255E-01 9.735833318E-03 3.695000000E+00
3.405780000E-01 9.927080686E-01 9.546438048E-03 3.640000000E+00
3.434143000E-01 9.927126986E-01 9.440824437E-03 3.610000000E+00
3.449600000E-01 9.927194579E-01 9.383330737E-03 3.594000000E+00
3.502400000E-01 9.927850421E-01 9.184484564E-03 3.540000000E+00
3.516480000E-01 9.928579711E-01 9.132074058E-03 3.526000000E+00
3.537600000E-01 9.927953581E-01 9.188953312E-03 3.505000000E+00
3.590400000E-01 9.927577879E-01 8.989077437E-03 3.453000000E+00
3.671099000E-01 9.927654910E-01 8.687465305E-03 3.377000000E+00
3.924405000E-01 9.929064536E-01 7.761722305E-03 3.159000000E+00
4.195189000E-01 9.931567402E-01 6.837430297E-03 2.955000000E+00
4.484657000E-01 9.934890313E-01 5.955040706E-03 2.765000000E+00
4.794098000E-01 9.938962515E-01 5.130305117E-03 2.586000000E+00
5.000000000E-01 9.939941903E-01 4.653331024E-03 2.480000000E+00
5.025000000E-01 9.940346424E-01 4.596128579E-03 2.467000000E+00
5.050125000E-01 9.940709475E-01 4.542902153E-03 2.455000000E+00
5.075375600E-01 9.941079605E-01 4.490061389E-03 2.443000000E+00
5.100752500E-01 9.941457086E-01 4.437291924E-03 2.431000000E+00
5.126256300E-01 9.941842483E-01 4.384911815E-03 2.419000000E+00
5.151887500E-01 9.942236331E-01 4.332612808E-03 2.407000000E+00
5.177647000E-01 9.942639290E-01 4.280706700E-03 2.395000000E+00
5.203535200E-01 9.943052435E-01 4.229041723E-03 2.383000000E+00
5.229552900E-01 9.943477089E-01 4.177621082E-03 2.371000000E+00
5.255700700E-01 9.943915248E-01 4.126447939E-03 2.359000000E+00
5.281979200E-01 9.944369837E-01 4.075525408E-03 2.347000000E+00
5.308389100E-01 9.944797841E-01 4.028449276E-03 2.336000000E+00
5.334931000E-01 9.945301289E-01 3.978010054E-03 2.324000000E+00
5.361605700E-01 9.945845729E-01 3.927972090E-03 2.312000000E+00
5.388413700E-01 9.946411290E-01 3.881566852E-03 2.301000000E+00
5.415355800E-01 9.947162827E-01 3.832164308E-03 2.289000000E+00
5.442432500E-01 9.948372071E-01 3.786347794E-03 2.278000000E+00
5.446964600E-01 9.948801517E-01 3.778192589E-03 2.276000000E+00
5.461035900E-01 9.948969127E-01 3.987365006E-03 2.270000000E+00
5.469644700E-01 9.948448763E-01 3.973973510E-03 2.267000000E+00
5.496992900E-01 9.948056817E-01 3.923257310E-03 2.255000000E+00
5.524477900E-01 9.948011659E-01 3.876403835E-03 2.244000000E+00
5.552100300E-01 9.948094084E-01 3.829642482E-03 2.233000000E+00
5.579860800E-01 9.948241899E-01 3.783241387E-03 2.222000000E+00
5.607760100E-01 9.948430484E-01 3.737069756E-03 2.211000000E+00
5.635798900E-01 9.948647298E-01 3.691258378E-03 2.200000000E+00
5.663977900E-01 9.948885217E-01 3.645805944E-03 2.189000000E+00
5.692297800E-01 9.949139767E-01 3.600459807E-03 2.178000000E+00
5.720759300E-01 9.949407754E-01 3.555599468E-03 2.167000000E+00
5.749363000E-01 9.949687088E-01 3.510850368E-03 2.156000000E+00
5.778109900E-01 9.949929584E-01 3.469695369E-03 2.146000000E+00
5.807000400E-01 9.950227227E-01 3.425642728E-03 2.135000000E+00
5.836035400E-01 9.950532383E-01 3.381829137E-03 2.124000000E+00
5.865215600E-01 9.950797945E-01 3.341535808E-03 2.114000000E+00
5.894541700E-01 9.951116265E-01 3.298415701E-03 2.103000000E+00
5.924014400E-01 9.951393790E-01 3.258649749E-03 2.093000000E+00
5.953634500E-01 9.951723181E-01 3.215989464E-03 2.082000000E+00
5.983402600E-01 9.952011123E-01 3.176753938E-03 2.072000000E+00
6.013319600E-01 9.952303920E-01 3.137828881E-03 2.062000000E+00
6.043386200E-01 9.952601326E-01 3.099213119E-03 2.052000000E+00
6.073603200E-01 9.952949222E-01 3.057797902E-03 2.041000000E+00
6.103971200E-01 9.953255283E-01 3.019602366E-03 2.031000000E+00
6.134491000E-01 9.953565680E-01 2.981825011E-03 2.021000000E+00
6.165163500E-01 9.953880390E-01 2.944247150E-03 2.011000000E+00
6.195989300E-01 9.954199601E-01 2.906870778E-03 2.001000000E+00
6.226969300E-01 9.954523596E-01 2.869907895E-03 1.991000000E+00
6.258104100E-01 9.954852847E-01 2.833146191E-03 1.981000000E+00
6.289394600E-01 9.955188216E-01 2.796690516E-03 1.971000000E+00
6.320841600E-01 9.955486180E-01 2.763253824E-03 1.962000000E+00
6.352445800E-01 9.955840969E-01 2.727284310E-03 1.952000000E+00
6.384208000E-01 9.956216026E-01 2.691619293E-03 1.942000000E+00
6.416129100E-01 9.956647290E-01 2.656257532E-03 1.932000000E+00
6.427859500E-01 9.956833871E-01 2.645155914E-03 1.929000000E+00
6.446140600E-01 9.957030272E-01 2.661838982E-03 1.923000000E+00
6.448209700E-01 9.957030272E-01 2.661838982E-03 1.923000000E+00
6.480450800E-01 9.957159956E-01 2.626276836E-03 1.913000000E+00
6.512853000E-01 9.957375017E-01 2.594228458E-03 1.904000000E+00
6.545417300E-01 9.957660786E-01 2.559637093E-03 1.894000000E+00
6.578144400E-01 9.957914797E-01 2.528120663E-03 1.885000000E+00
6.611035100E-01 9.958221832E-01 2.494103601E-03 1.875000000E+00
6.644090300E-01 9.958490122E-01 2.463022593E-03 1.866000000E+00
6.677310700E-01 9.958763136E-01 2.432194990E-03 1.857000000E+00
6.710697300E-01 9.959040010E-01 2.401619789E-03 1.848000000E+00
6.744250800E-01 9.959364412E-01 2.368628291E-03 1.838000000E+00
6.777972000E-01 9.959647335E-01 2.338575935E-03 1.829000000E+00
6.811861900E-01 9.959932743E-01 2.308685136E-03 1.820000000E+00
6.845921200E-01 9.960220553E-01 2.279044374E-03 1.811000000E+00
6.880150800E-01 9.960510428E-01 2.249652632E-03 1.802000000E+00
6.914551500E-01 9.960802295E-01 2.220508892E-03 1.793000000E+00
6.949124300E-01 9.961096081E-01 2.191612137E-03 1.784000000E+00
6.983869900E-01 9.961391632E-01 2.162961350E-03 1.775000000E+00
7.018789300E-01 9.961688798E-01 2.134472892E-03 1.766000000E+00
7.053883200E-01 9.961944394E-01 2.108710136E-03 1.758000000E+00
7.089152600E-01 9.962244954E-01 2.080691348E-03 1.749000000E+00
7.124598400E-01 9.962547173E-01 2.052996401E-03 1.740000000E+00
7.160221400E-01 9.962807965E-01 2.027803923E-03 1.732000000E+00
7.196022500E-01 9.963113577E-01 2.000492655E-03 1.723000000E+00
7.232002600E-01 9.963420947E-01 1.973422013E-03 1.714000000E+00
7.268162600E-01 9.963687669E-01 1.948875026E-03 1.706000000E+00
7.304503400E-01 9.963999295E-01 1.922339592E-03 1.697000000E+00
7.341026000E-01 9.964271116E-01 1.898211738E-03 1.689000000E+00
7.377731100E-01 9.964546343E-01 1.874208744E-03 1.681000000E+00
7.414619700E-01 9.964868082E-01 1.848268718E-03 1.672000000E+00
7.451692800E-01 9.965153881E-01 1.824755923E-03 1.664000000E+00
7.488951300E-01 9.965449557E-01 1.801440335E-03 1.656000000E+00
7.526396100E-01 9.965805832E-01 1.776163638E-03 1.647000000E+00
7.564028000E-01 9.966176848E-01 1.753257448E-03 1.639000000E+00
7.575935400E-01 9.966319120E-01 1.747206389E-03 1.637000000E+00
7.600065200E-01 9.966518911E-01 1.768531144E-03 1.631000000E+00
7.601848200E-01 9.966518911E-01 1.768531144E-03 1.631000000E+00
7.639857400E-01 9.966597495E-01 1.745432465E-03 1.623000000E+00
7.678056700E-01 9.966789921E-01 1.722809192E-03 1.615000000E+00
7.716447000E-01 9.967006949E-01 1.700378627E-03 1.607000000E+00
7.755029200E-01 9.967235731E-01 1.678139966E-03 1.599000000E+00
7.793804400E-01 9.967471558E-01 1.656025347E-03 1.591000000E+00
7.832773400E-01 9.967712089E-01 1.634168756E-03 1.583000000E+00
7.871937300E-01 9.967955990E-01 1.612501655E-03 1.575000000E+00
7.911296900E-01 9.968202433E-01 1.591023241E-03 1.567000000E+00
7.950853400E-01 9.968450942E-01 1.569732708E-03 1.559000000E+00
7.990607700E-01 9.968660683E-01 1.550626842E-03 1.552000000E+00
8.030560700E-01 9.968912202E-01 1.529692902E-03 1.544000000E+00
8.070713500E-01 9.969164767E-01 1.508881999E-03 1.536000000E+00
8.111067100E-01 9.969378226E-01 1.490329616E-03 1.529000000E+00
8.151622400E-01 9.969632553E-01 1.469933317E-03 1.521000000E+00
8.192380600E-01 9.969887483E-01 1.449720213E-03 1.513000000E+00
8.233342500E-01 9.970103225E-01 1.431590050E-03 1.506000000E+00
8.274509200E-01 9.970359194E-01 1.411724556E-03 1.498000000E+00
8.315881700E-01 9.970576022E-01 1.393909049E-03 1.491000000E+00
8.357461100E-01 9.970793312E-01 1.376300706E-03 1.484000000E+00
8.399248400E-01 9.971050222E-01 1.356942380E-03 1.476000000E+00
8.441244700E-01 9.971268137E-01 1.339642984E-03 1.469000000E+00
8.483450900E-01 9.971525374E-01 1.320624341E-03 1.461000000E+00
8.525868200E-01 9.971743754E-01 1.303631217E-03 1.454000000E+00
8.568497500E-01 9.971962305E-01 1.286727180E-03 1.447000000E+00
8.611340000E-01 9.972181061E-01 1.270023097E-03 1.440000000E+00
8.654396700E-01 9.972399892E-01 1.253462353E-03 1.433000000E+00
8.697668700E-01 9.972657221E-01 1.235309964E-03 1.425000000E+00
8.741157000E-01 9.972876079E-01 1.218995187E-03 1.418000000E+00
8.784862800E-01 9.973094953E-01 1.202875661E-03 1.411000000E+00
8.828787100E-01 9.973313774E-01 1.186896984E-03 1.404000000E+00
8.872931000E-01 9.973532577E-01 1.171110250E-03 1.397000000E+00
8.917295700E-01 9.973751242E-01 1.155410931E-03 1.390000000E+00
8.961882200E-01 9.973969754E-01 1.139850641E-03 1.383000000E+00
9.006691600E-01 9.974150566E-01 1.126063709E-03 1.377000000E+00
9.051725000E-01 9.974368854E-01 1.110815403E-03 1.370000000E+00
9.096983700E-01 9.974586897E-01 1.095654130E-03 1.363000000E+00
9.142468600E-01 9.974804634E-01 1.080678228E-03 1.356000000E+00
9.188180900E-01 9.975022100E-01 1.065837375E-03 1.349000000E+00
9.234121800E-01 9.975202273E-01 1.052698068E-03 1.343000000E+00
9.280292400E-01 9.975419247E-01 1.038064606E-03 1.336000000E+00
9.326693900E-01 9.975635820E-01 1.023565439E-03 1.329000000E+00
9.373327400E-01 9.975815484E-01 1.010727315E-03 1.323000000E+00
9.420194000E-01 9.976031409E-01 9.965272740E-04 1.316000000E+00
9.467295000E-01 9.976210598E-01 9.839604461E-04 1.310000000E+00
9.514631500E-01 9.976425700E-01 9.699645987E-04 1.303000000E+00
9.562204600E-01 9.976604204E-01 9.576207270E-04 1.297000000E+00
9.610015600E-01 9.976818323E-01 9.439173352E-04 1.290000000E+00
9.658065700E-01 9.976995991E-01 9.317940399E-04 1.284000000E+00
9.706356000E-01 9.977208976E-01 9.183354660E-04 1.277000000E+00
9.754887800E-01 9.977385665E-01 9.064735812E-04 1.271000000E+00
9.803662300E-01 9.977561831E-01 8.946711214E-04 1.265000000E+00
9.852680600E-01 9.977772745E-01 8.816106757E-04 1.258000000E+00
9.901944000E-01 9.977947513E-01 8.700650690E-04 1.252000000E+00
9.951453700E-01 9.978121438E-01 8.586199257E-04 1.246000000E+00
1.000121100E+00 9.978294204E-01 8.472340766E-04 1.240000000E+00
1.005121700E+00 9.978467042E-01 8.348997386E-04 1.234000000E+00
1.010147300E+00 9.978684600E-01 8.213463564E-04 1.227000000E+00
1.015198000E+00 9.978868027E-01 8.092652205E-04 1.221000000E+00
1.020274000E+00 9.979051659E-01 7.973422379E-04 1.215000000E+00
1.025375400E+00 9.979235392E-01 7.855369404E-04 1.209000000E+00
1.030502300E+00 9.979419089E-01 7.738870839E-04 1.203000000E+00
1.035654800E+00 9.979602730E-01 7.623529821E-04 1.197000000E+00
1.040833100E+00 9.979786259E-01 7.509716357E-04 1.191000000E+00
1.046037200E+00 9.979969620E-01 7.397041328E-04 1.185000000E+00
1.051267400E+00 9.980152797E-01 7.285867262E-04 1.179000000E+00
1.056523800E+00 9.980297483E-01 7.188052899E-04 1.174000000E+00
1.061806400E+00 9.980480395E-01 7.078988370E-04 1.168000000E+00
1.067115400E+00 9.980663039E-01 6.971748071E-04 1.162000000E+00
1.072451000E+00 9.980845365E-01 6.865242156E-04 1.156000000E+00
1.077813200E+00 9.981027430E-01 6.760527148E-04 1.150000000E+00
1.083202300E+00 9.981176247E-01 6.668177809E-04 1.145000000E+00
1.088618300E+00 9.981357750E-01 6.565481982E-04 1.139000000E+00
1.094061400E+00 9.981538914E-01 6.463845755E-04 1.133000000E+00
1.099531700E+00 9.981687303E-01 6.374561037E-04 1.128000000E+00
1.105029400E+00 9.981867927E-01 6.275243871E-04 1.122000000E+00
1.110554500E+00 9.982048169E-01 6.176963320E-04 1.116000000E+00
1.116107300E+00 9.982195980E-01 6.091000321E-04 1.111000000E+00
1.121687800E+00 9.982375536E-01 5.994981838E-04 1.105000000E+00
1.127296300E+00 9.982522876E-01 5.911039711E-04 1.100000000E+00
1.132932800E+00 9.982701697E-01 5.817244195E-04 1.094000000E+00
1.138597400E+00 9.982848553E-01 5.735287415E-04 1.089000000E+00
1.144290400E+00 9.982995198E-01 5.654103281E-04 1.084000000E+00
1.150011900E+00 9.983172855E-01 5.563361716E-04 1.078000000E+00
1.155761900E+00 9.983318920E-01 5.484422135E-04 1.073000000E+00
1.161540700E+00 9.983495663E-01 5.395811500E-04 1.067000000E+00
1.167348400E+00 9.983641077E-01 5.318468921E-04 1.062000000E+00
1.173185200E+00 9.983786229E-01 5.242164531E-04 1.057000000E+00
1.179051100E+00 9.983931051E-01 5.166593182E-04 1.052000000E+00
1.184946400E+00 9.984105998E-01 5.082029619E-04 1.046000000E+00
1.190871100E+00 9.984250092E-01 5.008583485E-04 1.041000000E+00
1.196825400E+00 9.984393859E-01 4.935563966E-04 1.036000000E+00
1.202809600E+00 9.984537263E-01 4.863539022E-04 1.031000000E+00
1.208823600E+00 9.984680352E-01 4.792496981E-04 1.026000000E+00
1.214867700E+00 9.984823061E-01 4.722150087E-04 1.021000000E+00
1.220942100E+00 9.984994992E-01 4.643340975E-04 1.015000000E+00
1.227046800E+00 9.985136812E-01 4.574735485E-04 1.010000000E+00
1.233182000E+00 9.985278256E-01 4.507076673E-04 1.005000000E+00
1.239347900E+00 9.985419291E-01 4.439823350E-04 1.000000000E+00
1.245544700E+00 9.985548295E-01 4.377284247E-04 9.954000000E-01
1.251772400E+00 9.985685651E-01 4.312721987E-04 9.905000000E-01
1.258031200E+00 9.985825480E-01 4.247935565E-04 9.855000000E-01
1.264321400E+00 9.985962008E-01 4.184909416E-04 9.806000000E-01
1.270643000E+00 9.986095243E-01 4.123607114E-04 9.758000000E-01
1.276996200E+00 9.986230918E-01 4.061819870E-04 9.709000000E-01
1.283381200E+00 9.986363314E-01 4.001975798E-04 9.661000000E-01
1.289798100E+00 9.986495325E-01 3.942477618E-04 9.613000000E-01
1.296247100E+00 9.986626895E-01 3.883814466E-04 9.565000000E-01
1.302728300E+00 9.986758068E-01 3.825736146E-04 9.517000000E-01
1.309242000E+00 9.986886018E-01 3.769273268E-04 9.470000000E-01
1.315788200E+00 9.987013560E-01 3.713368685E-04 9.423000000E-01
1.322367100E+00 9.987140665E-01 3.658019625E-04 9.376000000E-01
1.328979000E+00 9.987267328E-01 3.603453874E-04 9.329000000E-01
1.335623900E+00 9.987390826E-01 3.550426598E-04 9.283000000E-01
1.342302000E+00 9.987513989E-01 3.495887780E-04 9.237000000E-01
1.349013500E+00 9.987636876E-01 3.442133376E-04 9.191000000E-01
1.355758600E+00 9.987759454E-01 3.388932233E-04 9.145000000E-01
1.362537400E+00 9.987879052E-01 3.337234244E-04 9.100000000E-01
1.369350000E+00 9.988001001E-01 3.285338220E-04 9.054000000E-01
1.376196800E+00 9.988119979E-01 3.234915612E-04 9.009000000E-01
1.383077800E+00 9.988238641E-01 3.185223870E-04 8.964000000E-01
1.389993200E+00 9.988354347E-01 3.136746452E-04 8.920000000E-01
1.396943100E+00 9.988472323E-01 3.088066781E-04 8.875000000E-01
1.403927800E+00 9.988587355E-01 3.040994711E-04 8.831000000E-01
1.410947500E+00 9.988702045E-01 2.993789381E-04 8.787000000E-01
1.418002200E+00 9.988813909E-01 2.947343328E-04 8.744000000E-01
1.425092200E+00 9.988928068E-01 2.900711628E-04 8.700000000E-01
1.432217700E+00 9.989039389E-01 2.855431258E-04 8.657000000E-01
1.439378800E+00 9.989150460E-01 2.810623140E-04 8.614000000E-01
1.446575700E+00 9.989261233E-01 2.766479422E-04 8.571000000E-01
1.453808600E+00 9.989371720E-01 2.722991792E-04 8.528000000E-01
1.461077600E+00 9.989479412E-01 2.680592997E-04 8.486000000E-01
1.468383000E+00 9.989586807E-01 2.638824122E-04 8.444000000E-01
1.475724900E+00 9.989693917E-01 2.597490227E-04 8.402000000E-01
1.483103500E+00 9.989800732E-01 2.556774195E-04 8.360000000E-01
1.490519000E+00 9.989907226E-01 2.516668187E-04 8.318000000E-01
1.497971600E+00 9.990010978E-01 2.477581600E-04 8.277000000E-01
1.505461500E+00 9.990114438E-01 2.439080392E-04 8.236000000E-01
1.512988800E+00 9.990217598E-01 2.400979183E-04 8.195000000E-01
1.520553700E+00 9.990320433E-01 2.363452028E-04 8.154000000E-01
1.528156500E+00 9.990422953E-01 2.326317170E-04 8.113000000E-01
1.535797300E+00 9.990522820E-01 2.290312531E-04 8.073000000E-01
1.543476300E+00 9.990622365E-01 2.254680414E-04 8.033000000E-01
1.551193700E+00 9.990721634E-01 2.219588138E-04 7.993000000E-01
1.558949600E+00 9.990820567E-01 2.184526012E-04 7.953000000E-01
1.566744400E+00 9.990919207E-01 2.149336333E-04 7.913000000E-01
1.574578100E+00 9.991015298E-01 2.115226270E-04 7.874000000E-01
1.582451000E+00 9.991111122E-01 2.081639697E-04 7.835000000E-01
1.590363300E+00 9.991206703E-01 2.048408843E-04 7.796000000E-01
1.598315100E+00 9.991302017E-01 2.015691231E-04 7.757000000E-01
1.606306600E+00 9.991394841E-01 1.983994199E-04 7.719000000E-01
1.614338200E+00 9.991489624E-01 1.952121164E-04 7.680000000E-01
1.622409900E+00 9.991581941E-01 1.921247486E-04 7.642000000E-01
1.630521900E+00 9.991673998E-01 1.890240073E-04 7.604000000E-01
1.638674500E+00 9.991764650E-01 1.859565909E-04 7.566000000E-01
1.646867900E+00 9.991856263E-01 1.829223201E-04 7.528000000E-01
1.655102200E+00 9.991945485E-01 1.799987944E-04 7.491000000E-01
1.663377700E+00 9.992034511E-01 1.771063734E-04 7.454000000E-01
1.671694600E+00 9.992123318E-01 1.742594654E-04 7.417000000E-01
1.680053100E+00 9.992211924E-01 1.714430411E-04 7.380000000E-01
1.688453400E+00 9.992300319E-01 1.686712218E-04 7.343000000E-01
1.696895600E+00 9.992386423E-01 1.659888433E-04 7.307000000E-01
1.705380100E+00 9.992474409E-01 1.632899473E-04 7.270000000E-01
1.713907000E+00 9.992560123E-01 1.606785984E-04 7.234000000E-01
1.722476600E+00 9.992645669E-01 1.580950779E-04 7.198000000E-01
1.731088900E+00 9.992731021E-01 1.555528262E-04 7.162000000E-01
1.739744400E+00 9.992814192E-01 1.530942451E-04 7.127000000E-01
1.748443100E+00 9.992899217E-01 1.506190669E-04 7.091000000E-01
1.757185300E+00 9.992982080E-01 1.482257860E-04 7.056000000E-01
1.765971200E+00 9.993064798E-01 1.458709157E-04 7.021000000E-01
1.774801100E+00 9.993147398E-01 1.435410027E-04 6.986000000E-01
1.783675100E+00 9.993229867E-01 1.412487147E-04 6.951000000E-01
1.792593500E+00 9.993312218E-01 1.389808620E-04 6.916000000E-01
1.801556500E+00 9.993392542E-01 1.367896078E-04 6.882000000E-01
1.810564200E+00 9.993472788E-01 1.346213960E-04 6.848000000E-01
1.819617100E+00 9.993552977E-01 1.324884058E-04 6.814000000E-01
1.828715100E+00 9.993633120E-01 1.303779706E-04 6.780000000E-01
1.837858700E+00 9.993713225E-01 1.283020272E-04 6.746000000E-01
1.847048000E+00 9.993791451E-01 1.262977174E-04 6.713000000E-01
1.856283300E+00 9.993871542E-01 1.242770839E-04 6.679000000E-01
1.865564700E+00 9.993949820E-01 1.223148577E-04 6.646000000E-01
1.874892500E+00 9.994028175E-01 1.203848900E-04 6.613000000E-01
1.884267000E+00 9.994106599E-01 1.184867258E-04 6.580000000E-01
1.893688300E+00 9.994185140E-01 1.166085582E-04 6.547000000E-01
1.903156700E+00 9.994262062E-01 1.147967608E-04 6.515000000E-01
1.912672500E+00 9.994340936E-01 1.129688989E-04 6.482000000E-01
1.922235900E+00 9.994418275E-01 1.111949698E-04 6.450000000E-01
1.931847100E+00 9.994495881E-01 1.094505501E-04 6.418000000E-01
1.941506300E+00 9.994573816E-01 1.077341360E-04 6.386000000E-01
1.951213800E+00 9.994652137E-01 1.060378529E-04 6.354000000E-01
1.960969900E+00 9.994729210E-01 1.043966781E-04 6.323000000E-01
1.970774700E+00 9.994808468E-01 1.027439944E-04 6.291000000E-01
1.980628600E+00 9.994886655E-01 1.011473482E-04 6.260000000E-01
1.990531800E+00 9.994965533E-01 9.957139343E-05 6.229000000E-01
2.000484400E+00 9.995045205E-01 9.801592120E-05 6.198000000E-01
2.010486800E+00 9.995125788E-01 9.648173152E-05 6.167000000E-01
2.020539300E+00 9.995207404E-01 9.496858775E-05 6.136000000E-01
2.030642000E+00 9.995288674E-01 9.350490472E-05 6.106000000E-01
2.040795200E+00 9.995372898E-01 9.203088522E-05 6.075000000E-01
2.050999200E+00 9.995457228E-01 9.060626097E-05 6.045000000E-01
2.061254200E+00 9.995543488E-01 8.920021512E-05 6.015000000E-01
2.071560400E+00 9.995632014E-01 8.781350566E-05 5.985000000E-01
2.081918200E+00 9.995723240E-01 8.644497481E-05 5.955000000E-01
2.092327800E+00 9.995816269E-01 8.512222996E-05 5.926000000E-01
2.102789500E+00 9.995914662E-01 8.379011616E-05 5.896000000E-01
2.113303400E+00 9.996016533E-01 8.250281325E-05 5.867000000E-01
2.123869900E+00 9.996124554E-01 8.123234868E-05 5.838000000E-01
2.134489300E+00 9.996240530E-01 7.997854687E-05 5.809000000E-01
2.145161700E+00 9.996367107E-01 7.874123336E-05 5.780000000E-01
2.155887500E+00 9.996508545E-01 7.752023472E-05 5.751000000E-01
2.166667000E+00 9.996672197E-01 7.631537861E-05 5.722000000E-01
2.177500300E+00 9.996871652E-01 7.515288866E-05 5.694000000E-01
2.188387800E+00 9.997145091E-01 7.399544024E-05 5.666000000E-01
2.199329700E+00 9.997651958E-01 7.282154529E-05 5.637000000E-01
2.205113200E+00 9.998767172E-01 7.224249209E-05 5.623000000E-01
2.206286600E+00 9.998793865E-01 2.162804010E-04 5.620000000E-01
2.210326400E+00 9.997860198E-01 2.148678227E-04 5.609000000E-01
2.221378000E+00 9.997354260E-01 2.112013884E-04 5.581000000E-01
2.232484900E+00 9.997175211E-01 2.076591619E-04 5.554000000E-01
2.243647300E+00 9.997096568E-01 2.040902104E-04 5.526000000E-01
2.254865600E+00 9.997075876E-01 2.006507305E-04 5.499000000E-01
2.266139900E+00 9.997109940E-01 1.971852448E-04 5.471000000E-01
2.277470600E+00 9.997223608E-01 1.938462138E-04 5.444000000E-01
2.288857900E+00 9.997683771E-01 1.905522184E-04 5.417000000E-01
2.290458500E+00 9.998029813E-01 1.900768497E-04 5.413000000E-01
2.291741500E+00 9.998038401E-01 2.782512814E-04 5.410000000E-01
2.300302200E+00 9.997256255E-01 2.746815565E-04 5.390000000E-01
2.311803700E+00 9.996999486E-01 2.699401975E-04 5.363000000E-01
2.323362800E+00 9.996855528E-01 2.652753539E-04 5.336000000E-01
2.334979600E+00 9.996755726E-01 2.607693119E-04 5.310000000E-01
2.346654500E+00 9.996683005E-01 2.562313014E-04 5.283000000E-01
2.358387800E+00 9.996626260E-01 2.518558173E-04 5.257000000E-01
2.370179700E+00 9.996582062E-01 2.475439421E-04 5.231000000E-01
2.382030600E+00 9.996547534E-01 2.432949716E-04 5.205000000E-01
2.393940700E+00 9.996520780E-01 2.391082058E-04 5.179000000E-01
2.405910400E+00 9.996500440E-01 2.349899836E-04 5.153000000E-01
2.417940000E+00 9.996484155E-01 2.310085983E-04 5.128000000E-01
2.430029700E+00 9.996473886E-01 2.270031791E-04 5.102000000E-01
2.442179800E+00 9.996466286E-01 2.231451157E-04 5.077000000E-01
2.454390700E+00 9.996462258E-01 2.193436769E-04 5.052000000E-01
2.466662700E+00 9.996462816E-01 2.155057640E-04 5.026000000E-01
2.478996000E+00 9.996464842E-01 2.118101489E-04 5.001000000E-01
2.491391000E+00 9.996468052E-01 2.082596139E-04 4.977000000E-01
2.503847900E+00 9.996475056E-01 2.046654623E-04 4.952000000E-01
2.516367200E+00 9.996484248E-01 2.011314724E-04 4.927000000E-01
2.528949000E+00 9.996494056E-01 1.977311108E-04 4.903000000E-01
2.541593800E+00 9.996507207E-01 1.942951671E-04 4.878000000E-01
2.554301700E+00 9.996520731E-01 1.909898001E-04 4.854000000E-01
2.567073200E+00 9.996535985E-01 1.877337847E-04 4.830000000E-01
2.579908600E+00 9.996552910E-01 1.845204290E-04 4.806000000E-01
2.592808200E+00 9.996571489E-01 1.813493470E-04 4.782000000E-01
2.605772200E+00 9.996591710E-01 1.782261516E-04 4.758000000E-01
2.618801100E+00 9.996613623E-01 1.751502795E-04 4.734000000E-01
2.631895100E+00 9.996635877E-01 1.721883865E-04 4.711000000E-01
2.645054500E+00 9.996661476E-01 1.691988260E-04 4.687000000E-01
2.658279800E+00 9.996687839E-01 1.663263648E-04 4.664000000E-01
2.671571200E+00 9.996716814E-01 1.634916848E-04 4.641000000E-01
2.684929100E+00 9.996749168E-01 1.607000889E-04 4.618000000E-01
2.698353700E+00 9.996786302E-01 1.579510638E-04 4.595000000E-01
2.711845500E+00 9.996831268E-01 1.552385617E-04 4.572000000E-01
2.725404700E+00 9.996892722E-01 1.525677249E-04 4.549000000E-01
2.739031700E+00 9.997023352E-01 1.499988834E-04 4.527000000E-01
2.740435300E+00 9.997059519E-01 1.496862808E-04 4.524000000E-01
2.745564700E+00 9.997068580E-01 1.729138251E-04 4.516000000E-01
2.752726900E+00 9.996974822E-01 1.714049436E-04 4.504000000E-01
2.766490500E+00 9.996924172E-01 1.686169770E-04 4.482000000E-01
2.780323000E+00 9.996908258E-01 1.657952452E-04 4.459000000E-01
2.794224600E+00 9.996903074E-01 1.630888719E-04 4.437000000E-01
2.808195700E+00 9.996904394E-01 1.604118263E-04 4.415000000E-01
2.822236700E+00 9.996909865E-01 1.577792877E-04 4.393000000E-01
2.836347900E+00 9.996918281E-01 1.551805148E-04 4.371000000E-01
2.850529600E+00 9.996927504E-01 1.526853912E-04 4.350000000E-01
2.864782300E+00 9.996939879E-01 1.501573743E-04 4.328000000E-01
2.879106200E+00 9.996953738E-01 1.476326357E-04 4.306000000E-01
2.893501700E+00 9.996967496E-01 1.452038484E-04 4.285000000E-01
2.907969200E+00 9.996982384E-01 1.428111223E-04 4.264000000E-01
2.922509100E+00 9.996999674E-01 1.403830658E-04 4.242000000E-01
2.937121600E+00 9.997016435E-01 1.380572813E-04 4.221000000E-01
2.951807200E+00 9.997033987E-01 1.357616967E-04 4.200000000E-01
2.966566200E+00 9.997052261E-01 1.334960328E-04 4.179000000E-01
2.981399100E+00 9.997069786E-01 1.313231553E-04 4.159000000E-01
2.996306100E+00 9.997089395E-01 1.291021451E-04 4.138000000E-01
3.011287600E+00 9.997109020E-01 1.268251915E-04 4.117000000E-01
3.026344000E+00 9.997128195E-01 1.246132276E-04 4.097000000E-01
3.041475800E+00 9.997149787E-01 1.223795467E-04 4.076000000E-01
3.056683100E+00 9.997170981E-01 1.202314148E-04 4.056000000E-01
3.071966600E+00 9.997193289E-01 1.181208154E-04 4.036000000E-01
3.087326400E+00 9.997216956E-01 1.160386806E-04 4.016000000E-01
3.102763000E+00 9.997242508E-01 1.139847463E-04 3.996000000E-01
3.118276800E+00 9.997271231E-01 1.119629377E-04 3.976000000E-01
3.133868200E+00 9.997307599E-01 1.099728673E-04 3.956000000E-01
3.143172700E+00 9.997342923E-01 1.088508895E-04 3.945000000E-01
3.149537600E+00 9.997373784E-01 1.152139670E-04 3.937000000E-01
3.152427200E+00 9.997355395E-01 1.148160532E-04 3.933000000E-01
3.165285300E+00 9.997340738E-01 1.131562025E-04 3.917000000E-01
3.181111700E+00 9.997345019E-01 1.111916316E-04 3.898000000E-01
3.197017200E+00 9.997356954E-01 1.091969593E-04 3.878000000E-01
3.213002300E+00 9.997370437E-01 1.072892502E-04 3.859000000E-01
3.229067300E+00 9.997385692E-01 1.054071988E-04 3.840000000E-01
3.245212700E+00 9.997402204E-01 1.035544350E-04 3.821000000E-01
3.261438700E+00 9.997419692E-01 1.017306069E-04 3.802000000E-01
3.277745900E+00 9.997437994E-01 9.993157360E-05 3.783000000E-01
3.294134700E+00 9.997457028E-01 9.816085517E-05 3.764000000E-01
3.310605300E+00 9.997476762E-01 9.642925263E-05 3.745000000E-01
3.327158400E+00 9.997497092E-01 9.472872839E-05 3.726000000E-01
3.343794100E+00 9.997516715E-01 9.310904483E-05 3.708000000E-01
3.360513100E+00 9.997538457E-01 9.146148509E-05 3.689000000E-01
3.377315700E+00 9.997559924E-01 8.989278524E-05 3.671000000E-01
3.394202300E+00 9.997583201E-01 8.834524725E-05 3.653000000E-01
3.411173300E+00 9.997610999E-01 8.681866901E-05 3.635000000E-01
3.417742000E+00 9.997625896E-01 8.623703659E-05 3.628000000E-01
3.428229100E+00 9.997646325E-01 8.908373631E-05 3.617000000E-01
3.432058100E+00 9.997641171E-01 8.874502452E-05 3.613000000E-01
3.445370300E+00 9.997642890E-01 8.756446859E-05 3.599000000E-01
3.462597100E+00 9.997654206E-01 8.606907601E-05 3.581000000E-01
3.479910100E+00 9.997668504E-01 8.459389571E-05 3.563000000E-01
3.497309700E+00 9.997684194E-01 8.314206104E-05 3.545000000E-01
3.514796200E+00 9.997700718E-01 8.171327593E-05 3.527000000E-01
3.532370200E+00 9.997716504E-01 8.034976118E-05 3.510000000E-01
3.550032100E+00 9.997734001E-01 7.896244144E-05 3.492000000E-01
3.567782200E+00 9.997750514E-01 7.763884921E-05 3.475000000E-01
3.585621100E+00 9.997767309E-01 7.632669787E-05 3.458000000E-01
3.603549200E+00 9.997784340E-01 7.503227430E-05 3.441000000E-01
3.621567000E+00 9.997802853E-01 7.371543429E-05 3.423000000E-01
3.639674800E+00 9.997820249E-01 7.245951465E-05 3.406000000E-01
3.657873200E+00 9.997836515E-01 7.126277690E-05 3.390000000E-01
3.676162600E+00 9.997854181E-01 7.004347889E-05 3.373000000E-01
3.694543400E+00 9.997871955E-01 6.884391510E-05 3.356000000E-01
3.713016100E+00 9.997889821E-01 6.766087386E-05 3.339000000E-01
3.731581200E+00 9.997906503E-01 6.653422756E-05 3.323000000E-01
3.750239100E+00 9.997924516E-01 6.538613872E-05 3.306000000E-01
3.768990300E+00 9.997941333E-01 6.429309971E-05 3.290000000E-01
3.787835200E+00 9.997959454E-01 6.317915004E-05 3.273000000E-01
3.806774400E+00 9.997976371E-01 6.211893181E-05 3.257000000E-01
3.825808300E+00 9.997993330E-01 6.107321965E-05 3.241000000E-01
3.844937300E+00 9.998010322E-01 6.004462241E-05 3.225000000E-01
3.864162000E+00 9.998027339E-01 5.903018450E-05 3.209000000E-01
3.883482800E+00 9.998044379E-01 5.802976142E-05 3.193000000E-01
3.902900200E+00 9.998061435E-01 5.704320952E-05 3.177000000E-01
3.922414700E+00 9.998078500E-01 5.607303301E-05 3.161000000E-01
3.942026800E+00 9.998095571E-01 5.511638931E-05 3.145000000E-01
3.961736900E+00 9.998111436E-01 5.420776964E-05 3.130000000E-01
3.981545600E+00 9.998128508E-01 5.327991932E-05 3.114000000E-01
4.001453300E+00 9.998145575E-01 5.236513326E-05 3.098000000E-01
4.021460600E+00 9.998161434E-01 5.149667493E-05 3.083000000E-01
4.041567900E+00 9.998177287E-01 5.064020502E-05 3.068000000E-01
4.061775700E+00 9.998194309E-01 4.976298363E-05 3.052000000E-01
4.082084600E+00 9.998210128E-01 4.893050506E-05 3.037000000E-01
4.102495000E+00 9.998225929E-01 4.810722040E-05 3.022000000E-01
4.123007500E+00 9.998241727E-01 4.729307924E-05 3.007000000E-01
4.143622600E+00 9.998257517E-01 4.649040272E-05 2.992000000E-01
4.164340700E+00 9.998273294E-01 4.569906928E-05 2.977000000E-01
4.185162400E+00 9.998289054E-01 4.491895803E-05 2.962000000E-01
4.206088200E+00 9.998303645E-01 4.418221891E-05 2.948000000E-01
4.227118600E+00 9.998319368E-01 4.342380511E-05 2.933000000E-01
4.248254200E+00 9.998335064E-01 4.267625901E-05 2.918000000E-01
4.269495500E+00 9.998349597E-01 4.197059558E-05 2.904000000E-01
4.290843000E+00 9.998364108E-01 4.127261304E-05 2.890000000E-01
4.312297200E+00 9.998379723E-01 4.055843304E-05 2.875000000E-01
4.333858700E+00 9.998394179E-01 3.988032143E-05 2.861000000E-01
4.355528000E+00 9.998408607E-01 3.921397456E-05 2.847000000E-01
4.377305600E+00 9.998424118E-01 3.852775908E-05 2.832000000E-01
4.399192100E+00 9.998438478E-01 3.788059686E-05 2.818000000E-01
4.421188100E+00 9.998448748E-01 3.723436524E-05 2.804000000E-01
4.443294000E+00 9.998463076E-01 3.658714920E-05 2.790000000E-01
4.465510500E+00 9.998477383E-01 3.595140517E-05 2.776000000E-01
4.487838100E+00 9.998490579E-01 3.534850858E-05 2.763000000E-01
4.510277200E+00 9.998504850E-01 3.472893362E-05 2.749000000E-01
4.532828600E+00 9.998519093E-01 3.412046607E-05 2.735000000E-01
4.555492800E+00 9.998532227E-01 3.354366263E-05 2.722000000E-01
4.578270200E+00 9.998546414E-01 3.295277317E-05 2.708000000E-01
4.601161600E+00 9.998556935E-01 3.238508558E-05 2.695000000E-01
4.624167400E+00 9.998571085E-01 3.180194586E-05 2.681000000E-01
4.647288200E+00 9.998584145E-01 3.125101772E-05 2.668000000E-01
4.670524700E+00 9.998597185E-01 3.070818221E-05 2.655000000E-01
4.693877300E+00 9.998611251E-01 3.015051300E-05 2.641000000E-01
4.717346700E+00 9.998624232E-01 2.962388305E-05 2.628000000E-01
4.740933400E+00 9.998637186E-01 2.910688768E-05 2.615000000E-01
4.764638100E+00 9.998650109E-01 2.859579800E-05 2.602000000E-01
4.788461300E+00 9.998662999E-01 2.809413218E-05 2.589000000E-01
4.812403600E+00 9.998675854E-01 2.759999223E-05 2.576000000E-01
4.836465600E+00 9.998687650E-01 2.713445387E-05 2.564000000E-01
4.860647900E+00 9.998700438E-01 2.665311645E-05 2.551000000E-01
4.884951200E+00 9.998713186E-01 2.618079342E-05 2.538000000E-01
4.909375900E+00 9.998725893E-01 2.571565888E-05 2.525000000E-01
4.933922800E+00 9.998737555E-01 2.527774267E-05 2.513000000E-01
4.958592400E+00 9.998750182E-01 2.482647805E-05 2.500000000E-01
4.983385400E+00 9.998761773E-01 2.440340675E-05 2.488000000E-01
5.008302300E+00 9.998773326E-01 2.398504592E-05 2.476000000E-01
5.033343800E+00 9.998785829E-01 2.355384810E-05 2.463000000E-01
5.058510500E+00 9.998797305E-01 2.314823795E-05 2.451000000E-01
5.083803100E+00 9.998808743E-01 2.274877309E-05 2.439000000E-01
5.109222100E+00 9.998820140E-01 2.235538170E-05 2.427000000E-01
5.134768200E+00 9.998831498E-01 2.196799242E-05 2.415000000E-01
5.160442100E+00 9.998842816E-01 2.158653436E-05 2.403000000E-01
5.186244300E+00 9.998854091E-01 2.121093706E-05 2.391000000E-01
5.212175500E+00 9.998865325E-01 2.083963120E-05 2.379000000E-01
5.238236400E+00 9.998876516E-01 2.047556105E-05 2.367000000E-01
5.264427600E+00 9.998887664E-01 2.011714301E-05 2.355000000E-01
5.290749700E+00 9.998898766E-01 1.976285416E-05 2.343000000E-01
5.317203400E+00 9.998908889E-01 1.943221198E-05 2.332000000E-01
5.343789500E+00 9.998919905E-01 1.908872068E-05 2.320000000E-01
5.370508400E+00 9.998929949E-01 1.876830598E-05 2.309000000E-01
5.397360900E+00 9.998940878E-01 1.843535261E-05 2.297000000E-01
5.424347700E+00 9.998950843E-01 1.812353308E-05 2.286000000E-01
5.451469500E+00 9.998961680E-01 1.780087593E-05 2.274000000E-01
5.478726800E+00 9.998971560E-01 1.749747565E-05 2.263000000E-01
5.506120500E+00 9.998980064E-01 1.719611740E-05 2.252000000E-01
5.533651100E+00 9.998989873E-01 1.689815226E-05 2.241000000E-01
5.561319300E+00 9.999000544E-01 1.658867364E-05 2.229000000E-01
5.589125900E+00 9.999010277E-01 1.630023342E-05 2.218000000E-01
5.617071600E+00 9.999019974E-01 1.601507703E-05 2.207000000E-01
5.645156900E+00 9.999029632E-01 1.573446359E-05 2.196000000E-01
5.673382700E+00 9.999039253E-01 1.545833633E-05 2.185000000E-01
5.701749600E+00 9.999048835E-01 1.518663886E-05 2.174000000E-01
5.730258400E+00 9.999057506E-01 1.493187281E-05 2.164000000E-01
5.758909600E+00 9.999067011E-01 1.466870598E-05 2.153000000E-01
5.787704200E+00 9.999076478E-01 1.440858875E-05 2.142000000E-01
5.816642700E+00 9.999085044E-01 1.416599247E-05 2.132000000E-01
5.845725900E+00 9.999094431E-01 1.391412230E-05 2.121000000E-01
5.874954600E+00 9.999103777E-01 1.366520102E-05 2.110000000E-01
5.904329300E+00 9.999112234E-01 1.343433747E-05 2.100000000E-01
5.933851000E+00 9.999121500E-01 1.319338491E-05 2.089000000E-01
5.963520200E+00 9.999129884E-01 1.296889953E-05 2.079000000E-01
5.993337800E+00 9.999138234E-01 1.274690892E-05 2.069000000E-01
6.023304500E+00 9.999147378E-01 1.251747799E-05 2.058000000E-01
6.053421000E+00 9.999155652E-01 1.230278889E-05 2.048000000E-01
6.083688200E+00 9.999163892E-01 1.209160977E-05 2.038000000E-01
6.114106600E+00 9.999172094E-01 1.188389496E-05 2.028000000E-01
6.144677100E+00 9.999180261E-01 1.167852027E-05 2.018000000E-01
6.175400500E+00 9.999188390E-01 1.147654084E-05 2.008000000E-01
6.206277500E+00 9.999196484E-01 1.127791181E-05 1.998000000E-01
6.237308900E+00 9.999204539E-01 1.108154160E-05 1.988000000E-01
6.268495400E+00 9.999212557E-01 1.088949052E-05 1.978000000E-01
6.299837900E+00 9.999220113E-01 1.069860496E-05 1.968000000E-01
6.331337100E+00 9.999228058E-01 1.050890374E-05 1.958000000E-01
6.362993800E+00 9.999235182E-01 1.033301663E-05 1.949000000E-01
6.394808800E+00 9.999243057E-01 1.014956413E-05 1.939000000E-01
6.426782800E+00 9.999250896E-01 9.968254242E-06 1.929000000E-01
6.458916700E+00 9.999257926E-01 9.800256086E-06 1.920000000E-01
6.491211300E+00 9.999265695E-01 9.625178192E-06 1.910000000E-01
6.523667400E+00 9.999272662E-01 9.462305911E-06 1.901000000E-01
6.556285700E+00 9.999280359E-01 9.292156745E-06 1.891000000E-01
6.589067100E+00 9.999287262E-01 9.134293014E-06 1.882000000E-01
6.622012500E+00 9.999294888E-01 8.968965844E-06 1.872000000E-01
6.655122500E+00 9.999301726E-01 8.815443106E-06 1.863000000E-01
6.688398100E+00 9.999308533E-01 8.664182360E-06 1.854000000E-01
6.721840100E+00 9.999316052E-01 8.505930258E-06 1.844000000E-01
6.755449300E+00 9.999322794E-01 8.359321539E-06 1.835000000E-01
6.789226600E+00 9.999329505E-01 8.214896289E-06 1.826000000E-01
6.823172700E+00 9.999336185E-01 8.072629667E-06 1.817000000E-01
6.857288600E+00 9.999342691E-01 7.932496989E-06 1.808000000E-01
6.891575000E+00 9.999349308E-01 7.794045025E-06 1.799000000E-01
6.926032900E+00 9.999355895E-01 7.657686653E-06 1.790000000E-01
6.960663100E+00 9.999362450E-01 7.523397586E-06 1.781000000E-01
6.995466400E+00 9.999368973E-01 7.391153690E-06 1.772000000E-01
7.030443700E+00 9.999374757E-01 7.269252778E-06 1.764000000E-01
7.065595900E+00 9.999381221E-01 7.140922647E-06 1.755000000E-01
7.100923900E+00 9.999387653E-01 7.014567413E-06 1.746000000E-01
7.136428500E+00 9.999394053E-01 6.890083620E-06 1.737000000E-01
7.172110700E+00 9.999399727E-01 6.775364540E-06 1.729000000E-01
7.207971200E+00 9.999406067E-01 6.654617458E-06 1.720000000E-01
7.244011100E+00 9.999411687E-01 6.543396813E-06 1.712000000E-01
7.280231100E+00 9.999417966E-01 6.426221896E-06 1.703000000E-01
7.316632300E+00 9.999423532E-01 6.318265515E-06 1.695000000E-01
7.353215500E+00 9.999429750E-01 6.204581657E-06 1.686000000E-01
7.389981500E+00 9.999435262E-01 6.099965329E-06 1.678000000E-01
7.426931400E+00 9.999441418E-01 5.989617049E-06 1.669000000E-01
7.464066100E+00 9.999446876E-01 5.888115391E-06 1.661000000E-01
7.501386400E+00 9.999452309E-01 5.788173145E-06 1.653000000E-01
7.538893400E+00 9.999457715E-01 5.689628196E-06 1.645000000E-01
7.576587800E+00 9.999463751E-01 5.585706520E-06 1.636000000E-01
7.614470800E+00 9.999469102E-01 5.490206919E-06 1.628000000E-01
7.652543100E+00 9.999474427E-01 5.396126097E-06 1.620000000E-01
7.690805800E+00 9.999479726E-01 5.303378997E-06 1.612000000E-01
7.729259900E+00 9.999484999E-01 5.212087869E-06 1.604000000E-01
7.767906200E+00 9.999490246E-01 5.122099693E-06 1.596000000E-01
7.806745700E+00 9.999495467E-01 5.033467389E-06 1.588000000E-01
7.845779400E+00 9.999500662E-01 4.946175139E-06 1.580000000E-01
7.885008300E+00 9.999505831E-01 4.860207225E-06 1.572000000E-01
7.924433400E+00 9.999510347E-01 4.781591937E-06 1.565000000E-01
7.964055500E+00 9.999515467E-01 4.698086617E-06 1.557000000E-01
8.003875800E+00 9.999520560E-01 4.615861274E-06 1.549000000E-01
8.043895200E+00 9.999525626E-01 4.534837668E-06 1.541000000E-01
8.084114700E+00 9.999530054E-01 4.460878903E-06 1.534000000E-01
8.124535200E+00 9.999535071E-01 4.382269094E-06 1.526000000E-01
8.165157900E+00 9.999540062E-01 4.304758599E-06 1.518000000E-01
8.205983700E+00 9.999544423E-01 4.234059599E-06 1.511000000E-01
8.247013600E+00 9.999549364E-01 4.158882128E-06 1.503000000E-01
8.288248700E+00 9.999553682E-01 4.090292179E-06 1.496000000E-01
8.329689900E+00 9.999558573E-01 4.017275306E-06 1.488000000E-01
8.371338400E+00 9.999562847E-01 3.950688136E-06 1.481000000E-01
8.413195100E+00 9.999567101E-01 3.885111271E-06 1.474000000E-01
8.455261000E+00 9.999571918E-01 3.815211930E-06 1.466000000E-01
8.497537300E+00 9.999576128E-01 3.751570023E-06 1.459000000E-01
8.540025000E+00 9.999580317E-01 3.688848058E-06 1.452000000E-01
9.030794000E+00 9.999625750E-01 3.032727153E-06 1.373000000E-01
9.653919000E+00 9.999674819E-01 2.374209816E-06 1.284000000E-01
1.032004000E+01 9.999718288E-01 1.855438259E-06 1.201000000E-01
1.103212000E+01 9.999757319E-01 1.452378787E-06 1.124000000E-01
1.168033000E+01 9.999791548E-01 1.177403986E-06 1.061000000E-01
1.179334000E+01 9.999799158E-01 1.137200374E-06 1.051000000E-01
1.185911000E+01 9.999805689E-01 1.114069826E-06 1.045000000E-01
1.190678000E+01 9.999816363E-01 1.098207864E-06 1.041000000E-01
1.197829000E+01 9.999809427E-01 2.849827064E-06 1.035000000E-01
1.215707000E+01 9.999807167E-01 2.695828820E-06 1.020000000E-01
1.260708000E+01 9.999815797E-01 2.349117321E-06 9.834000000E-02
1.345893000E+01 9.999838012E-01 1.837975726E-06 9.212000000E-02
1.347697000E+01 9.999838545E-01 1.828907583E-06 9.200000000E-02
1.366493000E+01 9.999845491E-01 1.736258205E-06 9.073000000E-02
1.371987000E+01 9.999850136E-01 1.710369738E-06 9.037000000E-02
1.380227000E+01 9.999848404E-01 2.347482054E-06 8.983000000E-02
1.400827000E+01 9.999849834E-01 2.221510508E-06 8.851000000E-02
1.406574000E+01 9.999850710E-01 2.188036842E-06 8.815000000E-02
1.428104000E+01 9.999855131E-01 2.067793930E-06 8.682000000E-02
1.433845000E+01 9.999857628E-01 2.037091684E-06 8.647000000E-02
1.440688000E+01 9.999857330E-01 2.319393794E-06 8.606000000E-02
1.442456000E+01 9.999857325E-01 2.308967095E-06 8.595000000E-02
1.463986000E+01 9.999859243E-01 2.190842529E-06 8.469000000E-02
1.540095000E+01 9.999869786E-01 1.829550142E-06 8.050000000E-02
1.646362000E+01 9.999884156E-01 1.440159095E-06 7.531000000E-02
1.759961000E+01 9.999897606E-01 1.133278020E-06 7.045000000E-02
1.881398000E+01 9.999909808E-01 8.908013192E-07 6.590000000E-02
2.011215000E+01 9.999920717E-01 6.998920176E-07 6.165000000E-02
2.149988000E+01 9.999930420E-01 5.500345342E-07 5.767000000E-02
2.298338000E+01 9.999938991E-01 4.325383711E-07 5.395000000E-02
2.456923000E+01 9.999946525E-01 3.399580931E-07 5.046000000E-02
2.626450000E+01 9.999953160E-01 2.673041360E-07 4.721000000E-02
2.807676000E+01 9.999958980E-01 2.086856472E-07 4.416000000E-02
3.001405000E+01 9.999964099E-01 1.622652933E-07 4.131000000E-02
3.208502000E+01 9.999968611E-01 1.261420728E-07 3.864000000E-02
3.429889000E+01 9.999972550E-01 9.817700773E-08 3.615000000E-02
3.666551000E+01 9.999976014E-01 7.642679705E-08 3.381000000E-02
3.919543000E+01 9.999979032E-01 5.957366506E-08 3.163000000E-02
4.189992000E+01 9.999981672E-01 4.647490849E-08 2.959000000E-02
4.479101000E+01 9.999983983E-01 3.628035393E-08 2.768000000E-02
4.788159000E+01 9.999986007E-01 2.833563410E-08 2.589000000E-02
5.118542000E+01 9.999987771E-01 2.215458169E-08 2.422000000E-02
5.471721000E+01 9.999989312E-01 1.730176338E-08 2.266000000E-02
5.849270000E+01 9.999990661E-01 1.351999249E-08 2.120000000E-02
6.252870000E+01 9.999991845E-01 1.054874858E-08 1.983000000E-02
6.684318000E+01 9.999992882E-01 8.204329646E-09 1.855000000E-02
7.145536000E+01 9.999993796E-01 6.381227682E-09 1.735000000E-02
7.638578000E+01 9.999994608E-01 4.966024729E-09 1.623000000E-02
7.911040000E+01 9.999995020E-01 4.353489220E-09 1.567000000E-02
8.032127000E+01 9.999995233E-01 4.113832471E-09 1.544000000E-02
8.064417000E+01 9.999995355E-01 4.046136889E-09 1.537000000E-02
8.112852000E+01 9.999995328E-01 1.945849342E-08 1.528000000E-02
8.165640000E+01 9.999995346E-01 1.901111695E-08 1.518000000E-02
8.233940000E+01 9.999995391E-01 1.847019144E-08 1.506000000E-02
8.729069000E+01 9.999995838E-01 1.497756835E-08 1.420000000E-02
9.331374000E+01 9.999996329E-01 1.179474927E-08 1.329000000E-02
9.975239000E+01 9.999996776E-01 9.258751923E-09 1.243000000E-02
1.066353000E+02 9.999997171E-01 7.269696092E-09 1.163000000E-02
1.139931000E+02 9.999997520E-01 5.705315955E-09 1.088000000E-02
1.218587000E+02 9.999997830E-01 4.459989737E-09 1.017000000E-02
1.302669000E+02 9.999998098E-01 3.494381890E-09 9.518000000E-03
1.392553000E+02 9.999998335E-01 2.734857638E-09 8.903000000E-03
1.488640000E+02 9.999998543E-01 2.140878198E-09 8.329000000E-03
1.591356000E+02 9.999998725E-01 1.675766077E-09 7.791000000E-03
1.701159000E+02 9.999998884E-01 1.311515805E-09 7.288000000E-03
1.818539000E+02 9.999999023E-01 1.025598826E-09 6.818000000E-03
1.944018000E+02 9.999999145E-01 8.020143171E-10 6.378000000E-03
2.078156000E+02 9.999999252E-01 6.271588651E-10 5.966000000E-03
2.221548000E+02 9.999999346E-01 4.905450338E-10 5.581000000E-03
2.374835000E+02 9.999999428E-01 3.837483547E-10 5.221000000E-03
2.538699000E+02 9.999999499E-01 3.001982961E-10 4.884000000E-03
2.713869000E+02 9.999999562E-01 2.348889672E-10 4.569000000E-03
2.901126000E+02 9.999999617E-01 1.837789832E-10 4.274000000E-03
3.101304000E+02 9.999999665E-01 1.437954928E-10 3.998000000E-03
3.315294000E+02 9.999999707E-01 1.125322455E-10 3.740000000E-03
3.544049000E+02 9.999999743E-01 8.804140526E-11 3.498000000E-03
3.788588000E+02 9.999999775E-01 6.894025303E-11 3.273000000E-03
4.050001000E+02 9.999999804E-01 5.393665250E-11 3.061000000E-03
4.329451000E+02 0.000000000E+00 0.000000000E+00 2.864000000E-03
