# 11/08/2021 
# Data retrieved from www.chemicool.com/densities.html 
# Includes the real (n) and complex (k) part of the  refractive index. 
# Element, B  (Z = 5) 
# Nominal density, g cm-3 =  2.34 
#    E [keV]      n       k    Wavelength [nm] 
4.606000000E-03 -2.018429342E+01 1.940435028E-06 2.692000000E+02
4.676500000E-03 -2.473504049E-01 0.000000000E+00 2.651000000E+02
4.695300000E-03 2.193101539E+00 0.000000000E+00 2.641000000E+02
4.723500000E-03 -3.019271520E-01 4.721894511E+00 2.625000000E+02
4.794000000E-03 -2.367585305E+00 4.514990236E+00 2.586000000E+02
1.069000000E-02 -8.572956909E-01 5.027640362E-01 1.160000000E+02
1.142761000E-02 -6.336743782E-01 4.172369247E-01 1.085000000E+02
1.221612000E-02 -4.282922486E-01 3.452902369E-01 1.015000000E+02
1.305903000E-02 -2.285777832E-01 2.847676956E-01 9.494000000E+01
1.320060000E-02 -1.927543281E-01 2.759484032E-01 9.392000000E+01
1.340265000E-02 -1.263236926E-01 2.639975167E-01 9.251000000E+01
1.345653000E-02 -8.255273867E-02 2.609171388E-01 9.214000000E+01
1.353735000E-02 -1.017130008E-01 3.229277178E-01 9.159000000E+01
1.373940000E-02 -9.582644533E-02 3.133592017E-01 9.024000000E+01
1.396010000E-02 -7.210625180E-02 3.035756841E-01 8.881000000E+01
1.492335000E-02 4.372858035E-02 2.680914195E-01 8.308000000E+01
1.595306000E-02 1.520810123E-01 2.387502440E-01 7.772000000E+01
1.705382000E-02 2.483022765E-01 2.131652901E-01 7.270000000E+01
1.823053000E-02 3.328147665E-01 1.904296502E-01 6.801000000E+01
1.948844000E-02 4.071280976E-01 1.698263677E-01 6.362000000E+01
2.083314000E-02 4.726299217E-01 1.509220745E-01 5.951000000E+01
2.227063000E-02 5.304375518E-01 1.335374041E-01 5.567000000E+01
2.380730000E-02 5.816900285E-01 1.175548813E-01 5.208000000E+01
2.545001000E-02 6.273450972E-01 1.029049543E-01 4.872000000E+01
2.720606000E-02 6.682109235E-01 8.954402979E-02 4.557000000E+01
2.908327000E-02 7.046795866E-01 7.750630872E-02 4.263000000E+01
3.109002000E-02 7.373510746E-01 6.672828083E-02 3.988000000E+01
3.323523000E-02 7.666110757E-01 5.716552325E-02 3.731000000E+01
3.552846000E-02 7.929135439E-01 4.872505209E-02 3.490000000E+01
3.797993000E-02 8.165391169E-01 4.133575305E-02 3.264000000E+01
4.060054000E-02 8.375393387E-01 3.495719027E-02 3.054000000E+01
4.340198000E-02 8.563637349E-01 2.944364718E-02 2.857000000E+01
4.639671000E-02 8.732375344E-01 2.470416735E-02 2.672000000E+01
4.959809000E-02 8.881809672E-01 2.068075682E-02 2.500000000E+01
5.302035000E-02 9.015774401E-01 1.724910705E-02 2.338000000E+01
5.667876000E-02 9.134372202E-01 1.435419199E-02 2.187000000E+01
6.058959000E-02 9.239476567E-01 1.191392406E-02 2.046000000E+01
6.477028000E-02 9.332783185E-01 9.861871589E-03 1.914000000E+01
6.923942000E-02 9.415154625E-01 8.148242700E-03 1.791000000E+01
7.401695000E-02 9.488676623E-01 6.710457055E-03 1.675000000E+01
7.912411000E-02 9.553400288E-01 5.518415172E-03 1.567000000E+01
8.458368000E-02 9.610613299E-01 4.529917599E-03 1.466000000E+01
9.041995000E-02 9.661443299E-01 3.706343112E-03 1.371000000E+01
9.665893000E-02 9.705985399E-01 3.027741786E-03 1.283000000E+01
1.033284000E-01 9.745717146E-01 2.467075253E-03 1.200000000E+01
1.104581000E-01 9.781060891E-01 2.006192951E-03 1.122000000E+01
1.180797000E-01 9.812104614E-01 1.632121367E-03 1.050000000E+01
1.262272000E-01 9.840003361E-01 1.324990764E-03 9.822000000E+00
1.349368000E-01 9.865148616E-01 1.074467791E-03 9.188000000E+00
1.442475000E-01 9.888203580E-01 8.703680006E-04 8.595000000E+00
1.542005000E-01 9.910060761E-01 7.042245935E-04 8.040000000E+00
1.648404000E-01 9.932323004E-01 5.692469931E-04 7.521000000E+00
1.762144000E-01 9.959856824E-01 4.597896796E-04 7.036000000E+00
1.842400000E-01 9.996082793E-01 3.983838258E-04 6.729000000E+00
1.870600000E-01 1.003763513E+00 3.794256584E-04 6.628000000E+00
1.878120000E-01 1.008657643E+00 3.746199631E-04 6.602000000E+00
1.883732000E-01 1.006426362E+00 1.003614830E-02 6.582000000E+00
1.889400000E-01 1.003508230E+00 9.943529275E-03 6.562000000E+00
1.917600000E-01 9.991094357E-01 9.504877040E-03 6.466000000E+00
2.013709000E-01 9.954408646E-01 8.183961387E-03 6.157000000E+00
2.152655000E-01 9.940778362E-01 6.667189038E-03 5.760000000E+00
2.301188000E-01 9.937816326E-01 5.399830167E-03 5.388000000E+00
2.459970000E-01 9.939191175E-01 4.350287142E-03 5.040000000E+00
2.629708000E-01 9.942613372E-01 3.488501425E-03 4.715000000E+00
2.811158000E-01 9.947026440E-01 2.784688981E-03 4.410000000E+00
3.005128000E-01 9.951771430E-01 2.216520046E-03 4.126000000E+00
3.212482000E-01 9.956567207E-01 1.757751043E-03 3.859000000E+00
3.434143000E-01 9.961164123E-01 1.390802457E-03 3.610000000E+00
3.671099000E-01 9.965473113E-01 1.097850569E-03 3.377000000E+00
3.924405000E-01 9.969438874E-01 8.647085600E-04 3.159000000E+00
4.195189000E-01 9.973042391E-01 6.798009326E-04 2.955000000E+00
4.484657000E-01 9.976270095E-01 5.337775909E-04 2.765000000E+00
4.794098000E-01 9.979174510E-01 4.181096777E-04 2.586000000E+00
5.124891000E-01 9.981747072E-01 3.271145406E-04 2.419000000E+00
5.478508000E-01 9.984019265E-01 2.556218129E-04 2.263000000E+00
5.856525000E-01 9.986022351E-01 1.994811917E-04 2.117000000E+00
6.260625000E-01 9.987789513E-01 1.554121970E-04 1.980000000E+00
6.692609000E-01 9.989326230E-01 1.210831109E-04 1.853000000E+00
7.154399000E-01 9.990685755E-01 9.410361267E-05 1.733000000E+00
7.648052000E-01 9.991872170E-01 7.307432133E-05 1.621000000E+00
8.175768000E-01 9.992911099E-01 5.665568651E-05 1.516000000E+00
8.739896000E-01 9.993807526E-01 4.395387916E-05 1.419000000E+00
9.342948000E-01 9.994600692E-01 3.400813862E-05 1.327000000E+00
9.987612000E-01 9.995291932E-01 2.629804794E-05 1.241000000E+00
1.067676000E+00 9.995890332E-01 2.017425026E-05 1.161000000E+00
1.141345000E+00 9.996414717E-01 1.547027668E-05 1.086000000E+00
1.220098000E+00 9.996871240E-01 1.186610281E-05 1.016000000E+00
1.304285000E+00 9.997268892E-01 9.103305163E-06 9.506000000E-01
1.394281000E+00 9.997616816E-01 6.980678147E-06 8.892000000E-01
1.490486000E+00 9.997919933E-01 5.353709189E-06 8.318000000E-01
1.593329000E+00 9.998184233E-01 4.105673204E-06 7.781000000E-01
1.703269000E+00 9.998414543E-01 3.148790894E-06 7.279000000E-01
1.820795000E+00 9.998615574E-01 2.414651736E-06 6.809000000E-01
1.946430000E+00 9.998790676E-01 1.852111673E-06 6.370000000E-01
2.080733000E+00 9.998943576E-01 1.420460585E-06 5.959000000E-01
2.224304000E+00 9.999077183E-01 1.089224806E-06 5.574000000E-01
2.377781000E+00 9.999193742E-01 8.352650347E-07 5.214000000E-01
2.541848000E+00 9.999295271E-01 6.407119255E-07 4.878000000E-01
2.717235000E+00 9.999384116E-01 4.913346296E-07 4.563000000E-01
2.904724000E+00 9.999461785E-01 3.767263450E-07 4.268000000E-01
3.105150000E+00 9.999529374E-01 2.877772016E-07 3.993000000E-01
3.319406000E+00 9.999588608E-01 2.188810572E-07 3.735000000E-01
3.548445000E+00 9.999640292E-01 1.664436943E-07 3.494000000E-01
3.793288000E+00 9.999685375E-01 1.259793981E-07 3.269000000E-01
4.055024000E+00 9.999724878E-01 9.532129041E-08 3.058000000E-01
4.334821000E+00 9.999759510E-01 7.209122183E-08 2.860000000E-01
4.633924000E+00 9.999789585E-01 5.457280199E-08 2.676000000E-01
4.953664000E+00 9.999816011E-01 4.128356071E-08 2.503000000E-01
5.295467000E+00 9.999839135E-01 3.122417983E-08 2.341000000E-01
5.660855000E+00 9.999859280E-01 2.362780076E-08 2.190000000E-01
6.051453000E+00 9.999876866E-01 1.788405854E-08 2.049000000E-01
6.469004000E+00 9.999892258E-01 1.353260027E-08 1.917000000E-01
6.915365000E+00 9.999905776E-01 1.023376665E-08 1.793000000E-01
7.392525000E+00 9.999917596E-01 7.738835978E-09 1.677000000E-01
7.902609000E+00 9.999927887E-01 5.855912182E-09 1.569000000E-01
8.447890000E+00 9.999936887E-01 4.431412463E-09 1.468000000E-01
9.030794000E+00 9.999944802E-01 3.346076307E-09 1.373000000E-01
9.653919000E+00 9.999951735E-01 2.512835609E-09 1.284000000E-01
1.032004000E+01 9.999957780E-01 1.887797964E-09 1.201000000E-01
1.103212000E+01 9.999963026E-01 1.419864129E-09 1.124000000E-01
1.179334000E+01 9.999967677E-01 1.066023019E-09 1.051000000E-01
1.260708000E+01 9.999971704E-01 8.013935366E-10 9.834000000E-02
1.347697000E+01 9.999975238E-01 6.022751109E-10 9.200000000E-02
1.440688000E+01 9.999978334E-01 4.525364132E-10 8.606000000E-02
1.540095000E+01 9.999981045E-01 3.400163969E-10 8.050000000E-02
1.646362000E+01 9.999983411E-01 2.555379916E-10 7.531000000E-02
1.759961000E+01 9.999985484E-01 1.920210959E-10 7.045000000E-02
1.881398000E+01 9.999987299E-01 1.442790496E-10 6.590000000E-02
2.011215000E+01 9.999988885E-01 1.084262614E-10 6.165000000E-02
2.149988000E+01 9.999990274E-01 8.147172747E-11 5.767000000E-02
2.298338000E+01 9.999991489E-01 6.122616481E-11 5.395000000E-02
2.456923000E+01 9.999992555E-01 4.599278921E-11 5.046000000E-02
2.626450000E+01 9.999993483E-01 3.456991009E-11 4.721000000E-02
2.807676000E+01 9.999994298E-01 2.591496128E-11 4.416000000E-02
3.001405000E+01 9.999995011E-01 1.941539475E-11 4.131000000E-02
3.208502000E+01 9.999995635E-01 1.454260579E-11 3.864000000E-02
3.429889000E+01 9.999996179E-01 1.089733958E-11 3.615000000E-02
3.666551000E+01 9.999996658E-01 8.160834525E-12 3.381000000E-02
3.919543000E+01 9.999997075E-01 6.115266951E-12 3.163000000E-02
4.189992000E+01 9.999997440E-01 4.581737739E-12 2.959000000E-02
4.479101000E+01 9.999997760E-01 3.432516719E-12 2.768000000E-02
4.788159000E+01 9.999998040E-01 2.570913235E-12 2.589000000E-02
5.118542000E+01 9.999998285E-01 1.926259406E-12 2.422000000E-02
5.471721000E+01 9.999998499E-01 1.443548774E-12 2.266000000E-02
5.849270000E+01 9.999998686E-01 1.081770263E-12 2.120000000E-02
6.252870000E+01 9.999998850E-01 8.103045255E-13 1.983000000E-02
6.684318000E+01 9.999998994E-01 6.070752091E-13 1.855000000E-02
7.145536000E+01 9.999999120E-01 4.546743172E-13 1.735000000E-02
7.638578000E+01 9.999999230E-01 3.406245081E-13 1.623000000E-02
8.165640000E+01 9.999999326E-01 2.556068857E-13 1.518000000E-02
8.729069000E+01 9.999999411E-01 1.927233415E-13 1.420000000E-02
9.331374000E+01 9.999999484E-01 1.454453404E-13 1.329000000E-02
9.975239000E+01 9.999999548E-01 1.096253074E-13 1.243000000E-02
1.066353000E+02 9.999999605E-01 8.268333838E-14 1.163000000E-02
1.139931000E+02 9.999999654E-01 6.235008042E-14 1.088000000E-02
1.218587000E+02 9.999999698E-01 4.693868552E-14 1.017000000E-02
1.302669000E+02 9.999999735E-01 3.542314836E-14 9.518000000E-03
1.392553000E+02 9.999999768E-01 2.670402244E-14 8.903000000E-03
1.488640000E+02 9.999999797E-01 2.013714866E-14 8.329000000E-03
1.591356000E+02 9.999999823E-01 1.518133753E-14 7.791000000E-03
1.701159000E+02 9.999999845E-01 1.144567718E-14 7.288000000E-03
1.818539000E+02 9.999999864E-01 8.630708764E-15 6.818000000E-03
1.944018000E+02 9.999999881E-01 6.507435430E-15 6.378000000E-03
2.078156000E+02 9.999999896E-01 4.905815359E-15 5.966000000E-03
2.221548000E+02 9.999999909E-01 3.699057759E-15 5.581000000E-03
2.374835000E+02 9.999999920E-01 2.789254003E-15 5.221000000E-03
2.538699000E+02 9.999999930E-01 2.102891429E-15 4.884000000E-03
2.713869000E+02 9.999999939E-01 1.585786636E-15 4.569000000E-03
2.901126000E+02 9.999999947E-01 1.195493825E-15 4.274000000E-03
3.101304000E+02 9.999999953E-01 9.013424311E-16 3.998000000E-03
3.315294000E+02 9.999999959E-01 6.796074507E-16 3.740000000E-03
3.544049000E+02 9.999999964E-01 5.122286055E-16 3.498000000E-03
3.788588000E+02 9.999999969E-01 3.863855704E-16 3.273000000E-03
4.050001000E+02 9.999999973E-01 2.911815012E-16 3.061000000E-03
4.329451000E+02 0.000000000E+00 0.000000000E+00 2.864000000E-03
