# 11/08/2021 
# Data retrieved from www.chemicool.com/densities.html 
# Includes the real (n) and complex (k) part of the  refractive index. 
# Element, Ba  (Z = 56) 
# Nominal density, g cm-3 =  3.59 
#    E [keV]      n       k    Wavelength [nm] 
1.069000000E-02 -4.325503200E+00 4.271628387E-03 1.160000000E+02
1.142761000E-02 -1.586964898E-01 0.000000000E+00 1.085000000E+02
1.221612000E-02 2.788719461E-02 0.000000000E+00 1.015000000E+02
1.305903000E-02 2.098582188E-01 0.000000000E+00 9.494000000E+01
1.396010000E-02 4.249681094E-01 0.000000000E+00 8.881000000E+01
1.430800000E-02 5.584524261E-01 0.000000000E+00 8.665000000E+01
1.452700000E-02 7.623070865E-01 0.000000000E+00 8.535000000E+01
1.458540000E-02 9.916188480E-01 0.000000000E+00 8.501000000E+01
1.467300000E-02 7.547860922E-01 4.423264523E-01 8.450000000E+01
1.489200000E-02 5.625548079E-01 4.148885893E-01 8.326000000E+01
1.492335000E-02 5.498300820E-01 4.110839503E-01 8.308000000E+01
1.595306000E-02 4.559879069E-01 3.080243137E-01 7.772000000E+01
1.626800000E-02 4.836383839E-01 2.829058529E-01 7.621000000E+01
1.651700000E-02 5.557133381E-01 2.645273795E-01 7.506000000E+01
1.658340000E-02 6.446837252E-01 2.598363143E-01 7.476000000E+01
1.668300000E-02 5.486283806E-01 4.281599601E-01 7.432000000E+01
1.693200000E-02 4.682672061E-01 4.010820841E-01 7.322000000E+01
1.705382000E-02 4.516604288E-01 3.885765198E-01 7.270000000E+01
1.823053000E-02 4.191023071E-01 2.879701737E-01 6.801000000E+01
1.948844000E-02 4.501638495E-01 2.112138515E-01 6.362000000E+01
2.083314000E-02 4.993247831E-01 1.532453178E-01 5.951000000E+01
2.227063000E-02 5.533379911E-01 1.104636685E-01 5.567000000E+01
2.380730000E-02 6.063556945E-01 7.937767063E-02 5.208000000E+01
2.545001000E-02 6.557245446E-01 5.702730492E-02 4.872000000E+01
2.720606000E-02 7.004048290E-01 4.105768721E-02 4.557000000E+01
2.908327000E-02 7.399683080E-01 2.970390347E-02 4.263000000E+01
3.109002000E-02 7.747131348E-01 2.162710786E-02 3.988000000E+01
3.323523000E-02 8.050214592E-01 1.587186631E-02 3.731000000E+01
3.552846000E-02 8.314624457E-01 1.174889437E-02 3.490000000E+01
3.797993000E-02 8.545188926E-01 8.778902656E-03 3.264000000E+01
3.831800000E-02 8.572740481E-01 8.456662184E-03 3.236000000E+01
3.890450000E-02 8.620498910E-01 7.927837471E-03 3.187000000E+01
3.906090000E-02 8.633522570E-01 7.793586693E-03 3.174000000E+01
3.929550000E-02 8.650915756E-01 7.725859738E-03 3.155000000E+01
3.988200000E-02 8.693530763E-01 7.277005740E-03 3.109000000E+01
4.060054000E-02 8.743909834E-01 6.774868737E-03 3.054000000E+01
4.340198000E-02 8.916725361E-01 5.239245872E-03 2.857000000E+01
4.639671000E-02 9.067521262E-01 4.115611435E-03 2.672000000E+01
4.959809000E-02 9.198697246E-01 3.287694624E-03 2.500000000E+01
5.302035000E-02 9.314144312E-01 2.664767983E-03 2.338000000E+01
5.667876000E-02 9.415740669E-01 2.191901161E-03 2.187000000E+01
6.058959000E-02 9.506021633E-01 1.826372804E-03 2.046000000E+01
6.477028000E-02 9.587703643E-01 1.538772089E-03 1.914000000E+01
6.923942000E-02 9.663542066E-01 1.309033842E-03 1.791000000E+01
7.401695000E-02 9.738599096E-01 1.120572573E-03 1.675000000E+01
7.912411000E-02 9.821969758E-01 9.651070224E-04 1.567000000E+01
8.458368000E-02 9.948920251E-01 8.345239497E-04 1.466000000E+01
8.810200000E-02 1.015198663E+00 7.641053576E-04 1.407000000E+01
8.945050000E-02 1.045514984E+00 7.399745209E-04 1.386000000E+01
8.981010000E-02 1.085672657E+00 7.342681984E-04 1.381000000E+01
9.041995000E-02 1.029952066E+00 7.817206082E-02 1.371000000E+01
9.065000000E-02 1.019586277E+00 7.438963945E-02 1.368000000E+01
9.169800000E-02 1.003026361E+00 5.923379347E-02 1.352000000E+01
9.203750000E-02 1.005629395E+00 5.506477680E-02 1.347000000E+01
9.240750000E-02 1.025103521E+00 5.090436596E-02 1.342000000E+01
9.296250000E-02 9.897381478E-01 9.180593191E-02 1.334000000E+01
9.435000000E-02 9.602561896E-01 6.860098964E-02 1.314000000E+01
9.665893000E-02 9.501141624E-01 4.277170846E-02 1.283000000E+01
1.033284000E-01 9.591781309E-01 1.224111120E-02 1.200000000E+01
1.104581000E-01 9.697555045E-01 4.647057834E-03 1.122000000E+01
1.180797000E-01 9.764035568E-01 2.347539990E-03 1.050000000E+01
1.262272000E-01 9.809156837E-01 1.463617923E-03 9.822000000E+00
1.349368000E-01 9.842196000E-01 1.056357876E-03 9.188000000E+00
1.442475000E-01 9.867820376E-01 8.415223964E-04 8.595000000E+00
1.542005000E-01 9.888501910E-01 7.174580344E-04 8.040000000E+00
1.648404000E-01 9.905717875E-01 6.420384522E-04 7.521000000E+00
1.762144000E-01 9.920970737E-01 5.955628900E-04 7.036000000E+00
1.788015000E-01 9.924949615E-01 5.880274135E-04 6.934000000E+00
1.795203000E-01 9.927164091E-01 5.860828859E-04 6.906000000E+00
1.805985000E-01 9.926749611E-01 8.705635680E-04 6.865000000E+00
1.832940000E-01 9.928104487E-01 8.591876854E-04 6.764000000E+00
1.879640000E-01 9.931705250E-01 8.416429124E-04 6.596000000E+00
1.883732000E-01 9.932032476E-01 8.403068386E-04 6.582000000E+00
1.908410000E-01 9.934199212E-01 8.320653874E-04 6.497000000E+00
1.916082000E-01 9.935214991E-01 8.296173149E-04 6.471000000E+00
1.927590000E-01 9.935572342E-01 9.162139915E-04 6.432000000E+00
1.956360000E-01 9.937180488E-01 9.060206586E-04 6.337000000E+00
2.013709000E-01 9.940677119E-01 8.878813222E-04 6.157000000E+00
2.152655000E-01 9.948342348E-01 8.508374261E-04 5.760000000E+00
2.301188000E-01 9.955097559E-01 8.175986904E-04 5.388000000E+00
2.459970000E-01 9.961094720E-01 7.853404456E-04 5.040000000E+00
2.479400000E-01 9.961784905E-01 7.816563367E-04 5.001000000E+00
2.517350000E-01 9.963308526E-01 7.739546350E-04 4.925000000E+00
2.527470000E-01 9.964034498E-01 7.718602089E-04 4.905000000E+00
2.542650000E-01 9.964032984E-01 8.519466889E-04 4.876000000E+00
2.580600000E-01 9.964722503E-01 8.425009594E-04 4.804000000E+00
2.629708000E-01 9.965828373E-01 8.307070937E-04 4.715000000E+00
2.811158000E-01 9.969747245E-01 7.861259273E-04 4.410000000E+00
3.005128000E-01 9.973219111E-01 7.383885712E-04 4.126000000E+00
3.212482000E-01 9.976276737E-01 6.863751744E-04 3.859000000E+00
3.434143000E-01 9.978951524E-01 6.315453779E-04 3.610000000E+00
3.671099000E-01 9.981314708E-01 5.746744016E-04 3.377000000E+00
3.924405000E-01 9.983419722E-01 5.165849216E-04 3.159000000E+00
4.195189000E-01 9.985315491E-01 4.587398476E-04 2.955000000E+00
4.484657000E-01 9.987029683E-01 4.031342581E-04 2.765000000E+00
4.794098000E-01 9.988609761E-01 3.504652501E-04 2.586000000E+00
5.124891000E-01 9.990060615E-01 3.021832811E-04 2.419000000E+00
5.478508000E-01 9.991403214E-01 2.586939847E-04 2.263000000E+00
5.856525000E-01 9.992665190E-01 2.200876591E-04 2.117000000E+00
6.260625000E-01 9.993880366E-01 1.862017131E-04 1.980000000E+00
6.692609000E-01 9.995096288E-01 1.570618009E-04 1.853000000E+00
7.154399000E-01 9.996480088E-01 1.318519909E-04 1.733000000E+00
7.648052000E-01 9.998907778E-01 1.103992060E-04 1.621000000E+00
7.650860000E-01 9.998907778E-01 1.103992060E-04 1.621000000E+00
7.767965000E-01 1.000078028E+00 1.058907596E-04 1.596000000E+00
7.801780000E-01 1.000316282E+00 1.046501740E-04 1.589000000E+00
7.846035000E-01 1.000101933E+00 4.550247194E-04 1.580000000E+00
7.921195000E-01 1.000048559E+00 4.401833886E-04 1.565000000E+00
7.953039000E-01 1.000133632E+00 4.342234499E-04 1.559000000E+00
7.963140000E-01 1.000219417E+00 6.596267536E-04 1.557000000E+00
8.000805000E-01 9.999794480E-01 6.489424312E-04 1.550000000E+00
8.120220000E-01 9.998224231E-01 6.155364678E-04 1.527000000E+00
8.175768000E-01 9.997837549E-01 6.003393026E-04 1.516000000E+00
8.739896000E-01 9.996325243E-01 4.745653199E-04 1.419000000E+00
9.342948000E-01 9.996097202E-01 3.768920322E-04 1.327000000E+00
9.987612000E-01 9.996263009E-01 3.007869599E-04 1.241000000E+00
1.040956000E+00 9.996521795E-01 2.612739872E-04 1.191000000E+00
1.056889000E+00 9.996747384E-01 2.480640047E-04 1.173000000E+00
1.061138000E+00 9.996964429E-01 2.445763499E-04 1.168000000E+00
1.067676000E+00 9.996778476E-01 2.785982423E-04 1.161000000E+00
1.083444000E+00 9.996666708E-01 2.646316365E-04 1.144000000E+00
1.113966000E+00 9.996706002E-01 2.402946418E-04 1.113000000E+00
1.131017000E+00 9.996805410E-01 2.282777021E-04 1.096000000E+00
1.135563000E+00 9.996888766E-01 2.254105190E-04 1.092000000E+00
1.141345000E+00 9.996838466E-01 2.361303430E-04 1.086000000E+00
1.142384000E+00 9.996831361E-01 2.354047702E-04 1.085000000E+00
1.159434000E+00 9.996811224E-01 2.239625719E-04 1.069000000E+00
1.220098000E+00 9.996953569E-01 1.895146274E-04 1.016000000E+00
1.266944000E+00 9.997109653E-01 1.682258235E-04 9.786000000E-01
1.286336000E+00 9.997197338E-01 1.604218395E-04 9.639000000E-01
1.291507000E+00 9.997250209E-01 1.584105527E-04 9.600000000E-01
1.299264000E+00 9.997233346E-01 1.628877165E-04 9.543000000E-01
1.304285000E+00 9.997233742E-01 1.609507821E-04 9.506000000E-01
1.318656000E+00 9.997254663E-01 1.555884003E-04 9.402000000E-01
1.394281000E+00 9.997433076E-01 1.299891232E-04 8.892000000E-01
1.490486000E+00 9.997674815E-01 1.043936827E-04 8.318000000E-01
1.593329000E+00 9.997914662E-01 8.363393810E-05 7.781000000E-01
1.703269000E+00 9.998141700E-01 6.694702369E-05 7.279000000E-01
1.820795000E+00 9.998352307E-01 5.344473467E-05 6.809000000E-01
1.946430000E+00 9.998544326E-01 4.267280945E-05 6.370000000E-01
2.080733000E+00 9.998717638E-01 3.409710786E-05 5.959000000E-01
2.224304000E+00 9.998870603E-01 2.721651882E-05 5.574000000E-01
2.377781000E+00 9.999007943E-01 2.170883525E-05 5.214000000E-01
2.541848000E+00 9.999130428E-01 1.732944637E-05 4.878000000E-01
2.717235000E+00 9.999238629E-01 1.384127794E-05 4.563000000E-01
2.904724000E+00 9.999334270E-01 1.106511288E-05 4.268000000E-01
3.105150000E+00 9.999417531E-01 8.786021531E-06 3.993000000E-01
3.319406000E+00 9.999491839E-01 6.888131756E-06 3.735000000E-01
3.548445000E+00 9.999557633E-01 5.400492904E-06 3.494000000E-01
3.793288000E+00 9.999615603E-01 4.241294886E-06 3.269000000E-01
4.055024000E+00 9.999666895E-01 3.335900962E-06 3.058000000E-01
4.334821000E+00 9.999712492E-01 2.627581750E-06 2.860000000E-01
4.633924000E+00 9.999753256E-01 2.074159194E-06 2.676000000E-01
4.953664000E+00 9.999792102E-01 1.630145654E-06 2.503000000E-01
5.142060000E+00 9.999817188E-01 1.422959872E-06 2.411000000E-01
5.220765000E+00 9.999835484E-01 1.347090885E-06 2.375000000E-01
5.241753000E+00 9.999851625E-01 1.327082903E-06 2.365000000E-01
5.273235000E+00 9.999838980E-01 4.131131430E-06 2.351000000E-01
5.295467000E+00 9.999834831E-01 4.058530154E-06 2.341000000E-01
5.351940000E+00 9.999831734E-01 3.885150056E-06 2.317000000E-01
5.511128000E+00 9.999836776E-01 3.438416077E-06 2.250000000E-01
5.595482000E+00 9.999844938E-01 3.241602527E-06 2.216000000E-01
5.617976000E+00 9.999852089E-01 3.191561562E-06 2.207000000E-01
5.651718000E+00 9.999846870E-01 4.350258661E-06 2.194000000E-01
5.660855000E+00 9.999846140E-01 4.320865704E-06 2.190000000E-01
5.736072000E+00 9.999844830E-01 4.100031445E-06 2.161000000E-01
5.869024000E+00 9.999848086E-01 3.751580877E-06 2.113000000E-01
5.958856000E+00 9.999852941E-01 3.540051416E-06 2.081000000E-01
5.982811000E+00 9.999856509E-01 3.484944754E-06 2.072000000E-01
6.018744000E+00 9.999854798E-01 3.946553795E-06 2.060000000E-01
6.051453000E+00 9.999854518E-01 3.871615416E-06 2.049000000E-01
6.108576000E+00 9.999855225E-01 3.745156506E-06 2.030000000E-01
6.469004000E+00 9.999865168E-01 3.063484259E-06 1.917000000E-01
6.915365000E+00 9.999878734E-01 2.426897271E-06 1.793000000E-01
7.392525000E+00 9.999891988E-01 1.915277646E-06 1.677000000E-01
7.902609000E+00 9.999904289E-01 1.508472620E-06 1.569000000E-01
8.447890000E+00 9.999915504E-01 1.187289737E-06 1.468000000E-01
9.030794000E+00 9.999925614E-01 9.325807824E-07 1.373000000E-01
9.653919000E+00 9.999934684E-01 7.281435342E-07 1.284000000E-01
1.032004000E+01 9.999942720E-01 5.692543773E-07 1.201000000E-01
1.103212000E+01 9.999949699E-01 4.446081035E-07 1.124000000E-01
1.179334000E+01 9.999955973E-01 3.460325370E-07 1.051000000E-01
1.260708000E+01 9.999961441E-01 2.690224317E-07 9.834000000E-02
1.347697000E+01 9.999966282E-01 2.090927860E-07 9.200000000E-02
1.440688000E+01 9.999970531E-01 1.626173977E-07 8.606000000E-02
1.540095000E+01 9.999974254E-01 1.265494026E-07 8.050000000E-02
1.646362000E+01 9.999977503E-01 9.858826142E-08 7.531000000E-02
1.759961000E+01 9.999980348E-01 7.686550730E-08 7.045000000E-02
1.881398000E+01 9.999982835E-01 5.997517776E-08 6.590000000E-02
2.011215000E+01 9.999985006E-01 4.685084099E-08 6.165000000E-02
2.149988000E+01 9.999986905E-01 3.662459570E-08 5.767000000E-02
2.298338000E+01 9.999988562E-01 2.864278364E-08 5.395000000E-02
2.456923000E+01 9.999990015E-01 2.234408344E-08 5.046000000E-02
2.626450000E+01 9.999991280E-01 1.742312058E-08 4.721000000E-02
2.807676000E+01 9.999992391E-01 1.343265267E-08 4.416000000E-02
3.001405000E+01 9.999993365E-01 1.033205031E-08 4.131000000E-02
3.208502000E+01 9.999994222E-01 7.952153443E-09 3.864000000E-02
3.429889000E+01 9.999994982E-01 6.128218779E-09 3.615000000E-02
3.666551000E+01 9.999995703E-01 4.723577537E-09 3.381000000E-02
3.669179000E+01 9.999995710E-01 4.711622338E-09 3.379000000E-02
3.725340000E+01 9.999995934E-01 4.441284594E-09 3.328000000E-02
3.740316000E+01 9.999996079E-01 4.373446828E-09 3.315000000E-02
3.762780000E+01 9.999996013E-01 2.630429735E-08 3.295000000E-02
3.818941000E+01 9.999996029E-01 2.494576282E-08 3.247000000E-02
3.919543000E+01 9.999996172E-01 2.270969101E-08 3.163000000E-02
4.189992000E+01 9.999996593E-01 1.782302846E-08 2.959000000E-02
4.479101000E+01 9.999996994E-01 1.397241988E-08 2.768000000E-02
4.788159000E+01 9.999997357E-01 1.094546064E-08 2.589000000E-02
5.118542000E+01 9.999997679E-01 8.556367657E-09 2.422000000E-02
5.471721000E+01 9.999997964E-01 6.682996880E-09 2.266000000E-02
5.849270000E+01 9.999998215E-01 5.218718506E-09 2.120000000E-02
6.252870000E+01 9.999998437E-01 4.072656680E-09 1.983000000E-02
6.684318000E+01 9.999998631E-01 3.178535260E-09 1.855000000E-02
7.145536000E+01 9.999998802E-01 2.479860453E-09 1.735000000E-02
7.638578000E+01 9.999998951E-01 1.933459924E-09 1.623000000E-02
8.165640000E+01 9.999999082E-01 1.501646464E-09 1.518000000E-02
8.729069000E+01 9.999999197E-01 1.162652252E-09 1.420000000E-02
9.331374000E+01 9.999999297E-01 9.011764481E-10 1.329000000E-02
9.975239000E+01 9.999999385E-01 6.976349865E-10 1.243000000E-02
1.066353000E+02 9.999999462E-01 5.405149678E-10 1.163000000E-02
1.139931000E+02 9.999999529E-01 4.187068282E-10 1.088000000E-02
1.218587000E+02 9.999999589E-01 3.238383087E-10 1.017000000E-02
1.302669000E+02 9.999999640E-01 2.510963346E-10 9.518000000E-03
1.392553000E+02 9.999999685E-01 1.945010292E-10 8.903000000E-03
1.488640000E+02 9.999999725E-01 1.507159442E-10 8.329000000E-03
1.591356000E+02 9.999999759E-01 1.167672427E-10 7.791000000E-03
1.701159000E+02 9.999999789E-01 9.054736194E-11 7.288000000E-03
1.818539000E+02 9.999999816E-01 7.025566988E-11 6.818000000E-03
1.944018000E+02 9.999999839E-01 5.450688160E-11 6.378000000E-03
2.078156000E+02 9.999999859E-01 4.228682291E-11 5.966000000E-03
2.221548000E+02 9.999999877E-01 3.281359697E-11 5.581000000E-03
2.374835000E+02 9.999999892E-01 2.546431043E-11 5.221000000E-03
2.538699000E+02 9.999999905E-01 1.976024138E-11 4.884000000E-03
2.713869000E+02 9.999999917E-01 1.533762100E-11 4.569000000E-03
2.901126000E+02 9.999999928E-01 1.190258875E-11 4.274000000E-03
3.101304000E+02 9.999999937E-01 9.237561673E-12 3.998000000E-03
3.315294000E+02 9.999999945E-01 7.170271769E-12 3.740000000E-03
3.544049000E+02 9.999999952E-01 5.563791274E-12 3.498000000E-03
3.788588000E+02 9.999999958E-01 4.320962497E-12 3.273000000E-03
4.050001000E+02 9.999999963E-01 3.352769514E-12 3.061000000E-03
4.329451000E+02 0.000000000E+00 0.000000000E+00 2.864000000E-03
