# 11/08/2021 
# Data retrieved from www.chemicool.com/densities.html 
# Includes the real (n) and complex (k) part of the  refractive index. 
# Element, Bi  (Z = 83) 
# Nominal density, g cm-3 =  89.807 
#    E [keV]      n       k    Wavelength [nm] 
6.046510000E-03 -4.049722439E+02 1.179163174E+00 2.051000000E+02
6.139059000E-03 1.855673872E+00 0.000000000E+00 2.020000000E+02
6.163738000E-03 9.995787908E+00 0.000000000E+00 2.012000000E+02
6.200758000E-03 1.638301605E+00 1.579435042E+01 2.000000000E+02
6.293306000E-03 -5.346292576E+00 1.514299552E+01 1.970000000E+02
1.069000000E-02 -6.775589037E+00 3.564948497E+00 1.160000000E+02
1.142761000E-02 -5.802711147E+00 2.950803322E+00 1.085000000E+02
1.221612000E-02 -4.879240319E+00 2.432270390E+00 1.015000000E+02
1.305903000E-02 -3.981872155E+00 1.994330684E+00 9.494000000E+01
1.396010000E-02 -2.956525431E+00 1.626924927E+00 8.881000000E+01
1.416222000E-02 -2.496960873E+00 1.556266846E+00 8.755000000E+01
1.421916000E-02 -2.054283958E+00 1.536964786E+00 8.720000000E+01
1.430456000E-02 -2.443606905E+00 2.306758204E+00 8.667000000E+01
1.451806000E-02 -2.689523021E+00 2.179549368E+00 8.540000000E+01
1.492335000E-02 -2.668432837E+00 1.961154721E+00 8.308000000E+01
1.595306000E-02 -2.251551876E+00 1.518418204E+00 7.772000000E+01
1.705382000E-02 -1.730177924E+00 1.171375006E+00 7.270000000E+01
1.823053000E-02 -1.198234634E+00 9.013175913E-01 6.801000000E+01
1.948844000E-02 -6.778579132E-01 6.926440699E-01 6.362000000E+01
2.083314000E-02 -1.722086206E-01 5.319719884E-01 5.951000000E+01
2.227063000E-02 3.349217746E-01 4.086281134E-01 5.567000000E+01
2.380730000E-02 9.121313099E-01 3.138662207E-01 5.208000000E+01
2.391200000E-02 9.602625011E-01 3.084415498E-01 5.185000000E+01
2.427800000E-02 1.183398767E+00 2.904706577E-01 5.107000000E+01
2.437560000E-02 1.332617475E+00 2.858349800E-01 5.086000000E+01
2.452200000E-02 1.279075954E+00 5.063232750E-01 5.056000000E+01
2.488800000E-02 1.313164428E+00 5.195256332E-01 4.982000000E+01
2.545001000E-02 1.451933397E+00 5.482179861E-01 4.872000000E+01
2.597000000E-02 1.604809788E+00 5.844225845E-01 4.774000000E+01
2.636750000E-02 1.754036730E+00 6.189420965E-01 4.702000000E+01
2.647350000E-02 1.834646350E+00 6.291716017E-01 4.683000000E+01
2.663250000E-02 1.829071554E+00 7.494601220E-01 4.655000000E+01
2.703000000E-02 1.887601416E+00 8.101206408E-01 4.587000000E+01
2.720606000E-02 1.920756524E+00 8.388941461E-01 4.557000000E+01
2.908327000E-02 2.242845339E+00 1.212657052E+00 4.263000000E+01
3.109002000E-02 2.407081293E+00 1.702178926E+00 3.988000000E+01
3.323523000E-02 2.350682692E+00 2.222542804E+00 3.731000000E+01
3.552846000E-02 2.070951060E+00 2.674726956E+00 3.490000000E+01
3.797993000E-02 1.618956945E+00 2.969548069E+00 3.264000000E+01
4.060054000E-02 1.083619483E+00 3.060459979E+00 3.054000000E+01
4.340198000E-02 5.602934737E-01 2.944292900E+00 2.857000000E+01
4.639671000E-02 1.260291072E-01 2.663254907E+00 2.672000000E+01
4.959809000E-02 -1.786568820E-01 2.285352438E+00 2.500000000E+01
5.302035000E-02 -3.452405204E-01 1.871052534E+00 2.338000000E+01
5.667876000E-02 -3.934594276E-01 1.474238317E+00 2.187000000E+01
6.058959000E-02 -3.532943410E-01 1.125271404E+00 2.046000000E+01
6.477028000E-02 -2.559842223E-01 8.371300584E-01 1.914000000E+01
6.923942000E-02 -1.291818557E-01 6.109894141E-01 1.791000000E+01
7.401695000E-02 8.193234415E-03 4.391574419E-01 1.675000000E+01
7.912411000E-02 1.439984644E-01 3.129304334E-01 1.567000000E+01
8.458368000E-02 2.708363251E-01 2.218916150E-01 1.466000000E+01
9.041995000E-02 3.931560091E-01 1.570647335E-01 1.371000000E+01
9.094400000E-02 4.047455320E-01 1.524296488E-01 1.363000000E+01
9.233600000E-02 4.429578640E-01 1.410703086E-01 1.343000000E+01
9.270720000E-02 4.693149342E-01 1.380594481E-01 1.337000000E+01
9.326400000E-02 4.556897764E-01 1.735380263E-01 1.329000000E+01
9.465600000E-02 4.567271475E-01 1.610565627E-01 1.310000000E+01
9.665893000E-02 4.749340478E-01 1.448357659E-01 1.283000000E+01
1.033284000E-01 5.466369599E-01 1.035373989E-01 1.200000000E+01
1.104581000E-01 6.166336599E-01 7.488219703E-02 1.122000000E+01
1.144640000E-01 6.529907654E-01 6.347623651E-02 1.083000000E+01
1.162160000E-01 6.723441433E-01 5.926770642E-02 1.067000000E+01
1.166832000E-01 6.836463080E-01 5.823267615E-02 1.063000000E+01
1.173840000E-01 6.800876084E-01 7.265558969E-02 1.056000000E+01
1.180797000E-01 6.804150296E-01 7.080731600E-02 1.050000000E+01
1.191360000E-01 6.839796876E-01 6.812077253E-02 1.041000000E+01
1.262272000E-01 7.198955631E-01 5.305991418E-02 9.822000000E+00
1.349368000E-01 7.608310666E-01 4.024443798E-02 9.188000000E+00
1.442475000E-01 7.977234297E-01 3.083665200E-02 8.595000000E+00
1.542005000E-01 8.313040206E-01 2.390671254E-02 8.040000000E+00
1.542520000E-01 8.314419313E-01 2.388132193E-02 8.038000000E+00
1.561140000E-01 8.376155495E-01 2.284354941E-02 7.942000000E+00
1.566130000E-01 8.393993951E-01 2.257846961E-02 7.917000000E+00
1.572426000E-01 8.422674641E-01 2.224766255E-02 7.885000000E+00
1.581870000E-01 8.442613266E-01 2.364320316E-02 7.838000000E+00
1.586620000E-01 8.455318121E-01 2.343697786E-02 7.814000000E+00
1.591407000E-01 8.470844446E-01 2.323932620E-02 7.791000000E+00
1.600965000E-01 8.491465717E-01 2.372125943E-02 7.744000000E+00
1.605480000E-01 8.502190741E-01 2.354639783E-02 7.723000000E+00
1.610905000E-01 8.516659504E-01 2.333586427E-02 7.697000000E+00
1.617381000E-01 8.538412873E-01 2.309097439E-02 7.666000000E+00
1.624860000E-01 8.551330984E-01 2.410168901E-02 7.630000000E+00
1.627095000E-01 8.555139272E-01 2.403585855E-02 7.620000000E+00
1.648404000E-01 8.599962916E-01 2.341864457E-02 7.521000000E+00
1.651380000E-01 8.606224948E-01 2.334299073E-02 7.508000000E+00
1.762144000E-01 8.833516230E-01 2.137192755E-02 7.036000000E+00
1.883732000E-01 9.039082320E-01 2.091229528E-02 6.582000000E+00
2.013709000E-01 9.214088888E-01 2.167537559E-02 6.157000000E+00
2.152655000E-01 9.359440353E-01 2.336596345E-02 5.760000000E+00
2.301188000E-01 9.476878411E-01 2.564038083E-02 5.388000000E+00
2.459970000E-01 9.568165612E-01 2.814397407E-02 5.040000000E+00
2.629708000E-01 9.635821065E-01 3.052499541E-02 4.715000000E+00
2.811158000E-01 9.683378679E-01 3.244834127E-02 4.410000000E+00
3.005128000E-01 9.714495654E-01 3.370497629E-02 4.126000000E+00
3.212482000E-01 9.733704497E-01 3.411616219E-02 3.859000000E+00
3.434143000E-01 9.744822661E-01 3.368089175E-02 3.610000000E+00
3.671099000E-01 9.751738249E-01 3.244371815E-02 3.377000000E+00
3.924405000E-01 9.757668473E-01 3.053409666E-02 3.159000000E+00
4.195189000E-01 9.765982545E-01 2.812149942E-02 2.955000000E+00
4.312000000E-01 9.771941081E-01 2.702718699E-02 2.875000000E+00
4.378000000E-01 9.778799504E-01 2.640908184E-02 2.832000000E+00
4.395600000E-01 9.785058031E-01 2.624866081E-02 2.821000000E+00
4.422000000E-01 9.780315652E-01 2.711776150E-02 2.804000000E+00
4.484657000E-01 9.777825656E-01 2.655056969E-02 2.765000000E+00
4.488000000E-01 9.777810242E-01 2.652103480E-02 2.763000000E+00
4.543280000E-01 9.778552068E-01 2.601237613E-02 2.729000000E+00
4.612820000E-01 9.781898027E-01 2.538842758E-02 2.688000000E+00
4.631364000E-01 9.785520978E-01 2.521849030E-02 2.677000000E+00
4.659180000E-01 9.782575607E-01 2.562884529E-02 2.661000000E+00
4.728720000E-01 9.780683279E-01 2.503073011E-02 2.622000000E+00
4.794098000E-01 9.780836775E-01 2.446919066E-02 2.586000000E+00
5.000000000E-01 9.770852110E-01 2.277415930E-02 2.480000000E+00
5.025000000E-01 9.771562719E-01 2.256004107E-02 2.467000000E+00
5.050125000E-01 9.772119646E-01 2.236418611E-02 2.455000000E+00
5.075375600E-01 9.772705761E-01 2.216687033E-02 2.443000000E+00
5.100752500E-01 9.773319914E-01 2.196884406E-02 2.431000000E+00
5.126256300E-01 9.773961666E-01 2.177015083E-02 2.419000000E+00
5.151887500E-01 9.774629908E-01 2.157083378E-02 2.407000000E+00
5.177647000E-01 9.775324224E-01 2.136960412E-02 2.395000000E+00
5.203535200E-01 9.776044860E-01 2.116852145E-02 2.383000000E+00
5.229552900E-01 9.776792036E-01 2.096630265E-02 2.371000000E+00
5.255700700E-01 9.777564011E-01 2.076365483E-02 2.359000000E+00
5.281979200E-01 9.778361656E-01 2.055997956E-02 2.347000000E+00
5.308389100E-01 9.778995349E-01 2.037404240E-02 2.336000000E+00
5.334931000E-01 9.779842753E-01 2.016901893E-02 2.324000000E+00
5.361605700E-01 9.780714515E-01 1.996437284E-02 2.312000000E+00
5.388413700E-01 9.781420253E-01 1.977608141E-02 2.301000000E+00
5.415355800E-01 9.782339835E-01 1.957034984E-02 2.289000000E+00
5.442432500E-01 9.783093282E-01 1.938150296E-02 2.278000000E+00
5.469644700E-01 9.783868932E-01 1.919179369E-02 2.267000000E+00
5.496992900E-01 9.784859034E-01 1.898561287E-02 2.255000000E+00
5.524477900E-01 9.785680486E-01 1.879557903E-02 2.244000000E+00
5.552100300E-01 9.786524689E-01 1.860539413E-02 2.233000000E+00
5.579860800E-01 9.787391221E-01 1.841509154E-02 2.222000000E+00
5.607760100E-01 9.788279661E-01 1.822470429E-02 2.211000000E+00
5.635798900E-01 9.789190154E-01 1.803426508E-02 2.200000000E+00
5.663977900E-01 9.790121711E-01 1.784380627E-02 2.189000000E+00
5.692297800E-01 9.791075021E-01 1.765335987E-02 2.178000000E+00
5.720759300E-01 9.792049641E-01 1.746295756E-02 2.167000000E+00
5.749363000E-01 9.793045667E-01 1.727263071E-02 2.156000000E+00
5.778109900E-01 9.793870051E-01 1.709887619E-02 2.146000000E+00
5.807000400E-01 9.794906991E-01 1.690869140E-02 2.135000000E+00
5.836035400E-01 9.795965058E-01 1.671867326E-02 2.124000000E+00
5.865215600E-01 9.796851109E-01 1.654501910E-02 2.114000000E+00
5.894541700E-01 9.797949532E-01 1.635583337E-02 2.103000000E+00
5.924014400E-01 9.798876053E-01 1.618235147E-02 2.093000000E+00
5.953634500E-01 9.800014548E-01 1.599408674E-02 2.082000000E+00
5.983402600E-01 9.800981273E-01 1.582138062E-02 2.072000000E+00
6.013319600E-01 9.801967425E-01 1.564879973E-02 2.062000000E+00
6.043386200E-01 9.802974037E-01 1.547685870E-02 2.052000000E+00
6.073603200E-01 9.804192072E-01 1.529009837E-02 2.041000000E+00
6.103971200E-01 9.805238585E-01 1.511909127E-02 2.031000000E+00
6.134491000E-01 9.806305066E-01 1.494829340E-02 2.021000000E+00
6.165163500E-01 9.807391493E-01 1.477772972E-02 2.011000000E+00
6.195989300E-01 9.808499225E-01 1.460788961E-02 2.001000000E+00
6.226969300E-01 9.809627247E-01 1.443878357E-02 1.991000000E+00
6.258104100E-01 9.810776847E-01 1.427042195E-02 1.981000000E+00
6.289394600E-01 9.811948339E-01 1.410236405E-02 1.971000000E+00
6.320841600E-01 9.812951832E-01 1.394929581E-02 1.962000000E+00
6.352445800E-01 9.814170407E-01 1.378225532E-02 1.952000000E+00
6.384208000E-01 9.815413803E-01 1.361601708E-02 1.942000000E+00
6.416129100E-01 9.816684311E-01 1.345015738E-02 1.932000000E+00
6.448209700E-01 9.817795080E-01 1.329938485E-02 1.923000000E+00
6.480450800E-01 9.819128307E-01 1.313509062E-02 1.913000000E+00
6.512853000E-01 9.820310321E-01 1.298486021E-02 1.904000000E+00
6.545417300E-01 9.821724874E-01 1.282217585E-02 1.894000000E+00
6.578144400E-01 9.823004772E-01 1.267338820E-02 1.885000000E+00
6.611035100E-01 9.824540269E-01 1.251194008E-02 1.875000000E+00
6.644090300E-01 9.825980582E-01 1.236422814E-02 1.866000000E+00
6.677310700E-01 9.827556716E-01 1.221762944E-02 1.857000000E+00
6.710697300E-01 9.829359729E-01 1.207174370E-02 1.848000000E+00
6.744250800E-01 9.831826498E-01 1.191321930E-02 1.838000000E+00
6.777972000E-01 9.836067741E-01 1.176888026E-02 1.829000000E+00
6.780921100E-01 9.836915986E-01 1.175329965E-02 1.828000000E+00
6.797078900E-01 9.837308029E-01 1.242054614E-02 1.824000000E+00
6.811861900E-01 9.835316907E-01 1.235421155E-02 1.820000000E+00
6.845921200E-01 9.834186351E-01 1.220530184E-02 1.811000000E+00
6.880150800E-01 9.834109432E-01 1.205677849E-02 1.802000000E+00
6.914551500E-01 9.834402648E-01 1.190940629E-02 1.793000000E+00
6.949124300E-01 9.834890285E-01 1.176244232E-02 1.784000000E+00
6.983869900E-01 9.835501382E-01 1.161700182E-02 1.775000000E+00
7.018789300E-01 9.836198812E-01 1.147198352E-02 1.766000000E+00
7.053883200E-01 9.836775181E-01 1.134102043E-02 1.758000000E+00
7.089152600E-01 9.837588257E-01 1.119821436E-02 1.749000000E+00
7.124598400E-01 9.838442636E-01 1.105620533E-02 1.740000000E+00
7.160221400E-01 9.839146276E-01 1.092796296E-02 1.732000000E+00
7.196022500E-01 9.840065216E-01 1.078781149E-02 1.723000000E+00
7.232002600E-01 9.841009819E-01 1.064881024E-02 1.714000000E+00
7.268162600E-01 9.841791256E-01 1.052295020E-02 1.706000000E+00
7.304503400E-01 9.842777920E-01 1.038614397E-02 1.697000000E+00
7.341026000E-01 9.843596885E-01 1.026229268E-02 1.689000000E+00
7.377731100E-01 9.844431502E-01 1.013939743E-02 1.681000000E+00
7.414619700E-01 9.845464999E-01 1.000548285E-02 1.672000000E+00
7.451692800E-01 9.846327722E-01 9.882970033E-03 1.664000000E+00
7.488951300E-01 9.847209443E-01 9.758886882E-03 1.656000000E+00
7.526396100E-01 9.848292052E-01 9.624134674E-03 1.647000000E+00
7.564028000E-01 9.849206646E-01 9.502181917E-03 1.639000000E+00
7.601848200E-01 9.850136327E-01 9.380933219E-03 1.631000000E+00
7.639857400E-01 9.851080679E-01 9.261005012E-03 1.623000000E+00
7.678056700E-01 9.852038989E-01 9.141475948E-03 1.615000000E+00
7.716447000E-01 9.853011757E-01 9.023259085E-03 1.607000000E+00
7.755029200E-01 9.853998263E-01 8.905747784E-03 1.599000000E+00
7.793804400E-01 9.854999859E-01 8.789240585E-03 1.591000000E+00
7.832773400E-01 9.856016958E-01 8.673733297E-03 1.583000000E+00
7.871937300E-01 9.857055987E-01 8.557206306E-03 1.575000000E+00
7.911296900E-01 9.858122528E-01 8.441426692E-03 1.567000000E+00
7.950853400E-01 9.859227274E-01 8.326680758E-03 1.559000000E+00
7.990607700E-01 9.860218526E-01 8.223278342E-03 1.552000000E+00
8.030560700E-01 9.861584748E-01 8.110497833E-03 1.544000000E+00
8.041806300E-01 9.862069503E-01 8.081496395E-03 1.542000000E+00
8.064193600E-01 9.862728383E-01 8.124042703E-03 1.537000000E+00
8.070713500E-01 9.862678021E-01 8.108819639E-03 1.536000000E+00
8.111067100E-01 9.863101098E-01 8.007673654E-03 1.529000000E+00
8.151622400E-01 9.863944013E-01 7.896977874E-03 1.521000000E+00
8.192380600E-01 9.864859745E-01 7.787023898E-03 1.513000000E+00
8.233342500E-01 9.865635328E-01 7.688548583E-03 1.506000000E+00
8.274509200E-01 9.866614715E-01 7.580514782E-03 1.498000000E+00
8.315881700E-01 9.867434716E-01 7.483515768E-03 1.491000000E+00
8.357461100E-01 9.868269865E-01 7.387596505E-03 1.484000000E+00
8.399248400E-01 9.869294881E-01 7.282368838E-03 1.476000000E+00
8.441244700E-01 9.870153235E-01 7.187911006E-03 1.469000000E+00
8.483450900E-01 9.871197971E-01 7.084564994E-03 1.461000000E+00
8.525868200E-01 9.872074439E-01 6.991811346E-03 1.454000000E+00
8.568497500E-01 9.872959101E-01 6.900106807E-03 1.447000000E+00
8.611340000E-01 9.873851215E-01 6.808959508E-03 1.440000000E+00
8.654396700E-01 9.874750059E-01 6.718849687E-03 1.433000000E+00
8.697668700E-01 9.875829977E-01 6.620236058E-03 1.425000000E+00
8.741157000E-01 9.876741405E-01 6.531783713E-03 1.418000000E+00
8.784862800E-01 9.877658634E-01 6.444115158E-03 1.411000000E+00
8.828787100E-01 9.878581678E-01 6.357226946E-03 1.404000000E+00
8.872931000E-01 9.879510769E-01 6.271342148E-03 1.397000000E+00
8.917295700E-01 9.880445672E-01 6.186002019E-03 1.390000000E+00
8.961882200E-01 9.881386601E-01 6.101653904E-03 1.383000000E+00
9.006691600E-01 9.882163104E-01 6.027038323E-03 1.377000000E+00
9.051725000E-01 9.883118480E-01 5.944132446E-03 1.370000000E+00
9.096983700E-01 9.884082354E-01 5.862197791E-03 1.363000000E+00
9.142468600E-01 9.885056951E-01 5.781010903E-03 1.356000000E+00
9.188180900E-01 9.886045450E-01 5.700779621E-03 1.349000000E+00
9.234121800E-01 9.886886889E-01 5.629665572E-03 1.343000000E+00
9.280292400E-01 9.887933475E-01 5.550830142E-03 1.336000000E+00
9.326693900E-01 9.889061288E-01 5.472929981E-03 1.329000000E+00
9.368771300E-01 9.890330724E-01 5.405746932E-03 1.323000000E+00
9.373327400E-01 9.890330724E-01 5.405746932E-03 1.323000000E+00
9.395228600E-01 9.890685558E-01 5.479342620E-03 1.320000000E+00
9.420194000E-01 9.890847956E-01 5.436134262E-03 1.316000000E+00
9.467295000E-01 9.891318540E-01 5.367556178E-03 1.310000000E+00
9.514631500E-01 9.892082800E-01 5.291822696E-03 1.303000000E+00
9.562204600E-01 9.892729178E-01 5.224846427E-03 1.297000000E+00
9.610015600E-01 9.893566030E-01 5.150445120E-03 1.290000000E+00
9.658065700E-01 9.894252811E-01 5.084849503E-03 1.284000000E+00
9.706356000E-01 9.895113844E-01 5.011955933E-03 1.277000000E+00
9.754887800E-01 9.895816648E-01 4.947719213E-03 1.271000000E+00
9.803662300E-01 9.896523263E-01 4.884028738E-03 1.265000000E+00
9.852680600E-01 9.897394727E-01 4.813410654E-03 1.258000000E+00
9.901944000E-01 9.898102057E-01 4.751049181E-03 1.252000000E+00
9.951453700E-01 9.898805721E-01 4.689403503E-03 1.246000000E+00
1.000121100E+00 9.899501696E-01 4.628109215E-03 1.240000000E+00
1.005121700E+00 9.900207503E-01 4.555857793E-03 1.234000000E+00
1.010147300E+00 9.901093918E-01 4.477232225E-03 1.227000000E+00
1.015198000E+00 9.901832517E-01 4.406904484E-03 1.221000000E+00
1.020274000E+00 9.902581961E-01 4.337656044E-03 1.215000000E+00
1.025375400E+00 9.903340022E-01 4.269303261E-03 1.209000000E+00
1.030502300E+00 9.904105557E-01 4.201837285E-03 1.203000000E+00
1.035654800E+00 9.904877292E-01 4.135249318E-03 1.197000000E+00
1.040833100E+00 9.905654490E-01 4.069530610E-03 1.191000000E+00
1.046037200E+00 9.906436437E-01 4.004835444E-03 1.185000000E+00
1.051267400E+00 9.907222600E-01 3.940827558E-03 1.179000000E+00
1.056523800E+00 9.907855394E-01 3.884437313E-03 1.174000000E+00
1.061806400E+00 9.908648692E-01 3.822191381E-03 1.168000000E+00
1.067115400E+00 9.909444559E-01 3.760769155E-03 1.162000000E+00
1.072451000E+00 9.910242838E-01 3.700162206E-03 1.156000000E+00
1.077813200E+00 9.911042909E-01 3.640515654E-03 1.150000000E+00
1.083202300E+00 9.911690448E-01 3.587776702E-03 1.145000000E+00
1.088618300E+00 9.912493981E-01 3.529645195E-03 1.139000000E+00
1.094061400E+00 9.913298603E-01 3.472293246E-03 1.133000000E+00
1.099531700E+00 9.913951391E-01 3.421776991E-03 1.128000000E+00
1.105029400E+00 9.914757850E-01 3.365892585E-03 1.122000000E+00
1.110554500E+00 9.915564458E-01 3.310764051E-03 1.116000000E+00
1.116107300E+00 9.916220502E-01 3.262253380E-03 1.111000000E+00
1.121687800E+00 9.917027590E-01 3.208547309E-03 1.105000000E+00
1.127296300E+00 9.917684784E-01 3.161459531E-03 1.100000000E+00
1.132932800E+00 9.918491693E-01 3.109145197E-03 1.094000000E+00
1.138597400E+00 9.919149286E-01 3.063309140E-03 1.089000000E+00
1.144290400E+00 9.919807226E-01 3.017923284E-03 1.084000000E+00
1.150011900E+00 9.920612664E-01 2.967612219E-03 1.078000000E+00
1.155761900E+00 9.921270817E-01 2.923176066E-03 1.073000000E+00
1.161540700E+00 9.922075361E-01 2.873926128E-03 1.067000000E+00
1.167348400E+00 9.922733407E-01 2.830822366E-03 1.062000000E+00
1.173185200E+00 9.923391432E-01 2.788149793E-03 1.057000000E+00
1.179051100E+00 9.924049366E-01 2.746163152E-03 1.052000000E+00
1.184946400E+00 9.924850646E-01 2.699434600E-03 1.046000000E+00
1.190871100E+00 9.925507378E-01 2.658469780E-03 1.041000000E+00
1.196825400E+00 9.926163444E-01 2.618044591E-03 1.036000000E+00
1.202809600E+00 9.926819037E-01 2.578276701E-03 1.031000000E+00
1.208823600E+00 9.927473851E-01 2.538912498E-03 1.026000000E+00
1.214867700E+00 9.928127831E-01 2.500070919E-03 1.021000000E+00
1.220942100E+00 9.928921170E-01 2.456902793E-03 1.015000000E+00
1.227046800E+00 9.929572606E-01 2.419140521E-03 1.010000000E+00
1.233182000E+00 9.930223164E-01 2.381883676E-03 1.005000000E+00
1.239347900E+00 9.930872441E-01 2.345010699E-03 1.000000000E+00
1.245544700E+00 9.931465437E-01 2.310606075E-03 9.954000000E-01
1.251772400E+00 9.932098663E-01 2.275273707E-03 9.905000000E-01
1.258031200E+00 9.932744245E-01 2.239848235E-03 9.855000000E-01
1.264321400E+00 9.933374891E-01 2.205353365E-03 9.806000000E-01
1.270643000E+00 9.933990626E-01 2.171769611E-03 9.758000000E-01
1.276996200E+00 9.934618308E-01 2.138306345E-03 9.709000000E-01
1.283381200E+00 9.935231229E-01 2.105515889E-03 9.661000000E-01
1.289798100E+00 9.935842553E-01 2.073276415E-03 9.613000000E-01
1.296247100E+00 9.936452458E-01 2.041473589E-03 9.565000000E-01
1.302728300E+00 9.937060695E-01 2.009997398E-03 9.517000000E-01
1.309242000E+00 9.937654168E-01 1.979368230E-03 9.470000000E-01
1.315788200E+00 9.938246027E-01 1.949154538E-03 9.423000000E-01
1.322367100E+00 9.938822363E-01 1.919351646E-03 9.376000000E-01
1.328979000E+00 9.939410834E-01 1.889954907E-03 9.329000000E-01
1.335623900E+00 9.939984770E-01 1.861260691E-03 9.283000000E-01
1.342302000E+00 9.940556989E-01 1.833056176E-03 9.237000000E-01
1.349013500E+00 9.941127464E-01 1.805137876E-03 9.191000000E-01
1.355758600E+00 9.941696169E-01 1.777504332E-03 9.145000000E-01
1.362537400E+00 9.942250481E-01 1.750731028E-03 9.100000000E-01
1.369350000E+00 9.942815816E-01 1.723751802E-03 9.054000000E-01
1.376196800E+00 9.943366820E-01 1.697522069E-03 9.009000000E-01
1.383077800E+00 9.943916251E-01 1.671559612E-03 8.964000000E-01
1.389993200E+00 9.944451624E-01 1.646416852E-03 8.920000000E-01
1.396943100E+00 9.944991021E-01 1.621161966E-03 8.875000000E-01
1.403927800E+00 9.945522981E-01 1.596618652E-03 8.831000000E-01
1.410947500E+00 9.946053105E-01 1.572324182E-03 8.787000000E-01
1.418002200E+00 9.946569418E-01 1.548808970E-03 8.744000000E-01
1.425092200E+00 9.947096217E-01 1.525178628E-03 8.700000000E-01
1.432217700E+00 9.947609097E-01 1.502136825E-03 8.657000000E-01
1.439378800E+00 9.948120340E-01 1.479500387E-03 8.614000000E-01
1.446575700E+00 9.948629839E-01 1.457092452E-03 8.571000000E-01
1.453808600E+00 9.949137570E-01 1.434911862E-03 8.528000000E-01
1.461077600E+00 9.949631643E-01 1.413457690E-03 8.486000000E-01
1.468383000E+00 9.950124023E-01 1.392218379E-03 8.444000000E-01
1.475724900E+00 9.950614771E-01 1.371274785E-03 8.402000000E-01
1.483103500E+00 9.951103702E-01 1.350542255E-03 8.360000000E-01
1.490519000E+00 9.951590799E-01 1.330100028E-03 8.318000000E-01
1.497971600E+00 9.952064622E-01 1.310261190E-03 8.277000000E-01
1.505461500E+00 9.952536765E-01 1.290620572E-03 8.236000000E-01
1.512988800E+00 9.953007133E-01 1.271333074E-03 8.195000000E-01
1.520553700E+00 9.953475787E-01 1.252161523E-03 8.154000000E-01
1.528156500E+00 9.953942630E-01 1.233260061E-03 8.113000000E-01
1.535797300E+00 9.954396425E-01 1.214926362E-03 8.073000000E-01
1.543476300E+00 9.954848491E-01 1.196850147E-03 8.033000000E-01
1.551193700E+00 9.955298886E-01 1.178954118E-03 7.993000000E-01
1.558949600E+00 9.955747591E-01 1.161310786E-03 7.953000000E-01
1.566744400E+00 9.956194518E-01 1.143844361E-03 7.913000000E-01
1.574578100E+00 9.956628636E-01 1.126912113E-03 7.874000000E-01
1.582451000E+00 9.957061057E-01 1.110219038E-03 7.835000000E-01
1.590363300E+00 9.957491908E-01 1.093691632E-03 7.796000000E-01
1.598315100E+00 9.957921032E-01 1.077329069E-03 7.757000000E-01
1.606306600E+00 9.958337759E-01 1.061474674E-03 7.719000000E-01
1.614338200E+00 9.958763645E-01 1.045504302E-03 7.680000000E-01
1.622409900E+00 9.959177143E-01 1.030032244E-03 7.642000000E-01
1.630521900E+00 9.959589031E-01 1.014713588E-03 7.604000000E-01
1.638674500E+00 9.959999294E-01 9.996140106E-04 7.566000000E-01
1.646867900E+00 9.960407983E-01 9.847307501E-04 7.528000000E-01
1.655102200E+00 9.960804486E-01 9.702549800E-04 7.491000000E-01
1.663377700E+00 9.961199494E-01 9.559862630E-04 7.454000000E-01
1.671694600E+00 9.961592863E-01 9.418581272E-04 7.417000000E-01
1.680053100E+00 9.961984707E-01 9.279330918E-04 7.380000000E-01
1.688453400E+00 9.962374948E-01 9.141459811E-04 7.343000000E-01
1.696895600E+00 9.962753378E-01 9.008046048E-04 7.307000000E-01
1.705380100E+00 9.963140488E-01 8.873495396E-04 7.270000000E-01
1.713907000E+00 9.963515806E-01 8.743315432E-04 7.234000000E-01
1.722476600E+00 9.963889636E-01 8.615016232E-04 7.198000000E-01
1.731088900E+00 9.964261903E-01 8.487978123E-04 7.162000000E-01
1.739744400E+00 9.964622668E-01 8.364541996E-04 7.127000000E-01
1.748443100E+00 9.964991827E-01 8.240567784E-04 7.091000000E-01
1.757185300E+00 9.965349565E-01 8.120125733E-04 7.056000000E-01
1.765971200E+00 9.965705969E-01 7.997430061E-04 7.021000000E-01
1.774801100E+00 9.966061250E-01 7.874843205E-04 6.986000000E-01
1.783675100E+00 9.966415439E-01 7.753514406E-04 6.951000000E-01
1.792593500E+00 9.966768511E-01 7.633992341E-04 6.916000000E-01
1.801556500E+00 9.967110886E-01 7.517888795E-04 6.882000000E-01
1.810564200E+00 9.967452201E-01 7.403511281E-04 6.848000000E-01
1.819617100E+00 9.967792379E-01 7.290837587E-04 6.814000000E-01
1.828715100E+00 9.968131452E-01 7.179312122E-04 6.780000000E-01
1.837858700E+00 9.968469397E-01 7.068929010E-04 6.746000000E-01
1.847048000E+00 9.968796896E-01 6.962279378E-04 6.713000000E-01
1.856283300E+00 9.969132622E-01 6.854653996E-04 6.679000000E-01
1.865564700E+00 9.969458115E-01 6.747098208E-04 6.646000000E-01
1.874892500E+00 9.969782797E-01 6.641684493E-04 6.613000000E-01
1.884267000E+00 9.970106588E-01 6.537371562E-04 6.580000000E-01
1.893688300E+00 9.970429559E-01 6.434153653E-04 6.547000000E-01
1.903156700E+00 9.970742599E-01 6.334461926E-04 6.515000000E-01
1.912672500E+00 9.971063794E-01 6.234365845E-04 6.482000000E-01
1.922235900E+00 9.971375203E-01 6.137230694E-04 6.450000000E-01
1.931847100E+00 9.971685826E-01 6.041106768E-04 6.418000000E-01
1.941506300E+00 9.971995538E-01 5.946935452E-04 6.386000000E-01
1.951213800E+00 9.972304453E-01 5.853277281E-04 6.354000000E-01
1.960969900E+00 9.972603875E-01 5.763355754E-04 6.323000000E-01
1.970774700E+00 9.972911155E-01 5.672094526E-04 6.291000000E-01
1.980628600E+00 9.973208988E-01 5.584493169E-04 6.260000000E-01
1.990531800E+00 9.973506098E-01 5.497346036E-04 6.229000000E-01
2.000484400E+00 9.973802498E-01 5.411999472E-04 6.198000000E-01
2.010486800E+00 9.974098157E-01 5.327539185E-04 6.167000000E-01
2.020539300E+00 9.974393041E-01 5.243960558E-04 6.136000000E-01
2.030642000E+00 9.974678957E-01 5.163382675E-04 6.106000000E-01
2.040795200E+00 9.974971779E-01 5.081959166E-04 6.075000000E-01
2.050999200E+00 9.975256448E-01 5.003474127E-04 6.045000000E-01
2.061254200E+00 9.975540486E-01 4.925799656E-04 6.015000000E-01
2.071560400E+00 9.975824025E-01 4.849347306E-04 5.985000000E-01
2.081918200E+00 9.976106984E-01 4.773688811E-04 5.955000000E-01
2.092327800E+00 9.976381437E-01 4.700813863E-04 5.926000000E-01
2.102789500E+00 9.976663462E-01 4.627112967E-04 5.896000000E-01
2.113303400E+00 9.976937129E-01 4.556137830E-04 5.867000000E-01
2.123869900E+00 9.977210488E-01 4.485890873E-04 5.838000000E-01
2.134489300E+00 9.977483571E-01 4.416760010E-04 5.809000000E-01
2.145161700E+00 9.977756373E-01 4.348342029E-04 5.780000000E-01
2.155887500E+00 9.978029000E-01 4.280633241E-04 5.751000000E-01
2.166667000E+00 9.978301440E-01 4.214009972E-04 5.722000000E-01
2.177500300E+00 9.978566301E-01 4.149914524E-04 5.694000000E-01
2.188387800E+00 9.978831207E-01 4.086471293E-04 5.666000000E-01
2.199329700E+00 9.979103664E-01 4.022249734E-04 5.637000000E-01
2.210326400E+00 9.979368873E-01 3.960115977E-04 5.609000000E-01
2.221378000E+00 9.979634351E-01 3.898985886E-04 5.581000000E-01
2.232484900E+00 9.979893044E-01 3.840228020E-04 5.554000000E-01
2.243647300E+00 9.980159491E-01 3.780693972E-04 5.526000000E-01
2.254865600E+00 9.980419478E-01 3.723131872E-04 5.499000000E-01
2.266139900E+00 9.980687367E-01 3.665163541E-04 5.471000000E-01
2.277470600E+00 9.980949170E-01 3.609125496E-04 5.444000000E-01
2.288857900E+00 9.981212156E-01 3.553660804E-04 5.417000000E-01
2.300302200E+00 9.981476533E-01 3.499103718E-04 5.390000000E-01
2.311803700E+00 9.981742533E-01 3.445107355E-04 5.363000000E-01
2.323362800E+00 9.982010341E-01 3.391999299E-04 5.336000000E-01
2.334979600E+00 9.982273652E-01 3.340697654E-04 5.310000000E-01
2.346654500E+00 9.982546174E-01 3.288993962E-04 5.283000000E-01
2.358387800E+00 9.982815027E-01 3.239058479E-04 5.257000000E-01
2.370179700E+00 9.983087336E-01 3.189630469E-04 5.231000000E-01
2.382030600E+00 9.983363653E-01 3.140833123E-04 5.205000000E-01
2.393940700E+00 9.983644628E-01 3.092722352E-04 5.179000000E-01
2.405910400E+00 9.983931064E-01 3.045259155E-04 5.153000000E-01
2.417940000E+00 9.984216656E-01 2.999514552E-04 5.128000000E-01
2.430029700E+00 9.984517181E-01 2.953223103E-04 5.102000000E-01
2.442179800E+00 9.984820821E-01 2.908645633E-04 5.077000000E-01
2.454390700E+00 9.985135715E-01 2.864637077E-04 5.052000000E-01
2.466662700E+00 9.985470127E-01 2.820040018E-04 5.026000000E-01
2.478996000E+00 9.985815858E-01 2.777134743E-04 5.001000000E-01
2.491391000E+00 9.986178052E-01 2.735880875E-04 4.977000000E-01
2.503847900E+00 9.986574998E-01 2.694034320E-04 4.952000000E-01
2.516367200E+00 9.987011883E-01 2.652701022E-04 4.927000000E-01
2.528949000E+00 9.987501807E-01 2.612969854E-04 4.903000000E-01
2.541593800E+00 9.988089355E-01 2.572692654E-04 4.878000000E-01
2.554301700E+00 9.988841864E-01 2.533957394E-04 4.854000000E-01
2.567073200E+00 9.990014760E-01 2.495693900E-04 4.830000000E-01
2.578893300E+00 9.994288116E-01 2.460990303E-04 4.808000000E-01
2.579908600E+00 9.995566010E-01 6.990088314E-04 4.806000000E-01
2.580306900E+00 9.994372525E-01 6.985571866E-04 4.805000000E-01
2.592808200E+00 9.990290881E-01 6.868692952E-04 4.782000000E-01
2.605772200E+00 9.989501705E-01 6.749208149E-04 4.758000000E-01
2.618801100E+00 9.989151835E-01 6.631610219E-04 4.734000000E-01
2.631895100E+00 9.989004266E-01 6.518385162E-04 4.711000000E-01
2.645054500E+00 9.989008186E-01 6.404203760E-04 4.687000000E-01
2.658279800E+00 9.989156928E-01 6.294291190E-04 4.664000000E-01
2.671571200E+00 9.989547001E-01 6.186116058E-04 4.641000000E-01
2.684929100E+00 9.990999574E-01 6.079409123E-04 4.618000000E-01
2.686825900E+00 9.992068618E-01 6.065085697E-04 4.615000000E-01
2.688373900E+00 9.992098627E-01 8.810162867E-04 4.612000000E-01
2.698353700E+00 9.989710032E-01 8.695340469E-04 4.595000000E-01
2.711845500E+00 9.988932525E-01 8.542276063E-04 4.572000000E-01
2.725404700E+00 9.988506240E-01 8.391216998E-04 4.549000000E-01
2.739031700E+00 9.988215249E-01 8.246026346E-04 4.527000000E-01
2.752726900E+00 9.988009179E-01 8.099347821E-04 4.504000000E-01
2.766490500E+00 9.987850859E-01 7.958397620E-04 4.482000000E-01
2.780323000E+00 9.987736588E-01 7.816235031E-04 4.459000000E-01
2.794224600E+00 9.987646624E-01 7.679430151E-04 4.437000000E-01
2.808195700E+00 9.987580479E-01 7.544868940E-04 4.415000000E-01
2.822236700E+00 9.987534070E-01 7.412298335E-04 4.393000000E-01
2.836347900E+00 9.987504275E-01 7.281696180E-04 4.371000000E-01
2.850529600E+00 9.987483033E-01 7.156330339E-04 4.350000000E-01
2.864782300E+00 9.987480048E-01 7.029557295E-04 4.328000000E-01
2.879106200E+00 9.987488105E-01 6.904687495E-04 4.306000000E-01
2.893501700E+00 9.987500200E-01 6.785078858E-04 4.285000000E-01
2.907969200E+00 9.987521188E-01 6.667034894E-04 4.264000000E-01
2.922509100E+00 9.987556119E-01 6.547663353E-04 4.242000000E-01
2.937121600E+00 9.987592622E-01 6.433158088E-04 4.221000000E-01
2.951807200E+00 9.987636025E-01 6.320577301E-04 4.200000000E-01
2.966566200E+00 9.987685877E-01 6.209287113E-04 4.179000000E-01
2.981399100E+00 9.987735985E-01 6.102415088E-04 4.159000000E-01
2.996306100E+00 9.987797832E-01 5.994240697E-04 4.138000000E-01
3.011287600E+00 9.987867188E-01 5.884962393E-04 4.117000000E-01
3.026344000E+00 9.987937284E-01 5.779218426E-04 4.097000000E-01
3.041475800E+00 9.988019573E-01 5.672496019E-04 4.076000000E-01
3.056683100E+00 9.988102600E-01 5.569802431E-04 4.056000000E-01
3.071966600E+00 9.988192965E-01 5.468877123E-04 4.036000000E-01
3.087326400E+00 9.988291816E-01 5.369322003E-04 4.016000000E-01
3.102763000E+00 9.988401116E-01 5.271495365E-04 3.996000000E-01
3.118276800E+00 9.988524509E-01 5.175190300E-04 3.976000000E-01
3.133868200E+00 9.988669274E-01 5.080389074E-04 3.956000000E-01
3.149537600E+00 9.988847780E-01 4.989608471E-04 3.937000000E-01
3.165285300E+00 9.989140588E-01 4.897728203E-04 3.917000000E-01
3.173500600E+00 9.989501037E-01 4.851491976E-04 3.907000000E-01
3.180299200E+00 9.989532890E-01 5.662356247E-04 3.899000000E-01
3.181111700E+00 9.989477468E-01 5.656983113E-04 3.898000000E-01
3.197017200E+00 9.989115836E-01 5.550731218E-04 3.878000000E-01
3.213002300E+00 9.989021140E-01 5.448941195E-04 3.859000000E-01
3.229067300E+00 9.988989653E-01 5.348864906E-04 3.840000000E-01
3.245212700E+00 9.988988412E-01 5.250141319E-04 3.821000000E-01
3.261438700E+00 9.989005575E-01 5.153094105E-04 3.802000000E-01
3.277745900E+00 9.989035440E-01 5.057535293E-04 3.783000000E-01
3.294134700E+00 9.989074856E-01 4.963612600E-04 3.764000000E-01
3.310605300E+00 9.989121877E-01 4.870978866E-04 3.745000000E-01
3.327158400E+00 9.989175352E-01 4.780105946E-04 3.726000000E-01
3.343794100E+00 9.989228523E-01 4.694775460E-04 3.708000000E-01
3.360513100E+00 9.989291005E-01 4.609035642E-04 3.689000000E-01
3.377315700E+00 9.989350991E-01 4.526783986E-04 3.671000000E-01
3.394202300E+00 9.989413998E-01 4.445947850E-04 3.653000000E-01
3.411173300E+00 9.989479770E-01 4.366508139E-04 3.635000000E-01
3.428229100E+00 9.989548033E-01 4.288445891E-04 3.617000000E-01
3.445370300E+00 9.989618593E-01 4.211742282E-04 3.599000000E-01
3.462597100E+00 9.989691292E-01 4.136229783E-04 3.581000000E-01
3.479910100E+00 9.989765977E-01 4.062189008E-04 3.563000000E-01
3.497309700E+00 9.989842572E-01 3.989159479E-04 3.545000000E-01
3.514796200E+00 9.989921146E-01 3.916843007E-04 3.527000000E-01
3.532370200E+00 9.989996007E-01 3.848002976E-04 3.510000000E-01
3.550032100E+00 9.990078606E-01 3.778208005E-04 3.492000000E-01
3.567782200E+00 9.990157675E-01 3.711657274E-04 3.475000000E-01
3.585621100E+00 9.990239138E-01 3.646145967E-04 3.458000000E-01
3.603549200E+00 9.990323412E-01 3.581799058E-04 3.441000000E-01
3.621567000E+00 9.990416877E-01 3.516409157E-04 3.423000000E-01
3.639674800E+00 9.990509835E-01 3.454100082E-04 3.406000000E-01
3.657873200E+00 9.990605831E-01 3.394780634E-04 3.390000000E-01
3.676162600E+00 9.990726751E-01 3.334540002E-04 3.373000000E-01
3.690903400E+00 9.990884961E-01 3.286094609E-04 3.359000000E-01
3.694543400E+00 9.990981054E-01 3.275129267E-04 3.356000000E-01
3.701696600E+00 9.990929454E-01 3.485777660E-04 3.349000000E-01
3.713016100E+00 9.990886723E-01 3.447522670E-04 3.339000000E-01
3.731581200E+00 9.990899812E-01 3.386621895E-04 3.323000000E-01
3.750239100E+00 9.990944327E-01 3.324658537E-04 3.306000000E-01
3.768990300E+00 9.990994192E-01 3.265670620E-04 3.290000000E-01
3.787835200E+00 9.991055812E-01 3.205649852E-04 3.273000000E-01
3.806774400E+00 9.991116278E-01 3.148652006E-04 3.257000000E-01
3.825808300E+00 9.991180035E-01 3.092433700E-04 3.241000000E-01
3.844937300E+00 9.991246539E-01 3.037229038E-04 3.225000000E-01
3.864162000E+00 9.991315550E-01 2.982904036E-04 3.209000000E-01
3.883482800E+00 9.991387061E-01 2.929684574E-04 3.193000000E-01
3.902900200E+00 9.991460605E-01 2.878372884E-04 3.177000000E-01
3.922414700E+00 9.991536322E-01 2.827882823E-04 3.161000000E-01
3.942026800E+00 9.991615105E-01 2.778318814E-04 3.145000000E-01
3.961736900E+00 9.991693783E-01 2.731184668E-04 3.130000000E-01
3.981545600E+00 9.991790393E-01 2.683186969E-04 3.114000000E-01
3.990421900E+00 9.991846443E-01 2.662285884E-04 3.107000000E-01
4.001453300E+00 9.991934237E-01 2.752710986E-04 3.098000000E-01
4.007778000E+00 9.991901820E-01 2.739385131E-04 3.094000000E-01
4.021460600E+00 9.991914190E-01 2.706702851E-04 3.083000000E-01
4.041567900E+00 9.991954770E-01 2.661528482E-04 3.068000000E-01
4.061775700E+00 9.992010432E-01 2.615245091E-04 3.052000000E-01
4.082084600E+00 9.992065232E-01 2.571509515E-04 3.037000000E-01
4.102495000E+00 9.992122570E-01 2.528362828E-04 3.022000000E-01
4.123007500E+00 9.992181560E-01 2.485904181E-04 3.007000000E-01
4.143622600E+00 9.992241756E-01 2.443709061E-04 2.992000000E-01
4.164340700E+00 9.992303006E-01 2.401883965E-04 2.977000000E-01
4.185162400E+00 9.992365050E-01 2.360836685E-04 2.962000000E-01
4.206088200E+00 9.992422598E-01 2.321827831E-04 2.948000000E-01
4.227118600E+00 9.992485844E-01 2.281885337E-04 2.933000000E-01
4.248254200E+00 9.992549539E-01 2.242496013E-04 2.918000000E-01
4.269495500E+00 9.992608507E-01 2.205270584E-04 2.904000000E-01
4.290843000E+00 9.992667824E-01 2.168548493E-04 2.890000000E-01
4.312297200E+00 9.992732477E-01 2.130938085E-04 2.875000000E-01
4.333858700E+00 9.992792291E-01 2.095319459E-04 2.861000000E-01
4.355528000E+00 9.992852310E-01 2.060187209E-04 2.847000000E-01
4.377305600E+00 9.992917498E-01 2.024199805E-04 2.832000000E-01
4.399192100E+00 9.992977791E-01 1.990133992E-04 2.818000000E-01
4.421188100E+00 9.993038193E-01 1.956629171E-04 2.804000000E-01
4.443294000E+00 9.993098684E-01 1.923587451E-04 2.790000000E-01
4.465510500E+00 9.993159229E-01 1.891004057E-04 2.776000000E-01
4.487838100E+00 9.993214900E-01 1.860220522E-04 2.763000000E-01
4.510277200E+00 9.993275521E-01 1.828611079E-04 2.749000000E-01
4.532828600E+00 9.993336156E-01 1.797357359E-04 2.735000000E-01
4.555492800E+00 9.993391907E-01 1.767927992E-04 2.722000000E-01
4.578270200E+00 9.993452514E-01 1.737702579E-04 2.708000000E-01
4.601161600E+00 9.993508256E-01 1.709088098E-04 2.695000000E-01
4.624167400E+00 9.993568786E-01 1.679614403E-04 2.681000000E-01
4.647288200E+00 9.993624452E-01 1.651881186E-04 2.668000000E-01
4.670524700E+00 9.993680083E-01 1.624450233E-04 2.655000000E-01
4.693877300E+00 9.993740397E-01 1.596272873E-04 2.641000000E-01
4.717346700E+00 9.993795882E-01 1.569694862E-04 2.628000000E-01
4.740933400E+00 9.993851276E-01 1.543488753E-04 2.615000000E-01
4.764638100E+00 9.993906578E-01 1.517650585E-04 2.602000000E-01
4.788461300E+00 9.993961766E-01 1.492176418E-04 2.589000000E-01
4.812403600E+00 9.994016838E-01 1.466908300E-04 2.576000000E-01
4.836465600E+00 9.994067225E-01 1.442972335E-04 2.564000000E-01
4.860647900E+00 9.994122195E-01 1.418255878E-04 2.551000000E-01
4.884951200E+00 9.994177098E-01 1.393894160E-04 2.538000000E-01
4.909375900E+00 9.994231912E-01 1.369883312E-04 2.525000000E-01
4.933922800E+00 9.994282085E-01 1.347291534E-04 2.513000000E-01
4.958592400E+00 9.994336709E-01 1.323885284E-04 2.500000000E-01
4.983385400E+00 9.994386714E-01 1.301938234E-04 2.488000000E-01
5.008302300E+00 9.994436625E-01 1.280301721E-04 2.476000000E-01
5.033343800E+00 9.994490921E-01 1.257880292E-04 2.463000000E-01
5.058510500E+00 9.994540623E-01 1.236867633E-04 2.451000000E-01
5.083803100E+00 9.994590221E-01 1.216086324E-04 2.439000000E-01
5.109222100E+00 9.994639700E-01 1.195603467E-04 2.427000000E-01
5.134768200E+00 9.994689055E-01 1.175415778E-04 2.415000000E-01
5.160442100E+00 9.994726577E-01 1.155519988E-04 2.403000000E-01
5.186244300E+00 9.994775776E-01 1.135448373E-04 2.391000000E-01
5.212175500E+00 9.994824885E-01 1.115737176E-04 2.379000000E-01
5.238236400E+00 9.994873904E-01 1.096251079E-04 2.367000000E-01
5.264427600E+00 9.994922826E-01 1.077053180E-04 2.355000000E-01
5.290749700E+00 9.994971639E-01 1.058140242E-04 2.343000000E-01
5.317203400E+00 9.995016060E-01 1.040401140E-04 2.332000000E-01
5.343789500E+00 9.995064647E-01 1.022037281E-04 2.320000000E-01
5.370508400E+00 9.995108868E-01 1.004819076E-04 2.309000000E-01
5.397360900E+00 9.995149825E-01 9.868083560E-05 2.297000000E-01
5.424347700E+00 9.995193899E-01 9.698585181E-05 2.286000000E-01
5.451469500E+00 9.995242082E-01 9.523206707E-05 2.274000000E-01
5.478726800E+00 9.995285957E-01 9.359374466E-05 2.263000000E-01
5.506120500E+00 9.995329737E-01 9.197382896E-05 2.252000000E-01
5.533651100E+00 9.995373408E-01 9.037804698E-05 2.241000000E-01
5.561319300E+00 9.995421076E-01 8.872649662E-05 2.229000000E-01
5.589125900E+00 9.995464491E-01 8.718487462E-05 2.218000000E-01
5.617071600E+00 9.995507789E-01 8.566079419E-05 2.207000000E-01
5.645156900E+00 9.995550957E-01 8.415975397E-05 2.196000000E-01
5.673382700E+00 9.995593993E-01 8.268702884E-05 2.185000000E-01
5.701749600E+00 9.995636889E-01 8.123121588E-05 2.174000000E-01
5.730258400E+00 9.995675647E-01 7.987145057E-05 2.164000000E-01
5.758909600E+00 9.995718277E-01 7.845893415E-05 2.153000000E-01
5.787704200E+00 9.995760762E-01 7.707347914E-05 2.142000000E-01
5.816642700E+00 9.995799154E-01 7.577518926E-05 2.132000000E-01
5.845725900E+00 9.995841351E-01 7.442615106E-05 2.121000000E-01
5.874954600E+00 9.995883388E-01 7.309809061E-05 2.110000000E-01
5.904329300E+00 9.995921384E-01 7.185917587E-05 2.100000000E-01
5.933851000E+00 9.995963119E-01 7.057144104E-05 2.089000000E-01
5.963520200E+00 9.996000838E-01 6.936564199E-05 2.079000000E-01
5.993337800E+00 9.996038427E-01 6.818322095E-05 2.069000000E-01
6.023304500E+00 9.996079697E-01 6.695381331E-05 2.058000000E-01
6.053421000E+00 9.996117002E-01 6.580330200E-05 2.048000000E-01
6.083688200E+00 9.996154164E-01 6.467536339E-05 2.038000000E-01
6.114106600E+00 9.996191187E-01 6.356009545E-05 2.028000000E-01
6.144677100E+00 9.996228070E-01 6.246215445E-05 2.018000000E-01
6.175400500E+00 9.996264808E-01 6.138132988E-05 2.008000000E-01
6.206277500E+00 9.996301400E-01 6.031741260E-05 1.998000000E-01
6.237308900E+00 9.996337844E-01 5.927019488E-05 1.988000000E-01
6.268495400E+00 9.996374135E-01 5.823947038E-05 1.978000000E-01
6.299837900E+00 9.996410278E-01 5.722053885E-05 1.968000000E-01
6.331337100E+00 9.996446265E-01 5.622223289E-05 1.958000000E-01
6.362993800E+00 9.996474517E-01 5.528772036E-05 1.949000000E-01
6.394808800E+00 9.996510235E-01 5.430727202E-05 1.939000000E-01
6.426782800E+00 9.996545810E-01 5.334258349E-05 1.929000000E-01
6.458916700E+00 9.996577671E-01 5.244379512E-05 1.920000000E-01
6.491211300E+00 9.996612961E-01 5.150514505E-05 1.910000000E-01
6.523667400E+00 9.996644571E-01 5.063501338E-05 1.901000000E-01
6.556285700E+00 9.996679568E-01 4.972600788E-05 1.891000000E-01
6.589067100E+00 9.996710918E-01 4.888381433E-05 1.882000000E-01
6.622012500E+00 9.996745620E-01 4.799963863E-05 1.872000000E-01
6.655122500E+00 9.996776704E-01 4.718471342E-05 1.863000000E-01
6.688398100E+00 9.996807660E-01 4.637884082E-05 1.854000000E-01
6.721840100E+00 9.996841913E-01 4.553651988E-05 1.844000000E-01
6.755449300E+00 9.996872595E-01 4.475308935E-05 1.835000000E-01
6.789226600E+00 9.996903147E-01 4.398235251E-05 1.826000000E-01
6.823172700E+00 9.996933569E-01 4.322797807E-05 1.817000000E-01
6.857288600E+00 9.996963856E-01 4.247830811E-05 1.808000000E-01
6.891575000E+00 9.996994011E-01 4.174467744E-05 1.799000000E-01
6.926032900E+00 9.997024031E-01 4.101937539E-05 1.790000000E-01
6.960663100E+00 9.997053915E-01 4.030603672E-05 1.781000000E-01
6.995466400E+00 9.997083662E-01 3.960450328E-05 1.772000000E-01
7.030443700E+00 9.997109993E-01 3.895877646E-05 1.764000000E-01
7.065595900E+00 9.997139483E-01 3.827626149E-05 1.755000000E-01
7.100923900E+00 9.997168831E-01 3.760516452E-05 1.746000000E-01
7.136428500E+00 9.997198042E-01 3.694182935E-05 1.737000000E-01
7.172110700E+00 9.997223903E-01 3.633516098E-05 1.729000000E-01
7.207971200E+00 9.997252845E-01 3.569347702E-05 1.720000000E-01
7.244011100E+00 9.997278470E-01 3.510027450E-05 1.712000000E-01
7.280231100E+00 9.997307147E-01 3.447973642E-05 1.703000000E-01
7.316632300E+00 9.997332534E-01 3.390645700E-05 1.695000000E-01
7.353215500E+00 9.997360941E-01 3.329989640E-05 1.686000000E-01
7.389981500E+00 9.997386086E-01 3.274606376E-05 1.678000000E-01
7.426931400E+00 9.997412909E-01 3.215487041E-05 1.669000000E-01
7.464066100E+00 9.997437821E-01 3.161231344E-05 1.661000000E-01
7.501386400E+00 9.997462623E-01 3.107765415E-05 1.653000000E-01
7.538893400E+00 9.997487316E-01 3.055080469E-05 1.645000000E-01
7.576587800E+00 9.997514931E-01 2.999530852E-05 1.636000000E-01
7.614470800E+00 9.997539384E-01 2.948426206E-05 1.628000000E-01
7.652543100E+00 9.997563721E-01 2.898106487E-05 1.620000000E-01
7.690805800E+00 9.997587944E-01 2.848532067E-05 1.612000000E-01
7.729259900E+00 9.997612052E-01 2.799664577E-05 1.604000000E-01
7.767906200E+00 9.997636046E-01 2.751555583E-05 1.596000000E-01
7.806745700E+00 9.997659926E-01 2.704137253E-05 1.588000000E-01
7.845779400E+00 9.997683687E-01 2.657460073E-05 1.580000000E-01
7.885008300E+00 9.997707334E-01 2.611457500E-05 1.572000000E-01
7.924433400E+00 9.997727959E-01 2.569404703E-05 1.565000000E-01
7.964055500E+00 9.997751387E-01 2.524745004E-05 1.557000000E-01
8.003875800E+00 9.997774254E-01 2.480709365E-05 1.549000000E-01
8.043895200E+00 9.997797447E-01 2.437236297E-05 1.541000000E-01
8.084114700E+00 9.997817679E-01 2.397555155E-05 1.534000000E-01
8.124535200E+00 9.997840652E-01 2.355342271E-05 1.526000000E-01
8.165157900E+00 9.997863509E-01 2.313754752E-05 1.518000000E-01
8.205983700E+00 9.997883446E-01 2.275823339E-05 1.511000000E-01
8.247013600E+00 9.997906080E-01 2.235453623E-05 1.503000000E-01
8.288248700E+00 9.997925822E-01 2.198548487E-05 1.496000000E-01
8.329689900E+00 9.997948231E-01 2.159189896E-05 1.488000000E-01
8.371338400E+00 9.997967778E-01 2.123317208E-05 1.481000000E-01
8.413195100E+00 9.997987231E-01 2.087935300E-05 1.474000000E-01
8.455261000E+00 9.998009309E-01 2.050291094E-05 1.466000000E-01
8.497537300E+00 9.998028566E-01 2.015983261E-05 1.459000000E-01
8.540025000E+00 9.998047726E-01 1.982198606E-05 1.452000000E-01
9.030794000E+00 9.998253389E-01 1.628073514E-05 1.373000000E-01
9.653919000E+00 9.998478420E-01 1.273307702E-05 1.284000000E-01
1.032004000E+01 9.998675909E-01 9.978918183E-06 1.201000000E-01
1.103212000E+01 9.998848491E-01 7.842230631E-06 1.124000000E-01
1.179334000E+01 9.999003407E-01 6.144721547E-06 1.051000000E-01
1.260708000E+01 9.999143016E-01 4.820483451E-06 9.834000000E-02
1.315023000E+01 9.999234321E-01 4.136226741E-06 9.428000000E-02
1.335151000E+01 9.999283865E-01 3.915087472E-06 9.286000000E-02
1.340518000E+01 9.999320587E-01 3.858830474E-06 9.249000000E-02
1.347697000E+01 9.999299904E-01 9.795490665E-06 9.200000000E-02
1.348569000E+01 9.999298096E-01 9.771925925E-06 9.194000000E-02
1.368697000E+01 9.999292336E-01 9.251124980E-06 9.059000000E-02
1.440688000E+01 9.999341587E-01 7.642171828E-06 8.606000000E-02
1.540095000E+01 9.999424944E-01 5.954699833E-06 8.050000000E-02
1.563254000E+01 9.999450638E-01 5.631818276E-06 7.931000000E-02
1.569539000E+01 9.999466350E-01 5.547646927E-06 7.899000000E-02
1.578966000E+01 9.999461258E-01 7.638989871E-06 7.852000000E-02
1.602532000E+01 9.999467383E-01 7.234833331E-06 7.737000000E-02
1.605975000E+01 9.999469128E-01 7.177480683E-06 7.720000000E-02
1.630556000E+01 9.999484637E-01 6.786903782E-06 7.604000000E-02
1.637111000E+01 9.999493164E-01 6.685749281E-06 7.573000000E-02
1.646362000E+01 9.999492495E-01 7.586055460E-06 7.531000000E-02
1.646944000E+01 9.999492577E-01 7.576066248E-06 7.528000000E-02
1.671525000E+01 9.999500114E-01 7.188923229E-06 7.417000000E-02
1.759961000E+01 9.999538987E-01 5.988743801E-06 7.045000000E-02
1.881398000E+01 9.999590610E-01 4.714329628E-06 6.590000000E-02
2.011215000E+01 9.999638464E-01 3.711551503E-06 6.165000000E-02
2.149988000E+01 9.999681740E-01 2.920340732E-06 5.767000000E-02
2.298338000E+01 9.999720357E-01 2.297607884E-06 5.395000000E-02
2.456923000E+01 9.999754704E-01 1.807906387E-06 5.046000000E-02
2.626450000E+01 9.999784881E-01 1.424333459E-06 4.721000000E-02
2.807676000E+01 9.999811382E-01 1.113535889E-06 4.416000000E-02
3.001405000E+01 9.999834870E-01 8.690700520E-07 4.131000000E-02
3.208502000E+01 9.999855470E-01 6.783911754E-07 3.864000000E-02
3.429889000E+01 9.999873505E-01 5.284327830E-07 3.615000000E-02
3.666551000E+01 9.999889427E-01 4.113007524E-07 3.381000000E-02
3.919543000E+01 9.999903313E-01 3.205600049E-07 3.163000000E-02
4.189992000E+01 9.999915468E-01 2.500160060E-07 2.959000000E-02
4.479101000E+01 9.999926111E-01 1.951174258E-07 2.768000000E-02
4.788159000E+01 9.999935434E-01 1.523529239E-07 2.589000000E-02
5.118542000E+01 9.999943564E-01 1.190954624E-07 2.422000000E-02
5.471721000E+01 9.999950663E-01 9.318052762E-08 2.266000000E-02
5.849270000E+01 9.999956874E-01 7.293709943E-08 2.120000000E-02
6.252870000E+01 9.999962323E-01 5.698705680E-08 1.983000000E-02
6.684318000E+01 9.999967085E-01 4.457173001E-08 1.855000000E-02
7.145536000E+01 9.999971262E-01 3.482058195E-08 1.735000000E-02
7.638578000E+01 9.999974916E-01 2.713699795E-08 1.623000000E-02
8.165640000E+01 9.999978140E-01 2.109873669E-08 1.518000000E-02
8.729069000E+01 9.999981035E-01 1.632008840E-08 1.420000000E-02
8.871538000E+01 9.999981712E-01 1.535374222E-08 1.398000000E-02
9.007327000E+01 9.999982511E-01 1.446445965E-08 1.376000000E-02
9.043538000E+01 9.999982908E-01 1.425393982E-08 1.371000000E-02
9.097853000E+01 9.999982829E-01 6.650307289E-08 1.363000000E-02
9.233642000E+01 9.999983092E-01 6.310031967E-08 1.343000000E-02
9.331374000E+01 9.999983369E-01 6.078709960E-08 1.329000000E-02
9.975239000E+01 9.999985272E-01 4.788792786E-08 1.243000000E-02
1.066353000E+02 9.999987038E-01 3.770227640E-08 1.163000000E-02
1.139931000E+02 9.999988620E-01 2.963571465E-08 1.088000000E-02
1.218587000E+02 9.999990037E-01 2.324819833E-08 1.017000000E-02
1.302669000E+02 9.999991261E-01 1.827147763E-08 9.518000000E-03
1.392553000E+02 9.999992347E-01 1.432322895E-08 8.903000000E-03
1.488640000E+02 9.999993298E-01 1.123065617E-08 8.329000000E-03
1.591356000E+02 9.999994134E-01 8.802988566E-09 7.791000000E-03
1.701159000E+02 9.999994866E-01 6.901576312E-09 7.288000000E-03
1.818539000E+02 9.999995506E-01 5.411558971E-09 6.818000000E-03
1.944018000E+02 9.999996067E-01 4.242894609E-09 6.378000000E-03
2.078156000E+02 9.999996559E-01 3.325598740E-09 5.966000000E-03
2.221548000E+02 9.999996989E-01 2.607277349E-09 5.581000000E-03
2.374835000E+02 9.999997365E-01 2.044411744E-09 5.221000000E-03
2.538699000E+02 9.999997695E-01 1.603097159E-09 4.884000000E-03
2.713869000E+02 9.999997983E-01 1.257308423E-09 4.569000000E-03
2.901126000E+02 9.999998235E-01 9.860618760E-10 4.274000000E-03
3.101304000E+02 9.999998456E-01 7.733813421E-10 3.998000000E-03
3.315294000E+02 9.999998649E-01 6.066834520E-10 3.740000000E-03
3.544049000E+02 9.999998819E-01 4.757927424E-10 3.498000000E-03
3.788588000E+02 9.999998966E-01 3.734702684E-10 3.273000000E-03
4.050001000E+02 9.999999096E-01 2.928996542E-10 3.061000000E-03
4.329451000E+02 0.000000000E+00 0.000000000E+00 2.864000000E-03
