# 11/08/2021 
# Data retrieved from www.chemicool.com/densities.html 
# Includes the real (n) and complex (k) part of the  refractive index. 
# Element, Ca  (Z = 20) 
# Nominal density, g cm-3 =  1.55 
#    E [keV]      n       k    Wavelength [nm] 
1.069000000E-02 -1.811144659E+00 5.262094456E-05 1.160000000E+02
1.142761000E-02 1.747677622E-01 0.000000000E+00 1.085000000E+02
1.221612000E-02 2.823898842E-01 0.000000000E+00 1.015000000E+02
1.305903000E-02 3.770084415E-01 0.000000000E+00 9.494000000E+01
1.396010000E-02 4.600779870E-01 0.000000000E+00 8.881000000E+01
1.492335000E-02 5.331906250E-01 0.000000000E+00 8.308000000E+01
1.595306000E-02 5.978053922E-01 0.000000000E+00 7.772000000E+01
1.705382000E-02 6.552927950E-01 0.000000000E+00 7.270000000E+01
1.823053000E-02 7.068440869E-01 0.000000000E+00 6.801000000E+01
1.948844000E-02 7.540258240E-01 0.000000000E+00 6.362000000E+01
2.083314000E-02 7.989090466E-01 0.000000000E+00 5.951000000E+01
2.227063000E-02 8.455584535E-01 0.000000000E+00 5.567000000E+01
2.380730000E-02 9.081644407E-01 0.000000000E+00 5.208000000E+01
2.489200000E-02 1.009708983E+00 0.000000000E+00 4.981000000E+01
2.527300000E-02 1.155997268E+00 0.000000000E+00 4.906000000E+01
2.537460000E-02 1.352739049E+00 0.000000000E+00 4.886000000E+01
2.545001000E-02 1.240497505E+00 4.117548434E-01 4.872000000E+01
2.552700000E-02 1.103179074E+00 3.949813140E-01 4.857000000E+01
2.590800000E-02 8.970384609E-01 3.222938702E-01 4.786000000E+01
2.720606000E-02 7.778027460E-01 1.645814004E-01 4.557000000E+01
2.908327000E-02 7.975286887E-01 6.802888760E-02 4.263000000E+01
3.109002000E-02 8.340639024E-01 3.309239928E-02 3.988000000E+01
3.323523000E-02 8.634048906E-01 1.872721438E-02 3.731000000E+01
3.552846000E-02 8.862040377E-01 1.201344777E-02 3.490000000E+01
3.797993000E-02 9.043396821E-01 8.543547917E-03 3.264000000E+01
4.060054000E-02 9.191215450E-01 6.614573831E-03 3.054000000E+01
4.282600000E-02 9.295804419E-01 5.658464377E-03 2.895000000E+01
4.340198000E-02 9.324011751E-01 5.475169934E-03 2.857000000E+01
4.348150000E-02 9.329159854E-01 5.448291876E-03 2.851000000E+01
4.365630000E-02 9.344816639E-01 5.398495970E-03 2.840000000E+01
4.391850000E-02 9.344946426E-01 7.156917616E-03 2.823000000E+01
4.457400000E-02 9.359505930E-01 6.989423028E-03 2.782000000E+01
4.639671000E-02 9.410870638E-01 6.605871370E-03 2.672000000E+01
4.959809000E-02 9.489670958E-01 6.165072924E-03 2.500000000E+01
5.302035000E-02 9.557879157E-01 5.848210650E-03 2.338000000E+01
5.667876000E-02 9.616000911E-01 5.603280808E-03 2.187000000E+01
6.058959000E-02 9.665622538E-01 5.394644688E-03 2.046000000E+01
6.477028000E-02 9.708129646E-01 5.198933511E-03 1.914000000E+01
6.923942000E-02 9.744413282E-01 5.005512960E-03 1.791000000E+01
7.401695000E-02 9.775795447E-01 4.796291016E-03 1.675000000E+01
7.912411000E-02 9.802494347E-01 4.573716310E-03 1.567000000E+01
8.458368000E-02 9.825612077E-01 4.331986192E-03 1.466000000E+01
9.041995000E-02 9.845706792E-01 4.067322382E-03 1.371000000E+01
9.665893000E-02 9.862958114E-01 3.789754975E-03 1.283000000E+01
1.033284000E-01 9.878144256E-01 3.493814373E-03 1.200000000E+01
1.104581000E-01 9.891544071E-01 3.182845543E-03 1.122000000E+01
1.180797000E-01 9.903235706E-01 2.871061777E-03 1.050000000E+01
1.262272000E-01 9.913763698E-01 2.558707801E-03 9.822000000E+00
1.349368000E-01 9.923237255E-01 2.256327353E-03 9.188000000E+00
1.442475000E-01 9.931789329E-01 1.969923667E-03 8.595000000E+00
1.542005000E-01 9.939549672E-01 1.704219284E-03 8.040000000E+00
1.648404000E-01 9.946598980E-01 1.462170797E-03 7.521000000E+00
1.762144000E-01 9.953004380E-01 1.245441017E-03 7.036000000E+00
1.883732000E-01 9.958838050E-01 1.053746439E-03 6.582000000E+00
2.013709000E-01 9.964154410E-01 8.863042367E-04 6.157000000E+00
2.152655000E-01 9.968996912E-01 7.418701275E-04 5.760000000E+00
2.301188000E-01 9.973436037E-01 6.181805235E-04 5.388000000E+00
2.459970000E-01 9.977529229E-01 5.132590644E-04 5.040000000E+00
2.629708000E-01 9.981355831E-01 4.249570477E-04 4.715000000E+00
2.811158000E-01 9.985054897E-01 3.508338457E-04 4.410000000E+00
3.005128000E-01 9.988854156E-01 2.892495786E-04 4.126000000E+00
3.212482000E-01 9.993467105E-01 2.379218089E-04 3.859000000E+00
3.394720000E-01 1.000083834E+00 2.023273526E-04 3.652000000E+00
3.430000000E-01 1.000440989E+00 1.963101291E-04 3.615000000E+00
3.434143000E-01 1.000503561E+00 1.955496698E-04 3.610000000E+00
3.446680000E-01 1.000759204E+00 1.934681088E-04 3.597000000E+00
3.460536000E-01 1.001464223E+00 1.912409399E-04 3.583000000E+00
3.482500000E-01 1.000906012E+00 1.456127829E-03 3.560000000E+00
3.496500000E-01 1.000981357E+00 1.437999514E-03 3.546000000E+00
3.517500000E-01 1.000436239E+00 2.028023035E-03 3.525000000E+00
3.533280000E-01 1.000194320E+00 1.999237014E-03 3.509000000E+00
3.570000000E-01 9.998640025E-01 1.934866703E-03 3.473000000E+00
3.671099000E-01 9.994286319E-01 1.770773731E-03 3.377000000E+00
3.924405000E-01 9.990632197E-01 1.433102273E-03 3.159000000E+00
4.195189000E-01 9.989914661E-01 1.156761388E-03 2.955000000E+00
4.290440000E-01 9.990101875E-01 1.075985579E-03 2.890000000E+00
4.356110000E-01 9.990639891E-01 1.023843933E-03 2.846000000E+00
4.373622000E-01 9.991294708E-01 1.010823905E-03 2.835000000E+00
4.399890000E-01 9.990614140E-01 1.119919746E-03 2.818000000E+00
4.465560000E-01 9.990057707E-01 1.068514141E-03 2.776000000E+00
4.484657000E-01 9.989981348E-01 1.054872352E-03 2.765000000E+00
4.794098000E-01 9.989857211E-01 8.534921418E-04 2.586000000E+00
5.124891000E-01 9.990336546E-01 6.885092095E-04 2.419000000E+00
5.478508000E-01 9.991024898E-01 5.540001791E-04 2.263000000E+00
5.856525000E-01 9.991794956E-01 4.447051330E-04 2.117000000E+00
6.260625000E-01 9.992582889E-01 3.560342703E-04 1.980000000E+00
6.692609000E-01 9.993339641E-01 2.848527071E-04 1.853000000E+00
7.154399000E-01 9.994062117E-01 2.272387481E-04 1.733000000E+00
7.648052000E-01 9.994728110E-01 1.809516358E-04 1.621000000E+00
8.175768000E-01 9.995338671E-01 1.437262992E-04 1.516000000E+00
8.739896000E-01 9.995883954E-01 1.141761657E-04 1.419000000E+00
9.342948000E-01 9.996380584E-01 9.043021086E-05 1.327000000E+00
9.987612000E-01 9.996822853E-01 7.156056181E-05 1.241000000E+00
1.067676000E+00 9.997212263E-01 5.637928430E-05 1.161000000E+00
1.141345000E+00 9.997559299E-01 4.435610575E-05 1.086000000E+00
1.220098000E+00 9.997864973E-01 3.488367391E-05 1.016000000E+00
1.304285000E+00 9.998133605E-01 2.743013464E-05 9.506000000E-01
1.394281000E+00 9.998370028E-01 2.155078182E-05 8.892000000E-01
1.490486000E+00 9.998577438E-01 1.683260896E-05 8.318000000E-01
1.593329000E+00 9.998759291E-01 1.316044580E-05 7.781000000E-01
1.703269000E+00 9.998918186E-01 1.030346466E-05 7.279000000E-01
1.820795000E+00 9.999057055E-01 8.051696312E-06 6.809000000E-01
1.946430000E+00 9.999178252E-01 6.286583414E-06 6.370000000E-01
2.080733000E+00 9.999284165E-01 4.912533834E-06 5.959000000E-01
2.224304000E+00 9.999376725E-01 3.841985932E-06 5.574000000E-01
2.377781000E+00 9.999457479E-01 3.007362934E-06 5.214000000E-01
2.541848000E+00 9.999527840E-01 2.357196001E-06 4.878000000E-01
2.717235000E+00 9.999589461E-01 1.848813487E-06 4.563000000E-01
2.904724000E+00 9.999643444E-01 1.451235384E-06 4.268000000E-01
3.105150000E+00 9.999690638E-01 1.129157052E-06 3.993000000E-01
3.319406000E+00 9.999732626E-01 8.706583069E-07 3.735000000E-01
3.548445000E+00 9.999770376E-01 6.721054222E-07 3.494000000E-01
3.793288000E+00 9.999806239E-01 5.194730734E-07 3.269000000E-01
3.957338000E+00 9.999833564E-01 4.411218637E-07 3.133000000E-01
4.017909000E+00 9.999853555E-01 4.161390178E-07 3.086000000E-01
4.034062000E+00 9.999872773E-01 4.095925428E-07 3.073000000E-01
4.055024000E+00 9.999857913E-01 3.919389954E-06 3.058000000E-01
4.058290000E+00 9.999856145E-01 3.905952119E-06 3.055000000E-01
4.118862000E+00 9.999844424E-01 3.690379343E-06 3.010000000E-01
4.334821000E+00 9.999845712E-01 3.044924879E-06 2.860000000E-01
4.633924000E+00 9.999858647E-01 2.392802507E-06 2.676000000E-01
4.953664000E+00 9.999873212E-01 1.885916658E-06 2.503000000E-01
5.295467000E+00 9.999887245E-01 1.486671591E-06 2.341000000E-01
5.660855000E+00 9.999900197E-01 1.165361782E-06 2.190000000E-01
6.051453000E+00 9.999911951E-01 9.126944760E-07 2.049000000E-01
6.469004000E+00 9.999922512E-01 7.141356620E-07 1.917000000E-01
6.915365000E+00 9.999931958E-01 5.579482036E-07 1.793000000E-01
7.392525000E+00 9.999940327E-01 4.358319284E-07 1.677000000E-01
7.902609000E+00 9.999947677E-01 3.406715043E-07 1.569000000E-01
8.447890000E+00 9.999954061E-01 2.655403428E-07 1.468000000E-01
9.030794000E+00 9.999959786E-01 2.061750246E-07 1.373000000E-01
9.653919000E+00 9.999964835E-01 1.591709899E-07 1.284000000E-01
1.032004000E+01 9.999969249E-01 1.229431349E-07 1.201000000E-01
1.103212000E+01 9.999973086E-01 9.507523354E-08 1.124000000E-01
1.179334000E+01 9.999976489E-01 7.339705109E-08 1.051000000E-01
1.260708000E+01 9.999979436E-01 5.674173078E-08 9.834000000E-02
1.347697000E+01 9.999982020E-01 4.385387048E-08 9.200000000E-02
1.440688000E+01 9.999984283E-01 3.388855236E-08 8.606000000E-02
1.540095000E+01 9.999986263E-01 2.618634353E-08 8.050000000E-02
1.646362000E+01 9.999987989E-01 2.024157887E-08 7.531000000E-02
1.759961000E+01 9.999989499E-01 1.563611844E-08 7.045000000E-02
1.881398000E+01 9.999990820E-01 1.200147604E-08 6.590000000E-02
2.011215000E+01 9.999991973E-01 9.213601221E-09 6.165000000E-02
2.149988000E+01 9.999992982E-01 7.072340572E-09 5.767000000E-02
2.298338000E+01 9.999993863E-01 5.429641725E-09 5.395000000E-02
2.456923000E+01 9.999994636E-01 4.166917252E-09 5.046000000E-02
2.626450000E+01 9.999995308E-01 3.199775922E-09 4.721000000E-02
2.807676000E+01 9.999995897E-01 2.441401594E-09 4.416000000E-02
3.001405000E+01 9.999996412E-01 1.859272973E-09 4.131000000E-02
3.208502000E+01 9.999996863E-01 1.415668819E-09 3.864000000E-02
3.429889000E+01 9.999997255E-01 1.078395338E-09 3.615000000E-02
3.666551000E+01 9.999997600E-01 8.209808567E-10 3.381000000E-02
3.919543000E+01 9.999997901E-01 6.253747367E-10 3.163000000E-02
4.189992000E+01 9.999998164E-01 4.763590644E-10 2.959000000E-02
4.479101000E+01 9.999998394E-01 3.628204616E-10 2.768000000E-02
4.788159000E+01 9.999998595E-01 2.762733594E-10 2.589000000E-02
5.118542000E+01 9.999998771E-01 2.104536938E-10 2.422000000E-02
5.471721000E+01 9.999998925E-01 1.603445649E-10 2.266000000E-02
5.849270000E+01 9.999999059E-01 1.221666298E-10 2.120000000E-02
6.252870000E+01 9.999999177E-01 9.304177229E-11 1.983000000E-02
6.684318000E+01 9.999999280E-01 7.087279101E-11 1.855000000E-02
7.145536000E+01 9.999999370E-01 5.396964818E-11 1.735000000E-02
7.638578000E+01 9.999999449E-01 4.111048427E-11 1.623000000E-02
8.165640000E+01 9.999999518E-01 3.127470533E-11 1.518000000E-02
8.729069000E+01 9.999999578E-01 2.374441861E-11 1.420000000E-02
9.331374000E+01 9.999999631E-01 1.804651392E-11 1.329000000E-02
9.975239000E+01 9.999999677E-01 1.369743030E-11 1.243000000E-02
1.066353000E+02 9.999999717E-01 1.040421976E-11 1.163000000E-02
1.139931000E+02 9.999999753E-01 7.900698153E-12 1.088000000E-02
1.218587000E+02 9.999999784E-01 5.989783355E-12 1.017000000E-02
1.302669000E+02 9.999999811E-01 4.552233722E-12 9.518000000E-03
1.392553000E+02 9.999999834E-01 3.455999170E-12 8.903000000E-03
1.488640000E+02 9.999999855E-01 2.624611161E-12 8.329000000E-03
1.591356000E+02 9.999999873E-01 1.992680224E-12 7.791000000E-03
1.701159000E+02 9.999999889E-01 1.513061084E-12 7.288000000E-03
1.818539000E+02 9.999999903E-01 1.149019300E-12 6.818000000E-03
1.944018000E+02 9.999999915E-01 8.725102909E-13 6.378000000E-03
2.078156000E+02 9.999999926E-01 6.624554035E-13 5.966000000E-03
2.221548000E+02 9.999999935E-01 5.030656011E-13 5.581000000E-03
2.374835000E+02 9.999999943E-01 3.820339818E-13 5.221000000E-03
2.538699000E+02 9.999999950E-01 2.900835015E-13 4.884000000E-03
2.713869000E+02 9.999999956E-01 2.203141923E-13 4.569000000E-03
2.901126000E+02 9.999999962E-01 1.672829317E-13 4.274000000E-03
3.101304000E+02 9.999999967E-01 1.270206472E-13 3.998000000E-03
3.315294000E+02 9.999999971E-01 9.645809968E-14 3.740000000E-03
3.544049000E+02 9.999999974E-01 7.322180230E-14 3.498000000E-03
3.788588000E+02 9.999999978E-01 5.562931937E-14 3.273000000E-03
4.050001000E+02 9.999999980E-01 4.222346669E-14 3.061000000E-03
4.329451000E+02 0.000000000E+00 0.000000000E+00 2.864000000E-03
