# 11/08/2021 
# Data retrieved from www.chemicool.com/densities.html 
# Includes the real (n) and complex (k) part of the  refractive index. 
# Element, Co  (Z = 27) 
# Nominal density, g cm-3 =  8.9 
#    E [keV]      n       k    Wavelength [nm] 
1.069000000E-02 -1.382114382E+01 8.215643501E-04 1.160000000E+02
1.142761000E-02 -9.587499812E-01 8.057682165E-01 1.085000000E+02
1.221612000E-02 -7.171571008E-01 7.612078210E-01 1.015000000E+02
1.305903000E-02 -5.069969402E-01 7.191914708E-01 9.494000000E+01
1.396010000E-02 -3.247966737E-01 6.795676832E-01 8.881000000E+01
1.492335000E-02 -1.668378625E-01 6.419463531E-01 8.308000000E+01
1.595306000E-02 -2.983197645E-02 6.060110510E-01 7.772000000E+01
1.705382000E-02 8.915001394E-02 5.714720386E-01 7.270000000E+01
1.823053000E-02 1.922209695E-01 5.383583643E-01 6.801000000E+01
1.948844000E-02 2.817489135E-01 5.064128531E-01 6.362000000E+01
2.083314000E-02 3.595967095E-01 4.755530047E-01 5.951000000E+01
2.227063000E-02 4.272140889E-01 4.458922994E-01 5.567000000E+01
2.380730000E-02 4.860849439E-01 4.173313341E-01 5.208000000E+01
2.545001000E-02 5.375155186E-01 3.898395234E-01 4.872000000E+01
2.720606000E-02 5.826471275E-01 3.633184256E-01 4.557000000E+01
2.908327000E-02 6.221273796E-01 3.380312862E-01 4.263000000E+01
3.109002000E-02 6.568603719E-01 3.138729315E-01 3.988000000E+01
3.323523000E-02 6.874660160E-01 2.909099221E-01 3.731000000E+01
3.552846000E-02 7.146426712E-01 2.690234600E-01 3.490000000E+01
3.797993000E-02 7.388385710E-01 2.482415858E-01 3.264000000E+01
4.060054000E-02 7.601265678E-01 2.288722556E-01 3.054000000E+01
4.340198000E-02 7.777826864E-01 2.098925675E-01 2.857000000E+01
4.639671000E-02 7.943151467E-01 1.914208234E-01 2.672000000E+01
4.959809000E-02 8.097898268E-01 1.742337536E-01 2.500000000E+01
5.302035000E-02 8.247635337E-01 1.580165768E-01 2.338000000E+01
5.667876000E-02 8.414990612E-01 1.392244962E-01 2.187000000E+01
5.831000000E-02 8.533924070E-01 1.307901418E-01 2.126000000E+01
5.920250000E-02 8.689948205E-01 1.264389893E-01 2.094000000E+01
5.944050000E-02 8.861171645E-01 1.253522652E-01 2.086000000E+01
5.979750000E-02 8.684799888E-01 1.564212857E-01 2.073000000E+01
6.058959000E-02 8.554637830E-01 1.503720577E-01 2.046000000E+01
6.069000000E-02 8.546493242E-01 1.496845547E-01 2.043000000E+01
6.477028000E-02 8.506727446E-01 1.234515707E-01 1.914000000E+01
6.923942000E-02 8.600065333E-01 1.022815818E-01 1.791000000E+01
7.401695000E-02 8.718649335E-01 8.559922754E-02 1.675000000E+01
7.912411000E-02 8.838026600E-01 7.208225240E-02 1.567000000E+01
8.458368000E-02 8.953113388E-01 6.087012834E-02 1.466000000E+01
9.041995000E-02 9.063077192E-01 5.144270255E-02 1.371000000E+01
9.665893000E-02 9.167797226E-01 4.357904092E-02 1.283000000E+01
9.868600000E-02 9.203098578E-01 4.134333511E-02 1.256000000E+01
1.001965000E-01 9.235270995E-01 3.980924758E-02 1.237000000E+01
1.005993000E-01 9.254311521E-01 3.941192892E-02 1.232000000E+01
1.012035000E-01 9.247832659E-01 4.152565025E-02 1.225000000E+01
1.027140000E-01 9.255049993E-01 4.008727833E-02 1.207000000E+01
1.033284000E-01 9.260165024E-01 3.953496455E-02 1.200000000E+01
1.104581000E-01 9.330912454E-01 3.373935542E-02 1.122000000E+01
1.180797000E-01 9.399365065E-01 2.889336126E-02 1.050000000E+01
1.262272000E-01 9.462934632E-01 2.475754560E-02 9.822000000E+00
1.349368000E-01 9.520585976E-01 2.124481322E-02 9.188000000E+00
1.442475000E-01 9.572502562E-01 1.825352231E-02 8.595000000E+00
1.542005000E-01 9.619084538E-01 1.569702227E-02 8.040000000E+00
1.648404000E-01 9.660724907E-01 1.350538715E-02 7.521000000E+00
1.762144000E-01 9.697859488E-01 1.162002784E-02 7.036000000E+00
1.883732000E-01 9.730919090E-01 9.989304293E-03 6.582000000E+00
2.013709000E-01 9.760552459E-01 8.574559844E-03 6.157000000E+00
2.152655000E-01 9.786970154E-01 7.346519371E-03 5.760000000E+00
2.301188000E-01 9.810622320E-01 6.276790081E-03 5.388000000E+00
2.459970000E-01 9.831769385E-01 5.345869379E-03 5.040000000E+00
2.629708000E-01 9.850667996E-01 4.535291118E-03 4.715000000E+00
2.811158000E-01 9.867677993E-01 3.829096344E-03 4.410000000E+00
3.005128000E-01 9.882865945E-01 3.220907034E-03 4.126000000E+00
3.212482000E-01 9.896571943E-01 2.696174230E-03 3.859000000E+00
3.434143000E-01 9.908819388E-01 2.248844639E-03 3.610000000E+00
3.671099000E-01 9.919796158E-01 1.868748365E-03 3.377000000E+00
3.924405000E-01 9.929623597E-01 1.547629603E-03 3.159000000E+00
4.195189000E-01 9.938415643E-01 1.277660554E-03 2.955000000E+00
4.484657000E-01 9.946241736E-01 1.052501207E-03 2.765000000E+00
4.794098000E-01 9.953288590E-01 8.640673887E-04 2.586000000E+00
5.124891000E-01 9.959582758E-01 7.080732493E-04 2.419000000E+00
5.478508000E-01 9.965235069E-01 5.792936640E-04 2.263000000E+00
5.856525000E-01 9.970361287E-01 4.731577153E-04 2.117000000E+00
6.260625000E-01 9.975100007E-01 3.857718391E-04 1.980000000E+00
6.692609000E-01 9.979612756E-01 3.145666993E-04 1.853000000E+00
7.154399000E-01 9.984425693E-01 2.559356290E-04 1.733000000E+00
7.630280000E-01 9.991751612E-01 2.096926435E-04 1.625000000E+00
7.648052000E-01 9.992260112E-01 2.081256994E-04 1.621000000E+00
7.747070000E-01 9.997063407E-01 1.999175122E-04 1.600000000E+00
7.777280000E-01 1.000218632E+00 1.975711294E-04 1.594000000E+00
7.778214000E-01 1.000218632E+00 1.975711294E-04 1.594000000E+00
7.824930000E-01 9.997657460E-01 1.208526829E-03 1.584000000E+00
7.896320000E-01 9.995774973E-01 1.170669546E-03 1.570000000E+00
7.928064000E-01 9.997436712E-01 1.154555306E-03 1.564000000E+00
7.941720000E-01 9.997621073E-01 1.638130645E-03 1.561000000E+00
7.975680000E-01 9.993919913E-01 1.614712999E-03 1.555000000E+00
8.094720000E-01 9.990302691E-01 1.531209426E-03 1.532000000E+00
8.175768000E-01 9.989094975E-01 1.476145099E-03 1.516000000E+00
8.739896000E-01 9.986386510E-01 1.165002749E-03 1.419000000E+00
9.070880000E-01 9.986551944E-01 1.021426345E-03 1.367000000E+00
9.209720000E-01 9.987125632E-01 9.678203870E-04 1.346000000E+00
9.246744000E-01 9.987775543E-01 9.548488774E-04 1.341000000E+00
9.302280000E-01 9.987133441E-01 1.061118432E-03 1.333000000E+00
9.342948000E-01 9.986899365E-01 1.045482365E-03 1.327000000E+00
9.441120000E-01 9.986658415E-01 1.009545672E-03 1.313000000E+00
9.987612000E-01 9.986712031E-01 8.379772177E-04 1.241000000E+00
1.067676000E+00 9.987473243E-01 6.697548289E-04 1.161000000E+00
1.141345000E+00 9.988484469E-01 5.344012142E-04 1.086000000E+00
1.220098000E+00 9.989558073E-01 4.259210020E-04 1.016000000E+00
1.304285000E+00 9.990611160E-01 3.393784926E-04 9.506000000E-01
1.394281000E+00 9.991615703E-01 2.681632149E-04 8.892000000E-01
1.490486000E+00 9.992560184E-01 2.113518626E-04 8.318000000E-01
1.593329000E+00 9.993425606E-01 1.664792798E-04 7.781000000E-01
1.703269000E+00 9.994208644E-01 1.309674027E-04 7.279000000E-01
1.820795000E+00 9.994911264E-01 1.030235679E-04 6.809000000E-01
1.946430000E+00 9.995535596E-01 8.106114436E-05 6.370000000E-01
2.080733000E+00 9.996088951E-01 6.377608635E-05 5.959000000E-01
2.224304000E+00 9.996577769E-01 5.018741574E-05 5.574000000E-01
2.377781000E+00 9.997007222E-01 3.951405825E-05 5.214000000E-01
2.541848000E+00 9.997383387E-01 3.113707734E-05 4.878000000E-01
2.717235000E+00 9.997713803E-01 2.454407258E-05 4.563000000E-01
2.904724000E+00 9.998003064E-01 1.935780226E-05 4.268000000E-01
3.105150000E+00 9.998254680E-01 1.519292727E-05 3.993000000E-01
3.319406000E+00 9.998476519E-01 1.178631390E-05 3.735000000E-01
3.548445000E+00 9.998670724E-01 9.147191610E-06 3.494000000E-01
3.793288000E+00 9.998840231E-01 7.097364060E-06 3.269000000E-01
4.055024000E+00 9.998988819E-01 5.493646897E-06 3.058000000E-01
4.334821000E+00 9.999119037E-01 4.254114070E-06 2.860000000E-01
4.633924000E+00 9.999232052E-01 3.300528450E-06 2.676000000E-01
4.953664000E+00 9.999331266E-01 2.561251634E-06 2.503000000E-01
5.295467000E+00 9.999418067E-01 1.989326801E-06 2.341000000E-01
5.660855000E+00 9.999493777E-01 1.547245033E-06 2.190000000E-01
6.051453000E+00 9.999560126E-01 1.204876590E-06 2.049000000E-01
6.469004000E+00 9.999618770E-01 9.390853209E-07 1.917000000E-01
6.915365000E+00 9.999671605E-01 7.322022011E-07 1.793000000E-01
7.392525000E+00 9.999722423E-01 5.714362628E-07 1.677000000E-01
7.554722000E+00 9.999741968E-01 5.273290381E-07 1.641000000E-01
7.670355000E+00 9.999765116E-01 4.983571927E-07 1.616000000E-01
7.701191000E+00 9.999785250E-01 4.913118550E-07 1.610000000E-01
7.747444000E+00 9.999769343E-01 4.063193437E-06 1.600000000E-01
7.863078000E+00 9.999759615E-01 3.833505419E-06 1.577000000E-01
7.902609000E+00 9.999759335E-01 3.757357245E-06 1.569000000E-01
8.447890000E+00 9.999775640E-01 2.932668960E-06 1.468000000E-01
9.030794000E+00 9.999798632E-01 2.318024353E-06 1.373000000E-01
9.653919000E+00 9.999821157E-01 1.817509864E-06 1.284000000E-01
1.032004000E+01 9.999841951E-01 1.420751049E-06 1.201000000E-01
1.103212000E+01 9.999860643E-01 1.110021274E-06 1.124000000E-01
1.179334000E+01 9.999877604E-01 8.657674247E-07 1.051000000E-01
1.260708000E+01 9.999892511E-01 6.762864971E-07 9.834000000E-02
1.347697000E+01 9.999905727E-01 5.281327875E-07 9.200000000E-02
1.440688000E+01 9.999917394E-01 4.124124639E-07 8.606000000E-02
1.540095000E+01 9.999927658E-01 3.219905863E-07 8.050000000E-02
1.646362000E+01 9.999936570E-01 2.494466750E-07 7.531000000E-02
1.759961000E+01 9.999944494E-01 1.932040133E-07 7.045000000E-02
1.881398000E+01 9.999951446E-01 1.495477425E-07 6.590000000E-02
2.011215000E+01 9.999957528E-01 1.157874369E-07 6.165000000E-02
2.149988000E+01 9.999962857E-01 8.964154399E-08 5.767000000E-02
2.298338000E+01 9.999967516E-01 6.941309082E-08 5.395000000E-02
2.456923000E+01 9.999971603E-01 5.373144913E-08 5.046000000E-02
2.626450000E+01 9.999975160E-01 4.162028664E-08 4.721000000E-02
2.807676000E+01 9.999978281E-01 3.207569640E-08 4.416000000E-02
3.001405000E+01 9.999981008E-01 2.468626681E-08 4.131000000E-02
3.208502000E+01 9.999983396E-01 1.899669816E-08 3.864000000E-02
3.429889000E+01 9.999985477E-01 1.459268736E-08 3.615000000E-02
3.666551000E+01 9.999987305E-01 1.116586596E-08 3.381000000E-02
3.919543000E+01 9.999988897E-01 8.548998287E-09 3.163000000E-02
4.189992000E+01 9.999990289E-01 6.545067489E-09 2.959000000E-02
4.479101000E+01 9.999991507E-01 5.010797704E-09 2.768000000E-02
4.788159000E+01 9.999992575E-01 3.834967756E-09 2.589000000E-02
5.118542000E+01 9.999993505E-01 2.936033812E-09 2.422000000E-02
5.471721000E+01 9.999994318E-01 2.248302165E-09 2.266000000E-02
5.849270000E+01 9.999995028E-01 1.721720398E-09 2.120000000E-02
6.252870000E+01 9.999995652E-01 1.317943582E-09 1.983000000E-02
6.684318000E+01 9.999996197E-01 1.009051411E-09 1.855000000E-02
7.145536000E+01 9.999996674E-01 7.723426889E-10 1.735000000E-02
7.638578000E+01 9.999997090E-01 5.913550144E-10 1.623000000E-02
8.165640000E+01 9.999997455E-01 4.518890192E-10 1.518000000E-02
8.729069000E+01 9.999997774E-01 3.441295312E-10 1.420000000E-02
9.331374000E+01 9.999998051E-01 2.623319386E-10 1.329000000E-02
9.975239000E+01 9.999998295E-01 1.997151540E-10 1.243000000E-02
1.066353000E+02 9.999998508E-01 1.521606156E-10 1.163000000E-02
1.139931000E+02 9.999998694E-01 1.159023709E-10 1.088000000E-02
1.218587000E+02 9.999998859E-01 8.813628524E-11 1.017000000E-02
1.302669000E+02 9.999999001E-01 6.719139264E-11 9.518000000E-03
1.392553000E+02 9.999999126E-01 5.116544163E-11 8.903000000E-03
1.488640000E+02 9.999999235E-01 3.897715630E-11 8.329000000E-03
1.591356000E+02 9.999999331E-01 2.968509279E-11 7.791000000E-03
1.701159000E+02 9.999999415E-01 2.260911783E-11 7.288000000E-03
1.818539000E+02 9.999999488E-01 1.722303148E-11 6.818000000E-03
1.944018000E+02 9.999999552E-01 1.311889058E-11 6.378000000E-03
2.078156000E+02 9.999999608E-01 9.991551164E-12 5.966000000E-03
2.221548000E+02 9.999999657E-01 7.610999354E-12 5.581000000E-03
2.374835000E+02 9.999999700E-01 5.797884160E-12 5.221000000E-03
2.538699000E+02 9.999999737E-01 4.416446923E-12 4.884000000E-03
2.713869000E+02 9.999999770E-01 3.364543368E-12 4.569000000E-03
2.901126000E+02 9.999999799E-01 2.562770964E-12 4.274000000E-03
3.101304000E+02 9.999999824E-01 1.952087158E-12 3.998000000E-03
3.315294000E+02 9.999999846E-01 1.487078013E-12 3.740000000E-03
3.544049000E+02 9.999999865E-01 1.132418420E-12 3.498000000E-03
3.788588000E+02 9.999999882E-01 8.630498998E-13 3.273000000E-03
4.050001000E+02 9.999999897E-01 6.571456816E-13 3.061000000E-03
4.329451000E+02 0.000000000E+00 0.000000000E+00 2.864000000E-03
