# 11/08/2021 
# Data retrieved from www.chemicool.com/densities.html 
# Includes the real (n) and complex (k) part of the  refractive index. 
# Element, Cs  (Z = 55) 
# Nominal density, g cm-3 =  1.873 
#    E [keV]      n       k    Wavelength [nm] 
1.069000000E-02 -1.819592047E+00 2.119973226E-03 1.160000000E+02
1.117200000E-02 1.820395247E+00 0.000000000E+00 1.110000000E+02
1.134300000E-02 2.113153473E+00 0.000000000E+00 1.093000000E+02
1.138860000E-02 2.483720607E+00 0.000000000E+00 1.089000000E+02
1.142761000E-02 2.253903604E+00 7.440849082E-01 1.085000000E+02
1.145700000E-02 2.071302854E+00 7.357871309E-01 1.082000000E+02
1.162800000E-02 1.708616285E+00 6.912200818E-01 1.066000000E+02
1.221612000E-02 1.384227405E+00 5.620791437E-01 1.015000000E+02
1.283800000E-02 1.330552005E+00 4.555111842E-01 9.658000000E+01
1.303450000E-02 1.424896267E+00 4.262772425E-01 9.512000000E+01
1.305903000E-02 1.466246836E+00 4.227784960E-01 9.494000000E+01
1.308690000E-02 1.574349673E+00 4.188126511E-01 9.474000000E+01
1.316550000E-02 1.388996075E+00 7.194292457E-01 9.417000000E+01
1.336200000E-02 1.212772570E+00 6.721169079E-01 9.279000000E+01
1.396010000E-02 1.034636455E+00 5.477588421E-01 8.881000000E+01
1.492335000E-02 9.337946286E-01 3.979925361E-01 8.308000000E+01
1.595306000E-02 8.998243672E-01 2.863566690E-01 7.772000000E+01
1.705382000E-02 8.945946985E-01 2.045513478E-01 7.270000000E+01
1.823053000E-02 9.023199620E-01 1.454902347E-01 6.801000000E+01
1.948844000E-02 9.152871504E-01 1.032714918E-01 6.362000000E+01
2.083314000E-02 9.295915928E-01 7.330760548E-02 5.951000000E+01
2.224600000E-02 9.431307992E-01 5.244059490E-02 5.573000000E+01
2.227063000E-02 9.433467298E-01 5.214961663E-02 5.567000000E+01
2.258650000E-02 9.461292421E-01 4.854941619E-02 5.489000000E+01
2.267730000E-02 9.469549596E-01 4.757173673E-02 5.467000000E+01
2.281350000E-02 9.480162094E-01 4.627889709E-02 5.435000000E+01
2.315400000E-02 9.507140896E-01 4.294985215E-02 5.355000000E+01
2.380730000E-02 9.556256904E-01 3.735773320E-02 5.208000000E+01
2.545001000E-02 9.662703952E-01 2.685015131E-02 4.872000000E+01
2.720606000E-02 9.753400301E-01 1.942527795E-02 4.557000000E+01
2.908327000E-02 9.829759375E-01 1.417328793E-02 4.263000000E+01
3.109002000E-02 9.893991894E-01 1.043748649E-02 3.988000000E+01
3.323523000E-02 9.948266189E-01 7.766991486E-03 3.731000000E+01
3.552846000E-02 9.994384343E-01 5.842823621E-03 3.490000000E+01
3.797993000E-02 1.003473232E+00 4.446383546E-03 3.264000000E+01
4.060054000E-02 1.007068956E+00 3.428899282E-03 3.054000000E+01
4.340198000E-02 1.010402684E+00 2.677161433E-03 2.857000000E+01
4.639671000E-02 1.013627000E+00 2.115906384E-03 2.672000000E+01
4.959809000E-02 1.016952398E+00 1.695710804E-03 2.500000000E+01
5.302035000E-02 1.020607248E+00 1.374897045E-03 2.338000000E+01
5.667876000E-02 1.025011220E+00 1.128649834E-03 2.187000000E+01
6.058959000E-02 1.030887908E+00 9.367422146E-04 2.046000000E+01
6.477028000E-02 1.039831645E+00 7.846189053E-04 1.914000000E+01
6.923942000E-02 1.056576344E+00 6.627183514E-04 1.791000000E+01
7.401695000E-02 1.106745484E+00 5.627580836E-04 1.675000000E+01
7.497000000E-02 1.134385969E+00 5.459761900E-04 1.654000000E+01
7.611750000E-02 1.224153943E+00 5.265559704E-04 1.629000000E+01
7.642350000E-02 1.341212831E+00 5.212692864E-04 1.622000000E+01
7.688250000E-02 1.194952413E+00 2.293534493E-01 1.613000000E+01
7.722400000E-02 1.144428177E+00 2.108054294E-01 1.606000000E+01
7.803000000E-02 1.112873348E+00 1.728832039E-01 1.589000000E+01
7.840600000E-02 1.132495336E+00 1.576845200E-01 1.581000000E+01
7.872120000E-02 1.223180872E+00 1.461416293E-01 1.575000000E+01
7.912411000E-02 1.089381823E+00 3.407631651E-01 1.567000000E+01
7.919400000E-02 1.071958823E+00 3.350078317E-01 1.566000000E+01
8.037600000E-02 9.469981033E-01 2.497339199E-01 1.543000000E+01
8.458368000E-02 8.997348258E-01 9.094788344E-02 1.466000000E+01
9.041995000E-02 9.333791351E-01 2.675457440E-02 1.371000000E+01
9.665893000E-02 9.568765076E-01 1.004913282E-02 1.283000000E+01
1.033284000E-01 9.702086906E-01 4.668284589E-03 1.200000000E+01
1.104581000E-01 9.782428160E-01 2.580343195E-03 1.122000000E+01
1.180797000E-01 9.834210839E-01 1.640161830E-03 1.050000000E+01
1.262272000E-01 9.870095998E-01 1.158062489E-03 9.822000000E+00
1.349368000E-01 9.896124429E-01 8.856588044E-04 9.188000000E+00
1.442475000E-01 9.915777404E-01 7.189860700E-04 8.595000000E+00
1.542005000E-01 9.931248352E-01 6.102099375E-04 8.040000000E+00
1.583680000E-01 9.936764408E-01 5.772253223E-04 7.829000000E+00
1.607920000E-01 9.940241823E-01 5.603637498E-04 7.711000000E+00
1.614384000E-01 9.941864730E-01 5.561141756E-04 7.680000000E+00
1.624080000E-01 9.941916663E-01 7.326519712E-04 7.634000000E+00
1.648404000E-01 9.943524205E-01 7.142661932E-04 7.521000000E+00
1.688540000E-01 9.946789298E-01 6.870551113E-04 7.343000000E+00
1.714385000E-01 9.949020301E-01 6.709793469E-04 7.232000000E+00
1.721277000E-01 9.949844031E-01 6.668925662E-04 7.203000000E+00
1.731615000E-01 9.950269170E-01 7.225468541E-04 7.160000000E+00
1.757460000E-01 9.951796819E-01 7.068337391E-04 7.055000000E+00
1.762144000E-01 9.952093036E-01 7.040492029E-04 7.036000000E+00
1.883732000E-01 9.959107430E-01 6.420773987E-04 6.582000000E+00
2.013709000E-01 9.965093503E-01 5.904780485E-04 6.157000000E+00
2.152655000E-01 9.970144433E-01 5.460452560E-04 5.760000000E+00
2.261840000E-01 9.973479412E-01 5.161134055E-04 5.482000000E+00
2.296460000E-01 9.974588057E-01 5.072270019E-04 5.399000000E+00
2.301188000E-01 9.974790728E-01 5.060572755E-04 5.388000000E+00
2.305692000E-01 9.975084267E-01 5.048514445E-04 5.377000000E+00
2.319540000E-01 9.975145609E-01 5.532960616E-04 5.345000000E+00
2.354160000E-01 9.975712402E-01 5.438752675E-04 5.267000000E+00
2.459970000E-01 9.977740311E-01 5.162011645E-04 5.040000000E+00
2.629708000E-01 9.980567622E-01 4.761185921E-04 4.715000000E+00
2.811158000E-01 9.983020273E-01 4.370773407E-04 4.410000000E+00
3.005128000E-01 9.985125861E-01 3.992805246E-04 4.126000000E+00
3.212482000E-01 9.986958137E-01 3.621036030E-04 3.859000000E+00
3.434143000E-01 9.988550419E-01 3.258801656E-04 3.610000000E+00
3.671099000E-01 9.989950751E-01 2.908358065E-04 3.377000000E+00
3.924405000E-01 9.991191998E-01 2.574535013E-04 3.159000000E+00
4.195189000E-01 9.992300873E-01 2.261266397E-04 2.955000000E+00
4.484657000E-01 9.993294647E-01 1.972725708E-04 2.765000000E+00
4.794098000E-01 9.994202636E-01 1.707832148E-04 2.586000000E+00
5.124891000E-01 9.995032979E-01 1.469965284E-04 2.419000000E+00
5.478508000E-01 9.995806154E-01 1.258512469E-04 2.263000000E+00
5.856525000E-01 9.996548443E-01 1.072106858E-04 2.117000000E+00
6.260625000E-01 9.997303840E-01 9.089764159E-05 1.980000000E+00
6.692609000E-01 9.998184022E-01 7.686254731E-05 1.853000000E+00
7.109900000E-01 9.999654625E-01 6.575427456E-05 1.744000000E+00
7.154399000E-01 9.999993091E-01 6.468393497E-05 1.733000000E+00
7.218725000E-01 1.000086793E+00 6.322526775E-05 1.718000000E+00
7.247100000E-01 1.000207129E+00 6.256177924E-05 1.711000000E+00
7.247745000E-01 1.000207129E+00 6.256177924E-05 1.711000000E+00
7.291275000E-01 1.000101893E+00 2.947801339E-04 1.700000000E+00
7.358025000E-01 1.000066500E+00 2.854188433E-04 1.685000000E+00
7.387605000E-01 1.000121785E+00 2.812411275E-04 1.678000000E+00
7.400100000E-01 1.000131071E+00 4.295705088E-04 1.675000000E+00
7.431975000E-01 1.000018717E+00 4.229271026E-04 1.668000000E+00
7.542900000E-01 9.999130637E-01 4.007728250E-04 1.644000000E+00
7.648052000E-01 9.998655722E-01 3.807061127E-04 1.621000000E+00
8.175768000E-01 9.997795261E-01 2.980621035E-04 1.516000000E+00
8.739896000E-01 9.997658042E-01 2.361394629E-04 1.419000000E+00
9.342948000E-01 9.997757703E-01 1.881940990E-04 1.327000000E+00
9.776480000E-01 9.997927166E-01 1.615502066E-04 1.268000000E+00
9.926120000E-01 9.998062544E-01 1.535446147E-04 1.249000000E+00
9.966024000E-01 9.998193233E-01 1.514872002E-04 1.244000000E+00
9.987612000E-01 9.998185096E-01 1.744162352E-04 1.241000000E+00
1.002588000E+00 9.998078108E-01 1.723792862E-04 1.237000000E+00
1.017552000E+00 9.998011011E-01 1.637647818E-04 1.218000000E+00
1.043700000E+00 9.998026941E-01 1.504894281E-04 1.188000000E+00
1.059675000E+00 9.998082277E-01 1.429781401E-04 1.170000000E+00
1.063935000E+00 9.998134918E-01 1.409889900E-04 1.165000000E+00
1.067676000E+00 9.998112723E-01 1.484724741E-04 1.161000000E+00
1.070325000E+00 9.998096219E-01 1.471804484E-04 1.158000000E+00
1.086300000E+00 9.998080285E-01 1.399077220E-04 1.141000000E+00
1.141345000E+00 9.998158390E-01 1.186419750E-04 1.086000000E+00
1.192758000E+00 9.998267296E-01 1.028794696E-04 1.039000000E+00
1.211015000E+00 9.998318086E-01 9.813436213E-05 1.024000000E+00
1.215883000E+00 9.998349706E-01 9.690586148E-05 1.020000000E+00
1.220098000E+00 9.998345646E-01 1.002963620E-04 1.016000000E+00
1.223186000E+00 9.998338890E-01 9.960836482E-05 1.014000000E+00
1.241442000E+00 9.998352673E-01 9.486359595E-05 9.987000000E-01
1.304285000E+00 9.998449352E-01 8.060436556E-05 9.506000000E-01
1.394281000E+00 9.998596776E-01 6.478889590E-05 8.892000000E-01
1.490486000E+00 9.998741820E-01 5.199085575E-05 8.318000000E-01
1.593329000E+00 9.998878736E-01 4.168764709E-05 7.781000000E-01
1.703269000E+00 9.999004682E-01 3.339656174E-05 7.279000000E-01
1.820795000E+00 9.999120094E-01 2.664482300E-05 6.809000000E-01
1.946430000E+00 9.999224505E-01 2.126567884E-05 6.370000000E-01
2.080733000E+00 9.999318195E-01 1.698001685E-05 5.959000000E-01
2.224304000E+00 9.999401057E-01 1.355122744E-05 5.574000000E-01
2.377781000E+00 9.999475185E-01 1.081842596E-05 5.214000000E-01
2.541848000E+00 9.999540355E-01 8.644669832E-06 4.878000000E-01
2.717235000E+00 9.999598077E-01 6.911307725E-06 4.563000000E-01
2.904724000E+00 9.999648828E-01 5.530849538E-06 4.268000000E-01
3.105150000E+00 9.999693086E-01 4.369169996E-06 3.993000000E-01
3.319406000E+00 9.999732694E-01 3.421696375E-06 3.735000000E-01
3.548445000E+00 9.999767660E-01 2.684858024E-06 3.494000000E-01
3.793288000E+00 9.999798461E-01 2.111440542E-06 3.269000000E-01
4.055024000E+00 9.999825783E-01 1.661014888E-06 3.058000000E-01
4.334821000E+00 9.999850322E-01 1.302974427E-06 2.860000000E-01
4.633924000E+00 9.999872940E-01 1.024272289E-06 2.676000000E-01
4.911662000E+00 9.999894814E-01 8.284101292E-07 2.524000000E-01
4.953664000E+00 9.999899636E-01 8.034747939E-07 2.503000000E-01
4.986840000E+00 9.999905667E-01 7.840587004E-07 2.486000000E-01
5.006888000E+00 9.999915253E-01 7.726999984E-07 2.476000000E-01
5.036959000E+00 9.999907677E-01 2.448885023E-06 2.461000000E-01
5.112138000E+00 9.999903292E-01 2.301660729E-06 2.425000000E-01
5.252212000E+00 9.999905725E-01 2.056379974E-06 2.361000000E-01
5.295467000E+00 9.999907744E-01 1.989669294E-06 2.341000000E-01
5.332603000E+00 9.999910476E-01 1.936907443E-06 2.325000000E-01
5.354040000E+00 9.999914692E-01 1.907629291E-06 2.316000000E-01
5.386197000E+00 9.999911528E-01 2.602148037E-06 2.302000000E-01
5.466588000E+00 9.999910117E-01 2.453016649E-06 2.268000000E-01
5.600014000E+00 9.999912103E-01 2.230876088E-06 2.214000000E-01
5.660855000E+00 9.999913865E-01 2.139872674E-06 2.190000000E-01
5.685729000E+00 9.999914886E-01 2.106025915E-06 2.181000000E-01
5.708586000E+00 9.999916959E-01 2.074135916E-06 2.172000000E-01
5.742872000E+00 9.999915943E-01 2.348334883E-06 2.159000000E-01
5.828586000E+00 9.999916172E-01 2.227061671E-06 2.127000000E-01
6.051453000E+00 9.999919619E-01 1.952299652E-06 2.049000000E-01
6.469004000E+00 9.999927280E-01 1.549123160E-06 1.917000000E-01
6.915365000E+00 9.999935034E-01 1.224510364E-06 1.793000000E-01
7.392525000E+00 9.999942356E-01 9.645774419E-07 1.677000000E-01
7.902609000E+00 9.999949050E-01 7.590618149E-07 1.569000000E-01
8.447890000E+00 9.999955097E-01 5.973687745E-07 1.468000000E-01
9.030794000E+00 9.999960522E-01 4.692563609E-07 1.373000000E-01
9.653919000E+00 9.999965365E-01 3.664532439E-07 1.284000000E-01
1.032004000E+01 9.999969603E-01 2.860531476E-07 1.201000000E-01
1.103212000E+01 9.999973338E-01 2.230578605E-07 1.124000000E-01
1.179334000E+01 9.999976675E-01 1.733009205E-07 1.051000000E-01
1.260708000E+01 9.999979593E-01 1.347002116E-07 9.834000000E-02
1.347697000E+01 9.999982160E-01 1.047508122E-07 9.200000000E-02
1.440688000E+01 9.999984411E-01 8.150115874E-08 8.606000000E-02
1.540095000E+01 9.999986382E-01 6.345690604E-08 8.050000000E-02
1.646362000E+01 9.999988102E-01 4.946570352E-08 7.531000000E-02
1.759961000E+01 9.999989607E-01 3.858909291E-08 7.045000000E-02
1.881398000E+01 9.999990923E-01 3.012729787E-08 6.590000000E-02
2.011215000E+01 9.999992072E-01 2.352979891E-08 6.165000000E-02
2.149988000E+01 9.999993076E-01 1.839219712E-08 5.767000000E-02
2.298338000E+01 9.999993954E-01 1.435551773E-08 5.395000000E-02
2.456923000E+01 9.999994723E-01 1.118984399E-08 5.046000000E-02
2.626450000E+01 9.999995392E-01 8.703889079E-09 4.721000000E-02
2.807676000E+01 9.999995981E-01 6.706394227E-09 4.416000000E-02
3.001405000E+01 9.999996498E-01 5.157117176E-09 4.131000000E-02
3.208502000E+01 9.999996955E-01 3.968275584E-09 3.864000000E-02
3.429889000E+01 9.999997368E-01 3.057281368E-09 3.615000000E-02
3.526491000E+01 9.999997544E-01 2.743195909E-09 3.516000000E-02
3.580468000E+01 9.999997673E-01 2.585436535E-09 3.463000000E-02
3.594862000E+01 9.999997759E-01 2.545150174E-09 3.449000000E-02
3.616452000E+01 9.999997719E-01 1.541729906E-08 3.428000000E-02
3.666551000E+01 9.999997725E-01 1.467111138E-08 3.381000000E-02
3.670429000E+01 9.999997727E-01 1.462033057E-08 3.378000000E-02
3.919543000E+01 9.999997950E-01 1.152680088E-08 3.163000000E-02
4.189992000E+01 9.999998187E-01 9.038442827E-09 2.959000000E-02
4.479101000E+01 9.999998403E-01 7.081909653E-09 2.768000000E-02
4.788159000E+01 9.999998597E-01 5.540155068E-09 2.589000000E-02
5.118542000E+01 9.999998769E-01 4.326014542E-09 2.422000000E-02
5.471721000E+01 9.999998921E-01 3.378018743E-09 2.266000000E-02
5.849270000E+01 9.999999054E-01 2.637018867E-09 2.120000000E-02
6.252870000E+01 9.999999172E-01 2.057554499E-09 1.983000000E-02
6.684318000E+01 9.999999275E-01 1.605481964E-09 1.855000000E-02
7.145536000E+01 9.999999366E-01 1.252325161E-09 1.735000000E-02
7.638578000E+01 9.999999445E-01 9.742528793E-10 1.623000000E-02
8.165640000E+01 9.999999514E-01 7.563364391E-10 1.518000000E-02
8.729069000E+01 9.999999575E-01 5.853212009E-10 1.420000000E-02
9.331374000E+01 9.999999628E-01 4.534774088E-10 1.329000000E-02
9.975239000E+01 9.999999674E-01 3.508927911E-10 1.243000000E-02
1.066353000E+02 9.999999715E-01 2.717386954E-10 1.163000000E-02
1.139931000E+02 9.999999751E-01 2.104040319E-10 1.088000000E-02
1.218587000E+02 9.999999782E-01 1.626554697E-10 1.017000000E-02
1.302669000E+02 9.999999809E-01 1.260618555E-10 9.518000000E-03
1.392553000E+02 9.999999833E-01 9.760193832E-11 8.903000000E-03
1.488640000E+02 9.999999854E-01 7.559708653E-11 8.329000000E-03
1.591356000E+02 9.999999872E-01 5.855671303E-11 7.791000000E-03
1.701159000E+02 9.999999888E-01 4.539099968E-11 7.288000000E-03
1.818539000E+02 9.999999902E-01 3.519222804E-11 6.818000000E-03
1.944018000E+02 9.999999915E-01 2.728489036E-11 6.378000000E-03
2.078156000E+02 9.999999925E-01 2.115197108E-11 5.966000000E-03
2.221548000E+02 9.999999935E-01 1.640216569E-11 5.581000000E-03
2.374835000E+02 9.999999943E-01 1.271921820E-11 5.221000000E-03
2.538699000E+02 9.999999950E-01 9.863681802E-12 4.884000000E-03
2.713869000E+02 9.999999956E-01 7.649866031E-12 4.569000000E-03
2.901126000E+02 9.999999962E-01 5.932576113E-12 4.274000000E-03
3.101304000E+02 9.999999966E-01 4.600965253E-12 3.998000000E-03
3.315294000E+02 9.999999971E-01 3.568756273E-12 3.740000000E-03
3.544049000E+02 9.999999974E-01 2.767202921E-12 3.498000000E-03
3.788588000E+02 9.999999978E-01 2.147558829E-12 3.273000000E-03
4.050001000E+02 9.999999980E-01 1.665131434E-12 3.061000000E-03
4.329451000E+02 0.000000000E+00 0.000000000E+00 2.864000000E-03
