# 11/08/2021 
# Data retrieved from www.chemicool.com/densities.html 
# Includes the real (n) and complex (k) part of the  refractive index. 
# Element, Er  (Z = 68) 
# Nominal density, g cm-3 =  9.05 
#    E [keV]      n       k    Wavelength [nm] 
4.214000000E-03 -8.513120461E+01 1.342149747E-01 2.942000000E+02
4.278500000E-03 -1.283957349E+01 0.000000000E+00 2.898000000E+02
4.295700000E-03 -1.264644631E+01 0.000000000E+00 2.886000000E+02
4.321500000E-03 -1.256060882E+01 1.495534212E-01 2.869000000E+02
4.386000000E-03 -1.222592758E+01 1.458491255E-01 2.827000000E+02
1.069000000E-02 -1.148505635E+00 5.553550809E-02 1.160000000E+02
1.142761000E-02 -8.640937711E-01 5.356506267E-02 1.085000000E+02
1.221612000E-02 -6.155013248E-01 5.186574651E-02 1.015000000E+02
1.305903000E-02 -4.507843074E-01 5.037833359E-02 9.494000000E+01
1.396010000E-02 -2.529697127E-01 4.909434714E-02 8.881000000E+01
1.492335000E-02 -7.945631262E-02 4.798681949E-02 8.308000000E+01
1.595306000E-02 7.306041527E-02 4.702888348E-02 7.772000000E+01
1.705382000E-02 2.075897094E-01 4.619265243E-02 7.270000000E+01
1.823053000E-02 3.264464163E-01 4.547284462E-02 6.801000000E+01
1.948844000E-02 4.323113611E-01 4.483663856E-02 6.362000000E+01
2.083314000E-02 5.276530803E-01 4.426264717E-02 5.951000000E+01
2.227063000E-02 6.151260724E-01 4.374691373E-02 5.567000000E+01
2.380730000E-02 6.985931689E-01 4.326779870E-02 5.208000000E+01
2.545001000E-02 7.850661014E-01 4.280793061E-02 4.872000000E+01
2.720606000E-02 8.945701849E-01 4.234029184E-02 4.557000000E+01
2.881200000E-02 1.107827429E+00 4.194051054E-02 4.303000000E+01
2.908327000E-02 1.211852401E+00 4.187879152E-02 4.263000000E+01
2.925300000E-02 1.346585003E+00 4.182999376E-02 4.238000000E+01
2.937060000E-02 1.643674941E+00 4.180231530E-02 4.221000000E+01
2.954700000E-02 1.309810723E+00 6.312202753E-01 4.196000000E+01
2.998800000E-02 1.020485922E+00 5.834589238E-01 4.134000000E+01
3.109002000E-02 8.139710650E-01 4.830109341E-01 3.988000000E+01
3.323523000E-02 7.113016894E-01 3.431619751E-01 3.731000000E+01
3.552846000E-02 7.014865140E-01 2.447088634E-01 3.490000000E+01
3.797993000E-02 7.225175271E-01 1.766454282E-01 3.264000000E+01
4.060054000E-02 7.531734593E-01 1.306344698E-01 3.054000000E+01
4.340198000E-02 7.851659273E-01 9.968151151E-02 2.857000000E+01
4.639671000E-02 8.149463291E-01 7.885888092E-02 2.672000000E+01
4.959809000E-02 8.410297480E-01 6.482533070E-02 2.500000000E+01
5.302035000E-02 8.635409612E-01 5.513048694E-02 2.338000000E+01
5.667876000E-02 8.825420320E-01 4.832380659E-02 2.187000000E+01
5.860400000E-02 8.908259396E-01 4.569906521E-02 2.116000000E+01
5.950100000E-02 8.944666939E-01 4.461038153E-02 2.084000000E+01
5.974020000E-02 8.955423531E-01 4.430770042E-02 2.075000000E+01
6.009900000E-02 8.967507761E-01 4.411390386E-02 2.063000000E+01
6.058959000E-02 8.985126923E-01 4.357399993E-02 2.046000000E+01
6.099600000E-02 8.998677272E-01 4.318088374E-02 2.033000000E+01
6.477028000E-02 9.116875695E-01 3.984231147E-02 1.914000000E+01
6.923942000E-02 9.226714845E-01 3.691437687E-02 1.791000000E+01
7.401695000E-02 9.318633517E-01 3.445885374E-02 1.675000000E+01
7.912411000E-02 9.393852403E-01 3.236387518E-02 1.567000000E+01
8.458368000E-02 9.456058014E-01 2.963413002E-02 1.466000000E+01
9.041995000E-02 9.511558681E-01 2.675235234E-02 1.371000000E+01
9.665893000E-02 9.560902298E-01 2.412756911E-02 1.283000000E+01
1.000000000E-01 9.533280532E-01 2.284972302E-02 1.240000000E+01
1.005000000E-01 9.536969558E-01 2.267363777E-02 1.234000000E+01
1.010025000E-01 9.540648166E-01 2.249775898E-02 1.228000000E+01
1.015075100E-01 9.545066222E-01 2.228557423E-02 1.221000000E+01
1.020150500E-01 9.548728127E-01 2.210807835E-02 1.215000000E+01
1.025251300E-01 9.552381653E-01 2.193298715E-02 1.209000000E+01
1.030377500E-01 9.556028861E-01 2.175601337E-02 1.203000000E+01
1.035529400E-01 9.559667541E-01 2.157932030E-02 1.197000000E+01
1.040707000E-01 9.563297638E-01 2.140291396E-02 1.191000000E+01
1.045910600E-01 9.566921150E-01 2.122474825E-02 1.185000000E+01
1.051140100E-01 9.569807096E-01 2.108467567E-02 1.180000000E+01
1.056395800E-01 9.573417518E-01 2.090705539E-02 1.174000000E+01
1.061677800E-01 9.577021055E-01 2.072978611E-02 1.168000000E+01
1.066986200E-01 9.580615616E-01 2.055287352E-02 1.162000000E+01
1.072321100E-01 9.584203098E-01 2.037632331E-02 1.156000000E+01
1.077682700E-01 9.587781448E-01 2.020014115E-02 1.150000000E+01
1.083071200E-01 9.590639706E-01 2.005743972E-02 1.145000000E+01
1.088486500E-01 9.594205860E-01 1.988001116E-02 1.139000000E+01
1.093928900E-01 9.597766389E-01 1.970300682E-02 1.133000000E+01
1.099398600E-01 9.600609578E-01 1.956109947E-02 1.128000000E+01
1.104895600E-01 9.604157228E-01 1.938483088E-02 1.122000000E+01
1.110420100E-01 9.606993628E-01 1.924161881E-02 1.117000000E+01
1.115972200E-01 9.610527957E-01 1.906432084E-02 1.111000000E+01
1.121552000E-01 9.614054179E-01 1.888751146E-02 1.105000000E+01
1.127159800E-01 9.616875904E-01 1.874526253E-02 1.100000000E+01
1.132795600E-01 9.620391658E-01 1.856931074E-02 1.094000000E+01
1.138459600E-01 9.623205473E-01 1.842595685E-02 1.089000000E+01
1.144151900E-01 9.626018741E-01 1.828290240E-02 1.084000000E+01
1.149872600E-01 9.629515555E-01 1.810654225E-02 1.078000000E+01
1.155622000E-01 9.632318466E-01 1.796420528E-02 1.073000000E+01
1.161400100E-01 9.635120408E-01 1.782051117E-02 1.068000000E+01
1.167207100E-01 9.638600479E-01 1.764556606E-02 1.062000000E+01
1.173043100E-01 9.641394639E-01 1.750266105E-02 1.057000000E+01
1.178908300E-01 9.644185737E-01 1.736010681E-02 1.052000000E+01
1.184802900E-01 9.647649280E-01 1.718343326E-02 1.046000000E+01
1.190726900E-01 9.650433332E-01 1.704171950E-02 1.041000000E+01
1.196680500E-01 9.653215467E-01 1.689879760E-02 1.036000000E+01
1.202663900E-01 9.655993962E-01 1.675626931E-02 1.031000000E+01
1.208677200E-01 9.658770230E-01 1.661259912E-02 1.026000000E+01
1.214720600E-01 9.661544103E-01 1.647088154E-02 1.021000000E+01
1.220794200E-01 9.664315411E-01 1.632805753E-02 1.016000000E+01
1.226898200E-01 9.667085483E-01 1.618566808E-02 1.011000000E+01
1.233032700E-01 9.669852629E-01 1.604371581E-02 1.006000000E+01
1.239197900E-01 9.672616683E-01 1.590073906E-02 1.001000000E+01
1.245393900E-01 9.675706222E-01 1.574386463E-02 9.955000000E+00
1.251620800E-01 9.678400375E-01 1.560503300E-02 9.906000000E+00
1.257878900E-01 9.681092753E-01 1.546523303E-02 9.857000000E+00
1.264168300E-01 9.683784564E-01 1.532732086E-02 9.808000000E+00
1.270489200E-01 9.686474176E-01 1.518847300E-02 9.759000000E+00
1.276841600E-01 9.689162772E-01 1.505011145E-02 9.710000000E+00
1.283225800E-01 9.691786319E-01 1.491532555E-02 9.662000000E+00
1.289641900E-01 9.694408838E-01 1.477965405E-02 9.614000000E+00
1.296090200E-01 9.697031441E-01 1.464581387E-02 9.566000000E+00
1.302570600E-01 9.699652538E-01 1.451111892E-02 9.518000000E+00
1.309083500E-01 9.702211646E-01 1.437864734E-02 9.471000000E+00
1.315628900E-01 9.704770513E-01 1.424797367E-02 9.424000000E+00
1.322207000E-01 9.707328885E-01 1.411649079E-02 9.377000000E+00
1.328818100E-01 9.709889056E-01 1.398551111E-02 9.330000000E+00
1.335462100E-01 9.712387486E-01 1.385802137E-02 9.284000000E+00
1.342139500E-01 9.714886317E-01 1.372976519E-02 9.238000000E+00
1.348850200E-01 9.717387743E-01 1.360201599E-02 9.192000000E+00
1.355594400E-01 9.719891417E-01 1.347477506E-02 9.146000000E+00
1.362372400E-01 9.722335981E-01 1.335097749E-02 9.101000000E+00
1.369184200E-01 9.724843366E-01 1.322354579E-02 9.055000000E+00
1.376030200E-01 9.727293821E-01 1.310074449E-02 9.010000000E+00
1.382910300E-01 9.729746787E-01 1.297608183E-02 8.965000000E+00
1.389824900E-01 9.732144183E-01 1.285599993E-02 8.921000000E+00
1.396774000E-01 9.734605929E-01 1.273238516E-02 8.876000000E+00
1.403757900E-01 9.737012898E-01 1.261216403E-02 8.832000000E+00
1.410776600E-01 9.739425822E-01 1.249245536E-02 8.788000000E+00
1.417830500E-01 9.741786298E-01 1.237609029E-02 8.745000000E+00
1.424919700E-01 9.744212184E-01 1.225628978E-02 8.701000000E+00
1.432044300E-01 9.746587332E-01 1.213983073E-02 8.658000000E+00
1.439204500E-01 9.748971334E-01 1.202388352E-02 8.615000000E+00
1.446400500E-01 9.751364690E-01 1.190737499E-02 8.572000000E+00
1.453632500E-01 9.753768926E-01 1.179140108E-02 8.529000000E+00
1.460900700E-01 9.756128025E-01 1.167871427E-02 8.487000000E+00
1.468205200E-01 9.758500338E-01 1.156653698E-02 8.445000000E+00
1.475546200E-01 9.760887206E-01 1.145383779E-02 8.403000000E+00
1.482923900E-01 9.763290917E-01 1.134166962E-02 8.361000000E+00
1.490338600E-01 9.765712632E-01 1.123003278E-02 8.319000000E+00
1.497790300E-01 9.768098416E-01 1.112061305E-02 8.278000000E+00
1.505279200E-01 9.770506890E-01 1.101171908E-02 8.237000000E+00
1.512805600E-01 9.772941912E-01 1.090335102E-02 8.196000000E+00
1.520369600E-01 9.775406180E-01 1.079550901E-02 8.155000000E+00
1.527971500E-01 9.777902251E-01 1.068723109E-02 8.114000000E+00
1.535611300E-01 9.780381950E-01 1.058212004E-02 8.074000000E+00
1.543289400E-01 9.782905384E-01 1.047752844E-02 8.034000000E+00
1.551005800E-01 9.785477335E-01 1.037345629E-02 7.994000000E+00
1.558760900E-01 9.788106038E-01 1.026897904E-02 7.954000000E+00
1.566554700E-01 9.790802090E-01 1.016503980E-02 7.914000000E+00
1.574387500E-01 9.793524060E-01 1.006419424E-02 7.875000000E+00
1.582259400E-01 9.796339377E-01 9.962962987E-03 7.836000000E+00
1.590170700E-01 9.799267762E-01 9.862261040E-03 7.797000000E+00
1.598121500E-01 9.802335086E-01 9.762088137E-03 7.758000000E+00
1.606112100E-01 9.805524390E-01 9.664947719E-03 7.720000000E+00
1.614142700E-01 9.808984519E-01 9.564956829E-03 7.681000000E+00
1.622213400E-01 9.812683891E-01 9.467989048E-03 7.643000000E+00
1.630324500E-01 9.816779119E-01 9.371540286E-03 7.605000000E+00
1.638476100E-01 9.821440530E-01 9.275610164E-03 7.567000000E+00
1.646668500E-01 9.826972895E-01 9.179369914E-03 7.529000000E+00
1.654901800E-01 9.833958418E-01 9.086089608E-03 7.492000000E+00
1.663176300E-01 9.844080097E-01 8.993317332E-03 7.455000000E+00
1.671492200E-01 9.864845369E-01 8.900248465E-03 7.418000000E+00
1.675136900E-01 9.898273425E-01 8.857900482E-03 7.401000000E+00
1.676863200E-01 9.897326464E-01 1.534857946E-02 7.394000000E+00
1.679849700E-01 9.865310538E-01 1.516647708E-02 7.381000000E+00
1.688248900E-01 9.840772152E-01 1.467194531E-02 7.344000000E+00
1.696690200E-01 9.830707692E-01 1.420301371E-02 7.307000000E+00
1.705173600E-01 9.825148023E-01 1.376132647E-02 7.271000000E+00
1.713699500E-01 9.822030717E-01 1.334236064E-02 7.235000000E+00
1.722268000E-01 9.820569516E-01 1.294407867E-02 7.199000000E+00
1.730879300E-01 9.820445327E-01 1.256600782E-02 7.163000000E+00
1.739533700E-01 9.821628029E-01 1.220619512E-02 7.127000000E+00
1.748231400E-01 9.824408359E-01 1.186683286E-02 7.092000000E+00
1.756972600E-01 9.830282650E-01 1.154330371E-02 7.057000000E+00
1.765757400E-01 9.853413547E-01 1.123597209E-02 7.022000000E+00
1.766008700E-01 9.856059442E-01 1.122700911E-02 7.021000000E+00
1.767991200E-01 9.855290493E-01 1.492375190E-02 7.013000000E+00
1.774586200E-01 9.829434449E-01 1.453150237E-02 6.987000000E+00
1.783459100E-01 9.819516402E-01 1.402890234E-02 6.952000000E+00
1.792376400E-01 9.814413442E-01 1.355308852E-02 6.917000000E+00
1.801338300E-01 9.811295023E-01 1.310585852E-02 6.883000000E+00
1.810345000E-01 9.809386465E-01 1.268124541E-02 6.849000000E+00
1.819396700E-01 9.808286538E-01 1.227737727E-02 6.815000000E+00
1.828493700E-01 9.807777622E-01 1.189445680E-02 6.781000000E+00
1.837636200E-01 9.807721965E-01 1.153066832E-02 6.747000000E+00
1.846824400E-01 9.808028992E-01 1.118491268E-02 6.713000000E+00
1.856058500E-01 9.808572341E-01 1.086067666E-02 6.680000000E+00
1.865338800E-01 9.809349759E-01 1.055412357E-02 6.647000000E+00
1.874665500E-01 9.810314330E-01 1.026483827E-02 6.614000000E+00
1.884038800E-01 9.811431563E-01 9.989877811E-03 6.581000000E+00
1.893459000E-01 9.812673825E-01 9.729537276E-03 6.548000000E+00
1.902926300E-01 9.814018802E-01 9.482228751E-03 6.515000000E+00
1.912440900E-01 9.815393545E-01 9.249270886E-03 6.483000000E+00
1.922003100E-01 9.816839895E-01 9.028042776E-03 6.451000000E+00
1.931613100E-01 9.818347829E-01 8.816464767E-03 6.419000000E+00
1.941271200E-01 9.819907654E-01 8.614916170E-03 6.387000000E+00
1.950977600E-01 9.821513551E-01 8.422574058E-03 6.355000000E+00
1.960732500E-01 9.823155790E-01 8.239809895E-03 6.323000000E+00
1.970536100E-01 9.824766978E-01 8.067802701E-03 6.292000000E+00
1.980388800E-01 9.826396057E-01 7.904862947E-03 6.261000000E+00
1.990290700E-01 9.828091824E-01 7.746017530E-03 6.229000000E+00
2.000242200E-01 9.829738576E-01 7.596690891E-03 6.198000000E+00
2.010243400E-01 9.831334441E-01 7.456056924E-03 6.168000000E+00
2.020294600E-01 9.832985408E-01 7.318553261E-03 6.137000000E+00
2.030396100E-01 9.834635202E-01 7.186504765E-03 6.106000000E+00
2.040548100E-01 9.836227017E-01 7.061570845E-03 6.076000000E+00
2.050750800E-01 9.837815163E-01 6.940728342E-03 6.046000000E+00
2.061004600E-01 9.839397407E-01 6.824418865E-03 6.016000000E+00
2.071309600E-01 9.840973175E-01 6.711492848E-03 5.986000000E+00
2.081666100E-01 9.842541913E-01 6.602398767E-03 5.956000000E+00
2.092074500E-01 9.844102577E-01 6.496538501E-03 5.926000000E+00
2.102534800E-01 9.845603327E-01 6.396012523E-03 5.897000000E+00
2.113047500E-01 9.847096022E-01 6.298035253E-03 5.868000000E+00
2.123612800E-01 9.848632550E-01 6.200432310E-03 5.838000000E+00
2.134230800E-01 9.850108967E-01 6.107424210E-03 5.809000000E+00
2.144902000E-01 9.851576920E-01 6.016815423E-03 5.780000000E+00
2.155626500E-01 9.852984853E-01 5.930619176E-03 5.752000000E+00
2.166404600E-01 9.854436254E-01 5.844165124E-03 5.723000000E+00
2.177236600E-01 9.855828210E-01 5.761525265E-03 5.695000000E+00
2.188122800E-01 9.857262745E-01 5.678601304E-03 5.666000000E+00
2.199063400E-01 9.858638882E-01 5.599853691E-03 5.638000000E+00
2.210058800E-01 9.860006824E-01 5.522294399E-03 5.610000000E+00
2.221109000E-01 9.861367533E-01 5.446361663E-03 5.582000000E+00
2.232214600E-01 9.862720130E-01 5.371574059E-03 5.554000000E+00
2.243375700E-01 9.864016353E-01 5.300278859E-03 5.527000000E+00
2.254592500E-01 9.865354424E-01 5.228152128E-03 5.499000000E+00
2.265865500E-01 9.866636199E-01 5.159434926E-03 5.472000000E+00
2.277194800E-01 9.867910915E-01 5.091747671E-03 5.445000000E+00
2.288580800E-01 9.869179462E-01 5.025074947E-03 5.418000000E+00
2.300023700E-01 9.870440999E-01 4.959401469E-03 5.391000000E+00
2.311523800E-01 9.871695977E-01 4.895132546E-03 5.364000000E+00
2.323081400E-01 9.872944418E-01 4.831407982E-03 5.337000000E+00
2.334696900E-01 9.874139360E-01 4.770433854E-03 5.311000000E+00
2.346370300E-01 9.875375818E-01 4.708588625E-03 5.284000000E+00
2.358102200E-01 9.876558829E-01 4.649436698E-03 5.258000000E+00
2.369892700E-01 9.877736203E-01 4.591167894E-03 5.232000000E+00
2.381742200E-01 9.878907945E-01 4.533372351E-03 5.206000000E+00
2.393650900E-01 9.880074061E-01 4.476440353E-03 5.180000000E+00
2.405619100E-01 9.881234946E-01 4.420358282E-03 5.154000000E+00
2.417647200E-01 9.882390208E-01 4.365112640E-03 5.128000000E+00
2.429735500E-01 9.883494957E-01 4.311999468E-03 5.103000000E+00
2.441884100E-01 9.884639954E-01 4.257624701E-03 5.077000000E+00
2.454093600E-01 9.885734472E-01 4.206099930E-03 5.052000000E+00
2.466364000E-01 9.886824530E-01 4.154973111E-03 5.027000000E+00
2.478695900E-01 9.887909747E-01 4.104242818E-03 5.002000000E+00
2.491089300E-01 9.888990478E-01 4.054269615E-03 4.977000000E+00
2.503544800E-01 9.890066708E-01 4.004682835E-03 4.952000000E+00
2.516062500E-01 9.891093871E-01 3.957441799E-03 4.928000000E+00
2.528642800E-01 9.892161262E-01 3.908959735E-03 4.903000000E+00
2.541286000E-01 9.893180667E-01 3.862783892E-03 4.879000000E+00
2.553992500E-01 9.894195567E-01 3.816952415E-03 4.855000000E+00
2.566762400E-01 9.895250359E-01 3.770243865E-03 4.830000000E+00
2.579596200E-01 9.896257372E-01 3.725442785E-03 4.806000000E+00
2.592494200E-01 9.897260840E-01 3.680975844E-03 4.782000000E+00
2.605456700E-01 9.898217627E-01 3.638701792E-03 4.759000000E+00
2.618484000E-01 9.899213454E-01 3.595213355E-03 4.735000000E+00
2.631576400E-01 9.900205646E-01 3.552373475E-03 4.711000000E+00
2.644734300E-01 9.901151683E-01 3.511348026E-03 4.688000000E+00
2.657957900E-01 9.902094744E-01 3.470617672E-03 4.665000000E+00
2.671247700E-01 9.903076245E-01 3.428703754E-03 4.641000000E+00
2.684604000E-01 9.904012724E-01 3.388882477E-03 4.618000000E+00
2.698027000E-01 9.904945802E-01 3.349347292E-03 4.595000000E+00
2.711517100E-01 9.905834573E-01 3.311851068E-03 4.573000000E+00
2.725074700E-01 9.906761555E-01 3.273175084E-03 4.550000000E+00
2.738700100E-01 9.907685631E-01 3.234776486E-03 4.527000000E+00
2.752393600E-01 9.908565867E-01 3.198370656E-03 4.505000000E+00
2.766155600E-01 9.909484190E-01 3.160805263E-03 4.482000000E+00
2.779986300E-01 9.910359270E-01 3.124909930E-03 4.460000000E+00
2.793886300E-01 9.911231938E-01 3.089264171E-03 4.438000000E+00
2.807855700E-01 9.912102142E-01 3.054152248E-03 4.416000000E+00
2.821895000E-01 9.912970112E-01 3.019282791E-03 4.394000000E+00
2.836004400E-01 9.913835786E-01 2.984934453E-03 4.372000000E+00
2.850184500E-01 9.914699382E-01 2.950545089E-03 4.350000000E+00
2.864435400E-01 9.915560832E-01 2.916669906E-03 4.328000000E+00
2.878757600E-01 9.916381516E-01 2.884639254E-03 4.307000000E+00
2.893151400E-01 9.917239478E-01 2.851220379E-03 4.285000000E+00
2.907617100E-01 9.918057447E-01 2.819622424E-03 4.264000000E+00
2.922155200E-01 9.918874425E-01 2.788234529E-03 4.243000000E+00
2.936766000E-01 9.919690320E-01 2.757316646E-03 4.222000000E+00
2.951449800E-01 9.920505814E-01 2.726602571E-03 4.201000000E+00
2.966207100E-01 9.921321305E-01 2.696091802E-03 4.180000000E+00
2.981038100E-01 9.922136665E-01 2.665783835E-03 4.159000000E+00
2.995943300E-01 9.922952769E-01 2.635928399E-03 4.138000000E+00
3.010923000E-01 9.923733167E-01 2.607535948E-03 4.118000000E+00
3.025977600E-01 9.924552701E-01 2.578065614E-03 4.097000000E+00
3.041107500E-01 9.925338767E-01 2.550284792E-03 4.077000000E+00
3.056313000E-01 9.926129374E-01 2.522679143E-03 4.057000000E+00
3.071594600E-01 9.926962838E-01 2.494012245E-03 4.036000000E+00
3.086952600E-01 9.927768808E-01 2.466998894E-03 4.016000000E+00
3.102387300E-01 9.928587259E-01 2.439921512E-03 3.996000000E+00
3.117899300E-01 9.929388172E-01 2.414693978E-03 3.977000000E+00
3.133488800E-01 9.930251956E-01 2.388180272E-03 3.957000000E+00
3.149156200E-01 9.931159774E-01 2.362061356E-03 3.937000000E+00
3.164902000E-01 9.932147327E-01 2.336105778E-03 3.917000000E+00
3.180726500E-01 9.933284053E-01 2.311499062E-03 3.898000000E+00
3.196630100E-01 9.935359479E-01 2.287261032E-03 3.879000000E+00
3.203391900E-01 9.935648144E-01 2.534923240E-03 3.870000000E+00
3.212613300E-01 9.934927934E-01 2.520098054E-03 3.859000000E+00
3.228676400E-01 9.934882095E-01 2.494481511E-03 3.840000000E+00
3.244819700E-01 9.935146395E-01 2.469217526E-03 3.821000000E+00
3.261043800E-01 9.935523808E-01 2.444088381E-03 3.802000000E+00
3.277349100E-01 9.935959992E-01 2.419093979E-03 3.783000000E+00
3.293735800E-01 9.936431673E-01 2.394441269E-03 3.764000000E+00
3.310204500E-01 9.936893224E-01 2.371184755E-03 3.746000000E+00
3.326755500E-01 9.937405098E-01 2.346786110E-03 3.727000000E+00
3.343389300E-01 9.937929162E-01 2.322718652E-03 3.708000000E+00
3.360106200E-01 9.938428848E-01 2.299824758E-03 3.690000000E+00
3.376906800E-01 9.938936057E-01 2.277442168E-03 3.672000000E+00
3.393791300E-01 9.939481908E-01 2.253739831E-03 3.653000000E+00
3.410760200E-01 9.939999216E-01 2.231584139E-03 3.635000000E+00
3.427814000E-01 9.940520089E-01 2.209537889E-03 3.617000000E+00
3.444953100E-01 9.941044369E-01 2.187601079E-03 3.599000000E+00
3.462177900E-01 9.941571147E-01 2.165961110E-03 3.581000000E+00
3.479488800E-01 9.942100476E-01 2.144426823E-03 3.563000000E+00
3.496886200E-01 9.942599663E-01 2.124196158E-03 3.546000000E+00
3.514370600E-01 9.943133818E-01 2.102867343E-03 3.528000000E+00
3.531942500E-01 9.943670475E-01 2.081824336E-03 3.510000000E+00
3.549602200E-01 9.944178065E-01 2.062063955E-03 3.493000000E+00
3.567350200E-01 9.944690083E-01 2.042570889E-03 3.476000000E+00
3.585187000E-01 9.945239936E-01 2.021820796E-03 3.458000000E+00
3.603112900E-01 9.945767166E-01 2.002509665E-03 3.441000000E+00
3.621128500E-01 9.946310960E-01 1.983286029E-03 3.424000000E+00
3.639234100E-01 9.946892635E-01 1.964149965E-03 3.407000000E+00
3.657430300E-01 9.947652551E-01 1.945269490E-03 3.390000000E+00
3.657605600E-01 9.947652551E-01 1.945269490E-03 3.390000000E+00
3.666394400E-01 9.947881442E-01 1.991592929E-03 3.382000000E+00
3.675717400E-01 9.947933511E-01 1.981505973E-03 3.373000000E+00
3.694096000E-01 9.948259020E-01 1.962570173E-03 3.356000000E+00
3.712566500E-01 9.948623065E-01 1.944879505E-03 3.340000000E+00
3.731129300E-01 9.949041941E-01 1.926099928E-03 3.323000000E+00
3.749785000E-01 9.949472871E-01 1.907401359E-03 3.306000000E+00
3.768533900E-01 9.949880245E-01 1.889932669E-03 3.290000000E+00
3.787376600E-01 9.950292140E-01 1.872691559E-03 3.274000000E+00
3.806313500E-01 9.950737248E-01 1.854379586E-03 3.257000000E+00
3.825345000E-01 9.951153752E-01 1.837279594E-03 3.241000000E+00
3.844471800E-01 9.951571465E-01 1.820247938E-03 3.225000000E+00
3.863694100E-01 9.951990007E-01 1.803435262E-03 3.209000000E+00
3.883012600E-01 9.952409014E-01 1.786539252E-03 3.193000000E+00
3.902427600E-01 9.952827984E-01 1.769859557E-03 3.177000000E+00
3.921939800E-01 9.953246874E-01 1.753245871E-03 3.161000000E+00
3.941549500E-01 9.953635880E-01 1.737802966E-03 3.146000000E+00
3.961257200E-01 9.954054167E-01 1.721316947E-03 3.130000000E+00
3.981063500E-01 9.954471968E-01 1.705039176E-03 3.114000000E+00
4.000968800E-01 9.954859982E-01 1.689775316E-03 3.099000000E+00
4.020973700E-01 9.955276553E-01 1.673622001E-03 3.083000000E+00
4.041078500E-01 9.955663508E-01 1.658613945E-03 3.068000000E+00
4.061283900E-01 9.956049947E-01 1.643660974E-03 3.053000000E+00
4.081590400E-01 9.956435843E-01 1.628763265E-03 3.038000000E+00
4.101998300E-01 9.956821170E-01 1.613920996E-03 3.023000000E+00
4.122508300E-01 9.957234350E-01 1.598071266E-03 3.007000000E+00
4.143120800E-01 9.957590141E-01 1.584403486E-03 2.993000000E+00
4.163836400E-01 9.957973990E-01 1.569728601E-03 2.978000000E+00
4.184655600E-01 9.958357286E-01 1.555238165E-03 2.963000000E+00
4.205578900E-01 9.958740253E-01 1.540674461E-03 2.948000000E+00
4.226606800E-01 9.959122980E-01 1.526167269E-03 2.933000000E+00
4.247739800E-01 9.959477792E-01 1.512877592E-03 2.919000000E+00
4.268978500E-01 9.959860653E-01 1.498478116E-03 2.904000000E+00
4.290323400E-01 9.960216469E-01 1.485285355E-03 2.890000000E+00
4.311775000E-01 9.960600593E-01 1.470994301E-03 2.875000000E+00
4.333333900E-01 9.960958733E-01 1.457899153E-03 2.861000000E+00
4.355000600E-01 9.961319277E-01 1.444731961E-03 2.847000000E+00
4.376775600E-01 9.961683398E-01 1.431730959E-03 2.833000000E+00
4.398659500E-01 9.962053152E-01 1.418660570E-03 2.819000000E+00
4.420652800E-01 9.962432347E-01 1.405754379E-03 2.805000000E+00
4.442756000E-01 9.962829299E-01 1.392781434E-03 2.791000000E+00
4.464969800E-01 9.963268549E-01 1.379858022E-03 2.777000000E+00
4.484308300E-01 9.963795243E-01 1.368852274E-03 2.765000000E+00
4.487294700E-01 9.963950349E-01 1.367095860E-03 2.763000000E+00
4.497691500E-01 9.963976784E-01 1.419259302E-03 2.757000000E+00
4.509731100E-01 9.963972950E-01 1.411586887E-03 2.749000000E+00
4.532279800E-01 9.964123527E-01 1.399471016E-03 2.736000000E+00
4.554941200E-01 9.964364902E-01 1.386268355E-03 2.722000000E+00
4.577715900E-01 9.964630214E-01 1.373116762E-03 2.708000000E+00
4.600604500E-01 9.964881532E-01 1.361026257E-03 2.695000000E+00
4.623607500E-01 9.965140261E-01 1.348978611E-03 2.682000000E+00
4.646725500E-01 9.965429701E-01 1.335868282E-03 2.668000000E+00
4.669959200E-01 9.965696342E-01 1.323911913E-03 2.655000000E+00
4.693309000E-01 9.965965146E-01 1.311896844E-03 2.642000000E+00
4.716775500E-01 9.966235526E-01 1.300028236E-03 2.629000000E+00
4.740359400E-01 9.966507016E-01 1.288103217E-03 2.616000000E+00
4.764061200E-01 9.966804784E-01 1.275243535E-03 2.602000000E+00
4.787881500E-01 9.967052031E-01 1.264292467E-03 2.590000000E+00
4.811820900E-01 9.967324985E-01 1.252506015E-03 2.577000000E+00
4.835880000E-01 9.967598002E-01 1.240669615E-03 2.564000000E+00
4.860059400E-01 9.967871056E-01 1.228976515E-03 2.551000000E+00
4.884359700E-01 9.968143933E-01 1.217235668E-03 2.538000000E+00
4.908781500E-01 9.968391497E-01 1.206498337E-03 2.526000000E+00
4.933325400E-01 9.968663954E-01 1.194757876E-03 2.513000000E+00
4.957992000E-01 9.968911138E-01 1.184014637E-03 2.501000000E+00
4.982782000E-01 9.969182835E-01 1.172461485E-03 2.488000000E+00
5.007695900E-01 9.969429398E-01 1.161716383E-03 2.476000000E+00
5.032734400E-01 9.969663517E-01 1.151104159E-03 2.464000000E+00
5.057898000E-01 9.969933970E-01 1.139516551E-03 2.451000000E+00
5.083187500E-01 9.970179406E-01 1.128907405E-03 2.439000000E+00
5.108603500E-01 9.970424520E-01 1.118342648E-03 2.427000000E+00
5.134146500E-01 9.970669129E-01 1.107737126E-03 2.415000000E+00
5.159817200E-01 9.970913311E-01 1.097177836E-03 2.403000000E+00
5.185616300E-01 9.971157056E-01 1.086664839E-03 2.391000000E+00
5.211544400E-01 9.971400355E-01 1.076115491E-03 2.379000000E+00
5.237602100E-01 9.971643117E-01 1.065614228E-03 2.367000000E+00
5.263790100E-01 9.971885334E-01 1.055161101E-03 2.355000000E+00
5.290109100E-01 9.972103283E-01 1.045567868E-03 2.344000000E+00
5.316559600E-01 9.972334381E-01 1.035128215E-03 2.332000000E+00
5.343142400E-01 9.972575189E-01 1.024738474E-03 2.320000000E+00
5.369858100E-01 9.972791939E-01 1.015199988E-03 2.309000000E+00
5.396707400E-01 9.973031831E-01 1.004829517E-03 2.297000000E+00
5.423691000E-01 9.973247733E-01 9.953049634E-04 2.286000000E+00
5.450809400E-01 9.973463275E-01 9.859006658E-04 2.275000000E+00
5.478063500E-01 9.973701623E-01 9.755273859E-04 2.263000000E+00
5.505453800E-01 9.973916272E-01 9.661408531E-04 2.252000000E+00
5.532981000E-01 9.974130466E-01 9.567255831E-04 2.241000000E+00
5.560646000E-01 9.974344344E-01 9.472837428E-04 2.230000000E+00
5.588449200E-01 9.974557752E-01 9.378894346E-04 2.219000000E+00
5.616391400E-01 9.974770685E-01 9.285426482E-04 2.208000000E+00
5.644473400E-01 9.974983277E-01 9.191728354E-04 2.197000000E+00
5.672695800E-01 9.975195379E-01 9.098519323E-04 2.186000000E+00
5.701059200E-01 9.975407124E-01 9.005799174E-04 2.175000000E+00
5.729564500E-01 9.975618364E-01 8.912883355E-04 2.164000000E+00
5.758212300E-01 9.975829230E-01 8.820469874E-04 2.153000000E+00
5.787003400E-01 9.976039645E-01 8.727887914E-04 2.142000000E+00
5.815938400E-01 9.976227304E-01 8.643928242E-04 2.132000000E+00
5.845018100E-01 9.976436940E-01 8.551675004E-04 2.121000000E+00
5.874243200E-01 9.976623959E-01 8.467970796E-04 2.111000000E+00
5.903614400E-01 9.976832719E-01 8.376728594E-04 2.100000000E+00
5.933132500E-01 9.977019067E-01 8.293310136E-04 2.090000000E+00
5.962798200E-01 9.977226984E-01 8.202452038E-04 2.079000000E+00
5.992612200E-01 9.977412691E-01 8.119355109E-04 2.069000000E+00
6.022575200E-01 9.977598040E-01 8.036722182E-04 2.059000000E+00
6.052688100E-01 9.977804765E-01 7.946790211E-04 2.048000000E+00
6.082951500E-01 9.977989424E-01 7.864518539E-04 2.038000000E+00
6.113366300E-01 9.978173762E-01 7.782119841E-04 2.028000000E+00
6.143933100E-01 9.978357773E-01 7.700801387E-04 2.018000000E+00
6.174652800E-01 9.978541446E-01 7.618777039E-04 2.008000000E+00
6.205526000E-01 9.978724834E-01 7.537831355E-04 1.998000000E+00
6.236553700E-01 9.978907868E-01 7.456790878E-04 1.988000000E+00
6.267736400E-01 9.979090541E-01 7.375672205E-04 1.978000000E+00
6.299075100E-01 9.979272901E-01 7.295057751E-04 1.968000000E+00
6.330570500E-01 9.979433947E-01 7.222318143E-04 1.959000000E+00
6.362223400E-01 9.979615731E-01 7.142110213E-04 1.949000000E+00
6.394034500E-01 9.979797120E-01 7.062415037E-04 1.939000000E+00
6.426004600E-01 9.979978158E-01 6.982687780E-04 1.929000000E+00
6.458134700E-01 9.980138154E-01 6.910679168E-04 1.920000000E+00
6.490425300E-01 9.980318600E-01 6.831949814E-04 1.910000000E+00
6.522877500E-01 9.980478082E-01 6.760323113E-04 1.901000000E+00
6.555491900E-01 9.980657844E-01 6.681547808E-04 1.891000000E+00
6.588269300E-01 9.980816830E-01 6.610852547E-04 1.882000000E+00
6.621210700E-01 9.980975564E-01 6.540085601E-04 1.873000000E+00
6.654316700E-01 9.981154327E-01 6.462321315E-04 1.863000000E+00
6.687588300E-01 9.981312563E-01 6.391997156E-04 1.854000000E+00
6.721026200E-01 9.981470522E-01 6.322130309E-04 1.845000000E+00
6.754631400E-01 9.981628246E-01 6.252227029E-04 1.836000000E+00
6.788404500E-01 9.981805658E-01 6.176022035E-04 1.826000000E+00
6.822346600E-01 9.981962810E-01 6.106606802E-04 1.817000000E+00
6.856458300E-01 9.982119746E-01 6.037663277E-04 1.808000000E+00
6.890740600E-01 9.982276362E-01 5.968717223E-04 1.799000000E+00
6.925194300E-01 9.982432792E-01 5.900249761E-04 1.790000000E+00
6.959820200E-01 9.982588884E-01 5.832259540E-04 1.781000000E+00
6.994619400E-01 9.982725287E-01 5.770794148E-04 1.773000000E+00
7.029592400E-01 9.982880939E-01 5.703261442E-04 1.764000000E+00
7.064740400E-01 9.983036318E-01 5.635761158E-04 1.755000000E+00
7.100064100E-01 9.983191415E-01 5.568751190E-04 1.746000000E+00
7.135564400E-01 9.983327083E-01 5.508125767E-04 1.738000000E+00
7.171242300E-01 9.983481707E-01 5.442053080E-04 1.729000000E+00
7.207098500E-01 9.983636018E-01 5.375601659E-04 1.720000000E+00
7.243134000E-01 9.983771097E-01 5.315861028E-04 1.712000000E+00
7.279349600E-01 9.983924920E-01 5.250368855E-04 1.703000000E+00
7.315746400E-01 9.984059597E-01 5.191499879E-04 1.695000000E+00
7.352325100E-01 9.984212890E-01 5.126545489E-04 1.686000000E+00
7.389086700E-01 9.984347170E-01 5.068135025E-04 1.678000000E+00
7.426032200E-01 9.984481312E-01 5.009735723E-04 1.670000000E+00
7.463162300E-01 9.984633776E-01 4.945804582E-04 1.661000000E+00
7.500478100E-01 9.984767463E-01 4.888294975E-04 1.653000000E+00
7.537980500E-01 9.984900983E-01 4.830812162E-04 1.645000000E+00
7.575670400E-01 9.985034289E-01 4.773757865E-04 1.637000000E+00
7.613548800E-01 9.985185652E-01 4.710953638E-04 1.628000000E+00
7.651616500E-01 9.985318502E-01 4.654413025E-04 1.620000000E+00
7.689874600E-01 9.985451185E-01 4.598303967E-04 1.612000000E+00
7.728324000E-01 9.985583689E-01 4.542248965E-04 1.604000000E+00
7.766965600E-01 9.985715967E-01 4.486629970E-04 1.596000000E+00
7.805800400E-01 9.985848045E-01 4.431445410E-04 1.588000000E+00
7.844829400E-01 9.985979915E-01 4.376693713E-04 1.580000000E+00
7.884053600E-01 9.986093888E-01 4.327512671E-04 1.573000000E+00
7.923473800E-01 9.986225384E-01 4.273226947E-04 1.565000000E+00
7.963091200E-01 9.986356604E-01 4.219376785E-04 1.557000000E+00
8.002906700E-01 9.986487610E-01 4.165609917E-04 1.549000000E+00
8.042921200E-01 9.986601016E-01 4.117621474E-04 1.542000000E+00
8.083135800E-01 9.986731570E-01 4.065034717E-04 1.534000000E+00
8.123551500E-01 9.986861877E-01 4.012196500E-04 1.526000000E+00
8.164169300E-01 9.986974783E-01 3.965356078E-04 1.519000000E+00
8.204990100E-01 9.987104613E-01 3.913354916E-04 1.511000000E+00
8.246015000E-01 9.987217173E-01 3.867263248E-04 1.504000000E+00
8.287245100E-01 9.987346519E-01 3.816092823E-04 1.496000000E+00
8.328681300E-01 9.987458728E-01 3.770420189E-04 1.489000000E+00
8.370324800E-01 9.987587550E-01 3.719757125E-04 1.481000000E+00
8.412176400E-01 9.987699370E-01 3.674834352E-04 1.474000000E+00
8.454237300E-01 9.987811049E-01 3.629949809E-04 1.467000000E+00
8.496508400E-01 9.987939085E-01 3.580823872E-04 1.459000000E+00
8.538991000E-01 9.988050318E-01 3.536686878E-04 1.452000000E+00
8.581685900E-01 9.988161382E-01 3.492904401E-04 1.445000000E+00
8.624594400E-01 9.988272268E-01 3.449172880E-04 1.438000000E+00
8.667717300E-01 9.988399197E-01 3.401339469E-04 1.430000000E+00
8.711055900E-01 9.988509623E-01 3.358651818E-04 1.423000000E+00
8.754611200E-01 9.988619813E-01 3.316020029E-04 1.416000000E+00
8.798384300E-01 9.988729817E-01 3.274031640E-04 1.409000000E+00
8.842376200E-01 9.988839625E-01 3.232102113E-04 1.402000000E+00
8.886588100E-01 9.988949199E-01 3.190523044E-04 1.395000000E+00
8.931021000E-01 9.989058529E-01 3.149293013E-04 1.388000000E+00
8.975676100E-01 9.989167664E-01 3.108689310E-04 1.381000000E+00
9.020554500E-01 9.989276537E-01 3.068150286E-04 1.374000000E+00
9.065657300E-01 9.989369632E-01 3.032387756E-04 1.368000000E+00
9.110985600E-01 9.989478117E-01 2.992230415E-04 1.361000000E+00
9.156540500E-01 9.989586341E-01 2.952688642E-04 1.354000000E+00
9.202323200E-01 9.989694294E-01 2.913487537E-04 1.347000000E+00
9.248334800E-01 9.989786767E-01 2.878917768E-04 1.341000000E+00
9.294576500E-01 9.989894284E-01 2.840358468E-04 1.334000000E+00
9.341049400E-01 9.990001530E-01 2.801878381E-04 1.327000000E+00
9.387754600E-01 9.990093526E-01 2.768182925E-04 1.321000000E+00
9.434693400E-01 9.990200281E-01 2.730596835E-04 1.314000000E+00
9.481866800E-01 9.990291947E-01 2.697216130E-04 1.308000000E+00
9.529276200E-01 9.990398225E-01 2.660261506E-04 1.301000000E+00
9.576922600E-01 9.990489525E-01 2.627693230E-04 1.295000000E+00
9.624807200E-01 9.990595336E-01 2.591119804E-04 1.288000000E+00
9.672931200E-01 9.990686283E-01 2.559109251E-04 1.282000000E+00
9.721295900E-01 9.990791517E-01 2.523161799E-04 1.275000000E+00
9.769902300E-01 9.990882076E-01 2.491704286E-04 1.269000000E+00
9.818751900E-01 9.990972476E-01 2.460505053E-04 1.263000000E+00
9.867845600E-01 9.991076946E-01 2.425698941E-04 1.256000000E+00
9.917184800E-01 9.991166949E-01 2.394815317E-04 1.250000000E+00
9.966770800E-01 9.991256812E-01 2.364417256E-04 1.244000000E+00
1.001660500E+00 9.991337051E-01 2.332033427E-04 1.238000000E+00
1.006668800E+00 9.991402541E-01 2.295731471E-04 1.232000000E+00
1.011702100E+00 9.991472987E-01 2.259806317E-04 1.226000000E+00
1.016760600E+00 9.991560983E-01 2.220828334E-04 1.219000000E+00
1.021844400E+00 9.991637940E-01 2.185903722E-04 1.213000000E+00
1.026953600E+00 9.991717181E-01 2.151558488E-04 1.207000000E+00
1.032088400E+00 9.991798270E-01 2.117573586E-04 1.201000000E+00
1.037248900E+00 9.991880828E-01 2.084051464E-04 1.195000000E+00
1.042435100E+00 9.991964614E-01 2.050966434E-04 1.189000000E+00
1.047647300E+00 9.992049413E-01 2.018334572E-04 1.183000000E+00
1.052885500E+00 9.992121689E-01 1.989507003E-04 1.178000000E+00
1.058149900E+00 9.992208123E-01 1.957689737E-04 1.172000000E+00
1.063440700E+00 9.992295149E-01 1.926312017E-04 1.166000000E+00
1.068757900E+00 9.992382657E-01 1.895349296E-04 1.160000000E+00
1.074101700E+00 9.992470594E-01 1.864777870E-04 1.154000000E+00
1.079472200E+00 9.992545925E-01 1.837830260E-04 1.149000000E+00
1.084869500E+00 9.992634606E-01 1.808052072E-04 1.143000000E+00
1.090293900E+00 9.992723537E-01 1.778672389E-04 1.137000000E+00
1.095745400E+00 9.992799978E-01 1.752782485E-04 1.132000000E+00
1.101224100E+00 9.992889200E-01 1.724153059E-04 1.126000000E+00
1.106730200E+00 9.992978803E-01 1.695910100E-04 1.120000000E+00
1.112263900E+00 9.993056069E-01 1.671045585E-04 1.115000000E+00
1.117825200E+00 9.993146021E-01 1.643529977E-04 1.109000000E+00
1.123414300E+00 9.993223787E-01 1.619303428E-04 1.104000000E+00
1.129031400E+00 9.993314031E-01 1.592482907E-04 1.098000000E+00
1.134676500E+00 9.993392278E-01 1.568899258E-04 1.093000000E+00
1.140349900E+00 9.993482772E-01 1.542760054E-04 1.087000000E+00
1.146051700E+00 9.993561479E-01 1.519788955E-04 1.082000000E+00
1.151781900E+00 9.993652246E-01 1.494334567E-04 1.076000000E+00
1.157540800E+00 9.993731403E-01 1.471963627E-04 1.071000000E+00
1.163328500E+00 9.993810853E-01 1.449882293E-04 1.066000000E+00
1.169145200E+00 9.993902118E-01 1.425396888E-04 1.060000000E+00
1.174990900E+00 9.993982102E-01 1.403897568E-04 1.055000000E+00
1.180865900E+00 9.994062418E-01 1.382679011E-04 1.050000000E+00
1.186770200E+00 9.994143073E-01 1.361722330E-04 1.045000000E+00
1.192704000E+00 9.994224134E-01 1.341040882E-04 1.040000000E+00
1.198667600E+00 9.994316585E-01 1.318065434E-04 1.034000000E+00
1.204660900E+00 9.994398388E-01 1.297937174E-04 1.029000000E+00
1.210684200E+00 9.994480658E-01 1.278060234E-04 1.024000000E+00
1.216737600E+00 9.994563455E-01 1.258447395E-04 1.019000000E+00
1.222821300E+00 9.994646833E-01 1.239080805E-04 1.014000000E+00
1.228935400E+00 9.994730813E-01 1.219958099E-04 1.009000000E+00
1.235080100E+00 9.994815490E-01 1.201091656E-04 1.004000000E+00
1.241255500E+00 9.994901944E-01 1.182212815E-04 9.989000000E-01
1.247461800E+00 9.994988178E-01 1.163838941E-04 9.939000000E-01
1.253699100E+00 9.995075348E-01 1.145684732E-04 9.889000000E-01
1.259967600E+00 9.995162546E-01 1.128005875E-04 9.840000000E-01
1.266267400E+00 9.995250922E-01 1.110537528E-04 9.791000000E-01
1.272598800E+00 9.995339641E-01 1.093530108E-04 9.743000000E-01
1.278961800E+00 9.995430784E-01 1.076529704E-04 9.694000000E-01
1.285356600E+00 9.995522656E-01 1.059749193E-04 9.646000000E-01
1.291783300E+00 9.995616444E-01 1.043143499E-04 9.598000000E-01
1.298242300E+00 9.995712372E-01 1.026765021E-04 9.550000000E-01
1.304733500E+00 9.995809899E-01 1.010810772E-04 9.503000000E-01
1.311257100E+00 9.995911145E-01 9.948509055E-05 9.455000000E-01
1.317813400E+00 9.996014828E-01 9.793194829E-05 9.408000000E-01
1.324402500E+00 9.996121524E-01 9.641817322E-05 9.362000000E-01
1.331024500E+00 9.996233622E-01 9.490472468E-05 9.315000000E-01
1.337679600E+00 9.996350329E-01 9.343108858E-05 9.269000000E-01
1.344368000E+00 9.996474382E-01 9.195653229E-05 9.222000000E-01
1.351089900E+00 9.996604936E-01 9.054069671E-05 9.177000000E-01
1.357845300E+00 9.996746473E-01 8.912356022E-05 9.131000000E-01
1.364634500E+00 9.996900409E-01 8.774419116E-05 9.086000000E-01
1.371457700E+00 9.997072553E-01 8.636356862E-05 9.040000000E-01
1.378315000E+00 9.997268614E-01 8.501993105E-05 8.995000000E-01
1.385206600E+00 9.997501095E-01 8.371131835E-05 8.951000000E-01
1.392132600E+00 9.997796242E-01 8.240229876E-05 8.906000000E-01
1.399093300E+00 9.998218494E-01 8.112872519E-05 8.862000000E-01
1.406088700E+00 9.999086497E-01 7.987058697E-05 8.818000000E-01
1.409097000E+00 1.000104976E+00 7.933442376E-05 8.799000000E-01
1.409502900E+00 1.000108771E+00 3.004826349E-04 8.796000000E-01
1.413119200E+00 9.999044320E-01 2.978001626E-04 8.774000000E-01
1.420184800E+00 9.998383648E-01 2.925599125E-04 8.730000000E-01
1.427285700E+00 9.998135586E-01 2.874573095E-04 8.687000000E-01
1.434422100E+00 9.998044352E-01 2.823693939E-04 8.643000000E-01
1.441594200E+00 9.998080527E-01 2.774266997E-04 8.600000000E-01
1.448802200E+00 9.998356903E-01 2.726150843E-04 8.558000000E-01
1.452919200E+00 9.999355382E-01 2.698435632E-04 8.533000000E-01
1.453680800E+00 9.999363983E-01 4.054383754E-04 8.529000000E-01
1.456046200E+00 9.998468936E-01 4.030806667E-04 8.515000000E-01
1.463326500E+00 9.997812468E-01 3.960086486E-04 8.473000000E-01
1.470643100E+00 9.997500793E-01 3.890280529E-04 8.431000000E-01
1.477996300E+00 9.997288410E-01 3.821483965E-04 8.389000000E-01
1.485386300E+00 9.997127550E-01 3.753787884E-04 8.347000000E-01
1.492813200E+00 9.996999537E-01 3.687077762E-04 8.305000000E-01
1.500277300E+00 9.996894107E-01 3.622319386E-04 8.264000000E-01
1.507778700E+00 9.996806321E-01 3.558402613E-04 8.223000000E-01
1.515317600E+00 9.996732529E-01 3.495515956E-04 8.182000000E-01
1.522894200E+00 9.996670180E-01 3.433646427E-04 8.141000000E-01
1.530508600E+00 9.996616585E-01 3.373422155E-04 8.101000000E-01
1.538161200E+00 9.996571136E-01 3.314171936E-04 8.061000000E-01
1.545852000E+00 9.996533617E-01 3.254977639E-04 8.020000000E-01
1.553581200E+00 9.996500544E-01 3.198358187E-04 7.981000000E-01
1.561349100E+00 9.996473819E-01 3.141681786E-04 7.941000000E-01
1.569155900E+00 9.996451990E-01 3.085936103E-04 7.901000000E-01
1.577001700E+00 9.996433663E-01 3.031789984E-04 7.862000000E-01
1.584886700E+00 9.996419304E-01 2.978353888E-04 7.823000000E-01
1.592811100E+00 9.996408563E-01 2.925798732E-04 7.784000000E-01
1.600775200E+00 9.996401148E-01 2.874113054E-04 7.745000000E-01
1.608779000E+00 9.996395848E-01 2.823844670E-04 7.707000000E-01
1.616822900E+00 9.996394313E-01 2.773598557E-04 7.668000000E-01
1.624907000E+00 9.996394468E-01 2.724822509E-04 7.630000000E-01
1.633031600E+00 9.996397063E-01 2.676859729E-04 7.592000000E-01
1.641196700E+00 9.996401008E-01 2.630228932E-04 7.555000000E-01
1.649402700E+00 9.996408071E-01 2.583605651E-04 7.517000000E-01
1.657649700E+00 9.996416232E-01 2.538447415E-04 7.480000000E-01
1.665938000E+00 9.996427308E-01 2.493215780E-04 7.442000000E-01
1.674267700E+00 9.996439306E-01 2.449334258E-04 7.405000000E-01
1.682639000E+00 9.996453118E-01 2.406116481E-04 7.368000000E-01
1.691052200E+00 9.996467747E-01 2.364278226E-04 7.332000000E-01
1.699507500E+00 9.996485086E-01 2.322356061E-04 7.295000000E-01
1.708005000E+00 9.996503213E-01 2.281626576E-04 7.259000000E-01
1.716545000E+00 9.996523111E-01 2.241592445E-04 7.223000000E-01
1.725127800E+00 9.996544858E-01 2.202168726E-04 7.187000000E-01
1.733753400E+00 9.996568550E-01 2.163273561E-04 7.151000000E-01
1.742422200E+00 9.996593414E-01 2.125573462E-04 7.116000000E-01
1.751134300E+00 9.996621649E-01 2.087859036E-04 7.080000000E-01
1.759889900E+00 9.996651806E-01 2.051310652E-04 7.045000000E-01
1.768689400E+00 9.996685580E-01 2.015324247E-04 7.010000000E-01
1.777532800E+00 9.996724318E-01 1.979822070E-04 6.975000000E-01
1.786420500E+00 9.996770623E-01 1.944870028E-04 6.940000000E-01
1.795352600E+00 9.996829844E-01 1.911014939E-04 6.906000000E-01
1.804329400E+00 9.996926313E-01 1.877067439E-04 6.871000000E-01
1.809879500E+00 9.997074720E-01 1.856765463E-04 6.850000000E-01
1.813351000E+00 9.997105698E-01 2.169010069E-04 6.837000000E-01
1.813720500E+00 9.997083606E-01 2.167624423E-04 6.836000000E-01
1.822417800E+00 9.996919535E-01 2.129162378E-04 6.803000000E-01
1.831529900E+00 9.996871948E-01 2.089988339E-04 6.769000000E-01
1.840687500E+00 9.996850076E-01 2.052022103E-04 6.736000000E-01
1.849890900E+00 9.996841511E-01 2.014030251E-04 6.702000000E-01
1.859140400E+00 9.996839456E-01 1.977216579E-04 6.669000000E-01
1.868436100E+00 9.996842535E-01 1.941029843E-04 6.636000000E-01
1.877778300E+00 9.996849508E-01 1.905461797E-04 6.603000000E-01
1.887167200E+00 9.996859643E-01 1.870378090E-04 6.570000000E-01
1.896603000E+00 9.996872552E-01 1.835836828E-04 6.537000000E-01
1.906086000E+00 9.996887036E-01 1.803189807E-04 6.505000000E-01
1.915616500E+00 9.996903997E-01 1.771351918E-04 6.472000000E-01
1.925194500E+00 9.996921403E-01 1.740544969E-04 6.440000000E-01
1.934820500E+00 9.996940238E-01 1.710329019E-04 6.408000000E-01
1.944494600E+00 9.996960568E-01 1.680635508E-04 6.376000000E-01
1.954217100E+00 9.996982513E-01 1.651457143E-04 6.344000000E-01
1.963988200E+00 9.997005408E-01 1.623242677E-04 6.313000000E-01
1.973808100E+00 9.997031752E-01 1.594951876E-04 6.281000000E-01
1.983677200E+00 9.997061031E-01 1.567715795E-04 6.250000000E-01
1.993595500E+00 9.997098292E-01 1.540898668E-04 6.219000000E-01
2.003563500E+00 9.997173106E-01 1.514495419E-04 6.188000000E-01
2.003633700E+00 9.997173106E-01 1.514495419E-04 6.188000000E-01
2.007966300E+00 9.997182369E-01 1.610445812E-04 6.175000000E-01
2.013581300E+00 9.997148730E-01 1.594201254E-04 6.157000000E-01
2.023649200E+00 9.997137679E-01 1.566689282E-04 6.127000000E-01
2.033767500E+00 9.997141600E-01 1.539145698E-04 6.096000000E-01
2.043936300E+00 9.997150107E-01 1.512526484E-04 6.066000000E-01
2.054156000E+00 9.997161774E-01 1.486368631E-04 6.036000000E-01
2.064426800E+00 9.997175574E-01 1.460665699E-04 6.006000000E-01
2.074748900E+00 9.997190995E-01 1.435306917E-04 5.976000000E-01
2.085122700E+00 9.997207725E-01 1.410392408E-04 5.946000000E-01
2.095548300E+00 9.997224668E-01 1.386384430E-04 5.917000000E-01
2.106026000E+00 9.997243638E-01 1.362333791E-04 5.887000000E-01
2.116556200E+00 9.997262473E-01 1.339717516E-04 5.858000000E-01
2.127138900E+00 9.997281933E-01 1.317448933E-04 5.829000000E-01
2.137774600E+00 9.997302073E-01 1.295523728E-04 5.800000000E-01
2.148463500E+00 9.997322974E-01 1.274034956E-04 5.771000000E-01
2.159205800E+00 9.997344776E-01 1.252830889E-04 5.742000000E-01
2.170001800E+00 9.997366839E-01 1.232435503E-04 5.714000000E-01
2.180851900E+00 9.997391648E-01 1.211928260E-04 5.685000000E-01
2.191756100E+00 9.997419163E-01 1.192162865E-04 5.657000000E-01
2.202285600E+00 9.997458224E-01 1.173398670E-04 5.630000000E-01
2.202714900E+00 9.997460706E-01 1.172704043E-04 5.629000000E-01
2.210714500E+00 9.997472783E-01 1.212733430E-04 5.608000000E-01
2.213728500E+00 9.997467765E-01 1.207598948E-04 5.601000000E-01
2.224797100E+00 9.997470026E-01 1.187975561E-04 5.573000000E-01
2.235921100E+00 9.997480507E-01 1.168609412E-04 5.545000000E-01
2.247100700E+00 9.997492983E-01 1.149959240E-04 5.518000000E-01
2.258336200E+00 9.997507927E-01 1.131182956E-04 5.490000000E-01
2.269627900E+00 9.997522962E-01 1.113062140E-04 5.463000000E-01
2.280976000E+00 9.997538715E-01 1.095220885E-04 5.436000000E-01
2.292380900E+00 9.997555007E-01 1.077612837E-04 5.409000000E-01
2.303842800E+00 9.997571727E-01 1.060278033E-04 5.382000000E-01
2.315362000E+00 9.997588809E-01 1.043171016E-04 5.355000000E-01
2.326938800E+00 9.997606168E-01 1.026372492E-04 5.328000000E-01
2.338573500E+00 9.997622840E-01 1.010217666E-04 5.302000000E-01
2.350266400E+00 9.997640576E-01 9.938961084E-05 5.275000000E-01
2.362017700E+00 9.997657585E-01 9.780025401E-05 5.249000000E-01
2.373827800E+00 9.997674805E-01 9.622383562E-05 5.223000000E-01
2.385697000E+00 9.997692206E-01 9.466433133E-05 5.197000000E-01
2.397625400E+00 9.997709769E-01 9.312946562E-05 5.171000000E-01
2.409613600E+00 9.997727469E-01 9.161504423E-05 5.145000000E-01
2.421661600E+00 9.997744409E-01 9.015990533E-05 5.120000000E-01
2.433769900E+00 9.997762344E-01 8.868531631E-05 5.094000000E-01
2.445938800E+00 9.997779500E-01 8.726498705E-05 5.069000000E-01
2.458168500E+00 9.997796746E-01 8.586351035E-05 5.044000000E-01
2.470459300E+00 9.997814074E-01 8.448437657E-05 5.019000000E-01
2.482811600E+00 9.997831474E-01 8.311999692E-05 4.994000000E-01
2.495225700E+00 9.997848935E-01 8.177390073E-05 4.969000000E-01
2.507701800E+00 9.997866453E-01 8.044590044E-05 4.944000000E-01
2.520240300E+00 9.997883162E-01 7.916798843E-05 4.920000000E-01
2.532841500E+00 9.997900775E-01 7.787525784E-05 4.895000000E-01
2.545505700E+00 9.997917568E-01 7.663153168E-05 4.871000000E-01
2.558233300E+00 9.997935251E-01 7.536991565E-05 4.846000000E-01
2.571024400E+00 9.997952108E-01 7.415970386E-05 4.822000000E-01
2.583879600E+00 9.997968991E-01 7.296243413E-05 4.798000000E-01
2.596799000E+00 9.997985045E-01 7.181144283E-05 4.775000000E-01
2.609782900E+00 9.998001957E-01 7.064277346E-05 4.751000000E-01
2.622831900E+00 9.998018899E-01 6.948350882E-05 4.727000000E-01
2.635946000E+00 9.998035036E-01 6.836920947E-05 4.704000000E-01
2.649125700E+00 9.998052036E-01 6.723804291E-05 4.680000000E-01
2.662371400E+00 9.998068220E-01 6.615408568E-05 4.657000000E-01
2.675683200E+00 9.998084424E-01 6.508174560E-05 4.634000000E-01
2.689061700E+00 9.998100639E-01 6.402406759E-05 4.611000000E-01
2.702507000E+00 9.998116864E-01 6.298089672E-05 4.588000000E-01
2.716019500E+00 9.998133093E-01 6.194903365E-05 4.565000000E-01
2.729599600E+00 9.998149326E-01 6.093444667E-05 4.542000000E-01
2.743247600E+00 9.998164741E-01 5.995745011E-05 4.520000000E-01
2.756963800E+00 9.998180969E-01 5.896757935E-05 4.497000000E-01
2.770748600E+00 9.998196382E-01 5.801744480E-05 4.475000000E-01
2.784602400E+00 9.998212589E-01 5.705184829E-05 4.452000000E-01
2.798525400E+00 9.998227982E-01 5.612802901E-05 4.430000000E-01
2.812518000E+00 9.998243361E-01 5.521415646E-05 4.408000000E-01
2.826580600E+00 9.998252792E-01 5.430736594E-05 4.386000000E-01
2.840713500E+00 9.998267408E-01 5.343495204E-05 4.365000000E-01
2.854917100E+00 9.998282806E-01 5.254761514E-05 4.343000000E-01
2.869191700E+00 9.998298187E-01 5.167552518E-05 4.321000000E-01
2.883537600E+00 9.998312764E-01 5.083670259E-05 4.300000000E-01
2.897955300E+00 9.998328102E-01 4.998353262E-05 4.278000000E-01
2.912445100E+00 9.998338684E-01 4.916562636E-05 4.257000000E-01
2.927007300E+00 9.998353214E-01 4.835397059E-05 4.236000000E-01
2.941642400E+00 9.998367710E-01 4.755638407E-05 4.215000000E-01
2.956350600E+00 9.998382163E-01 4.676752263E-05 4.194000000E-01
2.971132300E+00 9.998396556E-01 4.598988353E-05 4.173000000E-01
2.985988000E+00 9.998410860E-01 4.522334257E-05 4.152000000E-01
3.000917900E+00 9.998424249E-01 4.448681269E-05 4.132000000E-01
3.015922500E+00 9.998438602E-01 4.369247621E-05 4.111000000E-01
3.031002100E+00 9.998452280E-01 4.293086453E-05 4.091000000E-01
3.046157100E+00 9.998466744E-01 4.215960730E-05 4.070000000E-01
3.061387900E+00 9.998480468E-01 4.142268431E-05 4.050000000E-01
3.076694900E+00 9.998494197E-01 4.069417366E-05 4.030000000E-01
3.092078300E+00 9.998507924E-01 3.997872778E-05 4.010000000E-01
3.107538700E+00 9.998521644E-01 3.927383251E-05 3.990000000E-01
3.123076400E+00 9.998535357E-01 3.858167466E-05 3.970000000E-01
3.138691800E+00 9.998549055E-01 3.789750886E-05 3.950000000E-01
3.154385300E+00 9.998562002E-01 3.724249226E-05 3.931000000E-01
3.170157200E+00 9.998575667E-01 3.657837645E-05 3.911000000E-01
3.186008000E+00 9.998588585E-01 3.594270648E-05 3.892000000E-01
3.201938000E+00 9.998602206E-01 3.529819657E-05 3.872000000E-01
3.217947700E+00 9.998615083E-01 3.468144221E-05 3.853000000E-01
3.234037400E+00 9.998627937E-01 3.407387180E-05 3.834000000E-01
3.250207600E+00 9.998640766E-01 3.347538206E-05 3.815000000E-01
3.266458700E+00 9.998653570E-01 3.288797612E-05 3.796000000E-01
3.282791000E+00 9.998666344E-01 3.230731939E-05 3.777000000E-01
3.299204900E+00 9.998679088E-01 3.173750122E-05 3.758000000E-01
3.315700900E+00 9.998691800E-01 3.117427239E-05 3.739000000E-01
3.332279400E+00 9.998703783E-01 3.063810529E-05 3.721000000E-01
3.348940800E+00 9.998716430E-01 3.009169366E-05 3.702000000E-01
3.365685600E+00 9.998728352E-01 2.956971102E-05 3.684000000E-01
3.382514000E+00 9.998740930E-01 2.903975144E-05 3.665000000E-01
3.399426500E+00 9.998752785E-01 2.853362207E-05 3.647000000E-01
3.416423700E+00 9.998764606E-01 2.803518195E-05 3.629000000E-01
3.433505800E+00 9.998776393E-01 2.754624709E-05 3.611000000E-01
3.450673300E+00 9.998788144E-01 2.706289854E-05 3.593000000E-01
3.467926700E+00 9.998799858E-01 2.658697249E-05 3.575000000E-01
3.485266300E+00 9.998811534E-01 2.612023007E-05 3.557000000E-01
3.502692700E+00 9.998822506E-01 2.567337014E-05 3.540000000E-01
3.520206100E+00 9.998834106E-01 2.521898450E-05 3.522000000E-01
3.537807200E+00 9.998845005E-01 2.478581684E-05 3.505000000E-01
3.555496200E+00 9.998856525E-01 2.434709668E-05 3.487000000E-01
3.573273700E+00 9.998867348E-01 2.392727874E-05 3.470000000E-01
3.591140000E+00 9.998878135E-01 2.351393796E-05 3.453000000E-01
3.609095700E+00 9.998889528E-01 2.309354868E-05 3.435000000E-01
3.627141200E+00 9.998898463E-01 2.269138985E-05 3.418000000E-01
3.645276900E+00 9.998909133E-01 2.229043750E-05 3.401000000E-01
3.663503300E+00 9.998919770E-01 2.189578735E-05 3.384000000E-01
3.681820800E+00 9.998930374E-01 2.150570604E-05 3.367000000E-01
3.700229900E+00 9.998940310E-01 2.113606039E-05 3.351000000E-01
3.718731100E+00 9.998950845E-01 2.075808966E-05 3.334000000E-01
3.737324700E+00 9.998961342E-01 2.038776030E-05 3.317000000E-01
3.756011400E+00 9.998971175E-01 2.003390147E-05 3.301000000E-01
3.774791400E+00 9.998980976E-01 1.968561743E-05 3.285000000E-01
3.793665400E+00 9.998991362E-01 1.933100770E-05 3.268000000E-01
3.812633700E+00 9.999001089E-01 1.899381830E-05 3.252000000E-01
3.831696900E+00 9.999010782E-01 1.866199862E-05 3.236000000E-01
3.850855400E+00 9.999020437E-01 1.833548182E-05 3.220000000E-01
3.870109600E+00 9.999030056E-01 1.801270132E-05 3.204000000E-01
3.889460200E+00 9.999039636E-01 1.769512128E-05 3.188000000E-01
3.908907500E+00 9.999049179E-01 1.738414634E-05 3.172000000E-01
3.928452000E+00 9.999058681E-01 1.707675571E-05 3.156000000E-01
3.948094300E+00 9.999068144E-01 1.677292897E-05 3.140000000E-01
3.967834700E+00 9.999076975E-01 1.648604747E-05 3.125000000E-01
3.987673900E+00 9.999086359E-01 1.619194645E-05 3.109000000E-01
4.055024000E+00 9.999109559E-01 1.525920502E-05 3.058000000E-01
4.334821000E+00 9.999222272E-01 1.202153261E-05 2.860000000E-01
4.633924000E+00 9.999320570E-01 9.483738276E-06 2.676000000E-01
4.953664000E+00 9.999407576E-01 7.484145461E-06 2.503000000E-01
5.295467000E+00 9.999483933E-01 5.913065162E-06 2.341000000E-01
5.660855000E+00 9.999550603E-01 4.680168064E-06 2.190000000E-01
6.051453000E+00 9.999608939E-01 3.709772661E-06 2.049000000E-01
6.469004000E+00 9.999660232E-01 2.929424976E-06 1.917000000E-01
6.915365000E+00 9.999705734E-01 2.311217762E-06 1.793000000E-01
7.392525000E+00 9.999746348E-01 1.825880857E-06 1.677000000E-01
7.902609000E+00 9.999783942E-01 1.445310291E-06 1.569000000E-01
8.190742000E+00 9.999806061E-01 1.273135604E-06 1.514000000E-01
8.316110000E+00 9.999821553E-01 1.206223713E-06 1.491000000E-01
8.349542000E+00 9.999834192E-01 1.189187581E-06 1.485000000E-01
8.399689000E+00 9.999825101E-01 3.325055514E-06 1.476000000E-01
8.447890000E+00 9.999821652E-01 3.248483505E-06 1.468000000E-01
8.525058000E+00 9.999820914E-01 3.125028789E-06 1.454000000E-01
9.030794000E+00 9.999835128E-01 2.499406803E-06 1.373000000E-01
9.079014000E+00 9.999837084E-01 2.451898736E-06 1.366000000E-01
9.217979000E+00 9.999845049E-01 2.317211745E-06 1.345000000E-01
9.255036000E+00 9.999850564E-01 2.284559887E-06 1.340000000E-01
9.310622000E+00 9.999847543E-01 3.117055218E-06 1.332000000E-01
9.449586000E+00 9.999847758E-01 2.940889136E-06 1.312000000E-01
9.556274000E+00 9.999849943E-01 2.813552813E-06 1.297000000E-01
9.653919000E+00 9.999852589E-01 2.704188913E-06 1.284000000E-01
9.702543000E+00 9.999854335E-01 2.653197431E-06 1.278000000E-01
9.741549000E+00 9.999857168E-01 2.612821541E-06 1.273000000E-01
9.800056000E+00 9.999856416E-01 2.953078194E-06 1.265000000E-01
9.946326000E+00 9.999857622E-01 2.800326549E-06 1.247000000E-01
1.032004000E+01 9.999864723E-01 2.443451424E-06 1.201000000E-01
1.103212000E+01 9.999878714E-01 1.915675337E-06 1.124000000E-01
1.179334000E+01 9.999892473E-01 1.504831347E-06 1.051000000E-01
1.260708000E+01 9.999904977E-01 1.182369352E-06 9.834000000E-02
1.347697000E+01 9.999916316E-01 9.272676506E-07 9.200000000E-02
1.440688000E+01 9.999926472E-01 7.270373972E-07 8.606000000E-02
1.540095000E+01 9.999935494E-01 5.701427995E-07 8.050000000E-02
1.646362000E+01 9.999943450E-01 4.474347170E-07 7.531000000E-02
1.759961000E+01 9.999950422E-01 3.503518483E-07 7.045000000E-02
1.881398000E+01 9.999956586E-01 2.742550412E-07 6.590000000E-02
2.011215000E+01 9.999961997E-01 2.144718394E-07 6.165000000E-02
2.149988000E+01 9.999966766E-01 1.676302604E-07 5.767000000E-02
2.298338000E+01 9.999970940E-01 1.311511456E-07 5.395000000E-02
2.456923000E+01 9.999974603E-01 1.026610059E-07 5.046000000E-02
2.626450000E+01 9.999977792E-01 8.047572834E-08 4.721000000E-02
2.807676000E+01 9.999980589E-01 6.261339837E-08 4.416000000E-02
3.001405000E+01 9.999983038E-01 4.863499376E-08 4.131000000E-02
3.208502000E+01 9.999985182E-01 3.779476003E-08 3.864000000E-02
3.429889000E+01 9.999987052E-01 2.941010984E-08 3.615000000E-02
3.666551000E+01 9.999988693E-01 2.287933574E-08 3.381000000E-02
3.919543000E+01 9.999990123E-01 1.778565319E-08 3.163000000E-02
4.189992000E+01 9.999991374E-01 1.382016470E-08 2.959000000E-02
4.479101000E+01 9.999992471E-01 1.069915442E-08 2.768000000E-02
4.788159000E+01 9.999993434E-01 8.279977459E-09 2.589000000E-02
5.118542000E+01 9.999994281E-01 6.411117143E-09 2.422000000E-02
5.471721000E+01 9.999995040E-01 4.968842066E-09 2.266000000E-02
5.633579000E+01 9.999995370E-01 4.446247433E-09 2.201000000E-02
5.719807000E+01 9.999995586E-01 4.196807877E-09 2.168000000E-02
5.742801000E+01 9.999995716E-01 4.131927511E-09 2.159000000E-02
5.777293000E+01 9.999995674E-01 2.214592634E-08 2.146000000E-02
5.849270000E+01 9.999995704E-01 2.120337188E-08 2.120000000E-02
5.863521000E+01 9.999995716E-01 2.102437593E-08 2.115000000E-02
6.252870000E+01 9.999996155E-01 1.670052982E-08 1.983000000E-02
6.684318000E+01 9.999996608E-01 1.311157343E-08 1.855000000E-02
7.145536000E+01 9.999997019E-01 1.028232485E-08 1.735000000E-02
7.638578000E+01 9.999997383E-01 8.064554652E-09 1.623000000E-02
8.165640000E+01 9.999997706E-01 6.311299633E-09 1.518000000E-02
8.729069000E+01 9.999997990E-01 4.925115379E-09 1.420000000E-02
9.331374000E+01 9.999998238E-01 3.847685226E-09 1.329000000E-02
9.975239000E+01 9.999998458E-01 3.002533823E-09 1.243000000E-02
1.066353000E+02 9.999998649E-01 2.344840369E-09 1.163000000E-02
1.139931000E+02 9.999998818E-01 1.831082768E-09 1.088000000E-02
1.218587000E+02 9.999998967E-01 1.422344171E-09 1.017000000E-02
1.302669000E+02 9.999999095E-01 1.107047053E-09 9.518000000E-03
1.392553000E+02 9.999999208E-01 8.608008899E-10 8.903000000E-03
1.488640000E+02 9.999999307E-01 6.695935988E-10 8.329000000E-03
1.591356000E+02 9.999999394E-01 5.207753436E-10 7.791000000E-03
1.701159000E+02 9.999999470E-01 4.050932678E-10 7.288000000E-03
1.818539000E+02 9.999999536E-01 3.151833132E-10 6.818000000E-03
1.944018000E+02 9.999999594E-01 2.452298663E-10 6.378000000E-03
2.078156000E+02 9.999999645E-01 1.907897977E-10 5.966000000E-03
2.221548000E+02 9.999999689E-01 1.484661276E-10 5.581000000E-03
2.374835000E+02 9.999999728E-01 1.155498867E-10 5.221000000E-03
2.538699000E+02 9.999999762E-01 9.007128008E-11 4.884000000E-03
2.713869000E+02 9.999999792E-01 7.051117597E-11 4.569000000E-03
2.901126000E+02 9.999999818E-01 5.519438284E-11 4.274000000E-03
3.101304000E+02 9.999999841E-01 4.320854847E-11 3.998000000E-03
3.315294000E+02 9.999999861E-01 3.382988527E-11 3.740000000E-03
3.544049000E+02 9.999999878E-01 2.647861948E-11 3.498000000E-03
3.788588000E+02 9.999999893E-01 2.074279195E-11 3.273000000E-03
4.050001000E+02 9.999999907E-01 1.623531807E-11 3.061000000E-03
4.329451000E+02 0.000000000E+00 0.000000000E+00 2.864000000E-03
