# 11/08/2021 
# Data retrieved from www.chemicool.com/densities.html 
# Includes the real (n) and complex (k) part of the  refractive index. 
# Element, Eu  (Z = 63) 
# Nominal density, g cm-3 =  5.248 
#    E [keV]      n       k    Wavelength [nm] 
1.069000000E-02 -6.916948646E+00 9.537615277E-03 1.160000000E+02
1.142761000E-02 -5.204644590E-01 3.085005126E-02 1.085000000E+02
1.221612000E-02 -3.148542505E-01 3.031595780E-02 1.015000000E+02
1.305903000E-02 -1.336393522E-01 2.982889754E-02 9.494000000E+01
1.396010000E-02 2.615345287E-02 2.939056270E-02 8.881000000E+01
1.492335000E-02 1.678318978E-01 2.899222781E-02 8.308000000E+01
1.595306000E-02 2.946871676E-01 2.862065540E-02 7.772000000E+01
1.705382000E-02 4.103076765E-01 2.826299233E-02 7.270000000E+01
1.823053000E-02 5.191942880E-01 2.792015869E-02 6.801000000E+01
1.948844000E-02 6.304565341E-01 2.757688450E-02 6.362000000E+01
2.083314000E-02 7.746535521E-01 2.722509157E-02 5.951000000E+01
2.156000000E-02 9.251494440E-01 2.704767173E-02 5.751000000E+01
2.189000000E-02 1.136934890E+00 2.696236214E-02 5.664000000E+01
2.197800000E-02 1.392567789E+00 2.693735334E-02 5.641000000E+01
2.211000000E-02 1.113217140E+00 5.304028308E-01 5.608000000E+01
2.227063000E-02 9.576303470E-01 5.128471137E-01 5.567000000E+01
2.244000000E-02 8.739447077E-01 4.952578952E-01 5.525000000E+01
2.380730000E-02 6.652617972E-01 3.779722585E-01 5.208000000E+01
2.545001000E-02 6.245904259E-01 2.788782139E-01 4.872000000E+01
2.720606000E-02 6.355046646E-01 2.043902698E-01 4.557000000E+01
2.908327000E-02 6.655190791E-01 1.502122268E-01 4.263000000E+01
3.109002000E-02 7.017550400E-01 1.116471550E-01 3.988000000E+01
3.116400000E-02 7.031588385E-01 1.104783387E-01 3.978000000E+01
3.164100000E-02 7.116792405E-01 1.035224491E-01 3.918000000E+01
3.176820000E-02 7.139508806E-01 1.018148158E-01 3.903000000E+01
3.195900000E-02 7.171674423E-01 9.957285792E-02 3.879000000E+01
3.243600000E-02 7.250792696E-01 9.364589994E-02 3.822000000E+01
3.323523000E-02 7.378915316E-01 8.491589335E-02 3.731000000E+01
3.552846000E-02 7.715271386E-01 6.600766401E-02 3.490000000E+01
3.797993000E-02 8.016836219E-01 5.277790608E-02 3.264000000E+01
4.060054000E-02 8.278925029E-01 4.350122669E-02 3.054000000E+01
4.340198000E-02 8.505891858E-01 3.686029645E-02 2.857000000E+01
4.639671000E-02 8.701141783E-01 3.200146267E-02 2.672000000E+01
4.959809000E-02 8.866720708E-01 2.838838479E-02 2.500000000E+01
5.302035000E-02 9.008320055E-01 2.557642809E-02 2.338000000E+01
5.667876000E-02 9.128014013E-01 2.287594702E-02 2.187000000E+01
6.058959000E-02 9.232207482E-01 2.023256300E-02 2.046000000E+01
6.477028000E-02 9.323588258E-01 1.793745857E-02 1.914000000E+01
6.923942000E-02 9.402983492E-01 1.592480852E-02 1.791000000E+01
7.401695000E-02 9.473828891E-01 1.411640288E-02 1.675000000E+01
7.912411000E-02 9.535975914E-01 1.250312187E-02 1.567000000E+01
8.458368000E-02 9.590962238E-01 1.105075113E-02 1.466000000E+01
9.041995000E-02 9.640129198E-01 9.733658367E-03 1.371000000E+01
9.665893000E-02 9.683665225E-01 8.558763540E-03 1.283000000E+01
1.000000000E-01 9.662777189E-01 8.000990503E-03 1.240000000E+01
1.005000000E-01 9.666042683E-01 7.924174998E-03 1.234000000E+01
1.010025000E-01 9.669302038E-01 7.847444566E-03 1.228000000E+01
1.015075100E-01 9.673089277E-01 7.758233578E-03 1.221000000E+01
1.020150500E-01 9.676332819E-01 7.682035228E-03 1.215000000E+01
1.025251300E-01 9.679570721E-01 7.606077936E-03 1.209000000E+01
1.030377500E-01 9.682801314E-01 7.530365730E-03 1.203000000E+01
1.035529400E-01 9.686026996E-01 7.454768954E-03 1.197000000E+01
1.040707000E-01 9.689247415E-01 7.379560186E-03 1.191000000E+01
1.045910600E-01 9.692463533E-01 7.304608344E-03 1.185000000E+01
1.051140100E-01 9.695157203E-01 7.242057112E-03 1.180000000E+01
1.056395800E-01 9.698366407E-01 7.167439281E-03 1.174000000E+01
1.061677800E-01 9.701571459E-01 7.093092275E-03 1.168000000E+01
1.066986200E-01 9.704773208E-01 7.019019825E-03 1.162000000E+01
1.072321100E-01 9.707971206E-01 6.945225622E-03 1.156000000E+01
1.077682700E-01 9.711166245E-01 6.871713316E-03 1.150000000E+01
1.083071200E-01 9.713859481E-01 6.810254890E-03 1.145000000E+01
1.088486500E-01 9.717053770E-01 6.737252923E-03 1.139000000E+01
1.093928900E-01 9.720247231E-01 6.664423639E-03 1.133000000E+01
1.099398600E-01 9.722949467E-01 6.603596112E-03 1.128000000E+01
1.104895600E-01 9.726144956E-01 6.531300890E-03 1.122000000E+01
1.110420100E-01 9.728857275E-01 6.470891781E-03 1.117000000E+01
1.115972200E-01 9.732058243E-01 6.399143529E-03 1.111000000E+01
1.121552000E-01 9.735263386E-01 6.327592996E-03 1.105000000E+01
1.127159800E-01 9.737995748E-01 6.267863410E-03 1.100000000E+01
1.132795600E-01 9.741213461E-01 6.196882314E-03 1.094000000E+01
1.138459600E-01 9.743967361E-01 6.137491444E-03 1.089000000E+01
1.144151900E-01 9.746735019E-01 6.078302555E-03 1.084000000E+01
1.149872600E-01 9.749982934E-01 6.008166264E-03 1.078000000E+01
1.155622000E-01 9.752781155E-01 5.949446805E-03 1.073000000E+01
1.161400100E-01 9.755600041E-01 5.890830985E-03 1.068000000E+01
1.167207100E-01 9.758894904E-01 5.821461392E-03 1.062000000E+01
1.173043100E-01 9.761758028E-01 5.763439630E-03 1.057000000E+01
1.178908300E-01 9.764650787E-01 5.705532440E-03 1.052000000E+01
1.184802900E-01 9.768018630E-01 5.637064020E-03 1.046000000E+01
1.190726900E-01 9.770976090E-01 5.579561208E-03 1.041000000E+01
1.196680500E-01 9.773974745E-01 5.522387685E-03 1.036000000E+01
1.202663900E-01 9.777020721E-01 5.465344637E-03 1.031000000E+01
1.208677200E-01 9.780120837E-01 5.408633681E-03 1.026000000E+01
1.214720600E-01 9.783282562E-01 5.352059803E-03 1.021000000E+01
1.220794200E-01 9.786514935E-01 5.295724440E-03 1.016000000E+01
1.226898200E-01 9.789830379E-01 5.239629855E-03 1.011000000E+01
1.233032700E-01 9.793240745E-01 5.183778284E-03 1.006000000E+01
1.239197900E-01 9.796764796E-01 5.128078469E-03 1.001000000E+01
1.245393900E-01 9.800621694E-01 5.067628631E-03 9.955000000E+00
1.251620800E-01 9.804394645E-01 5.013470709E-03 9.906000000E+00
1.257878900E-01 9.808361367E-01 4.959554425E-03 9.857000000E+00
1.264168300E-01 9.812564358E-01 4.905881833E-03 9.808000000E+00
1.270489200E-01 9.817060210E-01 4.852454955E-03 9.759000000E+00
1.276841600E-01 9.821928505E-01 4.799275791E-03 9.710000000E+00
1.283225800E-01 9.827244387E-01 4.747328940E-03 9.662000000E+00
1.289641900E-01 9.833206061E-01 4.695621913E-03 9.614000000E+00
1.296090200E-01 9.840065523E-01 4.644071250E-03 9.566000000E+00
1.302570600E-01 9.848235587E-01 4.592850382E-03 9.518000000E+00
1.309083500E-01 9.858437201E-01 4.542750531E-03 9.471000000E+00
1.315628900E-01 9.872272124E-01 4.492887913E-03 9.424000000E+00
1.322207000E-01 9.893951676E-01 4.443264283E-03 9.377000000E+00
1.328818100E-01 9.944233067E-01 4.393881372E-03 9.330000000E+00
1.331724300E-01 1.006346256E+00 4.372881031E-03 9.310000000E+00
1.332275800E-01 1.006193917E+00 2.026560225E-02 9.306000000E+00
1.335462100E-01 9.928481282E-01 1.969475320E-02 9.284000000E+00
1.342139500E-01 9.869132927E-01 1.856315705E-02 9.238000000E+00
1.348850200E-01 9.841576284E-01 1.750709853E-02 9.192000000E+00
1.355594400E-01 9.824436787E-01 1.652242159E-02 9.146000000E+00
1.362372400E-01 9.812701733E-01 1.560696565E-02 9.101000000E+00
1.369184200E-01 9.804413960E-01 1.474904598E-02 9.055000000E+00
1.376030200E-01 9.798429654E-01 1.395161411E-02 9.010000000E+00
1.382910300E-01 9.794158887E-01 1.320687050E-02 8.965000000E+00
1.389824900E-01 9.791143715E-01 1.251412548E-02 8.921000000E+00
1.396774000E-01 9.789192730E-01 1.186497732E-02 8.876000000E+00
1.403757900E-01 9.788003427E-01 1.126015112E-02 8.832000000E+00
1.410776600E-01 9.787468902E-01 1.069513282E-02 8.788000000E+00
1.417830500E-01 9.787420806E-01 1.016915089E-02 8.745000000E+00
1.424919700E-01 9.787863322E-01 9.674449938E-03 8.701000000E+00
1.432044300E-01 9.788622904E-01 9.214081372E-03 8.658000000E+00
1.439204500E-01 9.789689967E-01 8.783570889E-03 8.615000000E+00
1.446400500E-01 9.791014484E-01 8.380146561E-03 8.572000000E+00
1.453632500E-01 9.792558339E-01 8.001803911E-03 8.529000000E+00
1.460900700E-01 9.794242283E-01 7.649745045E-03 8.487000000E+00
1.468205200E-01 9.796090793E-01 7.319439037E-03 8.445000000E+00
1.475546200E-01 9.798079727E-01 7.014322214E-03 8.403000000E+00
1.482923900E-01 9.800167499E-01 6.732461590E-03 8.361000000E+00
1.490338600E-01 9.802323091E-01 6.472627897E-03 8.319000000E+00
1.497790300E-01 9.804476430E-01 6.232892640E-03 8.278000000E+00
1.505279200E-01 9.806660323E-01 6.010748120E-03 8.237000000E+00
1.512805600E-01 9.808861576E-01 5.804190983E-03 8.196000000E+00
1.520369600E-01 9.811071206E-01 5.611718732E-03 8.155000000E+00
1.527971500E-01 9.813281175E-01 5.432000118E-03 8.114000000E+00
1.535611300E-01 9.815441079E-01 5.265172532E-03 8.074000000E+00
1.543289400E-01 9.817591533E-01 5.108857906E-03 8.034000000E+00
1.551005800E-01 9.819730618E-01 4.961966440E-03 7.994000000E+00
1.558760900E-01 9.821854126E-01 4.823798109E-03 7.954000000E+00
1.566554700E-01 9.823960938E-01 4.693557122E-03 7.914000000E+00
1.574387500E-01 9.826005795E-01 4.571692061E-03 7.875000000E+00
1.582259400E-01 9.828031314E-01 4.456362223E-03 7.836000000E+00
1.590170700E-01 9.830037110E-01 4.347072923E-03 7.797000000E+00
1.598121500E-01 9.832022819E-01 4.243288351E-03 7.758000000E+00
1.606112100E-01 9.833945639E-01 4.145674878E-03 7.720000000E+00
1.614142700E-01 9.835890452E-01 4.051670449E-03 7.681000000E+00
1.622213400E-01 9.837772854E-01 3.962968555E-03 7.643000000E+00
1.630324500E-01 9.839634999E-01 3.878236573E-03 7.605000000E+00
1.638476100E-01 9.841477136E-01 3.797116339E-03 7.567000000E+00
1.646668500E-01 9.843300040E-01 3.719419858E-03 7.529000000E+00
1.654901800E-01 9.845062059E-01 3.645832661E-03 7.492000000E+00
1.663176300E-01 9.846805324E-01 3.575074661E-03 7.455000000E+00
1.671492200E-01 9.848531094E-01 3.507032124E-03 7.418000000E+00
1.679849700E-01 9.850238553E-01 3.441441479E-03 7.381000000E+00
1.688248900E-01 9.851928937E-01 3.378198759E-03 7.344000000E+00
1.696690200E-01 9.853602443E-01 3.317102907E-03 7.307000000E+00
1.705173600E-01 9.855218951E-01 3.258905026E-03 7.271000000E+00
1.713699500E-01 9.856819963E-01 3.202643245E-03 7.235000000E+00
1.722268000E-01 9.858405167E-01 3.148082630E-03 7.199000000E+00
1.730879300E-01 9.859975225E-01 3.095187778E-03 7.163000000E+00
1.739533700E-01 9.861530780E-01 3.043828844E-03 7.127000000E+00
1.748231400E-01 9.863033361E-01 2.994771516E-03 7.092000000E+00
1.756972600E-01 9.864522210E-01 2.947075914E-03 7.057000000E+00
1.765757400E-01 9.865997931E-01 2.900668417E-03 7.022000000E+00
1.774586200E-01 9.867460656E-01 2.855477477E-03 6.987000000E+00
1.783459100E-01 9.868910062E-01 2.811388519E-03 6.952000000E+00
1.792376400E-01 9.870347630E-01 2.768380065E-03 6.917000000E+00
1.801338300E-01 9.871735752E-01 2.727223225E-03 6.883000000E+00
1.810345000E-01 9.873112247E-01 2.687001315E-03 6.849000000E+00
1.819396700E-01 9.874477655E-01 2.647696685E-03 6.815000000E+00
1.828493700E-01 9.875832072E-01 2.609248949E-03 6.781000000E+00
1.837636200E-01 9.877175590E-01 2.571599592E-03 6.747000000E+00
1.846824400E-01 9.878508723E-01 2.534776020E-03 6.713000000E+00
1.856058500E-01 9.879795563E-01 2.499427512E-03 6.680000000E+00
1.865338800E-01 9.881072592E-01 2.464779166E-03 6.647000000E+00
1.874665500E-01 9.882340293E-01 2.430818424E-03 6.614000000E+00
1.884038800E-01 9.883598728E-01 2.397532839E-03 6.581000000E+00
1.893459000E-01 9.884847960E-01 2.364830088E-03 6.548000000E+00
1.902926300E-01 9.886088050E-01 2.332739946E-03 6.515000000E+00
1.912440900E-01 9.887284680E-01 2.301922378E-03 6.483000000E+00
1.922003100E-01 9.888473067E-01 2.271645824E-03 6.451000000E+00
1.931613100E-01 9.889653256E-01 2.241862619E-03 6.419000000E+00
1.941271200E-01 9.890825674E-01 2.212602812E-03 6.387000000E+00
1.950977600E-01 9.891989980E-01 2.183819655E-03 6.355000000E+00
1.960732500E-01 9.893146590E-01 2.155505289E-03 6.323000000E+00
1.970536100E-01 9.894261931E-01 2.128328388E-03 6.292000000E+00
1.980388800E-01 9.895370025E-01 2.101594276E-03 6.261000000E+00
1.990290700E-01 9.896504498E-01 2.074557009E-03 6.229000000E+00
2.000242200E-01 9.897598718E-01 2.048620443E-03 6.198000000E+00
2.010243400E-01 9.898652913E-01 2.023726709E-03 6.168000000E+00
2.020294600E-01 9.899733722E-01 1.998552483E-03 6.137000000E+00
2.030396100E-01 9.900807759E-01 1.973752791E-03 6.106000000E+00
2.040548100E-01 9.901843084E-01 1.949928972E-03 6.076000000E+00
2.050750800E-01 9.902872037E-01 1.926459118E-03 6.046000000E+00
2.061004600E-01 9.903894976E-01 1.903303753E-03 6.016000000E+00
2.071309600E-01 9.904912244E-01 1.880491638E-03 5.986000000E+00
2.081666100E-01 9.905923509E-01 1.857984064E-03 5.956000000E+00
2.092074500E-01 9.906928780E-01 1.835776457E-03 5.926000000E+00
2.102534800E-01 9.907897157E-01 1.814479620E-03 5.897000000E+00
2.113047500E-01 9.908860226E-01 1.793465377E-03 5.868000000E+00
2.123612800E-01 9.909848874E-01 1.772122287E-03 5.838000000E+00
2.134230800E-01 9.910801466E-01 1.751632936E-03 5.809000000E+00
2.144902000E-01 9.911748742E-01 1.731445159E-03 5.780000000E+00
2.155626500E-01 9.912660953E-01 1.712087388E-03 5.752000000E+00
2.166404600E-01 9.913598374E-01 1.692392591E-03 5.723000000E+00
2.177236600E-01 9.914501046E-01 1.673543500E-03 5.695000000E+00
2.188122800E-01 9.915428873E-01 1.654326995E-03 5.666000000E+00
2.199063400E-01 9.916322560E-01 1.635941363E-03 5.638000000E+00
2.210058800E-01 9.917211516E-01 1.617795081E-03 5.610000000E+00
2.221109000E-01 9.918096315E-01 1.599855272E-03 5.582000000E+00
2.232214600E-01 9.918977218E-01 1.582119028E-03 5.554000000E+00
2.243375700E-01 9.919824611E-01 1.565178277E-03 5.527000000E+00
2.254592500E-01 9.920697231E-01 1.547893247E-03 5.499000000E+00
2.265865500E-01 9.921537190E-01 1.531361769E-03 5.472000000E+00
2.277194800E-01 9.922373742E-01 1.515014830E-03 5.445000000E+00
2.288580800E-01 9.923206846E-01 1.498849769E-03 5.418000000E+00
2.300023700E-01 9.924036736E-01 1.482918165E-03 5.391000000E+00
2.311523800E-01 9.924863630E-01 1.467135268E-03 5.364000000E+00
2.323081400E-01 9.925687210E-01 1.451552440E-03 5.337000000E+00
2.334696900E-01 9.926480535E-01 1.436680988E-03 5.311000000E+00
2.346370300E-01 9.927299331E-01 1.421433434E-03 5.284000000E+00
2.358102200E-01 9.928088062E-01 1.406912156E-03 5.258000000E+00
2.369892700E-01 9.928875111E-01 1.392547502E-03 5.232000000E+00
2.381742200E-01 9.929660896E-01 1.378337108E-03 5.206000000E+00
2.393650900E-01 9.930445816E-01 1.364303665E-03 5.180000000E+00
2.405619100E-01 9.931230004E-01 1.350419327E-03 5.154000000E+00
2.417647200E-01 9.932014317E-01 1.336706333E-03 5.128000000E+00
2.429735500E-01 9.932772989E-01 1.323631827E-03 5.103000000E+00
2.441884100E-01 9.933560157E-01 1.310202310E-03 5.077000000E+00
2.454093600E-01 9.934324520E-01 1.297425993E-03 5.052000000E+00
2.466364000E-01 9.935094063E-01 1.284805619E-03 5.027000000E+00
2.478695900E-01 9.935871288E-01 1.272315058E-03 5.002000000E+00
2.491089300E-01 9.936659974E-01 1.259952245E-03 4.977000000E+00
2.503544800E-01 9.937465796E-01 1.247715133E-03 4.952000000E+00
2.516062500E-01 9.938273211E-01 1.236125966E-03 4.928000000E+00
2.528642800E-01 9.939151063E-01 1.224154065E-03 4.903000000E+00
2.541286000E-01 9.940090804E-01 1.212798526E-03 4.879000000E+00
2.553992500E-01 9.941255878E-01 1.201577826E-03 4.855000000E+00
2.564167800E-01 9.943174307E-01 1.192287243E-03 4.835000000E+00
2.566762400E-01 9.943954372E-01 1.424657973E-03 4.830000000E+00
2.567832000E-01 9.943350035E-01 1.423608829E-03 4.828000000E+00
2.579596200E-01 9.942415199E-01 1.412215522E-03 4.806000000E+00
2.592494200E-01 9.942532861E-01 1.399895257E-03 4.782000000E+00
2.605456700E-01 9.942826816E-01 1.388257114E-03 4.759000000E+00
2.618484000E-01 9.943227609E-01 1.376151467E-03 4.735000000E+00
2.631576400E-01 9.943673735E-01 1.364140897E-03 4.711000000E+00
2.644734300E-01 9.944123986E-01 1.352800870E-03 4.688000000E+00
2.657957900E-01 9.944593168E-01 1.341568945E-03 4.665000000E+00
2.671247700E-01 9.945099524E-01 1.329849758E-03 4.641000000E+00
2.684604000E-01 9.945592202E-01 1.318809941E-03 4.618000000E+00
2.698027000E-01 9.946092634E-01 1.307852628E-03 4.595000000E+00
2.711517100E-01 9.946575995E-01 1.297543781E-03 4.573000000E+00
2.725074700E-01 9.947088479E-01 1.286764557E-03 4.550000000E+00
2.738700100E-01 9.947605809E-01 1.276063147E-03 4.527000000E+00
2.752393600E-01 9.948105107E-01 1.266000132E-03 4.505000000E+00
2.766155600E-01 9.948633272E-01 1.255467081E-03 4.482000000E+00
2.779986300E-01 9.949145766E-01 1.245565815E-03 4.460000000E+00
2.793886300E-01 9.949669194E-01 1.235733052E-03 4.438000000E+00
2.807855700E-01 9.950211520E-01 1.225967506E-03 4.416000000E+00
2.821895000E-01 9.950795870E-01 1.216285917E-03 4.394000000E+00
2.836004400E-01 9.951593831E-01 1.206668661E-03 4.372000000E+00
2.836657800E-01 9.951661415E-01 1.206223651E-03 4.371000000E+00
2.841342100E-01 9.951809543E-01 1.262316258E-03 4.364000000E+00
2.850184500E-01 9.951813427E-01 1.256012717E-03 4.350000000E+00
2.864435400E-01 9.952127151E-01 1.246205749E-03 4.328000000E+00
2.878757600E-01 9.952488853E-01 1.237013865E-03 4.307000000E+00
2.893151400E-01 9.952897628E-01 1.227320404E-03 4.285000000E+00
2.907617100E-01 9.953296954E-01 1.218237095E-03 4.264000000E+00
2.922155200E-01 9.953703450E-01 1.209205797E-03 4.243000000E+00
2.936766000E-01 9.954114367E-01 1.200225442E-03 4.222000000E+00
2.951449800E-01 9.954528214E-01 1.191294977E-03 4.201000000E+00
2.966207100E-01 9.954943551E-01 1.182397066E-03 4.180000000E+00
2.981038100E-01 9.955359962E-01 1.173547311E-03 4.159000000E+00
2.995943300E-01 9.955776883E-01 1.164728728E-03 4.138000000E+00
3.010923000E-01 9.956172331E-01 1.156518238E-03 4.118000000E+00
3.025977600E-01 9.956588917E-01 1.147774576E-03 4.097000000E+00
3.041107500E-01 9.956983963E-01 1.139634746E-03 4.077000000E+00
3.056313000E-01 9.957378251E-01 1.131520843E-03 4.057000000E+00
3.071594600E-01 9.957792975E-01 1.122875900E-03 4.036000000E+00
3.086952600E-01 9.958185723E-01 1.114828743E-03 4.016000000E+00
3.102387300E-01 9.958577481E-01 1.106805840E-03 3.996000000E+00
3.117899300E-01 9.958947733E-01 1.099359540E-03 3.977000000E+00
3.133488800E-01 9.959337538E-01 1.091397204E-03 3.957000000E+00
3.149156200E-01 9.959726145E-01 1.083443080E-03 3.937000000E+00
3.164902000E-01 9.960113538E-01 1.075511511E-03 3.917000000E+00
3.180726500E-01 9.960479425E-01 1.068150075E-03 3.898000000E+00
3.196630100E-01 9.960844248E-01 1.060808053E-03 3.879000000E+00
3.212613300E-01 9.961227948E-01 1.052939282E-03 3.859000000E+00
3.228676400E-01 9.961590508E-01 1.045636036E-03 3.840000000E+00
3.244819700E-01 9.961951822E-01 1.038337448E-03 3.821000000E+00
3.261043800E-01 9.962312013E-01 1.031057041E-03 3.802000000E+00
3.277349100E-01 9.962671201E-01 1.023781109E-03 3.783000000E+00
3.293735800E-01 9.963029235E-01 1.016522917E-03 3.764000000E+00
3.310204500E-01 9.963366675E-01 1.009808108E-03 3.746000000E+00
3.326755500E-01 9.963722706E-01 1.002557466E-03 3.727000000E+00
3.343389300E-01 9.964077919E-01 9.953112562E-04 3.708000000E+00
3.360106200E-01 9.964412876E-01 9.886180057E-04 3.690000000E+00
3.376906800E-01 9.964747273E-01 9.819268883E-04 3.672000000E+00
3.393791300E-01 9.965100440E-01 9.746917895E-04 3.653000000E+00
3.410760200E-01 9.965434035E-01 9.680062548E-04 3.635000000E+00
3.427814000E-01 9.965767587E-01 9.613108245E-04 3.617000000E+00
3.444953100E-01 9.966101413E-01 9.546300884E-04 3.599000000E+00
3.462177900E-01 9.966435938E-01 9.479278655E-04 3.581000000E+00
3.479488800E-01 9.966771801E-01 9.412404692E-04 3.563000000E+00
3.496886200E-01 9.967091292E-01 9.350714884E-04 3.546000000E+00
3.514370600E-01 9.967433017E-01 9.283656021E-04 3.528000000E+00
3.531942500E-01 9.967780574E-01 9.216516576E-04 3.510000000E+00
3.549602200E-01 9.968120367E-01 9.154655571E-04 3.493000000E+00
3.567350200E-01 9.968481086E-01 9.092698740E-04 3.476000000E+00
3.585187000E-01 9.968914864E-01 9.025429167E-04 3.458000000E+00
3.597893600E-01 9.969372253E-01 8.981727362E-04 3.446000000E+00
3.603112900E-01 9.969694212E-01 9.542463729E-04 3.441000000E+00
3.606106200E-01 9.969502498E-01 9.530462493E-04 3.438000000E+00
3.621128500E-01 9.969447680E-01 9.475747514E-04 3.424000000E+00
3.639234100E-01 9.969603277E-01 9.408955530E-04 3.407000000E+00
3.657430300E-01 9.969807781E-01 9.341984627E-04 3.390000000E+00
3.675717400E-01 9.970032260E-01 9.275054307E-04 3.373000000E+00
3.694096000E-01 9.970267287E-01 9.207955290E-04 3.356000000E+00
3.712566500E-01 9.970491014E-01 9.146170733E-04 3.340000000E+00
3.731129300E-01 9.970736464E-01 9.078846405E-04 3.323000000E+00
3.749785000E-01 9.970984548E-01 9.011372647E-04 3.306000000E+00
3.768533900E-01 9.971216965E-01 8.949196021E-04 3.290000000E+00
3.787376600E-01 9.971450549E-01 8.886859580E-04 3.274000000E+00
3.806313500E-01 9.971702427E-01 8.818953557E-04 3.257000000E+00
3.825345000E-01 9.971937344E-01 8.756328713E-04 3.241000000E+00
3.844471800E-01 9.972172506E-01 8.693660532E-04 3.225000000E+00
3.863694100E-01 9.972407789E-01 8.630664340E-04 3.209000000E+00
3.883012600E-01 9.972642881E-01 8.567637507E-04 3.193000000E+00
3.902427600E-01 9.972877860E-01 8.504395180E-04 3.177000000E+00
3.921939800E-01 9.973112424E-01 8.441039672E-04 3.161000000E+00
3.941549500E-01 9.973329703E-01 8.382813300E-04 3.146000000E+00
3.961257200E-01 9.973563559E-01 8.319054892E-04 3.130000000E+00
3.981063500E-01 9.973796875E-01 8.255205443E-04 3.114000000E+00
4.000968800E-01 9.974032671E-01 8.196380866E-04 3.099000000E+00
4.020973700E-01 9.974264652E-01 8.132089449E-04 3.083000000E+00
4.041078500E-01 9.974479437E-01 8.072904618E-04 3.068000000E+00
4.061283900E-01 9.974693774E-01 8.013545528E-04 3.053000000E+00
4.081590400E-01 9.974907483E-01 7.954020126E-04 3.038000000E+00
4.101998300E-01 9.975120647E-01 7.894251069E-04 3.023000000E+00
4.122508300E-01 9.975349575E-01 7.829040657E-04 3.007000000E+00
4.143120800E-01 9.975545153E-01 7.774023421E-04 2.993000000E+00
4.163836400E-01 9.975756488E-01 7.713585358E-04 2.978000000E+00
4.184655600E-01 9.975967261E-01 7.653026584E-04 2.963000000E+00
4.205578900E-01 9.976177386E-01 7.592273632E-04 2.948000000E+00
4.226606800E-01 9.976386861E-01 7.531256272E-04 2.933000000E+00
4.247739800E-01 9.976579718E-01 7.475266662E-04 2.919000000E+00
4.268978500E-01 9.976788022E-01 7.413897338E-04 2.904000000E+00
4.290323400E-01 9.976979738E-01 7.357543471E-04 2.890000000E+00
4.311775000E-01 9.977186781E-01 7.295860217E-04 2.875000000E+00
4.333333900E-01 9.977377347E-01 7.239102444E-04 2.861000000E+00
4.355000600E-01 9.977567362E-01 7.182188076E-04 2.847000000E+00
4.376775600E-01 9.977756899E-01 7.125050958E-04 2.833000000E+00
4.398659500E-01 9.977945879E-01 7.067776067E-04 2.819000000E+00
4.420652800E-01 9.978134300E-01 7.010298574E-04 2.805000000E+00
4.442756000E-01 9.978322160E-01 6.952701828E-04 2.791000000E+00
4.464969800E-01 9.978509528E-01 6.894922316E-04 2.777000000E+00
4.487294700E-01 9.978696329E-01 6.837041771E-04 2.763000000E+00
4.509731100E-01 9.978882560E-01 6.778997982E-04 2.749000000E+00
4.532279800E-01 9.979052979E-01 6.725716868E-04 2.736000000E+00
4.554941200E-01 9.979238258E-01 6.667359989E-04 2.722000000E+00
4.577715900E-01 9.979422958E-01 6.608870400E-04 2.708000000E+00
4.600604500E-01 9.979591933E-01 6.555121954E-04 2.695000000E+00
4.623607500E-01 9.979760500E-01 6.501292972E-04 2.682000000E+00
4.646725500E-01 9.979943694E-01 6.442427425E-04 2.668000000E+00
4.669959200E-01 9.980111383E-01 6.388279868E-04 2.655000000E+00
4.693309000E-01 9.980278653E-01 6.334012075E-04 2.642000000E+00
4.716775500E-01 9.980445499E-01 6.279632937E-04 2.629000000E+00
4.740359400E-01 9.980611919E-01 6.225151268E-04 2.616000000E+00
4.764061200E-01 9.980792610E-01 6.165835591E-04 2.602000000E+00
4.787881500E-01 9.980943398E-01 6.115852646E-04 2.590000000E+00
4.811820900E-01 9.981108575E-01 6.061116141E-04 2.577000000E+00
4.835880000E-01 9.981273246E-01 6.006250281E-04 2.564000000E+00
4.860059400E-01 9.981437593E-01 5.951265364E-04 2.551000000E+00
4.884359700E-01 9.981601426E-01 5.896231675E-04 2.538000000E+00
4.908781500E-01 9.981750416E-01 5.845785054E-04 2.526000000E+00
4.933325400E-01 9.981913506E-01 5.790658612E-04 2.513000000E+00
4.957992000E-01 9.982061847E-01 5.740038720E-04 2.501000000E+00
4.982782000E-01 9.982224171E-01 5.684793948E-04 2.488000000E+00
5.007695900E-01 9.982371784E-01 5.634034594E-04 2.476000000E+00
5.032734400E-01 9.982519136E-01 5.583236902E-04 2.464000000E+00
5.057898000E-01 9.982680244E-01 5.527840349E-04 2.451000000E+00
5.083187500E-01 9.982826895E-01 5.476951944E-04 2.439000000E+00
5.108603500E-01 9.982973268E-01 5.425992836E-04 2.427000000E+00
5.134146500E-01 9.983119247E-01 5.375026006E-04 2.415000000E+00
5.159817200E-01 9.983264937E-01 5.324004474E-04 2.403000000E+00
5.185616300E-01 9.983410331E-01 5.272989994E-04 2.391000000E+00
5.211544400E-01 9.983555371E-01 5.221989311E-04 2.379000000E+00
5.237602100E-01 9.983700104E-01 5.170956846E-04 2.367000000E+00
5.263790100E-01 9.983844523E-01 5.119900801E-04 2.355000000E+00
5.290109100E-01 9.983974951E-01 5.073208256E-04 2.344000000E+00
5.316559600E-01 9.984118777E-01 5.022157986E-04 2.332000000E+00
5.343142400E-01 9.984262270E-01 4.971157202E-04 2.320000000E+00
5.369858100E-01 9.984391908E-01 4.924377321E-04 2.309000000E+00
5.396707400E-01 9.984534820E-01 4.873325806E-04 2.297000000E+00
5.423691000E-01 9.984663966E-01 4.826518546E-04 2.286000000E+00
5.450809400E-01 9.984792905E-01 4.779649832E-04 2.275000000E+00
5.478063500E-01 9.984934948E-01 4.728595848E-04 2.263000000E+00
5.505453800E-01 9.985063404E-01 4.681744617E-04 2.252000000E+00
5.532981000E-01 9.985191679E-01 4.634901978E-04 2.241000000E+00
5.560646000E-01 9.985319673E-01 4.588028285E-04 2.230000000E+00
5.588449200E-01 9.985447518E-01 4.541223436E-04 2.219000000E+00
5.616391400E-01 9.985575114E-01 4.494401716E-04 2.208000000E+00
5.644473400E-01 9.985702499E-01 4.447616040E-04 2.197000000E+00
5.672695800E-01 9.985829711E-01 4.400917441E-04 2.186000000E+00
5.701059200E-01 9.985956651E-01 4.354222719E-04 2.175000000E+00
5.729564500E-01 9.986083401E-01 4.307626903E-04 2.164000000E+00
5.758212300E-01 9.986209952E-01 4.261091686E-04 2.153000000E+00
5.787003400E-01 9.986336251E-01 4.214623264E-04 2.142000000E+00
5.815938400E-01 9.986449626E-01 4.172140676E-04 2.132000000E+00
5.845018100E-01 9.986575496E-01 4.125842729E-04 2.121000000E+00
5.874243200E-01 9.986688566E-01 4.083538159E-04 2.111000000E+00
5.903614400E-01 9.986814056E-01 4.037389929E-04 2.100000000E+00
5.933132500E-01 9.986926829E-01 3.995240987E-04 2.090000000E+00
5.962798200E-01 9.987051904E-01 3.949345532E-04 2.079000000E+00
5.992612200E-01 9.987164346E-01 3.907331477E-04 2.069000000E+00
6.022575200E-01 9.987276615E-01 3.865421309E-04 2.059000000E+00
6.052688100E-01 9.987401049E-01 3.819887781E-04 2.048000000E+00
6.082951500E-01 9.987513015E-01 3.778181256E-04 2.038000000E+00
6.113366300E-01 9.987624821E-01 3.736629778E-04 2.028000000E+00
6.143933100E-01 9.987736421E-01 3.695160126E-04 2.018000000E+00
6.174652800E-01 9.987847921E-01 3.653852485E-04 2.008000000E+00
6.205526000E-01 9.987959236E-01 3.612635053E-04 1.998000000E+00
6.236553700E-01 9.988070394E-01 3.571586423E-04 1.988000000E+00
6.267736400E-01 9.988181350E-01 3.530672693E-04 1.978000000E+00
6.299075100E-01 9.988292168E-01 3.489933649E-04 1.968000000E+00
6.330570500E-01 9.988390917E-01 3.452860275E-04 1.959000000E+00
6.362223400E-01 9.988501411E-01 3.412384251E-04 1.949000000E+00
6.394034500E-01 9.988611703E-01 3.372091761E-04 1.939000000E+00
6.426004600E-01 9.988721820E-01 3.331950506E-04 1.929000000E+00
6.458134700E-01 9.988820109E-01 3.295430130E-04 1.920000000E+00
6.490425300E-01 9.988929866E-01 3.255645593E-04 1.910000000E+00
6.522877500E-01 9.989027878E-01 3.219440892E-04 1.901000000E+00
6.555491900E-01 9.989137273E-01 3.179988742E-04 1.891000000E+00
6.588269300E-01 9.989235042E-01 3.144108740E-04 1.882000000E+00
6.621210700E-01 9.989332650E-01 3.108350351E-04 1.873000000E+00
6.654316700E-01 9.989441526E-01 3.069452912E-04 1.863000000E+00
6.687588300E-01 9.989538869E-01 3.034064825E-04 1.854000000E+00
6.721026200E-01 9.989636060E-01 2.998837162E-04 1.845000000E+00
6.754631400E-01 9.989733152E-01 2.963771884E-04 1.836000000E+00
6.788404500E-01 9.989841203E-01 2.925665593E-04 1.826000000E+00
6.822346600E-01 9.989937957E-01 2.890983990E-04 1.817000000E+00
6.856458300E-01 9.990034584E-01 2.856469918E-04 1.808000000E+00
6.890740600E-01 9.990131044E-01 2.822125233E-04 1.799000000E+00
6.925194300E-01 9.990227330E-01 2.787981647E-04 1.790000000E+00
6.959820200E-01 9.990323492E-01 2.754040063E-04 1.781000000E+00
6.994619400E-01 9.990408644E-01 2.723343225E-04 1.773000000E+00
7.029592400E-01 9.990504523E-01 2.689786199E-04 1.764000000E+00
7.064740400E-01 9.990600221E-01 2.656405042E-04 1.755000000E+00
7.100064100E-01 9.990695756E-01 2.623201465E-04 1.746000000E+00
7.135564400E-01 9.990780485E-01 2.593216718E-04 1.738000000E+00
7.171242300E-01 9.990875722E-01 2.560433915E-04 1.729000000E+00
7.207098500E-01 9.990970740E-01 2.527859499E-04 1.720000000E+00
7.243134000E-01 9.991055139E-01 2.498412079E-04 1.712000000E+00
7.279349600E-01 9.991149858E-01 2.466234319E-04 1.703000000E+00
7.315746400E-01 9.991234017E-01 2.437142000E-04 1.695000000E+00
7.352325100E-01 9.991328398E-01 2.405363808E-04 1.686000000E+00
7.389086700E-01 9.991412308E-01 2.376655728E-04 1.678000000E+00
7.426032200E-01 9.991496131E-01 2.348116855E-04 1.670000000E+00
7.463162300E-01 9.991589987E-01 2.316982932E-04 1.661000000E+00
7.500478100E-01 9.991673556E-01 2.288830339E-04 1.653000000E+00
7.537980500E-01 9.991757010E-01 2.260848458E-04 1.645000000E+00
7.575670400E-01 9.991840364E-01 2.233062928E-04 1.637000000E+00
7.613548800E-01 9.991933498E-01 2.202766712E-04 1.628000000E+00
7.651616500E-01 9.992016546E-01 2.175393996E-04 1.620000000E+00
7.689874600E-01 9.992099491E-01 2.148193021E-04 1.612000000E+00
7.728324000E-01 9.992181313E-01 2.121188378E-04 1.604000000E+00
7.766965600E-01 9.992264004E-01 2.094379932E-04 1.596000000E+00
7.805800400E-01 9.992346562E-01 2.067744017E-04 1.588000000E+00
7.844829400E-01 9.992428999E-01 2.041327763E-04 1.580000000E+00
7.884053600E-01 9.992501798E-01 2.017648739E-04 1.573000000E+00
7.923473800E-01 9.992584018E-01 1.991603874E-04 1.565000000E+00
7.963091200E-01 9.992666132E-01 1.965731846E-04 1.557000000E+00
8.002906700E-01 9.992748084E-01 1.940077934E-04 1.549000000E+00
8.042921200E-01 9.992820621E-01 1.917104818E-04 1.542000000E+00
8.083135800E-01 9.992902363E-01 1.891820886E-04 1.534000000E+00
8.123551500E-01 9.992983976E-01 1.866731691E-04 1.526000000E+00
8.164169300E-01 9.993056309E-01 1.844264489E-04 1.519000000E+00
8.204990100E-01 9.993137711E-01 1.819565574E-04 1.511000000E+00
8.246015000E-01 9.993209944E-01 1.797449783E-04 1.504000000E+00
8.287245100E-01 9.993291129E-01 1.773139158E-04 1.496000000E+00
8.328681300E-01 9.993363238E-01 1.751352316E-04 1.489000000E+00
8.370324800E-01 9.993444202E-01 1.727428187E-04 1.481000000E+00
8.412176400E-01 9.993516222E-01 1.706010044E-04 1.474000000E+00
8.454237300E-01 9.993588237E-01 1.684746174E-04 1.467000000E+00
8.496508400E-01 9.993668897E-01 1.661378139E-04 1.459000000E+00
8.538991000E-01 9.993740633E-01 1.640459788E-04 1.452000000E+00
8.581685900E-01 9.993812525E-01 1.619714392E-04 1.445000000E+00
8.624594400E-01 9.993884421E-01 1.599141250E-04 1.438000000E+00
8.667717300E-01 9.993964752E-01 1.576514878E-04 1.430000000E+00
8.711055900E-01 9.994036575E-01 1.556301900E-04 1.423000000E+00
8.754611200E-01 9.994108398E-01 1.536221608E-04 1.416000000E+00
8.798384300E-01 9.994180226E-01 1.516329963E-04 1.409000000E+00
8.842376200E-01 9.994252081E-01 1.496607374E-04 1.402000000E+00
8.886588100E-01 9.994323929E-01 1.477034987E-04 1.395000000E+00
8.931021000E-01 9.994395827E-01 1.457630617E-04 1.388000000E+00
8.975676100E-01 9.994467740E-01 1.438393558E-04 1.381000000E+00
9.020554500E-01 9.994539689E-01 1.419323105E-04 1.374000000E+00
9.065657300E-01 9.994603804E-01 1.402468196E-04 1.368000000E+00
9.110985600E-01 9.994675905E-01 1.383711828E-04 1.361000000E+00
9.156540500E-01 9.994748093E-01 1.365120018E-04 1.354000000E+00
9.202323200E-01 9.994820347E-01 1.346692063E-04 1.347000000E+00
9.248334800E-01 9.994885058E-01 1.330410724E-04 1.341000000E+00
9.294576500E-01 9.994957540E-01 1.312291613E-04 1.334000000E+00
9.341049400E-01 9.995030145E-01 1.294334308E-04 1.327000000E+00
9.387754600E-01 9.995095430E-01 1.278472988E-04 1.321000000E+00
9.434693400E-01 9.995168352E-01 1.260836734E-04 1.314000000E+00
9.481866800E-01 9.995234111E-01 1.245247285E-04 1.308000000E+00
9.529276200E-01 9.995307373E-01 1.227912934E-04 1.301000000E+00
9.576922600E-01 9.995373660E-01 1.212608695E-04 1.295000000E+00
9.624807200E-01 9.995447307E-01 1.195573530E-04 1.288000000E+00
9.672931200E-01 9.995514122E-01 1.180551429E-04 1.282000000E+00
9.721295900E-01 9.995588162E-01 1.163812738E-04 1.275000000E+00
9.769902300E-01 9.995655483E-01 1.149054697E-04 1.269000000E+00
9.818751900E-01 9.995723028E-01 1.134420471E-04 1.263000000E+00
9.867845600E-01 9.995797425E-01 1.118143093E-04 1.256000000E+00
9.917184800E-01 9.995865055E-01 1.103783844E-04 1.250000000E+00
9.966770800E-01 9.995932442E-01 1.089546533E-04 1.244000000E+00
1.001660500E+00 9.996001663E-01 1.074758746E-04 1.238000000E+00
1.006668800E+00 9.996076413E-01 1.058788213E-04 1.232000000E+00
1.011702100E+00 9.996152377E-01 1.043004610E-04 1.226000000E+00
1.016760600E+00 9.996235856E-01 1.025722738E-04 1.219000000E+00
1.021844400E+00 9.996314555E-01 1.010338946E-04 1.213000000E+00
1.026953600E+00 9.996394898E-01 9.951096814E-05 1.207000000E+00
1.032088400E+00 9.996477081E-01 9.798188994E-05 1.201000000E+00
1.037248900E+00 9.996561370E-01 9.647253362E-05 1.195000000E+00
1.042435100E+00 9.996648019E-01 9.498137924E-05 1.189000000E+00
1.047647300E+00 9.996737334E-01 9.350826657E-05 1.183000000E+00
1.052885500E+00 9.996824331E-01 9.221211113E-05 1.178000000E+00
1.058149900E+00 9.996920378E-01 9.077420522E-05 1.172000000E+00
1.063440700E+00 9.997020549E-01 8.935512035E-05 1.166000000E+00
1.068757900E+00 9.997125549E-01 8.795466058E-05 1.160000000E+00
1.074101700E+00 9.997236309E-01 8.657138904E-05 1.154000000E+00
1.079472200E+00 9.997349423E-01 8.535365652E-05 1.149000000E+00
1.084869500E+00 9.997475873E-01 8.400393261E-05 1.143000000E+00
1.090293900E+00 9.997613120E-01 8.267092194E-05 1.137000000E+00
1.095745400E+00 9.997760357E-01 8.149839870E-05 1.132000000E+00
1.101224100E+00 9.997930491E-01 8.019799672E-05 1.126000000E+00
1.106730200E+00 9.998126977E-01 7.891384083E-05 1.120000000E+00
1.112263900E+00 9.998360454E-01 7.778524378E-05 1.115000000E+00
1.117825200E+00 9.998665466E-01 7.653277313E-05 1.109000000E+00
1.123414300E+00 9.999113632E-01 7.543268073E-05 1.104000000E+00
1.129031400E+00 1.000014939E+00 7.421015659E-05 1.098000000E+00
1.130771100E+00 1.000205196E+00 7.381568734E-05 1.096000000E+00
1.131028900E+00 1.000205196E+00 7.381568734E-05 1.096000000E+00
1.134676500E+00 9.999738745E-01 2.928083667E-04 1.093000000E+00
1.140349900E+00 9.999183922E-01 2.873761898E-04 1.087000000E+00
1.146051700E+00 9.998986489E-01 2.825545188E-04 1.082000000E+00
1.151781900E+00 9.998975357E-01 2.772912726E-04 1.076000000E+00
1.157540800E+00 9.999261719E-01 2.726124855E-04 1.071000000E+00
1.160384100E+00 1.000035179E+00 2.700553792E-04 1.068000000E+00
1.160815800E+00 1.000035179E+00 2.700553792E-04 1.068000000E+00
1.163328500E+00 9.999178263E-01 4.055653135E-04 1.066000000E+00
1.169145200E+00 9.998557054E-01 3.978790501E-04 1.060000000E+00
1.174990900E+00 9.998231898E-01 3.910509349E-04 1.055000000E+00
1.180865900E+00 9.998002962E-01 3.843296905E-04 1.050000000E+00
1.186770200E+00 9.997825735E-01 3.776936502E-04 1.045000000E+00
1.192704000E+00 9.997682077E-01 3.711723770E-04 1.040000000E+00
1.198667600E+00 9.997567184E-01 3.640298637E-04 1.034000000E+00
1.204660900E+00 9.997466173E-01 3.577030070E-04 1.029000000E+00
1.210684200E+00 9.997379737E-01 3.514673117E-04 1.024000000E+00
1.216737600E+00 9.997305242E-01 3.453314927E-04 1.019000000E+00
1.222821300E+00 9.997240781E-01 3.392751197E-04 1.014000000E+00
1.228935400E+00 9.997184871E-01 3.333165102E-04 1.009000000E+00
1.235080100E+00 9.997136374E-01 3.274544289E-04 1.004000000E+00
1.241255500E+00 9.997094958E-01 3.216046361E-04 9.989000000E-01
1.247461800E+00 9.997058722E-01 3.159145141E-04 9.939000000E-01
1.253699100E+00 9.997027610E-01 3.102993799E-04 9.889000000E-01
1.259967600E+00 9.997000510E-01 3.048385965E-04 9.840000000E-01
1.266267400E+00 9.996977571E-01 2.994584869E-04 9.791000000E-01
1.272598800E+00 9.996957797E-01 2.942185521E-04 9.743000000E-01
1.278961800E+00 9.996942100E-01 2.889963483E-04 9.694000000E-01
1.285356600E+00 9.996928956E-01 2.839197093E-04 9.646000000E-01
1.291783300E+00 9.996918741E-01 2.789099477E-04 9.598000000E-01
1.298242300E+00 9.996911235E-01 2.739834901E-04 9.550000000E-01
1.304733500E+00 9.996905603E-01 2.691790451E-04 9.503000000E-01
1.311257100E+00 9.996902971E-01 2.643903478E-04 9.455000000E-01
1.317813400E+00 9.996901892E-01 2.597374170E-04 9.408000000E-01
1.324402500E+00 9.996902225E-01 2.552007244E-04 9.362000000E-01
1.331024500E+00 9.996905158E-01 2.506780849E-04 9.315000000E-01
1.337679600E+00 9.996909284E-01 2.462770631E-04 9.269000000E-01
1.344368000E+00 9.996915830E-01 2.418819850E-04 9.222000000E-01
1.351089900E+00 9.996922722E-01 2.376654204E-04 9.177000000E-01
1.357845300E+00 9.996931898E-01 2.334612200E-04 9.131000000E-01
1.364634500E+00 9.996941966E-01 2.293638803E-04 9.086000000E-01
1.371457700E+00 9.996954222E-01 2.252788949E-04 9.040000000E-01
1.378315000E+00 9.996967293E-01 2.213058648E-04 8.995000000E-01
1.385206600E+00 9.996981159E-01 2.174496462E-04 8.951000000E-01
1.392132600E+00 9.996997187E-01 2.135893247E-04 8.906000000E-01
1.399093300E+00 9.997014031E-01 2.098431786E-04 8.862000000E-01
1.406088700E+00 9.997032439E-01 2.061544722E-04 8.818000000E-01
1.413119200E+00 9.997052480E-01 2.025153490E-04 8.774000000E-01
1.420184800E+00 9.997074305E-01 1.989324616E-04 8.730000000E-01
1.427285700E+00 9.997097445E-01 1.954501376E-04 8.687000000E-01
1.434422100E+00 9.997123583E-01 1.919701790E-04 8.643000000E-01
1.441594200E+00 9.997151905E-01 1.885953666E-04 8.600000000E-01
1.448802200E+00 9.997183311E-01 1.853026748E-04 8.558000000E-01
1.456046200E+00 9.997220776E-01 1.820250110E-04 8.515000000E-01
1.463326500E+00 9.997266467E-01 1.788342240E-04 8.473000000E-01
1.470643100E+00 9.997330688E-01 1.756932356E-04 8.431000000E-01
1.477996300E+00 9.997467963E-01 1.726080082E-04 8.389000000E-01
1.479443700E+00 9.997546310E-01 1.719758391E-04 8.380000000E-01
1.481756300E+00 9.997554067E-01 2.003244496E-04 8.367000000E-01
1.485386300E+00 9.997426290E-01 1.985685627E-04 8.347000000E-01
1.492813200E+00 9.997352503E-01 1.949733571E-04 8.305000000E-01
1.500277300E+00 9.997323063E-01 1.914796049E-04 8.264000000E-01
1.507778700E+00 9.997309459E-01 1.880391177E-04 8.223000000E-01
1.515317600E+00 9.997304370E-01 1.846512869E-04 8.182000000E-01
1.522894200E+00 9.997304816E-01 1.813216893E-04 8.141000000E-01
1.530508600E+00 9.997308630E-01 1.780873815E-04 8.101000000E-01
1.538161200E+00 9.997315632E-01 1.748965927E-04 8.061000000E-01
1.545852000E+00 9.997326022E-01 1.717181066E-04 8.020000000E-01
1.553581200E+00 9.997337581E-01 1.686737076E-04 7.981000000E-01
1.561349100E+00 9.997351909E-01 1.657461107E-04 7.941000000E-01
1.569155900E+00 9.997367905E-01 1.628693991E-04 7.901000000E-01
1.577001700E+00 9.997385131E-01 1.600835754E-04 7.862000000E-01
1.584886700E+00 9.997404667E-01 1.573462072E-04 7.823000000E-01
1.592811100E+00 9.997427410E-01 1.546509576E-04 7.784000000E-01
1.600775200E+00 9.997455721E-01 1.520029106E-04 7.745000000E-01
1.608779000E+00 9.997498937E-01 1.494346278E-04 7.707000000E-01
1.612549100E+00 9.997548463E-01 1.482356015E-04 7.689000000E-01
1.615250800E+00 9.997554135E-01 1.576603342E-04 7.676000000E-01
1.616822900E+00 9.997531534E-01 1.571070135E-04 7.668000000E-01
1.624907000E+00 9.997501328E-01 1.544025299E-04 7.630000000E-01
1.633031600E+00 9.997497660E-01 1.517447682E-04 7.592000000E-01
1.641196700E+00 9.997500637E-01 1.491672370E-04 7.555000000E-01
1.649402700E+00 9.997508018E-01 1.465952600E-04 7.517000000E-01
1.657649700E+00 9.997517125E-01 1.441014788E-04 7.480000000E-01
1.665938000E+00 9.997528640E-01 1.416078835E-04 7.442000000E-01
1.674267700E+00 9.997540847E-01 1.391957071E-04 7.405000000E-01
1.682639000E+00 9.997554205E-01 1.368156830E-04 7.368000000E-01
1.691052200E+00 9.997567918E-01 1.345142238E-04 7.332000000E-01
1.699507500E+00 9.997583190E-01 1.322466847E-04 7.295000000E-01
1.708005000E+00 9.997598388E-01 1.300697956E-04 7.259000000E-01
1.716545000E+00 9.997614154E-01 1.279263925E-04 7.223000000E-01
1.725127800E+00 9.997630492E-01 1.258160559E-04 7.187000000E-01
1.733753400E+00 9.997647402E-01 1.237383693E-04 7.151000000E-01
1.742422200E+00 9.997664263E-01 1.217318521E-04 7.116000000E-01
1.751134300E+00 9.997682445E-01 1.197177849E-04 7.080000000E-01
1.759889900E+00 9.997700770E-01 1.177732010E-04 7.045000000E-01
1.768689400E+00 9.997720135E-01 1.158587775E-04 7.010000000E-01
1.777532800E+00 9.997741070E-01 1.139741273E-04 6.975000000E-01
1.786420500E+00 9.997764981E-01 1.121143737E-04 6.940000000E-01
1.795352600E+00 9.997797753E-01 1.103201119E-04 6.906000000E-01
1.797300000E+00 9.997810406E-01 1.099137663E-04 6.898000000E-01
1.802700000E+00 9.997819391E-01 1.140693765E-04 6.878000000E-01
1.804329400E+00 9.997814774E-01 1.137096050E-04 6.871000000E-01
1.813351000E+00 9.997811289E-01 1.118981441E-04 6.837000000E-01
1.822417800E+00 9.997818253E-01 1.101102380E-04 6.803000000E-01
1.831529900E+00 9.997828399E-01 1.083456553E-04 6.769000000E-01
1.840687500E+00 9.997839533E-01 1.066400574E-04 6.736000000E-01
1.849890900E+00 9.997852330E-01 1.049294171E-04 6.702000000E-01
1.859140400E+00 9.997865197E-01 1.032722163E-04 6.669000000E-01
1.868436100E+00 9.997878599E-01 1.016365790E-04 6.636000000E-01
1.877778300E+00 9.997892423E-01 1.000263580E-04 6.603000000E-01
1.887167200E+00 9.997906592E-01 9.843719205E-05 6.570000000E-01
1.896603000E+00 9.997921044E-01 9.687684184E-05 6.537000000E-01
1.906086000E+00 9.997935065E-01 9.536628367E-05 6.505000000E-01
1.915616500E+00 9.997949895E-01 9.384635244E-05 6.472000000E-01
1.925194500E+00 9.997964230E-01 9.237903778E-05 6.440000000E-01
1.934820500E+00 9.997978750E-01 9.090023846E-05 6.408000000E-01
1.944494600E+00 9.997993460E-01 8.944101128E-05 6.376000000E-01
1.954217100E+00 9.998008337E-01 8.800115807E-05 6.344000000E-01
1.963988200E+00 9.998022731E-01 8.661163503E-05 6.313000000E-01
1.973808100E+00 9.998037879E-01 8.520959573E-05 6.281000000E-01
1.983677200E+00 9.998052518E-01 8.385682037E-05 6.250000000E-01
1.993595500E+00 9.998067258E-01 8.252197122E-05 6.219000000E-01
2.003563500E+00 9.998082089E-01 8.120129319E-05 6.188000000E-01
2.013581300E+00 9.998097003E-01 7.990178287E-05 6.157000000E-01
2.023649200E+00 9.998111374E-01 7.864181949E-05 6.127000000E-01
2.033767500E+00 9.998126430E-01 7.737663752E-05 6.096000000E-01
2.043936300E+00 9.998140927E-01 7.615015164E-05 6.066000000E-01
2.054156000E+00 9.998155477E-01 7.494002319E-05 6.036000000E-01
2.064426800E+00 9.998170076E-01 7.374608260E-05 6.006000000E-01
2.074748900E+00 9.998184710E-01 7.256816126E-05 5.976000000E-01
2.085122700E+00 9.998199375E-01 7.140609161E-05 5.946000000E-01
2.095548300E+00 9.998213457E-01 7.028019587E-05 5.917000000E-01
2.106026000E+00 9.998228178E-01 6.913940284E-05 5.887000000E-01
2.116556200E+00 9.998242352E-01 6.803098955E-05 5.858000000E-01
2.127138900E+00 9.998256568E-01 6.694074264E-05 5.829000000E-01
2.137774600E+00 9.998270826E-01 6.586213471E-05 5.800000000E-01
2.148463500E+00 9.998285117E-01 6.479510364E-05 5.771000000E-01
2.159205800E+00 9.998299433E-01 6.374573800E-05 5.742000000E-01
2.170001800E+00 9.998313185E-01 6.272965558E-05 5.714000000E-01
2.180851900E+00 9.998327544E-01 6.170565138E-05 5.685000000E-01
2.191756100E+00 9.998341337E-01 6.071724177E-05 5.657000000E-01
2.202714900E+00 9.998355141E-01 5.973937167E-05 5.629000000E-01
2.213728500E+00 9.998368957E-01 5.877491109E-05 5.601000000E-01
2.224797100E+00 9.998382781E-01 5.782371631E-05 5.573000000E-01
2.235921100E+00 9.998396614E-01 5.688564450E-05 5.545000000E-01
2.247100700E+00 9.998409867E-01 5.598084213E-05 5.518000000E-01
2.258336200E+00 9.998423700E-01 5.506555102E-05 5.490000000E-01
2.269627900E+00 9.998430830E-01 5.417171864E-05 5.463000000E-01
2.280976000E+00 9.998444152E-01 5.328476561E-05 5.436000000E-01
2.292380900E+00 9.998457487E-01 5.241018003E-05 5.409000000E-01
2.303842800E+00 9.998470827E-01 5.154782815E-05 5.382000000E-01
2.315362000E+00 9.998484173E-01 5.069490226E-05 5.355000000E-01
2.326938800E+00 9.998493556E-01 4.985135096E-05 5.328000000E-01
2.338573500E+00 9.998506374E-01 4.903299603E-05 5.302000000E-01
2.350266400E+00 9.998519767E-01 4.820525270E-05 5.275000000E-01
2.362017700E+00 9.998532603E-01 4.740484457E-05 5.249000000E-01
2.373827800E+00 9.998545448E-01 4.661577385E-05 5.223000000E-01
2.385697000E+00 9.998558294E-01 4.584043593E-05 5.197000000E-01
2.397625400E+00 9.998571139E-01 4.507364404E-05 5.171000000E-01
2.409613600E+00 9.998583980E-01 4.431535128E-05 5.145000000E-01
2.421661600E+00 9.998596265E-01 4.358742381E-05 5.120000000E-01
2.433769900E+00 9.998609094E-01 4.285299592E-05 5.094000000E-01
2.445938800E+00 9.998621364E-01 4.214340625E-05 5.069000000E-01
2.458168500E+00 9.998633626E-01 4.144396093E-05 5.044000000E-01
2.470459300E+00 9.998645875E-01 4.075454724E-05 5.019000000E-01
2.482811600E+00 9.998658113E-01 4.007505314E-05 4.994000000E-01
2.495225700E+00 9.998670333E-01 3.940536732E-05 4.969000000E-01
2.507701800E+00 9.998682532E-01 3.874081927E-05 4.944000000E-01
2.520240300E+00 9.998694185E-01 3.809917990E-05 4.920000000E-01
2.532841500E+00 9.998706351E-01 3.744924971E-05 4.895000000E-01
2.545505700E+00 9.998717972E-01 3.682399119E-05 4.871000000E-01
2.558233300E+00 9.998730099E-01 3.619506685E-05 4.846000000E-01
2.571024400E+00 9.998741682E-01 3.558802641E-05 4.822000000E-01
2.583879600E+00 9.998753242E-01 3.498986197E-05 4.798000000E-01
2.596799000E+00 9.998764263E-01 3.441488525E-05 4.775000000E-01
2.609782900E+00 9.998775780E-01 3.383189223E-05 4.751000000E-01
2.622831900E+00 9.998787271E-01 3.325960158E-05 4.727000000E-01
2.635946000E+00 9.998798224E-01 3.270762887E-05 4.704000000E-01
2.649125700E+00 9.998809663E-01 3.215000376E-05 4.680000000E-01
2.662371400E+00 9.998820568E-01 3.161630002E-05 4.657000000E-01
2.675683200E+00 9.998831444E-01 3.108845468E-05 4.634000000E-01
2.689061700E+00 9.998842295E-01 3.056643575E-05 4.611000000E-01
2.702507000E+00 9.998853115E-01 3.005413811E-05 4.588000000E-01
2.716019500E+00 9.998863906E-01 2.954946818E-05 4.565000000E-01
2.729599600E+00 9.998874667E-01 2.905041173E-05 4.542000000E-01
2.743247600E+00 9.998884900E-01 2.857148331E-05 4.520000000E-01
2.756963800E+00 9.998895597E-01 2.808716141E-05 4.497000000E-01
2.770748600E+00 9.998905772E-01 2.762249466E-05 4.475000000E-01
2.784602400E+00 9.998916399E-01 2.715256008E-05 4.452000000E-01
2.798525400E+00 9.998926507E-01 2.670181684E-05 4.430000000E-01
2.812518000E+00 9.998936579E-01 2.625602692E-05 4.408000000E-01
2.826580600E+00 9.998946619E-01 2.581695757E-05 4.386000000E-01
2.840713500E+00 9.998956143E-01 2.539616278E-05 4.365000000E-01
2.854917100E+00 9.998966109E-01 2.497015503E-05 4.343000000E-01
2.869191700E+00 9.998976038E-01 2.455062821E-05 4.321000000E-01
2.883537600E+00 9.998985455E-01 2.414700900E-05 4.300000000E-01
2.897955300E+00 9.998995304E-01 2.373838465E-05 4.278000000E-01
2.912445100E+00 9.999004642E-01 2.334700881E-05 4.257000000E-01
2.927007300E+00 9.999013939E-01 2.296157827E-05 4.236000000E-01
2.941642400E+00 9.999023191E-01 2.258036302E-05 4.215000000E-01
2.956350600E+00 9.999032398E-01 2.220662146E-05 4.194000000E-01
2.971132300E+00 9.999039753E-01 2.183535943E-05 4.173000000E-01
2.985988000E+00 9.999048853E-01 2.146821138E-05 4.152000000E-01
3.000917900E+00 9.999057413E-01 2.111378124E-05 4.132000000E-01
3.015922500E+00 9.999066616E-01 2.073419367E-05 4.111000000E-01
3.031002100E+00 9.999075350E-01 2.036902702E-05 4.091000000E-01
3.046157100E+00 9.999084512E-01 1.999975612E-05 4.070000000E-01
3.061387900E+00 9.999093204E-01 1.964609635E-05 4.050000000E-01
3.076694900E+00 9.999101875E-01 1.929802244E-05 4.030000000E-01
3.092078300E+00 9.999110522E-01 1.895546634E-05 4.010000000E-01
3.107538700E+00 9.999119146E-01 1.861836045E-05 3.990000000E-01
3.123076400E+00 9.999127744E-01 1.828663761E-05 3.970000000E-01
3.138691800E+00 9.999136314E-01 1.796023111E-05 3.950000000E-01
3.154385300E+00 9.999144423E-01 1.764661108E-05 3.931000000E-01
3.170157200E+00 9.999152938E-01 1.733053782E-05 3.911000000E-01
3.186008000E+00 9.999160994E-01 1.702692123E-05 3.892000000E-01
3.201938000E+00 9.999169452E-01 1.672092518E-05 3.872000000E-01
3.217947700E+00 9.999177453E-01 1.642706311E-05 3.853000000E-01
3.234037400E+00 9.999184771E-01 1.613656743E-05 3.834000000E-01
3.250207600E+00 9.999192717E-01 1.584941916E-05 3.815000000E-01
3.266458700E+00 9.999200636E-01 1.556694336E-05 3.796000000E-01
3.282791000E+00 9.999208529E-01 1.528775015E-05 3.777000000E-01
3.299204900E+00 9.999216394E-01 1.501445530E-05 3.758000000E-01
3.315700900E+00 9.999224230E-01 1.474435231E-05 3.739000000E-01
3.332279400E+00 9.999231624E-01 1.448649888E-05 3.721000000E-01
3.348940800E+00 9.999239402E-01 1.422516534E-05 3.702000000E-01
3.365685600E+00 9.999246743E-01 1.397576835E-05 3.684000000E-01
3.382514000E+00 9.999254462E-01 1.372172686E-05 3.665000000E-01
3.399426500E+00 9.999261745E-01 1.348058082E-05 3.647000000E-01
3.416423700E+00 9.999269000E-01 1.324219791E-05 3.629000000E-01
3.433505800E+00 9.999276226E-01 1.300777880E-05 3.611000000E-01
3.450673300E+00 9.999283424E-01 1.277606744E-05 3.593000000E-01
3.467926700E+00 9.999290592E-01 1.254943266E-05 3.575000000E-01
3.485266300E+00 9.999297730E-01 1.232542691E-05 3.557000000E-01
3.502692700E+00 9.999304446E-01 1.211204538E-05 3.540000000E-01
3.520206100E+00 9.999311525E-01 1.189430841E-05 3.522000000E-01
3.537807200E+00 9.999318186E-01 1.168809125E-05 3.505000000E-01
3.555496200E+00 9.999325204E-01 1.147761848E-05 3.487000000E-01
3.573273700E+00 9.999331808E-01 1.127612910E-05 3.470000000E-01
3.591140000E+00 9.999338383E-01 1.107894362E-05 3.453000000E-01
3.609095700E+00 9.999345085E-01 1.087767354E-05 3.435000000E-01
3.627141200E+00 9.999351602E-01 1.068538307E-05 3.418000000E-01
3.645276900E+00 9.999358092E-01 1.049606531E-05 3.401000000E-01
3.663503300E+00 9.999364554E-01 1.030968507E-05 3.384000000E-01
3.681820800E+00 9.999370988E-01 1.012610165E-05 3.367000000E-01
3.700229900E+00 9.999377021E-01 9.951431340E-06 3.351000000E-01
3.718731100E+00 9.999383400E-01 9.773372075E-06 3.334000000E-01
3.737324700E+00 9.999389750E-01 9.598219569E-06 3.317000000E-01
3.756011400E+00 9.999395703E-01 9.431446852E-06 3.301000000E-01
3.774791400E+00 9.999401631E-01 9.267163685E-06 3.285000000E-01
3.793665400E+00 9.999407896E-01 9.099871724E-06 3.268000000E-01
3.812633700E+00 9.999413771E-01 8.940651809E-06 3.252000000E-01
3.831696900E+00 9.999419619E-01 8.783834959E-06 3.236000000E-01
3.850855400E+00 9.999425440E-01 8.629490329E-06 3.220000000E-01
3.870109600E+00 9.999431236E-01 8.477491902E-06 3.204000000E-01
3.889460200E+00 9.999437004E-01 8.327812479E-06 3.188000000E-01
3.908907500E+00 9.999442745E-01 8.180425031E-06 3.172000000E-01
3.928452000E+00 9.999448459E-01 8.035209797E-06 3.156000000E-01
3.948094300E+00 9.999454147E-01 7.892326844E-06 3.140000000E-01
3.967834700E+00 9.999459461E-01 7.756619250E-06 3.125000000E-01
3.987673900E+00 9.999465094E-01 7.617980059E-06 3.109000000E-01
4.055024000E+00 9.999479825E-01 7.180820631E-06 3.058000000E-01
4.334821000E+00 9.999547029E-01 5.667694298E-06 2.860000000E-01
4.633924000E+00 9.999605541E-01 4.483569375E-06 2.676000000E-01
4.953664000E+00 9.999657060E-01 3.545732916E-06 2.503000000E-01
5.295467000E+00 9.999702380E-01 2.791837230E-06 2.341000000E-01
5.660855000E+00 9.999742254E-01 2.201227060E-06 2.190000000E-01
6.051453000E+00 9.999777697E-01 1.739208403E-06 2.049000000E-01
6.469004000E+00 9.999810207E-01 1.375700988E-06 1.917000000E-01
6.837362000E+00 9.999839159E-01 1.128172211E-06 1.813000000E-01
6.915365000E+00 9.999848111E-01 1.084077385E-06 1.793000000E-01
6.942016000E+00 9.999853019E-01 1.069202636E-06 1.786000000E-01
6.969923000E+00 9.999864695E-01 1.054254849E-06 1.779000000E-01
7.011785000E+00 9.999855999E-01 3.057034453E-06 1.768000000E-01
7.116438000E+00 9.999851524E-01 2.872677885E-06 1.742000000E-01
7.392525000E+00 9.999858054E-01 2.457137082E-06 1.677000000E-01
7.464758000E+00 9.999860953E-01 2.368193515E-06 1.661000000E-01
7.579014000E+00 9.999867811E-01 2.236377087E-06 1.636000000E-01
7.609483000E+00 9.999873100E-01 2.201859859E-06 1.629000000E-01
7.655185000E+00 9.999869830E-01 3.004578292E-06 1.620000000E-01
7.769442000E+00 9.999869377E-01 2.836382033E-06 1.596000000E-01
7.890960000E+00 9.999871789E-01 2.670178506E-06 1.571000000E-01
7.902609000E+00 9.999872031E-01 2.656265883E-06 1.569000000E-01
8.011740000E+00 9.999875658E-01 2.522158453E-06 1.548000000E-01
8.043948000E+00 9.999878413E-01 2.482344350E-06 1.541000000E-01
8.092260000E+00 9.999877425E-01 2.811805037E-06 1.532000000E-01
8.213040000E+00 9.999878228E-01 2.671653064E-06 1.510000000E-01
8.447890000E+00 9.999882364E-01 2.422582699E-06 1.468000000E-01
9.030794000E+00 9.999893880E-01 1.914153587E-06 1.373000000E-01
9.653919000E+00 9.999905529E-01 1.498623842E-06 1.284000000E-01
1.032004000E+01 9.999916408E-01 1.173463199E-06 1.201000000E-01
1.103212000E+01 9.999926234E-01 9.190613198E-07 1.124000000E-01
1.179334000E+01 9.999935191E-01 7.188656911E-07 1.051000000E-01
1.260708000E+01 9.999943081E-01 5.635159889E-07 9.834000000E-02
1.347697000E+01 9.999950084E-01 4.419844162E-07 9.200000000E-02
1.440688000E+01 9.999956222E-01 3.461463805E-07 8.606000000E-02
1.540095000E+01 9.999961658E-01 2.705994009E-07 8.050000000E-02
1.646362000E+01 9.999966430E-01 2.111586156E-07 7.531000000E-02
1.759961000E+01 9.999970642E-01 1.645491610E-07 7.045000000E-02
1.881398000E+01 9.999974337E-01 1.283285772E-07 6.590000000E-02
2.011215000E+01 9.999977567E-01 1.001892358E-07 6.165000000E-02
2.149988000E+01 9.999980397E-01 7.827735956E-08 5.767000000E-02
2.298338000E+01 9.999982869E-01 6.122049283E-08 5.395000000E-02
2.456923000E+01 9.999985036E-01 4.790118259E-08 5.046000000E-02
2.626450000E+01 9.999986921E-01 3.753261432E-08 4.721000000E-02
2.807676000E+01 9.999988573E-01 2.919628547E-08 4.416000000E-02
3.001405000E+01 9.999990018E-01 2.267940589E-08 4.131000000E-02
3.208502000E+01 9.999991283E-01 1.758497653E-08 3.864000000E-02
3.429889000E+01 9.999992387E-01 1.363511469E-08 3.615000000E-02
3.666551000E+01 9.999993357E-01 1.053345160E-08 3.381000000E-02
3.919543000E+01 9.999994205E-01 8.136776036E-09 3.163000000E-02
4.189992000E+01 9.999994950E-01 6.286472282E-09 2.959000000E-02
4.479101000E+01 9.999995612E-01 4.860189087E-09 2.768000000E-02
4.754862000E+01 9.999996173E-01 3.864175924E-09 2.608000000E-02
4.788159000E+01 9.999996250E-01 3.759498401E-09 2.589000000E-02
4.827641000E+01 9.999996361E-01 3.643335358E-09 2.568000000E-02
4.847048000E+01 9.999996475E-01 3.588466136E-09 2.558000000E-02
4.876160000E+01 9.999996431E-01 2.018904657E-08 2.543000000E-02
4.948938000E+01 9.999996462E-01 1.914535315E-08 2.505000000E-02
5.118542000E+01 9.999996639E-01 1.698335062E-08 2.422000000E-02
5.471721000E+01 9.999997020E-01 1.334297621E-08 2.266000000E-02
5.849270000E+01 9.999997374E-01 1.046617676E-08 2.120000000E-02
6.252870000E+01 9.999997693E-01 8.201335999E-09 1.983000000E-02
6.684318000E+01 9.999997976E-01 6.418300575E-09 1.855000000E-02
7.145536000E+01 9.999998226E-01 5.019786755E-09 1.735000000E-02
7.638578000E+01 9.999998446E-01 3.927262111E-09 1.623000000E-02
8.165640000E+01 9.999998639E-01 3.067364072E-09 1.518000000E-02
8.729069000E+01 9.999998809E-01 2.389188216E-09 1.420000000E-02
9.331374000E+01 9.999998956E-01 1.863123068E-09 1.329000000E-02
9.975239000E+01 9.999999087E-01 1.448789591E-09 1.243000000E-02
1.066353000E+02 9.999999200E-01 1.124767524E-09 1.163000000E-02
1.139931000E+02 9.999999300E-01 8.730786816E-10 1.088000000E-02
1.218587000E+02 9.999999389E-01 6.766574265E-10 1.017000000E-02
1.302669000E+02 9.999999465E-01 5.257615049E-10 9.518000000E-03
1.392553000E+02 9.999999532E-01 4.081192400E-10 8.903000000E-03
1.488640000E+02 9.999999590E-01 3.169168138E-10 8.329000000E-03
1.591356000E+02 9.999999642E-01 2.460500862E-10 7.791000000E-03
1.701159000E+02 9.999999687E-01 1.910633732E-10 7.288000000E-03
1.818539000E+02 9.999999726E-01 1.483968997E-10 6.818000000E-03
1.944018000E+02 9.999999760E-01 1.152531207E-10 6.378000000E-03
2.078156000E+02 9.999999790E-01 8.950965261E-11 5.966000000E-03
2.221548000E+02 9.999999816E-01 6.974760746E-11 5.581000000E-03
2.374835000E+02 9.999999839E-01 5.439088853E-11 5.221000000E-03
2.538699000E+02 9.999999859E-01 4.241629365E-11 4.884000000E-03
2.713869000E+02 9.999999877E-01 3.308286191E-11 4.569000000E-03
2.901126000E+02 9.999999892E-01 2.580170082E-11 4.274000000E-03
3.101304000E+02 9.999999906E-01 2.012288312E-11 3.998000000E-03
3.315294000E+02 9.999999918E-01 1.569684278E-11 3.740000000E-03
3.544049000E+02 9.999999928E-01 1.223950327E-11 3.498000000E-03
3.788588000E+02 9.999999937E-01 9.552904826E-12 3.273000000E-03
4.050001000E+02 9.999999945E-01 7.449065811E-12 3.061000000E-03
4.329451000E+02 0.000000000E+00 0.000000000E+00 2.864000000E-03
