# 11/08/2021 
# Data retrieved from www.chemicool.com/densities.html 
# Includes the real (n) and complex (k) part of the  refractive index. 
# Element, H  (Z = 1) 
# Nominal density, g cm-3 =  8.99e-05 
#    E [keV]      n       k    Wavelength [nm] 
1.069000000E-02 9.996758709E-01 2.959719713E-14 1.160000000E+02
1.142761000E-02 9.998873742E-01 0.000000000E+00 1.085000000E+02
1.221612000E-02 9.999256794E-01 0.000000000E+00 1.015000000E+02
1.305903000E-02 9.999851093E-01 0.000000000E+00 9.494000000E+01
1.332800000E-02 1.000024440E+00 0.000000000E+00 9.303000000E+01
1.353200000E-02 1.000104419E+00 0.000000000E+00 9.162000000E+01
1.358640000E-02 1.000200376E+00 0.000000000E+00 9.126000000E+01
1.366800000E-02 1.000097549E+00 1.886842247E-04 9.071000000E+01
1.387200000E-02 1.000008906E+00 1.790217165E-04 8.938000000E+01
1.396010000E-02 9.999910988E-01 1.750110704E-04 8.881000000E+01
1.492335000E-02 9.999183578E-01 1.379482073E-04 8.308000000E+01
1.595306000E-02 9.999004249E-01 1.086023468E-04 7.772000000E+01
1.705382000E-02 9.998977085E-01 8.538335616E-05 7.270000000E+01
1.823053000E-02 9.999014370E-01 6.705905936E-05 6.801000000E+01
1.948844000E-02 9.999081178E-01 5.260232292E-05 6.362000000E+01
2.083314000E-02 9.999160299E-01 4.120813625E-05 5.951000000E+01
2.227063000E-02 9.999242344E-01 3.225063259E-05 5.567000000E+01
2.380730000E-02 9.999322414E-01 2.521397004E-05 5.208000000E+01
2.545001000E-02 9.999397961E-01 1.968868188E-05 4.872000000E+01
2.720606000E-02 9.999467792E-01 1.535271691E-05 4.557000000E+01
2.908327000E-02 9.999531071E-01 1.196169794E-05 4.263000000E+01
3.109002000E-02 9.999587945E-01 9.309716157E-06 3.988000000E+01
3.323523000E-02 9.999638625E-01 7.239107397E-06 3.731000000E+01
3.552846000E-02 9.999683676E-01 5.621156628E-06 3.490000000E+01
3.797993000E-02 9.999723543E-01 4.358552450E-06 3.264000000E+01
4.060054000E-02 9.999758390E-01 3.379222374E-06 3.054000000E+01
4.340198000E-02 9.999789063E-01 2.616194300E-06 2.857000000E+01
4.639671000E-02 9.999816027E-01 2.022470635E-06 2.672000000E+01
4.959809000E-02 9.999839468E-01 1.563165159E-06 2.500000000E+01
5.302035000E-02 9.999860080E-01 1.205792779E-06 2.338000000E+01
5.667876000E-02 9.999878003E-01 9.296841425E-07 2.187000000E+01
6.058959000E-02 9.999893609E-01 7.162745574E-07 2.046000000E+01
6.477028000E-02 9.999907225E-01 5.512875996E-07 1.914000000E+01
6.923942000E-02 9.999919050E-01 4.241254269E-07 1.791000000E+01
7.401695000E-02 9.999929437E-01 3.256443004E-07 1.675000000E+01
7.912411000E-02 9.999938445E-01 2.499594043E-07 1.567000000E+01
8.458368000E-02 9.999946292E-01 1.917006776E-07 1.466000000E+01
9.041995000E-02 9.999953167E-01 1.467787290E-07 1.371000000E+01
9.665893000E-02 9.999959101E-01 1.124346768E-07 1.283000000E+01
1.033284000E-01 9.999964316E-01 8.595740879E-08 1.200000000E+01
1.104581000E-01 9.999968881E-01 6.561828811E-08 1.122000000E+01
1.180797000E-01 9.999972809E-01 5.013714269E-08 1.050000000E+01
1.262272000E-01 9.999976258E-01 3.824537406E-08 9.822000000E+00
1.349368000E-01 9.999979265E-01 2.915224201E-08 9.188000000E+00
1.442475000E-01 9.999981888E-01 2.220260499E-08 8.595000000E+00
1.542005000E-01 9.999984178E-01 1.689599827E-08 8.040000000E+00
1.648404000E-01 9.999986176E-01 1.284764164E-08 7.521000000E+00
1.762144000E-01 9.999987919E-01 9.763606643E-09 7.036000000E+00
1.883732000E-01 9.999989441E-01 7.413560180E-09 6.582000000E+00
2.013709000E-01 9.999990771E-01 5.624523842E-09 6.157000000E+00
2.152655000E-01 9.999991932E-01 4.265007036E-09 5.760000000E+00
2.301188000E-01 9.999992947E-01 3.231068341E-09 5.388000000E+00
2.459970000E-01 9.999993834E-01 2.446033522E-09 5.040000000E+00
2.629708000E-01 9.999994608E-01 1.850873855E-09 4.715000000E+00
2.811158000E-01 9.999995286E-01 1.398983552E-09 4.410000000E+00
3.005128000E-01 9.999995877E-01 1.057371446E-09 4.126000000E+00
3.212482000E-01 9.999996395E-01 7.981087064E-10 3.859000000E+00
3.434143000E-01 9.999996847E-01 6.022833249E-10 3.610000000E+00
3.671099000E-01 9.999997242E-01 4.542221575E-10 3.377000000E+00
3.924405000E-01 9.999997588E-01 3.423274567E-10 3.159000000E+00
4.195189000E-01 9.999997890E-01 2.578318607E-10 2.955000000E+00
4.484657000E-01 9.999998153E-01 1.941953608E-10 2.765000000E+00
4.794098000E-01 9.999998385E-01 1.460474277E-10 2.586000000E+00
5.124891000E-01 9.999998587E-01 1.098106946E-10 2.419000000E+00
5.478508000E-01 9.999998764E-01 8.253585612E-11 2.263000000E+00
5.856525000E-01 9.999998919E-01 6.199869206E-11 2.117000000E+00
6.260625000E-01 9.999999054E-01 4.652805927E-11 1.980000000E+00
6.692609000E-01 9.999999172E-01 3.494290346E-11 1.853000000E+00
7.154399000E-01 9.999999276E-01 2.619411062E-11 1.733000000E+00
7.648052000E-01 9.999999366E-01 1.963214780E-11 1.621000000E+00
8.175768000E-01 9.999999446E-01 1.470265493E-11 1.516000000E+00
8.739896000E-01 9.999999515E-01 1.102468582E-11 1.419000000E+00
9.342948000E-01 9.999999576E-01 8.247635389E-12 1.327000000E+00
9.987612000E-01 9.999999629E-01 6.168214318E-12 1.241000000E+00
1.067676000E+00 9.999999675E-01 4.614143258E-12 1.161000000E+00
1.141345000E+00 9.999999716E-01 3.449466045E-12 1.086000000E+00
1.220098000E+00 9.999999751E-01 2.578506126E-12 1.016000000E+00
1.304285000E+00 9.999999782E-01 1.926984707E-12 9.506000000E-01
1.394281000E+00 9.999999809E-01 1.438915769E-12 8.892000000E-01
1.490486000E+00 9.999999833E-01 1.074161265E-12 8.318000000E-01
1.593329000E+00 9.999999854E-01 8.016024912E-13 7.781000000E-01
1.703269000E+00 9.999999872E-01 5.980513159E-13 7.279000000E-01
1.820795000E+00 9.999999888E-01 4.459871568E-13 6.809000000E-01
1.946430000E+00 9.999999902E-01 3.325668783E-13 6.370000000E-01
2.080733000E+00 9.999999914E-01 2.478832304E-13 5.959000000E-01
2.224304000E+00 9.999999925E-01 1.846835803E-13 5.574000000E-01
2.377781000E+00 9.999999935E-01 1.375650418E-13 5.214000000E-01
2.541848000E+00 9.999999943E-01 1.024718366E-13 4.878000000E-01
2.717235000E+00 9.999999950E-01 7.628878516E-14 4.563000000E-01
2.904724000E+00 9.999999956E-01 5.677865403E-14 4.268000000E-01
3.105150000E+00 9.999999962E-01 4.226595269E-14 3.993000000E-01
3.319406000E+00 9.999999966E-01 3.144337243E-14 3.735000000E-01
3.548445000E+00 9.999999971E-01 2.339281688E-14 3.494000000E-01
3.793288000E+00 9.999999974E-01 1.740503451E-14 3.269000000E-01
4.055024000E+00 9.999999977E-01 1.294345259E-14 3.058000000E-01
4.334821000E+00 9.999999980E-01 9.620027500E-15 2.860000000E-01
4.633924000E+00 9.999999983E-01 7.155227242E-15 2.676000000E-01
4.953664000E+00 9.999999985E-01 5.317685162E-15 2.503000000E-01
5.295467000E+00 9.999999987E-01 3.951041029E-15 2.341000000E-01
5.660855000E+00 9.999999988E-01 2.936626315E-15 2.190000000E-01
6.051453000E+00 9.999999990E-01 2.183021861E-15 2.049000000E-01
6.469004000E+00 9.999999991E-01 1.622589592E-15 1.917000000E-01
6.915365000E+00 9.999999992E-01 1.205268473E-15 1.793000000E-01
7.392525000E+00 9.999999993E-01 8.951636181E-16 1.677000000E-01
7.902609000E+00 9.999999994E-01 6.652762666E-16 1.569000000E-01
8.447890000E+00 9.999999995E-01 4.944358717E-16 1.468000000E-01
9.030794000E+00 9.999999995E-01 3.671917536E-16 1.373000000E-01
9.653919000E+00 9.999999996E-01 2.726333064E-16 1.284000000E-01
1.032004000E+01 9.999999997E-01 2.025022757E-16 1.201000000E-01
1.103212000E+01 9.999999997E-01 1.505850518E-16 1.124000000E-01
1.179334000E+01 9.999999997E-01 1.117842929E-16 1.051000000E-01
1.260708000E+01 9.999999998E-01 8.309553488E-17 9.834000000E-02
1.347697000E+01 9.999999998E-01 6.175364334E-17 9.200000000E-02
1.440688000E+01 9.999999998E-01 4.588730249E-17 8.606000000E-02
1.540095000E+01 9.999999998E-01 3.409776583E-17 8.050000000E-02
1.646362000E+01 9.999999999E-01 2.534670061E-17 7.531000000E-02
1.759961000E+01 9.999999999E-01 1.884170515E-17 7.045000000E-02
1.881398000E+01 9.999999999E-01 1.400622072E-17 6.590000000E-02
2.011215000E+01 9.999999999E-01 1.041496322E-17 6.165000000E-02
2.149988000E+01 9.999999999E-01 7.744424035E-18 5.767000000E-02
2.298338000E+01 9.999999999E-01 5.760373050E-18 5.395000000E-02
2.456923000E+01 9.999999999E-01 4.283703205E-18 5.046000000E-02
2.626450000E+01 9.999999999E-01 3.188101432E-18 4.721000000E-02
2.807676000E+01 1.000000000E+00 2.372154125E-18 4.416000000E-02
3.001405000E+01 1.000000000E+00 1.765696264E-18 4.131000000E-02
3.208502000E+01 1.000000000E+00 1.314293358E-18 3.864000000E-02
3.429889000E+01 1.000000000E+00 9.789286922E-19 3.615000000E-02
3.666551000E+01 1.000000000E+00 7.288911629E-19 3.381000000E-02
3.919543000E+01 1.000000000E+00 5.431208606E-19 3.163000000E-02
4.189992000E+01 1.000000000E+00 4.048157640E-19 2.959000000E-02
4.479101000E+01 1.000000000E+00 3.017716833E-19 2.768000000E-02
4.788159000E+01 1.000000000E+00 2.249789587E-19 2.589000000E-02
5.118542000E+01 1.000000000E+00 1.678251443E-19 2.422000000E-02
5.471721000E+01 1.000000000E+00 1.252695447E-19 2.266000000E-02
5.849270000E+01 1.000000000E+00 9.352704030E-20 2.120000000E-02
6.252870000E+01 1.000000000E+00 6.982376993E-20 1.983000000E-02
6.684318000E+01 1.000000000E+00 5.215539557E-20 1.855000000E-02
7.145536000E+01 1.000000000E+00 3.896134668E-20 1.735000000E-02
7.638578000E+01 1.000000000E+00 2.912468133E-20 1.623000000E-02
8.165640000E+01 1.000000000E+00 2.177361973E-20 1.518000000E-02
8.729069000E+01 1.000000000E+00 1.628931775E-20 1.420000000E-02
9.331374000E+01 1.000000000E+00 1.220412961E-20 1.329000000E-02
9.975239000E+01 1.000000000E+00 9.134973441E-21 1.243000000E-02
1.066353000E+02 1.000000000E+00 6.846198473E-21 1.163000000E-02
1.139931000E+02 1.000000000E+00 5.131683967E-21 1.088000000E-02
1.218587000E+02 1.000000000E+00 3.842240982E-21 1.017000000E-02
1.302669000E+02 1.000000000E+00 2.885078946E-21 9.518000000E-03
1.392553000E+02 1.000000000E+00 2.165339969E-21 8.903000000E-03
1.488640000E+02 1.000000000E+00 1.626309531E-21 8.329000000E-03
1.591356000E+02 1.000000000E+00 1.221850353E-21 7.791000000E-03
1.701159000E+02 1.000000000E+00 9.185330246E-22 7.288000000E-03
1.818539000E+02 1.000000000E+00 6.910008365E-22 6.818000000E-03
1.944018000E+02 1.000000000E+00 5.200788713E-22 6.378000000E-03
2.078156000E+02 1.000000000E+00 3.916125107E-22 5.966000000E-03
2.221548000E+02 1.000000000E+00 2.950944414E-22 5.581000000E-03
2.374835000E+02 1.000000000E+00 2.225063985E-22 5.221000000E-03
2.538699000E+02 1.000000000E+00 1.678703754E-22 4.884000000E-03
2.713869000E+02 1.000000000E+00 1.267400232E-22 4.569000000E-03
2.901126000E+02 1.000000000E+00 9.573484593E-23 4.274000000E-03
3.101304000E+02 1.000000000E+00 7.235752255E-23 3.998000000E-03
3.315294000E+02 1.000000000E+00 5.473497391E-23 3.740000000E-03
3.544049000E+02 1.000000000E+00 4.141415832E-23 3.498000000E-03
3.788588000E+02 1.000000000E+00 3.138332866E-23 3.273000000E-03
4.050001000E+02 1.000000000E+00 2.377507899E-23 3.061000000E-03
4.329451000E+02 0.000000000E+00 0.000000000E+00 2.864000000E-03
