# 11/08/2021 
# Data retrieved from www.chemicool.com/densities.html 
# Includes the real (n) and complex (k) part of the  refractive index. 
# Element, Hg  (Z = 80) 
# Nominal density, g cm-3 =  13.546 
#    E [keV]      n       k    Wavelength [nm] 
6.272000000E-03 -5.612897956E+01 1.464973583E-01 1.977000000E+02
6.368000000E-03 1.244327896E-02 0.000000000E+00 1.947000000E+02
6.393600000E-03 8.624478573E-01 0.000000000E+00 1.939000000E+02
6.432000000E-03 2.239623537E-02 1.618548381E+00 1.928000000E+02
6.528000000E-03 -6.364714205E-01 1.536810586E+00 1.899000000E+02
7.559334000E-03 -5.236309758E-01 9.738601414E-01 1.640000000E+02
7.675038000E-03 -3.046283649E-01 9.449188756E-01 1.615000000E+02
7.705893000E-03 -1.020865640E-01 9.386663527E-01 1.609000000E+02
7.752174000E-03 -2.743080935E-01 1.295022863E+00 1.599000000E+02
7.867878000E-03 -3.838437018E-01 1.258986952E+00 1.576000000E+02
1.069000000E-02 3.968434642E-01 1.017732625E+00 1.160000000E+02
1.142761000E-02 5.343822374E-01 1.040126521E+00 1.085000000E+02
1.221612000E-02 6.355464615E-01 1.075301133E+00 1.015000000E+02
1.305903000E-02 6.993953649E-01 1.114322899E+00 9.494000000E+01
1.396010000E-02 7.275019669E-01 1.149352925E+00 8.881000000E+01
1.492335000E-02 7.241495622E-01 1.172846212E+00 8.308000000E+01
1.595306000E-02 6.957045497E-01 1.178727457E+00 7.772000000E+01
1.705382000E-02 6.499937681E-01 1.162863604E+00 7.270000000E+01
1.823053000E-02 5.952870918E-01 1.124300946E+00 6.801000000E+01
1.948844000E-02 5.284368406E-01 1.063716264E+00 6.362000000E+01
2.083314000E-02 4.804046817E-01 9.843306269E-01 5.951000000E+01
2.227063000E-02 4.433312073E-01 8.912430143E-01 5.567000000E+01
2.380730000E-02 4.203587250E-01 7.898959825E-01 5.208000000E+01
2.545001000E-02 4.125422574E-01 6.858067918E-01 4.872000000E+01
2.720606000E-02 4.194044848E-01 5.832884899E-01 4.557000000E+01
2.908327000E-02 4.393300294E-01 4.865879497E-01 4.263000000E+01
3.109002000E-02 4.699490077E-01 3.988573744E-01 3.988000000E+01
3.323523000E-02 5.080595567E-01 3.220157539E-01 3.731000000E+01
3.552846000E-02 5.508121069E-01 2.565220183E-01 3.490000000E+01
3.797993000E-02 5.955249139E-01 2.020092236E-01 3.264000000E+01
4.060054000E-02 6.396453254E-01 1.578174174E-01 3.054000000E+01
4.340198000E-02 6.822447150E-01 1.223761897E-01 2.857000000E+01
4.639671000E-02 7.224713283E-01 9.434826296E-02 2.672000000E+01
4.959809000E-02 7.596684016E-01 7.253938505E-02 2.500000000E+01
5.302035000E-02 7.948789331E-01 5.560648388E-02 2.338000000E+01
5.644800000E-02 8.306717726E-01 4.331871197E-02 2.196000000E+01
5.667876000E-02 8.339350838E-01 4.261716373E-02 2.187000000E+01
5.731200000E-02 8.472144470E-01 4.077814205E-02 2.163000000E+01
5.754240000E-02 8.618501315E-01 4.015688088E-02 2.155000000E+01
5.788800000E-02 8.495926815E-01 6.536825312E-02 2.142000000E+01
5.875200000E-02 8.424443629E-01 6.150198116E-02 2.110000000E+01
6.058959000E-02 8.446879088E-01 5.424142202E-02 2.046000000E+01
6.477028000E-02 8.598040790E-01 4.134984546E-02 1.914000000E+01
6.923942000E-02 8.768379855E-01 3.154668564E-02 1.791000000E+01
7.401695000E-02 8.936144915E-01 2.408625184E-02 1.675000000E+01
7.889000000E-02 9.098486409E-01 1.869644040E-02 1.572000000E+01
7.912411000E-02 9.107938306E-01 1.847065682E-02 1.567000000E+01
8.009750000E-02 9.156821950E-01 1.760325067E-02 1.548000000E+01
8.041950000E-02 9.197706328E-01 1.733261379E-02 1.542000000E+01
8.090250000E-02 9.173936426E-01 2.347426647E-02 1.533000000E+01
8.211000000E-02 9.172184039E-01 2.226032120E-02 1.510000000E+01
8.458368000E-02 9.206103155E-01 2.005919255E-02 1.466000000E+01
9.041995000E-02 9.301681560E-01 1.590939534E-02 1.371000000E+01
9.653000000E-02 9.396337001E-01 1.258372976E-02 1.284000000E+01
9.665893000E-02 9.397712258E-01 1.253621493E-02 1.283000000E+01
9.800750000E-02 9.421825154E-01 1.190790053E-02 1.265000000E+01
9.840150000E-02 9.433918253E-01 1.173432265E-02 1.260000000E+01
9.899250000E-02 9.435074166E-01 1.281544186E-02 1.252000000E+01
1.001560000E-01 9.444719242E-01 1.230792212E-02 1.238000000E+01
1.004700000E-01 9.448310021E-01 1.216991371E-02 1.234000000E+01
1.016890000E-01 9.464145027E-01 1.165631531E-02 1.219000000E+01
1.020978000E-01 9.472873116E-01 1.148884896E-02 1.214000000E+01
1.027110000E-01 9.474539526E-01 1.210871890E-02 1.207000000E+01
1.033284000E-01 9.478578556E-01 1.186755921E-02 1.200000000E+01
1.042440000E-01 9.486822931E-01 1.150607240E-02 1.189000000E+01
1.104581000E-01 9.544642518E-01 9.447982356E-03 1.122000000E+01
1.178940000E-01 9.607911846E-01 7.696267129E-03 1.052000000E+01
1.180797000E-01 9.609678758E-01 7.655569635E-03 1.050000000E+01
1.196985000E-01 9.622831007E-01 7.362145183E-03 1.036000000E+01
1.201797000E-01 9.627381252E-01 7.281122974E-03 1.032000000E+01
1.209015000E-01 9.632298290E-01 7.355912118E-03 1.025000000E+01
1.227060000E-01 9.644367674E-01 7.086003068E-03 1.010000000E+01
1.262272000E-01 9.667472760E-01 6.633019556E-03 9.822000000E+00
1.349368000E-01 9.718645362E-01 5.824671843E-03 9.188000000E+00
1.442475000E-01 9.763686334E-01 5.335567388E-03 8.595000000E+00
1.542005000E-01 9.802884022E-01 5.103689526E-03 8.040000000E+00
1.648404000E-01 9.836589175E-01 5.080943950E-03 7.521000000E+00
1.762144000E-01 9.865078999E-01 5.224289240E-03 7.036000000E+00
1.883732000E-01 9.888808107E-01 5.488518892E-03 6.582000000E+00
2.013709000E-01 9.907997369E-01 5.826264018E-03 6.157000000E+00
2.152655000E-01 9.922948635E-01 6.188072365E-03 5.760000000E+00
2.301188000E-01 9.934104130E-01 6.520699984E-03 5.388000000E+00
2.459970000E-01 9.941935083E-01 6.776742173E-03 5.040000000E+00
2.629708000E-01 9.947075301E-01 6.919899132E-03 4.715000000E+00
2.811158000E-01 9.950204140E-01 6.921589709E-03 4.410000000E+00
3.005128000E-01 9.951945615E-01 6.780721972E-03 4.126000000E+00
3.212482000E-01 9.953026312E-01 6.495679238E-03 3.859000000E+00
3.434143000E-01 9.954075769E-01 6.094247877E-03 3.610000000E+00
3.526040000E-01 9.954756224E-01 5.908626330E-03 3.516000000E+00
3.580010000E-01 9.955572527E-01 5.796143069E-03 3.463000000E+00
3.594402000E-01 9.956312444E-01 5.765428689E-03 3.449000000E+00
3.615990000E-01 9.955765305E-01 5.851665245E-03 3.429000000E+00
3.671099000E-01 9.955530498E-01 5.737725116E-03 3.377000000E+00
3.707340000E-01 9.955614618E-01 5.663459077E-03 3.344000000E+00
3.764085000E-01 9.956043623E-01 5.547807652E-03 3.294000000E+00
3.779217000E-01 9.956505146E-01 5.517063132E-03 3.281000000E+00
3.801915000E-01 9.956140232E-01 5.554356432E-03 3.261000000E+00
3.858660000E-01 9.955922183E-01 5.439871663E-03 3.213000000E+00
3.924405000E-01 9.955965082E-01 5.307335061E-03 3.159000000E+00
4.195189000E-01 9.956763768E-01 4.772048988E-03 2.955000000E+00
4.484657000E-01 9.958136458E-01 4.227336293E-03 2.765000000E+00
4.794098000E-01 9.960072814E-01 3.690641732E-03 2.586000000E+00
5.000000000E-01 9.960113626E-01 3.369941606E-03 2.480000000E+00
5.025000000E-01 9.960331773E-01 3.330929998E-03 2.467000000E+00
5.050125000E-01 9.960521951E-01 3.294756667E-03 2.455000000E+00
5.075375600E-01 9.960716446E-01 3.258598288E-03 2.443000000E+00
5.100752500E-01 9.960915160E-01 3.222460711E-03 2.431000000E+00
5.126256300E-01 9.961118209E-01 3.186456451E-03 2.419000000E+00
5.151887500E-01 9.961325594E-01 3.150482389E-03 2.407000000E+00
5.177647000E-01 9.961537315E-01 3.114648822E-03 2.395000000E+00
5.203535200E-01 9.961753367E-01 3.078854650E-03 2.383000000E+00
5.229552900E-01 9.961973947E-01 3.043207973E-03 2.371000000E+00
5.255700700E-01 9.962199141E-01 3.007609690E-03 2.359000000E+00
5.281979200E-01 9.962428924E-01 2.972165723E-03 2.347000000E+00
5.308389100E-01 9.962631581E-01 2.939394457E-03 2.336000000E+00
5.334931000E-01 9.962871284E-01 2.904150286E-03 2.324000000E+00
5.361605700E-01 9.963116256E-01 2.869069280E-03 2.312000000E+00
5.388413700E-01 9.963334961E-01 2.836618666E-03 2.301000000E+00
5.415355800E-01 9.963591773E-01 2.801853137E-03 2.289000000E+00
5.442432500E-01 9.963823400E-01 2.769593773E-03 2.278000000E+00
5.469644700E-01 9.964062733E-01 2.737474035E-03 2.267000000E+00
5.496992900E-01 9.964342572E-01 2.703190681E-03 2.255000000E+00
5.524477900E-01 9.964601247E-01 2.671279934E-03 2.244000000E+00
5.552100300E-01 9.964873141E-01 2.639607417E-03 2.233000000E+00
5.579860800E-01 9.965162443E-01 2.608082271E-03 2.222000000E+00
5.607760100E-01 9.965476468E-01 2.576706356E-03 2.211000000E+00
5.635798900E-01 9.965830254E-01 2.545481505E-03 2.200000000E+00
5.663977900E-01 9.966260767E-01 2.514322130E-03 2.189000000E+00
5.692297800E-01 9.966921812E-01 2.483405682E-03 2.178000000E+00
5.702805200E-01 9.967427838E-01 2.472137193E-03 2.174000000E+00
5.717194400E-01 9.967507387E-01 2.609482771E-03 2.169000000E+00
5.720759300E-01 9.967356328E-01 2.603901824E-03 2.167000000E+00
5.749363000E-01 9.966932338E-01 2.571937776E-03 2.156000000E+00
5.778109900E-01 9.966845102E-01 2.542590879E-03 2.146000000E+00
5.807000400E-01 9.966886821E-01 2.510938585E-03 2.135000000E+00
5.836035400E-01 9.966976354E-01 2.479453826E-03 2.124000000E+00
5.865215600E-01 9.967063729E-01 2.450537525E-03 2.114000000E+00
5.894541700E-01 9.967202163E-01 2.419455067E-03 2.103000000E+00
5.924014400E-01 9.967324134E-01 2.390827364E-03 2.093000000E+00
5.953634500E-01 9.967488806E-01 2.360070429E-03 2.082000000E+00
5.983402600E-01 9.967631618E-01 2.331815799E-03 2.072000000E+00
6.013319600E-01 9.967782307E-01 2.303623537E-03 2.062000000E+00
6.043386200E-01 9.967939825E-01 2.275727756E-03 2.052000000E+00
6.073603200E-01 9.968134471E-01 2.245696125E-03 2.041000000E+00
6.103971200E-01 9.968303162E-01 2.218101509E-03 2.031000000E+00
6.134491000E-01 9.968476705E-01 2.190651072E-03 2.021000000E+00
6.165163500E-01 9.968654604E-01 2.163346201E-03 2.011000000E+00
6.195989300E-01 9.968836525E-01 2.136261288E-03 2.001000000E+00
6.226969300E-01 9.969022217E-01 2.109395491E-03 1.991000000E+00
6.258104100E-01 9.969211434E-01 2.082676390E-03 1.981000000E+00
6.289394600E-01 9.969403937E-01 2.056105304E-03 1.971000000E+00
6.320841600E-01 9.969568623E-01 2.031824321E-03 1.962000000E+00
6.352445800E-01 9.969767402E-01 2.005605599E-03 1.952000000E+00
6.384208000E-01 9.969969061E-01 1.979606080E-03 1.942000000E+00
6.416129100E-01 9.970173654E-01 1.953756806E-03 1.932000000E+00
6.448209700E-01 9.970350261E-01 1.930133287E-03 1.923000000E+00
6.480450800E-01 9.970560644E-01 1.904638003E-03 1.913000000E+00
6.512853000E-01 9.970743171E-01 1.881336930E-03 1.904000000E+00
6.545417300E-01 9.970959654E-01 1.856196347E-03 1.894000000E+00
6.578144400E-01 9.971148925E-01 1.833218487E-03 1.885000000E+00
6.611035100E-01 9.971372854E-01 1.808497358E-03 1.875000000E+00
6.644090300E-01 9.971571313E-01 1.785842786E-03 1.866000000E+00
6.677310700E-01 9.971776892E-01 1.763374220E-03 1.857000000E+00
6.710697300E-01 9.971994797E-01 1.741090917E-03 1.848000000E+00
6.744250800E-01 9.972274697E-01 1.717061538E-03 1.838000000E+00
6.759456000E-01 9.972428492E-01 1.707203474E-03 1.834000000E+00
6.777972000E-01 9.972536828E-01 1.718713425E-03 1.829000000E+00
6.778544600E-01 9.972536828E-01 1.718713425E-03 1.829000000E+00
6.811861900E-01 9.972606586E-01 1.696825945E-03 1.820000000E+00
6.845921200E-01 9.972751758E-01 1.675060820E-03 1.811000000E+00
6.880150800E-01 9.972914831E-01 1.653478319E-03 1.802000000E+00
6.914551500E-01 9.973086608E-01 1.632019063E-03 1.793000000E+00
6.949124300E-01 9.973263991E-01 1.610800166E-03 1.784000000E+00
6.983869900E-01 9.973445320E-01 1.589704191E-03 1.775000000E+00
7.018789300E-01 9.973629737E-01 1.568789023E-03 1.766000000E+00
7.053883200E-01 9.973786939E-01 1.549760195E-03 1.758000000E+00
7.089152600E-01 9.973976144E-01 1.529190506E-03 1.749000000E+00
7.124598400E-01 9.974167298E-01 1.508744195E-03 1.740000000E+00
7.160221400E-01 9.974330484E-01 1.490197153E-03 1.732000000E+00
7.196022500E-01 9.974524928E-01 1.470093703E-03 1.723000000E+00
7.232002600E-01 9.974720817E-01 1.450167769E-03 1.714000000E+00
7.268162600E-01 9.974888563E-01 1.432043908E-03 1.706000000E+00
7.304503400E-01 9.975087001E-01 1.412457100E-03 1.697000000E+00
7.341026000E-01 9.975257338E-01 1.394644559E-03 1.689000000E+00
7.377731100E-01 9.975428964E-01 1.376980360E-03 1.681000000E+00
7.414619700E-01 9.975630891E-01 1.357890186E-03 1.672000000E+00
7.451692800E-01 9.975804796E-01 1.340533406E-03 1.664000000E+00
7.488951300E-01 9.975979863E-01 1.323323091E-03 1.656000000E+00
7.526396100E-01 9.976185027E-01 1.304624371E-03 1.647000000E+00
7.564028000E-01 9.976362413E-01 1.287718535E-03 1.639000000E+00
7.601848200E-01 9.976540977E-01 1.270957281E-03 1.631000000E+00
7.639857400E-01 9.976720866E-01 1.254291957E-03 1.623000000E+00
7.678056700E-01 9.976902173E-01 1.237818514E-03 1.615000000E+00
7.716447000E-01 9.977085033E-01 1.221487824E-03 1.607000000E+00
7.755029200E-01 9.977269807E-01 1.205252643E-03 1.599000000E+00
7.793804400E-01 9.977456885E-01 1.189159927E-03 1.591000000E+00
7.832773400E-01 9.977647006E-01 1.173254766E-03 1.583000000E+00
7.871937300E-01 9.977841599E-01 1.157444670E-03 1.575000000E+00
7.911296900E-01 9.978043646E-01 1.141819979E-03 1.567000000E+00
7.950853400E-01 9.978261410E-01 1.126290048E-03 1.559000000E+00
7.990607700E-01 9.978517253E-01 1.112332461E-03 1.552000000E+00
7.990675400E-01 9.978517253E-01 1.112332461E-03 1.552000000E+00
8.015324600E-01 9.978626553E-01 1.126565465E-03 1.547000000E+00
8.030560700E-01 9.978630973E-01 1.120765474E-03 1.544000000E+00
8.070713500E-01 9.978738667E-01 1.105437667E-03 1.536000000E+00
8.111067100E-01 9.978852021E-01 1.091675321E-03 1.529000000E+00
8.151622400E-01 9.979004850E-01 1.076610545E-03 1.521000000E+00
8.192380600E-01 9.979163874E-01 1.061682570E-03 1.513000000E+00
8.233342500E-01 9.979299224E-01 1.048323832E-03 1.506000000E+00
8.274509200E-01 9.979464788E-01 1.033655044E-03 1.498000000E+00
8.315881700E-01 9.979604884E-01 1.020489688E-03 1.491000000E+00
8.357461100E-01 9.979746613E-01 1.007475733E-03 1.484000000E+00
8.399248400E-01 9.979916866E-01 9.931857611E-04 1.476000000E+00
8.441244700E-01 9.980060894E-01 9.804027320E-04 1.469000000E+00
8.483450900E-01 9.980232897E-01 9.663664230E-04 1.461000000E+00
8.525868200E-01 9.980378520E-01 9.538122895E-04 1.454000000E+00
8.568497500E-01 9.980524794E-01 9.413662295E-04 1.447000000E+00
8.611340000E-01 9.980671653E-01 9.290277819E-04 1.440000000E+00
8.654396700E-01 9.980818961E-01 9.167964856E-04 1.433000000E+00
8.697668700E-01 9.980993416E-01 9.034034996E-04 1.425000000E+00
8.741157000E-01 9.981141437E-01 8.913958007E-04 1.418000000E+00
8.784862800E-01 9.981289767E-01 8.794938256E-04 1.411000000E+00
8.828787100E-01 9.981438386E-01 8.677330665E-04 1.404000000E+00
8.872931000E-01 9.981587203E-01 8.560407979E-04 1.397000000E+00
8.917295700E-01 9.981736200E-01 8.444881114E-04 1.390000000E+00
8.961882200E-01 9.981885326E-01 8.330037119E-04 1.383000000E+00
9.006691600E-01 9.982008478E-01 8.228519709E-04 1.377000000E+00
9.051725000E-01 9.982157933E-01 8.115974642E-04 1.370000000E+00
9.096983700E-01 9.982307435E-01 8.004448047E-04 1.363000000E+00
9.142468600E-01 9.982456971E-01 7.893935366E-04 1.356000000E+00
9.188180900E-01 9.982606526E-01 7.784763956E-04 1.349000000E+00
9.234121800E-01 9.982730344E-01 7.687706286E-04 1.343000000E+00
9.280292400E-01 9.982879918E-01 7.580429047E-04 1.336000000E+00
9.326693900E-01 9.983029405E-01 7.473818990E-04 1.329000000E+00
9.373327400E-01 9.983153369E-01 7.379671037E-04 1.323000000E+00
9.420194000E-01 9.983302772E-01 7.275252301E-04 1.316000000E+00
9.467295000E-01 9.983426697E-01 7.182771671E-04 1.310000000E+00
9.514631500E-01 9.983575875E-01 7.080512042E-04 1.303000000E+00
9.562204600E-01 9.983699754E-01 6.989681148E-04 1.297000000E+00
9.610015600E-01 9.983848638E-01 6.889245177E-04 1.290000000E+00
9.658065700E-01 9.983972313E-01 6.800350041E-04 1.284000000E+00
9.706356000E-01 9.984120836E-01 6.701420821E-04 1.277000000E+00
9.754887800E-01 9.984244334E-01 6.613845358E-04 1.271000000E+00
9.803662300E-01 9.984367725E-01 6.527323890E-04 1.265000000E+00
9.852680600E-01 9.984515601E-01 6.431326965E-04 1.258000000E+00
9.901944000E-01 9.984638624E-01 6.346395501E-04 1.252000000E+00
9.951453700E-01 9.984761407E-01 6.262210426E-04 1.246000000E+00
1.000121100E+00 9.984883920E-01 6.178768472E-04 1.240000000E+00
1.005121700E+00 9.985006715E-01 6.087456496E-04 1.234000000E+00
1.010147300E+00 9.985154147E-01 5.987284944E-04 1.227000000E+00
1.015198000E+00 9.985277584E-01 5.898418081E-04 1.221000000E+00
1.020274000E+00 9.985401350E-01 5.810434700E-04 1.215000000E+00
1.025375400E+00 9.985525317E-01 5.723330387E-04 1.209000000E+00
1.030502300E+00 9.985649493E-01 5.637628648E-04 1.203000000E+00
1.035654800E+00 9.985773807E-01 5.552786647E-04 1.197000000E+00
1.040833100E+00 9.985898268E-01 5.468800051E-04 1.191000000E+00
1.046037200E+00 9.986022807E-01 5.385920644E-04 1.185000000E+00
1.051267400E+00 9.986147409E-01 5.304136332E-04 1.179000000E+00
1.056523800E+00 9.986248641E-01 5.232093623E-04 1.174000000E+00
1.061806400E+00 9.986373389E-01 5.152126572E-04 1.168000000E+00
1.067115400E+00 9.986498129E-01 5.072978506E-04 1.162000000E+00
1.072451000E+00 9.986622799E-01 4.994888946E-04 1.156000000E+00
1.077813200E+00 9.986747432E-01 4.917846105E-04 1.150000000E+00
1.083202300E+00 9.986844416E-01 4.850067608E-04 1.145000000E+00
1.088618300E+00 9.986968963E-01 4.774525250E-04 1.139000000E+00
1.094061400E+00 9.987093388E-01 4.700005521E-04 1.133000000E+00
1.099531700E+00 9.987194961E-01 4.634710796E-04 1.128000000E+00
1.105029400E+00 9.987319158E-01 4.561886688E-04 1.122000000E+00
1.110554500E+00 9.987443198E-01 4.490056530E-04 1.116000000E+00
1.116107300E+00 9.987544611E-01 4.426949950E-04 1.111000000E+00
1.121687800E+00 9.987668312E-01 4.356770060E-04 1.105000000E+00
1.127296300E+00 9.987769551E-01 4.295141413E-04 1.100000000E+00
1.132932800E+00 9.987892852E-01 4.226583841E-04 1.094000000E+00
1.138597400E+00 9.987992929E-01 4.166624016E-04 1.089000000E+00
1.144290400E+00 9.988093803E-01 4.107233136E-04 1.084000000E+00
1.150011900E+00 9.988216509E-01 4.040907972E-04 1.078000000E+00
1.155761900E+00 9.988317164E-01 3.982720401E-04 1.073000000E+00
1.161540700E+00 9.988439398E-01 3.917954021E-04 1.067000000E+00
1.167348400E+00 9.988539736E-01 3.861161211E-04 1.062000000E+00
1.173185200E+00 9.988639977E-01 3.805123005E-04 1.057000000E+00
1.179051100E+00 9.988740051E-01 3.749830950E-04 1.052000000E+00
1.184946400E+00 9.988861300E-01 3.688021674E-04 1.046000000E+00
1.190871100E+00 9.988960992E-01 3.633872805E-04 1.041000000E+00
1.196825400E+00 9.989060515E-01 3.580451909E-04 1.036000000E+00
1.202809600E+00 9.989159844E-01 3.527750705E-04 1.031000000E+00
1.208823600E+00 9.989258990E-01 3.475568966E-04 1.026000000E+00
1.214867700E+00 9.989357929E-01 3.424094254E-04 1.021000000E+00
1.220942100E+00 9.989477416E-01 3.366493396E-04 1.015000000E+00
1.227046800E+00 9.989575826E-01 3.316290369E-04 1.010000000E+00
1.233182000E+00 9.989674027E-01 3.266588845E-04 1.005000000E+00
1.239347900E+00 9.989771995E-01 3.217568700E-04 1.000000000E+00
1.245544700E+00 9.989861557E-01 3.171770588E-04 9.954000000E-01
1.251772400E+00 9.989957029E-01 3.124515624E-04 9.905000000E-01
1.258031200E+00 9.990054269E-01 3.077107764E-04 9.855000000E-01
1.264321400E+00 9.990149242E-01 3.030975369E-04 9.806000000E-01
1.270643000E+00 9.990241971E-01 2.986091962E-04 9.758000000E-01
1.276996200E+00 9.990336441E-01 2.941047904E-04 9.709000000E-01
1.283381200E+00 9.990428641E-01 2.897058815E-04 9.661000000E-01
1.289798100E+00 9.990520598E-01 2.853679024E-04 9.613000000E-01
1.296247100E+00 9.990612291E-01 2.810901276E-04 9.565000000E-01
1.302728300E+00 9.990703714E-01 2.768553168E-04 9.517000000E-01
1.309242000E+00 9.990792919E-01 2.727372039E-04 9.470000000E-01
1.315788200E+00 9.990881848E-01 2.686601284E-04 9.423000000E-01
1.322367100E+00 9.990970512E-01 2.646399188E-04 9.376000000E-01
1.328979000E+00 9.991058906E-01 2.606600149E-04 9.329000000E-01
1.335623900E+00 9.991145103E-01 2.567755325E-04 9.283000000E-01
1.342302000E+00 9.991231024E-01 2.529609535E-04 9.237000000E-01
1.349013500E+00 9.991316666E-01 2.491689336E-04 9.191000000E-01
1.355758600E+00 9.991402040E-01 2.454302514E-04 9.145000000E-01
1.362537400E+00 9.991485270E-01 2.417822912E-04 9.100000000E-01
1.369350000E+00 9.991570104E-01 2.381330031E-04 9.054000000E-01
1.376196800E+00 9.991652789E-01 2.345726931E-04 9.009000000E-01
1.383077800E+00 9.991735222E-01 2.310627014E-04 8.964000000E-01
1.389993200E+00 9.991815534E-01 2.276389365E-04 8.920000000E-01
1.396943100E+00 9.991897402E-01 2.242129963E-04 8.875000000E-01
1.403927800E+00 9.991977174E-01 2.208716220E-04 8.831000000E-01
1.410947500E+00 9.992056668E-01 2.175636091E-04 8.787000000E-01
1.418002200E+00 9.992134081E-01 2.143517577E-04 8.744000000E-01
1.425092200E+00 9.992213031E-01 2.111369383E-04 8.700000000E-01
1.432217700E+00 9.992289898E-01 2.080024758E-04 8.657000000E-01
1.439378800E+00 9.992366490E-01 2.048991886E-04 8.614000000E-01
1.446575700E+00 9.992442846E-01 2.017331291E-04 8.571000000E-01
1.453808600E+00 9.992519014E-01 1.985998108E-04 8.528000000E-01
1.461077600E+00 9.992593228E-01 1.955582820E-04 8.486000000E-01
1.468383000E+00 9.992667235E-01 1.925609209E-04 8.444000000E-01
1.475724900E+00 9.992741042E-01 1.895943043E-04 8.402000000E-01
1.483103500E+00 9.992814632E-01 1.866710213E-04 8.360000000E-01
1.490519000E+00 9.992888011E-01 1.837779108E-04 8.318000000E-01
1.497971600E+00 9.992959448E-01 1.809710348E-04 8.277000000E-01
1.505461500E+00 9.993030684E-01 1.781928464E-04 8.236000000E-01
1.512988800E+00 9.993101688E-01 1.754554475E-04 8.195000000E-01
1.520553700E+00 9.993172505E-01 1.726855635E-04 8.154000000E-01
1.528156500E+00 9.993243142E-01 1.699569045E-04 8.113000000E-01
1.535797300E+00 9.993311923E-01 1.672985128E-04 8.073000000E-01
1.543476300E+00 9.993380530E-01 1.646796590E-04 8.033000000E-01
1.551193700E+00 9.993448968E-01 1.620881944E-04 7.993000000E-01
1.558949600E+00 9.993517210E-01 1.595470482E-04 7.953000000E-01
1.566744400E+00 9.993585261E-01 1.570211204E-04 7.913000000E-01
1.574578100E+00 9.993651491E-01 1.545724864E-04 7.874000000E-01
1.582451000E+00 9.993717549E-01 1.521605561E-04 7.835000000E-01
1.590363300E+00 9.993783418E-01 1.497848628E-04 7.796000000E-01
1.598315100E+00 9.993849093E-01 1.474339684E-04 7.757000000E-01
1.606306600E+00 9.993912991E-01 1.451453479E-04 7.719000000E-01
1.614338200E+00 9.993978271E-01 1.428540112E-04 7.680000000E-01
1.622409900E+00 9.994041794E-01 1.406343203E-04 7.642000000E-01
1.630521900E+00 9.994105130E-01 1.384376856E-04 7.604000000E-01
1.638674500E+00 9.994168286E-01 1.362744279E-04 7.566000000E-01
1.646867900E+00 9.994231235E-01 1.341337771E-04 7.528000000E-01
1.655102200E+00 9.994292469E-01 1.320611029E-04 7.491000000E-01
1.663377700E+00 9.994353526E-01 1.300098360E-04 7.454000000E-01
1.671694600E+00 9.994414409E-01 1.279898992E-04 7.417000000E-01
1.680053100E+00 9.994475104E-01 1.259909483E-04 7.380000000E-01
1.688453400E+00 9.994535615E-01 1.240227082E-04 7.343000000E-01
1.696895600E+00 9.994594468E-01 1.221181959E-04 7.307000000E-01
1.705380100E+00 9.994654626E-01 1.202001682E-04 7.270000000E-01
1.713907000E+00 9.994712292E-01 1.183350148E-04 7.234000000E-01
1.722476600E+00 9.994770639E-01 1.164986624E-04 7.198000000E-01
1.731088900E+00 9.994828823E-01 1.146813717E-04 7.162000000E-01
1.739744400E+00 9.994885411E-01 1.129239922E-04 7.127000000E-01
1.748443100E+00 9.994943269E-01 1.111624348E-04 7.091000000E-01
1.757185300E+00 9.994999548E-01 1.094502932E-04 7.056000000E-01
1.765971200E+00 9.995055677E-01 1.077557894E-04 7.021000000E-01
1.774801100E+00 9.995111668E-01 1.060877338E-04 6.986000000E-01
1.783675100E+00 9.995167515E-01 1.044369557E-04 6.951000000E-01
1.792593500E+00 9.995223220E-01 1.028120893E-04 6.916000000E-01
1.801556500E+00 9.995277414E-01 1.012335623E-04 6.882000000E-01
1.810564200E+00 9.995331489E-01 9.967979718E-05 6.848000000E-01
1.819617100E+00 9.995385455E-01 9.814198776E-05 6.814000000E-01
1.828715100E+00 9.995439306E-01 9.662843603E-05 6.780000000E-01
1.837858700E+00 9.995493050E-01 9.513050776E-05 6.746000000E-01
1.847048000E+00 9.995545362E-01 9.367602875E-05 6.713000000E-01
1.856283300E+00 9.995598907E-01 9.219253462E-05 6.679000000E-01
1.865564700E+00 9.995651063E-01 9.075206137E-05 6.646000000E-01
1.874892500E+00 9.995703165E-01 8.932662359E-05 6.613000000E-01
1.884267000E+00 9.995755221E-01 8.791614262E-05 6.580000000E-01
1.893688300E+00 9.995807229E-01 8.652835769E-05 6.547000000E-01
1.903156700E+00 9.995857931E-01 8.518136234E-05 6.515000000E-01
1.912672500E+00 9.995909887E-01 8.383016178E-05 6.482000000E-01
1.922235900E+00 9.995960574E-01 8.251887974E-05 6.450000000E-01
1.931847100E+00 9.996011276E-01 8.119875869E-05 6.418000000E-01
1.941506300E+00 9.996062005E-01 7.990759002E-05 6.386000000E-01
1.951213800E+00 9.996112779E-01 7.863012500E-05 6.354000000E-01
1.960969900E+00 9.996162401E-01 7.739076799E-05 6.323000000E-01
1.970774700E+00 9.996213316E-01 7.614743718E-05 6.291000000E-01
1.980628600E+00 9.996263130E-01 7.494853502E-05 6.260000000E-01
1.990531800E+00 9.996313077E-01 7.376222832E-05 6.229000000E-01
2.000484400E+00 9.996363171E-01 7.259545742E-05 6.198000000E-01
2.010486800E+00 9.996413445E-01 7.144100964E-05 6.167000000E-01
2.020539300E+00 9.996463929E-01 7.030568689E-05 6.136000000E-01
2.030642000E+00 9.996513504E-01 6.920508446E-05 6.106000000E-01
2.040795200E+00 9.996564439E-01 6.810028714E-05 6.075000000E-01
2.050999200E+00 9.996614636E-01 6.702945513E-05 6.045000000E-01
2.061254200E+00 9.996665213E-01 6.597514245E-05 6.015000000E-01
2.071560400E+00 9.996716224E-01 6.493451912E-05 5.985000000E-01
2.081918200E+00 9.996767741E-01 6.390874201E-05 5.955000000E-01
2.092327800E+00 9.996818751E-01 6.291758824E-05 5.926000000E-01
2.102789500E+00 9.996871511E-01 6.191886073E-05 5.896000000E-01
2.113303400E+00 9.996923984E-01 6.095402092E-05 5.867000000E-01
2.123869900E+00 9.996977362E-01 6.000233079E-05 5.838000000E-01
2.134489300E+00 9.997031788E-01 5.906364555E-05 5.809000000E-01
2.145161700E+00 9.997087442E-01 5.813782136E-05 5.780000000E-01
2.155887500E+00 9.997144537E-01 5.722411204E-05 5.751000000E-01
2.166667000E+00 9.997203348E-01 5.632239377E-05 5.722000000E-01
2.177500300E+00 9.997263252E-01 5.545261048E-05 5.694000000E-01
2.188387800E+00 9.997325691E-01 5.459472944E-05 5.666000000E-01
2.199329700E+00 9.997392181E-01 5.372897322E-05 5.637000000E-01
2.210326400E+00 9.997461662E-01 5.289355895E-05 5.609000000E-01
2.221378000E+00 9.997536236E-01 5.206910310E-05 5.581000000E-01
2.232484900E+00 9.997616774E-01 5.127451691E-05 5.554000000E-01
2.243647300E+00 9.997707774E-01 5.047143527E-05 5.526000000E-01
2.254865600E+00 9.997812375E-01 4.969760023E-05 5.499000000E-01
2.266139900E+00 9.997941899E-01 4.891599757E-05 5.471000000E-01
2.277470600E+00 9.998119632E-01 4.816247727E-05 5.444000000E-01
2.288857900E+00 9.998458404E-01 4.741404433E-05 5.417000000E-01
2.294284900E+00 9.999136343E-01 4.705677938E-05 5.404000000E-01
2.295515000E+00 9.999153353E-01 1.384874653E-04 5.401000000E-01
2.300302200E+00 9.998530261E-01 1.375000275E-04 5.390000000E-01
2.311803700E+00 9.998232907E-01 1.351239591E-04 5.363000000E-01
2.323362800E+00 9.998124559E-01 1.327801112E-04 5.336000000E-01
2.334979600E+00 9.998076012E-01 1.305224714E-04 5.310000000E-01
2.346654500E+00 9.998064598E-01 1.282516541E-04 5.283000000E-01
2.358387800E+00 9.998085608E-01 1.260598857E-04 5.257000000E-01
2.370179700E+00 9.998155798E-01 1.239027141E-04 5.231000000E-01
2.382030600E+00 9.998418015E-01 1.217747639E-04 5.205000000E-01
2.384227600E+00 9.998671582E-01 1.213732356E-04 5.200000000E-01
2.385572600E+00 9.998677090E-01 1.771946071E-04 5.197000000E-01
2.393940700E+00 9.998195143E-01 1.750446834E-04 5.179000000E-01
2.405910400E+00 9.998027423E-01 1.719935953E-04 5.153000000E-01
2.417940000E+00 9.997934625E-01 1.690529759E-04 5.128000000E-01
2.430029700E+00 9.997872217E-01 1.660944043E-04 5.102000000E-01
2.442179800E+00 9.997825677E-01 1.632389107E-04 5.077000000E-01
2.454390700E+00 9.997790194E-01 1.604295600E-04 5.052000000E-01
2.466662700E+00 9.997763637E-01 1.575984306E-04 5.026000000E-01
2.478996000E+00 9.997742394E-01 1.548712873E-04 5.001000000E-01
2.491391000E+00 9.997725193E-01 1.522453497E-04 4.977000000E-01
2.503847900E+00 9.997712986E-01 1.495970642E-04 4.952000000E-01
2.516367200E+00 9.997704238E-01 1.469879299E-04 4.927000000E-01
2.528949000E+00 9.997697519E-01 1.444720496E-04 4.903000000E-01
2.541593800E+00 9.997694318E-01 1.419392068E-04 4.878000000E-01
2.554301700E+00 9.997692455E-01 1.395016826E-04 4.854000000E-01
2.567073200E+00 9.997692615E-01 1.371001421E-04 4.830000000E-01
2.579908600E+00 9.997694606E-01 1.347341790E-04 4.806000000E-01
2.592808200E+00 9.997698250E-01 1.323992188E-04 4.782000000E-01
2.605772200E+00 9.997703417E-01 1.301032436E-04 4.758000000E-01
2.618801100E+00 9.997709981E-01 1.278375545E-04 4.734000000E-01
2.631895100E+00 9.997716886E-01 1.256592670E-04 4.711000000E-01
2.645054500E+00 9.997725981E-01 1.234606387E-04 4.687000000E-01
2.658279800E+00 9.997735271E-01 1.213473221E-04 4.664000000E-01
2.671571200E+00 9.997745676E-01 1.192656083E-04 4.641000000E-01
2.684929100E+00 9.997757167E-01 1.172112425E-04 4.618000000E-01
2.698353700E+00 9.997769732E-01 1.151878290E-04 4.595000000E-01
2.711845500E+00 9.997783379E-01 1.131950067E-04 4.572000000E-01
2.725404700E+00 9.997798148E-01 1.112286428E-04 4.549000000E-01
2.739031700E+00 9.997813145E-01 1.093405319E-04 4.527000000E-01
2.752726900E+00 9.997830436E-01 1.074294179E-04 4.504000000E-01
2.766490500E+00 9.997848307E-01 1.055947459E-04 4.482000000E-01
2.780323000E+00 9.997869050E-01 1.037413486E-04 4.459000000E-01
2.794224600E+00 9.997891419E-01 1.019589511E-04 4.437000000E-01
2.808195700E+00 9.997917710E-01 1.002037751E-04 4.415000000E-01
2.822236700E+00 9.997951191E-01 9.847549623E-05 4.393000000E-01
2.836347900E+00 9.998004113E-01 9.677379226E-05 4.371000000E-01
2.844346900E+00 9.998077677E-01 9.584115292E-05 4.359000000E-01
2.849853200E+00 9.998083635E-01 1.108239707E-04 4.351000000E-01
2.850529600E+00 9.998073148E-01 1.107385217E-04 4.350000000E-01
2.864782300E+00 9.998002936E-01 1.088696144E-04 4.328000000E-01
2.879106200E+00 9.997985849E-01 1.070283794E-04 4.306000000E-01
2.893501700E+00 9.997979506E-01 1.052636189E-04 4.285000000E-01
2.907969200E+00 9.997978645E-01 1.035214115E-04 4.264000000E-01
2.922509100E+00 9.997982012E-01 1.017535751E-04 4.242000000E-01
2.937121600E+00 9.997986662E-01 1.000596839E-04 4.221000000E-01
2.951807200E+00 9.997992949E-01 9.838767332E-05 4.200000000E-01
2.966566200E+00 9.998000512E-01 9.674053006E-05 4.179000000E-01
2.981399100E+00 9.998008140E-01 9.516371801E-05 4.159000000E-01
2.996306100E+00 9.998017601E-01 9.355239822E-05 4.138000000E-01
3.011287600E+00 9.998026675E-01 9.190659227E-05 4.117000000E-01
3.026344000E+00 9.998035563E-01 9.031166527E-05 4.097000000E-01
3.041475800E+00 9.998046338E-01 8.869732841E-05 4.076000000E-01
3.056683100E+00 9.998056920E-01 8.715090514E-05 4.056000000E-01
3.071966600E+00 9.998068168E-01 8.562506618E-05 4.036000000E-01
3.087326400E+00 9.998080007E-01 8.412256613E-05 4.016000000E-01
3.102763000E+00 9.998092387E-01 8.264313114E-05 3.996000000E-01
3.118276800E+00 9.998105302E-01 8.117783906E-05 3.976000000E-01
3.133868200E+00 9.998118729E-01 7.973524320E-05 3.956000000E-01
3.149537600E+00 9.998131716E-01 7.835204590E-05 3.937000000E-01
3.165285300E+00 9.998146175E-01 7.695355236E-05 3.917000000E-01
3.181111700E+00 9.998160250E-01 7.561297730E-05 3.898000000E-01
3.197017200E+00 9.998175909E-01 7.425205776E-05 3.878000000E-01
3.213002300E+00 9.998191423E-01 7.295314599E-05 3.859000000E-01
3.229067300E+00 9.998208045E-01 7.166905812E-05 3.840000000E-01
3.245212700E+00 9.998226488E-01 7.040769955E-05 3.821000000E-01
3.261438700E+00 9.998249046E-01 6.916347617E-05 3.802000000E-01
3.273680700E+00 9.998277901E-01 6.821598793E-05 3.787000000E-01
3.277745900E+00 9.998307817E-01 6.793883716E-05 3.783000000E-01
3.283319500E+00 9.998285608E-01 7.213982037E-05 3.776000000E-01
3.294134700E+00 9.998276104E-01 7.130475927E-05 3.764000000E-01
3.310605300E+00 9.998278655E-01 7.002138070E-05 3.745000000E-01
3.327158400E+00 9.998286063E-01 6.876067586E-05 3.726000000E-01
3.343794100E+00 9.998294638E-01 6.755374468E-05 3.708000000E-01
3.360513100E+00 9.998305368E-01 6.632956524E-05 3.689000000E-01
3.377315700E+00 9.998316033E-01 6.515784957E-05 3.671000000E-01
3.394202300E+00 9.998327356E-01 6.400688529E-05 3.653000000E-01
3.411173300E+00 9.998339227E-01 6.287156121E-05 3.635000000E-01
3.428229100E+00 9.998351587E-01 6.175411726E-05 3.617000000E-01
3.445370300E+00 9.998364426E-01 6.065906180E-05 3.599000000E-01
3.462597100E+00 9.998377653E-01 5.959539385E-05 3.581000000E-01
3.479910100E+00 9.998391280E-01 5.854858545E-05 3.563000000E-01
3.497309700E+00 9.998405407E-01 5.751842709E-05 3.545000000E-01
3.514796200E+00 9.998420248E-01 5.650244178E-05 3.527000000E-01
3.532370200E+00 9.998435458E-01 5.553662404E-05 3.510000000E-01
3.550032100E+00 9.998455096E-01 5.455479672E-05 3.492000000E-01
3.554085000E+00 9.998461156E-01 5.433668789E-05 3.488000000E-01
3.567782200E+00 9.998471662E-01 5.600495456E-05 3.475000000E-01
3.569114900E+00 9.998470814E-01 5.594190899E-05 3.474000000E-01
3.585621100E+00 9.998473162E-01 5.505484873E-05 3.458000000E-01
3.603549200E+00 9.998480920E-01 5.411965762E-05 3.441000000E-01
3.621567000E+00 9.998491198E-01 5.316812524E-05 3.423000000E-01
3.639674800E+00 9.998501397E-01 5.226258286E-05 3.406000000E-01
3.657873200E+00 9.998511209E-01 5.140171663E-05 3.390000000E-01
3.676162600E+00 9.998522238E-01 5.052225967E-05 3.373000000E-01
3.694543400E+00 9.998533510E-01 4.965684068E-05 3.356000000E-01
3.713016100E+00 9.998544974E-01 4.879917902E-05 3.339000000E-01
3.731581200E+00 9.998555743E-01 4.798218176E-05 3.323000000E-01
3.750239100E+00 9.998567524E-01 4.714762658E-05 3.306000000E-01
3.768990300E+00 9.998578553E-01 4.635477923E-05 3.290000000E-01
3.787835200E+00 9.998590545E-01 4.554676577E-05 3.273000000E-01
3.806774400E+00 9.998601759E-01 4.477749572E-05 3.257000000E-01
3.825808300E+00 9.998613047E-01 4.402060580E-05 3.241000000E-01
3.844937300E+00 9.998624395E-01 4.327403873E-05 3.225000000E-01
3.864162000E+00 9.998635798E-01 4.253956989E-05 3.209000000E-01
3.883482800E+00 9.998647244E-01 4.181518144E-05 3.193000000E-01
3.902900200E+00 9.998658730E-01 4.110261287E-05 3.177000000E-01
3.922414700E+00 9.998670248E-01 4.040170783E-05 3.161000000E-01
3.942026800E+00 9.998681790E-01 3.971050703E-05 3.145000000E-01
3.961736900E+00 9.998692521E-01 3.905386185E-05 3.130000000E-01
3.981545600E+00 9.998704105E-01 3.838146893E-05 3.114000000E-01
4.001453300E+00 9.998715702E-01 3.772023782E-05 3.098000000E-01
4.021460600E+00 9.998726482E-01 3.709407662E-05 3.083000000E-01
4.041567900E+00 9.998737272E-01 3.647648294E-05 3.068000000E-01
4.061775700E+00 9.998748889E-01 3.584387673E-05 3.052000000E-01
4.082084600E+00 9.998759688E-01 3.524343576E-05 3.037000000E-01
4.102495000E+00 9.998770488E-01 3.465129881E-05 3.022000000E-01
4.123007500E+00 9.998781286E-01 3.406902915E-05 3.007000000E-01
4.143622600E+00 9.998792080E-01 3.349485932E-05 2.992000000E-01
4.164340700E+00 9.998802867E-01 3.293032109E-05 2.977000000E-01
4.185162400E+00 9.998813644E-01 3.237208110E-05 2.962000000E-01
4.206088200E+00 9.998823609E-01 3.184487318E-05 2.948000000E-01
4.227118600E+00 9.998834362E-01 3.130353784E-05 2.933000000E-01
4.248254200E+00 9.998845094E-01 3.076985454E-05 2.918000000E-01
4.269495500E+00 9.998855019E-01 3.026304291E-05 2.904000000E-01
4.290843000E+00 9.998864940E-01 2.975868454E-05 2.890000000E-01
4.312297200E+00 9.998875639E-01 2.924252652E-05 2.875000000E-01
4.333858700E+00 9.998885548E-01 2.875389132E-05 2.861000000E-01
4.355528000E+00 9.998895445E-01 2.827359330E-05 2.847000000E-01
4.377305600E+00 9.998906104E-01 2.777896697E-05 2.832000000E-01
4.399192100E+00 9.998915972E-01 2.731091029E-05 2.818000000E-01
4.421188100E+00 9.998925825E-01 2.684949270E-05 2.804000000E-01
4.443294000E+00 9.998935660E-01 2.639606237E-05 2.790000000E-01
4.465510500E+00 9.998945477E-01 2.594769440E-05 2.776000000E-01
4.487838100E+00 9.998954516E-01 2.552422450E-05 2.763000000E-01
4.510277200E+00 9.998964293E-01 2.508841462E-05 2.749000000E-01
4.532828600E+00 9.998974047E-01 2.466025686E-05 2.735000000E-01
4.555492800E+00 9.998983029E-01 2.425475718E-05 2.722000000E-01
4.578270200E+00 9.998992735E-01 2.383737276E-05 2.708000000E-01
4.601161600E+00 9.998999144E-01 2.343949176E-05 2.695000000E-01
4.624167400E+00 9.999008823E-01 2.302354687E-05 2.681000000E-01
4.647288200E+00 9.999017749E-01 2.263073098E-05 2.668000000E-01
4.670524700E+00 9.999026664E-01 2.224359021E-05 2.655000000E-01
4.693877300E+00 9.999036295E-01 2.184551617E-05 2.641000000E-01
4.717346700E+00 9.999045177E-01 2.146974449E-05 2.628000000E-01
4.740933400E+00 9.999054041E-01 2.109946115E-05 2.615000000E-01
4.764638100E+00 9.999062886E-01 2.073584026E-05 2.602000000E-01
4.788461300E+00 9.999070135E-01 2.037144913E-05 2.589000000E-01
4.812403600E+00 9.999078956E-01 2.001246315E-05 2.576000000E-01
4.836465600E+00 9.999087048E-01 1.967416538E-05 2.564000000E-01
4.860647900E+00 9.999095836E-01 1.932442686E-05 2.551000000E-01
4.884951200E+00 9.999104605E-01 1.898111448E-05 2.538000000E-01
4.909375900E+00 9.999113352E-01 1.864296987E-05 2.525000000E-01
4.933922800E+00 9.999121377E-01 1.832566678E-05 2.513000000E-01
4.958592400E+00 9.999130079E-01 1.799748265E-05 2.500000000E-01
4.983385400E+00 9.999138064E-01 1.768850888E-05 2.488000000E-01
5.008302300E+00 9.999146028E-01 1.738411186E-05 2.476000000E-01
5.033343800E+00 9.999154659E-01 1.707148227E-05 2.463000000E-01
5.058510500E+00 9.999162577E-01 1.677624684E-05 2.451000000E-01
5.083803100E+00 9.999170473E-01 1.648651772E-05 2.439000000E-01
5.109222100E+00 9.999178346E-01 1.620006371E-05 2.427000000E-01
5.134768200E+00 9.999186193E-01 1.591899403E-05 2.415000000E-01
5.160442100E+00 9.999194016E-01 1.564112073E-05 2.403000000E-01
5.186244300E+00 9.999201813E-01 1.536851126E-05 2.391000000E-01
5.212175500E+00 9.999209584E-01 1.509902047E-05 2.379000000E-01
5.238236400E+00 9.999217329E-01 1.483365261E-05 2.367000000E-01
5.264427600E+00 9.999225045E-01 1.457337055E-05 2.355000000E-01
5.290749700E+00 9.999232733E-01 1.431609259E-05 2.343000000E-01
5.317203400E+00 9.999239741E-01 1.407486105E-05 2.332000000E-01
5.343789500E+00 9.999247375E-01 1.382632034E-05 2.320000000E-01
5.370508400E+00 9.999254333E-01 1.359244332E-05 2.309000000E-01
5.397360900E+00 9.999261911E-01 1.335048383E-05 2.297000000E-01
5.424347700E+00 9.999268818E-01 1.312379629E-05 2.286000000E-01
5.451469500E+00 9.999276337E-01 1.288922977E-05 2.274000000E-01
5.478726800E+00 9.999283191E-01 1.266955956E-05 2.263000000E-01
5.506120500E+00 9.999290019E-01 1.245234049E-05 2.252000000E-01
5.533651100E+00 9.999296821E-01 1.223939100E-05 2.241000000E-01
5.561319300E+00 9.999304221E-01 1.201804398E-05 2.229000000E-01
5.589125900E+00 9.999310967E-01 1.181178643E-05 2.218000000E-01
5.617071600E+00 9.999317686E-01 1.160785431E-05 2.207000000E-01
5.645156900E+00 9.999324378E-01 1.140711423E-05 2.196000000E-01
5.673382700E+00 9.999331041E-01 1.120952682E-05 2.185000000E-01
5.701749600E+00 9.999336831E-01 1.101419099E-05 2.174000000E-01
5.730258400E+00 9.999342835E-01 1.082939372E-05 2.164000000E-01
5.758909600E+00 9.999349423E-01 1.063756848E-05 2.153000000E-01
5.787704200E+00 9.999355986E-01 1.044797460E-05 2.142000000E-01
5.816642700E+00 9.999361924E-01 1.027188943E-05 2.132000000E-01
5.845725900E+00 9.999368437E-01 1.008821893E-05 2.121000000E-01
5.874954600E+00 9.999374922E-01 9.907520196E-06 2.110000000E-01
5.904329300E+00 9.999380791E-01 9.739832703E-06 2.100000000E-01
5.933851000E+00 9.999387223E-01 9.564040977E-06 2.089000000E-01
5.963520200E+00 9.999393044E-01 9.400955457E-06 2.079000000E-01
5.993337800E+00 9.999398842E-01 9.240465974E-06 2.069000000E-01
6.023304500E+00 9.999405195E-01 9.072947347E-06 2.058000000E-01
6.053421000E+00 9.999410943E-01 8.916903608E-06 2.048000000E-01
6.083688200E+00 9.999416668E-01 8.763372408E-06 2.038000000E-01
6.114106600E+00 9.999422368E-01 8.611571622E-06 2.028000000E-01
6.144677100E+00 9.999428044E-01 8.462977135E-06 2.018000000E-01
6.175400500E+00 9.999433696E-01 8.316064428E-06 2.008000000E-01
6.206277500E+00 9.999439324E-01 8.171552199E-06 1.998000000E-01
6.237308900E+00 9.999444926E-01 8.029409225E-06 1.988000000E-01
6.268495400E+00 9.999450503E-01 7.888890900E-06 1.978000000E-01
6.299837900E+00 9.999456055E-01 7.750694438E-06 1.968000000E-01
6.331337100E+00 9.999461581E-01 7.614789165E-06 1.958000000E-01
6.362993800E+00 9.999466536E-01 7.488827442E-06 1.949000000E-01
6.394808800E+00 9.999472013E-01 7.356631655E-06 1.939000000E-01
6.426782800E+00 9.999477465E-01 7.226651743E-06 1.929000000E-01
6.458916700E+00 9.999482352E-01 7.106258212E-06 1.920000000E-01
6.491211300E+00 9.999487754E-01 6.980527624E-06 1.910000000E-01
6.523667400E+00 9.999492596E-01 6.863485661E-06 1.901000000E-01
6.556285700E+00 9.999497949E-01 6.741246175E-06 1.891000000E-01
6.589067100E+00 9.999502490E-01 6.626841167E-06 1.882000000E-01
6.622012500E+00 9.999507794E-01 6.507388790E-06 1.872000000E-01
6.655122500E+00 9.999512548E-01 6.396857205E-06 1.863000000E-01
6.688398100E+00 9.999517281E-01 6.287553877E-06 1.854000000E-01
6.721840100E+00 9.999522512E-01 6.173271424E-06 1.844000000E-01
6.755449300E+00 9.999527201E-01 6.067465776E-06 1.835000000E-01
6.789226600E+00 9.999531868E-01 5.962787655E-06 1.826000000E-01
6.823172700E+00 9.999536515E-01 5.859653772E-06 1.817000000E-01
6.857288600E+00 9.999541140E-01 5.758046815E-06 1.808000000E-01
6.891575000E+00 9.999545743E-01 5.658008603E-06 1.799000000E-01
6.926032900E+00 9.999550325E-01 5.559520266E-06 1.790000000E-01
6.960663100E+00 9.999554886E-01 5.462447353E-06 1.781000000E-01
6.995466400E+00 9.999559424E-01 5.366889282E-06 1.772000000E-01
7.030443700E+00 9.999563446E-01 5.278754134E-06 1.764000000E-01
7.065595900E+00 9.999567943E-01 5.185983662E-06 1.755000000E-01
7.100923900E+00 9.999572419E-01 5.094620454E-06 1.746000000E-01
7.136428500E+00 9.999576779E-01 5.004317874E-06 1.737000000E-01
7.172110700E+00 9.999580726E-01 4.920869249E-06 1.729000000E-01
7.207971200E+00 9.999585138E-01 4.833027295E-06 1.720000000E-01
7.244011100E+00 9.999589048E-01 4.752089353E-06 1.712000000E-01
7.280231100E+00 9.999593418E-01 4.666815901E-06 1.703000000E-01
7.316632300E+00 9.999597292E-01 4.588331067E-06 1.695000000E-01
7.353215500E+00 9.999601620E-01 4.505619765E-06 1.686000000E-01
7.389981500E+00 9.999605456E-01 4.429530698E-06 1.678000000E-01
7.426931400E+00 9.999609743E-01 4.349270644E-06 1.669000000E-01
7.464066100E+00 9.999613542E-01 4.275470904E-06 1.661000000E-01
7.501386400E+00 9.999617323E-01 4.202739154E-06 1.653000000E-01
7.538893400E+00 9.999621086E-01 4.131063694E-06 1.645000000E-01
7.576587800E+00 9.999625290E-01 4.055522404E-06 1.636000000E-01
7.614470800E+00 9.999629016E-01 3.986081981E-06 1.628000000E-01
7.652543100E+00 9.999632724E-01 3.917612749E-06 1.620000000E-01
7.690805800E+00 9.999636414E-01 3.850199510E-06 1.612000000E-01
7.729259900E+00 9.999640086E-01 3.783782591E-06 1.604000000E-01
7.767906200E+00 9.999643739E-01 3.718397190E-06 1.596000000E-01
7.806745700E+00 9.999647376E-01 3.653938730E-06 1.588000000E-01
7.845779400E+00 9.999650993E-01 3.590488549E-06 1.580000000E-01
7.885008300E+00 9.999654593E-01 3.527989143E-06 1.572000000E-01
7.924433400E+00 9.999657737E-01 3.470863727E-06 1.565000000E-01
7.964055500E+00 9.999661303E-01 3.410133646E-06 1.557000000E-01
8.003875800E+00 9.999664850E-01 3.350366910E-06 1.549000000E-01
8.043895200E+00 9.999668380E-01 3.291464766E-06 1.541000000E-01
8.084114700E+00 9.999671462E-01 3.237680575E-06 1.534000000E-01
8.124535200E+00 9.999674957E-01 3.180511211E-06 1.526000000E-01
8.165157900E+00 9.999678433E-01 3.124219347E-06 1.518000000E-01
8.205983700E+00 9.999681470E-01 3.072818813E-06 1.511000000E-01
8.247013600E+00 9.999684912E-01 3.018158731E-06 1.503000000E-01
8.288248700E+00 9.999687918E-01 2.968313323E-06 1.496000000E-01
8.329689900E+00 9.999691325E-01 2.915247964E-06 1.488000000E-01
8.371338400E+00 9.999694301E-01 2.866881423E-06 1.481000000E-01
8.413195100E+00 9.999697263E-01 2.819198566E-06 1.474000000E-01
8.455261000E+00 9.999700619E-01 2.768413957E-06 1.466000000E-01
8.497537300E+00 9.999703550E-01 2.722160717E-06 1.459000000E-01
8.540025000E+00 9.999706466E-01 2.676606563E-06 1.452000000E-01
9.030794000E+00 9.999738056E-01 2.199868529E-06 1.373000000E-01
9.653919000E+00 9.999772190E-01 1.722354409E-06 1.284000000E-01
1.032004000E+01 9.999802301E-01 1.348898812E-06 1.201000000E-01
1.103212000E+01 9.999828995E-01 1.055779874E-06 1.124000000E-01
1.179334000E+01 9.999854272E-01 8.261875562E-07 1.051000000E-01
1.203822000E+01 9.999862662E-01 7.671661089E-07 1.030000000E-01
1.222248000E+01 9.999871989E-01 7.252886160E-07 1.014000000E-01
1.227162000E+01 9.999878921E-01 7.148704474E-07 1.010000000E-01
1.234532000E+01 9.999874524E-01 1.843683544E-06 1.004000000E-01
1.252958000E+01 9.999873126E-01 1.744668855E-06 9.895000000E-02
1.260708000E+01 9.999873737E-01 1.704597934E-06 9.834000000E-02
1.347697000E+01 9.999886475E-01 1.326801495E-06 9.200000000E-02
1.392453000E+01 9.999894208E-01 1.173793981E-06 8.904000000E-02
1.413766000E+01 9.999899062E-01 1.108962032E-06 8.770000000E-02
1.419449000E+01 9.999902058E-01 1.092460231E-06 8.735000000E-02
1.427974000E+01 9.999900977E-01 1.499993440E-06 8.683000000E-02
1.440688000E+01 9.999901280E-01 1.451218773E-06 8.606000000E-02
1.449287000E+01 9.999901977E-01 1.419519335E-06 8.555000000E-02
1.454251000E+01 9.999902456E-01 1.401691500E-06 8.526000000E-02
1.476510000E+01 9.999905342E-01 1.324745101E-06 8.397000000E-02
1.482446000E+01 9.999906958E-01 1.305109367E-06 8.363000000E-02
1.491350000E+01 9.999906756E-01 1.479475449E-06 8.314000000E-02
1.513609000E+01 9.999908064E-01 1.403472907E-06 8.191000000E-02
1.540095000E+01 9.999910298E-01 1.319757117E-06 8.050000000E-02
1.646362000E+01 9.999919735E-01 1.040037035E-06 7.531000000E-02
1.759961000E+01 9.999928893E-01 8.184419780E-07 7.045000000E-02
1.881398000E+01 9.999937286E-01 6.438754940E-07 6.590000000E-02
2.011215000E+01 9.999944824E-01 5.060987833E-07 6.165000000E-02
2.149988000E+01 9.999951548E-01 3.977920288E-07 5.767000000E-02
2.298338000E+01 9.999957499E-01 3.128518351E-07 5.395000000E-02
2.456923000E+01 9.999962735E-01 2.460941195E-07 5.046000000E-02
2.626450000E+01 9.999967349E-01 1.935359679E-07 4.721000000E-02
2.807676000E+01 9.999971413E-01 1.511829372E-07 4.416000000E-02
3.001405000E+01 9.999974967E-01 1.177380715E-07 4.131000000E-02
3.208502000E+01 9.999978109E-01 9.152116349E-08 3.864000000E-02
3.429889000E+01 9.999980855E-01 7.122712693E-08 3.615000000E-02
3.666551000E+01 9.999983270E-01 5.544290431E-08 3.381000000E-02
3.919543000E+01 9.999985374E-01 4.321369369E-08 3.163000000E-02
4.189992000E+01 9.999987215E-01 3.370547817E-08 2.959000000E-02
4.479101000E+01 9.999988826E-01 2.630842533E-08 2.768000000E-02
4.788159000E+01 9.999990238E-01 2.054627462E-08 2.589000000E-02
5.118542000E+01 9.999991468E-01 1.606276815E-08 2.422000000E-02
5.471721000E+01 9.999992543E-01 1.255613710E-08 2.266000000E-02
5.849270000E+01 9.999993483E-01 9.809013877E-09 2.120000000E-02
6.252870000E+01 9.999994308E-01 7.662737288E-09 1.983000000E-02
6.684318000E+01 9.999995030E-01 5.970426935E-09 1.855000000E-02
7.145536000E+01 9.999995666E-01 4.646136923E-09 1.735000000E-02
7.638578000E+01 9.999996225E-01 3.618310639E-09 1.623000000E-02
8.144026000E+01 9.999996723E-01 2.839035949E-09 1.522000000E-02
8.165640000E+01 9.999996744E-01 2.810221328E-09 1.518000000E-02
8.268679000E+01 9.999996864E-01 2.677076113E-09 1.499000000E-02
8.301920000E+01 9.999996941E-01 2.635929310E-09 1.493000000E-02
8.351781000E+01 9.999996921E-01 1.260258150E-08 1.485000000E-02
8.476435000E+01 9.999996966E-01 1.195203153E-08 1.463000000E-02
8.729069000E+01 9.999997113E-01 1.075151240E-08 1.420000000E-02
9.331374000E+01 9.999997446E-01 8.471187248E-09 1.329000000E-02
9.975239000E+01 9.999997755E-01 6.655079166E-09 1.243000000E-02
1.066353000E+02 9.999998029E-01 5.227265018E-09 1.163000000E-02
1.139931000E+02 9.999998272E-01 4.103487778E-09 1.088000000E-02
1.218587000E+02 9.999998488E-01 3.212256199E-09 1.017000000E-02
1.302669000E+02 9.999998675E-01 2.517816056E-09 9.518000000E-03
1.392553000E+02 9.999998840E-01 1.971208293E-09 8.903000000E-03
1.488640000E+02 9.999998984E-01 1.543781314E-09 8.329000000E-03
1.591356000E+02 9.999999111E-01 1.208743432E-09 7.791000000E-03
1.701159000E+02 9.999999222E-01 9.465866382E-10 7.288000000E-03
1.818539000E+02 9.999999319E-01 7.408591225E-10 6.818000000E-03
1.944018000E+02 9.999999404E-01 5.796842259E-10 6.378000000E-03
2.078156000E+02 9.999999479E-01 4.535623598E-10 5.966000000E-03
2.221548000E+02 9.999999544E-01 3.549634168E-10 5.581000000E-03
2.374835000E+02 9.999999601E-01 2.778430252E-10 5.221000000E-03
2.538699000E+02 9.999999651E-01 2.174811898E-10 4.884000000E-03
2.713869000E+02 9.999999695E-01 1.702665422E-10 4.569000000E-03
2.901126000E+02 9.999999733E-01 1.332937083E-10 4.274000000E-03
3.101304000E+02 9.999999766E-01 1.043577501E-10 3.998000000E-03
3.315294000E+02 9.999999795E-01 8.171556195E-11 3.740000000E-03
3.544049000E+02 9.999999821E-01 6.396845809E-11 3.498000000E-03
3.788588000E+02 9.999999843E-01 5.012078570E-11 3.273000000E-03
4.050001000E+02 9.999999863E-01 3.923595753E-11 3.061000000E-03
4.329451000E+02 0.000000000E+00 0.000000000E+00 2.864000000E-03
