# 11/08/2021 
# Data retrieved from www.chemicool.com/densities.html 
# Includes the real (n) and complex (k) part of the  refractive index. 
# Element, Ho  (Z = 67) 
# Nominal density, g cm-3 =  8.8 
#    E [keV]      n       k    Wavelength [nm] 
1.069000000E-02 -1.200974916E+01 1.929678496E-02 1.160000000E+02
1.142761000E-02 -6.861921465E-01 5.534030421E-02 1.085000000E+02
1.221612000E-02 -4.336255270E-01 5.373750018E-02 1.015000000E+02
1.305903000E-02 -2.083187883E-01 5.232319742E-02 9.494000000E+01
1.396010000E-02 -5.756655137E-03 5.109595700E-02 8.881000000E+01
1.492335000E-02 1.796442966E-01 5.003076254E-02 8.308000000E+01
1.595306000E-02 3.549415583E-01 4.910108411E-02 7.772000000E+01
1.705382000E-02 5.314958252E-01 4.827774357E-02 7.270000000E+01
1.823053000E-02 7.353591087E-01 4.755541487E-02 6.801000000E+01
1.948844000E-02 1.081548029E+00 4.690275896E-02 6.362000000E+01
1.989400000E-02 1.333336374E+00 4.670920269E-02 6.232000000E+01
2.019850000E-02 1.870436519E+00 4.657142671E-02 6.138000000E+01
2.027970000E-02 2.536946488E+00 4.654462253E-02 6.114000000E+01
2.040150000E-02 1.793584795E+00 1.367611024E+00 6.077000000E+01
2.070600000E-02 1.147865865E+00 1.270232616E+00 5.988000000E+01
2.083314000E-02 1.020955929E+00 1.231873121E+00 5.951000000E+01
2.227063000E-02 4.980608797E-01 8.854911903E-01 5.567000000E+01
2.380730000E-02 3.905946126E-01 6.369144638E-01 5.208000000E+01
2.545001000E-02 3.957345723E-01 4.579810372E-01 4.872000000E+01
2.720606000E-02 4.433539322E-01 3.314559350E-01 4.557000000E+01
2.908327000E-02 5.047647118E-01 2.432545914E-01 4.263000000E+01
3.109002000E-02 5.674548643E-01 1.820889242E-01 3.988000000E+01
3.323523000E-02 6.258351134E-01 1.397614307E-01 3.731000000E+01
3.552846000E-02 6.779878162E-01 1.103306580E-01 3.490000000E+01
3.797993000E-02 7.234592798E-01 8.972124740E-02 3.264000000E+01
4.060054000E-02 7.622711181E-01 7.521163763E-02 3.054000000E+01
4.340198000E-02 7.954345297E-01 6.476634232E-02 2.857000000E+01
4.639671000E-02 8.236867719E-01 5.708133945E-02 2.672000000E+01
4.959809000E-02 8.475222835E-01 5.134889348E-02 2.500000000E+01
5.017600000E-02 8.513252146E-01 5.048830959E-02 2.471000000E+01
5.094400000E-02 8.561481211E-01 4.943585040E-02 2.434000000E+01
5.114880000E-02 8.575258505E-01 4.915409811E-02 2.424000000E+01
5.145600000E-02 8.591500992E-01 4.901983660E-02 2.410000000E+01
5.222400000E-02 8.634533325E-01 4.805195854E-02 2.374000000E+01
5.302035000E-02 8.677199536E-01 4.712319601E-02 2.338000000E+01
5.667876000E-02 8.846249583E-01 4.358045962E-02 2.187000000E+01
6.058959000E-02 8.988630217E-01 4.066616949E-02 2.046000000E+01
6.477028000E-02 9.107201688E-01 3.817447121E-02 1.914000000E+01
6.923942000E-02 9.206355471E-01 3.599995104E-02 1.791000000E+01
7.401695000E-02 9.291329581E-01 3.271433446E-02 1.675000000E+01
7.912411000E-02 9.366589112E-01 2.963942861E-02 1.567000000E+01
8.458368000E-02 9.433484816E-01 2.679285836E-02 1.466000000E+01
9.041995000E-02 9.493414911E-01 2.413309582E-02 1.371000000E+01
9.665893000E-02 9.546287834E-01 2.169477047E-02 1.283000000E+01
1.000000000E-01 9.519344664E-01 2.050844552E-02 1.240000000E+01
1.005000000E-01 9.523273929E-01 2.034447000E-02 1.234000000E+01
1.010025000E-01 9.527196654E-01 2.018036029E-02 1.228000000E+01
1.015075100E-01 9.531877623E-01 1.998338768E-02 1.221000000E+01
1.020150500E-01 9.535779899E-01 1.981938343E-02 1.215000000E+01
1.025251300E-01 9.539673106E-01 1.965529423E-02 1.209000000E+01
1.030377500E-01 9.543557144E-01 1.949113727E-02 1.203000000E+01
1.035529400E-01 9.547433978E-01 1.932692959E-02 1.197000000E+01
1.040707000E-01 9.551301400E-01 1.916268815E-02 1.191000000E+01
1.045910600E-01 9.555161334E-01 1.899863209E-02 1.185000000E+01
1.051140100E-01 9.558263227E-01 1.886633463E-02 1.180000000E+01
1.056395800E-01 9.562108463E-01 1.870217220E-02 1.174000000E+01
1.061677800E-01 9.565945783E-01 1.853803730E-02 1.168000000E+01
1.066986200E-01 9.569773082E-01 1.837394628E-02 1.162000000E+01
1.072321100E-01 9.573594111E-01 1.820991536E-02 1.156000000E+01
1.077682700E-01 9.577404839E-01 1.804596066E-02 1.150000000E+01
1.083071200E-01 9.580474580E-01 1.791356315E-02 1.145000000E+01
1.088486500E-01 9.584272800E-01 1.774968376E-02 1.139000000E+01
1.093928900E-01 9.588060318E-01 1.758592707E-02 1.133000000E+01
1.099398600E-01 9.591117879E-01 1.745324044E-02 1.128000000E+01
1.104895600E-01 9.594891923E-01 1.728983115E-02 1.122000000E+01
1.110420100E-01 9.597938884E-01 1.715711286E-02 1.117000000E+01
1.115972200E-01 9.601700576E-01 1.699374350E-02 1.111000000E+01
1.121552000E-01 9.605452592E-01 1.683057163E-02 1.105000000E+01
1.127159800E-01 9.608486739E-01 1.669795836E-02 1.100000000E+01
1.132795600E-01 9.612225278E-01 1.653509510E-02 1.094000000E+01
1.138459600E-01 9.615250748E-01 1.640258326E-02 1.089000000E+01
1.144151900E-01 9.618271073E-01 1.626991914E-02 1.084000000E+01
1.149872600E-01 9.621992815E-01 1.610755662E-02 1.078000000E+01
1.155622000E-01 9.625005114E-01 1.597523975E-02 1.073000000E+01
1.161400100E-01 9.628016763E-01 1.584281120E-02 1.068000000E+01
1.167207100E-01 9.631719773E-01 1.568090500E-02 1.062000000E+01
1.173043100E-01 9.634722159E-01 1.554873243E-02 1.057000000E+01
1.178908300E-01 9.637723229E-01 1.541665037E-02 1.052000000E+01
1.184802900E-01 9.641407135E-01 1.525532913E-02 1.046000000E+01
1.190726900E-01 9.644400838E-01 1.512357586E-02 1.041000000E+01
1.196680500E-01 9.647392512E-01 1.499179234E-02 1.036000000E+01
1.202663900E-01 9.650381919E-01 1.486014707E-02 1.031000000E+01
1.208677200E-01 9.653368823E-01 1.472865076E-02 1.026000000E+01
1.214720600E-01 9.656352989E-01 1.459716383E-02 1.021000000E+01
1.220794200E-01 9.659337161E-01 1.446585002E-02 1.016000000E+01
1.226898200E-01 9.662318073E-01 1.433471976E-02 1.011000000E+01
1.233032700E-01 9.665298414E-01 1.420378342E-02 1.006000000E+01
1.239197900E-01 9.668276427E-01 1.407305127E-02 1.001000000E+01
1.245393900E-01 9.671584685E-01 1.392839567E-02 9.955000000E+00
1.251620800E-01 9.674492988E-01 1.380080950E-02 9.906000000E+00
1.257878900E-01 9.677402830E-01 1.367329678E-02 9.857000000E+00
1.264168300E-01 9.680311060E-01 1.354614859E-02 9.808000000E+00
1.270489200E-01 9.683220128E-01 1.341895864E-02 9.759000000E+00
1.276841600E-01 9.686129662E-01 1.329215231E-02 9.710000000E+00
1.283225800E-01 9.688974913E-01 1.316819149E-02 9.662000000E+00
1.289641900E-01 9.691821771E-01 1.304447258E-02 9.614000000E+00
1.296090200E-01 9.694671161E-01 1.292100460E-02 9.566000000E+00
1.302570600E-01 9.697521345E-01 1.279766592E-02 9.518000000E+00
1.309083500E-01 9.700311239E-01 1.267727552E-02 9.471000000E+00
1.315628900E-01 9.703105501E-01 1.255714065E-02 9.424000000E+00
1.322207000E-01 9.705902380E-01 1.243714307E-02 9.377000000E+00
1.328818100E-01 9.708703939E-01 1.231742045E-02 9.330000000E+00
1.335462100E-01 9.711449989E-01 1.220060925E-02 9.284000000E+00
1.342139500E-01 9.714200223E-01 1.208394198E-02 9.238000000E+00
1.348850200E-01 9.716959017E-01 1.196743029E-02 9.192000000E+00
1.355594400E-01 9.719724530E-01 1.185132678E-02 9.146000000E+00
1.362372400E-01 9.722438756E-01 1.173797630E-02 9.101000000E+00
1.369184200E-01 9.725222110E-01 1.162233718E-02 9.055000000E+00
1.376030200E-01 9.727956942E-01 1.150944651E-02 9.010000000E+00
1.382910300E-01 9.730703471E-01 1.139685165E-02 8.965000000E+00
1.389824900E-01 9.733404610E-01 1.128697554E-02 8.921000000E+00
1.396774000E-01 9.736181621E-01 1.117486938E-02 8.876000000E+00
1.403757900E-01 9.738915507E-01 1.106558864E-02 8.832000000E+00
1.410776600E-01 9.741668447E-01 1.095649866E-02 8.788000000E+00
1.417830500E-01 9.744385378E-01 1.085020113E-02 8.745000000E+00
1.424919700E-01 9.747185694E-01 1.074161869E-02 8.701000000E+00
1.432044300E-01 9.749954857E-01 1.063592776E-02 8.658000000E+00
1.439204500E-01 9.752755390E-01 1.053032943E-02 8.615000000E+00
1.446400500E-01 9.755591159E-01 1.042515416E-02 8.572000000E+00
1.453632500E-01 9.758465830E-01 1.032009062E-02 8.529000000E+00
1.460900700E-01 9.761328715E-01 1.021787048E-02 8.487000000E+00
1.468205200E-01 9.764243180E-01 1.011585892E-02 8.445000000E+00
1.475546200E-01 9.767217303E-01 1.001416677E-02 8.403000000E+00
1.482923900E-01 9.770258773E-01 9.912699189E-03 8.361000000E+00
1.490338600E-01 9.773378893E-01 9.811564808E-03 8.319000000E+00
1.497790300E-01 9.776536416E-01 9.713115994E-03 8.278000000E+00
1.505279200E-01 9.779802428E-01 9.614889532E-03 8.237000000E+00
1.512805600E-01 9.783198126E-01 9.516990674E-03 8.196000000E+00
1.520369600E-01 9.786749496E-01 9.419329044E-03 8.155000000E+00
1.527971500E-01 9.790488930E-01 9.322007806E-03 8.114000000E+00
1.535611300E-01 9.794412394E-01 9.227317837E-03 8.074000000E+00
1.543289400E-01 9.798619979E-01 9.132861346E-03 8.034000000E+00
1.551005800E-01 9.803224574E-01 9.038738295E-03 7.994000000E+00
1.558760900E-01 9.808338831E-01 8.944862544E-03 7.954000000E+00
1.566554700E-01 9.814158941E-01 8.851332071E-03 7.914000000E+00
1.574387500E-01 9.820961230E-01 8.760376499E-03 7.875000000E+00
1.582259400E-01 9.829377229E-01 8.669751566E-03 7.836000000E+00
1.590170700E-01 9.840621454E-01 8.579374358E-03 7.797000000E+00
1.598121500E-01 9.857939159E-01 8.489252137E-03 7.758000000E+00
1.606112100E-01 9.897160809E-01 8.401740291E-03 7.720000000E+00
1.609301200E-01 9.961298973E-01 8.365068859E-03 7.704000000E+00
1.610698700E-01 9.959336442E-01 2.054727730E-02 7.698000000E+00
1.614142700E-01 9.886995869E-01 2.016415742E-02 7.681000000E+00
1.622213400E-01 9.841682206E-01 1.931694443E-02 7.643000000E+00
1.630324500E-01 9.820810065E-01 1.851774907E-02 7.605000000E+00
1.638476100E-01 9.807866581E-01 1.776462815E-02 7.567000000E+00
1.646668500E-01 9.799051083E-01 1.705404800E-02 7.529000000E+00
1.654901800E-01 9.792761887E-01 1.638776675E-02 7.492000000E+00
1.663176300E-01 9.788251575E-01 1.575857362E-02 7.455000000E+00
1.671492200E-01 9.785045611E-01 1.516481751E-02 7.418000000E+00
1.679849700E-01 9.782836805E-01 1.460331654E-02 7.381000000E+00
1.688248900E-01 9.781410767E-01 1.407332229E-02 7.344000000E+00
1.696690200E-01 9.780614739E-01 1.357178498E-02 7.307000000E+00
1.705173600E-01 9.780270728E-01 1.310011973E-02 7.271000000E+00
1.713699500E-01 9.780349419E-01 1.265465425E-02 7.235000000E+00
1.722268000E-01 9.780781502E-01 1.223253665E-02 7.199000000E+00
1.730879300E-01 9.781511168E-01 1.183248883E-02 7.163000000E+00
1.739533700E-01 9.782491863E-01 1.145326728E-02 7.127000000E+00
1.748231400E-01 9.783627780E-01 1.109606705E-02 7.092000000E+00
1.756972600E-01 9.784949349E-01 1.075787920E-02 7.057000000E+00
1.765757400E-01 9.786433420E-01 1.043613145E-02 7.022000000E+00
1.774586200E-01 9.788063933E-01 1.013045086E-02 6.987000000E+00
1.783459100E-01 9.789819753E-01 9.843950233E-03 6.952000000E+00
1.792376400E-01 9.791668049E-01 9.574779525E-03 6.917000000E+00
1.801338300E-01 9.793524714E-01 9.325223290E-03 6.883000000E+00
1.810345000E-01 9.795430417E-01 9.090013597E-03 6.849000000E+00
1.819396700E-01 9.797372105E-01 8.868806303E-03 6.815000000E+00
1.828493700E-01 9.799339183E-01 8.659272567E-03 6.781000000E+00
1.837636200E-01 9.801324065E-01 8.460478296E-03 6.747000000E+00
1.846824400E-01 9.803318788E-01 8.272167781E-03 6.713000000E+00
1.856058500E-01 9.805260601E-01 8.095868598E-03 6.680000000E+00
1.865338800E-01 9.807204751E-01 7.927575489E-03 6.647000000E+00
1.874665500E-01 9.809147100E-01 7.767104250E-03 6.614000000E+00
1.884038800E-01 9.811085534E-01 7.613648248E-03 6.581000000E+00
1.893459000E-01 9.813018016E-01 7.466427521E-03 6.548000000E+00
1.902926300E-01 9.814941975E-01 7.325300127E-03 6.515000000E+00
1.912440900E-01 9.816800851E-01 7.191738430E-03 6.483000000E+00
1.922003100E-01 9.818649303E-01 7.063345163E-03 6.451000000E+00
1.931613100E-01 9.820487949E-01 6.939410693E-03 6.419000000E+00
1.941271200E-01 9.822315033E-01 6.819837941E-03 6.387000000E+00
1.950977600E-01 9.824131197E-01 6.704530710E-03 6.355000000E+00
1.960732500E-01 9.825934752E-01 6.592817549E-03 6.323000000E+00
1.970536100E-01 9.827672161E-01 6.486112691E-03 6.292000000E+00
1.980388800E-01 9.829397129E-01 6.383379236E-03 6.261000000E+00
1.990290700E-01 9.831165092E-01 6.280832566E-03 6.229000000E+00
2.000242200E-01 9.832866865E-01 6.183596070E-03 6.198000000E+00
2.010243400E-01 9.834502818E-01 6.090437522E-03 6.168000000E+00
2.020294600E-01 9.836181734E-01 5.998434465E-03 6.137000000E+00
2.030396100E-01 9.837848672E-01 5.907899878E-03 6.106000000E+00
2.040548100E-01 9.839450890E-01 5.821792539E-03 6.076000000E+00
2.050750800E-01 9.841042921E-01 5.737579470E-03 6.046000000E+00
2.061004600E-01 9.842624307E-01 5.655746815E-03 6.016000000E+00
2.071309600E-01 9.844194613E-01 5.575211174E-03 5.986000000E+00
2.081666100E-01 9.845755464E-01 5.496464526E-03 5.956000000E+00
2.092074500E-01 9.847305391E-01 5.418966327E-03 5.926000000E+00
2.102534800E-01 9.848794210E-01 5.345011334E-03 5.897000000E+00
2.113047500E-01 9.850273769E-01 5.272721312E-03 5.868000000E+00
2.123612800E-01 9.851794905E-01 5.199791023E-03 5.838000000E+00
2.134230800E-01 9.853256358E-01 5.129781191E-03 5.809000000E+00
2.144902000E-01 9.854708716E-01 5.060877493E-03 5.780000000E+00
2.155626500E-01 9.856102007E-01 4.995276061E-03 5.752000000E+00
2.166404600E-01 9.857537538E-01 4.928985782E-03 5.723000000E+00
2.177236600E-01 9.858914580E-01 4.864982260E-03 5.695000000E+00
2.188122800E-01 9.860333446E-01 4.800757319E-03 5.666000000E+00
2.199063400E-01 9.861694857E-01 4.738767853E-03 5.638000000E+00
2.210058800E-01 9.863048849E-01 4.678210403E-03 5.610000000E+00
2.221109000E-01 9.864395445E-01 4.618157667E-03 5.582000000E+00
2.232214600E-01 9.865734670E-01 4.559052135E-03 5.554000000E+00
2.243375700E-01 9.867018432E-01 4.502507491E-03 5.527000000E+00
2.254592500E-01 9.868343661E-01 4.445237634E-03 5.499000000E+00
2.265865500E-01 9.869614362E-01 4.390042314E-03 5.472000000E+00
2.277194800E-01 9.870878235E-01 4.335717949E-03 5.445000000E+00
2.288580800E-01 9.872136148E-01 4.281827134E-03 5.418000000E+00
2.300023700E-01 9.873387678E-01 4.228787047E-03 5.391000000E+00
2.311523800E-01 9.874632837E-01 4.176583495E-03 5.364000000E+00
2.323081400E-01 9.875872044E-01 4.124791943E-03 5.337000000E+00
2.334696900E-01 9.877059003E-01 4.075351744E-03 5.311000000E+00
2.346370300E-01 9.878286524E-01 4.024766433E-03 5.284000000E+00
2.358102200E-01 9.879462240E-01 3.976252056E-03 5.258000000E+00
2.369892700E-01 9.880632439E-01 3.928425803E-03 5.232000000E+00
2.381742200E-01 9.881797510E-01 3.881120741E-03 5.206000000E+00
2.393650900E-01 9.882957050E-01 3.834369594E-03 5.180000000E+00
2.405619100E-01 9.884111824E-01 3.788127024E-03 5.154000000E+00
2.417647200E-01 9.885261047E-01 3.742387184E-03 5.128000000E+00
2.429735500E-01 9.886360933E-01 3.698631239E-03 5.103000000E+00
2.441884100E-01 9.887500003E-01 3.653868925E-03 5.077000000E+00
2.454093600E-01 9.888590501E-01 3.611021578E-03 5.052000000E+00
2.466364000E-01 9.889676197E-01 3.568634350E-03 5.027000000E+00
2.478695900E-01 9.890757441E-01 3.526665827E-03 5.002000000E+00
2.491089300E-01 9.891834207E-01 3.485147470E-03 4.977000000E+00
2.503544800E-01 9.892906473E-01 3.444074003E-03 4.952000000E+00
2.516062500E-01 9.893931522E-01 3.404786884E-03 4.928000000E+00
2.528642800E-01 9.894995274E-01 3.364543899E-03 4.903000000E+00
2.541286000E-01 9.896012170E-01 3.326060007E-03 4.879000000E+00
2.553992500E-01 9.897025222E-01 3.287983642E-03 4.855000000E+00
2.566762400E-01 9.898076606E-01 3.248897264E-03 4.830000000E+00
2.579596200E-01 9.899082000E-01 3.211564368E-03 4.806000000E+00
2.592494200E-01 9.900083449E-01 3.174592902E-03 4.782000000E+00
2.605456700E-01 9.901039991E-01 3.139330937E-03 4.759000000E+00
2.618484000E-01 9.902034308E-01 3.103062189E-03 4.735000000E+00
2.631576400E-01 9.903025216E-01 3.067175796E-03 4.711000000E+00
2.644734300E-01 9.903971703E-01 3.032929250E-03 4.688000000E+00
2.657957900E-01 9.904915099E-01 2.999008565E-03 4.665000000E+00
2.671247700E-01 9.905895914E-01 2.964101787E-03 4.641000000E+00
2.684604000E-01 9.906833091E-01 2.930830982E-03 4.618000000E+00
2.698027000E-01 9.907767337E-01 2.897906264E-03 4.595000000E+00
2.711517100E-01 9.908658956E-01 2.866516686E-03 4.573000000E+00
2.725074700E-01 9.909588278E-01 2.834174737E-03 4.550000000E+00
2.738700100E-01 9.910514786E-01 2.802138616E-03 4.527000000E+00
2.752393600E-01 9.911399676E-01 2.771635412E-03 4.505000000E+00
2.766155600E-01 9.912321739E-01 2.740193527E-03 4.482000000E+00
2.779986300E-01 9.913202727E-01 2.710291769E-03 4.460000000E+00
2.793886300E-01 9.914082172E-01 2.680639189E-03 4.438000000E+00
2.807855700E-01 9.914960266E-01 2.651261756E-03 4.416000000E+00
2.821895000E-01 9.915837468E-01 2.622156518E-03 4.394000000E+00
2.836004400E-01 9.916713941E-01 2.593320546E-03 4.372000000E+00
2.850184500E-01 9.917590112E-01 2.564778206E-03 4.350000000E+00
2.864435400E-01 9.918466384E-01 2.536471808E-03 4.328000000E+00
2.878757600E-01 9.919305944E-01 2.509591264E-03 4.307000000E+00
2.893151400E-01 9.920184563E-01 2.481796317E-03 4.285000000E+00
2.907617100E-01 9.921028636E-01 2.455407980E-03 4.264000000E+00
2.922155200E-01 9.921876964E-01 2.429284338E-03 4.243000000E+00
2.936766000E-01 9.922730563E-01 2.403370634E-03 4.222000000E+00
2.951449800E-01 9.923592437E-01 2.377690477E-03 4.201000000E+00
2.966207100E-01 9.924465461E-01 2.352241300E-03 4.180000000E+00
2.981038100E-01 9.925354375E-01 2.327045482E-03 4.159000000E+00
2.995943300E-01 9.926267171E-01 2.302050397E-03 4.138000000E+00
3.010923000E-01 9.927181508E-01 2.278385138E-03 4.118000000E+00
3.025977600E-01 9.928195634E-01 2.253828083E-03 4.097000000E+00
3.041107500E-01 9.929305287E-01 2.230607597E-03 4.077000000E+00
3.056313000E-01 9.930818567E-01 2.207566817E-03 4.057000000E+00
3.062977000E-01 9.932142216E-01 2.197287312E-03 4.048000000E+00
3.069023100E-01 9.932409458E-01 2.462131473E-03 4.040000000E+00
3.071594600E-01 9.932007323E-01 2.457258379E-03 4.036000000E+00
3.086952600E-01 9.931536012E-01 2.432965316E-03 4.016000000E+00
3.102387300E-01 9.931737137E-01 2.408792935E-03 3.996000000E+00
3.117899300E-01 9.932075899E-01 2.385940952E-03 3.977000000E+00
3.133488800E-01 9.932528551E-01 2.362229539E-03 3.957000000E+00
3.149156200E-01 9.933026831E-01 2.338634256E-03 3.937000000E+00
3.164902000E-01 9.933554539E-01 2.315155138E-03 3.917000000E+00
3.180726500E-01 9.934068615E-01 2.293187515E-03 3.898000000E+00
3.196630100E-01 9.934597684E-01 2.271320321E-03 3.879000000E+00
3.212613300E-01 9.935171438E-01 2.248388196E-03 3.859000000E+00
3.228676400E-01 9.935720268E-01 2.226727561E-03 3.840000000E+00
3.244819700E-01 9.936276107E-01 2.205377941E-03 3.821000000E+00
3.261043800E-01 9.936837651E-01 2.184124826E-03 3.802000000E+00
3.277349100E-01 9.937404258E-01 2.163174544E-03 3.783000000E+00
3.293735800E-01 9.937975304E-01 2.142112655E-03 3.764000000E+00
3.310204500E-01 9.938517969E-01 2.122482722E-03 3.746000000E+00
3.326755500E-01 9.939098234E-01 2.102007395E-03 3.727000000E+00
3.343389300E-01 9.939683914E-01 2.081422779E-03 3.708000000E+00
3.360106200E-01 9.940244148E-01 2.062244927E-03 3.690000000E+00
3.376906800E-01 9.940814634E-01 2.043146075E-03 3.672000000E+00
3.393791300E-01 9.941434765E-01 2.023210921E-03 3.653000000E+00
3.410760200E-01 9.942058863E-01 2.004463945E-03 3.635000000E+00
3.427814000E-01 9.942817920E-01 1.985792642E-03 3.617000000E+00
3.431152700E-01 9.943057945E-01 1.981591053E-03 3.613000000E+00
3.438847100E-01 9.943286233E-01 2.035564754E-03 3.605000000E+00
3.444953100E-01 9.943268602E-01 2.029354564E-03 3.599000000E+00
3.462177900E-01 9.943585734E-01 2.010584513E-03 3.581000000E+00
3.479488800E-01 9.944003992E-01 1.991886336E-03 3.563000000E+00
3.496886200E-01 9.944422541E-01 1.974554881E-03 3.546000000E+00
3.514370600E-01 9.944887592E-01 1.956173818E-03 3.528000000E+00
3.531942500E-01 9.945361534E-01 1.937861652E-03 3.510000000E+00
3.549602200E-01 9.945809689E-01 1.920718230E-03 3.493000000E+00
3.567350200E-01 9.946261358E-01 1.903634992E-03 3.476000000E+00
3.585187000E-01 9.946746167E-01 1.885693798E-03 3.458000000E+00
3.603112900E-01 9.947201770E-01 1.868905011E-03 3.441000000E+00
3.621128500E-01 9.947658141E-01 1.852173736E-03 3.424000000E+00
3.639234100E-01 9.948115044E-01 1.835667498E-03 3.407000000E+00
3.657430300E-01 9.948572082E-01 1.819050333E-03 3.390000000E+00
3.675717400E-01 9.949029038E-01 1.802655391E-03 3.373000000E+00
3.694096000E-01 9.949485538E-01 1.786315672E-03 3.356000000E+00
3.712566500E-01 9.949911555E-01 1.771091826E-03 3.340000000E+00
3.731129300E-01 9.950366992E-01 1.754859033E-03 3.323000000E+00
3.749785000E-01 9.950821705E-01 1.738682278E-03 3.306000000E+00
3.768533900E-01 9.951245874E-01 1.723765445E-03 3.290000000E+00
3.787376600E-01 9.951669340E-01 1.708893737E-03 3.274000000E+00
3.806313500E-01 9.952121484E-01 1.692874768E-03 3.257000000E+00
3.825345000E-01 9.952543204E-01 1.678099592E-03 3.241000000E+00
3.844471800E-01 9.952963999E-01 1.663370343E-03 3.225000000E+00
3.863694100E-01 9.953383849E-01 1.648835682E-03 3.209000000E+00
3.883012600E-01 9.953802734E-01 1.634197606E-03 3.193000000E+00
3.902427600E-01 9.954220778E-01 1.619606260E-03 3.177000000E+00
3.921939800E-01 9.954637670E-01 1.605205900E-03 3.161000000E+00
3.941549500E-01 9.955025093E-01 1.591861724E-03 3.146000000E+00
3.961257200E-01 9.955440315E-01 1.577405205E-03 3.130000000E+00
3.981063500E-01 9.955854467E-01 1.563136222E-03 3.114000000E+00
4.000968800E-01 9.956239571E-01 1.549912542E-03 3.099000000E+00
4.020973700E-01 9.956652055E-01 1.535730233E-03 3.083000000E+00
4.041078500E-01 9.957035673E-01 1.522586083E-03 3.068000000E+00
4.061283900E-01 9.957418903E-01 1.509345920E-03 3.053000000E+00
4.081590400E-01 9.957801713E-01 1.496279952E-03 3.038000000E+00
4.101998300E-01 9.958184203E-01 1.483252790E-03 3.023000000E+00
4.122508300E-01 9.958594140E-01 1.469287280E-03 3.007000000E+00
4.143120800E-01 9.958949106E-01 1.457315897E-03 2.993000000E+00
4.163836400E-01 9.959332195E-01 1.444406670E-03 2.978000000E+00
4.184655600E-01 9.959715922E-01 1.431537262E-03 2.963000000E+00
4.205578900E-01 9.960101219E-01 1.418707923E-03 2.948000000E+00
4.226606800E-01 9.960488856E-01 1.405918909E-03 2.933000000E+00
4.247739800E-01 9.960853240E-01 1.394125514E-03 2.919000000E+00
4.268978500E-01 9.961250527E-01 1.381414084E-03 2.904000000E+00
4.290323400E-01 9.961631428E-01 1.369691445E-03 2.890000000E+00
4.311775000E-01 9.962058582E-01 1.356939453E-03 2.875000000E+00
4.333333900E-01 9.962507409E-01 1.345289649E-03 2.861000000E+00
4.350551600E-01 9.963011117E-01 1.336135280E-03 2.850000000E+00
4.355000600E-01 9.963306320E-01 1.333557453E-03 2.847000000E+00
4.363448400E-01 9.963217377E-01 1.389122978E-03 2.841000000E+00
4.376775600E-01 9.963181471E-01 1.382351630E-03 2.833000000E+00
4.398659500E-01 9.963357231E-01 1.370211633E-03 2.819000000E+00
4.420652800E-01 9.963594770E-01 1.358223035E-03 2.805000000E+00
4.442756000E-01 9.963856013E-01 1.346158161E-03 2.791000000E+00
4.464969800E-01 9.964129581E-01 1.334131749E-03 2.777000000E+00
4.487294700E-01 9.964410585E-01 1.322144020E-03 2.763000000E+00
4.509731100E-01 9.964696278E-01 1.310195194E-03 2.749000000E+00
4.532279800E-01 9.964959488E-01 1.299127177E-03 2.736000000E+00
4.554941200E-01 9.965250546E-01 1.287254079E-03 2.722000000E+00
4.577715900E-01 9.965543039E-01 1.275314851E-03 2.708000000E+00
4.600604500E-01 9.965811215E-01 1.264355694E-03 2.695000000E+00
4.623607500E-01 9.966080134E-01 1.253431143E-03 2.682000000E+00
4.646725500E-01 9.966374862E-01 1.241610455E-03 2.668000000E+00
4.669959200E-01 9.966644555E-01 1.230759257E-03 2.655000000E+00
4.693309000E-01 9.966914372E-01 1.219842610E-03 2.642000000E+00
4.716775500E-01 9.967184187E-01 1.208963254E-03 2.629000000E+00
4.740359400E-01 9.967453979E-01 1.198121349E-03 2.616000000E+00
4.764061200E-01 9.967748225E-01 1.186404963E-03 2.602000000E+00
4.787881500E-01 9.967992721E-01 1.176453868E-03 2.590000000E+00
4.811820900E-01 9.968261641E-01 1.165630549E-03 2.577000000E+00
4.835880000E-01 9.968516628E-01 1.154847246E-03 2.564000000E+00
4.860059400E-01 9.968784808E-01 1.144104104E-03 2.551000000E+00
4.884359700E-01 9.969052576E-01 1.133308445E-03 2.538000000E+00
4.908781500E-01 9.969295522E-01 1.123444465E-03 2.526000000E+00
4.933325400E-01 9.969562242E-01 1.112638707E-03 2.513000000E+00
4.957992000E-01 9.969804375E-01 1.102849251E-03 2.501000000E+00
4.982782000E-01 9.970070190E-01 1.092127636E-03 2.488000000E+00
5.007695900E-01 9.970311382E-01 1.082236470E-03 2.476000000E+00
5.032734400E-01 9.970552175E-01 1.072471647E-03 2.464000000E+00
5.057898000E-01 9.970816292E-01 1.061790831E-03 2.451000000E+00
5.083187500E-01 9.971056094E-01 1.051933661E-03 2.439000000E+00
5.108603500E-01 9.971295470E-01 1.042202180E-03 2.427000000E+00
5.134146500E-01 9.971534328E-01 1.032341812E-03 2.415000000E+00
5.159817200E-01 9.971772661E-01 1.022607283E-03 2.403000000E+00
5.185616300E-01 9.972010544E-01 1.012831399E-03 2.391000000E+00
5.211544400E-01 9.972247886E-01 1.003098269E-03 2.379000000E+00
5.237602100E-01 9.972484763E-01 9.933272174E-04 2.367000000E+00
5.263790100E-01 9.972721086E-01 9.836006772E-04 2.355000000E+00
5.290109100E-01 9.972933836E-01 9.747502193E-04 2.344000000E+00
5.316559600E-01 9.973169268E-01 9.650304943E-04 2.332000000E+00
5.343142400E-01 9.973404123E-01 9.553570367E-04 2.320000000E+00
5.369858100E-01 9.973615622E-01 9.465495846E-04 2.309000000E+00
5.396707400E-01 9.973849462E-01 9.368886774E-04 2.297000000E+00
5.423691000E-01 9.974060089E-01 9.280122224E-04 2.286000000E+00
5.450809400E-01 9.974270345E-01 9.191772930E-04 2.275000000E+00
5.478063500E-01 9.974502761E-01 9.095798512E-04 2.263000000E+00
5.505453800E-01 9.974712175E-01 9.008318469E-04 2.252000000E+00
5.532981000E-01 9.974921123E-01 8.920530286E-04 2.241000000E+00
5.560646000E-01 9.975129741E-01 8.832455329E-04 2.230000000E+00
5.588449200E-01 9.975337949E-01 8.744824331E-04 2.219000000E+00
5.616391400E-01 9.975545740E-01 8.657637190E-04 2.208000000E+00
5.644473400E-01 9.975753107E-01 8.570198223E-04 2.197000000E+00
5.672695800E-01 9.975960110E-01 8.483216798E-04 2.186000000E+00
5.701059200E-01 9.976166673E-01 8.396692706E-04 2.175000000E+00
5.729564500E-01 9.976372854E-01 8.309950899E-04 2.164000000E+00
5.758212300E-01 9.976578578E-01 8.223011699E-04 2.153000000E+00
5.787003400E-01 9.976783838E-01 8.136556402E-04 2.142000000E+00
5.815938400E-01 9.976967155E-01 8.058142051E-04 2.132000000E+00
5.845018100E-01 9.977171673E-01 7.971963574E-04 2.121000000E+00
5.874243200E-01 9.977354316E-01 7.893758104E-04 2.111000000E+00
5.903614400E-01 9.977558057E-01 7.808529283E-04 2.100000000E+00
5.933132500E-01 9.977740122E-01 7.730562561E-04 2.090000000E+00
5.962798200E-01 9.977943050E-01 7.645042308E-04 2.079000000E+00
5.992612200E-01 9.978124377E-01 7.567355594E-04 2.069000000E+00
6.022575200E-01 9.978305452E-01 7.490105915E-04 2.059000000E+00
6.052688100E-01 9.978507259E-01 7.405453995E-04 2.048000000E+00
6.082951500E-01 9.978687608E-01 7.328523348E-04 2.038000000E+00
6.113366300E-01 9.978867737E-01 7.251446891E-04 2.028000000E+00
6.143933100E-01 9.979047459E-01 7.174828273E-04 2.018000000E+00
6.174652800E-01 9.979226943E-01 7.098666715E-04 2.008000000E+00
6.205526000E-01 9.979406121E-01 7.022386165E-04 1.998000000E+00
6.236553700E-01 9.979584925E-01 6.946572608E-04 1.988000000E+00
6.267736400E-01 9.979763405E-01 6.870661364E-04 1.978000000E+00
6.299075100E-01 9.979941607E-01 6.795226755E-04 1.968000000E+00
6.330570500E-01 9.980099098E-01 6.726580970E-04 1.959000000E+00
6.362223400E-01 9.980276682E-01 6.651513772E-04 1.949000000E+00
6.394034500E-01 9.980453905E-01 6.576931599E-04 1.939000000E+00
6.426004600E-01 9.980630758E-01 6.502297183E-04 1.929000000E+00
6.458134700E-01 9.980787277E-01 6.434858038E-04 1.920000000E+00
6.490425300E-01 9.980963494E-01 6.360642794E-04 1.910000000E+00
6.522877500E-01 9.981119558E-01 6.293549959E-04 1.901000000E+00
6.555491900E-01 9.981295154E-01 6.219781430E-04 1.891000000E+00
6.588269300E-01 9.981450676E-01 6.153061395E-04 1.882000000E+00
6.621210700E-01 9.981605975E-01 6.086263695E-04 1.873000000E+00
6.654316700E-01 9.981780657E-01 6.013445128E-04 1.863000000E+00
6.687588300E-01 9.981935509E-01 5.947063753E-04 1.854000000E+00
6.721026200E-01 9.982090109E-01 5.881126172E-04 1.845000000E+00
6.754631400E-01 9.982244497E-01 5.815631195E-04 1.836000000E+00
6.788404500E-01 9.982417974E-01 5.743803758E-04 1.826000000E+00
6.822346600E-01 9.982571833E-01 5.678283523E-04 1.817000000E+00
6.856458300E-01 9.982725496E-01 5.613692080E-04 1.808000000E+00
6.890740600E-01 9.982878906E-01 5.548614901E-04 1.799000000E+00
6.925194300E-01 9.983032053E-01 5.484463853E-04 1.790000000E+00
6.959820200E-01 9.983184973E-01 5.420309438E-04 1.781000000E+00
6.994619400E-01 9.983318844E-01 5.362211187E-04 1.773000000E+00
7.029592400E-01 9.983471354E-01 5.298942326E-04 1.764000000E+00
7.064740400E-01 9.983623604E-01 5.235244659E-04 1.755000000E+00
7.100064100E-01 9.983775541E-01 5.172461964E-04 1.746000000E+00
7.135564400E-01 9.983908730E-01 5.115594627E-04 1.738000000E+00
7.171242300E-01 9.984060218E-01 5.053273382E-04 1.729000000E+00
7.207098500E-01 9.984211448E-01 4.990996987E-04 1.720000000E+00
7.243134000E-01 9.984344080E-01 4.934962587E-04 1.712000000E+00
7.279349600E-01 9.984494755E-01 4.873600058E-04 1.703000000E+00
7.315746400E-01 9.984627004E-01 4.817982686E-04 1.695000000E+00
7.352325100E-01 9.984777166E-01 4.757122797E-04 1.686000000E+00
7.389086700E-01 9.984908992E-01 4.702346974E-04 1.678000000E+00
7.426032200E-01 9.985040688E-01 4.647568728E-04 1.670000000E+00
7.463162300E-01 9.985190081E-01 4.587670667E-04 1.661000000E+00
7.500478100E-01 9.985321373E-01 4.533347464E-04 1.653000000E+00
7.537980500E-01 9.985452541E-01 4.479824773E-04 1.645000000E+00
7.575670400E-01 9.985583459E-01 4.425931284E-04 1.637000000E+00
7.613548800E-01 9.985731765E-01 4.367468342E-04 1.628000000E+00
7.651616500E-01 9.985862270E-01 4.314817235E-04 1.620000000E+00
7.689874600E-01 9.985992570E-01 4.262196340E-04 1.612000000E+00
7.728324000E-01 9.986122655E-01 4.209986101E-04 1.604000000E+00
7.766965600E-01 9.986252515E-01 4.157817953E-04 1.596000000E+00
7.805800400E-01 9.986382176E-01 4.106428215E-04 1.588000000E+00
7.844829400E-01 9.986511590E-01 4.055084884E-04 1.580000000E+00
7.884053600E-01 9.986623783E-01 4.009249445E-04 1.573000000E+00
7.923473800E-01 9.986752825E-01 3.958689872E-04 1.565000000E+00
7.963091200E-01 9.986881590E-01 3.908539258E-04 1.557000000E+00
8.002906700E-01 9.987010103E-01 3.858450283E-04 1.549000000E+00
8.042921200E-01 9.987121656E-01 3.813719148E-04 1.542000000E+00
8.083135800E-01 9.987249715E-01 3.764416059E-04 1.534000000E+00
8.123551500E-01 9.987377524E-01 3.715522879E-04 1.526000000E+00
8.164169300E-01 9.987488573E-01 3.671871002E-04 1.519000000E+00
8.204990100E-01 9.987615866E-01 3.623754740E-04 1.511000000E+00
8.246015000E-01 9.987726563E-01 3.580477858E-04 1.504000000E+00
8.287245100E-01 9.987853333E-01 3.533136078E-04 1.496000000E+00
8.328681300E-01 9.987963672E-01 3.490564253E-04 1.489000000E+00
8.370324800E-01 9.988089910E-01 3.443674916E-04 1.481000000E+00
8.412176400E-01 9.988199820E-01 3.401805612E-04 1.474000000E+00
8.454237300E-01 9.988309585E-01 3.359958045E-04 1.467000000E+00
8.496508400E-01 9.988435022E-01 3.314209477E-04 1.459000000E+00
8.538991000E-01 9.988544332E-01 3.273369259E-04 1.452000000E+00
8.581685900E-01 9.988653466E-01 3.232556061E-04 1.445000000E+00
8.624594400E-01 9.988762417E-01 3.192373320E-04 1.438000000E+00
8.667717300E-01 9.988886722E-01 3.147816765E-04 1.430000000E+00
8.711055900E-01 9.988995198E-01 3.108028413E-04 1.423000000E+00
8.754611200E-01 9.989103461E-01 3.068568475E-04 1.416000000E+00
8.798384300E-01 9.989211501E-01 3.029435638E-04 1.409000000E+00
8.842376200E-01 9.989319337E-01 2.990628588E-04 1.402000000E+00
8.886588100E-01 9.989426959E-01 2.952146012E-04 1.395000000E+00
8.931021000E-01 9.989534357E-01 2.913986597E-04 1.388000000E+00
8.975676100E-01 9.989641521E-01 2.876149029E-04 1.381000000E+00
9.020554500E-01 9.989748441E-01 2.838631994E-04 1.374000000E+00
9.065657300E-01 9.989840287E-01 2.805534340E-04 1.368000000E+00
9.110985600E-01 9.989946798E-01 2.768354357E-04 1.361000000E+00
9.156540500E-01 9.990053088E-01 2.731760764E-04 1.354000000E+00
9.202323200E-01 9.990159018E-01 2.695482562E-04 1.347000000E+00
9.248334800E-01 9.990250250E-01 2.663230205E-04 1.341000000E+00
9.294576500E-01 9.990355824E-01 2.627548894E-04 1.334000000E+00
9.341049400E-01 9.990461161E-01 2.591925383E-04 1.327000000E+00
9.387754600E-01 9.990551903E-01 2.560744063E-04 1.321000000E+00
9.434693400E-01 9.990656770E-01 2.525963874E-04 1.314000000E+00
9.481866800E-01 9.990747202E-01 2.495058864E-04 1.308000000E+00
9.529276200E-01 9.990851584E-01 2.460863420E-04 1.301000000E+00
9.576922600E-01 9.990941716E-01 2.430484090E-04 1.295000000E+00
9.624807200E-01 9.991045594E-01 2.396868577E-04 1.288000000E+00
9.672931200E-01 9.991135387E-01 2.367105273E-04 1.282000000E+00
9.721295900E-01 9.991238792E-01 2.333970139E-04 1.275000000E+00
9.769902300E-01 9.991328227E-01 2.304768234E-04 1.269000000E+00
9.818751900E-01 9.991417530E-01 2.275807188E-04 1.263000000E+00
9.867845600E-01 9.991520221E-01 2.243534864E-04 1.256000000E+00
9.917184800E-01 9.991609150E-01 2.215080771E-04 1.250000000E+00
9.966770800E-01 9.991697961E-01 2.186909099E-04 1.244000000E+00
1.001660500E+00 9.991785074E-01 2.157051890E-04 1.238000000E+00
1.006668800E+00 9.991869474E-01 2.123726589E-04 1.232000000E+00
1.011702100E+00 9.991954388E-01 2.090809885E-04 1.226000000E+00
1.016760600E+00 9.992052810E-01 2.054968052E-04 1.219000000E+00
1.021844400E+00 9.992138526E-01 2.022956934E-04 1.213000000E+00
1.026953600E+00 9.992224630E-01 1.991362878E-04 1.207000000E+00
1.032088400E+00 9.992310949E-01 1.960181650E-04 1.201000000E+00
1.037248900E+00 9.992397729E-01 1.929388459E-04 1.195000000E+00
1.042435100E+00 9.992484798E-01 1.899000113E-04 1.189000000E+00
1.047647300E+00 9.992572151E-01 1.869012445E-04 1.183000000E+00
1.052885500E+00 9.992647285E-01 1.842548257E-04 1.178000000E+00
1.058149900E+00 9.992735217E-01 1.813315695E-04 1.172000000E+00
1.063440700E+00 9.992823379E-01 1.784452197E-04 1.166000000E+00
1.068757900E+00 9.992911766E-01 1.755973691E-04 1.160000000E+00
1.074101700E+00 9.993000351E-01 1.727876133E-04 1.154000000E+00
1.079472200E+00 9.993077104E-01 1.703099710E-04 1.149000000E+00
1.084869500E+00 9.993166199E-01 1.675682217E-04 1.143000000E+00
1.090293900E+00 9.993255473E-01 1.648653413E-04 1.137000000E+00
1.095745400E+00 9.993333183E-01 1.624841366E-04 1.132000000E+00
1.101224100E+00 9.993422963E-01 1.598472250E-04 1.126000000E+00
1.106730200E+00 9.993512934E-01 1.572462100E-04 1.120000000E+00
1.112263900E+00 9.993591633E-01 1.549567396E-04 1.115000000E+00
1.117825200E+00 9.993682145E-01 1.524215378E-04 1.109000000E+00
1.123414300E+00 9.993761590E-01 1.501913523E-04 1.104000000E+00
1.129031400E+00 9.993852687E-01 1.477206548E-04 1.098000000E+00
1.134676500E+00 9.993932957E-01 1.455485593E-04 1.093000000E+00
1.140349900E+00 9.994024721E-01 1.431393699E-04 1.087000000E+00
1.146051700E+00 9.994105900E-01 1.410241992E-04 1.082000000E+00
1.151781900E+00 9.994198434E-01 1.386769952E-04 1.076000000E+00
1.157540800E+00 9.994280657E-01 1.366159292E-04 1.071000000E+00
1.163328500E+00 9.994363525E-01 1.345802081E-04 1.066000000E+00
1.169145200E+00 9.994457529E-01 1.323214339E-04 1.060000000E+00
1.174990900E+00 9.994541692E-01 1.303398515E-04 1.055000000E+00
1.180865900E+00 9.994626671E-01 1.283828472E-04 1.050000000E+00
1.186770200E+00 9.994712502E-01 1.264501860E-04 1.045000000E+00
1.192704000E+00 9.994799281E-01 1.245431927E-04 1.040000000E+00
1.198667600E+00 9.994896987E-01 1.224215959E-04 1.034000000E+00
1.204660900E+00 9.994985816E-01 1.205645399E-04 1.029000000E+00
1.210684200E+00 9.995075920E-01 1.187308485E-04 1.024000000E+00
1.216737600E+00 9.995167403E-01 1.169202934E-04 1.019000000E+00
1.222821300E+00 9.995260452E-01 1.151311660E-04 1.014000000E+00
1.228935400E+00 9.995355214E-01 1.133559487E-04 1.009000000E+00
1.235080100E+00 9.995451961E-01 1.115859624E-04 1.004000000E+00
1.241255500E+00 9.995551797E-01 1.098182095E-04 9.989000000E-01
1.247461800E+00 9.995653244E-01 1.080952113E-04 9.939000000E-01
1.253699100E+00 9.995757565E-01 1.063945162E-04 9.889000000E-01
1.259967600E+00 9.995864316E-01 1.047371881E-04 9.840000000E-01
1.266267400E+00 9.995974917E-01 1.031012609E-04 9.791000000E-01
1.272598800E+00 9.996089223E-01 1.015073564E-04 9.743000000E-01
1.278961800E+00 9.996209646E-01 9.991336614E-05 9.694000000E-01
1.285356600E+00 9.996335666E-01 9.836053288E-05 9.646000000E-01
1.291783300E+00 9.996469458E-01 9.682914377E-05 9.598000000E-01
1.298242300E+00 9.996612862E-01 9.531632724E-05 9.550000000E-01
1.304733500E+00 9.996767773E-01 9.384297119E-05 9.503000000E-01
1.311257100E+00 9.996939205E-01 9.236916498E-05 9.455000000E-01
1.317813400E+00 9.997131726E-01 9.093272617E-05 9.408000000E-01
1.324402500E+00 9.997354810E-01 8.953540299E-05 9.362000000E-01
1.331024500E+00 9.997627095E-01 8.813600876E-05 9.315000000E-01
1.337679600E+00 9.997985982E-01 8.677492105E-05 9.269000000E-01
1.344368000E+00 9.998551583E-01 8.541181668E-05 9.222000000E-01
1.351089900E+00 1.000096371E+00 8.410333678E-05 9.177000000E-01
1.351213500E+00 1.000134879E+00 8.407530170E-05 9.176000000E-01
1.351586500E+00 1.000138933E+00 3.214043691E-04 9.173000000E-01
1.357845300E+00 9.998769791E-01 3.162090997E-04 9.131000000E-01
1.364634500E+00 9.998325763E-01 3.106969003E-04 9.086000000E-01
1.371457700E+00 9.998149359E-01 3.052035830E-04 9.040000000E-01
1.378315000E+00 9.998125879E-01 2.998639952E-04 8.995000000E-01
1.385206600E+00 9.998301459E-01 2.946514481E-04 8.951000000E-01
1.391164600E+00 9.999545882E-01 2.901665709E-04 8.912000000E-01
1.391835300E+00 9.999555397E-01 4.364830388E-04 8.908000000E-01
1.392132600E+00 9.999252256E-01 4.361499036E-04 8.906000000E-01
1.399093300E+00 9.997970624E-01 4.284783635E-04 8.862000000E-01
1.406088700E+00 9.997573753E-01 4.209173392E-04 8.818000000E-01
1.413119200E+00 9.997316744E-01 4.134767566E-04 8.774000000E-01
1.420184800E+00 9.997125602E-01 4.061441384E-04 8.730000000E-01
1.427285700E+00 9.996974032E-01 3.990210650E-04 8.687000000E-01
1.434422100E+00 9.996851024E-01 3.919103981E-04 8.643000000E-01
1.441594200E+00 9.996748114E-01 3.849935790E-04 8.600000000E-01
1.448802200E+00 9.996660715E-01 3.782660469E-04 8.558000000E-01
1.456046200E+00 9.996587310E-01 3.715592395E-04 8.515000000E-01
1.463326500E+00 9.996524098E-01 3.650371136E-04 8.473000000E-01
1.470643100E+00 9.996470195E-01 3.586204779E-04 8.431000000E-01
1.477996300E+00 9.996424336E-01 3.522877104E-04 8.389000000E-01
1.485386300E+00 9.996385491E-01 3.460581699E-04 8.347000000E-01
1.492813200E+00 9.996352844E-01 3.399205935E-04 8.305000000E-01
1.500277300E+00 9.996324824E-01 3.339547843E-04 8.264000000E-01
1.507778700E+00 9.996301732E-01 3.280768555E-04 8.223000000E-01
1.515317600E+00 9.996283115E-01 3.222858387E-04 8.182000000E-01
1.522894200E+00 9.996268545E-01 3.165903225E-04 8.141000000E-01
1.530508600E+00 9.996256769E-01 3.110469401E-04 8.101000000E-01
1.538161200E+00 9.996248387E-01 3.055950075E-04 8.061000000E-01
1.545852000E+00 9.996244084E-01 3.001492072E-04 8.020000000E-01
1.553581200E+00 9.996240825E-01 2.949240185E-04 7.981000000E-01
1.561349100E+00 9.996241208E-01 2.897124260E-04 7.941000000E-01
1.569155900E+00 9.996244139E-01 2.845791183E-04 7.901000000E-01
1.577001700E+00 9.996248498E-01 2.795943265E-04 7.862000000E-01
1.584886700E+00 9.996255119E-01 2.746754162E-04 7.823000000E-01
1.592811100E+00 9.996263874E-01 2.698392650E-04 7.784000000E-01
1.600775200E+00 9.996274663E-01 2.650761223E-04 7.745000000E-01
1.608779000E+00 9.996286469E-01 2.604441747E-04 7.707000000E-01
1.616822900E+00 9.996301130E-01 2.558237653E-04 7.668000000E-01
1.624907000E+00 9.996316684E-01 2.513313638E-04 7.630000000E-01
1.633031600E+00 9.996334078E-01 2.469071508E-04 7.592000000E-01
1.641196700E+00 9.996352342E-01 2.426227836E-04 7.555000000E-01
1.649402700E+00 9.996373440E-01 2.383235407E-04 7.517000000E-01
1.657649700E+00 9.996395508E-01 2.341609721E-04 7.480000000E-01
1.665938000E+00 9.996420585E-01 2.300000678E-04 7.442000000E-01
1.674267700E+00 9.996446938E-01 2.259565953E-04 7.405000000E-01
1.682639000E+00 9.996475832E-01 2.219752707E-04 7.368000000E-01
1.691052200E+00 9.996506769E-01 2.181071056E-04 7.332000000E-01
1.699507500E+00 9.996542466E-01 2.142395315E-04 7.295000000E-01
1.708005000E+00 9.996582384E-01 2.104824774E-04 7.259000000E-01
1.716545000E+00 9.996630197E-01 2.067910196E-04 7.223000000E-01
1.725127800E+00 9.996692302E-01 2.031493550E-04 7.187000000E-01
1.733753400E+00 9.996791237E-01 1.995570208E-04 7.151000000E-01
1.739423900E+00 9.996956121E-01 1.972723094E-04 7.128000000E-01
1.742422200E+00 9.997005649E-01 2.303582350E-04 7.116000000E-01
1.742976000E+00 9.996966053E-01 2.300328057E-04 7.113000000E-01
1.751134300E+00 9.996790760E-01 2.261046653E-04 7.080000000E-01
1.759889900E+00 9.996738550E-01 2.219864810E-04 7.045000000E-01
1.768689400E+00 9.996715280E-01 2.179309405E-04 7.010000000E-01
1.777532800E+00 9.996705274E-01 2.139373410E-04 6.975000000E-01
1.786420500E+00 9.996703206E-01 2.100049839E-04 6.940000000E-01
1.795352600E+00 9.996705656E-01 2.061997576E-04 6.906000000E-01
1.804329400E+00 9.996713192E-01 2.023937347E-04 6.871000000E-01
1.813351000E+00 9.996723121E-01 1.987048770E-04 6.837000000E-01
1.822417800E+00 9.996735983E-01 1.950661496E-04 6.803000000E-01
1.831529900E+00 9.996751532E-01 1.915695424E-04 6.769000000E-01
1.840687500E+00 9.996767802E-01 1.882611842E-04 6.736000000E-01
1.849890900E+00 9.996786574E-01 1.849544066E-04 6.702000000E-01
1.859140400E+00 9.996805983E-01 1.817595099E-04 6.669000000E-01
1.868436100E+00 9.996827076E-01 1.786261725E-04 6.636000000E-01
1.877778300E+00 9.996850060E-01 1.755408705E-04 6.603000000E-01
1.887167200E+00 9.996875351E-01 1.725092497E-04 6.570000000E-01
1.896603000E+00 9.996903878E-01 1.695305523E-04 6.537000000E-01
1.906086000E+00 9.996937037E-01 1.666491635E-04 6.505000000E-01
1.915616500E+00 9.996985715E-01 1.637674603E-04 6.472000000E-01
1.920800200E+00 9.997041081E-01 1.622717768E-04 6.455000000E-01
1.924799700E+00 9.997050136E-01 1.725033055E-04 6.441000000E-01
1.925194500E+00 9.997043934E-01 1.723959558E-04 6.440000000E-01
1.934820500E+00 9.997002626E-01 1.693910533E-04 6.408000000E-01
1.944494600E+00 9.997000032E-01 1.664439188E-04 6.376000000E-01
1.954217100E+00 9.997006388E-01 1.635420549E-04 6.344000000E-01
1.963988200E+00 9.997016190E-01 1.607358392E-04 6.313000000E-01
1.973808100E+00 9.997029688E-01 1.579279471E-04 6.281000000E-01
1.983677200E+00 9.997044204E-01 1.552132709E-04 6.250000000E-01
1.993595500E+00 9.997060260E-01 1.525459587E-04 6.219000000E-01
2.003563500E+00 9.997077598E-01 1.499198225E-04 6.188000000E-01
2.013581300E+00 9.997096087E-01 1.473343628E-04 6.157000000E-01
2.023649200E+00 9.997114682E-01 1.448742261E-04 6.127000000E-01
2.033767500E+00 9.997134873E-01 1.424319321E-04 6.096000000E-01
2.043936300E+00 9.997154763E-01 1.400790229E-04 6.066000000E-01
2.054156000E+00 9.997175323E-01 1.377675986E-04 6.036000000E-01
2.064426800E+00 9.997196595E-01 1.354918525E-04 6.006000000E-01
2.074748900E+00 9.997218669E-01 1.332513358E-04 5.976000000E-01
2.085122700E+00 9.997241730E-01 1.310456033E-04 5.946000000E-01
2.095548300E+00 9.997265204E-01 1.289177844E-04 5.917000000E-01
2.106026000E+00 9.997291787E-01 1.267847863E-04 5.887000000E-01
2.116556200E+00 9.997322250E-01 1.247227943E-04 5.858000000E-01
2.124405200E+00 9.997356863E-01 1.231938658E-04 5.836000000E-01
2.127138900E+00 9.997383496E-01 1.226928659E-04 5.829000000E-01
2.132194700E+00 9.997370657E-01 1.274887241E-04 5.815000000E-01
2.137774600E+00 9.997363989E-01 1.264100942E-04 5.800000000E-01
2.148463500E+00 9.997369295E-01 1.243620519E-04 5.771000000E-01
2.159205800E+00 9.997380968E-01 1.223408628E-04 5.742000000E-01
2.170001800E+00 9.997394318E-01 1.203931035E-04 5.714000000E-01
2.180851900E+00 9.997410049E-01 1.184336231E-04 5.685000000E-01
2.191756100E+00 9.997425827E-01 1.165412255E-04 5.657000000E-01
2.202714900E+00 9.997442311E-01 1.146735303E-04 5.629000000E-01
2.213728500E+00 9.997459325E-01 1.128348152E-04 5.601000000E-01
2.224797100E+00 9.997476764E-01 1.110202275E-04 5.573000000E-01
2.235921100E+00 9.997494567E-01 1.092339585E-04 5.545000000E-01
2.247100700E+00 9.997511723E-01 1.075189889E-04 5.518000000E-01
2.258336200E+00 9.997529984E-01 1.057877670E-04 5.490000000E-01
2.269627900E+00 9.997547536E-01 1.041003725E-04 5.463000000E-01
2.280976000E+00 9.997565331E-01 1.024266439E-04 5.436000000E-01
2.292380900E+00 9.997583326E-01 1.007708288E-04 5.409000000E-01
2.303842800E+00 9.997601506E-01 9.914117964E-05 5.382000000E-01
2.315362000E+00 9.997619846E-01 9.753321764E-05 5.355000000E-01
2.326938800E+00 9.997638321E-01 9.594672354E-05 5.328000000E-01
2.338573500E+00 9.997656040E-01 9.442114264E-05 5.302000000E-01
2.350266400E+00 9.997674752E-01 9.287648714E-05 5.275000000E-01
2.362017700E+00 9.997692686E-01 9.138747094E-05 5.249000000E-01
2.373827800E+00 9.997710707E-01 8.991827716E-05 5.223000000E-01
2.385697000E+00 9.997728810E-01 8.846870394E-05 5.197000000E-01
2.397625400E+00 9.997746985E-01 8.704240387E-05 5.171000000E-01
2.409613600E+00 9.997765225E-01 8.563143214E-05 5.145000000E-01
2.421661600E+00 9.997782655E-01 8.427239824E-05 5.120000000E-01
2.433769900E+00 9.997801001E-01 8.289890236E-05 5.094000000E-01
2.445938800E+00 9.997818529E-01 8.157251927E-05 5.069000000E-01
2.458168500E+00 9.997836097E-01 8.026759088E-05 5.044000000E-01
2.470459300E+00 9.997853697E-01 7.898019445E-05 5.019000000E-01
2.482811600E+00 9.997871320E-01 7.770655370E-05 4.994000000E-01
2.495225700E+00 9.997888964E-01 7.645015327E-05 4.969000000E-01
2.507701800E+00 9.997906630E-01 7.520376767E-05 4.944000000E-01
2.520240300E+00 9.997923493E-01 7.400099609E-05 4.920000000E-01
2.532841500E+00 9.997941238E-01 7.278126304E-05 4.895000000E-01
2.545505700E+00 9.997958169E-01 7.161115591E-05 4.871000000E-01
2.558233300E+00 9.997975961E-01 7.042448753E-05 4.846000000E-01
2.571024400E+00 9.997992937E-01 6.928300809E-05 4.822000000E-01
2.583879600E+00 9.998009927E-01 6.815715100E-05 4.798000000E-01
2.596799000E+00 9.998026106E-01 6.707484192E-05 4.775000000E-01
2.609782900E+00 9.998043117E-01 6.597616187E-05 4.751000000E-01
2.622831900E+00 9.998060133E-01 6.489267920E-05 4.727000000E-01
2.635946000E+00 9.998076334E-01 6.385137564E-05 4.704000000E-01
2.649125700E+00 9.998093347E-01 6.279748834E-05 4.680000000E-01
2.662371400E+00 9.998109544E-01 6.178484661E-05 4.657000000E-01
2.675683200E+00 9.998125736E-01 6.078306017E-05 4.634000000E-01
2.689061700E+00 9.998141920E-01 5.979513482E-05 4.611000000E-01
2.702507000E+00 9.998158093E-01 5.882092101E-05 4.588000000E-01
2.716019500E+00 9.998168175E-01 5.784825780E-05 4.565000000E-01
2.729599600E+00 9.998184411E-01 5.688925123E-05 4.542000000E-01
2.743247600E+00 9.998199842E-01 5.596851475E-05 4.520000000E-01
2.756963800E+00 9.998216064E-01 5.503608844E-05 4.497000000E-01
2.770748600E+00 9.998231476E-01 5.413818713E-05 4.475000000E-01
2.784602400E+00 9.998243634E-01 5.322893889E-05 4.452000000E-01
2.798525400E+00 9.998259071E-01 5.234782800E-05 4.430000000E-01
2.812518000E+00 9.998274500E-01 5.147917774E-05 4.408000000E-01
2.826580600E+00 9.998289917E-01 5.062285175E-05 4.386000000E-01
2.840713500E+00 9.998304543E-01 4.980153044E-05 4.365000000E-01
2.854917100E+00 9.998319930E-01 4.896917952E-05 4.343000000E-01
2.869191700E+00 9.998335291E-01 4.814875156E-05 4.321000000E-01
2.883537600E+00 9.998349860E-01 4.735947534E-05 4.300000000E-01
2.897955300E+00 9.998365170E-01 4.656226283E-05 4.278000000E-01
2.912445100E+00 9.998379682E-01 4.579809334E-05 4.257000000E-01
2.927007300E+00 9.998394160E-01 4.504223349E-05 4.236000000E-01
2.941642400E+00 9.998408601E-01 4.429719853E-05 4.215000000E-01
2.956350600E+00 9.998422997E-01 4.356540189E-05 4.194000000E-01
2.971132300E+00 9.998437335E-01 4.284162812E-05 4.173000000E-01
2.985988000E+00 9.998451604E-01 4.212831763E-05 4.152000000E-01
3.000917900E+00 9.998464930E-01 4.144294925E-05 4.132000000E-01
3.015922500E+00 9.998478375E-01 4.070372564E-05 4.111000000E-01
3.031002100E+00 9.998491695E-01 3.999510629E-05 4.091000000E-01
3.046157100E+00 9.998505897E-01 3.927284060E-05 4.070000000E-01
3.061387900E+00 9.998519417E-01 3.858053231E-05 4.050000000E-01
3.076694900E+00 9.998532956E-01 3.790085635E-05 4.030000000E-01
3.092078300E+00 9.998546500E-01 3.723131147E-05 4.010000000E-01
3.107538700E+00 9.998560036E-01 3.657178422E-05 3.990000000E-01
3.123076400E+00 9.998573561E-01 3.592216186E-05 3.970000000E-01
3.138691800E+00 9.998587068E-01 3.528458075E-05 3.950000000E-01
3.154385300E+00 9.998599842E-01 3.467204804E-05 3.931000000E-01
3.170157200E+00 9.998613305E-01 3.405342516E-05 3.911000000E-01
3.186008000E+00 9.998626035E-01 3.346141351E-05 3.892000000E-01
3.201938000E+00 9.998639443E-01 3.286129748E-05 3.872000000E-01
3.217947700E+00 9.998652119E-01 3.228714247E-05 3.853000000E-01
3.234037400E+00 9.998664767E-01 3.172165545E-05 3.834000000E-01
3.250207600E+00 9.998677385E-01 3.116473676E-05 3.815000000E-01
3.266458700E+00 9.998689970E-01 3.061628735E-05 3.796000000E-01
3.282791000E+00 9.998702523E-01 3.007620881E-05 3.777000000E-01
3.299204900E+00 9.998715039E-01 2.954643852E-05 3.758000000E-01
3.315700900E+00 9.998727520E-01 2.902278846E-05 3.739000000E-01
3.332279400E+00 9.998739285E-01 2.852254640E-05 3.721000000E-01
3.348940800E+00 9.998751693E-01 2.801476376E-05 3.702000000E-01
3.365685600E+00 9.998763388E-01 2.753177104E-05 3.684000000E-01
3.382514000E+00 9.998775714E-01 2.703946353E-05 3.665000000E-01
3.399426500E+00 9.998787334E-01 2.656942873E-05 3.647000000E-01
3.416423700E+00 9.998798916E-01 2.610853295E-05 3.629000000E-01
3.433505800E+00 9.998810458E-01 2.565287542E-05 3.611000000E-01
3.450673300E+00 9.998821962E-01 2.520428710E-05 3.593000000E-01
3.467926700E+00 9.998833423E-01 2.476268279E-05 3.575000000E-01
3.485266300E+00 9.998842967E-01 2.432615459E-05 3.557000000E-01
3.502692700E+00 9.998853704E-01 2.390456739E-05 3.540000000E-01
3.520206100E+00 9.998865056E-01 2.347618067E-05 3.522000000E-01
3.537807200E+00 9.998875733E-01 2.306775105E-05 3.505000000E-01
3.555496200E+00 9.998887014E-01 2.265270314E-05 3.487000000E-01
3.573273700E+00 9.998897621E-01 2.225711347E-05 3.470000000E-01
3.591140000E+00 9.998908194E-01 2.186774477E-05 3.453000000E-01
3.609095700E+00 9.998919360E-01 2.147031711E-05 3.435000000E-01
3.627141200E+00 9.998929856E-01 2.109333847E-05 3.418000000E-01
3.645276900E+00 9.998940316E-01 2.072068583E-05 3.401000000E-01
3.663503300E+00 9.998950738E-01 2.035563515E-05 3.384000000E-01
3.681820800E+00 9.998961120E-01 1.999479534E-05 3.367000000E-01
3.700229900E+00 9.998970849E-01 1.965148661E-05 3.351000000E-01
3.718731100E+00 9.998981154E-01 1.930203210E-05 3.334000000E-01
3.737324700E+00 9.998991418E-01 1.895665232E-05 3.317000000E-01
3.756011400E+00 9.999001035E-01 1.862974808E-05 3.301000000E-01
3.774791400E+00 9.999010614E-01 1.830652010E-05 3.285000000E-01
3.793665400E+00 9.999020756E-01 1.797748418E-05 3.268000000E-01
3.812633700E+00 9.999030257E-01 1.766472070E-05 3.252000000E-01
3.831696900E+00 9.999039722E-01 1.735702083E-05 3.236000000E-01
3.850855400E+00 9.999048393E-01 1.705282582E-05 3.220000000E-01
3.870109600E+00 9.999057779E-01 1.675063663E-05 3.204000000E-01
3.889460200E+00 9.999067131E-01 1.645340699E-05 3.188000000E-01
3.908907500E+00 9.999076445E-01 1.616107298E-05 3.172000000E-01
3.928452000E+00 9.999085723E-01 1.587213579E-05 3.156000000E-01
3.948094300E+00 9.999094963E-01 1.558941759E-05 3.140000000E-01
3.967834700E+00 9.999103589E-01 1.531980259E-05 3.125000000E-01
3.987673900E+00 9.999112753E-01 1.504353827E-05 3.109000000E-01
4.055024000E+00 9.999136250E-01 1.417671137E-05 3.058000000E-01
4.334821000E+00 9.999245806E-01 1.117195002E-05 2.860000000E-01
4.633924000E+00 9.999341733E-01 8.816121915E-06 2.676000000E-01
4.953664000E+00 9.999426323E-01 6.961730354E-06 2.503000000E-01
5.295467000E+00 9.999500521E-01 5.503900206E-06 2.341000000E-01
5.660855000E+00 9.999565303E-01 4.359090205E-06 2.190000000E-01
6.051453000E+00 9.999622033E-01 3.448605909E-06 2.049000000E-01
6.469004000E+00 9.999672079E-01 2.720012800E-06 1.917000000E-01
6.915365000E+00 9.999716660E-01 2.147080171E-06 1.793000000E-01
7.392525000E+00 9.999757018E-01 1.697822882E-06 1.677000000E-01
7.902609000E+00 9.999798094E-01 1.341406270E-06 1.569000000E-01
7.909678000E+00 9.999798678E-01 1.337854543E-06 1.568000000E-01
8.030745000E+00 9.999815049E-01 1.267153348E-06 1.544000000E-01
8.063029000E+00 9.999828395E-01 1.249586237E-06 1.538000000E-01
8.111456000E+00 9.999818604E-01 3.521268709E-06 1.529000000E-01
8.232522000E+00 9.999814082E-01 3.307290438E-06 1.506000000E-01
8.447890000E+00 9.999818522E-01 2.969981670E-06 1.468000000E-01
8.739444000E+00 9.999829918E-01 2.617722018E-06 1.419000000E-01
8.873211000E+00 9.999838280E-01 2.476321157E-06 1.397000000E-01
8.908882000E+00 9.999844076E-01 2.442626963E-06 1.392000000E-01
8.962389000E+00 9.999840945E-01 3.328252717E-06 1.383000000E-01
9.030794000E+00 9.999840100E-01 3.232483633E-06 1.373000000E-01
9.096156000E+00 9.999840859E-01 3.141663028E-06 1.363000000E-01
9.206316000E+00 9.999843121E-01 2.997740574E-06 1.347000000E-01
9.347229000E+00 9.999848040E-01 2.820622990E-06 1.326000000E-01
9.384806000E+00 9.999851001E-01 2.778519214E-06 1.321000000E-01
9.441171000E+00 9.999850095E-01 3.143458678E-06 1.313000000E-01
9.582084000E+00 9.999851378E-01 2.979545138E-06 1.294000000E-01
9.653919000E+00 9.999852728E-01 2.898033971E-06 1.284000000E-01
1.032004000E+01 9.999866810E-01 2.274195670E-06 1.201000000E-01
1.103212000E+01 9.999881262E-01 1.788514681E-06 1.124000000E-01
1.179334000E+01 9.999894988E-01 1.404705415E-06 1.051000000E-01
1.260708000E+01 9.999907353E-01 1.102313726E-06 9.834000000E-02
1.347697000E+01 9.999918500E-01 8.642820021E-07 9.200000000E-02
1.440688000E+01 9.999928445E-01 6.775982638E-07 8.606000000E-02
1.540095000E+01 9.999937259E-01 5.313599565E-07 8.050000000E-02
1.646362000E+01 9.999944965E-01 4.165615319E-07 7.531000000E-02
1.759961000E+01 9.999951814E-01 3.259311125E-07 7.045000000E-02
1.881398000E+01 9.999957797E-01 2.549439250E-07 6.590000000E-02
2.011215000E+01 9.999963082E-01 1.991036708E-07 6.165000000E-02
2.149988000E+01 9.999967721E-01 1.556109792E-07 5.767000000E-02
2.298338000E+01 9.999971779E-01 1.217376626E-07 5.395000000E-02
2.456923000E+01 9.999975339E-01 9.528351951E-08 5.046000000E-02
2.626450000E+01 9.999978439E-01 7.468793715E-08 4.721000000E-02
2.807676000E+01 9.999981155E-01 5.810726744E-08 4.416000000E-02
3.001405000E+01 9.999983533E-01 4.513137717E-08 4.131000000E-02
3.208502000E+01 9.999985616E-01 3.507302933E-08 3.864000000E-02
3.429889000E+01 9.999987431E-01 2.728976245E-08 3.615000000E-02
3.666551000E+01 9.999989026E-01 2.120251736E-08 3.381000000E-02
3.919543000E+01 9.999990415E-01 1.647317830E-08 3.163000000E-02
4.189992000E+01 9.999991631E-01 1.277021328E-08 2.959000000E-02
4.479101000E+01 9.999992697E-01 9.879350229E-09 2.768000000E-02
4.788159000E+01 9.999993636E-01 7.642302019E-09 2.589000000E-02
5.118542000E+01 9.999994466E-01 5.917487066E-09 2.422000000E-02
5.450534000E+01 9.999995198E-01 4.655628514E-09 2.275000000E-02
5.471721000E+01 9.999995248E-01 4.586455657E-09 2.266000000E-02
5.533961000E+01 9.999995427E-01 4.390630599E-09 2.240000000E-02
5.556208000E+01 9.999995562E-01 4.323787925E-09 2.231000000E-02
5.589579000E+01 9.999995516E-01 2.340414990E-08 2.218000000E-02
5.673005000E+01 9.999995558E-01 2.222273637E-08 2.186000000E-02
5.849270000E+01 9.999995764E-01 1.994188495E-08 2.120000000E-02
6.252870000E+01 9.999996248E-01 1.566842560E-08 1.983000000E-02
6.684318000E+01 9.999996696E-01 1.229126523E-08 1.855000000E-02
7.145536000E+01 9.999997099E-01 9.635003260E-09 1.735000000E-02
7.638578000E+01 9.999997455E-01 7.550168053E-09 1.623000000E-02
8.165640000E+01 9.999997770E-01 5.906179293E-09 1.518000000E-02
8.729069000E+01 9.999998046E-01 4.607391550E-09 1.420000000E-02
9.331374000E+01 9.999998287E-01 3.598255645E-09 1.329000000E-02
9.975239000E+01 9.999998501E-01 2.806754035E-09 1.243000000E-02
1.066353000E+02 9.999998687E-01 2.191229197E-09 1.163000000E-02
1.139931000E+02 9.999998851E-01 1.707903888E-09 1.088000000E-02
1.218587000E+02 9.999998996E-01 1.325381205E-09 1.017000000E-02
1.302669000E+02 9.999999121E-01 1.031199781E-09 9.518000000E-03
1.392553000E+02 9.999999231E-01 8.015329808E-10 8.903000000E-03
1.488640000E+02 9.999999327E-01 6.232641527E-10 8.329000000E-03
1.591356000E+02 9.999999411E-01 4.845535402E-10 7.791000000E-03
1.701159000E+02 9.999999485E-01 3.767794851E-10 7.288000000E-03
1.818539000E+02 9.999999549E-01 2.930469043E-10 6.818000000E-03
1.944018000E+02 9.999999606E-01 2.279129022E-10 6.378000000E-03
2.078156000E+02 9.999999655E-01 1.772504419E-10 5.966000000E-03
2.221548000E+02 9.999999698E-01 1.378801593E-10 5.581000000E-03
2.374835000E+02 9.999999736E-01 1.072670093E-10 5.221000000E-03
2.538699000E+02 9.999999769E-01 8.379810136E-11 4.884000000E-03
2.713869000E+02 9.999999798E-01 6.555175779E-11 4.569000000E-03
2.901126000E+02 9.999999823E-01 5.127411731E-11 4.274000000E-03
3.101304000E+02 9.999999845E-01 4.010919772E-11 3.998000000E-03
3.315294000E+02 9.999999865E-01 3.137855393E-11 3.740000000E-03
3.544049000E+02 9.999999882E-01 2.454327088E-11 3.498000000E-03
3.788588000E+02 9.999999896E-01 1.921196148E-11 3.273000000E-03
4.050001000E+02 9.999999909E-01 1.502548751E-11 3.061000000E-03
4.329451000E+02 0.000000000E+00 0.000000000E+00 2.864000000E-03
