# 11/08/2021 
# Data retrieved from www.chemicool.com/densities.html 
# Includes the real (n) and complex (k) part of the  refractive index. 
# Element, Ir  (Z = 77) 
# Nominal density, g cm-3 =  22.56 
#    E [keV]      n       k    Wavelength [nm] 
6.717466000E-03 -8.231286400E+01 1.939834677E-01 1.846000000E+02
6.820284000E-03 -3.364523428E+00 0.000000000E+00 1.818000000E+02
6.847702000E-03 -2.883821185E+00 0.000000000E+00 1.811000000E+02
6.888830000E-03 -3.254851747E+00 8.377482057E-01 1.800000000E+02
6.991648000E-03 -3.441600722E+00 7.971996548E-01 1.773000000E+02
7.901491000E-03 -2.146276185E+00 5.458545869E-01 1.569000000E+02
8.022432000E-03 -1.673186208E+00 5.288366920E-01 1.545000000E+02
8.054683000E-03 -1.228956224E+00 5.250375157E-01 1.539000000E+02
8.103059000E-03 -1.621071589E+00 1.327728818E+00 1.530000000E+02
8.224000000E-03 -1.878462514E+00 1.271222307E+00 1.508000000E+02
1.069000000E-02 -4.453208345E-01 9.638088339E-01 1.160000000E+02
1.142761000E-02 -1.066667760E-01 1.031059479E+00 1.085000000E+02
1.221612000E-02 1.672023980E-01 1.125064121E+00 1.015000000E+02
1.305903000E-02 3.745972340E-01 1.235285180E+00 9.494000000E+01
1.396010000E-02 5.145297193E-01 1.351534301E+00 8.881000000E+01
1.492335000E-02 5.886620274E-01 1.461875227E+00 8.308000000E+01
1.595306000E-02 6.019531560E-01 1.553425457E+00 7.772000000E+01
1.705382000E-02 5.634473863E-01 1.613637986E+00 7.270000000E+01
1.823053000E-02 4.860316201E-01 1.633037363E+00 6.801000000E+01
1.948844000E-02 3.858825006E-01 1.605689404E+00 6.362000000E+01
2.083314000E-02 2.765029806E-01 1.530995608E+00 5.951000000E+01
2.227063000E-02 1.816155087E-01 1.414844162E+00 5.567000000E+01
2.380730000E-02 1.095042215E-01 1.266965888E+00 5.208000000E+01
2.545001000E-02 6.521363563E-02 1.099730960E+00 4.872000000E+01
2.720606000E-02 5.712613127E-02 9.261144167E-01 4.557000000E+01
2.908327000E-02 7.940243449E-02 7.582787835E-01 4.263000000E+01
3.109002000E-02 1.270967302E-01 6.046689972E-01 3.988000000E+01
3.323523000E-02 1.930823848E-01 4.708236562E-01 3.731000000E+01
3.552846000E-02 2.706240166E-01 3.587517806E-01 3.490000000E+01
3.797993000E-02 3.533904311E-01 2.683745976E-01 3.264000000E+01
4.060054000E-02 4.357739842E-01 1.980545929E-01 3.054000000E+01
4.340198000E-02 5.157703819E-01 1.444960286E-01 2.857000000E+01
4.639671000E-02 5.934359422E-01 1.045356028E-01 2.672000000E+01
4.949000000E-02 6.786214733E-01 7.610534081E-02 2.505000000E+01
4.959809000E-02 6.826549966E-01 7.531842299E-02 2.500000000E+01
5.024750000E-02 7.208052742E-01 7.058628535E-02 2.467000000E+01
5.044950000E-02 7.603108476E-01 6.924868258E-02 2.458000000E+01
5.075250000E-02 7.250835430E-01 1.393434726E-01 2.443000000E+01
5.151000000E-02 7.019108506E-01 1.299888486E-01 2.407000000E+01
5.302035000E-02 7.015033205E-01 1.134803391E-01 2.338000000E+01
5.667876000E-02 7.317271242E-01 8.301655505E-02 2.187000000E+01
5.929000000E-02 7.594690111E-01 6.716650601E-02 2.091000000E+01
6.019750000E-02 7.716382311E-01 6.254914994E-02 2.060000000E+01
6.043950000E-02 7.778696173E-01 6.133040883E-02 2.051000000E+01
6.058959000E-02 7.785213998E-01 6.753911012E-02 2.046000000E+01
6.080250000E-02 7.780785585E-01 6.645307833E-02 2.039000000E+01
6.171000000E-02 7.859041807E-01 6.201335263E-02 2.009000000E+01
6.174000000E-02 7.862591354E-01 6.187111105E-02 2.008000000E+01
6.213200000E-02 7.914917779E-01 6.005067076E-02 1.995000000E+01
6.268500000E-02 8.024825951E-01 5.765497591E-02 1.978000000E+01
6.293700000E-02 8.159645032E-01 5.658306043E-02 1.970000000E+01
6.308300000E-02 8.152953398E-01 7.835691942E-02 1.965000000E+01
6.333660000E-02 8.086781797E-01 7.716041960E-02 1.958000000E+01
6.371700000E-02 8.032674663E-01 7.952105522E-02 1.946000000E+01
6.426000000E-02 8.012426568E-01 7.680724671E-02 1.929000000E+01
6.466800000E-02 8.011858380E-01 7.489240286E-02 1.917000000E+01
6.477028000E-02 8.012850534E-01 7.442128544E-02 1.914000000E+01
6.923942000E-02 8.178945930E-01 5.725180795E-02 1.791000000E+01
7.401695000E-02 8.396358652E-01 4.433412521E-02 1.675000000E+01
7.912411000E-02 8.608320758E-01 3.452344634E-02 1.567000000E+01
8.458368000E-02 8.805544407E-01 2.724416882E-02 1.466000000E+01
9.041995000E-02 8.985460042E-01 2.202166898E-02 1.371000000E+01
9.329600000E-02 9.063167518E-01 2.018191843E-02 1.329000000E+01
9.472400000E-02 9.100760355E-01 1.940633447E-02 1.309000000E+01
9.510480000E-02 9.111972121E-01 1.922063364E-02 1.304000000E+01
9.567600000E-02 9.123622725E-01 1.938217305E-02 1.296000000E+01
9.665893000E-02 9.144747855E-01 1.893371201E-02 1.283000000E+01
9.710400000E-02 9.154708203E-01 1.873584378E-02 1.277000000E+01
1.033284000E-01 9.281490274E-01 1.666364863E-02 1.200000000E+01
1.104581000E-01 9.401630086E-01 1.539660843E-02 1.122000000E+01
1.180797000E-01 9.503742319E-01 1.492802545E-02 1.050000000E+01
1.262272000E-01 9.590537565E-01 1.501711896E-02 9.822000000E+00
1.349368000E-01 9.662674748E-01 1.551889900E-02 9.188000000E+00
1.442475000E-01 9.721344587E-01 1.626465624E-02 8.595000000E+00
1.542005000E-01 9.767787809E-01 1.710947683E-02 8.040000000E+00
1.648404000E-01 9.803425169E-01 1.793005024E-02 7.521000000E+00
1.762144000E-01 9.829631674E-01 1.860044370E-02 7.036000000E+00
1.883732000E-01 9.847335202E-01 1.902816850E-02 6.582000000E+00
2.013709000E-01 9.859075304E-01 1.914965642E-02 6.157000000E+00
2.152655000E-01 9.866807490E-01 1.894201391E-02 5.760000000E+00
2.301188000E-01 9.871462559E-01 1.839824925E-02 5.388000000E+00
2.459970000E-01 9.874323386E-01 1.755097126E-02 5.040000000E+00
2.629708000E-01 9.876558405E-01 1.643017435E-02 4.715000000E+00
2.811158000E-01 9.879651579E-01 1.508038742E-02 4.410000000E+00
2.890020000E-01 9.881761131E-01 1.447970519E-02 4.290000000E+00
2.934255000E-01 9.884036478E-01 1.413874629E-02 4.225000000E+00
2.946051000E-01 9.885937163E-01 1.404764792E-02 4.208000000E+00
2.963745000E-01 9.884670498E-01 1.423731314E-02 4.183000000E+00
3.005128000E-01 9.884212764E-01 1.393343010E-02 4.126000000E+00
3.007980000E-01 9.884236263E-01 1.391127466E-02 4.122000000E+00
3.051720000E-01 9.884830021E-01 1.358862473E-02 4.063000000E+00
3.098430000E-01 9.886301077E-01 1.324813753E-02 4.002000000E+00
3.110886000E-01 9.887655610E-01 1.315142862E-02 3.985000000E+00
3.129570000E-01 9.886746852E-01 1.324337787E-02 3.962000000E+00
3.176280000E-01 9.886543156E-01 1.290693645E-02 3.903000000E+00
3.212482000E-01 9.886839838E-01 1.265344340E-02 3.859000000E+00
3.434143000E-01 9.890503067E-01 1.118392240E-02 3.610000000E+00
3.671099000E-01 9.895781673E-01 9.781041937E-03 3.377000000E+00
3.924405000E-01 9.902048546E-01 8.479901823E-03 3.159000000E+00
4.195189000E-01 9.908977607E-01 7.298808829E-03 2.955000000E+00
4.484657000E-01 9.916309388E-01 6.249586607E-03 2.765000000E+00
4.794098000E-01 9.924372420E-01 5.321401470E-03 2.586000000E+00
4.844140000E-01 9.925858713E-01 5.187197775E-03 2.559000000E+00
4.918285000E-01 9.928753031E-01 5.000038271E-03 2.521000000E+00
4.938057000E-01 9.930776352E-01 4.951455916E-03 2.511000000E+00
4.967715000E-01 9.929713372E-01 5.196008761E-03 2.496000000E+00
5.000000000E-01 9.926914752E-01 5.115959538E-03 2.480000000E+00
5.025000000E-01 9.927103860E-01 5.051854346E-03 2.467000000E+00
5.050125000E-01 9.927337114E-01 4.992319606E-03 2.455000000E+00
5.075375600E-01 9.927631220E-01 4.933228870E-03 2.443000000E+00
5.100752500E-01 9.927966321E-01 4.874393298E-03 2.431000000E+00
5.126256300E-01 9.928331081E-01 4.816002406E-03 2.419000000E+00
5.151887500E-01 9.928718619E-01 4.758054662E-03 2.407000000E+00
5.177647000E-01 9.929124121E-01 4.700548530E-03 2.395000000E+00
5.203535200E-01 9.929544568E-01 4.643302469E-03 2.383000000E+00
5.229552900E-01 9.929977756E-01 4.586498571E-03 2.371000000E+00
5.255700700E-01 9.930421737E-01 4.530135274E-03 2.359000000E+00
5.281979200E-01 9.930875326E-01 4.474211018E-03 2.347000000E+00
5.308389100E-01 9.931278553E-01 4.422336847E-03 2.336000000E+00
5.334931000E-01 9.931748231E-01 4.367088708E-03 2.324000000E+00
5.361605700E-01 9.932225045E-01 4.312278531E-03 2.312000000E+00
5.388413700E-01 9.932649574E-01 4.261608057E-03 2.301000000E+00
5.415355800E-01 9.933138796E-01 4.207475217E-03 2.289000000E+00
5.442432500E-01 9.933575401E-01 4.157428402E-03 2.278000000E+00
5.469644700E-01 9.934017745E-01 4.107762925E-03 2.267000000E+00
5.496992900E-01 9.934523742E-01 4.054880283E-03 2.255000000E+00
5.524477900E-01 9.934977093E-01 4.005999345E-03 2.244000000E+00
5.552100300E-01 9.935436142E-01 3.957337528E-03 2.233000000E+00
5.579860800E-01 9.935901489E-01 3.909054641E-03 2.222000000E+00
5.607760100E-01 9.936373708E-01 3.861149304E-03 2.211000000E+00
5.635798900E-01 9.936853956E-01 3.813620136E-03 2.200000000E+00
5.663977900E-01 9.937344705E-01 3.766465756E-03 2.189000000E+00
5.692297800E-01 9.937850423E-01 3.719534413E-03 2.178000000E+00
5.720759300E-01 9.938382982E-01 3.672978127E-03 2.167000000E+00
5.749363000E-01 9.938985288E-01 3.626795493E-03 2.156000000E+00
5.762631800E-01 9.939300145E-01 3.609240062E-03 2.152000000E+00
5.778109900E-01 9.939578587E-01 3.638630540E-03 2.146000000E+00
5.779367700E-01 9.939599736E-01 3.634948554E-03 2.145000000E+00
5.807000400E-01 9.939757600E-01 3.592899308E-03 2.135000000E+00
5.836035400E-01 9.940118069E-01 3.547391510E-03 2.124000000E+00
5.865215600E-01 9.940462584E-01 3.505567489E-03 2.114000000E+00
5.894541700E-01 9.940882897E-01 3.460769129E-03 2.103000000E+00
5.924014400E-01 9.941258813E-01 3.419603004E-03 2.093000000E+00
5.953634500E-01 9.941699166E-01 3.375508888E-03 2.082000000E+00
5.983402600E-01 9.942089525E-01 3.334859696E-03 2.072000000E+00
6.013319600E-01 9.942485154E-01 3.294526119E-03 2.062000000E+00
6.043386200E-01 9.942884824E-01 3.254640472E-03 2.052000000E+00
6.073603200E-01 9.943343806E-01 3.211785309E-03 2.041000000E+00
6.103971200E-01 9.943750133E-01 3.172413602E-03 2.031000000E+00
6.134491000E-01 9.944159357E-01 3.133223326E-03 2.021000000E+00
6.165163500E-01 9.944571119E-01 3.094473543E-03 2.011000000E+00
6.195989300E-01 9.944985199E-01 3.056032338E-03 2.001000000E+00
6.226969300E-01 9.945401507E-01 3.017772892E-03 1.991000000E+00
6.258104100E-01 9.945819707E-01 2.979822221E-03 1.981000000E+00
6.289394600E-01 9.946239841E-01 2.942179145E-03 1.971000000E+00
6.320841600E-01 9.946607291E-01 2.907927877E-03 1.962000000E+00
6.352445800E-01 9.947031081E-01 2.870751653E-03 1.952000000E+00
6.384208000E-01 9.947456563E-01 2.834001588E-03 1.942000000E+00
6.416129100E-01 9.947883538E-01 2.797554481E-03 1.932000000E+00
6.448209700E-01 9.948258481E-01 2.764283373E-03 1.923000000E+00
6.480450800E-01 9.948688955E-01 2.728300171E-03 1.913000000E+00
6.512853000E-01 9.949067772E-01 2.695564412E-03 1.904000000E+00
6.545417300E-01 9.949501986E-01 2.660160209E-03 1.894000000E+00
6.578144400E-01 9.949885138E-01 2.627843036E-03 1.885000000E+00
6.611035100E-01 9.950323734E-01 2.593014572E-03 1.875000000E+00
6.644090300E-01 9.950712286E-01 2.561227815E-03 1.866000000E+00
6.677310700E-01 9.951104381E-01 2.529694373E-03 1.857000000E+00
6.710697300E-01 9.951500969E-01 2.498413276E-03 1.848000000E+00
6.744250800E-01 9.951955895E-01 2.464593799E-03 1.838000000E+00
6.777972000E-01 9.952367035E-01 2.433835964E-03 1.829000000E+00
6.811861900E-01 9.952792239E-01 2.403327485E-03 1.820000000E+00
6.845921200E-01 9.953245395E-01 2.372963428E-03 1.811000000E+00
6.880150800E-01 9.953783881E-01 2.342848846E-03 1.802000000E+00
6.889958500E-01 9.954022273E-01 2.333207889E-03 1.799000000E+00
6.912041700E-01 9.954216789E-01 2.371164762E-03 1.794000000E+00
6.914551500E-01 9.954225116E-01 2.368012525E-03 1.793000000E+00
6.949124300E-01 9.954370751E-01 2.337943765E-03 1.784000000E+00
6.983869900E-01 9.954645013E-01 2.308122265E-03 1.775000000E+00
7.018789300E-01 9.954953813E-01 2.278547055E-03 1.766000000E+00
7.053883200E-01 9.955228164E-01 2.251778186E-03 1.758000000E+00
7.089152600E-01 9.955563421E-01 2.222575579E-03 1.749000000E+00
7.124598400E-01 9.955905266E-01 2.193714385E-03 1.740000000E+00
7.160221400E-01 9.956201114E-01 2.167502851E-03 1.732000000E+00
7.196022500E-01 9.956551130E-01 2.139106734E-03 1.723000000E+00
7.232002600E-01 9.956903834E-01 2.110858093E-03 1.714000000E+00
7.268162600E-01 9.957208415E-01 2.085387233E-03 1.706000000E+00
7.304503400E-01 9.957564967E-01 2.057600015E-03 1.697000000E+00
7.341026000E-01 9.957873057E-01 2.032458472E-03 1.689000000E+00
7.377731100E-01 9.958182505E-01 2.007517772E-03 1.681000000E+00
7.414619700E-01 9.958542683E-01 1.980496138E-03 1.672000000E+00
7.451692800E-01 9.958854195E-01 1.955972031E-03 1.664000000E+00
7.488951300E-01 9.959166468E-01 1.931646370E-03 1.656000000E+00
7.526396100E-01 9.959528708E-01 1.905204129E-03 1.647000000E+00
7.564028000E-01 9.959842235E-01 1.881290913E-03 1.639000000E+00
7.601848200E-01 9.960156312E-01 1.857573741E-03 1.631000000E+00
7.639857400E-01 9.960470818E-01 1.833968334E-03 1.623000000E+00
7.678056700E-01 9.960785717E-01 1.810641734E-03 1.615000000E+00
7.716447000E-01 9.961100890E-01 1.787508836E-03 1.607000000E+00
7.755029200E-01 9.961416225E-01 1.764568862E-03 1.599000000E+00
7.793804400E-01 9.961731852E-01 1.741740793E-03 1.591000000E+00
7.832773400E-01 9.962047576E-01 1.719185135E-03 1.583000000E+00
7.871937300E-01 9.962363369E-01 1.696741425E-03 1.575000000E+00
7.911296900E-01 9.962679200E-01 1.674566949E-03 1.567000000E+00
7.950853400E-01 9.962994964E-01 1.652504450E-03 1.559000000E+00
7.990607700E-01 9.963263383E-01 1.632811485E-03 1.552000000E+00
8.030560700E-01 9.963579169E-01 1.611109841E-03 1.544000000E+00
8.070713500E-01 9.963894882E-01 1.589671290E-03 1.536000000E+00
8.111067100E-01 9.964163486E-01 1.570398170E-03 1.529000000E+00
8.151622400E-01 9.964478917E-01 1.549241284E-03 1.521000000E+00
8.192380600E-01 9.964794052E-01 1.528342966E-03 1.513000000E+00
8.233342500E-01 9.965062555E-01 1.509560593E-03 1.506000000E+00
8.274509200E-01 9.965377267E-01 1.488941761E-03 1.498000000E+00
8.315881700E-01 9.965645545E-01 1.470478439E-03 1.491000000E+00
8.357461100E-01 9.965913682E-01 1.452235768E-03 1.484000000E+00
8.399248400E-01 9.966227645E-01 1.432062593E-03 1.476000000E+00
8.441244700E-01 9.966495642E-01 1.413996833E-03 1.469000000E+00
8.483450900E-01 9.966809094E-01 1.394172169E-03 1.461000000E+00
8.525868200E-01 9.967076792E-01 1.376421558E-03 1.454000000E+00
8.568497500E-01 9.967344384E-01 1.358886297E-03 1.447000000E+00
8.611340000E-01 9.967611849E-01 1.341432388E-03 1.440000000E+00
8.654396700E-01 9.967879101E-01 1.324126230E-03 1.433000000E+00
8.697668700E-01 9.968190847E-01 1.305134798E-03 1.425000000E+00
8.741157000E-01 9.968457528E-01 1.288137232E-03 1.418000000E+00
8.784862800E-01 9.968724003E-01 1.271285514E-03 1.411000000E+00
8.828787100E-01 9.968990128E-01 1.254579028E-03 1.404000000E+00
8.872931000E-01 9.969248154E-01 1.238017160E-03 1.397000000E+00
8.917295700E-01 9.969513730E-01 1.221599295E-03 1.390000000E+00
8.961882200E-01 9.969778966E-01 1.205324816E-03 1.383000000E+00
9.006691600E-01 9.970000288E-01 1.190922217E-03 1.377000000E+00
9.051725000E-01 9.970264897E-01 1.174977641E-03 1.370000000E+00
9.096983700E-01 9.970529175E-01 1.159114563E-03 1.363000000E+00
9.142468600E-01 9.970792987E-01 1.143392474E-03 1.356000000E+00
9.188180900E-01 9.971056376E-01 1.127810758E-03 1.349000000E+00
9.234121800E-01 9.971276508E-01 1.114027197E-03 1.343000000E+00
9.280292400E-01 9.971539056E-01 1.098766728E-03 1.336000000E+00
9.326693900E-01 9.971801134E-01 1.083587675E-03 1.329000000E+00
9.373327400E-01 9.972016116E-01 1.070163770E-03 1.323000000E+00
9.420194000E-01 9.972277257E-01 1.055300886E-03 1.316000000E+00
9.467295000E-01 9.972495854E-01 1.042109725E-03 1.310000000E+00
9.514631500E-01 9.972756015E-01 1.027450404E-03 1.303000000E+00
9.562204600E-01 9.972973867E-01 1.014543803E-03 1.297000000E+00
9.610015600E-01 9.973232943E-01 1.000140725E-03 1.290000000E+00
9.658065700E-01 9.973450055E-01 9.874095346E-04 1.284000000E+00
9.706356000E-01 9.973707943E-01 9.733127400E-04 1.277000000E+00
9.754887800E-01 9.973924064E-01 9.608594891E-04 1.271000000E+00
9.803662300E-01 9.974139849E-01 9.484611896E-04 1.265000000E+00
9.852680600E-01 9.974395960E-01 9.346825093E-04 1.258000000E+00
9.901944000E-01 9.974610695E-01 9.225581572E-04 1.252000000E+00
9.951453700E-01 9.974824965E-01 9.104888796E-04 1.246000000E+00
1.000121100E+00 9.975038568E-01 8.985243900E-04 1.240000000E+00
1.005121700E+00 9.975245854E-01 8.856988446E-04 1.234000000E+00
1.010147300E+00 9.975493638E-01 8.715746750E-04 1.227000000E+00
1.015198000E+00 9.975701863E-01 8.590073764E-04 1.221000000E+00
1.020274000E+00 9.975910458E-01 8.466082437E-04 1.215000000E+00
1.025375400E+00 9.976119436E-01 8.343289714E-04 1.209000000E+00
1.030502300E+00 9.976328672E-01 8.221689775E-04 1.203000000E+00
1.035654800E+00 9.976538090E-01 8.101276801E-04 1.197000000E+00
1.040833100E+00 9.976747618E-01 7.982494613E-04 1.191000000E+00
1.046037200E+00 9.976957272E-01 7.865323834E-04 1.185000000E+00
1.051267400E+00 9.977166892E-01 7.748863971E-04 1.179000000E+00
1.056523800E+00 9.977337909E-01 7.647016806E-04 1.174000000E+00
1.061806400E+00 9.977547594E-01 7.533160045E-04 1.168000000E+00
1.067115400E+00 9.977757132E-01 7.420866398E-04 1.162000000E+00
1.072451000E+00 9.977966502E-01 7.309693352E-04 1.156000000E+00
1.077813200E+00 9.978175639E-01 7.199635295E-04 1.150000000E+00
1.083202300E+00 9.978346677E-01 7.103503913E-04 1.145000000E+00
1.088618300E+00 9.978555457E-01 6.995941677E-04 1.139000000E+00
1.094061400E+00 9.978763864E-01 6.889469590E-04 1.133000000E+00
1.099531700E+00 9.978934589E-01 6.796529964E-04 1.128000000E+00
1.105029400E+00 9.979142410E-01 6.692494622E-04 1.122000000E+00
1.110554500E+00 9.979349769E-01 6.589919710E-04 1.116000000E+00
1.116107300E+00 9.979519837E-01 6.500092561E-04 1.111000000E+00
1.121687800E+00 9.979726475E-01 6.399497112E-04 1.105000000E+00
1.127296300E+00 9.979896030E-01 6.311796774E-04 1.100000000E+00
1.132932800E+00 9.980101735E-01 6.213536714E-04 1.094000000E+00
1.138597400E+00 9.980270611E-01 6.126420230E-04 1.089000000E+00
1.144290400E+00 9.980439297E-01 6.038258874E-04 1.084000000E+00
1.150011900E+00 9.980643707E-01 5.940288466E-04 1.078000000E+00
1.155761900E+00 9.980811899E-01 5.854290119E-04 1.073000000E+00
1.161540700E+00 9.981015425E-01 5.758686574E-04 1.067000000E+00
1.167348400E+00 9.981182959E-01 5.674811077E-04 1.062000000E+00
1.173185200E+00 9.981350270E-01 5.592106872E-04 1.057000000E+00
1.179051100E+00 9.981517277E-01 5.510209123E-04 1.052000000E+00
1.184946400E+00 9.981719043E-01 5.415973459E-04 1.046000000E+00
1.190871100E+00 9.981885632E-01 5.332715947E-04 1.041000000E+00
1.196825400E+00 9.982052079E-01 5.248610542E-04 1.036000000E+00
1.202809600E+00 9.982218502E-01 5.165723688E-04 1.031000000E+00
1.208823600E+00 9.982384846E-01 5.083707306E-04 1.026000000E+00
1.214867700E+00 9.982551026E-01 5.003217716E-04 1.021000000E+00
1.220942100E+00 9.982751063E-01 4.913889244E-04 1.015000000E+00
1.227046800E+00 9.982916737E-01 4.835523318E-04 1.010000000E+00
1.233182000E+00 9.983082194E-01 4.757989899E-04 1.005000000E+00
1.239347900E+00 9.983247385E-01 4.681918542E-04 1.000000000E+00
1.245544700E+00 9.983398925E-01 4.610362789E-04 9.954000000E-01
1.251772400E+00 9.983560348E-01 4.535228714E-04 9.905000000E-01
1.258031200E+00 9.983724886E-01 4.460310088E-04 9.855000000E-01
1.264321400E+00 9.983885900E-01 4.387109368E-04 9.806000000E-01
1.270643000E+00 9.984043451E-01 4.316194660E-04 9.758000000E-01
1.276996200E+00 9.984204048E-01 4.245166620E-04 9.709000000E-01
1.283381200E+00 9.984361091E-01 4.176076106E-04 9.661000000E-01
1.289798100E+00 9.984517893E-01 4.107732714E-04 9.613000000E-01
1.296247100E+00 9.984674410E-01 4.040712433E-04 9.565000000E-01
1.302728300E+00 9.984830597E-01 3.974419597E-04 9.517000000E-01
1.309242000E+00 9.984983297E-01 3.909960195E-04 9.470000000E-01
1.315788200E+00 9.985135671E-01 3.846477148E-04 9.423000000E-01
1.322367100E+00 9.985287706E-01 3.783679655E-04 9.376000000E-01
1.328979000E+00 9.985439388E-01 3.722115768E-04 9.329000000E-01
1.335623900E+00 9.985587598E-01 3.662007876E-04 9.283000000E-01
1.342302000E+00 9.985735435E-01 3.602815924E-04 9.237000000E-01
1.349013500E+00 9.985882912E-01 3.544260615E-04 9.191000000E-01
1.355758600E+00 9.986030018E-01 3.486603629E-04 9.145000000E-01
1.362537400E+00 9.986173701E-01 3.430587499E-04 9.100000000E-01
1.369350000E+00 9.986320016E-01 3.374684517E-04 9.054000000E-01
1.376196800E+00 9.986462917E-01 3.320125810E-04 9.009000000E-01
1.383077800E+00 9.986605431E-01 3.266408997E-04 8.964000000E-01
1.389993200E+00 9.986744573E-01 3.214243909E-04 8.920000000E-01
1.396943100E+00 9.986886268E-01 3.162170448E-04 8.875000000E-01
1.403927800E+00 9.987024627E-01 3.111364234E-04 8.831000000E-01
1.410947500E+00 9.987162586E-01 3.061101715E-04 8.787000000E-01
1.418002200E+00 9.987297227E-01 3.012553613E-04 8.744000000E-01
1.425092200E+00 9.987434368E-01 2.963836927E-04 8.700000000E-01
1.432217700E+00 9.987568251E-01 2.916556868E-04 8.657000000E-01
1.439378800E+00 9.987701721E-01 2.869779441E-04 8.614000000E-01
1.446575700E+00 9.987834793E-01 2.823734839E-04 8.571000000E-01
1.453808600E+00 9.987967478E-01 2.778413397E-04 8.528000000E-01
1.461077600E+00 9.988096959E-01 2.734221674E-04 8.486000000E-01
1.468383000E+00 9.988226041E-01 2.690724338E-04 8.444000000E-01
1.475724900E+00 9.988354758E-01 2.647688405E-04 8.402000000E-01
1.483103500E+00 9.988482013E-01 2.605332966E-04 8.360000000E-01
1.490519000E+00 9.988609955E-01 2.563648911E-04 8.318000000E-01
1.497971600E+00 9.988734797E-01 2.523019694E-04 8.277000000E-01
1.505461500E+00 9.988859284E-01 2.483034816E-04 8.236000000E-01
1.512988800E+00 9.988983425E-01 2.443472717E-04 8.195000000E-01
1.520553700E+00 9.989107187E-01 2.404541918E-04 8.154000000E-01
1.528156500E+00 9.989230600E-01 2.366233837E-04 8.113000000E-01
1.535797300E+00 9.989351015E-01 2.328910345E-04 8.073000000E-01
1.543476300E+00 9.989471110E-01 2.292184176E-04 8.033000000E-01
1.551193700E+00 9.989590894E-01 2.255844648E-04 7.993000000E-01
1.558949600E+00 9.989710334E-01 2.220090216E-04 7.953000000E-01
1.566744400E+00 9.989829477E-01 2.184714323E-04 7.913000000E-01
1.574578100E+00 9.989945736E-01 2.150457626E-04 7.874000000E-01
1.582451000E+00 9.990061725E-01 2.116559532E-04 7.835000000E-01
1.590363300E+00 9.990177448E-01 2.083210817E-04 7.796000000E-01
1.598315100E+00 9.990292892E-01 2.050213099E-04 7.757000000E-01
1.606306600E+00 9.990405595E-01 2.018276250E-04 7.719000000E-01
1.614338200E+00 9.990520549E-01 1.986341243E-04 7.680000000E-01
1.622409900E+00 9.990632803E-01 1.955255823E-04 7.642000000E-01
1.630521900E+00 9.990744845E-01 1.924495383E-04 7.604000000E-01
1.638674500E+00 9.990856696E-01 1.894239679E-04 7.566000000E-01
1.646867900E+00 9.990968375E-01 1.864301913E-04 7.528000000E-01
1.655102200E+00 9.991077483E-01 1.835348223E-04 7.491000000E-01
1.663377700E+00 9.991186471E-01 1.806871071E-04 7.454000000E-01
1.671694600E+00 9.991295356E-01 1.778689281E-04 7.417000000E-01
1.680053100E+00 9.991404137E-01 1.750801316E-04 7.380000000E-01
1.688453400E+00 9.991512845E-01 1.723376560E-04 7.343000000E-01
1.696895600E+00 9.991619199E-01 1.696703493E-04 7.307000000E-01
1.705380100E+00 9.991727816E-01 1.669980866E-04 7.270000000E-01
1.713907000E+00 9.991834172E-01 1.644060681E-04 7.234000000E-01
1.722476600E+00 9.991940586E-01 1.618475180E-04 7.198000000E-01
1.731088900E+00 9.992047082E-01 1.593237254E-04 7.162000000E-01
1.739744400E+00 9.992150770E-01 1.568767173E-04 7.127000000E-01
1.748443100E+00 9.992257536E-01 1.544192449E-04 7.091000000E-01
1.757185300E+00 9.992362328E-01 1.520369372E-04 7.056000000E-01
1.765971200E+00 9.992467381E-01 1.496854586E-04 7.021000000E-01
1.774801100E+00 9.992572756E-01 1.473660424E-04 6.986000000E-01
1.783675100E+00 9.992678510E-01 1.450767988E-04 6.951000000E-01
1.792593500E+00 9.992784684E-01 1.428159020E-04 6.916000000E-01
1.801556500E+00 9.992889308E-01 1.406269567E-04 6.882000000E-01
1.810564200E+00 9.992994550E-01 1.384649118E-04 6.848000000E-01
1.819617100E+00 9.993100515E-01 1.363324629E-04 6.814000000E-01
1.828715100E+00 9.993207286E-01 1.342263612E-04 6.780000000E-01
1.837858700E+00 9.993315000E-01 1.321492469E-04 6.746000000E-01
1.847048000E+00 9.993421826E-01 1.301367021E-04 6.713000000E-01
1.856283300E+00 9.993531845E-01 1.281133662E-04 6.679000000E-01
1.865564700E+00 9.993641359E-01 1.261532557E-04 6.646000000E-01
1.874892500E+00 9.993752548E-01 1.242187594E-04 6.613000000E-01
1.884267000E+00 9.993865648E-01 1.223096087E-04 6.580000000E-01
1.893688300E+00 9.993980965E-01 1.204255364E-04 6.547000000E-01
1.903156700E+00 9.994097058E-01 1.186013379E-04 6.515000000E-01
1.912672500E+00 9.994218025E-01 1.167662604E-04 6.482000000E-01
1.922235900E+00 9.994340818E-01 1.149884896E-04 6.450000000E-01
1.931847100E+00 9.994467940E-01 1.132353650E-04 6.418000000E-01
1.941506300E+00 9.994600311E-01 1.115040138E-04 6.386000000E-01
1.951213800E+00 9.994739076E-01 1.097942279E-04 6.354000000E-01
1.960969900E+00 9.994884220E-01 1.081425378E-04 6.323000000E-01
1.970774700E+00 9.995041238E-01 1.064761359E-04 6.291000000E-01
1.980628600E+00 9.995210183E-01 1.048579492E-04 6.260000000E-01
1.990531800E+00 9.995397680E-01 1.032439248E-04 6.229000000E-01
2.000484400E+00 9.995612138E-01 1.016513931E-04 6.198000000E-01
2.010486800E+00 9.995869282E-01 1.000789167E-04 6.167000000E-01
2.020539300E+00 9.996204612E-01 9.852749509E-05 6.136000000E-01
2.030642000E+00 9.996732793E-01 9.702749636E-05 6.106000000E-01
2.039914400E+00 9.998738002E-01 9.565603598E-05 6.078000000E-01
2.040795200E+00 9.998909401E-01 2.998248214E-04 6.075000000E-01
2.040885600E+00 9.998909401E-01 2.998248214E-04 6.075000000E-01
2.050999200E+00 9.996833365E-01 2.947743053E-04 6.045000000E-01
2.061254200E+00 9.996481617E-01 2.897913978E-04 6.015000000E-01
2.071560400E+00 9.996328526E-01 2.848868012E-04 5.985000000E-01
2.081918200E+00 9.996275357E-01 2.800482852E-04 5.955000000E-01
2.092327800E+00 9.996302529E-01 2.753681339E-04 5.926000000E-01
2.102789500E+00 9.996443232E-01 2.706697464E-04 5.896000000E-01
2.113303400E+00 9.996988859E-01 2.661260174E-04 5.867000000E-01
2.115325600E+00 9.997487871E-01 2.652226420E-04 5.861000000E-01
2.116874600E+00 9.997496116E-01 3.901305201E-04 5.857000000E-01
2.123869900E+00 9.996529589E-01 3.857452410E-04 5.838000000E-01
2.134489300E+00 9.996137102E-01 3.791733871E-04 5.809000000E-01
2.145161700E+00 9.995920057E-01 3.726965087E-04 5.780000000E-01
2.155887500E+00 9.995770892E-01 3.663030746E-04 5.751000000E-01
2.166667000E+00 9.995659947E-01 3.600131179E-04 5.722000000E-01
2.177500300E+00 9.995572773E-01 3.539290459E-04 5.694000000E-01
2.188387800E+00 9.995503910E-01 3.479431584E-04 5.666000000E-01
2.199329700E+00 9.995450753E-01 3.419127064E-04 5.637000000E-01
2.210326400E+00 9.995407307E-01 3.360911106E-04 5.609000000E-01
2.221378000E+00 9.995373160E-01 3.303546012E-04 5.581000000E-01
2.232484900E+00 9.995345187E-01 3.248191784E-04 5.554000000E-01
2.243647300E+00 9.995325619E-01 3.192485539E-04 5.526000000E-01
2.254865600E+00 9.995310212E-01 3.138647399E-04 5.499000000E-01
2.266139900E+00 9.995301681E-01 3.084563798E-04 5.471000000E-01
2.277470600E+00 9.995296016E-01 3.032304102E-04 5.444000000E-01
2.288857900E+00 9.995294470E-01 2.980813865E-04 5.417000000E-01
2.300302200E+00 9.995296661E-01 2.929992215E-04 5.390000000E-01
2.311803700E+00 9.995302253E-01 2.879924360E-04 5.363000000E-01
2.323362800E+00 9.995310987E-01 2.830511361E-04 5.336000000E-01
2.334979600E+00 9.995320864E-01 2.782884737E-04 5.310000000E-01
2.346654500E+00 9.995335221E-01 2.734926966E-04 5.283000000E-01
2.358387800E+00 9.995350353E-01 2.688625735E-04 5.257000000E-01
2.370179700E+00 9.995367903E-01 2.643014254E-04 5.231000000E-01
2.382030600E+00 9.995387762E-01 2.597998629E-04 5.205000000E-01
2.393940700E+00 9.995409876E-01 2.553743509E-04 5.179000000E-01
2.405910400E+00 9.995434199E-01 2.510070073E-04 5.153000000E-01
2.417940000E+00 9.995458955E-01 2.467935441E-04 5.128000000E-01
2.430029700E+00 9.995487724E-01 2.425480186E-04 5.102000000E-01
2.442179800E+00 9.995517088E-01 2.384610119E-04 5.077000000E-01
2.454390700E+00 9.995548985E-01 2.344274561E-04 5.052000000E-01
2.466662700E+00 9.995585497E-01 2.303631947E-04 5.026000000E-01
2.478996000E+00 9.995623612E-01 2.264519640E-04 5.001000000E-01
2.491391000E+00 9.995664205E-01 2.226818733E-04 4.977000000E-01
2.503847900E+00 9.995712333E-01 2.188724055E-04 4.952000000E-01
2.516367200E+00 9.995769367E-01 2.151213499E-04 4.927000000E-01
2.528949000E+00 9.995841337E-01 2.115142686E-04 4.903000000E-01
2.541593800E+00 9.995961600E-01 2.078693245E-04 4.878000000E-01
2.548317600E+00 9.996124001E-01 2.059825808E-04 4.865000000E-01
2.553082300E+00 9.996135630E-01 2.402407011E-04 4.856000000E-01
2.554301700E+00 9.996089833E-01 2.398710708E-04 4.854000000E-01
2.567073200E+00 9.995937998E-01 2.357301117E-04 4.830000000E-01
2.579908600E+00 9.995895260E-01 2.316507121E-04 4.806000000E-01
2.592808200E+00 9.995878490E-01 2.276249225E-04 4.782000000E-01
2.605772200E+00 9.995874188E-01 2.236666168E-04 4.758000000E-01
2.618801100E+00 9.995877457E-01 2.197606777E-04 4.734000000E-01
2.631895100E+00 9.995884199E-01 2.160053580E-04 4.711000000E-01
2.645054500E+00 9.995896586E-01 2.122154405E-04 4.687000000E-01
2.658279800E+00 9.995910370E-01 2.085449468E-04 4.664000000E-01
2.671571200E+00 9.995926990E-01 2.048955330E-04 4.641000000E-01
2.684929100E+00 9.995946074E-01 2.013892557E-04 4.618000000E-01
2.698353700E+00 9.995966650E-01 1.979893921E-04 4.595000000E-01
2.711845500E+00 9.995988553E-01 1.946473346E-04 4.572000000E-01
2.725404700E+00 9.996011691E-01 1.913557147E-04 4.549000000E-01
2.739031700E+00 9.996034200E-01 1.882100559E-04 4.527000000E-01
2.752726900E+00 9.996059522E-01 1.850228079E-04 4.504000000E-01
2.766490500E+00 9.996084174E-01 1.819334284E-04 4.482000000E-01
2.780323000E+00 9.996111649E-01 1.788167733E-04 4.459000000E-01
2.794224600E+00 9.996138441E-01 1.758272324E-04 4.437000000E-01
2.808195700E+00 9.996166339E-01 1.728830772E-04 4.415000000E-01
2.822236700E+00 9.996195434E-01 1.699837577E-04 4.393000000E-01
2.836347900E+00 9.996225910E-01 1.671226715E-04 4.371000000E-01
2.850529600E+00 9.996256389E-01 1.643870210E-04 4.350000000E-01
2.864782300E+00 9.996291019E-01 1.616121738E-04 4.328000000E-01
2.879106200E+00 9.996329694E-01 1.588801305E-04 4.306000000E-01
2.893501700E+00 9.996375877E-01 1.562574646E-04 4.285000000E-01
2.904569600E+00 9.996437685E-01 1.542781819E-04 4.269000000E-01
2.907969200E+00 9.996501786E-01 1.536691761E-04 4.264000000E-01
2.912830300E+00 9.996453744E-01 1.633192085E-04 4.256000000E-01
2.922509100E+00 9.996428666E-01 1.614365296E-04 4.242000000E-01
2.937121600E+00 9.996429114E-01 1.586504331E-04 4.221000000E-01
2.951807200E+00 9.996440832E-01 1.559014970E-04 4.200000000E-01
2.966566200E+00 9.996457418E-01 1.532004486E-04 4.179000000E-01
2.981399100E+00 9.996475240E-01 1.506080680E-04 4.159000000E-01
2.996306100E+00 9.996497035E-01 1.479837075E-04 4.138000000E-01
3.011287600E+00 9.996520308E-01 1.453733283E-04 4.117000000E-01
3.026344000E+00 9.996542930E-01 1.428788999E-04 4.097000000E-01
3.041475800E+00 9.996568230E-01 1.403646697E-04 4.076000000E-01
3.056683100E+00 9.996592731E-01 1.379580403E-04 4.056000000E-01
3.071966600E+00 9.996618046E-01 1.355991393E-04 4.036000000E-01
3.087326400E+00 9.996644185E-01 1.332820910E-04 4.016000000E-01
3.102763000E+00 9.996671255E-01 1.309961673E-04 3.996000000E-01
3.118276800E+00 9.996699491E-01 1.287460824E-04 3.976000000E-01
3.133868200E+00 9.996729412E-01 1.265313901E-04 3.956000000E-01
3.149537600E+00 9.996760782E-01 1.244099286E-04 3.937000000E-01
3.165285300E+00 9.996803419E-01 1.222591081E-04 3.917000000E-01
3.167162300E+00 9.996810040E-01 1.220322606E-04 3.915000000E-01
3.180237900E+00 9.996829733E-01 1.256678281E-04 3.899000000E-01
3.181111700E+00 9.996828782E-01 1.255552103E-04 3.898000000E-01
3.197017200E+00 9.996834149E-01 1.233977204E-04 3.878000000E-01
3.213002300E+00 9.996848922E-01 1.213323841E-04 3.859000000E-01
3.229067300E+00 9.996867035E-01 1.192991989E-04 3.840000000E-01
3.245212700E+00 9.996886854E-01 1.172931348E-04 3.821000000E-01
3.261438700E+00 9.996907748E-01 1.153139305E-04 3.802000000E-01
3.277745900E+00 9.996929391E-01 1.133613261E-04 3.783000000E-01
3.294134700E+00 9.996951602E-01 1.114395540E-04 3.764000000E-01
3.310605300E+00 9.996974258E-01 1.095393299E-04 3.745000000E-01
3.327158400E+00 9.996997282E-01 1.076605334E-04 3.726000000E-01
3.343794100E+00 9.997019036E-01 1.058601351E-04 3.708000000E-01
3.360513100E+00 9.997042674E-01 1.040274457E-04 3.689000000E-01
3.377315700E+00 9.997064953E-01 1.022757219E-04 3.671000000E-01
3.394202300E+00 9.997087447E-01 1.005518706E-04 3.653000000E-01
3.411173300E+00 9.997110128E-01 9.884715895E-05 3.635000000E-01
3.428229100E+00 9.997132975E-01 9.716977556E-05 3.617000000E-01
3.445370300E+00 9.997155975E-01 9.551115628E-05 3.599000000E-01
3.462597100E+00 9.997179104E-01 9.387526188E-05 3.581000000E-01
3.479910100E+00 9.997202353E-01 9.226589011E-05 3.563000000E-01
3.497309700E+00 9.997225709E-01 9.067472688E-05 3.545000000E-01
3.514796200E+00 9.997249157E-01 8.910561315E-05 3.527000000E-01
3.532370200E+00 9.997271136E-01 8.761214364E-05 3.510000000E-01
3.550032100E+00 9.997294743E-01 8.608580521E-05 3.492000000E-01
3.567782200E+00 9.997316873E-01 8.462955857E-05 3.475000000E-01
3.585621100E+00 9.997339069E-01 8.319707818E-05 3.458000000E-01
3.603549200E+00 9.997361329E-01 8.178054533E-05 3.441000000E-01
3.621567000E+00 9.997385163E-01 8.034035634E-05 3.423000000E-01
3.639674800E+00 9.997407508E-01 7.896331446E-05 3.406000000E-01
3.657873200E+00 9.997428376E-01 7.765489551E-05 3.390000000E-01
3.676162600E+00 9.997450800E-01 7.631540751E-05 3.373000000E-01
3.694543400E+00 9.997473250E-01 7.499827903E-05 3.356000000E-01
3.713016100E+00 9.997495720E-01 7.369967375E-05 3.339000000E-01
3.731581200E+00 9.997516716E-01 7.246300581E-05 3.323000000E-01
3.750239100E+00 9.997539221E-01 7.120033152E-05 3.306000000E-01
3.768990300E+00 9.997560251E-01 6.999815769E-05 3.290000000E-01
3.787835200E+00 9.997582771E-01 6.877746655E-05 3.273000000E-01
3.806774400E+00 9.997603804E-01 6.761573165E-05 3.257000000E-01
3.825808300E+00 9.997624822E-01 6.647356662E-05 3.241000000E-01
3.844937300E+00 9.997645825E-01 6.534740673E-05 3.225000000E-01
3.864162000E+00 9.997666812E-01 6.423708397E-05 3.209000000E-01
3.883482800E+00 9.997687774E-01 6.314243130E-05 3.193000000E-01
3.902900200E+00 9.997708711E-01 6.206648214E-05 3.177000000E-01
3.922414700E+00 9.997729622E-01 6.100264031E-05 3.161000000E-01
3.942026800E+00 9.997750500E-01 5.995710882E-05 3.145000000E-01
3.961736900E+00 9.997769919E-01 5.896109082E-05 3.130000000E-01
3.981545600E+00 9.997790730E-01 5.794486668E-05 3.114000000E-01
4.001453300E+00 9.997811498E-01 5.694327290E-05 3.098000000E-01
4.021460600E+00 9.997830816E-01 5.599246721E-05 3.083000000E-01
4.041567900E+00 9.997850100E-01 5.505807846E-05 3.068000000E-01
4.061775700E+00 9.997870739E-01 5.409850896E-05 3.052000000E-01
4.082084600E+00 9.997884103E-01 5.318796683E-05 3.037000000E-01
4.102495000E+00 9.997903297E-01 5.226726447E-05 3.022000000E-01
4.123007500E+00 9.997922474E-01 5.135987803E-05 3.007000000E-01
4.143622600E+00 9.997941629E-01 5.046566334E-05 2.992000000E-01
4.164340700E+00 9.997960760E-01 4.958166771E-05 2.977000000E-01
4.185162400E+00 9.997979865E-01 4.871339555E-05 2.962000000E-01
4.206088200E+00 9.997997578E-01 4.789310692E-05 2.948000000E-01
4.227118600E+00 9.998016616E-01 4.704974541E-05 2.933000000E-01
4.248254200E+00 9.998031926E-01 4.620805554E-05 2.918000000E-01
4.269495500E+00 9.998049578E-01 4.541018476E-05 2.904000000E-01
4.290843000E+00 9.998067216E-01 4.462392844E-05 2.890000000E-01
4.312297200E+00 9.998086158E-01 4.381605226E-05 2.875000000E-01
4.333858700E+00 9.998103735E-01 4.305565093E-05 2.861000000E-01
4.355528000E+00 9.998121282E-01 4.230386304E-05 2.847000000E-01
4.377305600E+00 9.998140106E-01 4.153384761E-05 2.832000000E-01
4.399192100E+00 9.998157576E-01 4.080704448E-05 2.818000000E-01
4.421188100E+00 9.998175005E-01 4.009105095E-05 2.804000000E-01
4.443294000E+00 9.998192389E-01 3.938574557E-05 2.790000000E-01
4.465510500E+00 9.998209729E-01 3.869100765E-05 2.776000000E-01
4.487838100E+00 9.998225737E-01 3.803424337E-05 2.763000000E-01
4.510277200E+00 9.998242986E-01 3.735993090E-05 2.749000000E-01
4.532828600E+00 9.998260185E-01 3.669820328E-05 2.735000000E-01
4.555492800E+00 9.998276062E-01 3.607067447E-05 2.722000000E-01
4.578270200E+00 9.998293157E-01 3.542861225E-05 2.708000000E-01
4.601161600E+00 9.998308942E-01 3.482220600E-05 2.695000000E-01
4.624167400E+00 9.998325930E-01 3.419705789E-05 2.681000000E-01
4.647288200E+00 9.998341613E-01 3.360899423E-05 2.668000000E-01
4.670524700E+00 9.998357248E-01 3.302977436E-05 2.655000000E-01
4.693877300E+00 9.998374065E-01 3.243472905E-05 2.641000000E-01
4.717346700E+00 9.998389592E-01 3.187319692E-05 2.628000000E-01
4.740933400E+00 9.998405065E-01 3.132020064E-05 2.615000000E-01
4.764638100E+00 9.998420484E-01 3.077564005E-05 2.602000000E-01
4.788461300E+00 9.998435850E-01 3.023729086E-05 2.589000000E-01
4.812403600E+00 9.998451158E-01 2.970932498E-05 2.576000000E-01
4.836465600E+00 9.998465211E-01 2.921228005E-05 2.564000000E-01
4.860647900E+00 9.998480409E-01 2.870020907E-05 2.551000000E-01
4.884951200E+00 9.998495549E-01 2.819608578E-05 2.538000000E-01
4.909375900E+00 9.998510627E-01 2.769779285E-05 2.525000000E-01
4.933922800E+00 9.998524471E-01 2.723096508E-05 2.513000000E-01
4.958592400E+00 9.998539432E-01 2.674787671E-05 2.500000000E-01
4.983385400E+00 9.998553167E-01 2.629549298E-05 2.488000000E-01
5.008302300E+00 9.998566851E-01 2.584811827E-05 2.476000000E-01
5.033343800E+00 9.998581634E-01 2.538703081E-05 2.463000000E-01
5.058510500E+00 9.998595204E-01 2.495363768E-05 2.451000000E-01
5.083803100E+00 9.998608718E-01 2.452698124E-05 2.439000000E-01
5.109222100E+00 9.998620288E-01 2.410511196E-05 2.427000000E-01
5.134768200E+00 9.998633700E-01 2.368245703E-05 2.415000000E-01
5.160442100E+00 9.998647063E-01 2.326830693E-05 2.403000000E-01
5.186244300E+00 9.998660379E-01 2.285890048E-05 2.391000000E-01
5.212175500E+00 9.998673643E-01 2.245600490E-05 2.379000000E-01
5.238236400E+00 9.998686856E-01 2.206131516E-05 2.367000000E-01
5.264427600E+00 9.998700016E-01 2.166942285E-05 2.355000000E-01
5.290749700E+00 9.998713124E-01 2.128557604E-05 2.343000000E-01
5.317203400E+00 9.998725082E-01 2.092586223E-05 2.332000000E-01
5.343789500E+00 9.998738086E-01 2.055238310E-05 2.320000000E-01
5.370508400E+00 9.998749950E-01 2.020416024E-05 2.309000000E-01
5.397360900E+00 9.998762846E-01 1.984250445E-05 2.297000000E-01
5.424347700E+00 9.998774613E-01 1.950382725E-05 2.286000000E-01
5.451469500E+00 9.998787400E-01 1.915207470E-05 2.274000000E-01
5.478726800E+00 9.998799066E-01 1.882437963E-05 2.263000000E-01
5.506120500E+00 9.998810685E-01 1.850035166E-05 2.252000000E-01
5.533651100E+00 9.998822255E-01 1.818156248E-05 2.241000000E-01
5.561319300E+00 9.998834820E-01 1.785034866E-05 2.229000000E-01
5.589125900E+00 9.998846285E-01 1.754049113E-05 2.218000000E-01
5.617071600E+00 9.998857702E-01 1.723415690E-05 2.207000000E-01
5.645156900E+00 9.998869068E-01 1.693438349E-05 2.196000000E-01
5.673382700E+00 9.998880385E-01 1.663803269E-05 2.185000000E-01
5.701749600E+00 9.998891649E-01 1.634508518E-05 2.174000000E-01
5.730258400E+00 9.998901849E-01 1.607333950E-05 2.164000000E-01
5.758909600E+00 9.998913015E-01 1.578985908E-05 2.153000000E-01
5.787704200E+00 9.998924130E-01 1.551111975E-05 2.142000000E-01
5.816642700E+00 9.998934193E-01 1.525136171E-05 2.132000000E-01
5.845725900E+00 9.998944568E-01 1.497745628E-05 2.121000000E-01
5.874954600E+00 9.998955533E-01 1.470819359E-05 2.110000000E-01
5.904329300E+00 9.998965465E-01 1.445587838E-05 2.100000000E-01
5.933851000E+00 9.998976335E-01 1.419416749E-05 2.089000000E-01
5.963520200E+00 9.998986178E-01 1.395036046E-05 2.079000000E-01
5.993337800E+00 9.998995981E-01 1.370928145E-05 2.069000000E-01
6.023304500E+00 9.999006707E-01 1.345917625E-05 2.058000000E-01
6.053421000E+00 9.999016421E-01 1.322605450E-05 2.048000000E-01
6.083688200E+00 9.999026092E-01 1.299635808E-05 2.038000000E-01
6.114106600E+00 9.999035720E-01 1.277017948E-05 2.028000000E-01
6.144677100E+00 9.999045304E-01 1.254747719E-05 2.018000000E-01
6.175400500E+00 9.999054845E-01 1.232820998E-05 2.008000000E-01
6.206277500E+00 9.999064342E-01 1.211233688E-05 1.998000000E-01
6.237308900E+00 9.999073794E-01 1.189956663E-05 1.988000000E-01
6.268495400E+00 9.999083203E-01 1.169023840E-05 1.978000000E-01
6.299837900E+00 9.999092566E-01 1.148406269E-05 1.968000000E-01
6.331337100E+00 9.999101885E-01 1.128100331E-05 1.958000000E-01
6.362993800E+00 9.999110038E-01 1.109204280E-05 1.949000000E-01
6.394808800E+00 9.999119271E-01 1.089437166E-05 1.939000000E-01
6.426782800E+00 9.999128461E-01 1.069972352E-05 1.929000000E-01
6.458916700E+00 9.999136705E-01 1.051901744E-05 1.920000000E-01
6.491211300E+00 9.999145808E-01 1.033016900E-05 1.910000000E-01
6.523667400E+00 9.999153977E-01 1.015503519E-05 1.901000000E-01
6.556285700E+00 9.999162995E-01 9.971851858E-06 1.891000000E-01
6.589067100E+00 9.999171086E-01 9.801933774E-06 1.882000000E-01
6.622012500E+00 9.999180016E-01 9.624285060E-06 1.872000000E-01
6.655122500E+00 9.999188029E-01 9.459573581E-06 1.863000000E-01
6.688398100E+00 9.999196004E-01 9.297356280E-06 1.854000000E-01
6.721840100E+00 9.999204806E-01 9.127593660E-06 1.844000000E-01
6.755449300E+00 9.999212703E-01 8.970294608E-06 1.835000000E-01
6.789226600E+00 9.999220562E-01 8.815297858E-06 1.826000000E-01
6.823172700E+00 9.999228383E-01 8.662682599E-06 1.817000000E-01
6.857288600E+00 9.999236168E-01 8.512420417E-06 1.808000000E-01
6.891575000E+00 9.999243915E-01 8.364380494E-06 1.799000000E-01
6.926032900E+00 9.999251623E-01 8.218537859E-06 1.790000000E-01
6.960663100E+00 9.999259294E-01 8.074968241E-06 1.781000000E-01
6.995466400E+00 9.999266926E-01 7.933544402E-06 1.772000000E-01
7.030443700E+00 9.999273697E-01 7.803086376E-06 1.764000000E-01
7.065595900E+00 9.999281257E-01 7.665769669E-06 1.755000000E-01
7.100923900E+00 9.999288780E-01 7.530526951E-06 1.746000000E-01
7.136428500E+00 9.999296264E-01 7.397429821E-06 1.737000000E-01
7.172110700E+00 9.999302904E-01 7.274674584E-06 1.729000000E-01
7.207971200E+00 9.999310316E-01 7.145496733E-06 1.720000000E-01
7.244011100E+00 9.999316890E-01 7.026410104E-06 1.712000000E-01
7.280231100E+00 9.999324229E-01 6.901061989E-06 1.703000000E-01
7.316632300E+00 9.999330740E-01 6.785559594E-06 1.695000000E-01
7.353215500E+00 9.999338006E-01 6.663862694E-06 1.686000000E-01
7.389981500E+00 9.999344451E-01 6.551772826E-06 1.678000000E-01
7.426931400E+00 9.999351644E-01 6.433733685E-06 1.669000000E-01
7.464066100E+00 9.999358026E-01 6.325065984E-06 1.661000000E-01
7.501386400E+00 9.999364376E-01 6.217946328E-06 1.653000000E-01
7.538893400E+00 9.999370696E-01 6.112443899E-06 1.645000000E-01
7.576587800E+00 9.999377746E-01 6.001201026E-06 1.636000000E-01
7.614470800E+00 9.999384002E-01 5.898881729E-06 1.628000000E-01
7.652543100E+00 9.999390226E-01 5.798123640E-06 1.620000000E-01
7.690805800E+00 9.999396420E-01 5.698825754E-06 1.612000000E-01
7.729259900E+00 9.999402583E-01 5.600972001E-06 1.604000000E-01
7.767906200E+00 9.999408716E-01 5.504627157E-06 1.596000000E-01
7.806745700E+00 9.999414817E-01 5.409692989E-06 1.588000000E-01
7.845779400E+00 9.999420888E-01 5.316153734E-06 1.580000000E-01
7.885008300E+00 9.999426928E-01 5.223993726E-06 1.572000000E-01
7.924433400E+00 9.999432212E-01 5.139841325E-06 1.565000000E-01
7.964055500E+00 9.999438195E-01 5.050388020E-06 1.557000000E-01
8.003875800E+00 9.999444147E-01 4.962190803E-06 1.549000000E-01
8.043895200E+00 9.999450068E-01 4.875387303E-06 1.541000000E-01
8.084114700E+00 9.999455249E-01 4.796136575E-06 1.534000000E-01
8.124535200E+00 9.999461112E-01 4.711769902E-06 1.526000000E-01
8.165157900E+00 9.999466945E-01 4.628750318E-06 1.518000000E-01
8.205983700E+00 9.999472049E-01 4.552940470E-06 1.511000000E-01
8.247013600E+00 9.999477823E-01 4.472346932E-06 1.503000000E-01
8.288248700E+00 9.999482877E-01 4.398790282E-06 1.496000000E-01
8.329689900E+00 9.999488594E-01 4.320497138E-06 1.488000000E-01
8.371338400E+00 9.999493597E-01 4.249142454E-06 1.481000000E-01
8.413195100E+00 9.999498577E-01 4.178766555E-06 1.474000000E-01
8.455261000E+00 9.999504209E-01 4.103827075E-06 1.466000000E-01
8.497537300E+00 9.999509139E-01 4.035579990E-06 1.459000000E-01
8.540025000E+00 9.999514045E-01 3.968278611E-06 1.452000000E-01
9.030794000E+00 9.999567373E-01 3.261265338E-06 1.373000000E-01
9.653919000E+00 9.999625216E-01 2.543517627E-06 1.284000000E-01
1.032004000E+01 9.999677383E-01 1.987097124E-06 1.201000000E-01
1.099090000E+01 9.999726634E-01 1.578032371E-06 1.128000000E-01
1.103212000E+01 9.999730184E-01 1.557128940E-06 1.124000000E-01
1.115912000E+01 9.999745586E-01 1.491777699E-06 1.111000000E-01
1.120399000E+01 9.999759924E-01 1.470838846E-06 1.107000000E-01
1.127128000E+01 9.999750685E-01 3.850134663E-06 1.100000000E-01
1.143950000E+01 9.999747406E-01 3.644149386E-06 1.084000000E-01
1.179334000E+01 9.999756427E-01 3.249807232E-06 1.051000000E-01
1.256762000E+01 9.999784456E-01 2.562358673E-06 9.865000000E-02
1.260708000E+01 9.999786176E-01 2.532362500E-06 9.834000000E-02
1.275998000E+01 9.999794428E-01 2.420444933E-06 9.717000000E-02
1.281128000E+01 9.999800777E-01 2.384131133E-06 9.678000000E-02
1.288822000E+01 9.999798284E-01 3.262107655E-06 9.620000000E-02
1.308058000E+01 9.999800004E-01 3.087352156E-06 9.478000000E-02
1.315013000E+01 9.999801494E-01 3.027251517E-06 9.428000000E-02
1.335141000E+01 9.999807394E-01 2.861306824E-06 9.286000000E-02
1.340508000E+01 9.999810770E-01 2.819026690E-06 9.249000000E-02
1.347697000E+01 9.999810243E-01 3.202953158E-06 9.200000000E-02
1.348559000E+01 9.999810238E-01 3.195561366E-06 9.194000000E-02
1.368687000E+01 9.999812678E-01 3.032169089E-06 9.059000000E-02
1.440688000E+01 9.999826684E-01 2.526614762E-06 8.606000000E-02
1.540095000E+01 9.999845745E-01 1.987650193E-06 8.050000000E-02
1.646362000E+01 9.999863576E-01 1.563429033E-06 7.531000000E-02
1.759961000E+01 9.999879785E-01 1.228320735E-06 7.045000000E-02
1.881398000E+01 9.999894328E-01 9.643500920E-07 6.590000000E-02
2.011215000E+01 9.999907237E-01 7.575808003E-07 6.165000000E-02
2.149988000E+01 9.999918668E-01 5.953766668E-07 5.767000000E-02
2.298338000E+01 9.999928679E-01 4.678827080E-07 5.395000000E-02
2.456923000E+01 9.999937569E-01 3.673443069E-07 5.046000000E-02
2.626450000E+01 9.999945314E-01 2.887036234E-07 4.721000000E-02
2.807676000E+01 9.999952132E-01 2.248065517E-07 4.416000000E-02
3.001405000E+01 9.999958135E-01 1.746605778E-07 4.131000000E-02
3.208502000E+01 9.999963404E-01 1.357838573E-07 3.864000000E-02
3.429889000E+01 9.999968003E-01 1.056911230E-07 3.615000000E-02
3.666551000E+01 9.999972044E-01 8.228709108E-08 3.381000000E-02
3.919543000E+01 9.999975564E-01 6.414970844E-08 3.163000000E-02
4.189992000E+01 9.999978643E-01 5.005245153E-08 2.959000000E-02
4.479101000E+01 9.999981337E-01 3.907793208E-08 2.768000000E-02
4.788159000E+01 9.999983697E-01 3.052200712E-08 2.589000000E-02
5.118542000E+01 9.999985754E-01 2.382180509E-08 2.422000000E-02
5.471721000E+01 9.999987552E-01 1.860413145E-08 2.266000000E-02
5.849270000E+01 9.999989126E-01 1.451171537E-08 2.120000000E-02
6.252870000E+01 9.999990510E-01 1.127350454E-08 1.983000000E-02
6.684318000E+01 9.999991726E-01 8.763314924E-09 1.855000000E-02
7.145536000E+01 9.999992808E-01 6.809980098E-09 1.735000000E-02
7.458878000E+01 9.999993473E-01 5.792176813E-09 1.662000000E-02
7.573045000E+01 9.999993759E-01 5.470664372E-09 1.637000000E-02
7.603489000E+01 9.999993914E-01 5.392436476E-09 1.631000000E-02
7.638578000E+01 9.999993887E-01 2.658185300E-08 1.623000000E-02
7.649156000E+01 9.999993880E-01 2.646140698E-08 1.621000000E-02
7.763322000E+01 9.999993964E-01 2.512258519E-08 1.597000000E-02
8.165640000E+01 9.999994463E-01 2.099295936E-08 1.518000000E-02
8.729069000E+01 9.999995116E-01 1.646899316E-08 1.420000000E-02
9.331374000E+01 9.999995704E-01 1.293429910E-08 1.329000000E-02
9.975239000E+01 9.999996232E-01 1.014739125E-08 1.243000000E-02
1.066353000E+02 9.999996695E-01 7.942140394E-09 1.163000000E-02
1.139931000E+02 9.999997104E-01 6.215361175E-09 1.088000000E-02
1.218587000E+02 9.999997468E-01 4.856554724E-09 1.017000000E-02
1.302669000E+02 9.999997781E-01 3.804964746E-09 9.518000000E-03
1.392553000E+02 9.999998058E-01 2.978135059E-09 8.903000000E-03
1.488640000E+02 9.999998300E-01 2.331840287E-09 8.329000000E-03
1.591356000E+02 9.999998512E-01 1.822285553E-09 7.791000000E-03
1.701159000E+02 9.999998698E-01 1.423031245E-09 7.288000000E-03
1.818539000E+02 9.999998861E-01 1.111538447E-09 6.818000000E-03
1.944018000E+02 9.999999003E-01 8.682282301E-10 6.378000000E-03
2.078156000E+02 9.999999128E-01 6.781417109E-10 5.966000000E-03
2.221548000E+02 9.999999237E-01 5.298074628E-10 5.581000000E-03
2.374835000E+02 9.999999332E-01 4.139776695E-10 5.221000000E-03
2.538699000E+02 9.999999416E-01 3.234635115E-10 4.884000000E-03
2.713869000E+02 9.999999489E-01 2.527969177E-10 4.569000000E-03
2.901126000E+02 9.999999553E-01 1.975528181E-10 4.274000000E-03
3.101304000E+02 9.999999609E-01 1.543887478E-10 3.998000000E-03
3.315294000E+02 9.999999658E-01 1.207574524E-10 3.740000000E-03
3.544049000E+02 9.999999701E-01 9.517871321E-11 3.498000000E-03
3.788588000E+02 9.999999738E-01 7.508676510E-11 3.273000000E-03
4.050001000E+02 9.999999771E-01 5.918206890E-11 3.061000000E-03
4.329451000E+02 0.000000000E+00 0.000000000E+00 2.864000000E-03
