# 11/08/2021 
# Data retrieved from www.chemicool.com/densities.html 
# Includes the real (n) and complex (k) part of the  refractive index. 
# Element, Lu  (Z = 71) 
# Nominal density, g cm-3 =  9.8 
#    E [keV]      n       k    Wavelength [nm] 
6.762000000E-03 -3.518065756E+01 6.500284087E-02 1.834000000E+02
6.865500000E-03 -4.323996391E+00 0.000000000E+00 1.806000000E+02
6.893100000E-03 -4.177934290E+00 0.000000000E+00 1.799000000E+02
6.934500000E-03 -4.221252467E+00 2.024740006E-01 1.788000000E+02
7.038000000E-03 -4.158992153E+00 1.917814061E-01 1.762000000E+02
1.069000000E-02 -1.248769241E+00 5.663601657E-02 1.160000000E+02
1.142761000E-02 -9.537035429E-01 5.020272811E-02 1.085000000E+02
1.221612000E-02 -6.953598336E-01 4.525863614E-02 1.015000000E+02
1.305903000E-02 -4.683256992E-01 4.141239164E-02 9.494000000E+01
1.396010000E-02 -2.692295122E-01 3.842194551E-02 8.881000000E+01
1.492335000E-02 -9.443300161E-02 3.609650228E-02 8.308000000E+01
1.595306000E-02 5.937115018E-02 3.429298915E-02 7.772000000E+01
1.705382000E-02 1.951964476E-01 3.289957735E-02 7.270000000E+01
1.823053000E-02 3.153935698E-01 3.185011672E-02 6.801000000E+01
1.948844000E-02 4.227046031E-01 3.107270248E-02 6.362000000E+01
2.083314000E-02 5.259107448E-01 3.051779450E-02 5.951000000E+01
2.227063000E-02 6.149613373E-01 3.015325740E-02 5.567000000E+01
2.380730000E-02 7.018784473E-01 2.994419382E-02 5.208000000E+01
2.545001000E-02 7.981981300E-01 2.985687540E-02 4.872000000E+01
2.720606000E-02 9.630279037E-01 2.985952841E-02 4.557000000E+01
2.744000000E-02 1.008593480E+00 2.986476180E-02 4.518000000E+01
2.786000000E-02 1.192112693E+00 2.988202647E-02 4.450000000E+01
2.797200000E-02 1.413269951E+00 2.988413705E-02 4.432000000E+01
2.814000000E-02 1.173517842E+00 4.654399068E-01 4.406000000E+01
2.856000000E-02 9.672334221E-01 4.388090814E-01 4.341000000E+01
2.908327000E-02 8.722306847E-01 4.084459128E-01 4.263000000E+01
3.109002000E-02 7.531755971E-01 3.149844120E-01 3.988000000E+01
3.323523000E-02 7.284595668E-01 2.410332771E-01 3.731000000E+01
3.552846000E-02 7.362731842E-01 1.829209784E-01 3.490000000E+01
3.797993000E-02 7.579707724E-01 1.392392499E-01 3.264000000E+01
4.060054000E-02 7.844128772E-01 1.075268923E-01 3.054000000E+01
4.340198000E-02 8.114240439E-01 8.483750968E-02 2.857000000E+01
4.639671000E-02 8.368232050E-01 6.877031062E-02 2.672000000E+01
4.959809000E-02 8.594693844E-01 5.750131499E-02 2.500000000E+01
5.302035000E-02 8.793950216E-01 4.948104340E-02 2.338000000E+01
5.566400000E-02 8.921752844E-01 4.513053602E-02 2.227000000E+01
5.651600000E-02 8.959231323E-01 4.399154614E-02 2.194000000E+01
5.667876000E-02 8.967526086E-01 4.375252469E-02 2.187000000E+01
5.674320000E-02 8.970496952E-01 4.368987190E-02 2.185000000E+01
5.708400000E-02 8.982789391E-01 4.357618517E-02 2.172000000E+01
5.793600000E-02 9.015104967E-01 4.256211927E-02 2.140000000E+01
6.058959000E-02 9.108745837E-01 3.986959702E-02 2.046000000E+01
6.477028000E-02 9.230610575E-01 3.669828839E-02 1.914000000E+01
6.923942000E-02 9.333244704E-01 3.422940839E-02 1.791000000E+01
7.401695000E-02 9.420339646E-01 3.217236988E-02 1.675000000E+01
7.912411000E-02 9.493211205E-01 3.042768367E-02 1.567000000E+01
8.458368000E-02 9.553840885E-01 2.886980768E-02 1.466000000E+01
9.041995000E-02 9.605500701E-01 2.740757710E-02 1.371000000E+01
9.665893000E-02 9.648295733E-01 2.605447365E-02 1.283000000E+01
1.000000000E-01 9.623028906E-01 2.536773134E-02 1.240000000E+01
1.005000000E-01 9.626032400E-01 2.527717089E-02 1.234000000E+01
1.010025000E-01 9.629016889E-01 2.518252263E-02 1.228000000E+01
1.015075100E-01 9.632580247E-01 2.504734876E-02 1.221000000E+01
1.020150500E-01 9.635519123E-01 2.495141161E-02 1.215000000E+01
1.025251300E-01 9.638437845E-01 2.485594707E-02 1.209000000E+01
1.030377500E-01 9.641336776E-01 2.475872207E-02 1.203000000E+01
1.035529400E-01 9.644216274E-01 2.465975882E-02 1.197000000E+01
1.040707000E-01 9.647074547E-01 2.456122539E-02 1.191000000E+01
1.045910600E-01 9.649912008E-01 2.445883074E-02 1.185000000E+01
1.051140100E-01 9.652141828E-01 2.440030918E-02 1.180000000E+01
1.056395800E-01 9.654944791E-01 2.429666726E-02 1.174000000E+01
1.061677800E-01 9.657725987E-01 2.419341730E-02 1.168000000E+01
1.066986200E-01 9.660489959E-01 2.408847578E-02 1.162000000E+01
1.072321100E-01 9.663232990E-01 2.398186559E-02 1.156000000E+01
1.077682700E-01 9.665959526E-01 2.387561022E-02 1.150000000E+01
1.083071200E-01 9.668086416E-01 2.380926033E-02 1.145000000E+01
1.088486500E-01 9.670776741E-01 2.369972564E-02 1.139000000E+01
1.093928900E-01 9.673447734E-01 2.359051212E-02 1.133000000E+01
1.099398600E-01 9.675526689E-01 2.351942121E-02 1.128000000E+01
1.104895600E-01 9.678161886E-01 2.340890135E-02 1.122000000E+01
1.110420100E-01 9.680208542E-01 2.333662828E-02 1.117000000E+01
1.115972200E-01 9.682811400E-01 2.322290353E-02 1.111000000E+01
1.121552000E-01 9.685396920E-01 2.310758885E-02 1.105000000E+01
1.127159800E-01 9.687395558E-01 2.303256645E-02 1.100000000E+01
1.132795600E-01 9.689947345E-01 2.291415656E-02 1.094000000E+01
1.138459600E-01 9.691917444E-01 2.283794008E-02 1.089000000E+01
1.144151900E-01 9.693870750E-01 2.276024831E-02 1.084000000E+01
1.149872600E-01 9.696374789E-01 2.264083454E-02 1.078000000E+01
1.155622000E-01 9.698298294E-01 2.256018078E-02 1.073000000E+01
1.161400100E-01 9.700207967E-01 2.247982993E-02 1.068000000E+01
1.167207100E-01 9.702662685E-01 2.235762584E-02 1.062000000E+01
1.173043100E-01 9.704543205E-01 2.227435816E-02 1.057000000E+01
1.178908300E-01 9.706407681E-01 2.219136300E-02 1.052000000E+01
1.184802900E-01 9.708815246E-01 2.206474250E-02 1.046000000E+01
1.190726900E-01 9.710651393E-01 2.197889399E-02 1.041000000E+01
1.196680500E-01 9.712474409E-01 2.189328954E-02 1.036000000E+01
1.202663900E-01 9.714281462E-01 2.180629146E-02 1.031000000E+01
1.208677200E-01 9.716074620E-01 2.171791723E-02 1.026000000E+01
1.214720600E-01 9.717854304E-01 2.162818432E-02 1.021000000E+01
1.220794200E-01 9.719619368E-01 2.153867177E-02 1.016000000E+01
1.226898200E-01 9.721370270E-01 2.144780482E-02 1.011000000E+01
1.233032700E-01 9.723107461E-01 2.135560118E-02 1.006000000E+01
1.239197900E-01 9.724831385E-01 2.126207853E-02 1.001000000E+01
1.245393900E-01 9.726813970E-01 2.114750684E-02 9.955000000E+00
1.251620800E-01 9.728453099E-01 2.105710939E-02 9.906000000E+00
1.257878900E-01 9.730077540E-01 2.096542204E-02 9.857000000E+00
1.264168300E-01 9.731689253E-01 2.087391722E-02 9.808000000E+00
1.270489200E-01 9.733285807E-01 2.077968718E-02 9.759000000E+00
1.276841600E-01 9.734867736E-01 2.068564526E-02 9.710000000E+00
1.283225800E-01 9.736381001E-01 2.059461644E-02 9.662000000E+00
1.289641900E-01 9.737879373E-01 2.050375734E-02 9.614000000E+00
1.296090200E-01 9.739363400E-01 2.040750567E-02 9.566000000E+00
1.302570600E-01 9.740824027E-01 2.024433269E-02 9.518000000E+00
1.309083500E-01 9.742245638E-01 2.008695831E-02 9.471000000E+00
1.315628900E-01 9.743683735E-01 1.992839476E-02 9.424000000E+00
1.322207000E-01 9.745136621E-01 1.977001850E-02 9.377000000E+00
1.328818100E-01 9.746603970E-01 1.961051870E-02 9.330000000E+00
1.335462100E-01 9.748029877E-01 1.945543564E-02 9.284000000E+00
1.342139500E-01 9.749469715E-01 1.930055841E-02 9.238000000E+00
1.348850200E-01 9.750923173E-01 1.914461440E-02 9.192000000E+00
1.355594400E-01 9.752388676E-01 1.898891289E-02 9.146000000E+00
1.362372400E-01 9.753811856E-01 1.883634569E-02 9.101000000E+00
1.369184200E-01 9.755301936E-01 1.867990431E-02 9.055000000E+00
1.376030200E-01 9.756749240E-01 1.852663098E-02 9.010000000E+00
1.382910300E-01 9.758208826E-01 1.837364405E-02 8.965000000E+00
1.389824900E-01 9.759624107E-01 1.822503393E-02 8.921000000E+00
1.396774000E-01 9.761105081E-01 1.807142868E-02 8.876000000E+00
1.403757900E-01 9.762542565E-01 1.792220643E-02 8.832000000E+00
1.410776600E-01 9.763990203E-01 1.777328593E-02 8.788000000E+00
1.417830500E-01 9.765394101E-01 1.762754618E-02 8.745000000E+00
1.424919700E-01 9.766862530E-01 1.747694972E-02 8.701000000E+00
1.432044300E-01 9.768285711E-01 1.733071746E-02 8.658000000E+00
1.439204500E-01 9.769719343E-01 1.718482202E-02 8.615000000E+00
1.446400500E-01 9.771163163E-01 1.703926726E-02 8.572000000E+00
1.453632500E-01 9.772614708E-01 1.689185616E-02 8.529000000E+00
1.460900700E-01 9.774022711E-01 1.674987406E-02 8.487000000E+00
1.468205200E-01 9.775440312E-01 1.660715898E-02 8.445000000E+00
1.475546200E-01 9.776866191E-01 1.646374654E-02 8.403000000E+00
1.482923900E-01 9.778301189E-01 1.632072958E-02 8.361000000E+00
1.490338600E-01 9.779744013E-01 1.617811131E-02 8.319000000E+00
1.497790300E-01 9.781143647E-01 1.603873334E-02 8.278000000E+00
1.505279200E-01 9.782550799E-01 1.589975205E-02 8.237000000E+00
1.512805600E-01 9.783967298E-01 1.576015416E-02 8.196000000E+00
1.520369600E-01 9.785391873E-01 1.562097904E-02 8.155000000E+00
1.527971500E-01 9.786824292E-01 1.548222943E-02 8.114000000E+00
1.535611300E-01 9.788213836E-01 1.534672345E-02 8.074000000E+00
1.543289400E-01 9.789610902E-01 1.521066215E-02 8.034000000E+00
1.551005800E-01 9.791016235E-01 1.507504384E-02 7.994000000E+00
1.558760900E-01 9.792429589E-01 1.493987082E-02 7.954000000E+00
1.566554700E-01 9.793851662E-01 1.480419796E-02 7.914000000E+00
1.574387500E-01 9.795230180E-01 1.467178217E-02 7.875000000E+00
1.582259400E-01 9.796616139E-01 1.454075477E-02 7.836000000E+00
1.590170700E-01 9.798012066E-01 1.440833103E-02 7.797000000E+00
1.598121500E-01 9.799414913E-01 1.427638906E-02 7.758000000E+00
1.606112100E-01 9.800775545E-01 1.414859585E-02 7.720000000E+00
1.614142700E-01 9.802196977E-01 1.401760730E-02 7.681000000E+00
1.622213400E-01 9.803574908E-01 1.388897315E-02 7.643000000E+00
1.630324500E-01 9.804962425E-01 1.376170726E-02 7.605000000E+00
1.638476100E-01 9.806358342E-01 1.363405250E-02 7.567000000E+00
1.646668500E-01 9.807764081E-01 1.350603648E-02 7.529000000E+00
1.654901800E-01 9.809127501E-01 1.338210757E-02 7.492000000E+00
1.663176300E-01 9.810501999E-01 1.325866369E-02 7.455000000E+00
1.671492200E-01 9.811885534E-01 1.313487367E-02 7.418000000E+00
1.679849700E-01 9.813280255E-01 1.301076359E-02 7.381000000E+00
1.688248900E-01 9.814685766E-01 1.288717519E-02 7.344000000E+00
1.696690200E-01 9.816101676E-01 1.276410948E-02 7.307000000E+00
1.705173600E-01 9.817465398E-01 1.264424566E-02 7.271000000E+00
1.713699500E-01 9.818855093E-01 1.252489090E-02 7.235000000E+00
1.722268000E-01 9.820258157E-01 1.240526200E-02 7.199000000E+00
1.730879300E-01 9.821674883E-01 1.228615945E-02 7.163000000E+00
1.739533700E-01 9.823106305E-01 1.216681555E-02 7.127000000E+00
1.748231400E-01 9.824503149E-01 1.205141324E-02 7.092000000E+00
1.756972600E-01 9.825916165E-01 1.193576949E-02 7.057000000E+00
1.765757400E-01 9.827347750E-01 1.182065315E-02 7.022000000E+00
1.774586200E-01 9.828798712E-01 1.170532615E-02 6.987000000E+00
1.783459100E-01 9.830270536E-01 1.159054220E-02 6.952000000E+00
1.792376400E-01 9.831766074E-01 1.147557785E-02 6.917000000E+00
1.801338300E-01 9.833238155E-01 1.136447379E-02 6.883000000E+00
1.810345000E-01 9.834739670E-01 1.125389600E-02 6.849000000E+00
1.819396700E-01 9.836274501E-01 1.114314211E-02 6.815000000E+00
1.828493700E-01 9.837846343E-01 1.103223331E-02 6.781000000E+00
1.837636200E-01 9.839461460E-01 1.092187921E-02 6.747000000E+00
1.846824400E-01 9.841126508E-01 1.081207982E-02 6.713000000E+00
1.856058500E-01 9.842805492E-01 1.070536527E-02 6.680000000E+00
1.865338800E-01 9.844557294E-01 1.059918657E-02 6.647000000E+00
1.874665500E-01 9.846400647E-01 1.049288189E-02 6.614000000E+00
1.884038800E-01 9.848360670E-01 1.038647086E-02 6.581000000E+00
1.893459000E-01 9.850473061E-01 1.028127021E-02 6.548000000E+00
1.902926300E-01 9.852798294E-01 1.017533377E-02 6.515000000E+00
1.912440900E-01 9.855390949E-01 1.007371461E-02 6.483000000E+00
1.922003100E-01 9.858490852E-01 9.971994423E-03 6.451000000E+00
1.931613100E-01 9.862549089E-01 9.870191639E-03 6.419000000E+00
1.941271200E-01 9.869121484E-01 9.768941595E-03 6.387000000E+00
1.948564700E-01 9.884056894E-01 9.693213395E-03 6.363000000E+00
1.950977600E-01 9.887060249E-01 1.224644218E-02 6.355000000E+00
1.951435100E-01 9.883893510E-01 1.223385066E-02 6.353000000E+00
1.960732500E-01 9.867548374E-01 1.202120816E-02 6.323000000E+00
1.970536100E-01 9.862959205E-01 1.180600372E-02 6.292000000E+00
1.980388800E-01 9.860789121E-01 1.159626133E-02 6.261000000E+00
1.990290700E-01 9.859816633E-01 1.138880905E-02 6.229000000E+00
2.000242200E-01 9.859550494E-01 1.119030663E-02 6.198000000E+00
2.010243400E-01 9.859850174E-01 1.100051652E-02 6.168000000E+00
2.020294600E-01 9.860824671E-01 1.081216265E-02 6.137000000E+00
2.030396100E-01 9.862684008E-01 1.062819371E-02 6.106000000E+00
2.040548100E-01 9.866608521E-01 1.045196936E-02 6.076000000E+00
2.046201800E-01 9.873535065E-01 1.035524434E-02 6.059000000E+00
2.049798100E-01 9.873202135E-01 1.188038078E-02 6.049000000E+00
2.050750800E-01 9.870993748E-01 1.185643401E-02 6.046000000E+00
2.061004600E-01 9.862877268E-01 1.161313742E-02 6.016000000E+00
2.071309600E-01 9.860042653E-01 1.137726669E-02 5.986000000E+00
2.081666100E-01 9.858522132E-01 1.114813634E-02 5.956000000E+00
2.092074500E-01 9.857664726E-01 1.092614622E-02 5.926000000E+00
2.102534800E-01 9.857177952E-01 1.071425763E-02 5.897000000E+00
2.113047500E-01 9.856986318E-01 1.050860318E-02 5.868000000E+00
2.123612800E-01 9.857067758E-01 1.030552896E-02 5.838000000E+00
2.134230800E-01 9.857279015E-01 1.011100256E-02 5.809000000E+00
2.144902000E-01 9.857636607E-01 9.922362957E-03 5.780000000E+00
2.155626500E-01 9.858068108E-01 9.742376940E-03 5.752000000E+00
2.166404600E-01 9.858652367E-01 9.565112089E-03 5.723000000E+00
2.177236600E-01 9.859271594E-01 9.396678235E-03 5.695000000E+00
2.188122800E-01 9.860011549E-01 9.230317315E-03 5.666000000E+00
2.199063400E-01 9.860762737E-01 9.071993682E-03 5.638000000E+00
2.210058800E-01 9.861566210E-01 8.918311504E-03 5.610000000E+00
2.221109000E-01 9.862414352E-01 8.769175485E-03 5.582000000E+00
2.232214600E-01 9.863302608E-01 8.624024543E-03 5.554000000E+00
2.243375700E-01 9.864176498E-01 8.485387465E-03 5.527000000E+00
2.254592500E-01 9.865131538E-01 8.347939183E-03 5.499000000E+00
2.265865500E-01 9.866065858E-01 8.216790727E-03 5.472000000E+00
2.277194800E-01 9.867024165E-01 8.089707878E-03 5.445000000E+00
2.288580800E-01 9.868000839E-01 7.966159491E-03 5.418000000E+00
2.300023700E-01 9.868993539E-01 7.845632871E-03 5.391000000E+00
2.311523800E-01 9.869998692E-01 7.728504082E-03 5.364000000E+00
2.323081400E-01 9.871014577E-01 7.614270450E-03 5.337000000E+00
2.334696900E-01 9.871990903E-01 7.505700110E-03 5.311000000E+00
2.346370300E-01 9.873022619E-01 7.396634049E-03 5.284000000E+00
2.358102200E-01 9.874012340E-01 7.292655479E-03 5.258000000E+00
2.369892700E-01 9.875006777E-01 7.190896273E-03 5.232000000E+00
2.381742200E-01 9.876005719E-01 7.091314881E-03 5.206000000E+00
2.393650900E-01 9.877007740E-01 6.993870118E-03 5.180000000E+00
2.405619100E-01 9.878012671E-01 6.898119324E-03 5.154000000E+00
2.417647200E-01 9.879019149E-01 6.804034183E-03 5.128000000E+00
2.429735500E-01 9.879980795E-01 6.714217847E-03 5.103000000E+00
2.441884100E-01 9.880990513E-01 6.623357736E-03 5.077000000E+00
2.454093600E-01 9.881954268E-01 6.536667703E-03 5.052000000E+00
2.466364000E-01 9.882918601E-01 6.451108078E-03 5.027000000E+00
2.478695900E-01 9.883883792E-01 6.367042802E-03 5.002000000E+00
2.491089300E-01 9.884848982E-01 6.284446109E-03 4.977000000E+00
2.503544800E-01 9.885814087E-01 6.202550531E-03 4.952000000E+00
2.516062500E-01 9.886732688E-01 6.124940383E-03 4.928000000E+00
2.528642800E-01 9.887697528E-01 6.045498011E-03 4.903000000E+00
2.541286000E-01 9.888616016E-01 5.969532756E-03 4.879000000E+00
2.553992500E-01 9.889534047E-01 5.894902563E-03 4.855000000E+00
2.566762400E-01 9.890496901E-01 5.818468204E-03 4.830000000E+00
2.579596200E-01 9.891414010E-01 5.745414362E-03 4.806000000E+00
2.592494200E-01 9.892330104E-01 5.673646040E-03 4.782000000E+00
2.605456700E-01 9.893200593E-01 5.604810427E-03 4.759000000E+00
2.618484000E-01 9.894114985E-01 5.534177013E-03 4.735000000E+00
2.631576400E-01 9.895028861E-01 5.464788242E-03 4.711000000E+00
2.644734300E-01 9.895897073E-01 5.398259561E-03 4.688000000E+00
2.657957900E-01 9.896764617E-01 5.332580948E-03 4.665000000E+00
2.671247700E-01 9.897675208E-01 5.265471412E-03 4.641000000E+00
2.684604000E-01 9.898540760E-01 5.201151928E-03 4.618000000E+00
2.698027000E-01 9.899405467E-01 5.137334708E-03 4.595000000E+00
2.711517100E-01 9.900225639E-01 5.076870485E-03 4.573000000E+00
2.725074700E-01 9.901088323E-01 5.014342755E-03 4.550000000E+00
2.738700100E-01 9.901950302E-01 4.952615605E-03 4.527000000E+00
2.752393600E-01 9.902767731E-01 4.893850223E-03 4.505000000E+00
2.766155600E-01 9.903627351E-01 4.833371131E-03 4.482000000E+00
2.779986300E-01 9.904443235E-01 4.775807080E-03 4.460000000E+00
2.793886300E-01 9.905257886E-01 4.718379353E-03 4.438000000E+00
2.807855700E-01 9.906071850E-01 4.661980316E-03 4.416000000E+00
2.821895000E-01 9.906884770E-01 4.605714616E-03 4.394000000E+00
2.836004400E-01 9.907696595E-01 4.550167869E-03 4.372000000E+00
2.850184500E-01 9.908507556E-01 4.495329874E-03 4.350000000E+00
2.864435400E-01 9.909317311E-01 4.440907150E-03 4.328000000E+00
2.878757600E-01 9.910084337E-01 4.388936103E-03 4.307000000E+00
2.893151400E-01 9.910892236E-01 4.335325146E-03 4.285000000E+00
2.907617100E-01 9.911657329E-01 4.284409542E-03 4.264000000E+00
2.922155200E-01 9.912421862E-01 4.233869745E-03 4.243000000E+00
2.936766000E-01 9.913185233E-01 4.183704515E-03 4.222000000E+00
2.951449800E-01 9.913947926E-01 4.133912611E-03 4.201000000E+00
2.966207100E-01 9.914709880E-01 4.084757110E-03 4.180000000E+00
2.981038100E-01 9.915470771E-01 4.035967155E-03 4.159000000E+00
2.995943300E-01 9.916230544E-01 3.987800577E-03 4.138000000E+00
3.010923000E-01 9.916949327E-01 3.941649607E-03 4.118000000E+00
3.025977600E-01 9.917707624E-01 3.894186920E-03 4.097000000E+00
3.041107500E-01 9.918424867E-01 3.848967740E-03 4.077000000E+00
3.056313000E-01 9.919141330E-01 3.804325885E-03 4.057000000E+00
3.071594600E-01 9.919897151E-01 3.758143873E-03 4.036000000E+00
3.086952600E-01 9.920612213E-01 3.713914418E-03 4.016000000E+00
3.102387300E-01 9.921326800E-01 3.670493248E-03 3.996000000E+00
3.117899300E-01 9.922001624E-01 3.628972145E-03 3.977000000E+00
3.133488800E-01 9.922714981E-01 3.586168914E-03 3.957000000E+00
3.149156200E-01 9.923427897E-01 3.543678208E-03 3.937000000E+00
3.164902000E-01 9.924140299E-01 3.501499046E-03 3.917000000E+00
3.180726500E-01 9.924813540E-01 3.461406212E-03 3.898000000E+00
3.196630100E-01 9.925486673E-01 3.421826478E-03 3.879000000E+00
3.212613300E-01 9.926198100E-01 3.380774513E-03 3.859000000E+00
3.228676400E-01 9.926870849E-01 3.341765866E-03 3.840000000E+00
3.244819700E-01 9.927543921E-01 3.303035632E-03 3.821000000E+00
3.261043800E-01 9.928217224E-01 3.264801631E-03 3.802000000E+00
3.277349100E-01 9.928890665E-01 3.226839978E-03 3.783000000E+00
3.293735800E-01 9.929564796E-01 3.189149854E-03 3.764000000E+00
3.310204500E-01 9.930202459E-01 3.153413831E-03 3.746000000E+00
3.326755500E-01 9.930878442E-01 3.116463080E-03 3.727000000E+00
3.343389300E-01 9.931555608E-01 3.079569161E-03 3.708000000E+00
3.360106200E-01 9.932197700E-01 3.045005456E-03 3.690000000E+00
3.376906800E-01 9.932842478E-01 3.010475130E-03 3.672000000E+00
3.393791300E-01 9.933526581E-01 2.974556692E-03 3.653000000E+00
3.410760200E-01 9.934178058E-01 2.940717544E-03 3.635000000E+00
3.427814000E-01 9.934834659E-01 2.907113677E-03 3.617000000E+00
3.444953100E-01 9.935497508E-01 2.873744413E-03 3.599000000E+00
3.462177900E-01 9.936168839E-01 2.840803067E-03 3.581000000E+00
3.479488800E-01 9.936851367E-01 2.808091082E-03 3.563000000E+00
3.496886200E-01 9.937514347E-01 2.777173959E-03 3.546000000E+00
3.514370600E-01 9.938235606E-01 2.744908454E-03 3.528000000E+00
3.531942500E-01 9.938992286E-01 2.712870392E-03 3.510000000E+00
3.549602200E-01 9.939775985E-01 2.682779464E-03 3.493000000E+00
3.567350200E-01 9.940691781E-01 2.652891085E-03 3.476000000E+00
3.585187000E-01 9.942121164E-01 2.621688180E-03 3.458000000E+00
3.588544600E-01 9.942623336E-01 2.616418925E-03 3.455000000E+00
3.597455200E-01 9.942896002E-01 2.830409572E-03 3.446000000E+00
3.603112900E-01 9.942448647E-01 2.821127207E-03 3.441000000E+00
3.621128500E-01 9.942224723E-01 2.790483274E-03 3.424000000E+00
3.639234100E-01 9.942387686E-01 2.760033272E-03 3.407000000E+00
3.657430300E-01 9.942672254E-01 2.729776781E-03 3.390000000E+00
3.675717400E-01 9.943016875E-01 2.699713380E-03 3.373000000E+00
3.694096000E-01 9.943397462E-01 2.670013030E-03 3.356000000E+00
3.712566500E-01 9.943767975E-01 2.642083338E-03 3.340000000E+00
3.731129300E-01 9.944189100E-01 2.612750650E-03 3.323000000E+00
3.749785000E-01 9.944622606E-01 2.583771340E-03 3.306000000E+00
3.768533900E-01 9.945032063E-01 2.556366422E-03 3.290000000E+00
3.787376600E-01 9.945449303E-01 2.529292359E-03 3.274000000E+00
3.806313500E-01 9.945906012E-01 2.500847575E-03 3.257000000E+00
3.825345000E-01 9.946334323E-01 2.474271386E-03 3.241000000E+00
3.844471800E-01 9.946767065E-01 2.447699255E-03 3.225000000E+00
3.863694100E-01 9.947203449E-01 2.421447111E-03 3.209000000E+00
3.883012600E-01 9.947643332E-01 2.395355751E-03 3.193000000E+00
3.902427600E-01 9.948086112E-01 2.369577562E-03 3.177000000E+00
3.921939800E-01 9.948531661E-01 2.343805328E-03 3.161000000E+00
3.941549500E-01 9.948947853E-01 2.319817147E-03 3.146000000E+00
3.961257200E-01 9.949399717E-01 2.294502336E-03 3.130000000E+00
3.981063500E-01 9.949854983E-01 2.269343804E-03 3.114000000E+00
4.000968800E-01 9.950282867E-01 2.245935685E-03 3.099000000E+00
4.020973700E-01 9.950749048E-01 2.221078775E-03 3.083000000E+00
4.041078500E-01 9.951193101E-01 2.197952215E-03 3.068000000E+00
4.061283900E-01 9.951654945E-01 2.174961367E-03 3.053000000E+00
4.081590400E-01 9.952161507E-01 2.152245627E-03 3.038000000E+00
4.095258700E-01 9.952607829E-01 2.136990493E-03 3.028000000E+00
4.101998300E-01 9.952998676E-01 2.175836188E-03 3.023000000E+00
4.106741500E-01 9.952849700E-01 2.169806155E-03 3.019000000E+00
4.122508300E-01 9.952977296E-01 2.151633734E-03 3.007000000E+00
4.143120800E-01 9.953247586E-01 2.130561091E-03 2.993000000E+00
4.163836400E-01 9.953589188E-01 2.108051727E-03 2.978000000E+00
4.184655600E-01 9.953947571E-01 2.085806467E-03 2.963000000E+00
4.205578900E-01 9.954314852E-01 2.063689633E-03 2.948000000E+00
4.226606800E-01 9.954687745E-01 2.041701063E-03 2.933000000E+00
4.247739800E-01 9.955033442E-01 2.021225230E-03 2.919000000E+00
4.268978500E-01 9.955412623E-01 1.999612451E-03 2.904000000E+00
4.290323400E-01 9.955762904E-01 1.979368131E-03 2.890000000E+00
4.311775000E-01 9.956145021E-01 1.957999101E-03 2.875000000E+00
4.333333900E-01 9.956497663E-01 1.938109547E-03 2.861000000E+00
4.355000600E-01 9.956851007E-01 1.918329775E-03 2.847000000E+00
4.376775600E-01 9.957204881E-01 1.898659662E-03 2.833000000E+00
4.398659500E-01 9.957559121E-01 1.879099084E-03 2.819000000E+00
4.420652800E-01 9.957913563E-01 1.859647914E-03 2.805000000E+00
4.442756000E-01 9.958268053E-01 1.840306030E-03 2.791000000E+00
4.464969800E-01 9.958622438E-01 1.821189967E-03 2.777000000E+00
4.487294700E-01 9.958976803E-01 1.802065106E-03 2.763000000E+00
4.509731100E-01 9.959331114E-01 1.783163482E-03 2.749000000E+00
4.532279800E-01 9.959655625E-01 1.765658779E-03 2.736000000E+00
4.554941200E-01 9.960009502E-01 1.746962890E-03 2.722000000E+00
4.577715900E-01 9.960363010E-01 1.728262327E-03 2.708000000E+00
4.600604500E-01 9.960687172E-01 1.711049559E-03 2.695000000E+00
4.623607500E-01 9.961011229E-01 1.693929137E-03 2.682000000E+00
4.646725500E-01 9.961364121E-01 1.675644630E-03 2.668000000E+00
4.669959200E-01 9.961687890E-01 1.658715230E-03 2.655000000E+00
4.693309000E-01 9.962011577E-01 1.641877896E-03 2.642000000E+00
4.716775500E-01 9.962335360E-01 1.625132536E-03 2.629000000E+00
4.740359400E-01 9.962659102E-01 1.608479058E-03 2.616000000E+00
4.764061200E-01 9.963011514E-01 1.590694466E-03 2.602000000E+00
4.787881500E-01 9.963307247E-01 1.575447382E-03 2.590000000E+00
4.811820900E-01 9.963631870E-01 1.559069000E-03 2.577000000E+00
4.835880000E-01 9.963957196E-01 1.542782131E-03 2.564000000E+00
4.860059400E-01 9.964283463E-01 1.526586685E-03 2.551000000E+00
4.884359700E-01 9.964611092E-01 1.510482568E-03 2.538000000E+00
4.908781500E-01 9.964912998E-01 1.495653663E-03 2.526000000E+00
4.933325400E-01 9.965245799E-01 1.479629846E-03 2.513000000E+00
4.957992000E-01 9.965555820E-01 1.464964877E-03 2.501000000E+00
4.982782000E-01 9.965901354E-01 1.449213060E-03 2.488000000E+00
5.007695900E-01 9.966234216E-01 1.434618035E-03 2.476000000E+00
5.032734400E-01 9.966602231E-01 1.420194835E-03 2.464000000E+00
5.054154100E-01 9.967054413E-01 1.406996669E-03 2.453000000E+00
5.057898000E-01 9.967198175E-01 1.404612398E-03 2.451000000E+00
5.069846300E-01 9.967210136E-01 1.445770475E-03 2.446000000E+00
5.083187500E-01 9.967222063E-01 1.437237288E-03 2.439000000E+00
5.108603500E-01 9.967376019E-01 1.422683988E-03 2.427000000E+00
5.134146500E-01 9.967582870E-01 1.408120831E-03 2.415000000E+00
5.159817200E-01 9.967809449E-01 1.393550376E-03 2.403000000E+00
5.185616300E-01 9.968046348E-01 1.379148122E-03 2.391000000E+00
5.211544400E-01 9.968289312E-01 1.364825763E-03 2.379000000E+00
5.237602100E-01 9.968536369E-01 1.350498464E-03 2.367000000E+00
5.263790100E-01 9.968786206E-01 1.336252617E-03 2.355000000E+00
5.290109100E-01 9.969011540E-01 1.323300032E-03 2.344000000E+00
5.316559600E-01 9.969264752E-01 1.309127425E-03 2.332000000E+00
5.343142400E-01 9.969518941E-01 1.295119117E-03 2.320000000E+00
5.369858100E-01 9.969747617E-01 1.282302359E-03 2.309000000E+00
5.396707400E-01 9.970003140E-01 1.268370066E-03 2.297000000E+00
5.423691000E-01 9.970232834E-01 1.255618639E-03 2.286000000E+00
5.450809400E-01 9.970462950E-01 1.242937531E-03 2.275000000E+00
5.478063500E-01 9.970719110E-01 1.229240033E-03 2.263000000E+00
5.505453800E-01 9.970949449E-01 1.216628405E-03 2.252000000E+00
5.532981000E-01 9.971179828E-01 1.204164295E-03 2.241000000E+00
5.560646000E-01 9.971410155E-01 1.191694914E-03 2.230000000E+00
5.588449200E-01 9.971640487E-01 1.179222397E-03 2.219000000E+00
5.616391400E-01 9.971870659E-01 1.166896358E-03 2.208000000E+00
5.644473400E-01 9.972100655E-01 1.154568449E-03 2.197000000E+00
5.672695800E-01 9.972330390E-01 1.142313051E-03 2.186000000E+00
5.701059200E-01 9.972559996E-01 1.130130052E-03 2.175000000E+00
5.729564500E-01 9.972789313E-01 1.118019344E-03 2.164000000E+00
5.758212300E-01 9.973018402E-01 1.105910693E-03 2.153000000E+00
5.787003400E-01 9.973247108E-01 1.093875542E-03 2.142000000E+00
5.815938400E-01 9.973450661E-01 1.082860651E-03 2.132000000E+00
5.845018100E-01 9.973678863E-01 1.070898844E-03 2.121000000E+00
5.874243200E-01 9.973869846E-01 1.060015627E-03 2.111000000E+00
5.903614400E-01 9.974097558E-01 1.048196791E-03 2.100000000E+00
5.933132500E-01 9.974300312E-01 1.037378702E-03 2.090000000E+00
5.962798200E-01 9.974527296E-01 1.025637651E-03 2.079000000E+00
5.992612200E-01 9.974729467E-01 1.014952881E-03 2.069000000E+00
6.022575200E-01 9.974931404E-01 1.004267673E-03 2.059000000E+00
6.052688100E-01 9.975157298E-01 9.926776365E-04 2.048000000E+00
6.082951500E-01 9.975358658E-01 9.821275378E-04 2.038000000E+00
6.113366300E-01 9.975559692E-01 9.715797792E-04 2.028000000E+00
6.143933100E-01 9.975760391E-01 9.610976749E-04 2.018000000E+00
6.174652800E-01 9.975967031E-01 9.506810885E-04 2.008000000E+00
6.205526000E-01 9.976167158E-01 9.403298841E-04 1.998000000E+00
6.236553700E-01 9.976366984E-01 9.299841386E-04 1.988000000E+00
6.267736400E-01 9.976566499E-01 9.196455158E-04 1.978000000E+00
6.299075100E-01 9.976765696E-01 9.093742511E-04 1.968000000E+00
6.330570500E-01 9.976941028E-01 9.000888827E-04 1.959000000E+00
6.362223400E-01 9.977139583E-01 8.899461785E-04 1.949000000E+00
6.394034500E-01 9.977337849E-01 8.798135040E-04 1.939000000E+00
6.426004600E-01 9.977535759E-01 8.697487510E-04 1.929000000E+00
6.458134700E-01 9.977710036E-01 8.606480310E-04 1.920000000E+00
6.490425300E-01 9.977907292E-01 8.506577344E-04 1.910000000E+00
6.522877500E-01 9.978081110E-01 8.416212510E-04 1.901000000E+00
6.555491900E-01 9.978277677E-01 8.317081325E-04 1.891000000E+00
6.588269300E-01 9.978450949E-01 8.227385082E-04 1.882000000E+00
6.621210700E-01 9.978624026E-01 8.138270128E-04 1.873000000E+00
6.654316700E-01 9.978819537E-01 8.041100255E-04 1.863000000E+00
6.687588300E-01 9.978992070E-01 7.952676406E-04 1.854000000E+00
6.721026200E-01 9.979164278E-01 7.864324448E-04 1.845000000E+00
6.754631400E-01 9.979336257E-01 7.777077749E-04 1.836000000E+00
6.788404500E-01 9.979530374E-01 7.681494059E-04 1.826000000E+00
6.822346600E-01 9.979701742E-01 7.594472375E-04 1.817000000E+00
6.856458300E-01 9.979872806E-01 7.508545439E-04 1.808000000E+00
6.890740600E-01 9.980043607E-01 7.422228048E-04 1.799000000E+00
6.925194300E-01 9.980214088E-01 7.337002023E-04 1.790000000E+00
6.959820200E-01 9.980384289E-01 7.251891324E-04 1.781000000E+00
6.994619400E-01 9.980532296E-01 7.175000118E-04 1.773000000E+00
7.029592400E-01 9.980702040E-01 7.090574159E-04 1.764000000E+00
7.064740400E-01 9.980871524E-01 7.006757515E-04 1.755000000E+00
7.100064100E-01 9.981040693E-01 6.923087177E-04 1.746000000E+00
7.135564400E-01 9.981187942E-01 6.847909913E-04 1.738000000E+00
7.171242300E-01 9.981356583E-01 6.765413505E-04 1.729000000E+00
7.207098500E-01 9.981524971E-01 6.683080999E-04 1.720000000E+00
7.243134000E-01 9.981671603E-01 6.609086006E-04 1.712000000E+00
7.279349600E-01 9.981839364E-01 6.527496028E-04 1.703000000E+00
7.315746400E-01 9.981985594E-01 6.454578234E-04 1.695000000E+00
7.352325100E-01 9.982152782E-01 6.373745457E-04 1.686000000E+00
7.389086700E-01 9.982298577E-01 6.301476098E-04 1.678000000E+00
7.426032200E-01 9.982444136E-01 6.229298748E-04 1.670000000E+00
7.463162300E-01 9.982610480E-01 6.150234054E-04 1.661000000E+00
7.500478100E-01 9.982755596E-01 6.079145884E-04 1.653000000E+00
7.537980500E-01 9.982900493E-01 6.008165190E-04 1.645000000E+00
7.575670400E-01 9.983045163E-01 5.937707589E-04 1.637000000E+00
7.613548800E-01 9.983210273E-01 5.860168469E-04 1.628000000E+00
7.651616500E-01 9.983354431E-01 5.790805847E-04 1.620000000E+00
7.689874600E-01 9.983498338E-01 5.721567826E-04 1.612000000E+00
7.728324000E-01 9.983642026E-01 5.652464340E-04 1.604000000E+00
7.766965600E-01 9.983785485E-01 5.584275876E-04 1.596000000E+00
7.805800400E-01 9.983928670E-01 5.516226053E-04 1.588000000E+00
7.844829400E-01 9.984071610E-01 5.448702217E-04 1.580000000E+00
7.884053600E-01 9.984194168E-01 5.388177331E-04 1.573000000E+00
7.923473800E-01 9.984336672E-01 5.321283191E-04 1.565000000E+00
7.963091200E-01 9.984478906E-01 5.254917156E-04 1.557000000E+00
8.002906700E-01 9.984620825E-01 5.188714334E-04 1.549000000E+00
8.042921200E-01 9.984742711E-01 5.129694404E-04 1.542000000E+00
8.083135800E-01 9.984884202E-01 5.064502813E-04 1.534000000E+00
8.123551500E-01 9.985025353E-01 4.999839185E-04 1.526000000E+00
8.164169300E-01 9.985146713E-01 4.941857539E-04 1.519000000E+00
8.204990100E-01 9.985287385E-01 4.877852388E-04 1.511000000E+00
8.246015000E-01 9.985408330E-01 4.820785204E-04 1.504000000E+00
8.287245100E-01 9.985548455E-01 4.757448483E-04 1.496000000E+00
8.328681300E-01 9.985669025E-01 4.700956692E-04 1.489000000E+00
8.370324800E-01 9.985808602E-01 4.638633439E-04 1.481000000E+00
8.412176400E-01 9.985928764E-01 4.582726725E-04 1.474000000E+00
8.454237300E-01 9.986048747E-01 4.527583289E-04 1.467000000E+00
8.496508400E-01 9.986187484E-01 4.466422584E-04 1.459000000E+00
8.538991000E-01 9.986307043E-01 4.411547695E-04 1.452000000E+00
8.581685900E-01 9.986426400E-01 4.357427450E-04 1.445000000E+00
8.624594400E-01 9.986545547E-01 4.303425365E-04 1.438000000E+00
8.667717300E-01 9.986683170E-01 4.243921058E-04 1.430000000E+00
8.711055900E-01 9.986801861E-01 4.190833521E-04 1.423000000E+00
8.754611200E-01 9.986920379E-01 4.137874531E-04 1.416000000E+00
8.798384300E-01 9.987038656E-01 4.085351701E-04 1.409000000E+00
8.842376200E-01 9.987156744E-01 4.033560648E-04 1.402000000E+00
8.886588100E-01 9.987274576E-01 3.981901972E-04 1.395000000E+00
8.931021000E-01 9.987392203E-01 3.930674268E-04 1.388000000E+00
8.975676100E-01 9.987509587E-01 3.879587291E-04 1.381000000E+00
9.020554500E-01 9.987626721E-01 3.829219243E-04 1.374000000E+00
9.065657300E-01 9.987725659E-01 3.784525167E-04 1.368000000E+00
9.110985600E-01 9.987842378E-01 3.734965412E-04 1.361000000E+00
9.156540500E-01 9.987958796E-01 3.685550752E-04 1.354000000E+00
9.202323200E-01 9.988074962E-01 3.636562512E-04 1.347000000E+00
9.248334800E-01 9.988173209E-01 3.593628172E-04 1.341000000E+00
9.294576500E-01 9.988288901E-01 3.545440489E-04 1.334000000E+00
9.341049400E-01 9.988404291E-01 3.497674073E-04 1.327000000E+00
9.387754600E-01 9.988501971E-01 3.455556893E-04 1.321000000E+00
9.434693400E-01 9.988616818E-01 3.408584055E-04 1.314000000E+00
9.481866800E-01 9.988714092E-01 3.367173931E-04 1.308000000E+00
9.529276200E-01 9.988828395E-01 3.320988220E-04 1.301000000E+00
9.576922600E-01 9.988925265E-01 3.280279332E-04 1.295000000E+00
9.624807200E-01 9.989038971E-01 3.234874298E-04 1.288000000E+00
9.672931200E-01 9.989135385E-01 3.194860824E-04 1.282000000E+00
9.721295900E-01 9.989248469E-01 3.150230016E-04 1.275000000E+00
9.769902300E-01 9.989344379E-01 3.110906135E-04 1.269000000E+00
9.818751900E-01 9.989440029E-01 3.071905636E-04 1.263000000E+00
9.867845600E-01 9.989552034E-01 3.028402994E-04 1.256000000E+00
9.917184800E-01 9.989646865E-01 2.990083507E-04 1.250000000E+00
9.966770800E-01 9.989740188E-01 2.952083336E-04 1.244000000E+00
1.001660500E+00 9.989793869E-01 2.911155221E-04 1.238000000E+00
1.006668800E+00 9.989887392E-01 2.864407063E-04 1.232000000E+00
1.011702100E+00 9.989981877E-01 2.818157091E-04 1.226000000E+00
1.016760600E+00 9.990093365E-01 2.768084391E-04 1.219000000E+00
1.021844400E+00 9.990189044E-01 2.723317905E-04 1.213000000E+00
1.026953600E+00 9.990285091E-01 2.679032595E-04 1.207000000E+00
1.032088400E+00 9.990381415E-01 2.635444082E-04 1.201000000E+00
1.037248900E+00 9.990477928E-01 2.592543262E-04 1.195000000E+00
1.042435100E+00 9.990574569E-01 2.550107230E-04 1.189000000E+00
1.047647300E+00 9.990671276E-01 2.508345180E-04 1.183000000E+00
1.052885500E+00 9.990752317E-01 2.471442387E-04 1.178000000E+00
1.058149900E+00 9.990849107E-01 2.430746149E-04 1.172000000E+00
1.063440700E+00 9.990945853E-01 2.390702128E-04 1.166000000E+00
1.068757900E+00 9.991042500E-01 2.351301540E-04 1.160000000E+00
1.074101700E+00 9.991139054E-01 2.312334208E-04 1.154000000E+00
1.079472200E+00 9.991219806E-01 2.277760792E-04 1.149000000E+00
1.084869500E+00 9.991316167E-01 2.240002149E-04 1.143000000E+00
1.090293900E+00 9.991412358E-01 2.202661594E-04 1.137000000E+00
1.095745400E+00 9.991493362E-01 2.169568272E-04 1.132000000E+00
1.101224100E+00 9.991589264E-01 2.133204237E-04 1.126000000E+00
1.106730200E+00 9.991684979E-01 2.097437272E-04 1.120000000E+00
1.112263900E+00 9.991765712E-01 2.065775036E-04 1.115000000E+00
1.117825200E+00 9.991861071E-01 2.030950718E-04 1.109000000E+00
1.123414300E+00 9.991941597E-01 2.000140894E-04 1.104000000E+00
1.129031400E+00 9.992036574E-01 1.966239843E-04 1.098000000E+00
1.134676500E+00 9.992116869E-01 1.936264718E-04 1.093000000E+00
1.140349900E+00 9.992211420E-01 1.903267784E-04 1.087000000E+00
1.146051700E+00 9.992291479E-01 1.874286960E-04 1.082000000E+00
1.151781900E+00 9.992385596E-01 1.842173264E-04 1.076000000E+00
1.157540800E+00 9.992465360E-01 1.813987138E-04 1.071000000E+00
1.163328500E+00 9.992545036E-01 1.786087466E-04 1.066000000E+00
1.169145200E+00 9.992638494E-01 1.755159614E-04 1.060000000E+00
1.174990900E+00 9.992717881E-01 1.728032929E-04 1.055000000E+00
1.180865900E+00 9.992797150E-01 1.701351748E-04 1.050000000E+00
1.186770200E+00 9.992876323E-01 1.674944688E-04 1.045000000E+00
1.192704000E+00 9.992955373E-01 1.648973964E-04 1.040000000E+00
1.198667600E+00 9.993047761E-01 1.620136168E-04 1.034000000E+00
1.204660900E+00 9.993126511E-01 1.594862693E-04 1.029000000E+00
1.210684200E+00 9.993205139E-01 1.569899537E-04 1.024000000E+00
1.216737600E+00 9.993283680E-01 1.545275359E-04 1.019000000E+00
1.222821300E+00 9.993362090E-01 1.520986493E-04 1.014000000E+00
1.228935400E+00 9.993440405E-01 1.497029296E-04 1.009000000E+00
1.235080100E+00 9.993518476E-01 1.473384899E-04 1.004000000E+00
1.241255500E+00 9.993597878E-01 1.449774967E-04 9.989000000E-01
1.247461800E+00 9.993675886E-01 1.426779667E-04 9.939000000E-01
1.253699100E+00 9.993753823E-01 1.404087163E-04 9.889000000E-01
1.259967600E+00 9.993830407E-01 1.381975247E-04 9.840000000E-01
1.266267400E+00 9.993906941E-01 1.360168346E-04 9.791000000E-01
1.272598800E+00 9.993982189E-01 1.338937903E-04 9.743000000E-01
1.278961800E+00 9.994058646E-01 1.317713665E-04 9.694000000E-01
1.285356600E+00 9.994133834E-01 1.297039477E-04 9.646000000E-01
1.291783300E+00 9.994209031E-01 1.276651617E-04 9.598000000E-01
1.298242300E+00 9.994284233E-01 1.256519266E-04 9.550000000E-01
1.304733500E+00 9.994358264E-01 1.236927679E-04 9.503000000E-01
1.311257100E+00 9.994433519E-01 1.217336708E-04 9.455000000E-01
1.317813400E+00 9.994507669E-01 1.198274867E-04 9.408000000E-01
1.324402500E+00 9.994580738E-01 1.179704280E-04 9.362000000E-01
1.331024500E+00 9.994655084E-01 1.161142227E-04 9.315000000E-01
1.337679600E+00 9.994728421E-01 1.143061076E-04 9.269000000E-01
1.344368000E+00 9.994803051E-01 1.124988416E-04 9.222000000E-01
1.351089900E+00 9.994875622E-01 1.107627845E-04 9.177000000E-01
1.357845300E+00 9.994949556E-01 1.090270492E-04 9.131000000E-01
1.364634500E+00 9.995022642E-01 1.073368765E-04 9.086000000E-01
1.371457700E+00 9.995097143E-01 1.056457882E-04 9.040000000E-01
1.378315000E+00 9.995170888E-01 1.040005434E-04 8.995000000E-01
1.385206600E+00 9.995243991E-01 1.024001585E-04 8.951000000E-01
1.392132600E+00 9.995318605E-01 1.007971966E-04 8.906000000E-01
1.399093300E+00 9.995392702E-01 9.923816809E-05 8.862000000E-01
1.406088700E+00 9.995467393E-01 9.769996861E-05 8.818000000E-01
1.413119200E+00 9.995542746E-01 9.618237398E-05 8.774000000E-01
1.420184800E+00 9.995618871E-01 9.468400853E-05 8.730000000E-01
1.427285700E+00 9.995694848E-01 9.322728942E-05 8.687000000E-01
1.434422100E+00 9.995772782E-01 9.176771346E-05 8.643000000E-01
1.441594200E+00 9.995850844E-01 9.033661069E-05 8.600000000E-01
1.448802200E+00 9.995929241E-01 8.893899842E-05 8.558000000E-01
1.456046200E+00 9.996010036E-01 8.753855659E-05 8.515000000E-01
1.463326500E+00 9.996091558E-01 8.617754340E-05 8.473000000E-01
1.470643100E+00 9.996175007E-01 8.483389659E-05 8.431000000E-01
1.477996300E+00 9.996260673E-01 8.350851093E-05 8.389000000E-01
1.485386300E+00 9.996348898E-01 8.220118567E-05 8.347000000E-01
1.492813200E+00 9.996440118E-01 8.091067789E-05 8.305000000E-01
1.500277300E+00 9.996534058E-01 7.965609766E-05 8.264000000E-01
1.507778700E+00 9.996632264E-01 7.841861301E-05 8.223000000E-01
1.515317600E+00 9.996735642E-01 7.719702149E-05 8.182000000E-01
1.522894200E+00 9.996845225E-01 7.599116503E-05 8.141000000E-01
1.530508600E+00 9.996962223E-01 7.482034971E-05 8.101000000E-01
1.538161200E+00 9.997089612E-01 7.366454348E-05 8.061000000E-01
1.545852000E+00 9.997231585E-01 7.250551415E-05 8.020000000E-01
1.553581200E+00 9.997391659E-01 7.139735962E-05 7.981000000E-01
1.561349100E+00 9.997581760E-01 7.028663878E-05 7.941000000E-01
1.569155900E+00 9.997821129E-01 6.919031356E-05 7.901000000E-01
1.577001700E+00 9.998161376E-01 6.812556693E-05 7.862000000E-01
1.584886700E+00 9.998856622E-01 6.707455750E-05 7.823000000E-01
1.588239500E+00 1.000034629E+00 6.662481046E-05 7.806000000E-01
1.588760500E+00 1.000037703E+00 2.426001884E-04 7.804000000E-01
1.592811100E+00 9.998825069E-01 2.404325530E-04 7.784000000E-01
1.600775200E+00 9.998302906E-01 2.362416736E-04 7.745000000E-01
1.608779000E+00 9.998107271E-01 2.321859805E-04 7.707000000E-01
1.616822900E+00 9.998034139E-01 2.281164541E-04 7.668000000E-01
1.624907000E+00 9.998055785E-01 2.241790081E-04 7.630000000E-01
1.633031600E+00 9.998234789E-01 2.202949123E-04 7.592000000E-01
1.638883600E+00 9.999033109E-01 2.175533810E-04 7.565000000E-01
1.639916400E+00 9.999038476E-01 3.251769029E-04 7.560000000E-01
1.641196700E+00 9.998594453E-01 3.243583604E-04 7.555000000E-01
1.649402700E+00 9.997930499E-01 3.186504018E-04 7.517000000E-01
1.657649700E+00 9.997667912E-01 3.131174373E-04 7.480000000E-01
1.665938000E+00 9.997496192E-01 3.075814514E-04 7.442000000E-01
1.674267700E+00 9.997368156E-01 3.022162591E-04 7.405000000E-01
1.682639000E+00 9.997267690E-01 2.969206251E-04 7.368000000E-01
1.691052200E+00 9.997185733E-01 2.917898044E-04 7.332000000E-01
1.699507500E+00 9.997119021E-01 2.866544862E-04 7.295000000E-01
1.708005000E+00 9.997062922E-01 2.816800150E-04 7.259000000E-01
1.716545000E+00 9.997016073E-01 2.767699871E-04 7.223000000E-01
1.725127800E+00 9.996976957E-01 2.719316633E-04 7.187000000E-01
1.733753400E+00 9.996944421E-01 2.671719945E-04 7.151000000E-01
1.742422200E+00 9.996916699E-01 2.625560972E-04 7.116000000E-01
1.751134300E+00 9.996894805E-01 2.579346910E-04 7.080000000E-01
1.759889900E+00 9.996876416E-01 2.534536819E-04 7.045000000E-01
1.768689400E+00 9.996861948E-01 2.490311126E-04 7.010000000E-01
1.777532800E+00 9.996850983E-01 2.446811936E-04 6.975000000E-01
1.786420500E+00 9.996843205E-01 2.403956899E-04 6.940000000E-01
1.795352600E+00 9.996837410E-01 2.362422910E-04 6.906000000E-01
1.804329400E+00 9.996835189E-01 2.320825935E-04 6.871000000E-01
1.813351000E+00 9.996834491E-01 2.280518736E-04 6.837000000E-01
1.822417800E+00 9.996836051E-01 2.240810386E-04 6.803000000E-01
1.831529900E+00 9.996839726E-01 2.201694114E-04 6.769000000E-01
1.840687500E+00 9.996844430E-01 2.163805607E-04 6.736000000E-01
1.849890900E+00 9.996851933E-01 2.125845283E-04 6.702000000E-01
1.859140400E+00 9.996860252E-01 2.089016249E-04 6.669000000E-01
1.868436100E+00 9.996870243E-01 2.052804980E-04 6.636000000E-01
1.877778300E+00 9.996881857E-01 2.017071274E-04 6.603000000E-01
1.887167200E+00 9.996895028E-01 1.981876143E-04 6.570000000E-01
1.896603000E+00 9.996909728E-01 1.947213357E-04 6.537000000E-01
1.906086000E+00 9.996925007E-01 1.913665051E-04 6.505000000E-01
1.915616500E+00 9.996942757E-01 1.880041039E-04 6.472000000E-01
1.925194500E+00 9.996961144E-01 1.847441982E-04 6.440000000E-01
1.934820500E+00 9.996981181E-01 1.815337718E-04 6.408000000E-01
1.944494600E+00 9.997003003E-01 1.783722453E-04 6.376000000E-01
1.954217100E+00 9.997026837E-01 1.752590429E-04 6.344000000E-01
1.963988200E+00 9.997052097E-01 1.722421285E-04 6.313000000E-01
1.973808100E+00 9.997081220E-01 1.692172714E-04 6.281000000E-01
1.983677200E+00 9.997113358E-01 1.662923715E-04 6.250000000E-01
1.993595500E+00 9.997151395E-01 1.634064765E-04 6.219000000E-01
2.003563500E+00 9.997199800E-01 1.605708114E-04 6.188000000E-01
2.013581300E+00 9.997273131E-01 1.577674660E-04 6.157000000E-01
2.021313400E+00 9.997410344E-01 1.556859414E-04 6.134000000E-01
2.023649200E+00 9.997752803E-01 1.825273344E-04 6.127000000E-01
2.025886800E+00 9.997419024E-01 1.817705442E-04 6.120000000E-01
2.033767500E+00 9.997298079E-01 1.791783881E-04 6.096000000E-01
2.043936300E+00 9.997251431E-01 1.759440540E-04 6.066000000E-01
2.054156000E+00 9.997231443E-01 1.727585309E-04 6.036000000E-01
2.064426800E+00 9.997222978E-01 1.696212744E-04 6.006000000E-01
2.074748900E+00 9.997221240E-01 1.665209385E-04 5.976000000E-01
2.085122700E+00 9.997224076E-01 1.634680066E-04 5.946000000E-01
2.095548300E+00 9.997229378E-01 1.605214903E-04 5.917000000E-01
2.106026000E+00 9.997238334E-01 1.575662212E-04 5.887000000E-01
2.116556200E+00 9.997248677E-01 1.547042833E-04 5.858000000E-01
2.127138900E+00 9.997261150E-01 1.519427555E-04 5.829000000E-01
2.137774600E+00 9.997274925E-01 1.492998108E-04 5.800000000E-01
2.148463500E+00 9.997289794E-01 1.467021424E-04 5.771000000E-01
2.159205800E+00 9.997305732E-01 1.441491256E-04 5.742000000E-01
2.170001800E+00 9.997321784E-01 1.416897296E-04 5.714000000E-01
2.180851900E+00 9.997339821E-01 1.392186560E-04 5.685000000E-01
2.191756100E+00 9.997358007E-01 1.368437108E-04 5.657000000E-01
2.202714900E+00 9.997377380E-01 1.345097866E-04 5.629000000E-01
2.213728500E+00 9.997398139E-01 1.322115615E-04 5.601000000E-01
2.224797100E+00 9.997420705E-01 1.299533042E-04 5.573000000E-01
2.235921100E+00 9.997445986E-01 1.277297950E-04 5.545000000E-01
2.247100700E+00 9.997475546E-01 1.255861250E-04 5.518000000E-01
2.258336200E+00 9.997523597E-01 1.234348507E-04 5.490000000E-01
2.260806400E+00 9.997544958E-01 1.229741145E-04 5.484000000E-01
2.266193500E+00 9.997553278E-01 1.306553730E-04 5.471000000E-01
2.269627900E+00 9.997534839E-01 1.299755748E-04 5.463000000E-01
2.280976000E+00 9.997521676E-01 1.277328794E-04 5.436000000E-01
2.292380900E+00 9.997524507E-01 1.255244331E-04 5.409000000E-01
2.303842800E+00 9.997532622E-01 1.233542109E-04 5.382000000E-01
2.315362000E+00 9.997543569E-01 1.212173393E-04 5.355000000E-01
2.326938800E+00 9.997556369E-01 1.191134174E-04 5.328000000E-01
2.338573500E+00 9.997569614E-01 1.170862097E-04 5.302000000E-01
2.350266400E+00 9.997584866E-01 1.150506578E-04 5.275000000E-01
2.362017700E+00 9.997600138E-01 1.130898756E-04 5.249000000E-01
2.373827800E+00 9.997616277E-01 1.111552033E-04 5.223000000E-01
2.385697000E+00 9.997633143E-01 1.093035973E-04 5.197000000E-01
2.397625400E+00 9.997650480E-01 1.074845606E-04 5.171000000E-01
2.409613600E+00 9.997668329E-01 1.056976156E-04 5.145000000E-01
2.421661600E+00 9.997685842E-01 1.039789375E-04 5.120000000E-01
2.433769900E+00 9.997704920E-01 1.022464780E-04 5.094000000E-01
2.445938800E+00 9.997723937E-01 1.005806623E-04 5.069000000E-01
2.458168500E+00 9.997744185E-01 9.894054978E-05 5.044000000E-01
2.470459300E+00 9.997766647E-01 9.732962596E-05 5.019000000E-01
2.482811600E+00 9.997795292E-01 9.573990839E-05 4.994000000E-01
2.486142800E+00 9.997806890E-01 9.530616221E-05 4.987000000E-01
2.495225700E+00 9.997821733E-01 9.853387232E-05 4.969000000E-01
2.496257100E+00 9.997819817E-01 9.840231907E-05 4.967000000E-01
2.507701800E+00 9.997818300E-01 9.693106517E-05 4.944000000E-01
2.520240300E+00 9.997826076E-01 9.538806242E-05 4.920000000E-01
2.532841500E+00 9.997837800E-01 9.382667528E-05 4.895000000E-01
2.545505700E+00 9.997850128E-01 9.233099718E-05 4.871000000E-01
2.558233300E+00 9.997864253E-01 9.081370735E-05 4.846000000E-01
2.571024400E+00 9.997878116E-01 8.935714452E-05 4.822000000E-01
2.583879600E+00 9.997892450E-01 8.791962582E-05 4.798000000E-01
2.596799000E+00 9.997906268E-01 8.653720602E-05 4.775000000E-01
2.609782900E+00 9.997921259E-01 8.514022272E-05 4.751000000E-01
2.622831900E+00 9.997936495E-01 8.376503962E-05 4.727000000E-01
2.635946000E+00 9.997951034E-01 8.243637809E-05 4.704000000E-01
2.649125700E+00 9.997966640E-01 8.108377056E-05 4.680000000E-01
2.662371400E+00 9.997981551E-01 7.978350213E-05 4.657000000E-01
2.675683200E+00 9.997996609E-01 7.850360416E-05 4.634000000E-01
2.689061700E+00 9.998011799E-01 7.723737701E-05 4.611000000E-01
2.702507000E+00 9.998027103E-01 7.598793204E-05 4.588000000E-01
2.716019500E+00 9.998042512E-01 7.475825322E-05 4.565000000E-01
2.729599600E+00 9.998058006E-01 7.354183630E-05 4.542000000E-01
2.743247600E+00 9.998072730E-01 7.237680992E-05 4.520000000E-01
2.756963800E+00 9.998088375E-01 7.119239235E-05 4.497000000E-01
2.770748600E+00 9.998103238E-01 7.005523377E-05 4.475000000E-01
2.784602400E+00 9.998119000E-01 6.890520038E-05 4.452000000E-01
2.798525400E+00 9.998133967E-01 6.779837274E-05 4.430000000E-01
2.812518000E+00 9.998148977E-01 6.670632086E-05 4.408000000E-01
2.826580600E+00 9.998164026E-01 6.562889370E-05 4.386000000E-01
2.840713500E+00 9.998178274E-01 6.459265240E-05 4.365000000E-01
2.854917100E+00 9.998193384E-01 6.354372085E-05 4.343000000E-01
2.869191700E+00 9.998208517E-01 6.250614463E-05 4.321000000E-01
2.883537600E+00 9.998222839E-01 6.151126459E-05 4.300000000E-01
2.897955300E+00 9.998237998E-01 6.050139552E-05 4.278000000E-01
2.912445100E+00 9.998252340E-01 5.953329213E-05 4.257000000E-01
2.927007300E+00 9.998266682E-01 5.857549722E-05 4.236000000E-01
2.941642400E+00 9.998281017E-01 5.763064357E-05 4.215000000E-01
2.956350600E+00 9.998295338E-01 5.669593529E-05 4.194000000E-01
2.971132300E+00 9.998309629E-01 5.577131794E-05 4.173000000E-01
2.985988000E+00 9.998323846E-01 5.486195285E-05 4.152000000E-01
3.000917900E+00 9.998336997E-01 5.398601052E-05 4.132000000E-01
3.015922500E+00 9.998351176E-01 5.305260944E-05 4.111000000E-01
3.031002100E+00 9.998364628E-01 5.216042337E-05 4.091000000E-01
3.046157100E+00 9.998378936E-01 5.125291876E-05 4.070000000E-01
3.061387900E+00 9.998392497E-01 5.038568813E-05 4.050000000E-01
3.076694900E+00 9.998406098E-01 4.952811998E-05 4.030000000E-01
3.092078300E+00 9.998419731E-01 4.868502604E-05 4.010000000E-01
3.107538700E+00 9.998433394E-01 4.785379937E-05 3.990000000E-01
3.123076400E+00 9.998447074E-01 4.703431507E-05 3.970000000E-01
3.138691800E+00 9.998460769E-01 4.622644897E-05 3.950000000E-01
3.154385300E+00 9.998473694E-01 4.545320022E-05 3.931000000E-01
3.170157200E+00 9.998487402E-01 4.466791764E-05 3.911000000E-01
3.186008000E+00 9.998495523E-01 4.390728668E-05 3.892000000E-01
3.201938000E+00 9.998509274E-01 4.312832901E-05 3.872000000E-01
3.217947700E+00 9.998522269E-01 4.238495475E-05 3.853000000E-01
3.234037400E+00 9.998535273E-01 4.164997647E-05 3.834000000E-01
3.250207600E+00 9.998548286E-01 4.092775075E-05 3.815000000E-01
3.266458700E+00 9.998561302E-01 4.021373979E-05 3.796000000E-01
3.282791000E+00 9.998571127E-01 3.951005546E-05 3.777000000E-01
3.299204900E+00 9.998584174E-01 3.880804093E-05 3.758000000E-01
3.315700900E+00 9.998597224E-01 3.811630373E-05 3.739000000E-01
3.332279400E+00 9.998609524E-01 3.745695615E-05 3.721000000E-01
3.348940800E+00 9.998622571E-01 3.678723305E-05 3.702000000E-01
3.365685600E+00 9.998634867E-01 3.614703724E-05 3.684000000E-01
3.382514000E+00 9.998647896E-01 3.549879644E-05 3.665000000E-01
3.399426500E+00 9.998660175E-01 3.487933037E-05 3.647000000E-01
3.416423700E+00 9.998672442E-01 3.426891846E-05 3.629000000E-01
3.433505800E+00 9.998684693E-01 3.366746187E-05 3.611000000E-01
3.450673300E+00 9.998696927E-01 3.307486234E-05 3.593000000E-01
3.467926700E+00 9.998709141E-01 3.249295562E-05 3.575000000E-01
3.485266300E+00 9.998721334E-01 3.191967237E-05 3.557000000E-01
3.502692700E+00 9.998732787E-01 3.137263855E-05 3.540000000E-01
3.520206100E+00 9.998744934E-01 3.081608880E-05 3.522000000E-01
3.537807200E+00 9.998756344E-01 3.028515680E-05 3.505000000E-01
3.555496200E+00 9.998768438E-01 2.974680958E-05 3.487000000E-01
3.573273700E+00 9.998779797E-01 2.923342447E-05 3.470000000E-01
3.591140000E+00 9.998791131E-01 2.872583318E-05 3.453000000E-01
3.609095700E+00 9.998803133E-01 2.821114732E-05 3.435000000E-01
3.627141200E+00 9.998814408E-01 2.772052210E-05 3.418000000E-01
3.645276900E+00 9.998825653E-01 2.723723738E-05 3.401000000E-01
3.663503300E+00 9.998836866E-01 2.676120935E-05 3.384000000E-01
3.681820800E+00 9.998848048E-01 2.629063971E-05 3.367000000E-01
3.700229900E+00 9.998858515E-01 2.584261674E-05 3.351000000E-01
3.718731100E+00 9.998869634E-01 2.538601965E-05 3.334000000E-01
3.737324700E+00 9.998880717E-01 2.493638541E-05 3.317000000E-01
3.756011400E+00 9.998891092E-01 2.450847941E-05 3.301000000E-01
3.774791400E+00 9.998901437E-01 2.408700083E-05 3.285000000E-01
3.793665400E+00 9.998912417E-01 2.365901076E-05 3.268000000E-01
3.812633700E+00 9.998922695E-01 2.325032957E-05 3.252000000E-01
3.831696900E+00 9.998932940E-01 2.284785297E-05 3.236000000E-01
3.850855400E+00 9.998943151E-01 2.245150829E-05 3.220000000E-01
3.870109600E+00 9.998953328E-01 2.206122333E-05 3.204000000E-01
3.889460200E+00 9.998963468E-01 2.167538886E-05 3.188000000E-01
3.908907500E+00 9.998973574E-01 2.129550188E-05 3.172000000E-01
3.928452000E+00 9.998983642E-01 2.092299811E-05 3.156000000E-01
3.948094300E+00 9.998993672E-01 2.055477820E-05 3.140000000E-01
3.967834700E+00 9.999003027E-01 2.020522338E-05 3.125000000E-01
3.987673900E+00 9.999012983E-01 1.984824239E-05 3.109000000E-01
4.055024000E+00 9.999037044E-01 1.872142310E-05 3.058000000E-01
4.334821000E+00 9.999157028E-01 1.475705300E-05 2.860000000E-01
4.633924000E+00 9.999261823E-01 1.165079066E-05 2.676000000E-01
4.953664000E+00 9.999355215E-01 9.187881818E-06 2.503000000E-01
5.295467000E+00 9.999437233E-01 7.246972061E-06 2.341000000E-01
5.660855000E+00 9.999509148E-01 5.725956867E-06 2.190000000E-01
6.051453000E+00 9.999572096E-01 4.531527014E-06 2.049000000E-01
6.469004000E+00 9.999627313E-01 3.590781674E-06 1.917000000E-01
6.915365000E+00 9.999675929E-01 2.845872231E-06 1.793000000E-01
7.392525000E+00 9.999718702E-01 2.247006859E-06 1.677000000E-01
7.902609000E+00 9.999756435E-01 1.776496456E-06 1.569000000E-01
8.447890000E+00 9.999790458E-01 1.406615769E-06 1.468000000E-01
9.030794000E+00 9.999824554E-01 1.108595396E-06 1.373000000E-01
9.059218000E+00 9.999826420E-01 1.095964722E-06 1.369000000E-01
9.197879000E+00 9.999839713E-01 1.034120962E-06 1.348000000E-01
9.234856000E+00 9.999850267E-01 1.019123990E-06 1.343000000E-01
9.290320000E+00 9.999842722E-01 2.806096363E-06 1.335000000E-01
9.428982000E+00 9.999839492E-01 2.631875981E-06 1.315000000E-01
9.653919000E+00 9.999843157E-01 2.377515160E-06 1.284000000E-01
1.014163000E+01 9.999856940E-01 1.957455925E-06 1.223000000E-01
1.029686000E+01 9.999863963E-01 1.844565264E-06 1.204000000E-01
1.032004000E+01 9.999865947E-01 1.827856560E-06 1.201000000E-01
1.033825000E+01 9.999868705E-01 1.815923745E-06 1.199000000E-01
1.040034000E+01 9.999866357E-01 2.498293825E-06 1.192000000E-01
1.055557000E+01 9.999866731E-01 2.358201474E-06 1.175000000E-01
1.065299000E+01 9.999868400E-01 2.273261684E-06 1.164000000E-01
1.081605000E+01 9.999872495E-01 2.139922411E-06 1.146000000E-01
1.085953000E+01 9.999874790E-01 2.108832329E-06 1.142000000E-01
1.092475000E+01 9.999874254E-01 2.390382768E-06 1.135000000E-01
1.103212000E+01 9.999874955E-01 2.307770023E-06 1.124000000E-01
1.108781000E+01 9.999875707E-01 2.265045539E-06 1.118000000E-01
1.179334000E+01 9.999886652E-01 1.819726325E-06 1.051000000E-01
1.260708000E+01 9.999898968E-01 1.436541330E-06 9.834000000E-02
1.347697000E+01 9.999910553E-01 1.132674634E-06 9.200000000E-02
1.440688000E+01 9.999921117E-01 8.895912081E-07 8.606000000E-02
1.540095000E+01 9.999930623E-01 6.975805498E-07 8.050000000E-02
1.646362000E+01 9.999939075E-01 5.469547997E-07 7.531000000E-02
1.759961000E+01 9.999946571E-01 4.288598174E-07 7.045000000E-02
1.881398000E+01 9.999953150E-01 3.362554506E-07 6.590000000E-02
2.011215000E+01 9.999958976E-01 2.635107039E-07 6.165000000E-02
2.149988000E+01 9.999964082E-01 2.065262457E-07 5.767000000E-02
2.298338000E+01 9.999968563E-01 1.616851610E-07 5.395000000E-02
2.456923000E+01 9.999972514E-01 1.265942876E-07 5.046000000E-02
2.626450000E+01 9.999975958E-01 9.926772643E-08 4.721000000E-02
2.807676000E+01 9.999978981E-01 7.723847917E-08 4.416000000E-02
3.001405000E+01 9.999981628E-01 5.999558324E-08 4.131000000E-02
3.208502000E+01 9.999983948E-01 4.663187997E-08 3.864000000E-02
3.429889000E+01 9.999985970E-01 3.629034334E-08 3.615000000E-02
3.666551000E+01 9.999987746E-01 2.824418643E-08 3.381000000E-02
3.919543000E+01 9.999989293E-01 2.201328596E-08 3.163000000E-02
4.189992000E+01 9.999990645E-01 1.714210266E-08 2.959000000E-02
4.479101000E+01 9.999991830E-01 1.334422764E-08 2.768000000E-02
4.788159000E+01 9.999992868E-01 1.036711002E-08 2.589000000E-02
5.118542000E+01 9.999993775E-01 8.033750892E-09 2.422000000E-02
5.471721000E+01 9.999994571E-01 6.229386598E-09 2.266000000E-02
5.849270000E+01 9.999995277E-01 4.831703193E-09 2.120000000E-02
6.204752000E+01 9.999995866E-01 3.858969875E-09 1.998000000E-02
6.252870000E+01 9.999995951E-01 3.748896793E-09 1.983000000E-02
6.299723000E+01 9.999996055E-01 3.643297407E-09 1.968000000E-02
6.325049000E+01 9.999996165E-01 3.587818216E-09 1.960000000E-02
6.363037000E+01 9.999996130E-01 1.869766175E-08 1.949000000E-02
6.458008000E+01 9.999996176E-01 1.774162927E-08 1.920000000E-02
6.684318000E+01 9.999996382E-01 1.571117292E-08 1.855000000E-02
7.145536000E+01 9.999996800E-01 1.234301156E-08 1.735000000E-02
7.638578000E+01 9.999997184E-01 9.685926442E-09 1.623000000E-02
8.165640000E+01 9.999997528E-01 7.596846092E-09 1.518000000E-02
8.729069000E+01 9.999997832E-01 5.936588178E-09 1.420000000E-02
9.331374000E+01 9.999998098E-01 4.642720463E-09 1.329000000E-02
9.975239000E+01 9.999998335E-01 3.626325661E-09 1.243000000E-02
1.066353000E+02 9.999998541E-01 2.834906407E-09 1.163000000E-02
1.139931000E+02 9.999998723E-01 2.216030657E-09 1.088000000E-02
1.218587000E+02 9.999998884E-01 1.729554024E-09 1.017000000E-02
1.302669000E+02 9.999999022E-01 1.350951519E-09 9.518000000E-03
1.392553000E+02 9.999999144E-01 1.051706659E-09 8.903000000E-03
1.488640000E+02 9.999999251E-01 8.190790787E-10 8.329000000E-03
1.591356000E+02 9.999999345E-01 6.377954968E-10 7.791000000E-03
1.701159000E+02 9.999999427E-01 4.967197970E-10 7.288000000E-03
1.818539000E+02 9.999999499E-01 3.869428365E-10 6.818000000E-03
1.944018000E+02 9.999999561E-01 3.014304876E-10 6.378000000E-03
2.078156000E+02 9.999999616E-01 2.347985842E-10 5.966000000E-03
2.221548000E+02 9.999999664E-01 1.829398318E-10 5.581000000E-03
2.374835000E+02 9.999999706E-01 1.425540407E-10 5.221000000E-03
2.538699000E+02 9.999999743E-01 1.110797820E-10 4.884000000E-03
2.713869000E+02 9.999999775E-01 8.657400133E-11 4.569000000E-03
2.901126000E+02 9.999999803E-01 6.784669190E-11 4.274000000E-03
3.101304000E+02 9.999999828E-01 5.323493916E-11 3.998000000E-03
3.315294000E+02 9.999999849E-01 4.177410153E-11 3.740000000E-03
3.544049000E+02 9.999999868E-01 3.277240455E-11 3.498000000E-03
3.788588000E+02 9.999999885E-01 2.573285218E-11 3.273000000E-03
4.050001000E+02 9.999999899E-01 2.018693602E-11 3.061000000E-03
4.329451000E+02 0.000000000E+00 0.000000000E+00 2.864000000E-03
