# 11/08/2021 
# Data retrieved from www.chemicool.com/densities.html 
# Includes the real (n) and complex (k) part of the  refractive index. 
# Element, Mo  (Z = 42) 
# Nominal density, g cm-3 =  10.2 
#    E [keV]      n       k    Wavelength [nm] 
1.069000000E-02 -1.523632448E+01 4.596425520E-03 1.160000000E+02
1.142761000E-02 -9.124040546E-01 1.473802531E+00 1.085000000E+02
1.221612000E-02 -7.438696935E-01 1.326096268E+00 1.015000000E+02
1.305903000E-02 -5.895832421E-01 1.188952152E+00 9.494000000E+01
1.396010000E-02 -4.484162476E-01 1.062569309E+00 8.881000000E+01
1.492335000E-02 -3.187766023E-01 9.465276530E-01 8.308000000E+01
1.595306000E-02 -1.992911623E-01 8.403547487E-01 7.772000000E+01
1.705382000E-02 -8.876030004E-02 7.434975718E-01 7.270000000E+01
1.823053000E-02 1.329619949E-02 6.558164989E-01 6.801000000E+01
1.948844000E-02 1.078868705E-01 5.766268556E-01 6.362000000E+01
2.083314000E-02 1.956748009E-01 5.054355637E-01 5.951000000E+01
2.227063000E-02 2.770581684E-01 4.418577560E-01 5.567000000E+01
2.380730000E-02 3.527744173E-01 3.852894832E-01 5.208000000E+01
2.545001000E-02 4.236920928E-01 3.351132213E-01 4.872000000E+01
2.720606000E-02 4.909826961E-01 2.907356755E-01 4.557000000E+01
2.908327000E-02 5.561952604E-01 2.517910432E-01 4.263000000E+01
3.109002000E-02 6.239920499E-01 2.176727572E-01 3.988000000E+01
3.323523000E-02 7.133641643E-01 1.879074689E-01 3.731000000E+01
3.410400000E-02 7.808400904E-01 1.767722768E-01 3.635000000E+01
3.462600000E-02 8.930957738E-01 1.700236887E-01 3.581000000E+01
3.476520000E-02 1.028426031E+00 1.681969787E-01 3.566000000E+01
3.497400000E-02 8.786645423E-01 4.315495203E-01 3.545000000E+01
3.552846000E-02 7.485153825E-01 4.002156296E-01 3.490000000E+01
3.797993000E-02 6.549592893E-01 2.927074917E-01 3.264000000E+01
4.060054000E-02 6.621088566E-01 2.179350203E-01 3.054000000E+01
4.340198000E-02 6.897676413E-01 1.655836679E-01 2.857000000E+01
4.639671000E-02 7.221328070E-01 1.279347807E-01 2.672000000E+01
4.959809000E-02 7.537540621E-01 1.003361118E-01 2.500000000E+01
5.302035000E-02 7.833276220E-01 7.952439136E-02 2.338000000E+01
5.667876000E-02 8.100420034E-01 6.363842161E-02 2.187000000E+01
6.058959000E-02 8.342764119E-01 5.131457152E-02 2.046000000E+01
6.149100000E-02 8.397822604E-01 4.896650728E-02 2.016000000E+01
6.173820000E-02 8.418443946E-01 4.835404355E-02 2.008000000E+01
6.210900000E-02 8.429785912E-01 4.897216512E-02 1.996000000E+01
6.303600000E-02 8.468938112E-01 4.683509538E-02 1.967000000E+01
6.477028000E-02 8.546946984E-01 4.315125225E-02 1.914000000E+01
6.923942000E-02 8.725574552E-01 3.548437109E-02 1.791000000E+01
7.401695000E-02 8.885409804E-01 2.929735749E-02 1.675000000E+01
7.912411000E-02 9.025601158E-01 2.430638461E-02 1.567000000E+01
8.458368000E-02 9.148914306E-01 2.024099403E-02 1.466000000E+01
9.041995000E-02 9.257890029E-01 1.689793083E-02 1.371000000E+01
9.665893000E-02 9.352770378E-01 1.416729117E-02 1.283000000E+01
1.033284000E-01 9.436854560E-01 1.189612852E-02 1.200000000E+01
1.104581000E-01 9.511486989E-01 1.000659842E-02 1.122000000E+01
1.180797000E-01 9.575961631E-01 8.450755711E-03 1.050000000E+01
1.262272000E-01 9.633124217E-01 7.145045702E-03 9.822000000E+00
1.349368000E-01 9.683540006E-01 6.052661909E-03 9.188000000E+00
1.442475000E-01 9.728111020E-01 5.136008344E-03 8.595000000E+00
1.542005000E-01 9.767673744E-01 4.363831973E-03 8.040000000E+00
1.648404000E-01 9.802959884E-01 3.712074585E-03 7.521000000E+00
1.762144000E-01 9.834703479E-01 3.160906287E-03 7.036000000E+00
1.883732000E-01 9.863741366E-01 2.693127345E-03 6.582000000E+00
2.013709000E-01 9.891248042E-01 2.295171835E-03 6.157000000E+00
2.152655000E-01 9.919644743E-01 1.956714913E-03 5.760000000E+00
2.224600000E-01 9.937146955E-01 1.808182419E-03 5.573000000E+00
2.256940000E-01 9.949459818E-01 1.746678679E-03 5.493000000E+00
2.258650000E-01 9.950471217E-01 1.743616656E-03 5.489000000E+00
2.267730000E-01 9.959714635E-01 1.726921457E-03 5.467000000E+00
2.281350000E-01 9.956819170E-01 3.087731766E-03 5.435000000E+00
2.291485000E-01 9.957713794E-01 3.104744802E-03 5.411000000E+00
2.301188000E-01 9.963184908E-01 3.121754113E-03 5.388000000E+00
2.314515000E-01 9.958716830E-01 4.074614569E-03 5.357000000E+00
2.315400000E-01 9.958567238E-01 4.078407076E-03 5.355000000E+00
2.349060000E-01 9.957692749E-01 4.226253631E-03 5.278000000E+00
2.459970000E-01 9.964659443E-01 4.834301816E-03 5.040000000E+00
2.629708000E-01 9.972923322E-01 6.004683626E-03 4.715000000E+00
2.811158000E-01 9.974612193E-01 7.017979371E-03 4.410000000E+00
3.005128000E-01 9.971578338E-01 7.636081816E-03 4.126000000E+00
3.212482000E-01 9.966362271E-01 7.770618337E-03 3.859000000E+00
3.434143000E-01 9.961271679E-01 7.475632901E-03 3.610000000E+00
3.671099000E-01 9.958195113E-01 6.864984573E-03 3.377000000E+00
3.844540000E-01 9.958865422E-01 6.330785793E-03 3.225000000E+00
3.903385000E-01 9.961591490E-01 6.141607760E-03 3.176000000E+00
3.919077000E-01 9.965097564E-01 6.094135466E-03 3.164000000E+00
3.924405000E-01 9.967378988E-01 6.779519736E-03 3.159000000E+00
3.942615000E-01 9.961356624E-01 6.718710129E-03 3.145000000E+00
4.001460000E-01 9.958242071E-01 6.511680483E-03 3.098000000E+00
4.015060000E-01 9.957924156E-01 6.466972213E-03 3.088000000E+00
4.076515000E-01 9.957728882E-01 6.254883745E-03 3.041000000E+00
4.092903000E-01 9.958869315E-01 6.200084223E-03 3.029000000E+00
4.117485000E-01 9.957041587E-01 6.396056400E-03 3.011000000E+00
4.178940000E-01 9.955082452E-01 6.186981686E-03 2.967000000E+00
4.195189000E-01 9.954793139E-01 6.130015895E-03 2.955000000E+00
4.484657000E-01 9.952868919E-01 5.215589983E-03 2.765000000E+00
4.794098000E-01 9.953964039E-01 4.369554638E-03 2.586000000E+00
4.945080000E-01 9.955253553E-01 4.009385616E-03 2.507000000E+00
5.020770000E-01 9.956459556E-01 3.840449833E-03 2.469000000E+00
5.040954000E-01 9.957404234E-01 3.799643502E-03 2.460000000E+00
5.071230000E-01 9.956755875E-01 3.898497657E-03 2.445000000E+00
5.124891000E-01 9.956541229E-01 3.782924658E-03 2.419000000E+00
5.146920000E-01 9.956558855E-01 3.738214775E-03 2.409000000E+00
5.478508000E-01 9.958493698E-01 3.120601023E-03 2.263000000E+00
5.856525000E-01 9.961480619E-01 2.560674849E-03 2.117000000E+00
6.260625000E-01 9.964767286E-01 2.092166478E-03 1.980000000E+00
6.692609000E-01 9.968044825E-01 1.706577871E-03 1.853000000E+00
7.154399000E-01 9.971260123E-01 1.386367651E-03 1.733000000E+00
7.648052000E-01 9.974294117E-01 1.123853832E-03 1.621000000E+00
8.175768000E-01 9.977117584E-01 9.095235351E-04 1.516000000E+00
8.739896000E-01 9.979665232E-01 7.361472841E-04 1.419000000E+00
9.342948000E-01 9.982008518E-01 5.939298264E-04 1.327000000E+00
9.987612000E-01 9.984099714E-01 4.788009386E-04 1.241000000E+00
1.067676000E+00 9.985998755E-01 3.798050021E-04 1.161000000E+00
1.141345000E+00 9.987720724E-01 3.014067336E-04 1.086000000E+00
1.220098000E+00 9.989252997E-01 2.395040268E-04 1.016000000E+00
1.304285000E+00 9.990608411E-01 1.905599286E-04 9.506000000E-01
1.394281000E+00 9.991810126E-01 1.517262294E-04 8.892000000E-01
1.490486000E+00 9.992867562E-01 1.209706368E-04 8.318000000E-01
1.593329000E+00 9.993797075E-01 9.647097664E-05 7.781000000E-01
1.703269000E+00 9.994616348E-01 7.660459703E-05 7.279000000E-01
1.820795000E+00 9.995341659E-01 6.081561055E-05 6.809000000E-01
1.946430000E+00 9.995984308E-01 4.835492561E-05 6.370000000E-01
2.080733000E+00 9.996560321E-01 3.846926136E-05 5.959000000E-01
2.224304000E+00 9.997090141E-01 3.061051229E-05 5.574000000E-01
2.377781000E+00 9.997618945E-01 2.438688735E-05 5.214000000E-01
2.469796000E+00 9.998008373E-01 2.144231603E-05 5.020000000E-01
2.507599000E+00 9.998335923E-01 2.036492394E-05 4.944000000E-01
2.517680000E+00 9.998648598E-01 2.009725956E-05 4.925000000E-01
2.532801000E+00 9.998383083E-01 7.662613232E-05 4.895000000E-01
2.541848000E+00 9.998300797E-01 7.560287369E-05 4.878000000E-01
2.572598000E+00 9.998214008E-01 7.218468255E-05 4.819000000E-01
2.611974000E+00 9.998277790E-01 6.813497924E-05 4.747000000E-01
2.622475000E+00 9.998405990E-01 6.709639387E-05 4.728000000E-01
2.638225000E+00 9.998266314E-01 9.156845416E-05 4.700000000E-01
2.677602000E+00 9.998154671E-01 8.661442734E-05 4.630000000E-01
2.717235000E+00 9.998128732E-01 8.206913661E-05 4.563000000E-01
2.808190000E+00 9.998162465E-01 7.287451767E-05 4.415000000E-01
2.851172000E+00 9.998223076E-01 6.907182473E-05 4.349000000E-01
2.862634000E+00 9.998280461E-01 6.808112674E-05 4.331000000E-01
2.879827000E+00 9.998237360E-01 7.668555864E-05 4.305000000E-01
2.904724000E+00 9.998218000E-01 7.444723357E-05 4.268000000E-01
2.922810000E+00 9.998215934E-01 7.288673583E-05 4.242000000E-01
3.105150000E+00 9.998298534E-01 5.904601786E-05 3.993000000E-01
3.319406000E+00 9.998445350E-01 4.661498405E-05 3.735000000E-01
3.548445000E+00 9.998601214E-01 3.664291752E-05 3.494000000E-01
3.793288000E+00 9.998752880E-01 2.878422180E-05 3.269000000E-01
4.055024000E+00 9.998894870E-01 2.262074606E-05 3.058000000E-01
4.334821000E+00 9.999024830E-01 1.778138806E-05 2.860000000E-01
4.633924000E+00 9.999141019E-01 1.399564699E-05 2.676000000E-01
4.953664000E+00 9.999245238E-01 1.101781895E-05 2.503000000E-01
5.295467000E+00 9.999335695E-01 8.640399759E-06 2.341000000E-01
5.660855000E+00 9.999417782E-01 6.759212139E-06 2.190000000E-01
6.051453000E+00 9.999489667E-01 5.281176995E-06 2.049000000E-01
6.469004000E+00 9.999553494E-01 4.127324800E-06 1.917000000E-01
6.915365000E+00 9.999609773E-01 3.226716087E-06 1.793000000E-01
7.392525000E+00 9.999659087E-01 2.524805058E-06 1.677000000E-01
7.902609000E+00 9.999702051E-01 1.976523034E-06 1.569000000E-01
8.447890000E+00 9.999739620E-01 1.548441421E-06 1.468000000E-01
9.030794000E+00 9.999772610E-01 1.210526864E-06 1.373000000E-01
9.653919000E+00 9.999801547E-01 9.390945802E-07 1.284000000E-01
1.032004000E+01 9.999826775E-01 7.292056175E-07 1.201000000E-01
1.103212000E+01 9.999848648E-01 5.671242836E-07 1.124000000E-01
1.179334000E+01 9.999868017E-01 4.389800822E-07 1.051000000E-01
1.260708000E+01 9.999884780E-01 3.400063454E-07 9.834000000E-02
1.347697000E+01 9.999899480E-01 2.625325282E-07 9.200000000E-02
1.440688000E+01 9.999912362E-01 2.028700476E-07 8.606000000E-02
1.540095000E+01 9.999923651E-01 1.568916746E-07 8.050000000E-02
1.646362000E+01 9.999933546E-01 1.214723828E-07 7.531000000E-02
1.759961000E+01 9.999942305E-01 9.411935211E-08 7.045000000E-02
1.881398000E+01 9.999950257E-01 7.298445779E-08 6.590000000E-02
1.959951000E+01 9.999955277E-01 6.248171640E-08 6.326000000E-02
1.989950000E+01 9.999958081E-01 5.899037829E-08 6.231000000E-02
1.997950000E+01 9.999960173E-01 5.809881915E-08 6.206000000E-02
2.011215000E+01 9.999958798E-01 3.978456779E-07 6.165000000E-02
2.039949000E+01 9.999958533E-01 3.767566790E-07 6.078000000E-02
2.149988000E+01 9.999961311E-01 3.091524751E-07 5.767000000E-02
2.298338000E+01 9.999965549E-01 2.427072801E-07 5.395000000E-02
2.456923000E+01 9.999969568E-01 1.908628846E-07 5.046000000E-02
2.626450000E+01 9.999973191E-01 1.500002021E-07 4.721000000E-02
2.807676000E+01 9.999976440E-01 1.170104319E-07 4.416000000E-02
3.001405000E+01 9.999979324E-01 9.116329504E-08 4.131000000E-02
3.208502000E+01 9.999981876E-01 7.102237414E-08 3.864000000E-02
3.429889000E+01 9.999984117E-01 5.536052997E-08 3.615000000E-02
3.666551000E+01 9.999986096E-01 4.313094762E-08 3.381000000E-02
3.919543000E+01 9.999987826E-01 3.362296359E-08 3.163000000E-02
4.189992000E+01 9.999989335E-01 2.607185788E-08 2.959000000E-02
4.479101000E+01 9.999990668E-01 2.016601361E-08 2.768000000E-02
4.788159000E+01 9.999991838E-01 1.559600024E-08 2.589000000E-02
5.118542000E+01 9.999992859E-01 1.206671238E-08 2.422000000E-02
5.471721000E+01 9.999993752E-01 9.338574617E-09 2.266000000E-02
5.849270000E+01 9.999994534E-01 7.226566775E-09 2.120000000E-02
6.252870000E+01 9.999995220E-01 5.588803300E-09 1.983000000E-02
6.684318000E+01 9.999995819E-01 4.321061631E-09 1.855000000E-02
7.145536000E+01 9.999996344E-01 3.340118291E-09 1.735000000E-02
7.638578000E+01 9.999996803E-01 2.582812547E-09 1.623000000E-02
8.165640000E+01 9.999997204E-01 1.993901134E-09 1.518000000E-02
8.729069000E+01 9.999997555E-01 1.534586612E-09 1.420000000E-02
9.331374000E+01 9.999997859E-01 1.180538790E-09 1.329000000E-02
9.975239000E+01 9.999998128E-01 9.070530030E-10 1.243000000E-02
1.066353000E+02 9.999998362E-01 6.974622235E-10 1.163000000E-02
1.139931000E+02 9.999998567E-01 5.361705062E-10 1.088000000E-02
1.218587000E+02 9.999998748E-01 4.115125398E-10 1.017000000E-02
1.302669000E+02 9.999998904E-01 3.166333369E-10 9.518000000E-03
1.392553000E+02 9.999999041E-01 2.433975598E-10 8.903000000E-03
1.488640000E+02 9.999999161E-01 1.871482636E-10 8.329000000E-03
1.591356000E+02 9.999999266E-01 1.438716461E-10 7.791000000E-03
1.701159000E+02 9.999999358E-01 1.106134043E-10 7.288000000E-03
1.818539000E+02 9.999999438E-01 8.506034331E-11 6.818000000E-03
1.944018000E+02 9.999999509E-01 6.540659971E-11 6.378000000E-03
2.078156000E+02 9.999999570E-01 5.028969799E-11 5.966000000E-03
2.221548000E+02 9.999999624E-01 3.867256514E-11 5.581000000E-03
2.374835000E+02 9.999999671E-01 2.974286825E-11 5.221000000E-03
2.538699000E+02 9.999999712E-01 2.287299561E-11 4.884000000E-03
2.713869000E+02 9.999999748E-01 1.759236066E-11 4.569000000E-03
2.901126000E+02 9.999999779E-01 1.352978902E-11 4.274000000E-03
3.101304000E+02 9.999999807E-01 1.040541845E-11 3.998000000E-03
3.315294000E+02 9.999999831E-01 8.003254430E-12 3.740000000E-03
3.544049000E+02 9.999999852E-01 6.153585638E-12 3.498000000E-03
3.788588000E+02 9.999999871E-01 4.735599839E-12 3.273000000E-03
4.050001000E+02 9.999999887E-01 3.641028131E-12 3.061000000E-03
4.329451000E+02 0.000000000E+00 0.000000000E+00 2.864000000E-03
