# 11/08/2021 
# Data retrieved from www.chemicool.com/densities.html 
# Includes the real (n) and complex (k) part of the  refractive index. 
# Element, O  (Z = 8) 
# Nominal density, g cm-3 =  0.001429 
#    E [keV]      n       k    Wavelength [nm] 
6.958000000E-03 9.938717154E-01 3.126864980E-09 1.782000000E+02
7.064500000E-03 1.002374269E+00 0.000000000E+00 1.755000000E+02
7.092900000E-03 1.003186305E+00 0.000000000E+00 1.748000000E+02
7.135500000E-03 1.002349655E+00 1.594912980E-03 1.738000000E+02
7.242000000E-03 1.001618325E+00 1.569115462E-03 1.712000000E+02
1.069000000E-02 9.999313505E-01 9.294895983E-04 1.160000000E+02
1.142761000E-02 9.998771698E-01 8.305622148E-04 1.085000000E+02
1.221612000E-02 9.998405292E-01 7.398724827E-04 1.015000000E+02
1.305903000E-02 9.998170653E-01 6.572413347E-04 9.494000000E+01
1.396010000E-02 9.998033838E-01 5.827575732E-04 8.881000000E+01
1.492335000E-02 9.997969602E-01 5.159622063E-04 8.308000000E+01
1.595306000E-02 9.997959004E-01 4.562114160E-04 7.772000000E+01
1.705382000E-02 9.997988033E-01 4.028269792E-04 7.270000000E+01
1.823053000E-02 9.998045362E-01 3.553187872E-04 6.801000000E+01
1.948844000E-02 9.998123984E-01 3.129882451E-04 6.362000000E+01
2.083314000E-02 9.998219379E-01 2.752730926E-04 5.951000000E+01
2.227063000E-02 9.998331175E-01 2.417389748E-04 5.567000000E+01
2.322600000E-02 9.998423174E-01 2.225349786E-04 5.338000000E+01
2.358150000E-02 9.998482861E-01 2.159747712E-04 5.258000000E+01
2.367630000E-02 9.998531251E-01 2.142596629E-04 5.237000000E+01
2.380730000E-02 9.998501299E-01 2.201243238E-04 5.208000000E+01
2.381850000E-02 9.998499803E-01 2.198838682E-04 5.205000000E+01
2.417400000E-02 9.998487005E-01 2.139601095E-04 5.129000000E+01
2.545001000E-02 9.998532027E-01 1.944639867E-04 4.872000000E+01
2.720606000E-02 9.998612299E-01 1.717287099E-04 4.557000000E+01
2.908327000E-02 9.998694050E-01 1.514642313E-04 4.263000000E+01
3.109002000E-02 9.998774711E-01 1.331975898E-04 3.988000000E+01
3.323523000E-02 9.998853868E-01 1.167311117E-04 3.731000000E+01
3.552846000E-02 9.998931853E-01 1.018705357E-04 3.490000000E+01
3.797993000E-02 9.999008392E-01 8.850536348E-05 3.264000000E+01
4.060054000E-02 9.999082014E-01 7.663044123E-05 3.054000000E+01
4.340198000E-02 9.999153688E-01 6.603331647E-05 2.857000000E+01
4.639671000E-02 9.999223173E-01 5.661657789E-05 2.672000000E+01
4.959809000E-02 9.999289112E-01 4.836662071E-05 2.500000000E+01
5.302035000E-02 9.999352514E-01 4.110145385E-05 2.338000000E+01
5.667876000E-02 9.999412172E-01 3.479501838E-05 2.187000000E+01
6.058959000E-02 9.999468102E-01 2.934426877E-05 2.046000000E+01
6.477028000E-02 9.999520388E-01 2.464874952E-05 1.914000000E+01
6.923942000E-02 9.999568682E-01 2.064004723E-05 1.791000000E+01
7.401695000E-02 9.999613623E-01 1.720631179E-05 1.675000000E+01
7.912411000E-02 9.999654678E-01 1.430732436E-05 1.567000000E+01
8.458368000E-02 9.999692134E-01 1.186244768E-05 1.466000000E+01
9.041995000E-02 9.999726358E-01 9.802613494E-06 1.371000000E+01
9.665893000E-02 9.999756954E-01 8.091026300E-06 1.283000000E+01
1.033284000E-01 9.999784756E-01 6.655285607E-06 1.200000000E+01
1.104581000E-01 9.999809818E-01 5.458355521E-06 1.122000000E+01
1.180797000E-01 9.999831908E-01 4.475775315E-06 1.050000000E+01
1.262272000E-01 9.999851743E-01 3.660199254E-06 9.822000000E+00
1.349368000E-01 9.999869359E-01 2.980545404E-06 9.188000000E+00
1.442475000E-01 9.999885088E-01 2.393311033E-06 8.595000000E+00
1.542005000E-01 9.999899133E-01 1.918935496E-06 8.040000000E+00
1.648404000E-01 9.999911598E-01 1.536731765E-06 7.521000000E+00
1.762144000E-01 9.999922613E-01 1.229684623E-06 7.036000000E+00
1.883732000E-01 9.999932338E-01 9.830803933E-07 6.582000000E+00
2.013709000E-01 9.999940907E-01 7.853106418E-07 6.157000000E+00
2.152655000E-01 9.999948429E-01 6.271090236E-07 5.760000000E+00
2.301188000E-01 9.999955046E-01 5.004651760E-07 5.388000000E+00
2.459970000E-01 9.999960852E-01 3.992701579E-07 5.040000000E+00
2.629708000E-01 9.999965937E-01 3.185472762E-07 4.715000000E+00
2.811158000E-01 9.999970410E-01 2.540100283E-07 4.410000000E+00
3.005128000E-01 9.999974318E-01 2.026682757E-07 4.126000000E+00
3.212482000E-01 9.999977767E-01 1.616063063E-07 3.859000000E+00
3.434143000E-01 9.999980793E-01 1.289308128E-07 3.610000000E+00
3.671099000E-01 9.999983467E-01 1.028798337E-07 3.377000000E+00
3.924405000E-01 9.999985844E-01 8.211307941E-08 3.159000000E+00
4.195189000E-01 9.999987985E-01 6.555410345E-08 2.955000000E+00
4.484657000E-01 9.999989957E-01 5.233266060E-08 2.765000000E+00
4.794098000E-01 9.999991918E-01 4.139634387E-08 2.586000000E+00
5.124891000E-01 9.999994395E-01 3.273577151E-08 2.419000000E+00
5.213600000E-01 9.999995519E-01 3.081974003E-08 2.378000000E+00
5.293400000E-01 9.999997832E-01 2.920827184E-08 2.342000000E+00
5.314680000E-01 1.000000044E+00 2.880827560E-08 2.333000000E+00
5.346600000E-01 9.999997773E-01 5.327529260E-07 2.319000000E+00
5.426400000E-01 9.999995569E-01 5.083407607E-07 2.285000000E+00
5.478508000E-01 9.999994994E-01 4.930524096E-07 2.263000000E+00
5.856525000E-01 9.999993787E-01 3.990514521E-07 2.117000000E+00
6.260625000E-01 9.999993803E-01 3.212699310E-07 1.980000000E+00
6.692609000E-01 9.999994140E-01 2.569685646E-07 1.853000000E+00
7.154399000E-01 9.999994609E-01 2.042029168E-07 1.733000000E+00
7.648052000E-01 9.999995115E-01 1.617815971E-07 1.621000000E+00
8.175768000E-01 9.999995619E-01 1.278909206E-07 1.516000000E+00
8.739896000E-01 9.999996091E-01 1.011827032E-07 1.419000000E+00
9.342948000E-01 9.999996533E-01 7.966067233E-08 1.327000000E+00
9.987612000E-01 9.999996938E-01 6.254063032E-08 1.241000000E+00
1.067676000E+00 9.999997300E-01 4.882587863E-08 1.161000000E+00
1.141345000E+00 9.999997628E-01 3.808109205E-08 1.086000000E+00
1.220098000E+00 9.999997918E-01 2.969706907E-08 1.016000000E+00
1.304285000E+00 9.999998176E-01 2.315220701E-08 9.506000000E-01
1.394281000E+00 9.999998403E-01 1.803437084E-08 8.892000000E-01
1.490486000E+00 9.999998604E-01 1.404455028E-08 8.318000000E-01
1.593329000E+00 9.999998779E-01 1.093404930E-08 7.781000000E-01
1.703269000E+00 9.999998933E-01 8.511063325E-09 7.279000000E-01
1.820795000E+00 9.999999068E-01 6.622842671E-09 6.809000000E-01
1.946430000E+00 9.999999186E-01 5.153672974E-09 6.370000000E-01
2.080733000E+00 9.999999289E-01 4.009573916E-09 5.959000000E-01
2.224304000E+00 9.999999379E-01 3.102509956E-09 5.574000000E-01
2.377781000E+00 9.999999458E-01 2.394533619E-09 5.214000000E-01
2.541848000E+00 9.999999526E-01 1.848694858E-09 4.878000000E-01
2.717235000E+00 9.999999586E-01 1.426882634E-09 4.563000000E-01
2.904724000E+00 9.999999639E-01 1.101143516E-09 4.268000000E-01
3.105150000E+00 9.999999685E-01 8.459295758E-10 3.993000000E-01
3.319406000E+00 9.999999724E-01 6.465584072E-10 3.735000000E-01
3.548445000E+00 9.999999759E-01 4.942795474E-10 3.494000000E-01
3.793288000E+00 9.999999790E-01 3.779674707E-10 3.269000000E-01
4.055024000E+00 9.999999816E-01 2.889266813E-10 3.058000000E-01
4.334821000E+00 9.999999840E-01 2.207774476E-10 2.860000000E-01
4.633924000E+00 9.999999860E-01 1.688557715E-10 2.676000000E-01
4.953664000E+00 9.999999877E-01 1.290566609E-10 2.503000000E-01
5.295467000E+00 9.999999893E-01 9.862314431E-11 2.341000000E-01
5.660855000E+00 9.999999906E-01 7.540161477E-11 2.190000000E-01
6.051453000E+00 9.999999918E-01 5.766366445E-11 2.049000000E-01
6.469004000E+00 9.999999928E-01 4.409419058E-11 1.917000000E-01
6.915365000E+00 9.999999937E-01 3.370013973E-11 1.793000000E-01
7.392525000E+00 9.999999945E-01 2.575546873E-11 1.677000000E-01
7.902609000E+00 9.999999952E-01 1.969565153E-11 1.569000000E-01
8.447890000E+00 9.999999958E-01 1.506336197E-11 1.468000000E-01
9.030794000E+00 9.999999963E-01 1.149470873E-11 1.373000000E-01
9.653919000E+00 9.999999968E-01 8.723666498E-12 1.284000000E-01
1.032004000E+01 9.999999972E-01 6.609318500E-12 1.201000000E-01
1.103212000E+01 9.999999976E-01 5.001485754E-12 1.124000000E-01
1.179334000E+01 9.999999979E-01 3.777644969E-12 1.051000000E-01
1.260708000E+01 9.999999981E-01 2.857307320E-12 9.834000000E-02
1.347697000E+01 9.999999984E-01 2.160397854E-12 9.200000000E-02
1.440688000E+01 9.999999986E-01 1.633084873E-12 8.606000000E-02
1.540095000E+01 9.999999987E-01 1.234405274E-12 8.050000000E-02
1.646362000E+01 9.999999989E-01 9.333309037E-13 7.531000000E-02
1.759961000E+01 9.999999990E-01 7.056011530E-13 7.045000000E-02
1.881398000E+01 9.999999992E-01 5.333728258E-13 6.590000000E-02
2.011215000E+01 9.999999993E-01 4.032665989E-13 6.165000000E-02
2.149988000E+01 9.999999994E-01 3.048540783E-13 5.767000000E-02
2.298338000E+01 9.999999994E-01 2.304864832E-13 5.395000000E-02
2.456923000E+01 9.999999995E-01 1.741935568E-13 5.046000000E-02
2.626450000E+01 9.999999996E-01 1.317241647E-13 4.721000000E-02
2.807676000E+01 9.999999996E-01 9.916068117E-14 4.416000000E-02
3.001405000E+01 9.999999997E-01 7.455215616E-14 4.131000000E-02
3.208502000E+01 9.999999997E-01 5.604220266E-14 3.864000000E-02
3.429889000E+01 9.999999997E-01 4.214192873E-14 3.615000000E-02
3.666551000E+01 9.999999998E-01 3.167309633E-14 3.381000000E-02
3.919543000E+01 9.999999998E-01 2.381593821E-14 3.163000000E-02
4.189992000E+01 9.999999998E-01 1.790793236E-14 2.959000000E-02
4.479101000E+01 9.999999999E-01 1.346384952E-14 2.768000000E-02
4.788159000E+01 9.999999999E-01 1.012014052E-14 2.589000000E-02
5.118542000E+01 9.999999999E-01 7.609427588E-15 2.422000000E-02
5.471721000E+01 9.999999999E-01 5.722720759E-15 2.266000000E-02
5.849270000E+01 9.999999999E-01 4.303669341E-15 2.120000000E-02
6.252870000E+01 9.999999999E-01 3.235248051E-15 1.983000000E-02
6.684318000E+01 9.999999999E-01 2.432379201E-15 1.855000000E-02
7.145536000E+01 9.999999999E-01 1.828244629E-15 1.735000000E-02
7.638578000E+01 9.999999999E-01 1.374564369E-15 1.623000000E-02
8.165640000E+01 1.000000000E+00 1.032810444E-15 1.518000000E-02
8.729069000E+01 1.000000000E+00 7.757366028E-16 1.420000000E-02
9.331374000E+01 1.000000000E+00 5.832477251E-16 1.329000000E-02
9.975239000E+01 1.000000000E+00 4.379368518E-16 1.243000000E-02
1.066353000E+02 1.000000000E+00 3.290862686E-16 1.163000000E-02
1.139931000E+02 1.000000000E+00 2.472074718E-16 1.088000000E-02
1.218587000E+02 1.000000000E+00 1.854021179E-16 1.017000000E-02
1.302669000E+02 1.000000000E+00 1.393887461E-16 9.518000000E-03
1.392553000E+02 1.000000000E+00 1.046839993E-16 8.903000000E-03
1.488640000E+02 1.000000000E+00 7.864289727E-17 8.329000000E-03
1.591356000E+02 1.000000000E+00 5.906526251E-17 7.791000000E-03
1.701159000E+02 1.000000000E+00 4.436473361E-17 7.288000000E-03
1.818539000E+02 1.000000000E+00 3.332796371E-17 6.818000000E-03
1.944018000E+02 1.000000000E+00 2.503386355E-17 6.378000000E-03
2.078156000E+02 1.000000000E+00 1.880192507E-17 5.966000000E-03
2.221548000E+02 1.000000000E+00 1.412355269E-17 5.581000000E-03
2.374835000E+02 1.000000000E+00 1.060981287E-17 5.221000000E-03
2.538699000E+02 1.000000000E+00 7.968949854E-18 4.884000000E-03
2.713869000E+02 1.000000000E+00 5.986630869E-18 4.569000000E-03
2.901126000E+02 1.000000000E+00 4.496461236E-18 4.274000000E-03
3.101304000E+02 1.000000000E+00 3.377391379E-18 3.998000000E-03
3.315294000E+02 1.000000000E+00 2.536981669E-18 3.740000000E-03
3.544049000E+02 1.000000000E+00 1.904992238E-18 3.498000000E-03
3.788588000E+02 1.000000000E+00 1.431611915E-18 3.273000000E-03
4.050001000E+02 1.000000000E+00 1.074843120E-18 3.061000000E-03
4.329451000E+02 0.000000000E+00 0.000000000E+00 2.864000000E-03
