# 11/08/2021 
# Data retrieved from www.chemicool.com/densities.html 
# Includes the real (n) and complex (k) part of the  refractive index. 
# Element, P  (Z = 15) 
# Nominal density, g cm-3 =  1.82 
#    E [keV]      n       k    Wavelength [nm] 
6.209957000E-03 -8.493833238E+00 5.952751476E-05 1.997000000E+02
6.257232000E-03 2.039173134E+00 0.000000000E+00 1.981000000E+02
6.305007000E-03 2.417816385E+00 0.000000000E+00 1.966000000E+02
6.330354000E-03 2.874302185E+00 0.000000000E+00 1.959000000E+02
6.353005000E-03 2.924763452E+00 5.709327526E-01 1.952000000E+02
6.368374000E-03 3.058976012E+00 5.752369176E-01 1.947000000E+02
6.378545000E-03 3.363457696E+00 5.782756135E-01 1.944000000E+02
6.416855000E-03 2.720376454E+00 1.729309413E+00 1.932000000E+02
6.463425000E-03 2.360481066E+00 1.769783680E+00 1.918000000E+02
6.512629000E-03 2.165943148E+00 1.814346490E+00 1.904000000E+02
1.069000000E-02 -4.385902680E-01 6.562333122E-01 1.160000000E+02
1.142761000E-02 -2.524346568E-01 4.183612870E-01 1.085000000E+02
1.221612000E-02 -6.610515683E-02 2.621196157E-01 1.015000000E+02
1.305903000E-02 1.022525017E-01 1.632879379E-01 9.494000000E+01
1.396010000E-02 2.463057844E-01 1.021620085E-01 8.881000000E+01
1.417226000E-02 2.755037791E-01 9.202018589E-02 8.748000000E+01
1.438918000E-02 3.037261814E-01 8.288222275E-02 8.616000000E+01
1.444703000E-02 3.109088674E-01 8.064442938E-02 8.582000000E+01
1.453380000E-02 3.215289769E-01 7.744463801E-02 8.531000000E+01
1.475072000E-02 3.472423258E-01 7.002901348E-02 8.405000000E+01
1.492335000E-02 3.665959433E-01 6.475785318E-02 8.308000000E+01
1.595306000E-02 4.661526679E-01 4.187336762E-02 7.772000000E+01
1.705382000E-02 5.485680956E-01 2.784920492E-02 7.270000000E+01
1.823053000E-02 6.168805368E-01 1.926586036E-02 6.801000000E+01
1.948844000E-02 6.738143197E-01 1.406217515E-02 6.362000000E+01
2.083314000E-02 7.215500174E-01 1.099050010E-02 5.951000000E+01
2.227063000E-02 7.616100030E-01 9.258852411E-03 5.567000000E+01
2.380730000E-02 7.953395879E-01 8.335214087E-03 5.208000000E+01
2.545001000E-02 8.238409270E-01 7.854924398E-03 4.872000000E+01
2.720606000E-02 8.480314800E-01 7.575982792E-03 4.557000000E+01
2.908327000E-02 8.685536560E-01 7.349553463E-03 4.263000000E+01
3.109002000E-02 8.860773141E-01 7.087150739E-03 3.988000000E+01
3.323523000E-02 9.011042673E-01 6.756984399E-03 3.731000000E+01
3.552846000E-02 9.140967640E-01 6.356651967E-03 3.490000000E+01
3.797993000E-02 9.253813443E-01 5.906643802E-03 3.264000000E+01
4.060054000E-02 9.351358041E-01 5.435705911E-03 3.054000000E+01
4.340198000E-02 9.436709148E-01 4.957712893E-03 2.857000000E+01
4.639671000E-02 9.511677500E-01 4.489974106E-03 2.672000000E+01
4.959809000E-02 9.577034985E-01 4.051538000E-03 2.500000000E+01
5.302035000E-02 9.634801336E-01 3.644187825E-03 2.338000000E+01
5.667876000E-02 9.685374079E-01 3.275201091E-03 2.187000000E+01
6.058959000E-02 9.729812555E-01 2.942299427E-03 2.046000000E+01
6.477028000E-02 9.769022834E-01 2.642160922E-03 1.914000000E+01
6.923942000E-02 9.803580361E-01 2.373502811E-03 1.791000000E+01
7.401695000E-02 9.834443740E-01 2.129212114E-03 1.675000000E+01
7.912411000E-02 9.861879154E-01 1.909902911E-03 1.567000000E+01
8.458368000E-02 9.886570289E-01 1.711300984E-03 1.466000000E+01
9.041995000E-02 9.909168851E-01 1.529597806E-03 1.371000000E+01
9.665893000E-02 9.930125375E-01 1.365950864E-03 1.283000000E+01
1.033284000E-01 9.950470349E-01 1.215251201E-03 1.200000000E+01
1.104581000E-01 9.971467536E-01 1.077127222E-03 1.122000000E+01
1.180797000E-01 9.996036715E-01 9.532075185E-04 1.050000000E+01
1.262272000E-01 1.003579805E+00 8.223390567E-04 9.822000000E+00
1.295560000E-01 1.007077632E+00 7.737649013E-04 9.570000000E+00
1.315390000E-01 1.013041499E+00 7.464665274E-04 9.426000000E+00
1.320678000E-01 1.020083994E+00 7.393410816E-04 9.388000000E+00
1.328610000E-01 1.012778456E+00 1.453381981E-02 9.332000000E+00
1.349368000E-01 1.006304981E+00 1.413563524E-02 9.188000000E+00
1.442475000E-01 9.997188167E-01 1.254924495E-02 8.595000000E+00
1.542005000E-01 9.973780229E-01 1.106912460E-02 8.040000000E+00
1.648404000E-01 9.961863487E-01 9.613462351E-03 7.521000000E+00
1.762144000E-01 9.956478925E-01 8.234440892E-03 7.036000000E+00
1.855140000E-01 9.956667263E-01 7.246044835E-03 6.683000000E+00
1.883732000E-01 9.959468511E-01 6.967490573E-03 6.582000000E+00
1.891107000E-01 9.963128067E-01 6.896865142E-03 6.556000000E+00
1.902465000E-01 9.959064383E-01 7.534911089E-03 6.517000000E+00
1.930860000E-01 9.955423536E-01 7.258286166E-03 6.421000000E+00
2.013709000E-01 9.952463518E-01 6.514277997E-03 6.157000000E+00
2.152655000E-01 9.951853711E-01 5.450658387E-03 5.760000000E+00
2.301188000E-01 9.953240377E-01 4.525215431E-03 5.388000000E+00
2.459970000E-01 9.955697662E-01 3.731374547E-03 5.040000000E+00
2.629708000E-01 9.958739363E-01 3.059372426E-03 4.715000000E+00
2.811158000E-01 9.962085943E-01 2.494270304E-03 4.410000000E+00
3.005128000E-01 9.965492993E-01 2.025577494E-03 4.126000000E+00
3.212482000E-01 9.968867737E-01 1.637475386E-03 3.859000000E+00
3.434143000E-01 9.972083954E-01 1.319785340E-03 3.610000000E+00
3.671099000E-01 9.975101030E-01 1.060552226E-03 3.377000000E+00
3.924405000E-01 9.977888547E-01 8.499995051E-04 3.159000000E+00
4.195189000E-01 9.980436648E-01 6.796564507E-04 2.955000000E+00
4.484657000E-01 9.982729209E-01 5.426749497E-04 2.765000000E+00
4.794098000E-01 9.984804037E-01 4.321069128E-04 2.586000000E+00
5.124891000E-01 9.986651232E-01 3.436186042E-04 2.419000000E+00
5.478508000E-01 9.988290524E-01 2.728919549E-04 2.263000000E+00
5.856525000E-01 9.989741661E-01 2.163476118E-04 2.117000000E+00
6.260625000E-01 9.991028163E-01 1.712029321E-04 1.980000000E+00
6.692609000E-01 9.992151230E-01 1.354773318E-04 1.853000000E+00
7.154399000E-01 9.993148134E-01 1.069594264E-04 1.733000000E+00
7.648052000E-01 9.994020503E-01 8.439851670E-05 1.621000000E+00
8.175768000E-01 9.994786178E-01 6.652412330E-05 1.516000000E+00
8.739896000E-01 9.995448078E-01 5.249636335E-05 1.419000000E+00
9.342948000E-01 9.996034249E-01 4.133790642E-05 1.327000000E+00
9.987612000E-01 9.996542200E-01 3.255329215E-05 1.241000000E+00
1.067676000E+00 9.996987072E-01 2.525497554E-05 1.161000000E+00
1.141345000E+00 9.997378796E-01 1.960245601E-05 1.086000000E+00
1.220098000E+00 9.997720607E-01 1.523526801E-05 1.016000000E+00
1.304285000E+00 9.998019010E-01 1.185487622E-05 9.506000000E-01
1.394281000E+00 9.998280820E-01 9.229518250E-06 8.892000000E-01
1.490486000E+00 9.998509929E-01 7.193359986E-06 8.318000000E-01
1.593329000E+00 9.998711217E-01 5.612067681E-06 7.781000000E-01
1.703269000E+00 9.998889049E-01 4.383229752E-06 7.279000000E-01
1.820795000E+00 9.999048610E-01 3.426515022E-06 6.809000000E-01
1.946430000E+00 9.999197124E-01 2.681834006E-06 6.370000000E-01
2.080733000E+00 9.999362442E-01 2.100829266E-06 5.959000000E-01
2.102590000E+00 9.999400480E-01 2.022131094E-06 5.897000000E-01
2.134772000E+00 9.999502970E-01 1.913051827E-06 5.808000000E-01
2.143354000E+00 9.999607406E-01 1.885449104E-06 5.785000000E-01
2.156227000E+00 9.999512387E-01 2.140010429E-05 5.750000000E-01
2.188410000E+00 9.999438734E-01 2.043237432E-05 5.665000000E-01
2.224304000E+00 9.999417618E-01 1.942669231E-05 5.574000000E-01
2.377781000E+00 9.999426192E-01 1.547105613E-05 5.214000000E-01
2.541848000E+00 9.999471027E-01 1.216639474E-05 4.878000000E-01
2.717235000E+00 9.999522934E-01 9.539540482E-06 4.563000000E-01
2.904724000E+00 9.999574319E-01 7.497760314E-06 4.268000000E-01
3.105150000E+00 9.999622084E-01 5.886069770E-06 3.993000000E-01
3.319406000E+00 9.999666095E-01 4.606271585E-06 3.735000000E-01
3.548445000E+00 9.999705794E-01 3.605746946E-06 3.494000000E-01
3.793288000E+00 9.999741229E-01 2.822038257E-06 3.269000000E-01
4.055024000E+00 9.999772799E-01 2.208149329E-06 3.058000000E-01
4.334821000E+00 9.999800205E-01 1.724410534E-06 2.860000000E-01
4.633924000E+00 9.999824867E-01 1.336583828E-06 2.676000000E-01
4.953664000E+00 9.999846729E-01 1.035326431E-06 2.503000000E-01
5.295467000E+00 9.999865963E-01 8.018788742E-07 2.341000000E-01
5.660855000E+00 9.999882774E-01 6.213995861E-07 2.190000000E-01
6.051453000E+00 9.999897477E-01 4.816814240E-07 2.049000000E-01
6.469004000E+00 9.999910359E-01 3.733701803E-07 1.917000000E-01
6.915365000E+00 9.999921675E-01 2.892475919E-07 1.793000000E-01
7.392525000E+00 9.999931568E-01 2.240836299E-07 1.677000000E-01
7.902609000E+00 9.999940173E-01 1.737137320E-07 1.569000000E-01
8.447890000E+00 9.999947693E-01 1.346813797E-07 1.468000000E-01
9.030794000E+00 9.999954297E-01 1.041896080E-07 1.373000000E-01
9.653919000E+00 9.999960076E-01 7.987449666E-08 1.284000000E-01
1.032004000E+01 9.999965113E-01 6.109392823E-08 1.201000000E-01
1.103212000E+01 9.999969480E-01 4.678445233E-08 1.124000000E-01
1.179334000E+01 9.999973347E-01 3.576322062E-08 1.051000000E-01
1.260708000E+01 9.999976692E-01 2.737702808E-08 9.834000000E-02
1.347697000E+01 9.999979622E-01 2.094925654E-08 9.200000000E-02
1.440688000E+01 9.999982186E-01 1.602880915E-08 8.606000000E-02
1.540095000E+01 9.999984428E-01 1.226290777E-08 8.050000000E-02
1.646362000E+01 9.999986383E-01 9.385218816E-09 7.531000000E-02
1.759961000E+01 9.999988093E-01 7.181696161E-09 7.045000000E-02
1.881398000E+01 9.999989589E-01 5.495127508E-09 6.590000000E-02
2.011215000E+01 9.999990894E-01 4.205541870E-09 6.165000000E-02
2.149988000E+01 9.999992037E-01 3.218178119E-09 5.767000000E-02
2.298338000E+01 9.999993035E-01 2.462980184E-09 5.395000000E-02
2.456923000E+01 9.999993910E-01 1.884254850E-09 5.046000000E-02
2.626450000E+01 9.999994672E-01 1.442430697E-09 4.721000000E-02
2.807676000E+01 9.999995340E-01 1.097243720E-09 4.416000000E-02
3.001405000E+01 9.999995924E-01 8.331686622E-10 4.131000000E-02
3.208502000E+01 9.999996435E-01 6.325103341E-10 3.864000000E-02
3.429889000E+01 9.999996880E-01 4.804076267E-10 3.615000000E-02
3.666551000E+01 9.999997272E-01 3.646415323E-10 3.381000000E-02
3.919543000E+01 9.999997613E-01 2.769328020E-10 3.163000000E-02
4.189992000E+01 9.999997911E-01 2.103062064E-10 2.959000000E-02
4.479101000E+01 9.999998173E-01 1.597014714E-10 2.768000000E-02
4.788159000E+01 9.999998402E-01 1.209282866E-10 2.589000000E-02
5.118542000E+01 9.999998602E-01 9.148759804E-11 2.422000000E-02
5.471721000E+01 9.999998776E-01 6.923069846E-11 2.266000000E-02
5.849270000E+01 9.999998929E-01 5.238723985E-11 2.120000000E-02
6.252870000E+01 9.999999063E-01 3.962520569E-11 1.983000000E-02
6.684318000E+01 9.999999180E-01 2.997674877E-11 1.855000000E-02
7.145536000E+01 9.999999283E-01 2.267143307E-11 1.735000000E-02
7.638578000E+01 9.999999372E-01 1.715130304E-11 1.623000000E-02
8.165640000E+01 9.999999451E-01 1.297242582E-11 1.518000000E-02
8.729069000E+01 9.999999520E-01 9.816145657E-12 1.420000000E-02
9.331374000E+01 9.999999579E-01 7.435631065E-12 1.329000000E-02
9.975239000E+01 9.999999632E-01 5.624907756E-12 1.243000000E-02
1.066353000E+02 9.999999678E-01 4.258307793E-12 1.163000000E-02
1.139931000E+02 9.999999718E-01 3.222762095E-12 1.088000000E-02
1.218587000E+02 9.999999754E-01 2.435221472E-12 1.017000000E-02
1.302669000E+02 9.999999784E-01 1.844581256E-12 9.518000000E-03
1.392553000E+02 9.999999811E-01 1.395786292E-12 8.903000000E-03
1.488640000E+02 9.999999835E-01 1.056433391E-12 8.329000000E-03
1.591356000E+02 9.999999855E-01 7.994125727E-13 7.791000000E-03
1.701159000E+02 9.999999874E-01 6.049693285E-13 7.288000000E-03
1.818539000E+02 9.999999889E-01 4.578977148E-13 6.818000000E-03
1.944018000E+02 9.999999903E-01 3.465463036E-13 6.378000000E-03
2.078156000E+02 9.999999915E-01 2.622451705E-13 5.966000000E-03
2.221548000E+02 9.999999926E-01 1.984773540E-13 5.581000000E-03
2.374835000E+02 9.999999935E-01 1.502248853E-13 5.221000000E-03
2.538699000E+02 9.999999943E-01 1.136957474E-13 4.884000000E-03
2.713869000E+02 9.999999950E-01 8.605860969E-14 4.569000000E-03
2.901126000E+02 9.999999957E-01 6.512901711E-14 4.274000000E-03
3.101304000E+02 9.999999962E-01 4.929018693E-14 3.998000000E-03
3.315294000E+02 9.999999967E-01 3.730673975E-14 3.740000000E-03
3.544049000E+02 9.999999971E-01 2.822696979E-14 3.498000000E-03
3.788588000E+02 9.999999974E-01 2.137352320E-14 3.273000000E-03
4.050001000E+02 9.999999978E-01 1.616946765E-14 3.061000000E-03
4.329451000E+02 0.000000000E+00 0.000000000E+00 2.864000000E-03
