# 11/08/2021 
# Data retrieved from www.chemicool.com/densities.html 
# Includes the real (n) and complex (k) part of the  refractive index. 
# Element, Pb  (Z = 82) 
# Nominal density, g cm-3 =  11.34 
#    E [keV]      n       k    Wavelength [nm] 
4.813430000E-03 -7.957524485E+01 2.246421603E-01 2.576000000E+02
4.887105000E-03 -1.059885250E+00 0.000000000E+00 2.537000000E+02
4.906751000E-03 3.315806659E-01 0.000000000E+00 2.527000000E+02
4.936221000E-03 -1.065155858E+00 2.671023832E+00 2.512000000E+02
5.009896000E-03 -2.194960084E+00 2.550995197E+00 2.475000000E+02
1.069000000E-02 -2.176048141E-01 2.699715293E-01 1.160000000E+02
1.142761000E-02 1.175906950E-02 2.208592937E-01 1.085000000E+02
1.145657000E-02 2.372152626E-02 2.190685636E-01 1.082000000E+02
1.163193000E-02 1.267028625E-01 2.093452656E-01 1.066000000E+02
1.167869000E-02 2.190927112E-01 2.069102228E-01 1.062000000E+02
1.174883000E-02 1.423542242E-01 3.681404271E-01 1.055000000E+02
1.192419000E-02 9.500201450E-02 3.498963150E-01 1.040000000E+02
1.221612000E-02 1.014492270E-01 3.213983036E-01 1.015000000E+02
1.305903000E-02 1.900940495E-01 2.541627540E-01 9.494000000E+01
1.396010000E-02 2.973830163E-01 1.984076433E-01 8.881000000E+01
1.492335000E-02 4.067177361E-01 1.528990697E-01 8.308000000E+01
1.595306000E-02 5.133694372E-01 1.170294119E-01 7.772000000E+01
1.705382000E-02 6.174175316E-01 8.934476432E-02 7.270000000E+01
1.823053000E-02 7.251391619E-01 6.825951706E-02 6.801000000E+01
1.881600000E-02 7.888440656E-01 6.012096515E-02 6.589000000E+01
1.910400000E-02 8.433932405E-01 5.658272396E-02 6.490000000E+01
1.918080000E-02 8.893539409E-01 5.568372586E-02 6.464000000E+01
1.929600000E-02 8.569049832E-01 1.341098177E-01 6.425000000E+01
1.948844000E-02 8.418946584E-01 1.332397121E-01 6.362000000E+01
1.958400000E-02 8.408230266E-01 1.328390450E-01 6.331000000E+01
2.083314000E-02 8.801570359E-01 1.297777036E-01 5.951000000E+01
2.136400000E-02 9.071588764E-01 1.295553621E-01 5.803000000E+01
2.169100000E-02 9.333820360E-01 1.298967471E-01 5.716000000E+01
2.177820000E-02 9.530246226E-01 1.300368239E-01 5.693000000E+01
2.190900000E-02 9.421492868E-01 1.623771706E-01 5.659000000E+01
2.223600000E-02 9.402480933E-01 1.649610561E-01 5.576000000E+01
2.227063000E-02 9.407115663E-01 1.652352430E-01 5.567000000E+01
2.380730000E-02 9.737621264E-01 1.818496259E-01 5.208000000E+01
2.545001000E-02 1.005127198E+00 2.054879036E-01 4.872000000E+01
2.720606000E-02 1.026084593E+00 2.341258305E-01 4.557000000E+01
2.908327000E-02 1.033939162E+00 2.648168518E-01 4.263000000E+01
3.109002000E-02 1.027863013E+00 2.935819349E-01 3.988000000E+01
3.323523000E-02 1.008853041E+00 3.162028125E-01 3.731000000E+01
3.552846000E-02 9.797559300E-01 3.287230788E-01 3.490000000E+01
3.797993000E-02 9.449078531E-01 3.286615419E-01 3.264000000E+01
4.060054000E-02 9.092275564E-01 3.159112656E-01 3.054000000E+01
4.340198000E-02 8.774382853E-01 2.915154154E-01 2.857000000E+01
4.639671000E-02 8.530701502E-01 2.584778291E-01 2.672000000E+01
4.959809000E-02 8.377369279E-01 2.209318766E-01 2.500000000E+01
5.302035000E-02 8.318472678E-01 1.822298311E-01 2.338000000E+01
5.667876000E-02 8.340308170E-01 1.457141398E-01 2.187000000E+01
6.058959000E-02 8.422948438E-01 1.133360396E-01 2.046000000E+01
6.477028000E-02 8.549282935E-01 8.604663739E-02 1.914000000E+01
6.923942000E-02 8.696869920E-01 6.406263602E-02 1.791000000E+01
7.401695000E-02 8.855453683E-01 4.688003322E-02 1.675000000E+01
7.912411000E-02 9.013005196E-01 3.391685329E-02 1.567000000E+01
8.428000000E-02 9.168309810E-01 2.479154647E-02 1.471000000E+01
8.458368000E-02 9.178728888E-01 2.435898525E-02 1.466000000E+01
8.557000000E-02 9.224890267E-01 2.298324951E-02 1.449000000E+01
8.591400000E-02 9.266513785E-01 2.251967810E-02 1.443000000E+01
8.643000000E-02 9.239713691E-01 2.856271115E-02 1.435000000E+01
8.772000000E-02 9.235786618E-01 2.647770658E-02 1.413000000E+01
9.041995000E-02 9.268822907E-01 2.273819863E-02 1.371000000E+01
9.665893000E-02 9.365046757E-01 1.628838910E-02 1.283000000E+01
1.027040000E-01 9.457706563E-01 1.209393913E-02 1.207000000E+01
1.033284000E-01 9.467956692E-01 1.175206662E-02 1.200000000E+01
1.042760000E-01 9.487811745E-01 1.124691834E-02 1.189000000E+01
1.046952000E-01 9.506313199E-01 1.102902330E-02 1.184000000E+01
1.053240000E-01 9.499324717E-01 1.333910893E-02 1.177000000E+01
1.068960000E-01 9.504627206E-01 1.247979346E-02 1.160000000E+01
1.104581000E-01 9.534513434E-01 1.076595973E-02 1.122000000E+01
1.180797000E-01 9.598250695E-01 8.054412002E-03 1.050000000E+01
1.262272000E-01 9.657576646E-01 6.056169667E-03 9.822000000E+00
1.349368000E-01 9.711848916E-01 4.584786163E-03 9.188000000E+00
1.353380000E-01 9.714218536E-01 4.529471467E-03 9.161000000E+00
1.374095000E-01 9.727115304E-01 4.257084056E-03 9.023000000E+00
1.379619000E-01 9.731944825E-01 4.188321071E-03 8.987000000E+00
1.387905000E-01 9.734547808E-01 4.456385585E-03 8.933000000E+00
1.400420000E-01 9.739953010E-01 4.322009862E-03 8.853000000E+00
1.408620000E-01 9.743821191E-01 4.238573193E-03 8.802000000E+00
1.421855000E-01 9.750591908E-01 4.109388250E-03 8.720000000E+00
1.427571000E-01 9.754433076E-01 4.055950675E-03 8.685000000E+00
1.436145000E-01 9.757040966E-01 4.227970608E-03 8.633000000E+00
1.442475000E-01 9.759366229E-01 4.176526843E-03 8.595000000E+00
1.443540000E-01 9.759759869E-01 4.168407802E-03 8.589000000E+00
1.457580000E-01 9.765448988E-01 4.060641200E-03 8.506000000E+00
1.465635000E-01 9.768898000E-01 4.002035015E-03 8.459000000E+00
1.471527000E-01 9.771767027E-01 3.961740313E-03 8.426000000E+00
1.480365000E-01 9.774600311E-01 4.022480203E-03 8.375000000E+00
1.502460000E-01 9.782431609E-01 3.883956326E-03 8.252000000E+00
1.542005000E-01 9.796369857E-01 3.673005813E-03 8.040000000E+00
1.648404000E-01 9.829505862E-01 3.302405742E-03 7.521000000E+00
1.762144000E-01 9.858282182E-01 3.136974748E-03 7.036000000E+00
1.883732000E-01 9.882891314E-01 3.133153021E-03 6.582000000E+00
2.013709000E-01 9.903596821E-01 3.252869725E-03 6.157000000E+00
2.152655000E-01 9.920632834E-01 3.459789340E-03 5.760000000E+00
2.301188000E-01 9.934300912E-01 3.713926731E-03 5.388000000E+00
2.459970000E-01 9.944881738E-01 3.976712369E-03 5.040000000E+00
2.629708000E-01 9.952702866E-01 4.211222072E-03 4.715000000E+00
2.811158000E-01 9.958254294E-01 4.382014070E-03 4.410000000E+00
3.005128000E-01 9.961943298E-01 4.469931854E-03 4.126000000E+00
3.212482000E-01 9.964319859E-01 4.456055296E-03 3.859000000E+00
3.434143000E-01 9.965826323E-01 4.343394807E-03 3.610000000E+00
3.671099000E-01 9.966935230E-01 4.139649493E-03 3.377000000E+00
3.924405000E-01 9.968101117E-01 3.862289262E-03 3.159000000E+00
4.046420000E-01 9.968904257E-01 3.716052134E-03 3.064000000E+00
4.108355000E-01 9.969704912E-01 3.640047474E-03 3.018000000E+00
4.124871000E-01 9.970407094E-01 3.619840276E-03 3.006000000E+00
4.149645000E-01 9.969934284E-01 3.711891711E-03 2.988000000E+00
4.195189000E-01 9.969721658E-01 3.656427978E-03 2.955000000E+00
4.211580000E-01 9.969711185E-01 3.638224594E-03 2.944000000E+00
4.264960000E-01 9.969828793E-01 3.574206148E-03 2.907000000E+00
4.330240000E-01 9.970261834E-01 3.495785356E-03 2.863000000E+00
4.347648000E-01 9.970669419E-01 3.476188486E-03 2.852000000E+00
4.373760000E-01 9.970348934E-01 3.520172267E-03 2.835000000E+00
4.439040000E-01 9.970186874E-01 3.444087315E-03 2.793000000E+00
4.484657000E-01 9.970200086E-01 3.392669581E-03 2.765000000E+00
4.794098000E-01 9.970885669E-01 3.045416426E-03 2.586000000E+00
5.000000000E-01 9.970063380E-01 2.826508025E-03 2.480000000E+00
5.025000000E-01 9.970178220E-01 2.798932134E-03 2.467000000E+00
5.050125000E-01 9.970271902E-01 2.773461896E-03 2.455000000E+00
5.075375600E-01 9.970368785E-01 2.748002869E-03 2.443000000E+00
5.100752500E-01 9.970468642E-01 2.722295821E-03 2.431000000E+00
5.126256300E-01 9.970571513E-01 2.696610794E-03 2.419000000E+00
5.151887500E-01 9.970677523E-01 2.670779255E-03 2.407000000E+00
5.177647000E-01 9.970786447E-01 2.644893824E-03 2.395000000E+00
5.203535200E-01 9.970898405E-01 2.618959713E-03 2.383000000E+00
5.229552900E-01 9.971013345E-01 2.592982086E-03 2.371000000E+00
5.255700700E-01 9.971131215E-01 2.566883793E-03 2.359000000E+00
5.281979200E-01 9.971252043E-01 2.540753822E-03 2.347000000E+00
5.308389100E-01 9.971351333E-01 2.516751462E-03 2.336000000E+00
5.334931000E-01 9.971477896E-01 2.490561660E-03 2.324000000E+00
5.361605700E-01 9.971607414E-01 2.464354882E-03 2.312000000E+00
5.388413700E-01 9.971715251E-01 2.440256551E-03 2.301000000E+00
5.415355800E-01 9.971850495E-01 2.414018497E-03 2.289000000E+00
5.442432500E-01 9.971963913E-01 2.389798775E-03 2.278000000E+00
5.469644700E-01 9.972080110E-01 2.365635276E-03 2.267000000E+00
5.496992900E-01 9.972223673E-01 2.339379524E-03 2.255000000E+00
5.524477900E-01 9.972345431E-01 2.315197728E-03 2.244000000E+00
5.552100300E-01 9.972469877E-01 2.291007515E-03 2.233000000E+00
5.579860800E-01 9.972597033E-01 2.266740045E-03 2.222000000E+00
5.607760100E-01 9.972726986E-01 2.242546103E-03 2.211000000E+00
5.635798900E-01 9.972859676E-01 2.218356038E-03 2.200000000E+00
5.663977900E-01 9.972995116E-01 2.194173864E-03 2.189000000E+00
5.692297800E-01 9.973133313E-01 2.169933433E-03 2.178000000E+00
5.720759300E-01 9.973274274E-01 2.145779618E-03 2.167000000E+00
5.749363000E-01 9.973418004E-01 2.121645473E-03 2.156000000E+00
5.778109900E-01 9.973539850E-01 2.099559116E-03 2.146000000E+00
5.807000400E-01 9.973689201E-01 2.075462609E-03 2.135000000E+00
5.836035400E-01 9.973841453E-01 2.051397074E-03 2.124000000E+00
5.865215600E-01 9.973971979E-01 2.029351685E-03 2.114000000E+00
5.894541700E-01 9.974130158E-01 2.005345722E-03 2.103000000E+00
5.924014400E-01 9.974266685E-01 1.983405863E-03 2.093000000E+00
5.953634500E-01 9.974430996E-01 1.959537024E-03 2.082000000E+00
5.983402600E-01 9.974573917E-01 1.937649047E-03 2.072000000E+00
6.013319600E-01 9.974720202E-01 1.915785667E-03 2.062000000E+00
6.043386200E-01 9.974870072E-01 1.894012341E-03 2.052000000E+00
6.073603200E-01 9.975048134E-01 1.870497059E-03 2.041000000E+00
6.103971200E-01 9.975205824E-01 1.848859160E-03 2.031000000E+00
6.134491000E-01 9.975367874E-01 1.827316576E-03 2.021000000E+00
6.165163500E-01 9.975534814E-01 1.805810829E-03 2.011000000E+00
6.195989300E-01 9.975707446E-01 1.784404165E-03 2.001000000E+00
6.226969300E-01 9.975886712E-01 1.763156437E-03 1.991000000E+00
6.258104100E-01 9.976074146E-01 1.741951103E-03 1.981000000E+00
6.289394600E-01 9.976272193E-01 1.720791146E-03 1.971000000E+00
6.320841600E-01 9.976461021E-01 1.701527240E-03 1.962000000E+00
6.352445800E-01 9.976696528E-01 1.680621946E-03 1.952000000E+00
6.384208000E-01 9.976973203E-01 1.659822985E-03 1.942000000E+00
6.416129100E-01 9.977353523E-01 1.639131508E-03 1.932000000E+00
6.437201700E-01 9.977851310E-01 1.626608575E-03 1.926000000E+00
6.448209700E-01 9.978171755E-01 1.720647226E-03 1.923000000E+00
6.452798600E-01 9.977920830E-01 1.716579064E-03 1.921000000E+00
6.480450800E-01 9.977546301E-01 1.699282143E-03 1.913000000E+00
6.512853000E-01 9.977462349E-01 1.679847531E-03 1.904000000E+00
6.545417300E-01 9.977487001E-01 1.658748718E-03 1.894000000E+00
6.578144400E-01 9.977525233E-01 1.639502894E-03 1.885000000E+00
6.611035100E-01 9.977608925E-01 1.618671981E-03 1.875000000E+00
6.644090300E-01 9.977683007E-01 1.599670103E-03 1.866000000E+00
6.677310700E-01 9.977767423E-01 1.580810172E-03 1.857000000E+00
6.710697300E-01 9.977859733E-01 1.562041221E-03 1.848000000E+00
6.744250800E-01 9.977982296E-01 1.541736141E-03 1.838000000E+00
6.777972000E-01 9.978086084E-01 1.523213096E-03 1.829000000E+00
6.811861900E-01 9.978194185E-01 1.504880908E-03 1.820000000E+00
6.845921200E-01 9.978305954E-01 1.486640667E-03 1.811000000E+00
6.880150800E-01 9.978420963E-01 1.468493318E-03 1.802000000E+00
6.914551500E-01 9.978538652E-01 1.450534836E-03 1.793000000E+00
6.949124300E-01 9.978658719E-01 1.432716236E-03 1.784000000E+00
6.983869900E-01 9.978780872E-01 1.414897303E-03 1.775000000E+00
7.018789300E-01 9.978906117E-01 1.396666864E-03 1.766000000E+00
7.053883200E-01 9.979010178E-01 1.380158554E-03 1.758000000E+00
7.089152600E-01 9.979140663E-01 1.362219930E-03 1.749000000E+00
7.124598400E-01 9.979273425E-01 1.344387804E-03 1.740000000E+00
7.160221400E-01 9.979384601E-01 1.328240566E-03 1.732000000E+00
7.196022500E-01 9.979521673E-01 1.310654720E-03 1.723000000E+00
7.232002600E-01 9.979660661E-01 1.293220165E-03 1.714000000E+00
7.268162600E-01 9.979777893E-01 1.277433412E-03 1.706000000E+00
7.304503400E-01 9.979920668E-01 1.260287296E-03 1.697000000E+00
7.341026000E-01 9.980041605E-01 1.244722003E-03 1.689000000E+00
7.377731100E-01 9.980164813E-01 1.229074017E-03 1.681000000E+00
7.414619700E-01 9.980314322E-01 1.211981361E-03 1.672000000E+00
7.451692800E-01 9.980443231E-01 1.196441071E-03 1.664000000E+00
7.488951300E-01 9.980575614E-01 1.181032439E-03 1.656000000E+00
7.526396100E-01 9.980735973E-01 1.164300495E-03 1.647000000E+00
7.564028000E-01 9.980880094E-01 1.149125775E-03 1.639000000E+00
7.601848200E-01 9.981039903E-01 1.134081787E-03 1.631000000E+00
7.628305200E-01 9.981198973E-01 1.123059902E-03 1.625000000E+00
7.639857400E-01 9.981351678E-01 1.134625987E-03 1.623000000E+00
7.649694400E-01 9.981258442E-01 1.130860314E-03 1.621000000E+00
7.678056700E-01 9.981290632E-01 1.119728333E-03 1.615000000E+00
7.716447000E-01 9.981385555E-01 1.104959730E-03 1.607000000E+00
7.755029200E-01 9.981495444E-01 1.090319628E-03 1.599000000E+00
7.793804400E-01 9.981612156E-01 1.075770060E-03 1.591000000E+00
7.832773400E-01 9.981733009E-01 1.061385684E-03 1.583000000E+00
7.871937300E-01 9.981856819E-01 1.047091487E-03 1.575000000E+00
7.911296900E-01 9.981982915E-01 1.032924330E-03 1.567000000E+00
7.950853400E-01 9.982110868E-01 1.018883657E-03 1.559000000E+00
7.990607700E-01 9.982217532E-01 1.006300831E-03 1.552000000E+00
8.030560700E-01 9.982348513E-01 9.924999344E-04 1.544000000E+00
8.070713500E-01 9.982480737E-01 9.788239004E-04 1.536000000E+00
8.111067100E-01 9.982591293E-01 9.665360319E-04 1.529000000E+00
8.151622400E-01 9.982725728E-01 9.530970351E-04 1.521000000E+00
8.192380600E-01 9.982861080E-01 9.397812790E-04 1.513000000E+00
8.233342500E-01 9.982974747E-01 9.278199627E-04 1.506000000E+00
8.274509200E-01 9.983111858E-01 9.147381350E-04 1.498000000E+00
8.315881700E-01 9.983227293E-01 9.030216329E-04 1.491000000E+00
8.357461100E-01 9.983343592E-01 8.913722450E-04 1.484000000E+00
8.399248400E-01 9.983483114E-01 8.786639577E-04 1.476000000E+00
8.441244700E-01 9.983601065E-01 8.672553587E-04 1.469000000E+00
8.483450900E-01 9.983742150E-01 8.547745978E-04 1.461000000E+00
8.525868200E-01 9.983861786E-01 8.435720770E-04 1.454000000E+00
8.568497500E-01 9.983982383E-01 8.324979843E-04 1.447000000E+00
8.611340000E-01 9.984104001E-01 8.214896991E-04 1.440000000E+00
8.654396700E-01 9.984226844E-01 8.106084045E-04 1.433000000E+00
8.697668700E-01 9.984373080E-01 7.987313715E-04 1.425000000E+00
8.741157000E-01 9.984499214E-01 7.880501441E-04 1.418000000E+00
8.784862800E-01 9.984628097E-01 7.774930965E-04 1.411000000E+00
8.828787100E-01 9.984761445E-01 7.670297995E-04 1.404000000E+00
8.872931000E-01 9.984903989E-01 7.566598404E-04 1.397000000E+00
8.917295700E-01 9.985079941E-01 7.464113661E-04 1.390000000E+00
8.923042700E-01 9.985114976E-01 7.449955541E-04 1.389000000E+00
8.948957100E-01 9.985180650E-01 7.545196602E-04 1.385000000E+00
8.961882200E-01 9.985179822E-01 7.515787469E-04 1.383000000E+00
9.006691600E-01 9.985225760E-01 7.424649867E-04 1.377000000E+00
9.051725000E-01 9.985318574E-01 7.323830726E-04 1.370000000E+00
9.096983700E-01 9.985419559E-01 7.223915655E-04 1.363000000E+00
9.142468600E-01 9.985524634E-01 7.124900657E-04 1.356000000E+00
9.188180900E-01 9.985632139E-01 7.027050731E-04 1.349000000E+00
9.234121800E-01 9.985719965E-01 6.940419161E-04 1.343000000E+00
9.280292400E-01 9.985830155E-01 6.844512334E-04 1.336000000E+00
9.326693900E-01 9.985941074E-01 6.749478967E-04 1.329000000E+00
9.373327400E-01 9.986031405E-01 6.665387511E-04 1.323000000E+00
9.420194000E-01 9.986143169E-01 6.572257013E-04 1.316000000E+00
9.467295000E-01 9.986234102E-01 6.490141294E-04 1.310000000E+00
9.514631500E-01 9.986346117E-01 6.398881307E-04 1.303000000E+00
9.562204600E-01 9.986437109E-01 6.318204297E-04 1.297000000E+00
9.610015600E-01 9.986548873E-01 6.228788208E-04 1.290000000E+00
9.658065700E-01 9.986639493E-01 6.150022510E-04 1.284000000E+00
9.706356000E-01 9.986750518E-01 6.062418637E-04 1.277000000E+00
9.754887800E-01 9.986840274E-01 5.985286575E-04 1.271000000E+00
9.803662300E-01 9.986929407E-01 5.908804543E-04 1.265000000E+00
9.852680600E-01 9.987038338E-01 5.823707472E-04 1.258000000E+00
9.901944000E-01 9.987125608E-01 5.749056402E-04 1.252000000E+00
9.951453700E-01 9.987211577E-01 5.674808569E-04 1.246000000E+00
1.000121100E+00 9.987295919E-01 5.601195221E-04 1.240000000E+00
1.005121700E+00 9.987393422E-01 5.514483178E-04 1.234000000E+00
1.010147300E+00 9.987512429E-01 5.420273861E-04 1.227000000E+00
1.015198000E+00 9.987611890E-01 5.335880184E-04 1.221000000E+00
1.020274000E+00 9.987712109E-01 5.252800053E-04 1.215000000E+00
1.025375400E+00 9.987812948E-01 5.170799939E-04 1.209000000E+00
1.030502300E+00 9.987914273E-01 5.089868924E-04 1.203000000E+00
1.035654800E+00 9.988016038E-01 5.009996153E-04 1.197000000E+00
1.040833100E+00 9.988118181E-01 4.931170832E-04 1.191000000E+00
1.046037200E+00 9.988220595E-01 4.853589803E-04 1.185000000E+00
1.051267400E+00 9.988323264E-01 4.776825167E-04 1.179000000E+00
1.056523800E+00 9.988406385E-01 4.709094892E-04 1.174000000E+00
1.061806400E+00 9.988509482E-01 4.634465409E-04 1.168000000E+00
1.067115400E+00 9.988612682E-01 4.560827069E-04 1.162000000E+00
1.072451000E+00 9.988715990E-01 4.487971955E-04 1.156000000E+00
1.077813200E+00 9.988819332E-01 4.416286862E-04 1.150000000E+00
1.083202300E+00 9.988903302E-01 4.353162403E-04 1.145000000E+00
1.088618300E+00 9.989006715E-01 4.283304882E-04 1.139000000E+00
1.094061400E+00 9.989110162E-01 4.214008504E-04 1.133000000E+00
1.099531700E+00 9.989194441E-01 4.152822869E-04 1.128000000E+00
1.105029400E+00 9.989297942E-01 4.085314664E-04 1.122000000E+00
1.110554500E+00 9.989401382E-01 4.018725746E-04 1.116000000E+00
1.116107300E+00 9.989485830E-01 3.959989531E-04 1.111000000E+00
1.121687800E+00 9.989589179E-01 3.895132718E-04 1.105000000E+00
1.127296300E+00 9.989673666E-01 3.838141566E-04 1.100000000E+00
1.132932800E+00 9.989776846E-01 3.774978599E-04 1.094000000E+00
1.138597400E+00 9.989861279E-01 3.719339951E-04 1.089000000E+00
1.144290400E+00 9.989945691E-01 3.664595058E-04 1.084000000E+00
1.150011900E+00 9.990048543E-01 3.603698457E-04 1.078000000E+00
1.155761900E+00 9.990132797E-01 3.550434657E-04 1.073000000E+00
1.161540700E+00 9.990235317E-01 3.491149262E-04 1.067000000E+00
1.167348400E+00 9.990319399E-01 3.439167662E-04 1.062000000E+00
1.173185200E+00 9.990403370E-01 3.387867877E-04 1.057000000E+00
1.179051100E+00 9.990487272E-01 3.337242657E-04 1.052000000E+00
1.184946400E+00 9.990589052E-01 3.281008363E-04 1.046000000E+00
1.190871100E+00 9.990672640E-01 3.231775182E-04 1.041000000E+00
1.196825400E+00 9.990756107E-01 3.183194451E-04 1.036000000E+00
1.202809600E+00 9.990839431E-01 3.135101980E-04 1.031000000E+00
1.208823600E+00 9.990922621E-01 3.087806514E-04 1.026000000E+00
1.214867700E+00 9.991005639E-01 3.040988334E-04 1.021000000E+00
1.220942100E+00 9.991106031E-01 2.988905238E-04 1.015000000E+00
1.227046800E+00 9.991188630E-01 2.943396032E-04 1.010000000E+00
1.233182000E+00 9.991271057E-01 2.898499888E-04 1.005000000E+00
1.239347900E+00 9.991349404E-01 2.854209989E-04 1.000000000E+00
1.245544700E+00 9.991424617E-01 2.812633268E-04 9.954000000E-01
1.251772400E+00 9.991504820E-01 2.770072932E-04 9.905000000E-01
1.258031200E+00 9.991586537E-01 2.727390225E-04 9.855000000E-01
1.264321400E+00 9.991666312E-01 2.685837896E-04 9.806000000E-01
1.270643000E+00 9.991744194E-01 2.645251621E-04 9.758000000E-01
1.276996200E+00 9.991823527E-01 2.604817972E-04 9.709000000E-01
1.283381200E+00 9.991900960E-01 2.565329350E-04 9.661000000E-01
1.289798100E+00 9.991978165E-01 2.526378167E-04 9.613000000E-01
1.296247100E+00 9.992055154E-01 2.487823058E-04 9.565000000E-01
1.302728300E+00 9.992131935E-01 2.449795886E-04 9.517000000E-01
1.309242000E+00 9.992205413E-01 2.412667562E-04 9.470000000E-01
1.315788200E+00 9.992280137E-01 2.376047250E-04 9.423000000E-01
1.322367100E+00 9.992354642E-01 2.339799169E-04 9.376000000E-01
1.328979000E+00 9.992428925E-01 2.304178708E-04 9.329000000E-01
1.335623900E+00 9.992501354E-01 2.269410417E-04 9.283000000E-01
1.342302000E+00 9.992573569E-01 2.235119557E-04 9.237000000E-01
1.349013500E+00 9.992645566E-01 2.201175717E-04 9.191000000E-01
1.355758600E+00 9.992717329E-01 2.167700756E-04 9.145000000E-01
1.362537400E+00 9.992787282E-01 2.135158426E-04 9.100000000E-01
1.369350000E+00 9.992858576E-01 2.102599992E-04 9.054000000E-01
1.376196800E+00 9.992928068E-01 2.070833898E-04 9.009000000E-01
1.383077800E+00 9.992997329E-01 2.039508047E-04 8.964000000E-01
1.389993200E+00 9.993064800E-01 2.009067672E-04 8.920000000E-01
1.396943100E+00 9.993133596E-01 1.978602149E-04 8.875000000E-01
1.403927800E+00 9.993200612E-01 1.948887515E-04 8.831000000E-01
1.410947500E+00 9.993267400E-01 1.919471818E-04 8.787000000E-01
1.418002200E+00 9.993332419E-01 1.891012035E-04 8.744000000E-01
1.425092200E+00 9.993398738E-01 1.862406740E-04 8.700000000E-01
1.432217700E+00 9.993463299E-01 1.834625947E-04 8.657000000E-01
1.439378800E+00 9.993527636E-01 1.807122767E-04 8.614000000E-01
1.446575700E+00 9.993591745E-01 1.780004396E-04 8.571000000E-01
1.453808600E+00 9.993655615E-01 1.753158676E-04 8.528000000E-01
1.461077600E+00 9.993717761E-01 1.727204122E-04 8.486000000E-01
1.468383000E+00 9.993779687E-01 1.701506989E-04 8.444000000E-01
1.475724900E+00 9.993841381E-01 1.676065996E-04 8.402000000E-01
1.483103500E+00 9.993902840E-01 1.650983168E-04 8.360000000E-01
1.490519000E+00 9.993964072E-01 1.626254116E-04 8.318000000E-01
1.497971600E+00 9.994023611E-01 1.602160351E-04 8.277000000E-01
1.505461500E+00 9.994082933E-01 1.578406000E-04 8.236000000E-01
1.512988800E+00 9.994142016E-01 1.554887610E-04 8.195000000E-01
1.520553700E+00 9.994200888E-01 1.531702284E-04 8.154000000E-01
1.528156500E+00 9.994259526E-01 1.508748593E-04 8.113000000E-01
1.535797300E+00 9.994316531E-01 1.486489926E-04 8.073000000E-01
1.543476300E+00 9.994373323E-01 1.464451263E-04 8.033000000E-01
1.551193700E+00 9.994429899E-01 1.442725951E-04 7.993000000E-01
1.558949600E+00 9.994486257E-01 1.421216573E-04 7.953000000E-01
1.566744400E+00 9.994542387E-01 1.400014606E-04 7.913000000E-01
1.574578100E+00 9.994596912E-01 1.379466537E-04 7.874000000E-01
1.582451000E+00 9.994651228E-01 1.359120512E-04 7.835000000E-01
1.590363300E+00 9.994705333E-01 1.338975535E-04 7.796000000E-01
1.598315100E+00 9.994759215E-01 1.319119550E-04 7.757000000E-01
1.606306600E+00 9.994811528E-01 1.299885663E-04 7.719000000E-01
1.614338200E+00 9.994864976E-01 1.280506166E-04 7.680000000E-01
1.622409900E+00 9.994916865E-01 1.261736714E-04 7.642000000E-01
1.630521900E+00 9.994968548E-01 1.243151565E-04 7.604000000E-01
1.638674500E+00 9.995020014E-01 1.224749812E-04 7.566000000E-01
1.646867900E+00 9.995071260E-01 1.206614313E-04 7.528000000E-01
1.655102200E+00 9.995121001E-01 1.188644332E-04 7.491000000E-01
1.663377700E+00 9.995170582E-01 1.170525097E-04 7.454000000E-01
1.671694600E+00 9.995220017E-01 1.152509421E-04 7.417000000E-01
1.680053100E+00 9.995269304E-01 1.134840310E-04 7.380000000E-01
1.688453400E+00 9.995318437E-01 1.117352568E-04 7.343000000E-01
1.696895600E+00 9.995366138E-01 1.100425337E-04 7.307000000E-01
1.705380100E+00 9.995414956E-01 1.083371674E-04 7.270000000E-01
1.713907000E+00 9.995462349E-01 1.066789927E-04 7.234000000E-01
1.722476600E+00 9.995509590E-01 1.050531218E-04 7.198000000E-01
1.731088900E+00 9.995556669E-01 1.034438442E-04 7.162000000E-01
1.739744400E+00 9.995602356E-01 1.018796629E-04 7.127000000E-01
1.748443100E+00 9.995649131E-01 1.002658545E-04 7.091000000E-01
1.757185300E+00 9.995694558E-01 9.869711224E-05 7.056000000E-01
1.765971200E+00 9.995739868E-01 9.715204894E-05 7.021000000E-01
1.774801100E+00 9.995785057E-01 9.562314731E-05 6.986000000E-01
1.783675100E+00 9.995830128E-01 9.411032259E-05 6.951000000E-01
1.792593500E+00 9.995875062E-01 9.262763060E-05 6.916000000E-01
1.801556500E+00 9.995918684E-01 9.118005782E-05 6.882000000E-01
1.810564200E+00 9.995962190E-01 8.976145286E-05 6.848000000E-01
1.819617100E+00 9.996005569E-01 8.835759827E-05 6.814000000E-01
1.828715100E+00 9.996048832E-01 8.696841717E-05 6.780000000E-01
1.837858700E+00 9.996091973E-01 8.560055961E-05 6.746000000E-01
1.847048000E+00 9.996133838E-01 8.427885307E-05 6.713000000E-01
1.856283300E+00 9.996176732E-01 8.294594190E-05 6.679000000E-01
1.865564700E+00 9.996218363E-01 8.165823016E-05 6.646000000E-01
1.874892500E+00 9.996259877E-01 8.038388169E-05 6.613000000E-01
1.884267000E+00 9.996301278E-01 7.912922692E-05 6.580000000E-01
1.893688300E+00 9.996342568E-01 7.788766829E-05 6.547000000E-01
1.903156700E+00 9.996382638E-01 7.668894990E-05 6.515000000E-01
1.912672500E+00 9.996423706E-01 7.547926987E-05 6.482000000E-01
1.922235900E+00 9.996463566E-01 7.431154402E-05 6.450000000E-01
1.931847100E+00 9.996503331E-01 7.315589701E-05 6.418000000E-01
1.941506300E+00 9.996543007E-01 7.201829431E-05 6.386000000E-01
1.951213800E+00 9.996582579E-01 7.089252458E-05 6.354000000E-01
1.960969900E+00 9.996620985E-01 6.980651245E-05 6.323000000E-01
1.970774700E+00 9.996660371E-01 6.870977567E-05 6.291000000E-01
1.980628600E+00 9.996698614E-01 6.764617994E-05 6.260000000E-01
1.990531800E+00 9.996736788E-01 6.659932508E-05 6.229000000E-01
2.000484400E+00 9.996774888E-01 6.556898317E-05 6.198000000E-01
2.010486800E+00 9.996812922E-01 6.454930618E-05 6.167000000E-01
2.020539300E+00 9.996850887E-01 6.354023871E-05 6.136000000E-01
2.030642000E+00 9.996887778E-01 6.256772685E-05 6.106000000E-01
2.040795200E+00 9.996925632E-01 6.159034625E-05 6.075000000E-01
2.050999200E+00 9.996962436E-01 6.064325058E-05 6.045000000E-01
2.061254200E+00 9.996999206E-01 5.970589740E-05 6.015000000E-01
2.071560400E+00 9.997035953E-01 5.878353127E-05 5.985000000E-01
2.081918200E+00 9.997072681E-01 5.787070114E-05 5.955000000E-01
2.092327800E+00 9.997108416E-01 5.698658865E-05 5.926000000E-01
2.102789500E+00 9.997145137E-01 5.609761521E-05 5.896000000E-01
2.113303400E+00 9.997180900E-01 5.524184226E-05 5.867000000E-01
2.123869900E+00 9.997216696E-01 5.439480470E-05 5.838000000E-01
2.134489300E+00 9.997252529E-01 5.355645780E-05 5.809000000E-01
2.145161700E+00 9.997288421E-01 5.273169513E-05 5.780000000E-01
2.155887500E+00 9.997324378E-01 5.191543474E-05 5.751000000E-01
2.166667000E+00 9.997360421E-01 5.111247236E-05 5.722000000E-01
2.177500300E+00 9.997395647E-01 5.033550502E-05 5.694000000E-01
2.188387800E+00 9.997431016E-01 4.956643955E-05 5.666000000E-01
2.199329700E+00 9.997467438E-01 4.879262122E-05 5.637000000E-01
2.210326400E+00 9.997503138E-01 4.804402460E-05 5.609000000E-01
2.221378000E+00 9.997539055E-01 4.730771968E-05 5.581000000E-01
2.232484900E+00 9.997574345E-01 4.659574814E-05 5.554000000E-01
2.243647300E+00 9.997610797E-01 4.587433967E-05 5.526000000E-01
2.254865600E+00 9.997646723E-01 4.518130926E-05 5.499000000E-01
2.266139900E+00 9.997683896E-01 4.447902423E-05 5.471000000E-01
2.277470600E+00 9.997720667E-01 4.380320723E-05 5.444000000E-01
2.288857900E+00 9.997757963E-01 4.313513182E-05 5.417000000E-01
2.300302200E+00 9.997795739E-01 4.247559592E-05 5.390000000E-01
2.311803700E+00 9.997834356E-01 4.182451303E-05 5.363000000E-01
2.323362800E+00 9.997873809E-01 4.118179721E-05 5.336000000E-01
2.334979600E+00 9.997913459E-01 4.056222260E-05 5.310000000E-01
2.346654500E+00 9.997955075E-01 3.993541770E-05 5.283000000E-01
2.358387800E+00 9.997997344E-01 3.933128855E-05 5.257000000E-01
2.370179700E+00 9.998041361E-01 3.873489582E-05 5.231000000E-01
2.382030600E+00 9.998087546E-01 3.814616025E-05 5.205000000E-01
2.393940700E+00 9.998136475E-01 3.756460661E-05 5.179000000E-01
2.405910400E+00 9.998188965E-01 3.699056103E-05 5.153000000E-01
2.417940000E+00 9.998245576E-01 3.643776699E-05 5.128000000E-01
2.430029700E+00 9.998309694E-01 3.587797669E-05 5.102000000E-01
2.442179800E+00 9.998383527E-01 3.533901044E-05 5.077000000E-01
2.454390700E+00 9.998475076E-01 3.480697435E-05 5.052000000E-01
2.466662700E+00 9.998604473E-01 3.426741184E-05 5.026000000E-01
2.478996000E+00 9.998872514E-01 3.374879710E-05 5.001000000E-01
2.483324300E+00 9.999276851E-01 3.357863072E-05 4.993000000E-01
2.484675600E+00 9.999288456E-01 9.603979949E-05 4.990000000E-01
2.491391000E+00 9.998821609E-01 9.516290698E-05 4.977000000E-01
2.503847900E+00 9.998649839E-01 9.352056397E-05 4.952000000E-01
2.516367200E+00 9.998582717E-01 9.190048426E-05 4.927000000E-01
2.528949000E+00 9.998552365E-01 9.034285387E-05 4.903000000E-01
2.541593800E+00 9.998545606E-01 8.876968262E-05 4.878000000E-01
2.554301700E+00 9.998558910E-01 8.725749805E-05 4.854000000E-01
2.567073200E+00 9.998600886E-01 8.576915071E-05 4.830000000E-01
2.579908600E+00 9.998726476E-01 8.429751301E-05 4.806000000E-01
2.584860400E+00 9.998968279E-01 8.374398529E-05 4.797000000E-01
2.586339400E+00 9.998972293E-01 1.218646623E-04 4.794000000E-01
2.592808200E+00 9.998686331E-01 1.207922495E-04 4.782000000E-01
2.605772200E+00 9.998549924E-01 1.186692616E-04 4.758000000E-01
2.618801100E+00 9.998482480E-01 1.165740576E-04 4.734000000E-01
2.631895100E+00 9.998437686E-01 1.145615865E-04 4.711000000E-01
2.645054500E+00 9.998406060E-01 1.125302846E-04 4.687000000E-01
2.658279800E+00 9.998381835E-01 1.105764823E-04 4.664000000E-01
2.671571200E+00 9.998363377E-01 1.086512338E-04 4.641000000E-01
2.684929100E+00 9.998349368E-01 1.067542260E-04 4.618000000E-01
2.698353700E+00 9.998338804E-01 1.048820266E-04 4.595000000E-01
2.711845500E+00 9.998331112E-01 1.030344195E-04 4.572000000E-01
2.725404700E+00 9.998325837E-01 1.012173074E-04 4.549000000E-01
2.739031700E+00 9.998321891E-01 9.947423344E-05 4.527000000E-01
2.752726900E+00 9.998320485E-01 9.771036333E-05 4.504000000E-01
2.766490500E+00 9.998319912E-01 9.601580089E-05 4.482000000E-01
2.780323000E+00 9.998321499E-01 9.430695724E-05 4.459000000E-01
2.794224600E+00 9.998323602E-01 9.266278195E-05 4.437000000E-01
2.808195700E+00 9.998326853E-01 9.104312364E-05 4.415000000E-01
2.822236700E+00 9.998331154E-01 8.945055751E-05 4.393000000E-01
2.836347900E+00 9.998336429E-01 8.787907399E-05 4.371000000E-01
2.850529600E+00 9.998341847E-01 8.637098661E-05 4.350000000E-01
2.864782300E+00 9.998348880E-01 8.484887668E-05 4.328000000E-01
2.879106200E+00 9.998356730E-01 8.334712241E-05 4.306000000E-01
2.893501700E+00 9.998364601E-01 8.190647693E-05 4.285000000E-01
2.907969200E+00 9.998373243E-01 8.048748472E-05 4.264000000E-01
2.922509100E+00 9.998383424E-01 7.905262082E-05 4.242000000E-01
2.937121600E+00 9.998393639E-01 7.767665574E-05 4.221000000E-01
2.951807200E+00 9.998404699E-01 7.631898829E-05 4.200000000E-01
2.966566200E+00 9.998416696E-01 7.498461503E-05 4.179000000E-01
2.981399100E+00 9.998429025E-01 7.370354247E-05 4.159000000E-01
2.996306100E+00 9.998443472E-01 7.240681224E-05 4.138000000E-01
3.011287600E+00 9.998460253E-01 7.108998745E-05 4.117000000E-01
3.026344000E+00 9.998479576E-01 6.981292875E-05 4.097000000E-01
3.041475800E+00 9.998505498E-01 6.852196744E-05 4.076000000E-01
3.056683100E+00 9.998547914E-01 6.728457215E-05 4.056000000E-01
3.063241700E+00 9.998592932E-01 6.674420451E-05 4.047000000E-01
3.069558400E+00 9.998597115E-01 7.788180872E-05 4.039000000E-01
3.071966600E+00 9.998577019E-01 7.766021184E-05 4.036000000E-01
3.087326400E+00 9.998535618E-01 7.622252856E-05 4.016000000E-01
3.102763000E+00 9.998523830E-01 7.480905210E-05 3.996000000E-01
3.118276800E+00 9.998519987E-01 7.341713385E-05 3.976000000E-01
3.133868200E+00 9.998520078E-01 7.204884783E-05 3.956000000E-01
3.149537600E+00 9.998521846E-01 7.073752632E-05 3.937000000E-01
3.165285300E+00 9.998526060E-01 6.941284678E-05 3.917000000E-01
3.181111700E+00 9.998530804E-01 6.814364891E-05 3.898000000E-01
3.197017200E+00 9.998537332E-01 6.685929992E-05 3.878000000E-01
3.213002300E+00 9.998543984E-01 6.562902365E-05 3.859000000E-01
3.229067300E+00 9.998551375E-01 6.444816218E-05 3.840000000E-01
3.245212700E+00 9.998559252E-01 6.328538483E-05 3.821000000E-01
3.261438700E+00 9.998567579E-01 6.214475786E-05 3.802000000E-01
3.277745900E+00 9.998576317E-01 6.102383207E-05 3.783000000E-01
3.294134700E+00 9.998585430E-01 5.992024564E-05 3.764000000E-01
3.310605300E+00 9.998594886E-01 5.883794242E-05 3.745000000E-01
3.327158400E+00 9.998604658E-01 5.777249107E-05 3.726000000E-01
3.343794100E+00 9.998613976E-01 5.675633243E-05 3.708000000E-01
3.360513100E+00 9.998624321E-01 5.572758868E-05 3.689000000E-01
3.377315700E+00 9.998634204E-01 5.473887056E-05 3.671000000E-01
3.394202300E+00 9.998644373E-01 5.376745382E-05 3.653000000E-01
3.411173300E+00 9.998654834E-01 5.281114643E-05 3.635000000E-01
3.428229100E+00 9.998665598E-01 5.187170297E-05 3.617000000E-01
3.445370300E+00 9.998676692E-01 5.094697304E-05 3.599000000E-01
3.462597100E+00 9.998688171E-01 5.003677996E-05 3.581000000E-01
3.479910100E+00 9.998700128E-01 4.914282473E-05 3.563000000E-01
3.497309700E+00 9.998712753E-01 4.826301858E-05 3.545000000E-01
3.514796200E+00 9.998726464E-01 4.739902737E-05 3.527000000E-01
3.532370200E+00 9.998741757E-01 4.657351678E-05 3.510000000E-01
3.549010800E+00 9.998765816E-01 4.578440622E-05 3.493000000E-01
3.550032100E+00 9.998768595E-01 4.573656505E-05 3.492000000E-01
3.559389100E+00 9.998771529E-01 4.851551282E-05 3.483000000E-01
3.567782200E+00 9.998765997E-01 4.810726212E-05 3.475000000E-01
3.585621100E+00 9.998766904E-01 4.725239388E-05 3.458000000E-01
3.603549200E+00 9.998772027E-01 4.641088746E-05 3.441000000E-01
3.621567000E+00 9.998779487E-01 4.555769401E-05 3.423000000E-01
3.639674800E+00 9.998787147E-01 4.474276266E-05 3.406000000E-01
3.657873200E+00 9.998794709E-01 4.396834795E-05 3.390000000E-01
3.676162600E+00 9.998803444E-01 4.318035302E-05 3.373000000E-01
3.694543400E+00 9.998812558E-01 4.240489960E-05 3.356000000E-01
3.713016100E+00 9.998822006E-01 4.164018570E-05 3.339000000E-01
3.731581200E+00 9.998831083E-01 4.091725661E-05 3.323000000E-01
3.750239100E+00 9.998841145E-01 4.019271107E-05 3.306000000E-01
3.768990300E+00 9.998850781E-01 3.950541374E-05 3.290000000E-01
3.787835200E+00 9.998861482E-01 3.880525833E-05 3.273000000E-01
3.806774400E+00 9.998872050E-01 3.814140185E-05 3.257000000E-01
3.825808300E+00 9.998883749E-01 3.748654679E-05 3.241000000E-01
3.842420900E+00 9.998897139E-01 3.692479647E-05 3.227000000E-01
3.844937300E+00 9.998900094E-01 3.684368074E-05 3.225000000E-01
3.858978900E+00 9.998904934E-01 3.798916264E-05 3.213000000E-01
3.864162000E+00 9.998904592E-01 3.782156831E-05 3.209000000E-01
3.883482800E+00 9.998908907E-01 3.718162210E-05 3.193000000E-01
3.902900200E+00 9.998915493E-01 3.655032131E-05 3.177000000E-01
3.922414700E+00 9.998922898E-01 3.593053518E-05 3.161000000E-01
3.942026800E+00 9.998930739E-01 3.531916584E-05 3.145000000E-01
3.961736900E+00 9.998938173E-01 3.473977159E-05 3.130000000E-01
3.981545600E+00 9.998946474E-01 3.414613680E-05 3.114000000E-01
4.001453300E+00 9.998954920E-01 3.355638726E-05 3.098000000E-01
4.021460600E+00 9.998962818E-01 3.299478177E-05 3.083000000E-01
4.041567900E+00 9.998970821E-01 3.244214211E-05 3.068000000E-01
4.061775700E+00 9.998979577E-01 3.187608327E-05 3.052000000E-01
4.082084600E+00 9.998987735E-01 3.133856639E-05 3.037000000E-01
4.102495000E+00 9.998995952E-01 3.080972269E-05 3.022000000E-01
4.123007500E+00 9.999004219E-01 3.028810249E-05 3.007000000E-01
4.143622600E+00 9.999012526E-01 2.977495660E-05 2.992000000E-01
4.164340700E+00 9.999020870E-01 2.926886328E-05 2.977000000E-01
4.185162400E+00 9.999029243E-01 2.877104793E-05 2.962000000E-01
4.206088200E+00 9.999036986E-01 2.829931221E-05 2.948000000E-01
4.227118600E+00 9.999045404E-01 2.781496212E-05 2.933000000E-01
4.248254200E+00 9.999053838E-01 2.733861631E-05 2.918000000E-01
4.269495500E+00 9.999061637E-01 2.688743501E-05 2.904000000E-01
4.290843000E+00 9.999069451E-01 2.644239198E-05 2.890000000E-01
4.312297200E+00 9.999077916E-01 2.598534510E-05 2.875000000E-01
4.333858700E+00 9.999085746E-01 2.555381631E-05 2.861000000E-01
4.355528000E+00 9.999093581E-01 2.512821448E-05 2.847000000E-01
4.377305600E+00 9.999102053E-01 2.469103836E-05 2.832000000E-01
4.399192100E+00 9.999109890E-01 2.427731484E-05 2.818000000E-01
4.421188100E+00 9.999117726E-01 2.387049652E-05 2.804000000E-01
4.443294000E+00 9.999125558E-01 2.346818748E-05 2.790000000E-01
4.465510500E+00 9.999133386E-01 2.307264108E-05 2.776000000E-01
4.487838100E+00 9.999140585E-01 2.269906382E-05 2.763000000E-01
4.510277200E+00 9.999148400E-01 2.231434525E-05 2.749000000E-01
4.532828600E+00 9.999156205E-01 2.193505292E-05 2.735000000E-01
4.555492800E+00 9.999163382E-01 2.157697965E-05 2.722000000E-01
4.578270200E+00 9.999171164E-01 2.120817564E-05 2.708000000E-01
4.601161600E+00 9.999178320E-01 2.086010446E-05 2.695000000E-01
4.624167400E+00 9.999186070E-01 2.050050456E-05 2.681000000E-01
4.647288200E+00 9.999193206E-01 2.015907623E-05 2.668000000E-01
4.670524700E+00 9.999200337E-01 1.982139416E-05 2.655000000E-01
4.693877300E+00 9.999208062E-01 1.947475076E-05 2.641000000E-01
4.717346700E+00 9.999215176E-01 1.914669986E-05 2.628000000E-01
4.740933400E+00 9.999222281E-01 1.882330364E-05 2.615000000E-01
4.764638100E+00 9.999229374E-01 1.850551272E-05 2.602000000E-01
4.788461300E+00 9.999236455E-01 1.819126569E-05 2.589000000E-01
4.812403600E+00 9.999243522E-01 1.788152380E-05 2.576000000E-01
4.836465600E+00 9.999249991E-01 1.758995584E-05 2.564000000E-01
4.860647900E+00 9.999257031E-01 1.728891068E-05 2.551000000E-01
4.884951200E+00 9.999264054E-01 1.699222552E-05 2.538000000E-01
4.909375900E+00 9.999271060E-01 1.669985197E-05 2.525000000E-01
4.933922800E+00 9.999277473E-01 1.642387776E-05 2.513000000E-01
4.958592400E+00 9.999284443E-01 1.613983392E-05 2.500000000E-01
4.983385400E+00 9.999289186E-01 1.586814181E-05 2.488000000E-01
5.008302300E+00 9.999295567E-01 1.559854135E-05 2.476000000E-01
5.033343800E+00 9.999302507E-01 1.531949769E-05 2.463000000E-01
5.058510500E+00 9.999308868E-01 1.505692092E-05 2.451000000E-01
5.083803100E+00 9.999315218E-01 1.479817130E-05 2.439000000E-01
5.109222100E+00 9.999321555E-01 1.454407727E-05 2.427000000E-01
5.134768200E+00 9.999327879E-01 1.429284687E-05 2.415000000E-01
5.160442100E+00 9.999334188E-01 1.404531771E-05 2.403000000E-01
5.186244300E+00 9.999339443E-01 1.379975818E-05 2.391000000E-01
5.212175500E+00 9.999345731E-01 1.355617784E-05 2.379000000E-01
5.238236400E+00 9.999352007E-01 1.331624234E-05 2.367000000E-01
5.264427600E+00 9.999358267E-01 1.307991045E-05 2.355000000E-01
5.290749700E+00 9.999364513E-01 1.284714120E-05 2.343000000E-01
5.317203400E+00 9.999370201E-01 1.262952625E-05 2.332000000E-01
5.343789500E+00 9.999376416E-01 1.240361347E-05 2.320000000E-01
5.370508400E+00 9.999382076E-01 1.219170144E-05 2.309000000E-01
5.397360900E+00 9.999388256E-01 1.197327869E-05 2.297000000E-01
5.424347700E+00 9.999393886E-01 1.176772586E-05 2.286000000E-01
5.451469500E+00 9.999400027E-01 1.155507245E-05 2.274000000E-01
5.478726800E+00 9.999405624E-01 1.135649746E-05 2.263000000E-01
5.506120500E+00 9.999411204E-01 1.116015175E-05 2.252000000E-01
5.533651100E+00 9.999416767E-01 1.096676532E-05 2.241000000E-01
5.561319300E+00 9.999422830E-01 1.076737577E-05 2.229000000E-01
5.589125900E+00 9.999428356E-01 1.057991958E-05 2.218000000E-01
5.617071600E+00 9.999433863E-01 1.039531952E-05 2.207000000E-01
5.645156900E+00 9.999439350E-01 1.021354210E-05 2.196000000E-01
5.673382700E+00 9.999444819E-01 1.003525975E-05 2.185000000E-01
5.701749600E+00 9.999450269E-01 9.859020881E-06 2.174000000E-01
5.730258400E+00 9.999455194E-01 9.694463173E-06 2.164000000E-01
5.758909600E+00 9.999460606E-01 9.523525604E-06 2.153000000E-01
5.787704200E+00 9.999465996E-01 9.355247763E-06 2.142000000E-01
5.816642700E+00 9.999470870E-01 9.197552243E-06 2.132000000E-01
5.845725900E+00 9.999476221E-01 9.034395243E-06 2.121000000E-01
5.874954600E+00 9.999481550E-01 8.873803215E-06 2.110000000E-01
5.904329300E+00 9.999486368E-01 8.723399342E-06 2.100000000E-01
5.933851000E+00 9.999491655E-01 8.567744266E-06 2.089000000E-01
5.963520200E+00 9.999496436E-01 8.422023039E-06 2.079000000E-01
5.993337800E+00 9.999501198E-01 8.278553540E-06 2.069000000E-01
6.023304500E+00 9.999506422E-01 8.129406379E-06 2.058000000E-01
6.053421000E+00 9.999511146E-01 7.990456125E-06 2.048000000E-01
6.083688200E+00 9.999515850E-01 7.853675431E-06 2.038000000E-01
6.114106600E+00 9.999520536E-01 7.719037665E-06 2.028000000E-01
6.144677100E+00 9.999524640E-01 7.585312447E-06 2.018000000E-01
6.175400500E+00 9.999529291E-01 7.453105215E-06 2.008000000E-01
6.206277500E+00 9.999533923E-01 7.322997543E-06 1.998000000E-01
6.237308900E+00 9.999538537E-01 7.194963242E-06 1.988000000E-01
6.268495400E+00 9.999543133E-01 7.068397963E-06 1.978000000E-01
6.299837900E+00 9.999547709E-01 6.944438373E-06 1.968000000E-01
6.331337100E+00 9.999552266E-01 6.821907919E-06 1.958000000E-01
6.362993800E+00 9.999556349E-01 6.708241377E-06 1.949000000E-01
6.394808800E+00 9.999560869E-01 6.589562434E-06 1.939000000E-01
6.426782800E+00 9.999565370E-01 6.472265852E-06 1.929000000E-01
6.458916700E+00 9.999569401E-01 6.363514931E-06 1.920000000E-01
6.491211300E+00 9.999573864E-01 6.250485895E-06 1.910000000E-01
6.523667400E+00 9.999577862E-01 6.144711436E-06 1.901000000E-01
6.556285700E+00 9.999582285E-01 6.034776603E-06 1.891000000E-01
6.589067100E+00 9.999586249E-01 5.932967143E-06 1.882000000E-01
6.622012500E+00 9.999590633E-01 5.826054234E-06 1.872000000E-01
6.655122500E+00 9.999594561E-01 5.727073723E-06 1.863000000E-01
6.688398100E+00 9.999598473E-01 5.629193288E-06 1.854000000E-01
6.721840100E+00 9.999602798E-01 5.527416589E-06 1.844000000E-01
6.755449300E+00 9.999606673E-01 5.432778720E-06 1.835000000E-01
6.789226600E+00 9.999610531E-01 5.339695808E-06 1.826000000E-01
6.823172700E+00 9.999614372E-01 5.247659403E-06 1.817000000E-01
6.857288600E+00 9.999618196E-01 5.157630078E-06 1.808000000E-01
6.891575000E+00 9.999622002E-01 5.068138031E-06 1.799000000E-01
6.926032900E+00 9.999625791E-01 4.980612779E-06 1.790000000E-01
6.960663100E+00 9.999629562E-01 4.894551198E-06 1.781000000E-01
6.995466400E+00 9.999633315E-01 4.809469359E-06 1.772000000E-01
7.030443700E+00 9.999636639E-01 4.730723843E-06 1.764000000E-01
7.065595900E+00 9.999640358E-01 4.648428153E-06 1.755000000E-01
7.100923900E+00 9.999644060E-01 4.567077390E-06 1.746000000E-01
7.136428500E+00 9.999647563E-01 4.486666167E-06 1.737000000E-01
7.172110700E+00 9.999650826E-01 4.412247294E-06 1.729000000E-01
7.207971200E+00 9.999654477E-01 4.334028323E-06 1.720000000E-01
7.244011100E+00 9.999657710E-01 4.261962025E-06 1.712000000E-01
7.280231100E+00 9.999661327E-01 4.186059961E-06 1.703000000E-01
7.316632300E+00 9.999664530E-01 4.116161369E-06 1.695000000E-01
7.353215500E+00 9.999668114E-01 4.042522690E-06 1.686000000E-01
7.389981500E+00 9.999671287E-01 3.974699759E-06 1.678000000E-01
7.426931400E+00 9.999674836E-01 3.903230902E-06 1.669000000E-01
7.464066100E+00 9.999677979E-01 3.837436319E-06 1.661000000E-01
7.501386400E+00 9.999681107E-01 3.772650907E-06 1.653000000E-01
7.538893400E+00 9.999684221E-01 3.708822514E-06 1.645000000E-01
7.576587800E+00 9.999687703E-01 3.641447612E-06 1.636000000E-01
7.614470800E+00 9.999690786E-01 3.579515979E-06 1.628000000E-01
7.652543100E+00 9.999693854E-01 3.518509006E-06 1.620000000E-01
7.690805800E+00 9.999696908E-01 3.458415987E-06 1.612000000E-01
7.729259900E+00 9.999699881E-01 3.399074162E-06 1.604000000E-01
7.767906200E+00 9.999702906E-01 3.340477502E-06 1.596000000E-01
7.806745700E+00 9.999705916E-01 3.282582727E-06 1.588000000E-01
7.845779400E+00 9.999708912E-01 3.225569484E-06 1.580000000E-01
7.885008300E+00 9.999711892E-01 3.169390805E-06 1.572000000E-01
7.924433400E+00 9.999714493E-01 3.118057056E-06 1.565000000E-01
7.964055500E+00 9.999717447E-01 3.063505620E-06 1.557000000E-01
8.003875800E+00 9.999720386E-01 3.009796410E-06 1.549000000E-01
8.043895200E+00 9.999723309E-01 2.956919244E-06 1.541000000E-01
8.084114700E+00 9.999725860E-01 2.908585454E-06 1.534000000E-01
8.124535200E+00 9.999728756E-01 2.857226651E-06 1.526000000E-01
8.165157900E+00 9.999731637E-01 2.806637688E-06 1.518000000E-01
8.205983700E+00 9.999734151E-01 2.760361082E-06 1.511000000E-01
8.247013600E+00 9.999737003E-01 2.711106896E-06 1.503000000E-01
8.288248700E+00 9.999739492E-01 2.666162701E-06 1.496000000E-01
8.329689900E+00 9.999742316E-01 2.618348301E-06 1.488000000E-01
8.371338400E+00 9.999744780E-01 2.574772111E-06 1.481000000E-01
8.413195100E+00 9.999747233E-01 2.531798628E-06 1.474000000E-01
8.455261000E+00 9.999750015E-01 2.486092451E-06 1.466000000E-01
8.497537300E+00 9.999752442E-01 2.444409107E-06 1.459000000E-01
8.540025000E+00 9.999754857E-01 2.403339530E-06 1.452000000E-01
9.030794000E+00 9.999780875E-01 1.974049449E-06 1.373000000E-01
9.653919000E+00 9.999809194E-01 1.544329238E-06 1.284000000E-01
1.032004000E+01 9.999834077E-01 1.210597836E-06 1.201000000E-01
1.103212000E+01 9.999855874E-01 9.505161035E-07 1.124000000E-01
1.179334000E+01 9.999875590E-01 7.438522630E-07 1.051000000E-01
1.260708000E+01 9.999894075E-01 5.835536978E-07 9.834000000E-02
1.277450000E+01 9.999898148E-01 5.563602689E-07 9.706000000E-02
1.297002000E+01 9.999904826E-01 5.264798518E-07 9.559000000E-02
1.302216000E+01 9.999909788E-01 5.189122349E-07 9.521000000E-02
1.310038000E+01 9.999906728E-01 1.320374313E-06 9.464000000E-02
1.329590000E+01 9.999905900E-01 1.250331175E-06 9.325000000E-02
1.347697000E+01 9.999907137E-01 1.189297392E-06 9.200000000E-02
1.440688000E+01 9.999917023E-01 9.274361313E-07 8.606000000E-02
1.489600000E+01 9.999922824E-01 8.184362831E-07 8.323000000E-02
1.512400000E+01 9.999926331E-01 7.732942740E-07 8.198000000E-02
1.518480000E+01 9.999928465E-01 7.617301680E-07 8.165000000E-02
1.527600000E+01 9.999927753E-01 1.047762492E-06 8.116000000E-02
1.540095000E+01 9.999927968E-01 1.016613948E-06 8.050000000E-02
1.550400000E+01 9.999928541E-01 9.919276675E-07 7.997000000E-02
1.554358000E+01 9.999928801E-01 9.826456093E-07 7.977000000E-02
1.578150000E+01 9.999930904E-01 9.287030390E-07 7.856000000E-02
1.584494000E+01 9.999932043E-01 9.150524479E-07 7.825000000E-02
1.594010000E+01 9.999931954E-01 1.036800774E-06 7.778000000E-02
1.617802000E+01 9.999932933E-01 9.837967213E-07 7.664000000E-02
1.646362000E+01 9.999934605E-01 9.246291290E-07 7.531000000E-02
1.759961000E+01 9.999941554E-01 7.284691095E-07 7.045000000E-02
1.881398000E+01 9.999948260E-01 5.733327933E-07 6.590000000E-02
2.011215000E+01 9.999954377E-01 4.513049199E-07 6.165000000E-02
2.149988000E+01 9.999959876E-01 3.549074498E-07 5.767000000E-02
2.298338000E+01 9.999964767E-01 2.791945197E-07 5.395000000E-02
2.456923000E+01 9.999969108E-01 2.196636720E-07 5.046000000E-02
2.626450000E+01 9.999972897E-01 1.730092167E-07 4.721000000E-02
2.807676000E+01 9.999976261E-01 1.351766090E-07 4.416000000E-02
3.001405000E+01 9.999979221E-01 1.054897280E-07 4.131000000E-02
3.208502000E+01 9.999981810E-01 8.221920722E-08 3.864000000E-02
3.429889000E+01 9.999984087E-01 6.398415031E-08 3.615000000E-02
3.666551000E+01 9.999986092E-01 4.980131665E-08 3.381000000E-02
3.919543000E+01 9.999987839E-01 3.881393261E-08 3.163000000E-02
4.189992000E+01 9.999989369E-01 3.027236083E-08 2.959000000E-02
4.479101000E+01 9.999990708E-01 2.362617594E-08 2.768000000E-02
4.788159000E+01 9.999991881E-01 1.844788539E-08 2.589000000E-02
5.118542000E+01 9.999992903E-01 1.442091378E-08 2.422000000E-02
5.471721000E+01 9.999993796E-01 1.128340245E-08 2.266000000E-02
5.849270000E+01 9.999994578E-01 8.822586723E-09 2.120000000E-02
6.252870000E+01 9.999995263E-01 6.893761537E-09 1.983000000E-02
6.684318000E+01 9.999995862E-01 5.389592335E-09 1.855000000E-02
7.145536000E+01 9.999996388E-01 4.201708205E-09 1.735000000E-02
7.638578000E+01 9.999996849E-01 3.274061796E-09 1.623000000E-02
8.165640000E+01 9.999997258E-01 2.544735249E-09 1.518000000E-02
8.624441000E+01 9.999997567E-01 2.063658120E-09 1.438000000E-02
8.729069000E+01 9.999997647E-01 1.967967017E-09 1.420000000E-02
8.756448000E+01 9.999997672E-01 1.945632958E-09 1.416000000E-02
8.791650000E+01 9.999997728E-01 1.914955869E-09 1.410000000E-02
8.844452000E+01 9.999997716E-01 9.013178252E-09 1.402000000E-02
8.976459000E+01 9.999997752E-01 8.545597151E-09 1.381000000E-02
9.331374000E+01 9.999997893E-01 7.447088738E-09 1.329000000E-02
9.975239000E+01 9.999998142E-01 5.861512089E-09 1.243000000E-02
1.066353000E+02 9.999998367E-01 4.609266908E-09 1.163000000E-02
1.139931000E+02 9.999998567E-01 3.621173726E-09 1.088000000E-02
1.218587000E+02 9.999998746E-01 2.839553814E-09 1.017000000E-02
1.302669000E+02 9.999998900E-01 2.229089111E-09 9.518000000E-03
1.392553000E+02 9.999999037E-01 1.746582633E-09 8.903000000E-03
1.488640000E+02 9.999999157E-01 1.368864928E-09 8.329000000E-03
1.591356000E+02 9.999999262E-01 1.072570380E-09 7.791000000E-03
1.701159000E+02 9.999999354E-01 8.405626843E-10 7.288000000E-03
1.818539000E+02 9.999999435E-01 6.588908121E-10 6.818000000E-03
1.944018000E+02 9.999999505E-01 5.161846848E-10 6.378000000E-03
2.078156000E+02 9.999999567E-01 4.043410283E-10 5.966000000E-03
2.221548000E+02 9.999999621E-01 3.168120867E-10 5.581000000E-03
2.374835000E+02 9.999999669E-01 2.482715907E-10 5.221000000E-03
2.538699000E+02 9.999999710E-01 1.945625035E-10 4.884000000E-03
2.713869000E+02 9.999999746E-01 1.525035608E-10 4.569000000E-03
2.901126000E+02 9.999999778E-01 1.195295447E-10 4.274000000E-03
3.101304000E+02 9.999999806E-01 9.369118264E-11 3.998000000E-03
3.315294000E+02 9.999999830E-01 7.345196695E-11 3.740000000E-03
3.544049000E+02 9.999999851E-01 5.756900769E-11 3.498000000E-03
3.788588000E+02 9.999999870E-01 4.515984503E-11 3.273000000E-03
4.050001000E+02 9.999999886E-01 3.539530653E-11 3.061000000E-03
4.329451000E+02 0.000000000E+00 0.000000000E+00 2.864000000E-03
