# 11/08/2021 
# Data retrieved from www.chemicool.com/densities.html 
# Includes the real (n) and complex (k) part of the  refractive index. 
# Element, Pd  (Z = 46) 
# Nominal density, g cm-3 =  12.02 
#    E [keV]      n       k    Wavelength [nm] 
4.918045000E-03 -8.824054695E+01 3.510364841E-02 2.521000000E+02
4.993321000E-03 -1.049647994E+01 0.000000000E+00 2.483000000E+02
5.013395000E-03 -9.149353195E+00 0.000000000E+00 2.473000000E+02
5.043505000E-03 -1.025353479E+01 2.382385063E+00 2.458000000E+02
5.118781000E-03 -1.087719698E+01 2.241709869E+00 2.422000000E+02
5.337699000E-03 -1.018829620E+01 1.887203119E+00 2.323000000E+02
5.419399000E-03 -9.372990874E+00 1.772793667E+00 2.288000000E+02
5.441185000E-03 -8.615469953E+00 1.743980664E+00 2.279000000E+02
5.473865000E-03 -9.253461079E+00 3.055079548E+00 2.265000000E+02
5.555565000E-03 -9.610734101E+00 2.862754902E+00 2.232000000E+02
1.069000000E-02 -1.470084417E+00 2.423026120E+00 1.160000000E+02
1.142761000E-02 -1.306138693E+00 2.498779587E+00 1.085000000E+02
1.221612000E-02 -1.228484059E+00 2.513419335E+00 1.015000000E+02
1.305903000E-02 -1.207109415E+00 2.457033530E+00 9.494000000E+01
1.396010000E-02 -1.213242753E+00 2.330974037E+00 8.881000000E+01
1.492335000E-02 -1.220087364E+00 2.144138170E+00 8.308000000E+01
1.595306000E-02 -1.233603073E+00 1.912147761E+00 7.772000000E+01
1.705382000E-02 -1.201856945E+00 1.654246526E+00 7.270000000E+01
1.823053000E-02 -1.114452524E+00 1.390816867E+00 6.801000000E+01
1.948844000E-02 -9.936415921E-01 1.138283610E+00 6.362000000E+01
2.083314000E-02 -8.467048351E-01 9.089405660E-01 5.951000000E+01
2.227063000E-02 -6.835065528E-01 7.102022938E-01 5.567000000E+01
2.380730000E-02 -5.134173235E-01 5.446822938E-01 5.208000000E+01
2.545001000E-02 -3.445669953E-01 4.114481593E-01 4.872000000E+01
2.720606000E-02 -1.830552903E-01 3.071429481E-01 4.557000000E+01
2.908327000E-02 -3.374170943E-02 2.274935835E-01 4.263000000E+01
3.109002000E-02 1.016680851E-01 1.676652066E-01 3.988000000E+01
3.323523000E-02 2.224979487E-01 1.233448099E-01 3.731000000E+01
3.552846000E-02 3.295665313E-01 9.076220435E-02 3.490000000E+01
3.797993000E-02 4.239491896E-01 6.695665231E-02 3.264000000E+01
4.060054000E-02 5.065776791E-01 4.968110268E-02 3.054000000E+01
4.340198000E-02 5.803677426E-01 3.708899258E-02 2.857000000E+01
4.639671000E-02 6.490443567E-01 2.789358697E-02 2.672000000E+01
4.959809000E-02 7.273991480E-01 2.118063776E-02 2.500000000E+01
5.007800000E-02 7.452242516E-01 2.037009067E-02 2.476000000E+01
5.084450000E-02 8.012053770E-01 1.915127156E-02 2.438000000E+01
5.104890000E-02 8.632843231E-01 1.885894841E-02 2.429000000E+01
5.135550000E-02 7.969848319E-01 1.377575626E-01 2.414000000E+01
5.212200000E-02 7.450422906E-01 1.238643741E-01 2.379000000E+01
5.302035000E-02 7.284864663E-01 1.095165506E-01 2.338000000E+01
5.667876000E-02 7.328919759E-01 6.836412948E-02 2.187000000E+01
6.058959000E-02 7.616863940E-01 4.455753648E-02 2.046000000E+01
6.477028000E-02 7.918882649E-01 3.068128501E-02 1.914000000E+01
6.923942000E-02 8.193032242E-01 2.212266103E-02 1.791000000E+01
7.401695000E-02 8.435876442E-01 1.654761415E-02 1.675000000E+01
7.912411000E-02 8.646394186E-01 1.278211981E-02 1.567000000E+01
8.458368000E-02 8.831239888E-01 1.013850292E-02 1.466000000E+01
8.467200000E-02 8.834766682E-01 1.009712828E-02 1.464000000E+01
8.596800000E-02 8.876362289E-01 9.610718740E-03 1.442000000E+01
8.631360000E-02 8.891248107E-01 9.484356356E-03 1.436000000E+01
8.683200000E-02 8.899897253E-01 1.025423036E-02 1.428000000E+01
8.812800000E-02 8.930457217E-01 9.835882681E-03 1.407000000E+01
9.041995000E-02 8.985962071E-01 9.170413011E-03 1.371000000E+01
9.665893000E-02 9.117689431E-01 7.791429268E-03 1.283000000E+01
1.033284000E-01 9.233319988E-01 6.756205897E-03 1.200000000E+01
1.104581000E-01 9.334008104E-01 5.945999610E-03 1.122000000E+01
1.180797000E-01 9.420255114E-01 5.288416871E-03 1.050000000E+01
1.262272000E-01 9.495683126E-01 4.729037513E-03 9.822000000E+00
1.349368000E-01 9.561291744E-01 4.247167098E-03 9.188000000E+00
1.442475000E-01 9.618459658E-01 3.825026268E-03 8.595000000E+00
1.542005000E-01 9.668406559E-01 3.449731294E-03 8.040000000E+00
1.648404000E-01 9.712021320E-01 3.113292351E-03 7.521000000E+00
1.762144000E-01 9.750175959E-01 2.809584130E-03 7.036000000E+00
1.883732000E-01 9.783676659E-01 2.532977246E-03 6.582000000E+00
2.013709000E-01 9.813161250E-01 2.280380103E-03 6.157000000E+00
2.152655000E-01 9.839146901E-01 2.049326461E-03 5.760000000E+00
2.301188000E-01 9.862223153E-01 1.836386989E-03 5.388000000E+00
2.459970000E-01 9.882832166E-01 1.640693733E-03 5.040000000E+00
2.629708000E-01 9.901413770E-01 1.461689650E-03 4.715000000E+00
2.811158000E-01 9.918600513E-01 1.297270587E-03 4.410000000E+00
3.005128000E-01 9.935096870E-01 1.148132345E-03 4.126000000E+00
3.212482000E-01 9.953159929E-01 1.011931974E-03 3.859000000E+00
3.280060000E-01 9.960627593E-01 9.724934493E-04 3.780000000E+00
3.332000000E-01 9.970090678E-01 9.433435853E-04 3.721000000E+00
3.343653000E-01 9.976125153E-01 9.369313834E-04 3.708000000E+00
3.363735000E-01 9.973518750E-01 1.946648463E-03 3.686000000E+00
3.383000000E-01 9.974102899E-01 1.965383931E-03 3.665000000E+00
3.396600000E-01 9.977565605E-01 1.978712934E-03 3.650000000E+00
3.417000000E-01 9.974400941E-01 2.700333175E-03 3.628000000E+00
3.434143000E-01 9.973278702E-01 2.735663231E-03 3.610000000E+00
3.468000000E-01 9.972743359E-01 2.808339159E-03 3.575000000E+00
3.671099000E-01 9.975986624E-01 3.324608337E-03 3.377000000E+00
3.924405000E-01 9.978113184E-01 4.009304815E-03 3.159000000E+00
4.195189000E-01 9.976896574E-01 4.444790117E-03 2.955000000E+00
4.484657000E-01 9.974143090E-01 4.557208297E-03 2.765000000E+00
4.794098000E-01 9.971618194E-01 4.370809923E-03 2.586000000E+00
5.124891000E-01 9.970923852E-01 3.978925924E-03 2.419000000E+00
5.208700000E-01 9.971502894E-01 3.863583821E-03 2.380000000E+00
5.288425000E-01 9.973472573E-01 3.750770857E-03 2.344000000E+00
5.309685000E-01 9.975992301E-01 3.721690655E-03 2.335000000E+00
5.341575000E-01 9.973297108E-01 4.178258364E-03 2.321000000E+00
5.421300000E-01 9.971010054E-01 4.050518813E-03 2.287000000E+00
5.478508000E-01 9.970434709E-01 3.958296735E-03 2.263000000E+00
5.479180000E-01 9.970434709E-01 3.958296735E-03 2.263000000E+00
5.563045000E-01 9.970487512E-01 3.824940682E-03 2.229000000E+00
5.585409000E-01 9.971330946E-01 3.789304177E-03 2.220000000E+00
5.618955000E-01 9.970094539E-01 3.932426494E-03 2.207000000E+00
5.702820000E-01 9.968852354E-01 3.795521957E-03 2.174000000E+00
5.856525000E-01 9.967978725E-01 3.556035738E-03 2.117000000E+00
6.260625000E-01 9.967933965E-01 2.981273812E-03 1.980000000E+00
6.565020000E-01 9.968995187E-01 2.610122681E-03 1.889000000E+00
6.665505000E-01 9.969794738E-01 2.496402045E-03 1.860000000E+00
6.692609000E-01 9.970428074E-01 2.468429686E-03 1.853000000E+00
6.732495000E-01 9.969991487E-01 2.531847294E-03 1.842000000E+00
6.832980000E-01 9.969912412E-01 2.422634639E-03 1.814000000E+00
7.154399000E-01 9.970815703E-01 2.115827881E-03 1.733000000E+00
7.648052000E-01 9.972841468E-01 1.728459713E-03 1.621000000E+00
8.175768000E-01 9.975137029E-01 1.406134203E-03 1.516000000E+00
8.739896000E-01 9.977434905E-01 1.143558900E-03 1.419000000E+00
9.342948000E-01 9.979695763E-01 9.266484292E-04 1.327000000E+00
9.987612000E-01 9.981804739E-01 7.494501532E-04 1.241000000E+00
1.067676000E+00 9.983795849E-01 6.008390514E-04 1.161000000E+00
1.141345000E+00 9.985648731E-01 4.811052179E-04 1.086000000E+00
1.220098000E+00 9.987328207E-01 3.849326999E-04 1.016000000E+00
1.304285000E+00 9.988837024E-01 3.079991142E-04 9.506000000E-01
1.394281000E+00 9.990190871E-01 2.450623900E-04 8.892000000E-01
1.490486000E+00 9.991404329E-01 1.943258562E-04 8.318000000E-01
1.593329000E+00 9.992483583E-01 1.543402847E-04 7.781000000E-01
1.703269000E+00 9.993434991E-01 1.227886375E-04 7.279000000E-01
1.820795000E+00 9.994275967E-01 9.783626955E-05 6.809000000E-01
1.946430000E+00 9.995014432E-01 7.810370289E-05 6.370000000E-01
2.080733000E+00 9.995663664E-01 6.245075087E-05 5.959000000E-01
2.224304000E+00 9.996235394E-01 4.980798381E-05 5.574000000E-01
2.377781000E+00 9.996740834E-01 3.957634089E-05 5.214000000E-01
2.541848000E+00 9.997189447E-01 3.148089342E-05 4.878000000E-01
2.717235000E+00 9.997594162E-01 2.505780368E-05 4.563000000E-01
2.904724000E+00 9.997972880E-01 1.994706150E-05 4.268000000E-01
3.105150000E+00 9.998399186E-01 1.569573416E-05 3.993000000E-01
3.109834000E+00 9.998412707E-01 1.560689612E-05 3.987000000E-01
3.157434000E+00 9.998618590E-01 1.473893984E-05 3.927000000E-01
3.170127000E+00 9.998803792E-01 1.451595896E-05 3.911000000E-01
3.189167000E+00 9.998661271E-01 4.711969380E-05 3.888000000E-01
3.236766000E+00 9.998578361E-01 4.559009876E-05 3.830000000E-01
3.263694000E+00 9.998580822E-01 4.478462967E-05 3.799000000E-01
3.313649000E+00 9.998642615E-01 4.333548550E-05 3.742000000E-01
3.319406000E+00 9.998663575E-01 4.316073852E-05 3.735000000E-01
3.326970000E+00 9.998720482E-01 4.295909475E-05 3.727000000E-01
3.346952000E+00 9.998647505E-01 5.717949110E-05 3.704000000E-01
3.396906000E+00 9.998593991E-01 5.490260856E-05 3.650000000E-01
3.532214000E+00 9.998610794E-01 4.880605222E-05 3.510000000E-01
3.548445000E+00 9.998619382E-01 4.806045288E-05 3.494000000E-01
3.586279000E+00 9.998652642E-01 4.633704754E-05 3.457000000E-01
3.600696000E+00 9.998690919E-01 4.568766542E-05 3.443000000E-01
3.622322000E+00 9.998662869E-01 5.138852114E-05 3.423000000E-01
3.676386000E+00 9.998652135E-01 4.878988492E-05 3.372000000E-01
3.793288000E+00 9.998679314E-01 4.363146726E-05 3.269000000E-01
4.055024000E+00 9.998785301E-01 3.403864438E-05 3.058000000E-01
4.334821000E+00 9.998907784E-01 2.653211853E-05 2.860000000E-01
4.633924000E+00 9.999026885E-01 2.080144792E-05 2.676000000E-01
4.953664000E+00 9.999138417E-01 1.633138050E-05 2.503000000E-01
5.295467000E+00 9.999240081E-01 1.284886168E-05 2.341000000E-01
5.660855000E+00 9.999331024E-01 1.012900091E-05 2.190000000E-01
6.051453000E+00 9.999411902E-01 7.991690114E-06 2.049000000E-01
6.469004000E+00 9.999482728E-01 6.295191881E-06 1.917000000E-01
6.915365000E+00 9.999546267E-01 4.932722793E-06 1.793000000E-01
7.392525000E+00 9.999602493E-01 3.861956951E-06 1.677000000E-01
7.902609000E+00 9.999652064E-01 3.024808143E-06 1.569000000E-01
8.447890000E+00 9.999695578E-01 2.371540037E-06 1.468000000E-01
9.030794000E+00 9.999733826E-01 1.855137155E-06 1.373000000E-01
9.653919000E+00 9.999767510E-01 1.439558263E-06 1.284000000E-01
1.032004000E+01 9.999796944E-01 1.118128764E-06 1.201000000E-01
1.103212000E+01 9.999822495E-01 8.697035745E-07 1.124000000E-01
1.179334000E+01 9.999845133E-01 6.758242977E-07 1.051000000E-01
1.260708000E+01 9.999864717E-01 5.264252005E-07 9.834000000E-02
1.347697000E+01 9.999881872E-01 4.100506920E-07 9.200000000E-02
1.440688000E+01 9.999896883E-01 3.188870224E-07 8.606000000E-02
1.540095000E+01 9.999910012E-01 2.475621183E-07 8.050000000E-02
1.646362000E+01 9.999921467E-01 1.917030861E-07 7.531000000E-02
1.759961000E+01 9.999931502E-01 1.484000875E-07 7.045000000E-02
1.881398000E+01 9.999940298E-01 1.149752996E-07 6.590000000E-02
2.011215000E+01 9.999948011E-01 8.917640531E-08 6.165000000E-02
2.149988000E+01 9.999954836E-01 6.921934668E-08 5.767000000E-02
2.298338000E+01 9.999961014E-01 5.378223679E-08 5.395000000E-02
2.386329000E+01 9.999964581E-01 4.667158551E-08 5.196000000E-02
2.422855000E+01 9.999966680E-01 4.406265200E-08 5.117000000E-02
2.432595000E+01 9.999968168E-01 4.341059137E-08 5.097000000E-02
2.447205000E+01 9.999967321E-01 2.815987413E-07 5.066000000E-02
2.456923000E+01 9.999967115E-01 2.774533618E-07 5.046000000E-02
2.483731000E+01 9.999967186E-01 2.664609764E-07 4.992000000E-02
2.626450000E+01 9.999969673E-01 2.171567653E-07 4.721000000E-02
2.807676000E+01 9.999973056E-01 1.705214329E-07 4.416000000E-02
3.001405000E+01 9.999976218E-01 1.335048804E-07 4.131000000E-02
3.208502000E+01 9.999979079E-01 1.042749434E-07 3.864000000E-02
3.429889000E+01 9.999981623E-01 8.128639771E-08 3.615000000E-02
3.666551000E+01 9.999983887E-01 6.333765400E-08 3.381000000E-02
3.919543000E+01 9.999985875E-01 4.938417358E-08 3.163000000E-02
4.189992000E+01 9.999987626E-01 3.850514407E-08 2.959000000E-02
4.479101000E+01 9.999989165E-01 3.002507756E-08 2.768000000E-02
4.788159000E+01 9.999990518E-01 2.340668079E-08 2.589000000E-02
5.118542000E+01 9.999991694E-01 1.816524058E-08 2.422000000E-02
5.471721000E+01 9.999992730E-01 1.407664866E-08 2.266000000E-02
5.849270000E+01 9.999993638E-01 1.090882156E-08 2.120000000E-02
6.252870000E+01 9.999994436E-01 8.451166133E-09 1.983000000E-02
6.684318000E+01 9.999995133E-01 6.548654167E-09 1.855000000E-02
7.145536000E+01 9.999995744E-01 5.072762606E-09 1.735000000E-02
7.638578000E+01 9.999996277E-01 3.930719242E-09 1.623000000E-02
8.165640000E+01 9.999996745E-01 3.039226415E-09 1.518000000E-02
8.729069000E+01 9.999997153E-01 2.343673513E-09 1.420000000E-02
9.331374000E+01 9.999997507E-01 1.809263280E-09 1.329000000E-02
9.975239000E+01 9.999997820E-01 1.394905062E-09 1.243000000E-02
1.066353000E+02 9.999998093E-01 1.076096119E-09 1.163000000E-02
1.139931000E+02 9.999998331E-01 8.290407748E-10 1.088000000E-02
1.218587000E+02 9.999998543E-01 6.376960937E-10 1.017000000E-02
1.302669000E+02 9.999998724E-01 4.917552848E-10 9.518000000E-03
1.392553000E+02 9.999998884E-01 3.788043152E-10 8.903000000E-03
1.488640000E+02 9.999999023E-01 2.919174083E-10 8.329000000E-03
1.591356000E+02 9.999999146E-01 2.249073944E-10 7.791000000E-03
1.701159000E+02 9.999999253E-01 1.732932176E-10 7.288000000E-03
1.818539000E+02 9.999999346E-01 1.335610377E-10 6.818000000E-03
1.944018000E+02 9.999999428E-01 1.029290713E-10 6.378000000E-03
2.078156000E+02 9.999999500E-01 7.931564797E-11 5.966000000E-03
2.221548000E+02 9.999999562E-01 6.113109140E-11 5.581000000E-03
2.374835000E+02 9.999999617E-01 4.712011354E-11 5.221000000E-03
2.538699000E+02 9.999999665E-01 3.631881170E-11 4.884000000E-03
2.713869000E+02 9.999999707E-01 2.799777790E-11 4.569000000E-03
2.901126000E+02 9.999999743E-01 2.158021293E-11 4.274000000E-03
3.101304000E+02 9.999999775E-01 1.663421358E-11 3.998000000E-03
3.315294000E+02 9.999999804E-01 1.282375123E-11 3.740000000E-03
3.544049000E+02 9.999999828E-01 9.882336272E-12 3.498000000E-03
3.788588000E+02 9.999999850E-01 7.622504892E-12 3.273000000E-03
4.050001000E+02 9.999999868E-01 5.873845704E-12 3.061000000E-03
4.329451000E+02 0.000000000E+00 0.000000000E+00 2.864000000E-03
