# 11/08/2021 
# Data retrieved from www.chemicool.com/densities.html 
# Includes the real (n) and complex (k) part of the  refractive index. 
# Element, Ra  (Z = 88) 
# Nominal density, g cm-3 =  5.5 
#    E [keV]      n       k    Wavelength [nm] 
1.069000000E-02 -6.796828939E+00 2.763240500E-02 1.160000000E+02
1.142761000E-02 3.486679165E-01 0.000000000E+00 1.085000000E+02
1.221612000E-02 4.517292537E-01 0.000000000E+00 1.015000000E+02
1.305903000E-02 5.447179212E-01 0.000000000E+00 9.494000000E+01
1.396010000E-02 6.299781048E-01 0.000000000E+00 8.881000000E+01
1.492335000E-02 7.108624772E-01 0.000000000E+00 8.308000000E+01
1.595306000E-02 7.929910927E-01 0.000000000E+00 7.772000000E+01
1.705382000E-02 8.902446499E-01 0.000000000E+00 7.270000000E+01
1.823053000E-02 1.075024091E+00 0.000000000E+00 6.801000000E+01
1.842400000E-02 1.143590449E+00 0.000000000E+00 6.729000000E+01
1.870600000E-02 1.387222288E+00 0.000000000E+00 6.628000000E+01
1.878120000E-02 1.691481225E+00 0.000000000E+00 6.602000000E+01
1.889400000E-02 1.348071278E+00 6.038008686E-01 6.562000000E+01
1.917600000E-02 1.050735843E+00 5.533450328E-01 6.466000000E+01
1.948844000E-02 9.243245555E-01 5.029955815E-01 6.362000000E+01
2.083314000E-02 7.542424572E-01 3.393483198E-01 5.951000000E+01
2.227063000E-02 7.326991149E-01 2.320131354E-01 5.567000000E+01
2.380730000E-02 7.486983074E-01 1.617410607E-01 5.208000000E+01
2.545001000E-02 7.758881885E-01 1.146610952E-01 4.872000000E+01
2.720606000E-02 8.052947382E-01 8.247435544E-02 4.557000000E+01
2.908327000E-02 8.334116390E-01 6.011623319E-02 4.263000000E+01
3.109002000E-02 8.591227687E-01 4.431634641E-02 3.988000000E+01
3.323523000E-02 8.821548459E-01 3.298559153E-02 3.731000000E+01
3.552846000E-02 9.027005192E-01 2.473772598E-02 3.490000000E+01
3.797993000E-02 9.210528085E-01 1.866254948E-02 3.264000000E+01
4.060054000E-02 9.375354934E-01 1.416045226E-02 3.054000000E+01
4.263000000E-02 9.489400099E-01 1.159119204E-02 2.908000000E+01
4.328250000E-02 9.527486157E-01 1.090244350E-02 2.865000000E+01
4.340198000E-02 9.536880555E-01 1.077995058E-02 2.857000000E+01
4.345650000E-02 9.543336023E-01 1.072196903E-02 2.853000000E+01
4.371750000E-02 9.547878196E-01 1.188222355E-02 2.836000000E+01
4.437000000E-02 9.571995902E-01 1.113937726E-02 2.794000000E+01
4.639671000E-02 9.657866903E-01 9.188834091E-03 2.672000000E+01
4.959809000E-02 9.789629604E-01 6.925416005E-03 2.500000000E+01
5.302035000E-02 9.927606728E-01 5.256192989E-03 2.338000000E+01
5.667876000E-02 1.008606909E+00 4.017008169E-03 2.187000000E+01
6.058959000E-02 1.030743924E+00 3.086552621E-03 2.046000000E+01
6.477028000E-02 1.079228318E+00 2.382892729E-03 1.914000000E+01
6.585600000E-02 1.110643066E+00 2.237049674E-03 1.883000000E+01
6.686400000E-02 1.190839729E+00 2.109623047E-03 1.854000000E+01
6.713280000E-02 1.291000235E+00 2.078611545E-03 1.847000000E+01
6.753600000E-02 1.180584294E+00 2.008842955E-01 1.836000000E+01
6.854400000E-02 1.083228642E+00 1.894941584E-01 1.809000000E+01
6.923942000E-02 1.053089290E+00 1.821496211E-01 1.791000000E+01
7.401695000E-02 9.690318456E-01 1.401863587E-01 1.675000000E+01
7.912411000E-02 9.367343769E-01 1.014120026E-01 1.567000000E+01
8.458368000E-02 9.286272561E-01 6.639551663E-02 1.466000000E+01
9.041995000E-02 9.332931376E-01 4.065225835E-02 1.371000000E+01
9.665893000E-02 9.426050087E-01 2.399080409E-02 1.283000000E+01
1.033284000E-01 9.524999547E-01 1.393372012E-02 1.200000000E+01
1.104581000E-01 9.612495659E-01 8.118873811E-03 1.122000000E+01
1.180797000E-01 9.683740729E-01 4.828172313E-03 1.050000000E+01
1.262272000E-01 9.741037148E-01 2.954758651E-03 9.822000000E+00
1.349368000E-01 9.786773599E-01 1.876282256E-03 9.188000000E+00
1.442475000E-01 9.823842623E-01 1.241114532E-03 8.595000000E+00
1.497440000E-01 9.842294019E-01 1.002849074E-03 8.280000000E+00
1.520360000E-01 9.850705149E-01 9.230592094E-04 8.155000000E+00
1.526472000E-01 9.854825267E-01 9.032911469E-04 8.122000000E+00
1.535640000E-01 9.854537900E-01 1.363668357E-03 8.074000000E+00
1.542005000E-01 9.855186889E-01 1.337678233E-03 8.040000000E+00
1.558560000E-01 9.857977726E-01 1.274275207E-03 7.955000000E+00
1.648404000E-01 9.875405927E-01 9.984656431E-04 7.521000000E+00
1.762144000E-01 9.894287659E-01 7.660526778E-04 7.036000000E+00
1.883732000E-01 9.910575603E-01 6.054370554E-04 6.582000000E+00
1.963920000E-01 9.919856700E-01 5.295896996E-04 6.313000000E+00
1.993980000E-01 9.923583873E-01 5.055886479E-04 6.218000000E+00
2.001996000E-01 9.925307706E-01 4.995147859E-04 6.193000000E+00
2.013709000E-01 9.925357617E-01 6.808048639E-04 6.157000000E+00
2.014020000E-01 9.925366918E-01 6.804342971E-04 6.156000000E+00
2.044080000E-01 9.927073256E-01 6.454486019E-04 6.066000000E+00
2.152655000E-01 9.935079309E-01 5.405642132E-04 5.760000000E+00
2.301188000E-01 9.944792581E-01 4.378518799E-04 5.388000000E+00
2.459970000E-01 9.953434300E-01 3.625009800E-04 5.040000000E+00
2.493120000E-01 9.955064937E-01 3.498552193E-04 4.973000000E+00
2.531280000E-01 9.956943796E-01 3.363233777E-04 4.898000000E+00
2.541456000E-01 9.957554142E-01 3.328473632E-04 4.878000000E+00
2.556720000E-01 9.958070463E-01 3.570568883E-04 4.849000000E+00
2.594880000E-01 9.959564224E-01 3.446217292E-04 4.778000000E+00
2.629708000E-01 9.960942034E-01 3.340157121E-04 4.715000000E+00
2.811158000E-01 9.967577920E-01 2.877523168E-04 4.410000000E+00
2.929220000E-01 9.971455457E-01 2.641870535E-04 4.233000000E+00
2.974055000E-01 9.972969803E-01 2.561788383E-04 4.169000000E+00
2.986011000E-01 9.973499780E-01 2.540825189E-04 4.152000000E+00
3.005128000E-01 9.973922377E-01 2.838824505E-04 4.126000000E+00
3.048780000E-01 9.975085059E-01 2.845726033E-04 4.067000000E+00
3.212482000E-01 9.979456403E-01 3.078461441E-04 3.859000000E+00
3.434143000E-01 9.984614343E-01 4.133510061E-04 3.610000000E+00
3.671099000E-01 9.988770348E-01 6.023939189E-04 3.377000000E+00
3.924405000E-01 9.991532328E-01 8.392314719E-04 3.159000000E+00
4.195189000E-01 9.992816077E-01 1.063921422E-03 2.955000000E+00
4.484657000E-01 9.992921392E-01 1.223381315E-03 2.765000000E+00
4.794098000E-01 9.992377375E-01 1.290039530E-03 2.586000000E+00
5.000000000E-01 9.991919070E-01 1.286614018E-03 2.480000000E+00
5.025000000E-01 9.991871291E-01 1.283360361E-03 2.467000000E+00
5.050125000E-01 9.991818116E-01 1.280649868E-03 2.455000000E+00
5.075375600E-01 9.991766192E-01 1.277457034E-03 2.443000000E+00
5.100752500E-01 9.991715642E-01 1.273871314E-03 2.431000000E+00
5.126256300E-01 9.991666664E-01 1.269786714E-03 2.419000000E+00
5.151887500E-01 9.991619296E-01 1.265292112E-03 2.407000000E+00
5.177647000E-01 9.991573724E-01 1.260360148E-03 2.395000000E+00
5.203535200E-01 9.991530088E-01 1.255039522E-03 2.383000000E+00
5.229552900E-01 9.991488451E-01 1.249340384E-03 2.371000000E+00
5.255700700E-01 9.991448979E-01 1.243236221E-03 2.359000000E+00
5.281979200E-01 9.991411726E-01 1.236774319E-03 2.347000000E+00
5.308389100E-01 9.991369423E-01 1.230982415E-03 2.336000000E+00
5.334931000E-01 9.991336931E-01 1.223798721E-03 2.324000000E+00
5.361605700E-01 9.991307001E-01 1.216287071E-03 2.312000000E+00
5.388413700E-01 9.991272153E-01 1.209473326E-03 2.301000000E+00
5.415355800E-01 9.991247592E-01 1.201333227E-03 2.289000000E+00
5.442432500E-01 9.991218180E-01 1.193941419E-03 2.278000000E+00
5.469644700E-01 9.991191629E-01 1.186255372E-03 2.267000000E+00
5.496992900E-01 9.991175853E-01 1.177239165E-03 2.255000000E+00
5.524477900E-01 9.991155433E-01 1.168992070E-03 2.244000000E+00
5.552100300E-01 9.991138213E-01 1.160508817E-03 2.233000000E+00
5.579860800E-01 9.991124358E-01 1.151764182E-03 2.222000000E+00
5.607760100E-01 9.991114027E-01 1.142798414E-03 2.211000000E+00
5.635798900E-01 9.991107370E-01 1.133618602E-03 2.200000000E+00
5.663977900E-01 9.991104653E-01 1.124231766E-03 2.189000000E+00
5.692297800E-01 9.991106099E-01 1.114613686E-03 2.178000000E+00
5.720759300E-01 9.991112042E-01 1.104833913E-03 2.167000000E+00
5.749363000E-01 9.991122861E-01 1.094867779E-03 2.156000000E+00
5.778109900E-01 9.991130865E-01 1.085763934E-03 2.146000000E+00
5.807000400E-01 9.991153252E-01 1.075470460E-03 2.135000000E+00
5.836035400E-01 9.991182803E-01 1.065009867E-03 2.124000000E+00
5.865215600E-01 9.991212735E-01 1.055445697E-03 2.114000000E+00
5.894541700E-01 9.991262177E-01 1.044722978E-03 2.103000000E+00
5.924014400E-01 9.991318821E-01 1.034868632E-03 2.093000000E+00
5.953634500E-01 9.991408093E-01 1.023934011E-03 2.082000000E+00
5.983402600E-01 9.991536676E-01 1.013867632E-03 2.072000000E+00
6.013319600E-01 9.991825011E-01 1.003685723E-03 2.062000000E+00
6.023347600E-01 9.992157181E-01 9.996284592E-04 2.058000000E+00
6.030652300E-01 9.992154720E-01 1.074974412E-03 2.056000000E+00
6.043386200E-01 9.991785779E-01 1.070795701E-03 2.052000000E+00
6.073603200E-01 9.991546174E-01 1.059264073E-03 2.041000000E+00
6.103971200E-01 9.991436466E-01 1.048692768E-03 2.031000000E+00
6.134491000E-01 9.991372384E-01 1.038042363E-03 2.021000000E+00
6.165163500E-01 9.991333589E-01 1.027343380E-03 2.011000000E+00
6.195989300E-01 9.991312700E-01 1.016572615E-03 2.001000000E+00
6.226969300E-01 9.991307087E-01 1.005759991E-03 1.991000000E+00
6.258104100E-01 9.991317124E-01 9.948827616E-04 1.981000000E+00
6.289394600E-01 9.991347143E-01 9.839702519E-04 1.971000000E+00
6.320841600E-01 9.991404354E-01 9.740180706E-04 1.962000000E+00
6.352445800E-01 9.991629132E-01 9.630377417E-04 1.952000000E+00
6.355133900E-01 9.991699897E-01 9.619512103E-04 1.951000000E+00
6.362866500E-01 9.991694312E-01 1.001421936E-03 1.949000000E+00
6.384208000E-01 9.991444710E-01 9.937209629E-04 1.942000000E+00
6.416129100E-01 9.991334892E-01 9.826301857E-04 1.932000000E+00
6.448209700E-01 9.991269032E-01 9.725730409E-04 1.923000000E+00
6.480450800E-01 9.991233669E-01 9.614740233E-04 1.913000000E+00
6.512853000E-01 9.991201693E-01 9.513763544E-04 1.904000000E+00
6.545417300E-01 9.991187683E-01 9.402775055E-04 1.894000000E+00
6.578144400E-01 9.991171029E-01 9.301716547E-04 1.885000000E+00
6.611035100E-01 9.991169124E-01 9.190809537E-04 1.875000000E+00
6.644090300E-01 9.991162344E-01 9.089745653E-04 1.866000000E+00
6.677310700E-01 9.991159499E-01 8.988676412E-04 1.857000000E+00
6.710697300E-01 9.991160142E-01 8.887844163E-04 1.848000000E+00
6.744250800E-01 9.991173626E-01 8.777262061E-04 1.838000000E+00
6.777972000E-01 9.991180508E-01 8.676564443E-04 1.829000000E+00
6.811861900E-01 9.991190135E-01 8.575928178E-04 1.820000000E+00
6.845921200E-01 9.991202341E-01 8.475370422E-04 1.811000000E+00
6.880150800E-01 9.991217006E-01 8.374908143E-04 1.802000000E+00
6.914551500E-01 9.991233972E-01 8.274980684E-04 1.793000000E+00
6.949124300E-01 9.991253104E-01 8.175173594E-04 1.784000000E+00
6.983869900E-01 9.991274336E-01 8.075503329E-04 1.775000000E+00
7.018789300E-01 9.991297560E-01 7.976396090E-04 1.766000000E+00
7.053883200E-01 9.991312772E-01 7.886419159E-04 1.758000000E+00
7.089152600E-01 9.991339712E-01 7.787783708E-04 1.749000000E+00
7.124598400E-01 9.991368420E-01 7.689535157E-04 1.740000000E+00
7.160221400E-01 9.991388896E-01 7.600456925E-04 1.732000000E+00
7.196022500E-01 9.991420988E-01 7.502747927E-04 1.723000000E+00
7.232002600E-01 9.991454695E-01 7.405650697E-04 1.714000000E+00
7.268162600E-01 9.991479974E-01 7.317553243E-04 1.706000000E+00
7.304503400E-01 9.991516751E-01 7.221244315E-04 1.697000000E+00
7.341026000E-01 9.991544912E-01 7.133821509E-04 1.689000000E+00
7.377731100E-01 9.991574527E-01 7.046902500E-04 1.681000000E+00
7.414619700E-01 9.991615596E-01 6.951987743E-04 1.672000000E+00
7.451692800E-01 9.991647978E-01 6.865785277E-04 1.664000000E+00
7.488951300E-01 9.991681683E-01 6.780101421E-04 1.656000000E+00
7.526396100E-01 9.991726714E-01 6.686637898E-04 1.647000000E+00
7.564028000E-01 9.991762965E-01 6.601887349E-04 1.639000000E+00
7.601848200E-01 9.991800433E-01 6.517666049E-04 1.631000000E+00
7.639857400E-01 9.991838848E-01 6.433976280E-04 1.623000000E+00
7.678056700E-01 9.991878667E-01 6.350820271E-04 1.615000000E+00
7.716447000E-01 9.991919619E-01 6.268030479E-04 1.607000000E+00
7.755029200E-01 9.991961676E-01 6.185950166E-04 1.599000000E+00
7.793804400E-01 9.992004827E-01 6.104409992E-04 1.591000000E+00
7.832773400E-01 9.992049043E-01 6.023247297E-04 1.583000000E+00
7.871937300E-01 9.992094315E-01 5.942958130E-04 1.575000000E+00
7.911296900E-01 9.992140614E-01 5.863050346E-04 1.567000000E+00
7.950853400E-01 9.992187945E-01 5.783690513E-04 1.559000000E+00
7.990607700E-01 9.992226248E-01 5.712397523E-04 1.552000000E+00
8.030560700E-01 9.992275584E-01 5.634387441E-04 1.544000000E+00
8.070713500E-01 9.992325915E-01 5.556924231E-04 1.536000000E+00
8.111067100E-01 9.992367277E-01 5.487184755E-04 1.529000000E+00
8.151622400E-01 9.992419618E-01 5.410909730E-04 1.521000000E+00
8.192380600E-01 9.992473001E-01 5.335183487E-04 1.513000000E+00
8.233342500E-01 9.992517491E-01 5.267149055E-04 1.506000000E+00
8.274509200E-01 9.992573031E-01 5.192756170E-04 1.498000000E+00
8.315881700E-01 9.992619809E-01 5.125929962E-04 1.491000000E+00
8.357461100E-01 9.992667871E-01 5.059530696E-04 1.484000000E+00
8.399248400E-01 9.992727166E-01 4.987086912E-04 1.476000000E+00
8.441244700E-01 9.992778145E-01 4.921884351E-04 1.469000000E+00
8.483450900E-01 9.992840723E-01 4.850606233E-04 1.461000000E+00
8.525868200E-01 9.992895657E-01 4.786590979E-04 1.454000000E+00
8.568497500E-01 9.992953356E-01 4.722999808E-04 1.447000000E+00
8.611340000E-01 9.993014800E-01 4.660106811E-04 1.440000000E+00
8.654396700E-01 9.993081832E-01 4.597770591E-04 1.433000000E+00
8.697668700E-01 9.993168135E-01 4.529629090E-04 1.425000000E+00
8.741157000E-01 9.993266621E-01 4.468586119E-04 1.418000000E+00
8.781330100E-01 9.993446875E-01 4.415519408E-04 1.412000000E+00
8.784862800E-01 9.993494518E-01 4.407958881E-04 1.411000000E+00
8.800670300E-01 9.993464137E-01 4.667253028E-04 1.409000000E+00
8.828787100E-01 9.993375772E-01 4.623823103E-04 1.404000000E+00
8.872931000E-01 9.993351236E-01 4.561670415E-04 1.397000000E+00
8.917295700E-01 9.993357815E-01 4.499816748E-04 1.390000000E+00
8.961882200E-01 9.993376615E-01 4.438644434E-04 1.383000000E+00
9.006691600E-01 9.993385397E-01 4.384388475E-04 1.377000000E+00
9.051725000E-01 9.993415298E-01 4.324259749E-04 1.370000000E+00
9.096983700E-01 9.993448277E-01 4.264676986E-04 1.363000000E+00
9.142468600E-01 9.993483606E-01 4.205637732E-04 1.356000000E+00
9.188180900E-01 9.993520775E-01 4.147259134E-04 1.349000000E+00
9.234121800E-01 9.993549857E-01 4.095513442E-04 1.343000000E+00
9.280292400E-01 9.993589823E-01 4.038268059E-04 1.336000000E+00
9.326693900E-01 9.993630864E-01 3.981435631E-04 1.329000000E+00
9.373327400E-01 9.993663269E-01 3.931187717E-04 1.323000000E+00
9.420194000E-01 9.993706085E-01 3.875470351E-04 1.316000000E+00
9.467295000E-01 9.993740078E-01 3.826226950E-04 1.310000000E+00
9.514631500E-01 9.993784282E-01 3.771608963E-04 1.303000000E+00
9.562204600E-01 9.993819548E-01 3.723355667E-04 1.297000000E+00
9.610015600E-01 9.993864885E-01 3.669712147E-04 1.290000000E+00
9.658065700E-01 9.993901193E-01 3.622435692E-04 1.284000000E+00
9.706356000E-01 9.993947447E-01 3.569971145E-04 1.277000000E+00
9.754887800E-01 9.993984622E-01 3.523550183E-04 1.271000000E+00
9.803662300E-01 9.994022183E-01 3.477636017E-04 1.265000000E+00
9.852680600E-01 9.994069540E-01 3.426669784E-04 1.258000000E+00
9.901944000E-01 9.994107772E-01 3.381595611E-04 1.252000000E+00
9.951453700E-01 9.994146296E-01 3.337017750E-04 1.246000000E+00
1.000121100E+00 9.994184741E-01 3.292931543E-04 1.240000000E+00
1.005121700E+00 9.994221036E-01 3.247530954E-04 1.234000000E+00
1.010147300E+00 9.994268297E-01 3.197433821E-04 1.227000000E+00
1.015198000E+00 9.994307069E-01 3.153012165E-04 1.221000000E+00
1.020274000E+00 9.994346563E-01 3.108711721E-04 1.215000000E+00
1.025375400E+00 9.994386891E-01 3.064058855E-04 1.209000000E+00
1.030502300E+00 9.994428009E-01 3.019835338E-04 1.203000000E+00
1.035654800E+00 9.994470023E-01 2.976133265E-04 1.197000000E+00
1.040833100E+00 9.994513129E-01 2.932854513E-04 1.191000000E+00
1.046037200E+00 9.994557835E-01 2.890089311E-04 1.185000000E+00
1.051267400E+00 9.994605726E-01 2.847741449E-04 1.179000000E+00
1.056341500E+00 9.994658076E-01 2.811047822E-04 1.174000000E+00
1.056523800E+00 9.994658076E-01 2.811047822E-04 1.174000000E+00
1.058858600E+00 9.994677935E-01 2.830494733E-04 1.171000000E+00
1.061806400E+00 9.994682055E-01 2.808747968E-04 1.168000000E+00
1.067115400E+00 9.994712600E-01 2.767275235E-04 1.162000000E+00
1.072451000E+00 9.994748171E-01 2.726124334E-04 1.156000000E+00
1.077813200E+00 9.994785771E-01 2.685122129E-04 1.150000000E+00
1.083202300E+00 9.994815582E-01 2.648899596E-04 1.145000000E+00
1.088618300E+00 9.994855323E-01 2.608421634E-04 1.139000000E+00
1.094061400E+00 9.994895714E-01 2.568357922E-04 1.133000000E+00
1.099531700E+00 9.994927638E-01 2.533279444E-04 1.128000000E+00
1.105029400E+00 9.994969029E-01 2.494156424E-04 1.122000000E+00
1.110554500E+00 9.995010815E-01 2.455437978E-04 1.116000000E+00
1.116107300E+00 9.995043991E-01 2.421641382E-04 1.111000000E+00
1.121687800E+00 9.995086374E-01 2.383839498E-04 1.105000000E+00
1.127296300E+00 9.995120125E-01 2.350784240E-04 1.100000000E+00
1.132932800E+00 9.995162989E-01 2.313803851E-04 1.094000000E+00
1.138597400E+00 9.995197250E-01 2.281556725E-04 1.089000000E+00
1.144290400E+00 9.995231752E-01 2.249533259E-04 1.084000000E+00
1.150011900E+00 9.995275272E-01 2.213854481E-04 1.078000000E+00
1.155761900E+00 9.995310252E-01 2.182620681E-04 1.073000000E+00
1.161540700E+00 9.995354211E-01 2.147654461E-04 1.067000000E+00
1.167348400E+00 9.995389711E-01 2.117196328E-04 1.062000000E+00
1.173185200E+00 9.995425553E-01 2.087027484E-04 1.057000000E+00
1.179051100E+00 9.995461804E-01 2.057219285E-04 1.052000000E+00
1.184946400E+00 9.995507203E-01 2.023824741E-04 1.046000000E+00
1.190871100E+00 9.995544817E-01 1.994694219E-04 1.041000000E+00
1.196825400E+00 9.995583957E-01 1.965350789E-04 1.036000000E+00
1.202809600E+00 9.995627038E-01 1.934130724E-04 1.031000000E+00
1.206986200E+00 9.995672127E-01 1.910833813E-04 1.027000000E+00
1.208823600E+00 9.995692049E-01 1.941982951E-04 1.026000000E+00
1.209813800E+00 9.995684368E-01 1.936196839E-04 1.025000000E+00
1.214867700E+00 9.995693020E-01 1.911248974E-04 1.021000000E+00
1.220942100E+00 9.995728116E-01 1.877205932E-04 1.015000000E+00
1.227046800E+00 9.995758273E-01 1.847359599E-04 1.010000000E+00
1.233182000E+00 9.995790004E-01 1.817895883E-04 1.005000000E+00
1.239347900E+00 9.995822661E-01 1.788876852E-04 1.000000000E+00
1.245544700E+00 9.995852617E-01 1.761647387E-04 9.954000000E-01
1.251772400E+00 9.995885547E-01 1.733707140E-04 9.905000000E-01
1.258031200E+00 9.995919673E-01 1.705843755E-04 9.855000000E-01
1.264321400E+00 9.995953253E-01 1.678621684E-04 9.806000000E-01
1.270643000E+00 9.995986259E-01 1.652027918E-04 9.758000000E-01
1.276996200E+00 9.996020272E-01 1.625503873E-04 9.709000000E-01
1.283381200E+00 9.996053625E-01 1.599656459E-04 9.661000000E-01
1.289798100E+00 9.996087112E-01 1.574204540E-04 9.613000000E-01
1.296247100E+00 9.996120709E-01 1.549082904E-04 9.565000000E-01
1.302728300E+00 9.996154397E-01 1.524288309E-04 9.517000000E-01
1.309242000E+00 9.996187359E-01 1.500193275E-04 9.470000000E-01
1.315788200E+00 9.996220383E-01 1.476410693E-04 9.423000000E-01
1.322367100E+00 9.996253463E-01 1.452937482E-04 9.376000000E-01
1.328979000E+00 9.996286577E-01 1.429827773E-04 9.329000000E-01
1.335623900E+00 9.996318928E-01 1.407323357E-04 9.283000000E-01
1.342302000E+00 9.996351299E-01 1.385111393E-04 9.237000000E-01
1.349013500E+00 9.996383685E-01 1.363188967E-04 9.191000000E-01
1.355758600E+00 9.996416072E-01 1.341608143E-04 9.145000000E-01
1.362537400E+00 9.996447670E-01 1.320600201E-04 9.100000000E-01
1.369350000E+00 9.996480034E-01 1.299578662E-04 9.054000000E-01
1.376196800E+00 9.996511603E-01 1.279171402E-04 9.009000000E-01
1.383077800E+00 9.996543159E-01 1.258925435E-04 8.964000000E-01
1.389993200E+00 9.996573932E-01 1.239275912E-04 8.920000000E-01
1.396943100E+00 9.996605452E-01 1.219608067E-04 8.875000000E-01
1.403927800E+00 9.996636182E-01 1.200471972E-04 8.831000000E-01
1.410947500E+00 9.996666879E-01 1.181587189E-04 8.787000000E-01
1.418002200E+00 9.996696788E-01 1.163267439E-04 8.744000000E-01
1.425092200E+00 9.996727411E-01 1.144874186E-04 8.700000000E-01
1.432217700E+00 9.996757238E-01 1.127034200E-04 8.657000000E-01
1.439378800E+00 9.996787016E-01 1.109428746E-04 8.614000000E-01
1.446575700E+00 9.996816750E-01 1.092007116E-04 8.571000000E-01
1.453808600E+00 9.996846425E-01 1.074863943E-04 8.528000000E-01
1.461077600E+00 9.996875300E-01 1.058197447E-04 8.486000000E-01
1.468383000E+00 9.996904120E-01 1.041750522E-04 8.444000000E-01
1.475724900E+00 9.996932879E-01 1.025520875E-04 8.402000000E-01
1.483103500E+00 9.996961569E-01 1.009506228E-04 8.360000000E-01
1.490519000E+00 9.996990199E-01 9.936588446E-05 8.318000000E-01
1.497971600E+00 9.997018059E-01 9.781691781E-05 8.277000000E-01
1.505461500E+00 9.997045865E-01 9.629299743E-05 8.236000000E-01
1.512988800E+00 9.997073610E-01 9.478935973E-05 8.195000000E-01
1.520553700E+00 9.997101298E-01 9.330142003E-05 8.154000000E-01
1.528156500E+00 9.997128922E-01 9.183774782E-05 8.113000000E-01
1.535797300E+00 9.997155775E-01 9.041183195E-05 8.073000000E-01
1.543476300E+00 9.997182563E-01 8.900919394E-05 8.033000000E-01
1.551193700E+00 9.997209280E-01 8.762110638E-05 7.993000000E-01
1.558949600E+00 9.997235932E-01 8.625165047E-05 7.953000000E-01
1.566744400E+00 9.997262505E-01 8.490474056E-05 7.913000000E-01
1.574578100E+00 9.997288314E-01 8.359313653E-05 7.874000000E-01
1.582451000E+00 9.997314057E-01 8.229507924E-05 7.835000000E-01
1.590363300E+00 9.997339735E-01 8.101449290E-05 7.796000000E-01
1.598315100E+00 9.997365344E-01 7.975118776E-05 7.757000000E-01
1.606306600E+00 9.997390201E-01 7.852923579E-05 7.719000000E-01
1.614338200E+00 9.997415665E-01 7.729579578E-05 7.680000000E-01
1.622409900E+00 9.997440378E-01 7.610290862E-05 7.642000000E-01
1.630521900E+00 9.997465021E-01 7.492613518E-05 7.604000000E-01
1.638674500E+00 9.997489587E-01 7.376153584E-05 7.566000000E-01
1.646867900E+00 9.997514078E-01 7.261649639E-05 7.528000000E-01
1.655102200E+00 9.997537835E-01 7.150244356E-05 7.491000000E-01
1.663377700E+00 9.997561517E-01 7.040347327E-05 7.454000000E-01
1.671694600E+00 9.997585122E-01 6.931941819E-05 7.417000000E-01
1.680053100E+00 9.997608651E-01 6.824653259E-05 7.380000000E-01
1.688453400E+00 9.997632101E-01 6.719184607E-05 7.343000000E-01
1.696895600E+00 9.997654831E-01 6.616618012E-05 7.307000000E-01
1.705380100E+00 9.997678125E-01 6.513654139E-05 7.270000000E-01
1.713907000E+00 9.997700702E-01 6.413880092E-05 7.234000000E-01
1.722476600E+00 9.997723200E-01 6.315469401E-05 7.198000000E-01
1.731088900E+00 9.997745624E-01 6.218069496E-05 7.162000000E-01
1.739744400E+00 9.997767337E-01 6.123727235E-05 7.127000000E-01
1.748443100E+00 9.997789600E-01 6.028972640E-05 7.091000000E-01
1.757185300E+00 9.997811164E-01 5.937209798E-05 7.056000000E-01
1.765971200E+00 9.997832650E-01 5.846381855E-05 7.021000000E-01
1.774801100E+00 9.997854060E-01 5.756804778E-05 6.986000000E-01
1.783675100E+00 9.997875388E-01 5.668464168E-05 6.951000000E-01
1.792593500E+00 9.997896639E-01 5.581345721E-05 6.916000000E-01
1.801556500E+00 9.997917207E-01 5.496721354E-05 6.882000000E-01
1.810564200E+00 9.997937566E-01 5.413264033E-05 6.848000000E-01
1.819617100E+00 9.997957980E-01 5.330960224E-05 6.814000000E-01
1.828715100E+00 9.997978319E-01 5.249494370E-05 6.780000000E-01
1.837858700E+00 9.997998578E-01 5.169161277E-05 6.746000000E-01
1.847048000E+00 9.998018170E-01 5.091464422E-05 6.713000000E-01
1.856283300E+00 9.998038277E-01 5.013341350E-05 6.679000000E-01
1.865564700E+00 9.998057718E-01 4.937507106E-05 6.646000000E-01
1.874892500E+00 9.998077085E-01 4.862728412E-05 6.613000000E-01
1.884267000E+00 9.998096377E-01 4.788992775E-05 6.580000000E-01
1.893688300E+00 9.998115595E-01 4.716006086E-05 6.547000000E-01
1.903156700E+00 9.998134163E-01 4.645469369E-05 6.515000000E-01
1.912672500E+00 9.998153268E-01 4.574503762E-05 6.482000000E-01
1.922235900E+00 9.998171690E-01 4.505661506E-05 6.450000000E-01
1.931847100E+00 9.998190038E-01 4.437783827E-05 6.418000000E-01
1.941506300E+00 9.998208315E-01 4.370591112E-05 6.386000000E-01
1.951213800E+00 9.998226518E-01 4.304345231E-05 6.354000000E-01
1.960969900E+00 9.998244091E-01 4.240375860E-05 6.323000000E-01
1.970774700E+00 9.998262149E-01 4.175975662E-05 6.291000000E-01
1.980628600E+00 9.998279584E-01 4.113544943E-05 6.260000000E-01
1.990531800E+00 9.998296949E-01 4.051739408E-05 6.229000000E-01
2.000484400E+00 9.998314244E-01 3.991060853E-05 6.198000000E-01
2.010486800E+00 9.998331467E-01 3.930991116E-05 6.167000000E-01
2.020539300E+00 9.998348623E-01 3.871527126E-05 6.136000000E-01
2.030642000E+00 9.998365172E-01 3.814159977E-05 6.106000000E-01
2.040795200E+00 9.998382186E-01 3.756368081E-05 6.075000000E-01
2.050999200E+00 9.998398600E-01 3.700387105E-05 6.045000000E-01
2.061254200E+00 9.998414948E-01 3.645202814E-05 6.015000000E-01
2.071560400E+00 9.998431228E-01 3.590805307E-05 5.985000000E-01
2.081918200E+00 9.998447442E-01 3.536951692E-05 5.955000000E-01
2.092327800E+00 9.998463069E-01 3.484815246E-05 5.926000000E-01
2.102789500E+00 9.998479151E-01 3.432257760E-05 5.896000000E-01
2.113303400E+00 9.998494650E-01 3.381610196E-05 5.867000000E-01
2.123869900E+00 9.998509889E-01 3.331463335E-05 5.838000000E-01
2.134489300E+00 9.998525259E-01 3.281592915E-05 5.809000000E-01
2.145161700E+00 9.998540571E-01 3.232661773E-05 5.780000000E-01
2.155887500E+00 9.998555822E-01 3.184219465E-05 5.751000000E-01
2.166667000E+00 9.998571011E-01 3.136263538E-05 5.722000000E-01
2.177500300E+00 9.998585644E-01 3.090089833E-05 5.694000000E-01
2.188387800E+00 9.998600218E-01 3.044371534E-05 5.666000000E-01
2.199329700E+00 9.998615228E-01 2.998251424E-05 5.637000000E-01
2.210326400E+00 9.998629687E-01 2.953859297E-05 5.609000000E-01
2.221378000E+00 9.998644090E-01 2.909907526E-05 5.581000000E-01
2.232484900E+00 9.998657952E-01 2.867629116E-05 5.554000000E-01
2.243647300E+00 9.998672242E-01 2.824739763E-05 5.526000000E-01
2.254865600E+00 9.998685998E-01 2.783292384E-05 5.499000000E-01
2.266139900E+00 9.998700175E-01 2.741446948E-05 5.471000000E-01
2.277470600E+00 9.998713824E-01 2.701209974E-05 5.444000000E-01
2.288857900E+00 9.998727422E-01 2.661368647E-05 5.417000000E-01
2.300302200E+00 9.998740966E-01 2.621921011E-05 5.390000000E-01
2.311803700E+00 9.998754459E-01 2.583054138E-05 5.363000000E-01
2.323362800E+00 9.998767899E-01 2.544760379E-05 5.336000000E-01
2.334979600E+00 9.998780829E-01 2.507791365E-05 5.310000000E-01
2.346654500E+00 9.998794168E-01 2.470246884E-05 5.283000000E-01
2.358387800E+00 9.998807002E-01 2.434186482E-05 5.257000000E-01
2.370179700E+00 9.998819789E-01 2.398658558E-05 5.231000000E-01
2.382030600E+00 9.998832530E-01 2.363477976E-05 5.205000000E-01
2.393940700E+00 9.998845226E-01 2.328643030E-05 5.179000000E-01
2.405910400E+00 9.998857875E-01 2.294326527E-05 5.153000000E-01
2.417940000E+00 9.998870095E-01 2.260366444E-05 5.128000000E-01
2.430029700E+00 9.998882665E-01 2.225528196E-05 5.102000000E-01
2.442179800E+00 9.998894767E-01 2.191913030E-05 5.077000000E-01
2.454390700E+00 9.998906839E-01 2.158637728E-05 5.052000000E-01
2.466662700E+00 9.998919314E-01 2.125020954E-05 5.026000000E-01
2.478996000E+00 9.998931327E-01 2.092756106E-05 5.001000000E-01
2.491391000E+00 9.998942886E-01 2.061647739E-05 4.977000000E-01
2.503847900E+00 9.998954846E-01 2.030028816E-05 4.952000000E-01
2.516367200E+00 9.998966780E-01 1.998894221E-05 4.927000000E-01
2.528949000E+00 9.998978268E-01 1.968882560E-05 4.903000000E-01
2.541593800E+00 9.998990151E-01 1.938534070E-05 4.878000000E-01
2.554301700E+00 9.999001600E-01 1.908666214E-05 4.854000000E-01
2.567073200E+00 9.999013035E-01 1.879106057E-05 4.830000000E-01
2.579908600E+00 9.999024460E-01 1.850003810E-05 4.806000000E-01
2.592808200E+00 9.999035875E-01 1.821052767E-05 4.782000000E-01
2.605772200E+00 9.999047280E-01 1.792702229E-05 4.758000000E-01
2.618801100E+00 9.999058678E-01 1.764647048E-05 4.734000000E-01
2.631895100E+00 9.999069674E-01 1.737623290E-05 4.711000000E-01
2.645054500E+00 9.999081131E-01 1.710290621E-05 4.687000000E-01
2.658279800E+00 9.999092133E-01 1.683967804E-05 4.664000000E-01
2.671571200E+00 9.999103141E-01 1.658057391E-05 4.641000000E-01
2.684929100E+00 9.999114159E-01 1.632413626E-05 4.618000000E-01
2.698353700E+00 9.999125191E-01 1.607173899E-05 4.595000000E-01
2.711845500E+00 9.999136240E-01 1.582195296E-05 4.572000000E-01
2.725404700E+00 9.999147310E-01 1.557612461E-05 4.549000000E-01
2.739031700E+00 9.999158035E-01 1.533962916E-05 4.527000000E-01
2.752726900E+00 9.999169167E-01 1.510016176E-05 4.504000000E-01
2.766490500E+00 9.999179973E-01 1.486983218E-05 4.482000000E-01
2.780323000E+00 9.999191193E-01 1.463528709E-05 4.459000000E-01
2.794224600E+00 9.999202107E-01 1.441100768E-05 4.437000000E-01
2.808195700E+00 9.999213093E-01 1.419030892E-05 4.415000000E-01
2.822236700E+00 9.999224160E-01 1.397060413E-05 4.393000000E-01
2.836347900E+00 9.999235322E-01 1.375568663E-05 4.371000000E-01
2.850529600E+00 9.999246250E-01 1.354796804E-05 4.350000000E-01
2.864782300E+00 9.999257655E-01 1.333741345E-05 4.328000000E-01
2.879106200E+00 9.999269213E-01 1.313026854E-05 4.306000000E-01
2.893501700E+00 9.999280611E-01 1.293010664E-05 4.285000000E-01
2.907969200E+00 9.999292227E-01 1.273437505E-05 4.264000000E-01
2.922509100E+00 9.999304429E-01 1.253353339E-05 4.242000000E-01
2.937121600E+00 9.999316607E-01 1.234183096E-05 4.221000000E-01
2.951807200E+00 9.999329158E-01 1.215209105E-05 4.200000000E-01
2.966566200E+00 9.999342163E-01 1.196545133E-05 4.179000000E-01
2.981399100E+00 9.999355426E-01 1.178639816E-05 4.159000000E-01
2.996306100E+00 9.999369727E-01 1.160465292E-05 4.138000000E-01
3.011287600E+00 9.999384736E-01 1.140473341E-05 4.117000000E-01
3.026344000E+00 9.999400907E-01 1.120594315E-05 4.097000000E-01
3.041475800E+00 9.999419467E-01 1.100619395E-05 4.076000000E-01
3.056683100E+00 9.999440903E-01 1.081411594E-05 4.056000000E-01
3.071966600E+00 9.999467908E-01 1.062551187E-05 4.036000000E-01
3.087326400E+00 9.999507713E-01 1.043958933E-05 4.016000000E-01
3.102763000E+00 9.999624762E-01 1.025653031E-05 3.996000000E-01
3.104011900E+00 9.999671488E-01 1.023987088E-05 3.994000000E-01
3.105787900E+00 9.999674588E-01 2.676697029E-05 3.992000000E-01
3.118276800E+00 9.999536381E-01 2.637309439E-05 3.976000000E-01
3.133868200E+00 9.999503303E-01 2.588935998E-05 3.956000000E-01
3.149537600E+00 9.999489063E-01 2.542633059E-05 3.937000000E-01
3.165285300E+00 9.999483087E-01 2.495790757E-05 3.917000000E-01
3.181111700E+00 9.999481892E-01 2.450966021E-05 3.898000000E-01
3.197017200E+00 9.999485206E-01 2.405617746E-05 3.878000000E-01
3.213002300E+00 9.999493121E-01 2.362137308E-05 3.859000000E-01
3.229067300E+00 9.999509503E-01 2.319358426E-05 3.840000000E-01
3.245212700E+00 9.999564731E-01 2.277368410E-05 3.821000000E-01
3.247383200E+00 9.999601067E-01 2.271207044E-05 3.818000000E-01
3.249416700E+00 9.999602194E-01 3.272847116E-05 3.816000000E-01
3.261438700E+00 9.999518875E-01 3.228641152E-05 3.802000000E-01
3.277745900E+00 9.999492179E-01 3.169646738E-05 3.783000000E-01
3.294134700E+00 9.999478180E-01 3.111536980E-05 3.764000000E-01
3.310605300E+00 9.999469236E-01 3.054394370E-05 3.745000000E-01
3.327158400E+00 9.999463154E-01 2.998206483E-05 3.726000000E-01
3.343794100E+00 9.999458680E-01 2.944368255E-05 3.708000000E-01
3.360513100E+00 9.999455874E-01 2.889944013E-05 3.689000000E-01
3.377315700E+00 9.999453834E-01 2.837808660E-05 3.671000000E-01
3.394202300E+00 9.999452643E-01 2.786543620E-05 3.653000000E-01
3.411173300E+00 9.999452153E-01 2.736137673E-05 3.635000000E-01
3.428229100E+00 9.999452259E-01 2.686407711E-05 3.617000000E-01
3.445370300E+00 9.999452876E-01 2.637518041E-05 3.599000000E-01
3.462597100E+00 9.999453943E-01 2.589457648E-05 3.581000000E-01
3.479910100E+00 9.999455407E-01 2.542048723E-05 3.563000000E-01
3.497309700E+00 9.999457230E-01 2.495450632E-05 3.545000000E-01
3.514796200E+00 9.999459378E-01 2.449570807E-05 3.527000000E-01
3.532370200E+00 9.999461518E-01 2.405690654E-05 3.510000000E-01
3.550032100E+00 9.999464246E-01 2.361124969E-05 3.492000000E-01
3.567782200E+00 9.999466931E-01 2.318589086E-05 3.475000000E-01
3.585621100E+00 9.999469870E-01 2.276704950E-05 3.458000000E-01
3.603549200E+00 9.999473058E-01 2.235465122E-05 3.441000000E-01
3.621567000E+00 9.999476800E-01 2.193657355E-05 3.423000000E-01
3.639674800E+00 9.999480491E-01 2.153700310E-05 3.406000000E-01
3.657873200E+00 9.999484152E-01 2.115688828E-05 3.390000000E-01
3.676162600E+00 9.999488423E-01 2.077026008E-05 3.373000000E-01
3.694543400E+00 9.999493056E-01 2.038969485E-05 3.356000000E-01
3.713016100E+00 9.999498149E-01 2.001438832E-05 3.339000000E-01
3.731581200E+00 9.999503597E-01 1.965757173E-05 3.323000000E-01
3.750239100E+00 9.999510423E-01 1.929461663E-05 3.306000000E-01
3.768990300E+00 9.999519280E-01 1.894896027E-05 3.290000000E-01
3.787098200E+00 9.999538007E-01 1.861434477E-05 3.274000000E-01
3.787835200E+00 9.999539930E-01 1.859663909E-05 3.273000000E-01
3.796501900E+00 9.999539852E-01 2.159122361E-05 3.266000000E-01
3.806774400E+00 9.999529859E-01 2.138384961E-05 3.257000000E-01
3.825808300E+00 9.999524652E-01 2.101272871E-05 3.241000000E-01
3.844937300E+00 9.999523348E-01 2.064787261E-05 3.225000000E-01
3.864162000E+00 9.999523535E-01 2.028784325E-05 3.209000000E-01
3.883482800E+00 9.999524541E-01 1.993393720E-05 3.193000000E-01
3.902900200E+00 9.999526077E-01 1.958474427E-05 3.177000000E-01
3.922414700E+00 9.999527991E-01 1.924153490E-05 3.161000000E-01
3.942026800E+00 9.999530192E-01 1.890292650E-05 3.145000000E-01
3.961736900E+00 9.999532321E-01 1.858139142E-05 3.130000000E-01
3.981545600E+00 9.999534934E-01 1.825297557E-05 3.114000000E-01
4.001453300E+00 9.999537704E-01 1.792900961E-05 3.098000000E-01
4.021460600E+00 9.999540309E-01 1.762150587E-05 3.083000000E-01
4.041567900E+00 9.999543031E-01 1.731806882E-05 3.068000000E-01
4.061775700E+00 9.999546161E-01 1.700506557E-05 3.052000000E-01
4.082084600E+00 9.999549093E-01 1.670860160E-05 3.037000000E-01
4.102495000E+00 9.999552113E-01 1.641611585E-05 3.022000000E-01
4.123007500E+00 9.999555216E-01 1.612757150E-05 3.007000000E-01
4.143622600E+00 9.999558392E-01 1.584410860E-05 2.992000000E-01
4.164340700E+00 9.999561637E-01 1.556449046E-05 2.977000000E-01
4.185162400E+00 9.999564945E-01 1.528925758E-05 2.962000000E-01
4.206088200E+00 9.999568021E-01 1.502797942E-05 2.948000000E-01
4.227118600E+00 9.999571447E-01 1.476066788E-05 2.933000000E-01
4.248254200E+00 9.999574933E-01 1.449535712E-05 2.918000000E-01
4.269495500E+00 9.999578189E-01 1.424408728E-05 2.904000000E-01
4.290843000E+00 9.999581506E-01 1.399674702E-05 2.890000000E-01
4.312297200E+00 9.999585176E-01 1.374372630E-05 2.875000000E-01
4.333858700E+00 9.999588625E-01 1.350368565E-05 2.861000000E-01
4.355528000E+00 9.999592152E-01 1.326690927E-05 2.847000000E-01
4.377305600E+00 9.999596056E-01 1.302469380E-05 2.832000000E-01
4.399192100E+00 9.999599793E-01 1.279550949E-05 2.818000000E-01
4.421188100E+00 9.999603701E-01 1.256947522E-05 2.804000000E-01
4.443294000E+00 9.999607899E-01 1.234707222E-05 2.790000000E-01
4.465510500E+00 9.999612755E-01 1.212774845E-05 2.776000000E-01
4.482900500E+00 9.999618198E-01 1.196711838E-05 2.766000000E-01
4.487838100E+00 9.999622270E-01 1.192010076E-05 2.763000000E-01
4.496099600E+00 9.999620149E-01 1.261237396E-05 2.758000000E-01
4.510277200E+00 9.999619437E-01 1.247109166E-05 2.749000000E-01
4.532828600E+00 9.999620940E-01 1.225196738E-05 2.735000000E-01
4.555492800E+00 9.999622975E-01 1.204519937E-05 2.722000000E-01
4.578270200E+00 9.999625624E-01 1.183293487E-05 2.708000000E-01
4.601161600E+00 9.999628191E-01 1.163176726E-05 2.695000000E-01
4.624167400E+00 9.999631168E-01 1.142525640E-05 2.681000000E-01
4.647288200E+00 9.999633972E-01 1.123004870E-05 2.668000000E-01
4.670524700E+00 9.999636865E-01 1.103795113E-05 2.655000000E-01
4.693877300E+00 9.999640113E-01 1.084025498E-05 2.641000000E-01
4.717346700E+00 9.999643174E-01 1.065345790E-05 2.628000000E-01
4.740933400E+00 9.999646339E-01 1.047012013E-05 2.615000000E-01
4.764638100E+00 9.999649651E-01 1.028929986E-05 2.602000000E-01
4.788461300E+00 9.999653244E-01 1.011097216E-05 2.589000000E-01
4.811680900E+00 9.999657484E-01 9.945446101E-06 2.577000000E-01
4.812403600E+00 9.999657832E-01 9.935112292E-06 2.576000000E-01
4.832319100E+00 9.999659921E-01 1.023027777E-05 2.566000000E-01
4.836465600E+00 9.999659886E-01 1.020180681E-05 2.564000000E-01
4.860647900E+00 9.999661420E-01 1.002633898E-05 2.551000000E-01
4.884951200E+00 9.999663659E-01 9.853711954E-06 2.538000000E-01
4.909375900E+00 9.999666135E-01 9.683888518E-06 2.525000000E-01
4.933922800E+00 9.999668470E-01 9.523580237E-06 2.513000000E-01
4.958592400E+00 9.999671148E-01 9.357116050E-06 2.500000000E-01
4.983385400E+00 9.999673619E-01 9.200783809E-06 2.488000000E-01
5.008302300E+00 9.999676132E-01 9.046569744E-06 2.476000000E-01
5.033343800E+00 9.999678938E-01 8.887234797E-06 2.463000000E-01
5.058510500E+00 9.999681507E-01 8.737676054E-06 2.451000000E-01
5.083803100E+00 9.999684097E-01 8.589773324E-06 2.439000000E-01
5.109222100E+00 9.999686705E-01 8.443904646E-06 2.427000000E-01
5.134768200E+00 9.999689327E-01 8.300432781E-06 2.415000000E-01
5.160442100E+00 9.999691960E-01 8.158946399E-06 2.403000000E-01
5.186244300E+00 9.999694604E-01 8.019425241E-06 2.391000000E-01
5.212175500E+00 9.999697255E-01 7.881849164E-06 2.379000000E-01
5.238236400E+00 9.999699913E-01 7.746566355E-06 2.367000000E-01
5.264427600E+00 9.999702576E-01 7.612816739E-06 2.355000000E-01
5.290749700E+00 9.999705242E-01 7.481313260E-06 2.343000000E-01
5.317203400E+00 9.999707660E-01 7.357977159E-06 2.332000000E-01
5.343789500E+00 9.999710332E-01 7.230093141E-06 2.320000000E-01
5.370508400E+00 9.999712756E-01 7.110186594E-06 2.309000000E-01
5.397360900E+00 9.999715430E-01 6.985847465E-06 2.297000000E-01
5.424347700E+00 9.999717857E-01 6.869299321E-06 2.286000000E-01
5.451469500E+00 9.999720529E-01 6.748771215E-06 2.274000000E-01
5.478726800E+00 9.999722955E-01 6.635507861E-06 2.263000000E-01
5.506120500E+00 9.999725381E-01 6.524160477E-06 2.252000000E-01
5.533651100E+00 9.999727805E-01 6.414372694E-06 2.241000000E-01
5.561319300E+00 9.999730469E-01 6.300473635E-06 2.229000000E-01
5.589125900E+00 9.999732888E-01 6.193824014E-06 2.218000000E-01
5.617071600E+00 9.999735305E-01 6.088684317E-06 2.207000000E-01
5.645156900E+00 9.999737718E-01 5.985038411E-06 2.196000000E-01
5.673382700E+00 9.999740128E-01 5.882556487E-06 2.185000000E-01
5.701749600E+00 9.999742534E-01 5.781853292E-06 2.174000000E-01
5.730258400E+00 9.999744700E-01 5.687851623E-06 2.164000000E-01
5.758909600E+00 9.999747098E-01 5.589655852E-06 2.153000000E-01
5.787704200E+00 9.999749491E-01 5.493183033E-06 2.142000000E-01
5.816642700E+00 9.999751645E-01 5.403177291E-06 2.132000000E-01
5.845725900E+00 9.999754027E-01 5.309130473E-06 2.121000000E-01
5.874954600E+00 9.999756405E-01 5.216459197E-06 2.110000000E-01
5.904329300E+00 9.999758547E-01 5.129742880E-06 2.100000000E-01
5.933851000E+00 9.999760915E-01 5.039432557E-06 2.089000000E-01
5.963520200E+00 9.999763049E-01 4.955224500E-06 2.079000000E-01
5.993337800E+00 9.999765179E-01 4.872221179E-06 2.069000000E-01
6.023304500E+00 9.999767530E-01 4.785757435E-06 2.058000000E-01
6.053421000E+00 9.999769650E-01 4.705180210E-06 2.048000000E-01
6.083688200E+00 9.999771764E-01 4.625767922E-06 2.038000000E-01
6.114106600E+00 9.999773873E-01 4.547507664E-06 2.028000000E-01
6.144677100E+00 9.999775976E-01 4.470386610E-06 2.018000000E-01
6.175400500E+00 9.999778074E-01 4.394392010E-06 2.008000000E-01
6.206277500E+00 9.999780166E-01 4.319511195E-06 1.998000000E-01
6.237308900E+00 9.999781853E-01 4.244952349E-06 1.988000000E-01
6.268495400E+00 9.999783937E-01 4.171497824E-06 1.978000000E-01
6.299837900E+00 9.999786016E-01 4.098880527E-06 1.968000000E-01
6.331337100E+00 9.999788089E-01 4.027347687E-06 1.958000000E-01
6.362993800E+00 9.999789940E-01 3.960950425E-06 1.949000000E-01
6.394808800E+00 9.999792001E-01 3.891498611E-06 1.939000000E-01
6.426782800E+00 9.999794056E-01 3.823094753E-06 1.929000000E-01
6.458916700E+00 9.999795892E-01 3.759641922E-06 1.920000000E-01
6.491211300E+00 9.999797934E-01 3.693008681E-06 1.910000000E-01
6.523667400E+00 9.999799509E-01 3.630974396E-06 1.901000000E-01
6.556285700E+00 9.999801542E-01 3.566082745E-06 1.891000000E-01
6.589067100E+00 9.999803358E-01 3.505914539E-06 1.882000000E-01
6.622012500E+00 9.999805378E-01 3.442730734E-06 1.872000000E-01
6.655122500E+00 9.999807183E-01 3.384387522E-06 1.863000000E-01
6.688398100E+00 9.999808983E-01 3.326691545E-06 1.854000000E-01
6.721840100E+00 9.999810982E-01 3.266319371E-06 1.844000000E-01
6.755449300E+00 9.999812769E-01 3.210391722E-06 1.835000000E-01
6.789226600E+00 9.999814550E-01 3.155310893E-06 1.826000000E-01
6.823172700E+00 9.999816326E-01 3.101066938E-06 1.817000000E-01
6.857288600E+00 9.999818095E-01 3.047649975E-06 1.808000000E-01
6.891575000E+00 9.999819857E-01 2.995050185E-06 1.799000000E-01
6.926032900E+00 9.999821614E-01 2.943257815E-06 1.790000000E-01
6.960663100E+00 9.999823363E-01 2.892054706E-06 1.781000000E-01
6.995466400E+00 9.999825106E-01 2.841850268E-06 1.772000000E-01
7.030443700E+00 9.999826646E-01 2.795388562E-06 1.764000000E-01
7.065595900E+00 9.999828376E-01 2.746492106E-06 1.755000000E-01
7.100923900E+00 9.999830100E-01 2.698359843E-06 1.746000000E-01
7.136428500E+00 9.999831816E-01 2.650982366E-06 1.737000000E-01
7.172110700E+00 9.999833333E-01 2.607169027E-06 1.729000000E-01
7.207971200E+00 9.999835036E-01 2.561237573E-06 1.720000000E-01
7.244011100E+00 9.999836541E-01 2.518782755E-06 1.712000000E-01
7.280231100E+00 9.999838230E-01 2.474071617E-06 1.703000000E-01
7.316632300E+00 9.999839723E-01 2.432943966E-06 1.695000000E-01
7.353215500E+00 9.999841398E-01 2.389428083E-06 1.686000000E-01
7.389981500E+00 9.999842879E-01 2.349596633E-06 1.678000000E-01
7.426931400E+00 9.999844540E-01 2.307434313E-06 1.669000000E-01
7.464066100E+00 9.999846008E-01 2.268685416E-06 1.661000000E-01
7.501386400E+00 9.999847470E-01 2.230542731E-06 1.653000000E-01
7.538893400E+00 9.999848927E-01 2.192820890E-06 1.645000000E-01
7.576587800E+00 9.999850559E-01 2.153236709E-06 1.636000000E-01
7.614470800E+00 9.999851843E-01 2.116378582E-06 1.628000000E-01
7.652543100E+00 9.999853281E-01 2.080106713E-06 1.620000000E-01
7.690805800E+00 9.999854714E-01 2.044413709E-06 1.612000000E-01
7.729259900E+00 9.999856141E-01 2.009123135E-06 1.604000000E-01
7.767906200E+00 9.999857561E-01 1.974400154E-06 1.596000000E-01
7.806745700E+00 9.999858976E-01 1.940237496E-06 1.588000000E-01
7.845779400E+00 9.999860384E-01 1.906627944E-06 1.580000000E-01
7.885008300E+00 9.999861787E-01 1.873564330E-06 1.572000000E-01
7.924433400E+00 9.999863008E-01 1.843233594E-06 1.565000000E-01
7.964055500E+00 9.999864398E-01 1.811053850E-06 1.557000000E-01
8.003875800E+00 9.999865783E-01 1.779244788E-06 1.549000000E-01
8.043895200E+00 9.999867161E-01 1.748116425E-06 1.541000000E-01
8.084114700E+00 9.999868361E-01 1.719589276E-06 1.534000000E-01
8.124535200E+00 9.999869726E-01 1.689150665E-06 1.526000000E-01
8.165157900E+00 9.999871086E-01 1.659370952E-06 1.518000000E-01
8.205983700E+00 9.999872270E-01 1.632098388E-06 1.511000000E-01
8.247013600E+00 9.999873617E-01 1.603133033E-06 1.503000000E-01
8.288248700E+00 9.999874790E-01 1.576615299E-06 1.496000000E-01
8.329689900E+00 9.999876125E-01 1.548447853E-06 1.488000000E-01
8.371338400E+00 9.999877287E-01 1.522813745E-06 1.481000000E-01
8.413195100E+00 9.999878444E-01 1.497600321E-06 1.474000000E-01
8.455261000E+00 9.999879760E-01 1.470653560E-06 1.466000000E-01
8.497537300E+00 9.999880906E-01 1.446010222E-06 1.459000000E-01
8.540025000E+00 9.999882047E-01 1.421914627E-06 1.452000000E-01
9.030794000E+00 9.999894479E-01 1.168912631E-06 1.373000000E-01
9.653919000E+00 9.999907784E-01 9.141904289E-07 1.284000000E-01
1.032004000E+01 9.999919525E-01 7.157737335E-07 1.201000000E-01
1.103212000E+01 9.999929768E-01 5.619712329E-07 1.124000000E-01
1.179334000E+01 9.999938884E-01 4.409128403E-07 1.051000000E-01
1.260708000E+01 9.999946824E-01 3.466949521E-07 9.834000000E-02
1.347697000E+01 9.999953863E-01 2.729272410E-07 9.200000000E-02
1.440688000E+01 9.999960221E-01 2.144596525E-07 8.606000000E-02
1.513551000E+01 9.999964946E-01 1.795383639E-07 8.192000000E-02
1.536718000E+01 9.999967100E-01 1.699903252E-07 8.068000000E-02
1.540095000E+01 9.999967706E-01 1.686449305E-07 8.050000000E-02
1.542896000E+01 9.999968646E-01 1.675792634E-07 8.036000000E-02
1.552162000E+01 9.999967753E-01 4.125135633E-07 7.988000000E-02
1.575329000E+01 9.999967608E-01 3.909438781E-07 7.870000000E-02
1.646362000E+01 9.999969532E-01 3.330937271E-07 7.531000000E-02
1.759961000E+01 9.999973130E-01 2.598883997E-07 7.045000000E-02
1.811461000E+01 9.999974801E-01 2.333167497E-07 6.844000000E-02
1.839188000E+01 9.999975919E-01 2.204605943E-07 6.741000000E-02
1.846582000E+01 9.999976564E-01 2.171812476E-07 6.714000000E-02
1.857672000E+01 9.999976393E-01 3.004966516E-07 6.674000000E-02
1.881398000E+01 9.999976641E-01 2.869863117E-07 6.590000000E-02
1.885197000E+01 9.999976709E-01 2.849169987E-07 6.577000000E-02
1.885399000E+01 9.999976715E-01 2.847735238E-07 6.576000000E-02
1.914052000E+01 9.999977382E-01 2.696526329E-07 6.478000000E-02
1.921746000E+01 9.999977733E-01 2.657524100E-07 6.452000000E-02
1.933288000E+01 9.999977740E-01 3.008873686E-07 6.413000000E-02
1.962143000E+01 9.999978096E-01 2.857281976E-07 6.319000000E-02
2.011215000E+01 9.999978910E-01 2.619793856E-07 6.165000000E-02
2.149988000E+01 9.999981226E-01 2.066575808E-07 5.767000000E-02
2.298338000E+01 9.999983409E-01 1.629098066E-07 5.395000000E-02
2.456923000E+01 9.999985393E-01 1.283991974E-07 5.046000000E-02
2.626450000E+01 9.999987158E-01 1.012831175E-07 4.721000000E-02
2.807676000E+01 9.999988727E-01 7.938356482E-08 4.416000000E-02
3.001405000E+01 9.999990117E-01 6.214957584E-08 4.131000000E-02
3.208502000E+01 9.999991338E-01 4.860948087E-08 3.864000000E-02
3.429889000E+01 9.999992415E-01 3.802538699E-08 3.615000000E-02
3.666551000E+01 9.999993365E-01 2.975873231E-08 3.381000000E-02
3.919543000E+01 9.999994191E-01 2.325307139E-08 3.163000000E-02
4.189992000E+01 9.999994918E-01 1.813318852E-08 2.959000000E-02
4.479101000E+01 9.999995557E-01 1.414968495E-08 2.768000000E-02
4.788159000E+01 9.999996116E-01 1.104709171E-08 2.589000000E-02
5.118542000E+01 9.999996604E-01 8.634297632E-09 2.422000000E-02
5.471721000E+01 9.999997031E-01 6.755026839E-09 2.266000000E-02
5.849270000E+01 9.999997404E-01 5.288470300E-09 2.120000000E-02
6.252870000E+01 9.999997731E-01 4.141701979E-09 1.983000000E-02
6.684318000E+01 9.999998017E-01 3.246379621E-09 1.855000000E-02
7.145536000E+01 9.999998268E-01 2.540818948E-09 1.735000000E-02
7.638578000E+01 9.999998486E-01 1.990871175E-09 1.623000000E-02
8.165640000E+01 9.999998678E-01 1.555934760E-09 1.518000000E-02
8.729069000E+01 9.999998846E-01 1.206644192E-09 1.420000000E-02
9.331374000E+01 9.999998992E-01 9.364772137E-10 1.329000000E-02
9.975239000E+01 9.999999125E-01 7.263583005E-10 1.243000000E-02
1.018435000E+02 9.999999166E-01 6.708253987E-10 1.217000000E-02
1.034023000E+02 9.999999200E-01 6.336399832E-10 1.199000000E-02
1.038180000E+02 9.999999218E-01 6.238595303E-10 1.194000000E-02
1.044415000E+02 9.999999215E-01 2.785770253E-09 1.187000000E-02
1.060003000E+02 9.999999228E-01 2.645459918E-09 1.170000000E-02
1.066353000E+02 9.999999235E-01 2.589987312E-09 1.163000000E-02
1.139931000E+02 9.999999322E-01 2.043431149E-09 1.088000000E-02
1.218587000E+02 9.999999405E-01 1.607884235E-09 1.017000000E-02
1.302669000E+02 9.999999477E-01 1.266924965E-09 9.518000000E-03
1.392553000E+02 9.999999542E-01 9.969075435E-10 8.903000000E-03
1.488640000E+02 9.999999598E-01 7.844656317E-10 8.329000000E-03
1.591356000E+02 9.999999648E-01 6.163439980E-10 7.791000000E-03
1.701159000E+02 9.999999692E-01 4.843136358E-10 7.288000000E-03
1.818539000E+02 9.999999730E-01 3.806321414E-10 6.818000000E-03
1.944018000E+02 9.999999764E-01 2.991359313E-10 6.378000000E-03
2.078156000E+02 9.999999794E-01 2.350702250E-10 5.966000000E-03
2.221548000E+02 9.999999819E-01 1.848379811E-10 5.581000000E-03
2.374835000E+02 9.999999842E-01 1.454049218E-10 5.221000000E-03
2.538699000E+02 9.999999862E-01 1.143863431E-10 4.884000000E-03
2.713869000E+02 9.999999879E-01 9.000658719E-11 4.569000000E-03
2.901126000E+02 9.999999894E-01 7.081876490E-11 4.274000000E-03
3.101304000E+02 9.999999907E-01 5.572664190E-11 3.998000000E-03
3.315294000E+02 9.999999919E-01 4.385921957E-11 3.740000000E-03
3.544049000E+02 9.999999929E-01 3.451015309E-11 3.498000000E-03
3.788588000E+02 9.999999938E-01 2.717824105E-11 3.273000000E-03
4.050001000E+02 9.999999946E-01 2.138526866E-11 3.061000000E-03
4.329451000E+02 0.000000000E+00 0.000000000E+00 2.864000000E-03
