# 11/08/2021 
# Data retrieved from www.chemicool.com/densities.html 
# Includes the real (n) and complex (k) part of the  refractive index. 
# Element, Rb  (Z = 37) 
# Nominal density, g cm-3 =  1.53 
#    E [keV]      n       k    Wavelength [nm] 
1.069000000E-02 -1.408063161E+00 4.287391420E-04 1.160000000E+02
1.142761000E-02 3.965816187E-01 0.000000000E+00 1.085000000E+02
1.221612000E-02 4.721446146E-01 0.000000000E+00 1.015000000E+02
1.305903000E-02 5.383844089E-01 0.000000000E+00 9.494000000E+01
1.396010000E-02 5.962838825E-01 0.000000000E+00 8.881000000E+01
1.492335000E-02 6.469122103E-01 0.000000000E+00 8.308000000E+01
1.595306000E-02 6.912154534E-01 0.000000000E+00 7.772000000E+01
1.705382000E-02 7.300311718E-01 0.000000000E+00 7.270000000E+01
1.823053000E-02 7.639546069E-01 0.000000000E+00 6.801000000E+01
1.948844000E-02 7.936595049E-01 0.000000000E+00 6.362000000E+01
2.083314000E-02 8.196742487E-01 0.000000000E+00 5.951000000E+01
2.227063000E-02 8.424109426E-01 0.000000000E+00 5.567000000E+01
2.380730000E-02 8.622982258E-01 0.000000000E+00 5.208000000E+01
2.545001000E-02 8.797110882E-01 0.000000000E+00 4.872000000E+01
2.720606000E-02 8.949817263E-01 0.000000000E+00 4.557000000E+01
2.908327000E-02 9.083158949E-01 0.000000000E+00 4.263000000E+01
3.109002000E-02 9.199846440E-01 0.000000000E+00 3.988000000E+01
3.323523000E-02 9.301880338E-01 0.000000000E+00 3.731000000E+01
3.552846000E-02 9.391399836E-01 0.000000000E+00 3.490000000E+01
3.797993000E-02 9.469935745E-01 0.000000000E+00 3.264000000E+01
4.060054000E-02 9.538239223E-01 0.000000000E+00 3.054000000E+01
4.340198000E-02 9.598210675E-01 0.000000000E+00 2.857000000E+01
4.639671000E-02 9.650911078E-01 0.000000000E+00 2.672000000E+01
4.959809000E-02 9.696797435E-01 0.000000000E+00 2.500000000E+01
5.302035000E-02 9.737252382E-01 0.000000000E+00 2.338000000E+01
5.667876000E-02 9.772584094E-01 0.000000000E+00 2.187000000E+01
6.058959000E-02 9.803517322E-01 0.000000000E+00 2.046000000E+01
6.477028000E-02 9.830686986E-01 0.000000000E+00 1.914000000E+01
6.923942000E-02 9.854484467E-01 0.000000000E+00 1.791000000E+01
7.401695000E-02 9.875582050E-01 0.000000000E+00 1.675000000E+01
7.912411000E-02 9.894127165E-01 0.000000000E+00 1.567000000E+01
8.458368000E-02 9.910564701E-01 0.000000000E+00 1.466000000E+01
9.041995000E-02 9.925299471E-01 0.000000000E+00 1.371000000E+01
9.665893000E-02 9.938538844E-01 0.000000000E+00 1.283000000E+01
1.033284000E-01 9.950952794E-01 0.000000000E+00 1.200000000E+01
1.080940000E-01 9.959491752E-01 0.000000000E+00 1.147000000E+01
1.095640000E-01 9.962516267E-01 0.000000000E+00 1.132000000E+01
1.097485000E-01 9.962992725E-01 0.000000000E+00 1.130000000E+01
1.101897000E-01 9.964628892E-01 0.000000000E+00 1.125000000E+01
1.104581000E-01 9.964985095E-01 1.577291307E-04 1.122000000E+01
1.108515000E-01 9.965127827E-01 1.629882493E-04 1.118000000E+01
1.112410000E-01 9.965610403E-01 1.686305548E-04 1.115000000E+01
1.116882000E-01 9.966702872E-01 1.748241442E-04 1.110000000E+01
1.123590000E-01 9.967081865E-01 2.923061700E-04 1.103000000E+01
1.125060000E-01 9.967174231E-01 2.960861292E-04 1.102000000E+01
1.140360000E-01 9.968860597E-01 3.352170751E-04 1.087000000E+01
1.180797000E-01 9.973812975E-01 4.623914386E-04 1.050000000E+01
1.262272000E-01 9.982742539E-01 8.377648097E-04 9.822000000E+00
1.349368000E-01 9.989536535E-01 1.337019789E-03 9.188000000E+00
1.442475000E-01 9.993760582E-01 1.883787295E-03 8.595000000E+00
1.542005000E-01 9.995416026E-01 2.390327438E-03 8.040000000E+00
1.648404000E-01 9.994956171E-01 2.779488262E-03 7.521000000E+00
1.762144000E-01 9.993117692E-01 3.006544378E-03 7.036000000E+00
1.883732000E-01 9.990691837E-01 3.062769241E-03 6.582000000E+00
2.013709000E-01 9.988346711E-01 2.969971509E-03 6.157000000E+00
2.152655000E-01 9.986560350E-01 2.767426898E-03 5.760000000E+00
2.301188000E-01 9.985777205E-01 2.495621234E-03 5.388000000E+00
2.337300000E-01 9.985883958E-01 2.426673124E-03 5.305000000E+00
2.373075000E-01 9.986482575E-01 2.357863878E-03 5.225000000E+00
2.382615000E-01 9.987307612E-01 2.339472554E-03 5.204000000E+00
2.396925000E-01 9.986425669E-01 2.477940257E-03 5.173000000E+00
2.424520000E-01 9.985777721E-01 2.424773683E-03 5.114000000E+00
2.432700000E-01 9.985687223E-01 2.409307619E-03 5.097000000E+00
2.459970000E-01 9.985598175E-01 2.356827457E-03 5.040000000E+00
2.461630000E-01 9.985606606E-01 2.354022545E-03 5.037000000E+00
2.471526000E-01 9.985857711E-01 2.335487509E-03 5.017000000E+00
2.486370000E-01 9.985401299E-01 2.373895654E-03 4.987000000E+00
2.523480000E-01 9.984888949E-01 2.304201272E-03 4.913000000E+00
2.629708000E-01 9.984327350E-01 2.114587826E-03 4.715000000E+00
2.811158000E-01 9.984241046E-01 1.818832694E-03 4.410000000E+00
3.005128000E-01 9.984719398E-01 1.547007855E-03 4.126000000E+00
3.156580000E-01 9.985425164E-01 1.364197234E-03 3.928000000E+00
3.204895000E-01 9.985855516E-01 1.311219759E-03 3.869000000E+00
3.212482000E-01 9.986009036E-01 1.302506398E-03 3.859000000E+00
3.217779000E-01 9.986209128E-01 1.297095478E-03 3.853000000E+00
3.237105000E-01 9.985970012E-01 1.335841446E-03 3.830000000E+00
3.285420000E-01 9.985886492E-01 1.285218562E-03 3.774000000E+00
3.434143000E-01 9.986271991E-01 1.141984472E-03 3.610000000E+00
3.671099000E-01 9.987156952E-01 9.519086867E-04 3.377000000E+00
3.924405000E-01 9.988157548E-01 7.897927485E-04 3.159000000E+00
4.195189000E-01 9.989187998E-01 6.527038906E-04 2.955000000E+00
4.484657000E-01 9.990196598E-01 5.379408713E-04 2.765000000E+00
4.794098000E-01 9.991172614E-01 4.414776082E-04 2.586000000E+00
5.124891000E-01 9.992089079E-01 3.613169895E-04 2.419000000E+00
5.478508000E-01 9.992939619E-01 2.949480533E-04 2.263000000E+00
5.856525000E-01 9.993722222E-01 2.401762029E-04 2.117000000E+00
6.260625000E-01 9.994438056E-01 1.950651563E-04 1.980000000E+00
6.692609000E-01 9.995079768E-01 1.583168131E-04 1.853000000E+00
7.154399000E-01 9.995663598E-01 1.280903864E-04 1.733000000E+00
7.648052000E-01 9.996184481E-01 1.034997963E-04 1.621000000E+00
8.175768000E-01 9.996650726E-01 8.348183210E-05 1.516000000E+00
8.739896000E-01 9.997060037E-01 6.736062991E-05 1.419000000E+00
9.342948000E-01 9.997427964E-01 5.419075128E-05 1.327000000E+00
9.987612000E-01 9.997752637E-01 4.355065086E-05 1.241000000E+00
1.067676000E+00 9.998038840E-01 3.427422234E-05 1.161000000E+00
1.141345000E+00 9.998295817E-01 2.699306017E-05 1.086000000E+00
1.220098000E+00 9.998523696E-01 2.129618448E-05 1.016000000E+00
1.304285000E+00 9.998725739E-01 1.682478807E-05 9.506000000E-01
1.394281000E+00 9.998906473E-01 1.328947725E-05 8.892000000E-01
1.490486000E+00 9.999069486E-01 1.051247219E-05 8.318000000E-01
1.593329000E+00 9.999221338E-01 8.327200945E-06 7.781000000E-01
1.703269000E+00 9.999378253E-01 6.605704751E-06 7.279000000E-01
1.768312000E+00 9.999500924E-01 5.802647542E-06 7.011000000E-01
1.795378000E+00 9.999613322E-01 5.507698206E-06 6.906000000E-01
1.802596000E+00 9.999725195E-01 5.431563193E-06 6.878000000E-01
1.813422000E+00 9.999627033E-01 2.588012180E-05 6.837000000E-01
1.820795000E+00 9.999593804E-01 2.543769389E-05 6.809000000E-01
1.826622000E+00 9.999579659E-01 2.510280468E-05 6.788000000E-01
1.840488000E+00 9.999566675E-01 2.430943434E-05 6.736000000E-01
1.854580000E+00 9.999578437E-01 2.354083152E-05 6.685000000E-01
1.862036000E+00 9.999621355E-01 2.315011189E-05 6.659000000E-01
1.873219000E+00 9.999565099E-01 3.207448895E-05 6.619000000E-01
1.901178000E+00 9.999514456E-01 3.014692194E-05 6.521000000E-01
1.946430000E+00 9.999492984E-01 2.747993713E-05 6.370000000E-01
2.023798000E+00 9.999500505E-01 2.375118995E-05 6.126000000E-01
2.054774000E+00 9.999518530E-01 2.247808142E-05 6.034000000E-01
2.063035000E+00 9.999536666E-01 2.215642185E-05 6.010000000E-01
2.075425000E+00 9.999521647E-01 2.498565505E-05 5.974000000E-01
2.080733000E+00 9.999518039E-01 2.476419562E-05 5.959000000E-01
2.106402000E+00 9.999512611E-01 2.372062784E-05 5.886000000E-01
2.224304000E+00 9.999528197E-01 1.966670787E-05 5.574000000E-01
2.377781000E+00 9.999564645E-01 1.567970305E-05 5.214000000E-01
2.541848000E+00 9.999605266E-01 1.244348452E-05 4.878000000E-01
2.717235000E+00 9.999646006E-01 9.856532657E-06 4.563000000E-01
2.904724000E+00 9.999684705E-01 7.797150782E-06 4.268000000E-01
3.105150000E+00 9.999720196E-01 6.147510373E-06 3.993000000E-01
3.319406000E+00 9.999753037E-01 4.829387365E-06 3.735000000E-01
3.548445000E+00 9.999782546E-01 3.797800078E-06 3.494000000E-01
3.793288000E+00 9.999808070E-01 2.974991304E-06 3.269000000E-01
4.055024000E+00 9.999831668E-01 2.323604575E-06 3.058000000E-01
4.334821000E+00 9.999852453E-01 1.810979023E-06 2.860000000E-01
4.633924000E+00 9.999870852E-01 1.411785055E-06 2.676000000E-01
4.953664000E+00 9.999887122E-01 1.099805197E-06 2.503000000E-01
5.295467000E+00 9.999901411E-01 8.573857073E-07 2.341000000E-01
5.660855000E+00 9.999913882E-01 6.693241374E-07 2.190000000E-01
6.051453000E+00 9.999924775E-01 5.231064521E-07 2.049000000E-01
6.469004000E+00 9.999934306E-01 4.089636280E-07 1.917000000E-01
6.915365000E+00 9.999942668E-01 3.198256357E-07 1.793000000E-01
7.392525000E+00 9.999949970E-01 2.503428803E-07 1.677000000E-01
7.902609000E+00 9.999956315E-01 1.961529464E-07 1.569000000E-01
8.447890000E+00 9.999961856E-01 1.531968409E-07 1.468000000E-01
9.030794000E+00 9.999966719E-01 1.192358798E-07 1.373000000E-01
9.653919000E+00 9.999970984E-01 9.159665489E-08 1.284000000E-01
1.032004000E+01 9.999974707E-01 7.045764275E-08 1.201000000E-01
1.103212000E+01 9.999977939E-01 5.431428285E-08 1.124000000E-01
1.179334000E+01 9.999980810E-01 4.183520804E-08 1.051000000E-01
1.260708000E+01 9.999983310E-01 3.229780759E-08 9.834000000E-02
1.347697000E+01 9.999985534E-01 2.495074922E-08 9.200000000E-02
1.440688000E+01 9.999987583E-01 1.928933316E-08 8.606000000E-02
1.489571000E+01 9.999988683E-01 1.696410611E-08 8.323000000E-02
1.512370000E+01 9.999989463E-01 1.600475666E-08 8.198000000E-02
1.518450000E+01 9.999990077E-01 1.575948142E-08 8.165000000E-02
1.527570000E+01 9.999989661E-01 1.186161426E-07 8.116000000E-02
1.540095000E+01 9.999989496E-01 1.148086274E-07 8.050000000E-02
1.550369000E+01 9.999989493E-01 1.118052880E-07 7.997000000E-02
1.646362000E+01 9.999990250E-01 8.866312594E-08 7.531000000E-02
1.759961000E+01 9.999991309E-01 6.953799179E-08 7.045000000E-02
1.881398000E+01 9.999992314E-01 5.479654244E-08 6.590000000E-02
2.011215000E+01 9.999993225E-01 4.315488613E-08 6.165000000E-02
2.149988000E+01 9.999994042E-01 3.377969156E-08 5.767000000E-02
2.298338000E+01 9.999994768E-01 2.640725190E-08 5.395000000E-02
2.456923000E+01 9.999995413E-01 2.061935692E-08 5.046000000E-02
2.626450000E+01 9.999995978E-01 1.610696729E-08 4.721000000E-02
2.807676000E+01 9.999996478E-01 1.253634332E-08 4.416000000E-02
3.001405000E+01 9.999996916E-01 9.748456483E-09 4.131000000E-02
3.208502000E+01 9.999997298E-01 7.540775275E-09 3.864000000E-02
3.429889000E+01 9.999997636E-01 5.828993222E-09 3.615000000E-02
3.666551000E+01 9.999997932E-01 4.503433595E-09 3.381000000E-02
3.919543000E+01 9.999998191E-01 3.481301426E-09 3.163000000E-02
4.189992000E+01 9.999998418E-01 2.690913411E-09 2.959000000E-02
4.479101000E+01 9.999998616E-01 2.079530893E-09 2.768000000E-02
4.788159000E+01 9.999998790E-01 1.605894572E-09 2.589000000E-02
5.118542000E+01 9.999998942E-01 1.240648011E-09 2.422000000E-02
5.471721000E+01 9.999999074E-01 9.587410675E-10 2.266000000E-02
5.849270000E+01 9.999999190E-01 7.408907251E-10 2.120000000E-02
6.252870000E+01 9.999999292E-01 5.723495888E-10 1.983000000E-02
6.684318000E+01 9.999999381E-01 4.417502548E-10 1.855000000E-02
7.145536000E+01 9.999999458E-01 3.395367777E-10 1.735000000E-02
7.638578000E+01 9.999999526E-01 2.610472258E-10 1.623000000E-02
8.165640000E+01 9.999999586E-01 2.004428587E-10 1.518000000E-02
8.729069000E+01 9.999999638E-01 1.535984516E-10 1.420000000E-02
9.331374000E+01 9.999999683E-01 1.178305335E-10 1.329000000E-02
9.975239000E+01 9.999999723E-01 9.027026457E-11 1.243000000E-02
1.066353000E+02 9.999999757E-01 6.920858452E-11 1.163000000E-02
1.139931000E+02 9.999999788E-01 5.305249840E-11 1.088000000E-02
1.218587000E+02 9.999999814E-01 4.060144943E-11 1.017000000E-02
1.302669000E+02 9.999999838E-01 3.115033181E-11 9.518000000E-03
1.392553000E+02 9.999999858E-01 2.387397033E-11 8.903000000E-03
1.488640000E+02 9.999999876E-01 1.830372060E-11 8.329000000E-03
1.591356000E+02 9.999999891E-01 1.403009324E-11 7.791000000E-03
1.701159000E+02 9.999999905E-01 1.075537389E-11 7.288000000E-03
1.818539000E+02 9.999999917E-01 8.246416838E-12 6.818000000E-03
1.944018000E+02 9.999999927E-01 6.322483602E-12 6.378000000E-03
2.078156000E+02 9.999999936E-01 4.846771831E-12 5.966000000E-03
2.221548000E+02 9.999999944E-01 3.716277599E-12 5.581000000E-03
2.374835000E+02 9.999999951E-01 2.849672759E-12 5.221000000E-03
2.538699000E+02 9.999999957E-01 2.185046003E-12 4.884000000E-03
2.713869000E+02 9.999999963E-01 1.675592112E-12 4.569000000E-03
2.901126000E+02 9.999999967E-01 1.284796119E-12 4.274000000E-03
3.101304000E+02 9.999999971E-01 9.851885954E-13 3.998000000E-03
3.315294000E+02 9.999999975E-01 7.554870035E-13 3.740000000E-03
3.544049000E+02 9.999999978E-01 5.791747333E-13 3.498000000E-03
3.788588000E+02 9.999999981E-01 4.443762018E-13 3.273000000E-03
4.050001000E+02 9.999999983E-01 3.406356023E-13 3.061000000E-03
4.329451000E+02 0.000000000E+00 0.000000000E+00 2.864000000E-03
