# 11/08/2021 
# Data retrieved from www.chemicool.com/densities.html 
# Includes the real (n) and complex (k) part of the  refractive index. 
# Element, Re  (Z = 75) 
# Nominal density, g cm-3 =  21 
#    E [keV]      n       k    Wavelength [nm] 
5.104943000E-03 -1.340007428E+02 2.892132382E-01 2.429000000E+02
5.183079000E-03 -9.847192915E+00 0.000000000E+00 2.392000000E+02
5.203916000E-03 -9.486683036E+00 0.000000000E+00 2.383000000E+02
5.235171000E-03 -9.578538360E+00 4.975081381E-01 2.368000000E+02
5.313308000E-03 -9.400173507E+00 4.825785021E-01 2.333000000E+02
5.941418000E-03 -6.547235016E+00 3.871693421E-01 2.087000000E+02
6.032358000E-03 -5.698252955E+00 3.780758338E-01 2.055000000E+02
6.056608000E-03 -4.949136859E+00 3.760058095E-01 2.047000000E+02
6.092984000E-03 -5.557356955E+00 1.706682561E+00 2.035000000E+02
6.183924000E-03 -5.915521925E+00 1.654896857E+00 2.005000000E+02
1.069000000E-02 -1.161085120E+00 1.404939362E+00 1.160000000E+02
1.142761000E-02 -8.976965838E-01 1.449414685E+00 1.085000000E+02
1.221612000E-02 -7.006377801E-01 1.479365300E+00 1.015000000E+02
1.305903000E-02 -5.583790094E-01 1.487605000E+00 9.494000000E+01
1.396010000E-02 -4.598576722E-01 1.470236149E+00 8.881000000E+01
1.492335000E-02 -3.926880544E-01 1.425082114E+00 8.308000000E+01
1.595306000E-02 -3.468247797E-01 1.352649869E+00 7.772000000E+01
1.705382000E-02 -3.067986765E-01 1.255968156E+00 7.270000000E+01
1.823053000E-02 -2.726598442E-01 1.140834467E+00 6.801000000E+01
1.948844000E-02 -2.252055435E-01 1.013570479E+00 6.362000000E+01
2.083314000E-02 -1.677071320E-01 8.812008833E-01 5.951000000E+01
2.227063000E-02 -9.937373122E-02 7.504552025E-01 5.567000000E+01
2.380730000E-02 -2.081249657E-02 6.266314846E-01 5.208000000E+01
2.545001000E-02 6.618975290E-02 5.134991149E-01 4.872000000E+01
2.720606000E-02 1.597728620E-01 4.132410822E-01 4.557000000E+01
2.908327000E-02 2.577504475E-01 3.274856683E-01 4.263000000E+01
3.109002000E-02 3.609707587E-01 2.560631909E-01 3.988000000E+01
3.323523000E-02 4.828682975E-01 1.980086697E-01 3.731000000E+01
3.390800000E-02 5.382762727E-01 1.828402835E-01 3.656000000E+01
3.442700000E-02 6.253583001E-01 1.721114509E-01 3.601000000E+01
3.456540000E-02 7.154121082E-01 1.694119247E-01 3.587000000E+01
3.477300000E-02 6.293453706E-01 3.348798116E-01 3.566000000E+01
3.529200000E-02 5.646826393E-01 3.172105928E-01 3.513000000E+01
3.552846000E-02 5.543516482E-01 3.096536300E-01 3.490000000E+01
3.797993000E-02 5.522525457E-01 2.423820844E-01 3.264000000E+01
3.978800000E-02 5.834367434E-01 2.033677842E-01 3.116000000E+01
4.039700000E-02 6.025929912E-01 1.916215515E-01 3.069000000E+01
4.055940000E-02 6.169157459E-01 1.886429280E-01 3.057000000E+01
4.060054000E-02 6.501137946E-01 2.116709552E-01 3.054000000E+01
4.080300000E-02 6.079726960E-01 2.074728770E-01 3.039000000E+01
4.141200000E-02 6.073189493E-01 1.952633740E-01 2.994000000E+01
4.340198000E-02 6.357951768E-01 1.605875575E-01 2.857000000E+01
4.468800000E-02 6.650871903E-01 1.417074937E-01 2.774000000E+01
4.537200000E-02 6.946303574E-01 1.328491381E-01 2.733000000E+01
4.555440000E-02 7.218389326E-01 1.305834998E-01 2.722000000E+01
4.582800000E-02 6.995582912E-01 1.758948993E-01 2.705000000E+01
4.639671000E-02 6.866433582E-01 1.680454694E-01 2.672000000E+01
4.651200000E-02 6.857910332E-01 1.665880151E-01 2.666000000E+01
4.959809000E-02 7.012528183E-01 1.318373500E-01 2.500000000E+01
5.302035000E-02 7.311119309E-01 1.036298155E-01 2.338000000E+01
5.667876000E-02 7.623916615E-01 8.100979597E-02 2.187000000E+01
6.058959000E-02 7.928747525E-01 6.340589618E-02 2.046000000E+01
6.477028000E-02 8.214633990E-01 5.014789709E-02 1.914000000E+01
6.923942000E-02 8.474324863E-01 4.053101273E-02 1.791000000E+01
7.401695000E-02 8.707772035E-01 3.376640017E-02 1.675000000E+01
7.912411000E-02 8.912524288E-01 2.927194985E-02 1.567000000E+01
8.114400000E-02 8.983419430E-01 2.804068368E-02 1.528000000E+01
8.238600000E-02 9.025590608E-01 2.740640683E-02 1.505000000E+01
8.271720000E-02 9.038333997E-01 2.725197162E-02 1.499000000E+01
8.321400000E-02 9.051287405E-01 2.749510339E-02 1.490000000E+01
8.445600000E-02 9.086310248E-01 2.698257894E-02 1.468000000E+01
8.458368000E-02 9.089629547E-01 2.694249300E-02 1.466000000E+01
9.041995000E-02 9.238667619E-01 2.537240239E-02 1.371000000E+01
9.665893000E-02 9.364633074E-01 2.474030165E-02 1.283000000E+01
1.033284000E-01 9.470436299E-01 2.470572086E-02 1.200000000E+01
1.104581000E-01 9.557480204E-01 2.503064426E-02 1.122000000E+01
1.180797000E-01 9.626955927E-01 2.559340588E-02 1.050000000E+01
1.262272000E-01 9.685039604E-01 2.615325527E-02 9.822000000E+00
1.349368000E-01 9.726890003E-01 2.658561037E-02 9.188000000E+00
1.442475000E-01 9.758100799E-01 2.678843170E-02 8.595000000E+00
1.542005000E-01 9.780692625E-01 2.669721048E-02 8.040000000E+00
1.648404000E-01 9.796379598E-01 2.627354466E-02 7.521000000E+00
1.762144000E-01 9.807010595E-01 2.544611996E-02 7.036000000E+00
1.883732000E-01 9.814815434E-01 2.422915196E-02 6.582000000E+00
2.013709000E-01 9.821388331E-01 2.270923749E-02 6.157000000E+00
2.152655000E-01 9.827769726E-01 2.098471279E-02 5.760000000E+00
2.301188000E-01 9.834771979E-01 1.913721315E-02 5.388000000E+00
2.459970000E-01 9.843055867E-01 1.725254271E-02 5.040000000E+00
2.549960000E-01 9.848908451E-01 1.623399990E-02 4.862000000E+00
2.588990000E-01 9.853180956E-01 1.579977125E-02 4.789000000E+00
2.599398000E-01 9.856483069E-01 1.568573988E-02 4.770000000E+00
2.615010000E-01 9.854483982E-01 1.605563197E-02 4.741000000E+00
2.629708000E-01 9.853900618E-01 1.589694319E-02 4.715000000E+00
2.654040000E-01 9.854122533E-01 1.563224556E-02 4.672000000E+00
2.682260000E-01 9.855125115E-01 1.532286716E-02 4.622000000E+00
2.723315000E-01 9.857801940E-01 1.489530391E-02 4.553000000E+00
2.734263000E-01 9.860117751E-01 1.477688043E-02 4.534000000E+00
2.750685000E-01 9.858646778E-01 1.498749919E-02 4.507000000E+00
2.791740000E-01 9.858327720E-01 1.456678120E-02 4.441000000E+00
2.811158000E-01 9.858682062E-01 1.436886585E-02 4.410000000E+00
3.005128000E-01 9.864981836E-01 1.256117981E-02 4.126000000E+00
3.212482000E-01 9.873468418E-01 1.090370304E-02 3.859000000E+00
3.434143000E-01 9.882675785E-01 9.423695521E-03 3.610000000E+00
3.671099000E-01 9.892183613E-01 8.112750504E-03 3.377000000E+00
3.924405000E-01 9.901745642E-01 6.963563035E-03 3.159000000E+00
4.195189000E-01 9.911371487E-01 5.963961271E-03 2.955000000E+00
4.355120000E-01 9.917210594E-01 5.465620135E-03 2.847000000E+00
4.421780000E-01 9.920622476E-01 5.273745681E-03 2.804000000E+00
4.439556000E-01 9.922898061E-01 5.225083414E-03 2.793000000E+00
4.466220000E-01 9.921797053E-01 5.502026251E-03 2.776000000E+00
4.484657000E-01 9.921581211E-01 5.451755413E-03 2.765000000E+00
4.532880000E-01 9.922006831E-01 5.316550973E-03 2.735000000E+00
4.794098000E-01 9.927055739E-01 4.670552762E-03 2.586000000E+00
5.000000000E-01 9.928485560E-01 4.237620779E-03 2.480000000E+00
5.025000000E-01 9.929070764E-01 4.186266085E-03 2.467000000E+00
5.050125000E-01 9.929606375E-01 4.138846881E-03 2.455000000E+00
5.075375600E-01 9.930151789E-01 4.091758258E-03 2.443000000E+00
5.100752500E-01 9.930711725E-01 4.044999243E-03 2.431000000E+00
5.126256300E-01 9.931296053E-01 3.998390623E-03 2.419000000E+00
5.151887500E-01 9.931935770E-01 3.952289664E-03 2.407000000E+00
5.171749300E-01 9.932632630E-01 3.914442635E-03 2.397000000E+00
5.177647000E-01 9.933042197E-01 3.906340664E-03 2.395000000E+00
5.186250500E-01 9.932875259E-01 3.953902110E-03 2.391000000E+00
5.203535200E-01 9.932970656E-01 3.923336494E-03 2.383000000E+00
5.229552900E-01 9.933337180E-01 3.877758318E-03 2.371000000E+00
5.255700700E-01 9.933766507E-01 3.832503599E-03 2.359000000E+00
5.281979200E-01 9.934222029E-01 3.787571388E-03 2.347000000E+00
5.308389100E-01 9.934636044E-01 3.746167386E-03 2.336000000E+00
5.334931000E-01 9.935115855E-01 3.701855779E-03 2.324000000E+00
5.361605700E-01 9.935602318E-01 3.657701072E-03 2.312000000E+00
5.388413700E-01 9.936038499E-01 3.617172959E-03 2.301000000E+00
5.415355800E-01 9.936534564E-01 3.573638333E-03 2.289000000E+00
5.442432500E-01 9.936978532E-01 3.533683655E-03 2.278000000E+00
5.469644700E-01 9.937425556E-01 3.493847136E-03 2.267000000E+00
5.496992900E-01 9.937930286E-01 3.451225920E-03 2.255000000E+00
5.524477900E-01 9.938382213E-01 3.411962446E-03 2.244000000E+00
5.552100300E-01 9.938836289E-01 3.372974222E-03 2.233000000E+00
5.579860800E-01 9.939292127E-01 3.334260430E-03 2.222000000E+00
5.607760100E-01 9.939749654E-01 3.295820251E-03 2.211000000E+00
5.635798900E-01 9.940208794E-01 3.257505443E-03 2.200000000E+00
5.663977900E-01 9.940669328E-01 3.219611508E-03 2.189000000E+00
5.692297800E-01 9.941131330E-01 3.181844233E-03 2.178000000E+00
5.720759300E-01 9.941594585E-01 3.144493239E-03 2.167000000E+00
5.749363000E-01 9.942059167E-01 3.107270165E-03 2.156000000E+00
5.778109900E-01 9.942471260E-01 3.073182098E-03 2.146000000E+00
5.807000400E-01 9.942938441E-01 3.036481706E-03 2.135000000E+00
5.836035400E-01 9.943406875E-01 2.999913840E-03 2.124000000E+00
5.865215600E-01 9.943823487E-01 2.966559832E-03 2.114000000E+00
5.894541700E-01 9.944294909E-01 2.930648686E-03 2.103000000E+00
5.924014400E-01 9.944714936E-01 2.897639925E-03 2.093000000E+00
5.953634500E-01 9.945189819E-01 2.862112861E-03 2.082000000E+00
5.983402600E-01 9.945614246E-01 2.829585008E-03 2.072000000E+00
6.013319600E-01 9.946041583E-01 2.797287429E-03 2.062000000E+00
6.043386200E-01 9.946472483E-01 2.765219409E-03 2.052000000E+00
6.073603200E-01 9.946959940E-01 2.730703734E-03 2.041000000E+00
6.103971200E-01 9.947401392E-01 2.698984989E-03 2.031000000E+00
6.134491000E-01 9.947851888E-01 2.667620498E-03 2.021000000E+00
6.165163500E-01 9.948317155E-01 2.636359480E-03 2.011000000E+00
6.195989300E-01 9.948811096E-01 2.605326850E-03 2.001000000E+00
6.226969300E-01 9.949385446E-01 2.574521875E-03 1.991000000E+00
6.240437500E-01 9.949720540E-01 2.562022945E-03 1.987000000E+00
6.258104100E-01 9.949995761E-01 2.607536444E-03 1.981000000E+00
6.259562500E-01 9.949995761E-01 2.607536444E-03 1.981000000E+00
6.289394600E-01 9.950074634E-01 2.576662515E-03 1.971000000E+00
6.320841600E-01 9.950306400E-01 2.548494953E-03 1.962000000E+00
6.352445800E-01 9.950633981E-01 2.518056242E-03 1.952000000E+00
6.384208000E-01 9.950982025E-01 2.487727581E-03 1.942000000E+00
6.416129100E-01 9.951341835E-01 2.457625491E-03 1.932000000E+00
6.448209700E-01 9.951659063E-01 2.430163536E-03 1.923000000E+00
6.480450800E-01 9.952031886E-01 2.400495761E-03 1.913000000E+00
6.512853000E-01 9.952358607E-01 2.373434549E-03 1.904000000E+00
6.545417300E-01 9.952738518E-01 2.344089067E-03 1.894000000E+00
6.578144400E-01 9.953070804E-01 2.317427045E-03 1.885000000E+00
6.611035100E-01 9.953454859E-01 2.288513695E-03 1.875000000E+00
6.644090300E-01 9.953790742E-01 2.262248253E-03 1.866000000E+00
6.677310700E-01 9.954128066E-01 2.236066917E-03 1.857000000E+00
6.710697300E-01 9.954466460E-01 2.210180174E-03 1.848000000E+00
6.744250800E-01 9.954855014E-01 2.182003376E-03 1.838000000E+00
6.777972000E-01 9.955195070E-01 2.156407184E-03 1.829000000E+00
6.811861900E-01 9.955535750E-01 2.130898762E-03 1.820000000E+00
6.845921200E-01 9.955876917E-01 2.105680271E-03 1.811000000E+00
6.880150800E-01 9.956218536E-01 2.080649194E-03 1.802000000E+00
6.914551500E-01 9.956560472E-01 2.055706988E-03 1.793000000E+00
6.949124300E-01 9.956902694E-01 2.030952913E-03 1.784000000E+00
6.983869900E-01 9.957245075E-01 2.006386335E-03 1.775000000E+00
7.018789300E-01 9.957587585E-01 1.982006616E-03 1.766000000E+00
7.053883200E-01 9.957882295E-01 1.959948202E-03 1.758000000E+00
7.089152600E-01 9.958224938E-01 1.935925257E-03 1.749000000E+00
7.124598400E-01 9.958567630E-01 1.911995085E-03 1.740000000E+00
7.160221400E-01 9.958862764E-01 1.890433489E-03 1.732000000E+00
7.196022500E-01 9.959205351E-01 1.866859221E-03 1.723000000E+00
7.232002600E-01 9.959547731E-01 1.843380473E-03 1.714000000E+00
7.268162600E-01 9.959842820E-01 1.822312230E-03 1.706000000E+00
7.304503400E-01 9.960184788E-01 1.799188417E-03 1.697000000E+00
7.341026000E-01 9.960479789E-01 1.778354737E-03 1.689000000E+00
7.377731100E-01 9.960774610E-01 1.757674934E-03 1.681000000E+00
7.414619700E-01 9.961115849E-01 1.735072416E-03 1.672000000E+00
7.451692800E-01 9.961410306E-01 1.714628941E-03 1.664000000E+00
7.488951300E-01 9.961704623E-01 1.694422868E-03 1.656000000E+00
7.526396100E-01 9.962044722E-01 1.672171885E-03 1.647000000E+00
7.564028000E-01 9.962338579E-01 1.652121044E-03 1.639000000E+00
7.601848200E-01 9.962632328E-01 1.632224010E-03 1.631000000E+00
7.639857400E-01 9.962925632E-01 1.611677884E-03 1.623000000E+00
7.678056700E-01 9.963219037E-01 1.590188004E-03 1.615000000E+00
7.716447000E-01 9.963513071E-01 1.568887928E-03 1.607000000E+00
7.755029200E-01 9.963807536E-01 1.547776827E-03 1.599000000E+00
7.793804400E-01 9.964102473E-01 1.526853869E-03 1.591000000E+00
7.832773400E-01 9.964384792E-01 1.506118225E-03 1.583000000E+00
7.871937300E-01 9.964680465E-01 1.485569063E-03 1.575000000E+00
7.911296900E-01 9.964976352E-01 1.465130760E-03 1.567000000E+00
7.950853400E-01 9.965272493E-01 1.444952834E-03 1.559000000E+00
7.990607700E-01 9.965524442E-01 1.426796960E-03 1.552000000E+00
8.030560700E-01 9.965820998E-01 1.406970025E-03 1.544000000E+00
8.070713500E-01 9.966117710E-01 1.387325486E-03 1.536000000E+00
8.111067100E-01 9.966370428E-01 1.369582284E-03 1.529000000E+00
8.151622400E-01 9.966667230E-01 1.350284838E-03 1.521000000E+00
8.192380600E-01 9.966964025E-01 1.331167362E-03 1.513000000E+00
8.233342500E-01 9.967209938E-01 1.313973430E-03 1.506000000E+00
8.274509200E-01 9.967506595E-01 1.295197656E-03 1.498000000E+00
8.315881700E-01 9.967759859E-01 1.278313560E-03 1.491000000E+00
8.357461100E-01 9.968013106E-01 1.261576102E-03 1.484000000E+00
8.399248400E-01 9.968309403E-01 1.243299388E-03 1.476000000E+00
8.441244700E-01 9.968562609E-01 1.226867644E-03 1.469000000E+00
8.483450900E-01 9.968858379E-01 1.208925075E-03 1.461000000E+00
8.525868200E-01 9.969111323E-01 1.192796255E-03 1.454000000E+00
8.568497500E-01 9.969364144E-01 1.176810773E-03 1.447000000E+00
8.611340000E-01 9.969616758E-01 1.160967992E-03 1.440000000E+00
8.654396700E-01 9.969869213E-01 1.145329826E-03 1.433000000E+00
8.697668700E-01 9.970163316E-01 1.128185958E-03 1.425000000E+00
8.741157000E-01 9.970415122E-01 1.112780775E-03 1.418000000E+00
8.784862800E-01 9.970666652E-01 1.097576335E-03 1.411000000E+00
8.828787100E-01 9.970917949E-01 1.082450118E-03 1.404000000E+00
8.872931000E-01 9.971168876E-01 1.067462733E-03 1.397000000E+00
8.917295700E-01 9.971419418E-01 1.052672396E-03 1.390000000E+00
8.961882200E-01 9.971669618E-01 1.037960177E-03 1.383000000E+00
9.006691600E-01 9.971878516E-01 1.024930660E-03 1.377000000E+00
9.051725000E-01 9.972127912E-01 1.010534754E-03 1.370000000E+00
9.096983700E-01 9.972376868E-01 9.962168160E-04 1.363000000E+00
9.142468600E-01 9.972625201E-01 9.820899719E-04 1.356000000E+00
9.188180900E-01 9.972873012E-01 9.680964254E-04 1.349000000E+00
9.234121800E-01 9.973080106E-01 9.556581890E-04 1.343000000E+00
9.280292400E-01 9.973326780E-01 9.419706117E-04 1.336000000E+00
9.326693900E-01 9.973572740E-01 9.283595753E-04 1.329000000E+00
9.373327400E-01 9.973778301E-01 9.163173136E-04 1.323000000E+00
9.420194000E-01 9.974022919E-01 9.029538549E-04 1.316000000E+00
9.467295000E-01 9.974227314E-01 8.911322381E-04 1.310000000E+00
9.514631500E-01 9.974470310E-01 8.780658099E-04 1.303000000E+00
9.562204600E-01 9.974673321E-01 8.664623315E-04 1.297000000E+00
9.610015600E-01 9.974914537E-01 8.536880670E-04 1.290000000E+00
9.658065700E-01 9.975115911E-01 8.423002346E-04 1.284000000E+00
9.706356000E-01 9.975355051E-01 8.297636428E-04 1.277000000E+00
9.754887800E-01 9.975554506E-01 8.186386500E-04 1.271000000E+00
9.803662300E-01 9.975752932E-01 8.075645831E-04 1.265000000E+00
9.852680600E-01 9.975988432E-01 7.954221375E-04 1.258000000E+00
9.901944000E-01 9.976184321E-01 7.846060276E-04 1.252000000E+00
9.951453700E-01 9.976378889E-01 7.738881942E-04 1.246000000E+00
1.000121100E+00 9.976572299E-01 7.633150249E-04 1.240000000E+00
1.005121700E+00 9.976780334E-01 7.517715298E-04 1.234000000E+00
1.010147300E+00 9.977026556E-01 7.391394868E-04 1.227000000E+00
1.015198000E+00 9.977235428E-01 7.279322782E-04 1.221000000E+00
1.020274000E+00 9.977444310E-01 7.168387731E-04 1.215000000E+00
1.025375400E+00 9.977653042E-01 7.058583926E-04 1.209000000E+00
1.030502300E+00 9.977861558E-01 6.950346391E-04 1.203000000E+00
1.035654800E+00 9.978069706E-01 6.843656181E-04 1.197000000E+00
1.040833100E+00 9.978277429E-01 6.738062410E-04 1.191000000E+00
1.046037200E+00 9.978484923E-01 6.629282191E-04 1.185000000E+00
1.051267400E+00 9.978692296E-01 6.522096906E-04 1.179000000E+00
1.056523800E+00 9.978863488E-01 6.427012493E-04 1.174000000E+00
1.061806400E+00 9.979070629E-01 6.322426212E-04 1.168000000E+00
1.067115400E+00 9.979277496E-01 6.218976228E-04 1.162000000E+00
1.072451000E+00 9.979484066E-01 6.117470445E-04 1.156000000E+00
1.077813200E+00 9.979690238E-01 6.017071732E-04 1.150000000E+00
1.083202300E+00 9.979860910E-01 5.928523651E-04 1.145000000E+00
1.088618300E+00 9.980066442E-01 5.830593836E-04 1.139000000E+00
1.094061400E+00 9.980271521E-01 5.734527339E-04 1.133000000E+00
1.099531700E+00 9.980441542E-01 5.647206707E-04 1.128000000E+00
1.105029400E+00 9.980646028E-01 5.550861808E-04 1.122000000E+00
1.110554500E+00 9.980850155E-01 5.455992954E-04 1.116000000E+00
1.116107300E+00 9.981019748E-01 5.371872381E-04 1.111000000E+00
1.121687800E+00 9.981223234E-01 5.279418381E-04 1.105000000E+00
1.127296300E+00 9.981392407E-01 5.198209718E-04 1.100000000E+00
1.132932800E+00 9.981595100E-01 5.108482303E-04 1.094000000E+00
1.138597400E+00 9.981763782E-01 5.029021776E-04 1.089000000E+00
1.144290400E+00 9.981932216E-01 4.951092823E-04 1.084000000E+00
1.150011900E+00 9.982133586E-01 4.864932237E-04 1.078000000E+00
1.155761900E+00 9.982301358E-01 4.789046779E-04 1.073000000E+00
1.161540700E+00 9.982501652E-01 4.705467829E-04 1.067000000E+00
1.167348400E+00 9.982668665E-01 4.631926883E-04 1.062000000E+00
1.173185200E+00 9.982835355E-01 4.559147670E-04 1.057000000E+00
1.179051100E+00 9.983001710E-01 4.487463362E-04 1.052000000E+00
1.184946400E+00 9.983199820E-01 4.408427293E-04 1.046000000E+00
1.190871100E+00 9.983365265E-01 4.338655192E-04 1.041000000E+00
1.196825400E+00 9.983530300E-01 4.270269823E-04 1.036000000E+00
1.202809600E+00 9.983694912E-01 4.202600910E-04 1.031000000E+00
1.208823600E+00 9.983859122E-01 4.135644706E-04 1.026000000E+00
1.214867700E+00 9.984022884E-01 4.069714989E-04 1.021000000E+00
1.220942100E+00 9.984217300E-01 3.996919123E-04 1.015000000E+00
1.227046800E+00 9.984379993E-01 3.933090740E-04 1.010000000E+00
1.233182000E+00 9.984542201E-01 3.869941213E-04 1.005000000E+00
1.239347900E+00 9.984703943E-01 3.807771530E-04 1.000000000E+00
1.245544700E+00 9.984853005E-01 3.749581888E-04 9.954000000E-01
1.251772400E+00 9.985010789E-01 3.689746548E-04 9.905000000E-01
1.258031200E+00 9.985171085E-01 3.630106283E-04 9.855000000E-01
1.264321400E+00 9.985327904E-01 3.572130535E-04 9.806000000E-01
1.270643000E+00 9.985481227E-01 3.515492745E-04 9.758000000E-01
1.276996200E+00 9.985637039E-01 3.459027699E-04 9.709000000E-01
1.283381200E+00 9.985789394E-01 3.403872419E-04 9.661000000E-01
1.289798100E+00 9.985941286E-01 3.349584770E-04 9.613000000E-01
1.296247100E+00 9.986092675E-01 3.296153223E-04 9.565000000E-01
1.302728300E+00 9.986243604E-01 3.243290450E-04 9.517000000E-01
1.309242000E+00 9.986391133E-01 3.191940608E-04 9.470000000E-01
1.315788200E+00 9.986538187E-01 3.141403502E-04 9.423000000E-01
1.322367100E+00 9.986684807E-01 3.091400421E-04 9.376000000E-01
1.328979000E+00 9.986830902E-01 3.041928540E-04 9.329000000E-01
1.335623900E+00 9.986973339E-01 2.993892452E-04 9.283000000E-01
1.342302000E+00 9.987115713E-01 2.946622272E-04 9.237000000E-01
1.349013500E+00 9.987257641E-01 2.899850278E-04 9.191000000E-01
1.355758600E+00 9.987399110E-01 2.853828579E-04 9.145000000E-01
1.362537400E+00 9.987537395E-01 2.809164241E-04 9.100000000E-01
1.369350000E+00 9.987677954E-01 2.764355914E-04 9.054000000E-01
1.376196800E+00 9.987815364E-01 2.720629156E-04 9.009000000E-01
1.383077800E+00 9.987952351E-01 2.677608913E-04 8.964000000E-01
1.389993200E+00 9.988086256E-01 2.635876358E-04 8.920000000E-01
1.396943100E+00 9.988222425E-01 2.593993525E-04 8.875000000E-01
1.403927800E+00 9.988355520E-01 2.553133679E-04 8.831000000E-01
1.410947500E+00 9.988488224E-01 2.512938769E-04 8.787000000E-01
1.418002200E+00 9.988617943E-01 2.473965315E-04 8.744000000E-01
1.425092200E+00 9.988749888E-01 2.434835780E-04 8.700000000E-01
1.432217700E+00 9.988878900E-01 2.396901909E-04 8.657000000E-01
1.439378800E+00 9.989007570E-01 2.359362974E-04 8.614000000E-01
1.446575700E+00 9.989135883E-01 2.322216913E-04 8.571000000E-01
1.453808600E+00 9.989263890E-01 2.285904713E-04 8.528000000E-01
1.461077600E+00 9.989389055E-01 2.250283376E-04 8.486000000E-01
1.468383000E+00 9.989513919E-01 2.215250015E-04 8.444000000E-01
1.475724900E+00 9.989638509E-01 2.180796231E-04 8.402000000E-01
1.483103500E+00 9.989762830E-01 2.146700805E-04 8.360000000E-01
1.490519000E+00 9.989886887E-01 2.112961868E-04 8.318000000E-01
1.497971600E+00 9.990008291E-01 2.080267945E-04 8.277000000E-01
1.505461500E+00 9.990129471E-01 2.048015507E-04 8.236000000E-01
1.512988800E+00 9.990250452E-01 2.016179266E-04 8.195000000E-01
1.520553700E+00 9.990371256E-01 1.984755032E-04 8.154000000E-01
1.528156500E+00 9.990491902E-01 1.953758690E-04 8.113000000E-01
1.535797300E+00 9.990610043E-01 1.923642179E-04 8.073000000E-01
1.543476300E+00 9.990728101E-01 1.893914740E-04 8.033000000E-01
1.551193700E+00 9.990846091E-01 1.864591885E-04 7.993000000E-01
1.558949600E+00 9.990963336E-01 1.835649839E-04 7.953000000E-01
1.566744400E+00 9.991081224E-01 1.807065632E-04 7.913000000E-01
1.574578100E+00 9.991196853E-01 1.779325647E-04 7.874000000E-01
1.582451000E+00 9.991312561E-01 1.751945308E-04 7.835000000E-01
1.590363300E+00 9.991428342E-01 1.724902408E-04 7.796000000E-01
1.598315100E+00 9.991544257E-01 1.698230482E-04 7.757000000E-01
1.606306600E+00 9.991658153E-01 1.672340458E-04 7.719000000E-01
1.614338200E+00 9.991774446E-01 1.646357587E-04 7.680000000E-01
1.622409900E+00 9.991888855E-01 1.621140391E-04 7.642000000E-01
1.630521900E+00 9.992003611E-01 1.596252134E-04 7.604000000E-01
1.638674500E+00 9.992118764E-01 1.571689380E-04 7.566000000E-01
1.646867900E+00 9.992234378E-01 1.547431451E-04 7.528000000E-01
1.655102200E+00 9.992348489E-01 1.523899396E-04 7.491000000E-01
1.663377700E+00 9.992463253E-01 1.500674526E-04 7.454000000E-01
1.671694600E+00 9.992578791E-01 1.477753606E-04 7.417000000E-01
1.680053100E+00 9.992695168E-01 1.455116833E-04 7.380000000E-01
1.688453400E+00 9.992812542E-01 1.432777933E-04 7.343000000E-01
1.696895600E+00 9.992929080E-01 1.411119941E-04 7.307000000E-01
1.705380100E+00 9.993048869E-01 1.389347158E-04 7.270000000E-01
1.713907000E+00 9.993168229E-01 1.368241397E-04 7.234000000E-01
1.722476600E+00 9.993289304E-01 1.347413442E-04 7.198000000E-01
1.731088900E+00 9.993412352E-01 1.326829058E-04 7.162000000E-01
1.739744400E+00 9.993535869E-01 1.306899341E-04 7.127000000E-01
1.748443100E+00 9.993663864E-01 1.286837698E-04 7.091000000E-01
1.757185300E+00 9.993793150E-01 1.267402210E-04 7.056000000E-01
1.765971200E+00 9.993926090E-01 1.248223349E-04 7.021000000E-01
1.774801100E+00 9.994063337E-01 1.229283458E-04 6.986000000E-01
1.783675100E+00 9.994205722E-01 1.210374173E-04 6.951000000E-01
1.792593500E+00 9.994354342E-01 1.191630511E-04 6.916000000E-01
1.801556500E+00 9.994508998E-01 1.173465458E-04 6.882000000E-01
1.810564200E+00 9.994673264E-01 1.155528545E-04 6.848000000E-01
1.819617100E+00 9.994849803E-01 1.137831694E-04 6.814000000E-01
1.828715100E+00 9.995042546E-01 1.120358271E-04 6.780000000E-01
1.837858700E+00 9.995257596E-01 1.103106080E-04 6.746000000E-01
1.847048000E+00 9.995503875E-01 1.086410313E-04 6.713000000E-01
1.856283300E+00 9.995803722E-01 1.069590528E-04 6.679000000E-01
1.865564700E+00 9.996199985E-01 1.053315903E-04 6.646000000E-01
1.874892500E+00 9.996851507E-01 1.037247013E-04 6.613000000E-01
1.882506500E+00 9.999158592E-01 1.024289118E-04 6.586000000E-01
1.883293500E+00 9.999200735E-01 3.373259271E-04 6.583000000E-01
1.884267000E+00 9.998273194E-01 3.367811619E-04 6.580000000E-01
1.893688300E+00 9.996805035E-01 3.310615009E-04 6.547000000E-01
1.903156700E+00 9.996438220E-01 3.255318191E-04 6.515000000E-01
1.912672500E+00 9.996281856E-01 3.199899227E-04 6.482000000E-01
1.922235900E+00 9.996240430E-01 3.146207001E-04 6.450000000E-01
1.931847100E+00 9.996309246E-01 3.093235205E-04 6.418000000E-01
1.941506300E+00 9.996584034E-01 3.040976818E-04 6.386000000E-01
1.948151600E+00 9.997570468E-01 3.005626838E-04 6.364000000E-01
1.949648400E+00 9.997577893E-01 4.442729990E-04 6.359000000E-01
1.951213800E+00 9.997042291E-01 4.430581219E-04 6.354000000E-01
1.960969900E+00 9.996204964E-01 4.356157485E-04 6.323000000E-01
1.970774700E+00 9.995876652E-01 4.281316322E-04 6.291000000E-01
1.980628600E+00 9.995664065E-01 4.209027223E-04 6.260000000E-01
1.990531800E+00 9.995508930E-01 4.137660941E-04 6.229000000E-01
2.000484400E+00 9.995389458E-01 4.067326523E-04 6.198000000E-01
2.010486800E+00 9.995294886E-01 3.998012539E-04 6.167000000E-01
2.020539300E+00 9.995219005E-01 3.929707626E-04 6.136000000E-01
2.030642000E+00 9.995156245E-01 3.863665922E-04 6.106000000E-01
2.040795200E+00 9.995107020E-01 3.797217557E-04 6.075000000E-01
2.050999200E+00 9.995066159E-01 3.733093325E-04 6.045000000E-01
2.061254200E+00 9.995033756E-01 3.669793474E-04 6.015000000E-01
2.071560400E+00 9.995008672E-01 3.607419876E-04 5.985000000E-01
2.081918200E+00 9.994990005E-01 3.545854036E-04 5.955000000E-01
2.092327800E+00 9.994975315E-01 3.486372266E-04 5.926000000E-01
2.102789500E+00 9.994967389E-01 3.426490956E-04 5.896000000E-01
2.113303400E+00 9.994962327E-01 3.368647066E-04 5.867000000E-01
2.123869900E+00 9.994961386E-01 3.311654274E-04 5.838000000E-01
2.134489300E+00 9.994964234E-01 3.255502858E-04 5.809000000E-01
2.145161700E+00 9.994970559E-01 3.200081394E-04 5.780000000E-01
2.155887500E+00 9.994980100E-01 3.145484080E-04 5.751000000E-01
2.166667000E+00 9.994992653E-01 3.091701362E-04 5.722000000E-01
2.177500300E+00 9.995006263E-01 3.039692615E-04 5.694000000E-01
2.188387800E+00 9.995022546E-01 2.988455742E-04 5.666000000E-01
2.199329700E+00 9.995043121E-01 2.936939677E-04 5.637000000E-01
2.210326400E+00 9.995064384E-01 2.887136451E-04 5.609000000E-01
2.221378000E+00 9.995088036E-01 2.838080185E-04 5.581000000E-01
2.232484900E+00 9.995112277E-01 2.790672995E-04 5.554000000E-01
2.243647300E+00 9.995140637E-01 2.742980126E-04 5.526000000E-01
2.254865600E+00 9.995169668E-01 2.696990838E-04 5.499000000E-01
2.266139900E+00 9.995202988E-01 2.650631807E-04 5.471000000E-01
2.277470600E+00 9.995237301E-01 2.605937602E-04 5.444000000E-01
2.288857900E+00 9.995274710E-01 2.561829899E-04 5.417000000E-01
2.300302200E+00 9.995315768E-01 2.518391780E-04 5.390000000E-01
2.311803700E+00 9.995361432E-01 2.475615208E-04 5.363000000E-01
2.323362800E+00 9.995413363E-01 2.433405470E-04 5.336000000E-01
2.334979600E+00 9.995473239E-01 2.392658367E-04 5.310000000E-01
2.346654500E+00 9.995552669E-01 2.351640470E-04 5.283000000E-01
2.358387800E+00 9.995679193E-01 2.312051465E-04 5.257000000E-01
2.364980100E+00 9.995858284E-01 2.290626671E-04 5.243000000E-01
2.369620000E+00 9.995872559E-01 2.668158200E-04 5.232000000E-01
2.370179700E+00 9.995845882E-01 2.666138183E-04 5.231000000E-01
2.382030600E+00 9.995662104E-01 2.620308094E-04 5.205000000E-01
2.393940700E+00 9.995612114E-01 2.575077946E-04 5.179000000E-01
2.405910400E+00 9.995591873E-01 2.530523264E-04 5.153000000E-01
2.417940000E+00 9.995583984E-01 2.487606382E-04 5.128000000E-01
2.430029700E+00 9.995586279E-01 2.444367347E-04 5.102000000E-01
2.442179800E+00 9.995592637E-01 2.402727153E-04 5.077000000E-01
2.454390700E+00 9.995603362E-01 2.361319750E-04 5.052000000E-01
2.466662700E+00 9.995619469E-01 2.319226481E-04 5.026000000E-01
2.478996000E+00 9.995636939E-01 2.278766400E-04 5.001000000E-01
2.491391000E+00 9.995655356E-01 2.240498917E-04 4.977000000E-01
2.503847900E+00 9.995677247E-01 2.202435813E-04 4.952000000E-01
2.516367200E+00 9.995700671E-01 2.165022051E-04 4.927000000E-01
2.528949000E+00 9.995723775E-01 2.129043691E-04 4.903000000E-01
2.541593800E+00 9.995749986E-01 2.092601769E-04 4.878000000E-01
2.554301700E+00 9.995775843E-01 2.057348753E-04 4.854000000E-01
2.567073200E+00 9.995803037E-01 2.022700477E-04 4.830000000E-01
2.579908600E+00 9.995831563E-01 1.988578089E-04 4.806000000E-01
2.592808200E+00 9.995861466E-01 1.954905604E-04 4.782000000E-01
2.605772200E+00 9.995892877E-01 1.921816737E-04 4.758000000E-01
2.618801100E+00 9.995926035E-01 1.889234885E-04 4.734000000E-01
2.631895100E+00 9.995959698E-01 1.857942527E-04 4.711000000E-01
2.645054500E+00 9.995998317E-01 1.826279774E-04 4.687000000E-01
2.658279800E+00 9.996040941E-01 1.795877045E-04 4.664000000E-01
2.671571200E+00 9.996098786E-01 1.765939897E-04 4.641000000E-01
2.678060400E+00 9.996150676E-01 1.751636674E-04 4.630000000E-01
2.684929100E+00 9.996167687E-01 1.856440408E-04 4.618000000E-01
2.685139800E+00 9.996166782E-01 1.855441703E-04 4.617000000E-01
2.698353700E+00 9.996131645E-01 1.824810298E-04 4.595000000E-01
2.711845500E+00 9.996136236E-01 1.793662937E-04 4.572000000E-01
2.725404700E+00 9.996150134E-01 1.762992510E-04 4.549000000E-01
2.739031700E+00 9.996166869E-01 1.733496607E-04 4.527000000E-01
2.752726900E+00 9.996188128E-01 1.703692301E-04 4.504000000E-01
2.766490500E+00 9.996209715E-01 1.675035283E-04 4.482000000E-01
2.780323000E+00 9.996234587E-01 1.646078431E-04 4.459000000E-01
2.794224600E+00 9.996259118E-01 1.618242119E-04 4.437000000E-01
2.808195700E+00 9.996284895E-01 1.590834849E-04 4.415000000E-01
2.822236700E+00 9.996311847E-01 1.564321623E-04 4.393000000E-01
2.836347900E+00 9.996339546E-01 1.538450344E-04 4.371000000E-01
2.850529600E+00 9.996366363E-01 1.513731940E-04 4.350000000E-01
2.864782300E+00 9.996395790E-01 1.488759842E-04 4.328000000E-01
2.879106200E+00 9.996426408E-01 1.464118374E-04 4.306000000E-01
2.893501700E+00 9.996457119E-01 1.440532489E-04 4.285000000E-01
2.907969200E+00 9.996491034E-01 1.417254276E-04 4.264000000E-01
2.922509100E+00 9.996535881E-01 1.393678430E-04 4.242000000E-01
2.925836600E+00 9.996548987E-01 1.389027144E-04 4.238000000E-01
2.937121600E+00 9.996571039E-01 1.432229709E-04 4.221000000E-01
2.937563400E+00 9.996571039E-01 1.432229709E-04 4.221000000E-01
2.951807200E+00 9.996570325E-01 1.409094776E-04 4.200000000E-01
2.966566200E+00 9.996584859E-01 1.386261880E-04 4.179000000E-01
2.981399100E+00 9.996601827E-01 1.364384115E-04 4.159000000E-01
2.996306100E+00 9.996622387E-01 1.342139073E-04 4.138000000E-01
3.011287600E+00 9.996644202E-01 1.319412945E-04 4.117000000E-01
3.026344000E+00 9.996665494E-01 1.297421889E-04 4.097000000E-01
3.041475800E+00 9.996689205E-01 1.275097264E-04 4.076000000E-01
3.056683100E+00 9.996711895E-01 1.253745321E-04 4.056000000E-01
3.071966600E+00 9.996735068E-01 1.232678902E-04 4.036000000E-01
3.087326400E+00 9.996758651E-01 1.211796990E-04 4.016000000E-01
3.102763000E+00 9.996782625E-01 1.191197037E-04 3.996000000E-01
3.118276800E+00 9.996806940E-01 1.170876294E-04 3.976000000E-01
3.133868200E+00 9.996831541E-01 1.150832025E-04 3.956000000E-01
3.149537600E+00 9.996854793E-01 1.131636306E-04 3.937000000E-01
3.165285300E+00 9.996879868E-01 1.112176541E-04 3.917000000E-01
3.181111700E+00 9.996903552E-01 1.093545251E-04 3.898000000E-01
3.197017200E+00 9.996928997E-01 1.074610877E-04 3.878000000E-01
3.213002300E+00 9.996953014E-01 1.056486178E-04 3.859000000E-01
3.229067300E+00 9.996977177E-01 1.038652611E-04 3.840000000E-01
3.245212700E+00 9.997001471E-01 1.021017464E-04 3.821000000E-01
3.261438700E+00 9.997025881E-01 1.003667702E-04 3.802000000E-01
3.277745900E+00 9.997050388E-01 9.865124134E-05 3.783000000E-01
3.294134700E+00 9.997074993E-01 9.696368253E-05 3.764000000E-01
3.310605300E+00 9.997099676E-01 9.529945283E-05 3.745000000E-01
3.327158400E+00 9.997124430E-01 9.365831565E-05 3.726000000E-01
3.343794100E+00 9.997147707E-01 9.208969984E-05 3.708000000E-01
3.360513100E+00 9.997172581E-01 9.049757884E-05 3.689000000E-01
3.377315700E+00 9.997195972E-01 8.897213300E-05 3.671000000E-01
3.394202300E+00 9.997219411E-01 8.746766988E-05 3.653000000E-01
3.411173300E+00 9.997242890E-01 8.598800138E-05 3.635000000E-01
3.428229100E+00 9.997266402E-01 8.452482664E-05 3.617000000E-01
3.445370300E+00 9.997289944E-01 8.308594525E-05 3.599000000E-01
3.462597100E+00 9.997313504E-01 8.166712381E-05 3.581000000E-01
3.479910100E+00 9.997337079E-01 8.026815479E-05 3.563000000E-01
3.497309700E+00 9.997360660E-01 7.888500401E-05 3.545000000E-01
3.514796200E+00 9.997384257E-01 7.752137173E-05 3.527000000E-01
3.532370200E+00 9.997406376E-01 7.622423037E-05 3.510000000E-01
3.550032100E+00 9.997429982E-01 7.489844886E-05 3.492000000E-01
3.567782200E+00 9.997452112E-01 7.363763267E-05 3.475000000E-01
3.585621100E+00 9.997474241E-01 7.239077772E-05 3.458000000E-01
3.603549200E+00 9.997496363E-01 7.116502057E-05 3.441000000E-01
3.621567000E+00 9.997519925E-01 6.991564386E-05 3.423000000E-01
3.639674800E+00 9.997542018E-01 6.872467437E-05 3.406000000E-01
3.657873200E+00 9.997562652E-01 6.759044506E-05 3.390000000E-01
3.676162600E+00 9.997584707E-01 6.643254991E-05 3.373000000E-01
3.694543400E+00 9.997606735E-01 6.529460202E-05 3.356000000E-01
3.713016100E+00 9.997628733E-01 6.416952811E-05 3.339000000E-01
3.731581200E+00 9.997649278E-01 6.309858843E-05 3.323000000E-01
3.750239100E+00 9.997671208E-01 6.200852834E-05 3.306000000E-01
3.768990300E+00 9.997684951E-01 6.096468325E-05 3.290000000E-01
3.787835200E+00 9.997706859E-01 5.987945971E-05 3.273000000E-01
3.806774400E+00 9.997727353E-01 5.884631687E-05 3.257000000E-01
3.825808300E+00 9.997747836E-01 5.782803926E-05 3.241000000E-01
3.844937300E+00 9.997768297E-01 5.682446732E-05 3.225000000E-01
3.864162000E+00 9.997788740E-01 5.583857905E-05 3.209000000E-01
3.883482800E+00 9.997809148E-01 5.486701772E-05 3.193000000E-01
3.902900200E+00 9.997825208E-01 5.390347821E-05 3.177000000E-01
3.922414700E+00 9.997845589E-01 5.294494700E-05 3.161000000E-01
3.942026800E+00 9.997865948E-01 5.200058365E-05 3.145000000E-01
3.961736900E+00 9.997884929E-01 5.110586483E-05 3.130000000E-01
3.981545600E+00 9.997905233E-01 5.018891916E-05 3.114000000E-01
4.001453300E+00 9.997925502E-01 4.928860474E-05 3.098000000E-01
4.021460600E+00 9.997944396E-01 4.843319931E-05 3.083000000E-01
4.041567900E+00 9.997963260E-01 4.759320215E-05 3.068000000E-01
4.061775700E+00 9.997983407E-01 4.673208446E-05 3.052000000E-01
4.082084600E+00 9.998002189E-01 4.591705911E-05 3.037000000E-01
4.102495000E+00 9.998020930E-01 4.511410472E-05 3.022000000E-01
4.123007500E+00 9.998039627E-01 4.432308642E-05 3.007000000E-01
4.143622600E+00 9.998058274E-01 4.354387018E-05 2.992000000E-01
4.164340700E+00 9.998076877E-01 4.277902227E-05 2.977000000E-01
4.185162400E+00 9.998095425E-01 4.202298418E-05 2.962000000E-01
4.206088200E+00 9.998112640E-01 4.130901682E-05 2.948000000E-01
4.227118600E+00 9.998131085E-01 4.057527415E-05 2.933000000E-01
4.248254200E+00 9.998149475E-01 3.985527349E-05 2.918000000E-01
4.269495500E+00 9.998166542E-01 3.917321309E-05 2.904000000E-01
4.290843000E+00 9.998183559E-01 3.850131317E-05 2.890000000E-01
4.312297200E+00 9.998201777E-01 3.781314870E-05 2.875000000E-01
4.333858700E+00 9.998218686E-01 3.716155027E-05 2.861000000E-01
4.355528000E+00 9.998235544E-01 3.651976377E-05 2.847000000E-01
4.377305600E+00 9.998253577E-01 3.586234472E-05 2.832000000E-01
4.399192100E+00 9.998270315E-01 3.524257694E-05 2.818000000E-01
4.421188100E+00 9.998286997E-01 3.462983631E-05 2.804000000E-01
4.443294000E+00 9.998303618E-01 3.402645446E-05 2.790000000E-01
4.465510500E+00 9.998320180E-01 3.343232077E-05 2.776000000E-01
4.487838100E+00 9.998335477E-01 3.287111483E-05 2.763000000E-01
4.510277200E+00 9.998351920E-01 3.229485046E-05 2.749000000E-01
4.532828600E+00 9.998368301E-01 3.172751020E-05 2.735000000E-01
4.555492800E+00 9.998383431E-01 3.119190044E-05 2.722000000E-01
4.578270200E+00 9.998399686E-01 3.064179804E-05 2.708000000E-01
4.601161600E+00 9.998414700E-01 3.012265231E-05 2.695000000E-01
4.624167400E+00 9.998430828E-01 2.958937591E-05 2.681000000E-01
4.647288200E+00 9.998445723E-01 2.908629836E-05 2.668000000E-01
4.670524700E+00 9.998460560E-01 2.858882780E-05 2.655000000E-01
4.693877300E+00 9.998476493E-01 2.807991699E-05 2.641000000E-01
4.717346700E+00 9.998491206E-01 2.759799814E-05 2.628000000E-01
4.740933400E+00 9.998503672E-01 2.712150920E-05 2.615000000E-01
4.764638100E+00 9.998518271E-01 2.664629540E-05 2.602000000E-01
4.788461300E+00 9.998532818E-01 2.617653319E-05 2.589000000E-01
4.812403600E+00 9.998547315E-01 2.571623417E-05 2.576000000E-01
4.836465600E+00 9.998560633E-01 2.528095966E-05 2.564000000E-01
4.860647900E+00 9.998575024E-01 2.483297716E-05 2.551000000E-01
4.884951200E+00 9.998589359E-01 2.439216584E-05 2.538000000E-01
4.909375900E+00 9.998603635E-01 2.395649361E-05 2.525000000E-01
4.933922800E+00 9.998616755E-01 2.354658894E-05 2.513000000E-01
4.958592400E+00 9.998630919E-01 2.312465041E-05 2.500000000E-01
4.983385400E+00 9.998643934E-01 2.272594942E-05 2.488000000E-01
5.008302300E+00 9.998656901E-01 2.233545985E-05 2.476000000E-01
5.033343800E+00 9.998670896E-01 2.193153760E-05 2.463000000E-01
5.058510500E+00 9.998683753E-01 2.155183729E-05 2.451000000E-01
5.083803100E+00 9.998696560E-01 2.117824318E-05 2.439000000E-01
5.109222100E+00 9.998709313E-01 2.080888376E-05 2.427000000E-01
5.134768200E+00 9.998722014E-01 2.044728833E-05 2.415000000E-01
5.160442100E+00 9.998734659E-01 2.008805091E-05 2.403000000E-01
5.186244300E+00 9.998747251E-01 1.973642496E-05 2.391000000E-01
5.212175500E+00 9.998759789E-01 1.938883463E-05 2.379000000E-01
5.238236400E+00 9.998772270E-01 1.904696357E-05 2.367000000E-01
5.264427600E+00 9.998784696E-01 1.871073712E-05 2.355000000E-01
5.290749700E+00 9.998797066E-01 1.837840900E-05 2.343000000E-01
5.317203400E+00 9.998808356E-01 1.806710350E-05 2.332000000E-01
5.343789500E+00 9.998820618E-01 1.774556701E-05 2.320000000E-01
5.370508400E+00 9.998831066E-01 1.744452470E-05 2.309000000E-01
5.397360900E+00 9.998843218E-01 1.712867754E-05 2.297000000E-01
5.424347700E+00 9.998854314E-01 1.683290046E-05 2.286000000E-01
5.451469500E+00 9.998866361E-01 1.652748306E-05 2.274000000E-01
5.478726800E+00 9.998877361E-01 1.624006195E-05 2.263000000E-01
5.506120500E+00 9.998888315E-01 1.595744003E-05 2.252000000E-01
5.533651100E+00 9.998899222E-01 1.567955402E-05 2.241000000E-01
5.561319300E+00 9.998911061E-01 1.539252680E-05 2.229000000E-01
5.589125900E+00 9.998921867E-01 1.512409804E-05 2.218000000E-01
5.617071600E+00 9.998932627E-01 1.485873192E-05 2.207000000E-01
5.645156900E+00 9.998943339E-01 1.459699873E-05 2.196000000E-01
5.673382700E+00 9.998954001E-01 1.433973614E-05 2.185000000E-01
5.701749600E+00 9.998964613E-01 1.408659527E-05 2.174000000E-01
5.730258400E+00 9.998974229E-01 1.385003671E-05 2.164000000E-01
5.758909600E+00 9.998984748E-01 1.360440111E-05 2.153000000E-01
5.787704200E+00 9.998995216E-01 1.336246398E-05 2.142000000E-01
5.816642700E+00 9.999004700E-01 1.313664181E-05 2.132000000E-01
5.845725900E+00 9.999015072E-01 1.290209029E-05 2.121000000E-01
5.874954600E+00 9.999025141E-01 1.267056495E-05 2.110000000E-01
5.904329300E+00 9.999034491E-01 1.245403366E-05 2.100000000E-01
5.933851000E+00 9.999044716E-01 1.222899689E-05 2.089000000E-01
5.963520200E+00 9.999053981E-01 1.201898595E-05 2.079000000E-01
5.993337800E+00 9.999063204E-01 1.181210689E-05 2.069000000E-01
6.023304500E+00 9.999073287E-01 1.159705118E-05 2.058000000E-01
6.053421000E+00 9.999082422E-01 1.139659800E-05 2.048000000E-01
6.083688200E+00 9.999091517E-01 1.119916657E-05 2.038000000E-01
6.114106600E+00 9.999100567E-01 1.100459672E-05 2.028000000E-01
6.144677100E+00 9.999109576E-01 1.081310557E-05 2.018000000E-01
6.175400500E+00 9.999118543E-01 1.062440935E-05 2.008000000E-01
6.206277500E+00 9.999127466E-01 1.043859908E-05 1.998000000E-01
6.237308900E+00 9.999136346E-01 1.025564075E-05 1.988000000E-01
6.268495400E+00 9.999145184E-01 1.007538136E-05 1.978000000E-01
6.299837900E+00 9.999153977E-01 9.898026877E-06 1.968000000E-01
6.331337100E+00 9.999162727E-01 9.723190008E-06 1.958000000E-01
6.362993800E+00 9.999170584E-01 9.561000163E-06 1.949000000E-01
6.394808800E+00 9.999179252E-01 9.391450420E-06 1.939000000E-01
6.426782800E+00 9.999187876E-01 9.224445867E-06 1.929000000E-01
6.458916700E+00 9.999195619E-01 9.069402316E-06 1.920000000E-01
6.491211300E+00 9.999204160E-01 8.907392100E-06 1.910000000E-01
6.523667400E+00 9.999211828E-01 8.757160309E-06 1.901000000E-01
6.556285700E+00 9.999220286E-01 8.599918257E-06 1.891000000E-01
6.589067100E+00 9.999227878E-01 8.454168065E-06 1.882000000E-01
6.622012500E+00 9.999236251E-01 8.301586233E-06 1.872000000E-01
6.655122500E+00 9.999243769E-01 8.160215446E-06 1.863000000E-01
6.688398100E+00 9.999251251E-01 8.020942079E-06 1.854000000E-01
6.721840100E+00 9.999259500E-01 7.875198529E-06 1.844000000E-01
6.755449300E+00 9.999266906E-01 7.740153894E-06 1.835000000E-01
6.789226600E+00 9.999274276E-01 7.607032813E-06 1.826000000E-01
6.823172700E+00 9.999281611E-01 7.476016004E-06 1.817000000E-01
6.857288600E+00 9.999288908E-01 7.346878079E-06 1.808000000E-01
6.891575000E+00 9.999296170E-01 7.219697477E-06 1.799000000E-01
6.926032900E+00 9.999303397E-01 7.094451222E-06 1.790000000E-01
6.960663100E+00 9.999310586E-01 6.971019873E-06 1.781000000E-01
6.995466400E+00 9.999317740E-01 6.849479316E-06 1.772000000E-01
7.030443700E+00 9.999324091E-01 6.737443667E-06 1.764000000E-01
7.065595900E+00 9.999331176E-01 6.619428198E-06 1.755000000E-01
7.100923900E+00 9.999338224E-01 6.503146501E-06 1.746000000E-01
7.136428500E+00 9.999345237E-01 6.388671220E-06 1.737000000E-01
7.172110700E+00 9.999351463E-01 6.283246333E-06 1.729000000E-01
7.207971200E+00 9.999358407E-01 6.172136902E-06 1.720000000E-01
7.244011100E+00 9.999364573E-01 6.069770931E-06 1.712000000E-01
7.280231100E+00 9.999371448E-01 5.961862852E-06 1.703000000E-01
7.316632300E+00 9.999377552E-01 5.862575866E-06 1.695000000E-01
7.353215500E+00 9.999384359E-01 5.757884025E-06 1.686000000E-01
7.389981500E+00 9.999390403E-01 5.661432740E-06 1.678000000E-01
7.426931400E+00 9.999397141E-01 5.559883780E-06 1.669000000E-01
7.464066100E+00 9.999403124E-01 5.466373976E-06 1.661000000E-01
7.501386400E+00 9.999409078E-01 5.374227816E-06 1.653000000E-01
7.538893400E+00 9.999415004E-01 5.283430042E-06 1.645000000E-01
7.576587800E+00 9.999421609E-01 5.187621715E-06 1.636000000E-01
7.614470800E+00 9.999427474E-01 5.099633086E-06 1.628000000E-01
7.652543100E+00 9.999433310E-01 5.012865261E-06 1.620000000E-01
7.690805800E+00 9.999439119E-01 4.927305737E-06 1.612000000E-01
7.729259900E+00 9.999444898E-01 4.843098815E-06 1.604000000E-01
7.767906200E+00 9.999450649E-01 4.760149866E-06 1.596000000E-01
7.806745700E+00 9.999456372E-01 4.678367479E-06 1.588000000E-01
7.845779400E+00 9.999462066E-01 4.597815509E-06 1.580000000E-01
7.885008300E+00 9.999467732E-01 4.518404260E-06 1.572000000E-01
7.924433400E+00 9.999472695E-01 4.445950623E-06 1.565000000E-01
7.964055500E+00 9.999478308E-01 4.368860938E-06 1.557000000E-01
8.003875800E+00 9.999483893E-01 4.292873762E-06 1.549000000E-01
8.043895200E+00 9.999489449E-01 4.218049622E-06 1.541000000E-01
8.084114700E+00 9.999494317E-01 4.149783180E-06 1.534000000E-01
8.124535200E+00 9.999499821E-01 4.077105541E-06 1.526000000E-01
8.165157900E+00 9.999505296E-01 4.005340960E-06 1.518000000E-01
8.205983700E+00 9.999510096E-01 3.939208515E-06 1.511000000E-01
8.247013600E+00 9.999515519E-01 3.868913328E-06 1.503000000E-01
8.288248700E+00 9.999520274E-01 3.804737344E-06 1.496000000E-01
8.329689900E+00 9.999525647E-01 3.736502451E-06 1.488000000E-01
8.371338400E+00 9.999530359E-01 3.674104915E-06 1.481000000E-01
8.413195100E+00 9.999535051E-01 3.612586687E-06 1.474000000E-01
8.455261000E+00 9.999540349E-01 3.546966732E-06 1.466000000E-01
8.497537300E+00 9.999544998E-01 3.486785298E-06 1.459000000E-01
8.540025000E+00 9.999549627E-01 3.427463490E-06 1.452000000E-01
9.030794000E+00 9.999600134E-01 2.808610416E-06 1.373000000E-01
9.653919000E+00 9.999655832E-01 2.190342177E-06 1.284000000E-01
1.032004000E+01 9.999711489E-01 1.710922724E-06 1.201000000E-01
1.032459000E+01 9.999711489E-01 1.710922724E-06 1.201000000E-01
1.048262000E+01 9.999732126E-01 1.615390513E-06 1.183000000E-01
1.052476000E+01 9.999748135E-01 1.590605455E-06 1.178000000E-01
1.058798000E+01 9.999737641E-01 4.208089540E-06 1.171000000E-01
1.074601000E+01 9.999733711E-01 3.982464614E-06 1.154000000E-01
1.103212000E+01 9.999741228E-01 3.609159077E-06 1.124000000E-01
1.171953000E+01 9.999769329E-01 2.876401309E-06 1.058000000E-01
1.179334000E+01 9.999773280E-01 2.807140912E-06 1.051000000E-01
1.189891000E+01 9.999780139E-01 2.716144132E-06 1.042000000E-01
1.194674000E+01 9.999787051E-01 2.676263203E-06 1.038000000E-01
1.201849000E+01 9.999784035E-01 3.656676173E-06 1.032000000E-01
1.219787000E+01 9.999785939E-01 3.454873846E-06 1.016000000E-01
1.227617000E+01 9.999787631E-01 3.376591647E-06 1.010000000E-01
1.246407000E+01 9.999794006E-01 3.190378815E-06 9.947000000E-02
1.251417000E+01 9.999797677E-01 3.143581957E-06 9.908000000E-02
1.258933000E+01 9.999797027E-01 3.562324700E-06 9.848000000E-02
1.260708000E+01 9.999797072E-01 3.544544653E-06 9.834000000E-02
1.277723000E+01 9.999799473E-01 3.380315912E-06 9.704000000E-02
1.347697000E+01 9.999814885E-01 2.795704663E-06 9.200000000E-02
1.440688000E+01 9.999835144E-01 2.199480233E-06 8.606000000E-02
1.540095000E+01 9.999854187E-01 1.729265408E-06 8.050000000E-02
1.646362000E+01 9.999871462E-01 1.358219577E-06 7.531000000E-02
1.759961000E+01 9.999886981E-01 1.066015387E-06 7.045000000E-02
1.881398000E+01 9.999900798E-01 8.369012142E-07 6.590000000E-02
2.011215000E+01 9.999913005E-01 6.575100463E-07 6.165000000E-02
2.149988000E+01 9.999923717E-01 5.164471215E-07 5.767000000E-02
2.298338000E+01 9.999933200E-01 4.053626618E-07 5.395000000E-02
2.456923000E+01 9.999941526E-01 3.181540455E-07 5.046000000E-02
2.626450000E+01 9.999948799E-01 2.496383937E-07 4.721000000E-02
2.807676000E+01 9.999955216E-01 1.942667211E-07 4.416000000E-02
3.001405000E+01 9.999960843E-01 1.509188161E-07 4.131000000E-02
3.208502000E+01 9.999965777E-01 1.173147801E-07 3.864000000E-02
3.429889000E+01 9.999970082E-01 9.130976223E-08 3.615000000E-02
3.666551000E+01 9.999973864E-01 7.108301709E-08 3.381000000E-02
3.919543000E+01 9.999977157E-01 5.541024236E-08 3.163000000E-02
4.189992000E+01 9.999980037E-01 4.322604344E-08 2.959000000E-02
4.479101000E+01 9.999982557E-01 3.373933200E-08 2.768000000E-02
4.788159000E+01 9.999984765E-01 2.630515979E-08 2.589000000E-02
5.118542000E+01 9.999986691E-01 2.051775169E-08 2.422000000E-02
5.471721000E+01 9.999988374E-01 1.598754629E-08 2.266000000E-02
5.849270000E+01 9.999989850E-01 1.241406885E-08 2.120000000E-02
6.252870000E+01 9.999991151E-01 9.640449762E-09 1.983000000E-02
6.684318000E+01 9.999992304E-01 7.487086400E-09 1.855000000E-02
7.024287000E+01 9.999993119E-01 6.205735983E-09 1.765000000E-02
7.131802000E+01 9.999993428E-01 5.857414388E-09 1.738000000E-02
7.145536000E+01 9.999993487E-01 5.817313744E-09 1.735000000E-02
7.160472000E+01 9.999993593E-01 5.775832146E-09 1.732000000E-02
7.203478000E+01 9.999993555E-01 2.889556877E-08 1.721000000E-02
7.310993000E+01 9.999993636E-01 2.744535816E-08 1.696000000E-02
7.638578000E+01 9.999994087E-01 2.349437537E-08 1.623000000E-02
8.165640000E+01 9.999994781E-01 1.841200457E-08 1.518000000E-02
8.729069000E+01 9.999995412E-01 1.444575129E-08 1.420000000E-02
9.331374000E+01 9.999995969E-01 1.136293613E-08 1.329000000E-02
9.975239000E+01 9.999996467E-01 8.881970459E-09 1.243000000E-02
1.066353000E+02 9.999996903E-01 6.948605450E-09 1.163000000E-02
1.139931000E+02 9.999997287E-01 5.435521761E-09 1.088000000E-02
1.218587000E+02 9.999997629E-01 4.245501859E-09 1.017000000E-02
1.302669000E+02 9.999997922E-01 3.324547076E-09 9.518000000E-03
1.392553000E+02 9.999998182E-01 2.600729708E-09 8.903000000E-03
1.488640000E+02 9.999998408E-01 2.031876340E-09 8.329000000E-03
1.591356000E+02 9.999998607E-01 1.584910823E-09 7.791000000E-03
1.701159000E+02 9.999998781E-01 1.236471143E-09 7.288000000E-03
1.818539000E+02 9.999998934E-01 9.648959642E-10 6.818000000E-03
1.944018000E+02 9.999999067E-01 7.529568698E-10 6.378000000E-03
2.078156000E+02 9.999999184E-01 5.875486493E-10 5.966000000E-03
2.221548000E+02 9.999999286E-01 4.585766054E-10 5.581000000E-03
2.374835000E+02 9.999999375E-01 3.579742856E-10 5.221000000E-03
2.538699000E+02 9.999999453E-01 2.794388064E-10 4.884000000E-03
2.713869000E+02 9.999999522E-01 2.181734098E-10 4.569000000E-03
2.901126000E+02 9.999999582E-01 1.703283218E-10 4.274000000E-03
3.101304000E+02 9.999999634E-01 1.329832712E-10 3.998000000E-03
3.315294000E+02 9.999999680E-01 1.046570335E-10 3.740000000E-03
3.544049000E+02 9.999999720E-01 8.235672216E-11 3.498000000E-03
3.788588000E+02 9.999999755E-01 6.486533592E-11 3.273000000E-03
4.050001000E+02 9.999999786E-01 5.104650502E-11 3.061000000E-03
4.329451000E+02 0.000000000E+00 0.000000000E+00 2.864000000E-03
