# 11/08/2021 
# Data retrieved from www.chemicool.com/densities.html 
# Includes the real (n) and complex (k) part of the  refractive index. 
# Element, Rn  (Z = 86) 
# Nominal density, g cm-3 =  0.00973 
#    E [keV]      n       k    Wavelength [nm] 
6.983358000E-03 9.678664614E-01 1.055059645E-04 1.775000000E+02
7.090247000E-03 1.001324886E+00 0.000000000E+00 1.749000000E+02
7.118750000E-03 1.002806163E+00 0.000000000E+00 1.742000000E+02
7.161505000E-03 1.001265571E+00 2.888044874E-03 1.731000000E+02
7.268393000E-03 9.999592344E-01 2.775459035E-03 1.706000000E+02
1.036116000E-02 9.990398642E-01 1.044559059E-03 1.197000000E+02
1.051975000E-02 9.993715353E-01 9.993111749E-04 1.179000000E+02
1.056204000E-02 9.997516838E-01 9.871333046E-04 1.174000000E+02
1.062547000E-02 9.993648047E-01 1.707101570E-03 1.167000000E+02
1.069000000E-02 9.991762154E-01 1.680312168E-03 1.160000000E+02
1.078406000E-02 9.990409207E-01 1.642229580E-03 1.150000000E+02
1.142761000E-02 9.987808929E-01 1.406787501E-03 1.085000000E+02
1.221612000E-02 9.987445238E-01 1.173108699E-03 1.015000000E+02
1.305903000E-02 9.987820607E-01 9.715068703E-04 9.494000000E+01
1.396010000E-02 9.988517537E-01 7.987325422E-04 8.881000000E+01
1.492335000E-02 9.989371886E-01 6.516651364E-04 8.308000000E+01
1.595306000E-02 9.990297668E-01 5.274539143E-04 7.772000000E+01
1.705382000E-02 9.991244027E-01 4.234462489E-04 7.270000000E+01
1.823053000E-02 9.992175024E-01 3.373280151E-04 6.801000000E+01
1.948844000E-02 9.993073846E-01 2.666529635E-04 6.362000000E+01
2.083314000E-02 9.993940753E-01 2.092288029E-04 5.951000000E+01
2.150088000E-02 9.994363381E-01 1.861070923E-04 5.766000000E+01
2.182997000E-02 9.994628380E-01 1.758727030E-04 5.680000000E+01
2.191773000E-02 9.994794192E-01 1.732238826E-04 5.657000000E+01
2.204937000E-02 9.994723336E-01 1.933577915E-04 5.623000000E+01
2.227063000E-02 9.994737922E-01 1.856332041E-04 5.567000000E+01
2.237846000E-02 9.994766134E-01 1.819985561E-04 5.540000000E+01
2.380730000E-02 9.995296753E-01 1.412081872E-04 5.208000000E+01
2.545001000E-02 9.995906048E-01 1.071774684E-04 4.872000000E+01
2.720606000E-02 9.996476437E-01 8.124417304E-05 4.557000000E+01
2.908327000E-02 9.996993568E-01 6.153040435E-05 4.263000000E+01
3.109002000E-02 9.997458798E-01 4.656206562E-05 3.988000000E+01
3.323523000E-02 9.997876240E-01 3.522243067E-05 3.731000000E+01
3.552846000E-02 9.998253715E-01 2.663633662E-05 3.490000000E+01
3.797993000E-02 9.998599997E-01 2.014669763E-05 3.264000000E+01
4.060054000E-02 9.998927412E-01 1.527053836E-05 3.054000000E+01
4.340198000E-02 9.999275081E-01 1.159289867E-05 2.857000000E+01
4.403377000E-02 9.999378830E-01 1.092462040E-05 2.816000000E+01
4.421079000E-02 9.999435689E-01 1.074050073E-05 2.804000000E+01
4.447632000E-02 9.999437564E-01 1.748519213E-05 2.788000000E+01
4.514014000E-02 9.999490711E-01 1.842447127E-05 2.747000000E+01
4.639671000E-02 9.999622739E-01 2.122603087E-05 2.672000000E+01
4.771733000E-02 9.999771440E-01 2.601509350E-05 2.598000000E+01
4.844769000E-02 9.999865625E-01 2.969719463E-05 2.559000000E+01
4.864246000E-02 9.999907585E-01 3.082999298E-05 2.549000000E+01
4.893461000E-02 9.999916539E-01 3.709712383E-05 2.534000000E+01
4.959809000E-02 9.999959385E-01 4.228751304E-05 2.500000000E+01
4.966497000E-02 9.999964078E-01 4.281529824E-05 2.496000000E+01
5.302035000E-02 1.000012532E+00 7.482078162E-05 2.338000000E+01
5.667876000E-02 1.000006949E+00 1.107575963E-04 2.187000000E+01
6.058959000E-02 9.999807324E-01 1.333731303E-04 2.046000000E+01
6.477028000E-02 9.999475435E-01 1.343426662E-04 1.914000000E+01
6.923942000E-02 9.999210223E-01 1.170916683E-04 1.791000000E+01
7.401695000E-02 9.999077044E-01 9.100363438E-05 1.675000000E+01
7.912411000E-02 9.999065501E-01 6.503457825E-05 1.567000000E+01
8.458368000E-02 9.999133161E-01 4.382176572E-05 1.466000000E+01
9.041995000E-02 9.999237753E-01 2.844267245E-05 1.371000000E+01
9.665893000E-02 9.999348766E-01 1.815463193E-05 1.283000000E+01
1.033284000E-01 9.999453173E-01 1.154481645E-05 1.200000000E+01
1.104581000E-01 9.999545579E-01 7.406359764E-06 1.122000000E+01
1.164403000E-01 9.999611637E-01 5.292312548E-06 1.065000000E+01
1.180797000E-01 9.999632692E-01 4.849201757E-06 1.050000000E+01
1.182225000E-01 9.999634944E-01 4.815610814E-06 1.049000000E+01
1.186978000E-01 9.999648145E-01 4.699713429E-06 1.045000000E+01
1.194107000E-01 9.999644485E-01 6.355479112E-06 1.038000000E+01
1.211929000E-01 9.999649842E-01 5.857838071E-06 1.023000000E+01
1.262272000E-01 9.999679473E-01 4.701689845E-06 9.822000000E+00
1.349368000E-01 9.999728373E-01 3.342326405E-06 9.188000000E+00
1.442475000E-01 9.999771672E-01 2.451980343E-06 8.595000000E+00
1.487358000E-01 9.999790709E-01 2.149319121E-06 8.336000000E+00
1.510123000E-01 9.999801974E-01 2.017971449E-06 8.210000000E+00
1.516194000E-01 9.999808109E-01 1.985080984E-06 8.177000000E+00
1.525301000E-01 9.999806564E-01 2.745955877E-06 8.129000000E+00
1.542005000E-01 9.999808705E-01 2.619737741E-06 8.040000000E+00
1.548066000E-01 9.999809955E-01 2.576643558E-06 8.009000000E+00
1.648404000E-01 9.999834508E-01 1.990445782E-06 7.521000000E+00
1.762144000E-01 9.999859560E-01 1.544286749E-06 7.036000000E+00
1.883732000E-01 9.999881966E-01 1.224241967E-06 6.582000000E+00
1.968143000E-01 9.999895457E-01 1.063091822E-06 6.300000000E+00
1.998268000E-01 9.999900145E-01 1.014408545E-06 6.205000000E+00
2.006301000E-01 9.999901654E-01 1.002091521E-06 6.180000000E+00
2.013709000E-01 9.999902475E-01 1.062272554E-06 6.157000000E+00
2.018351000E-01 9.999902975E-01 1.055302984E-06 6.143000000E+00
2.048475000E-01 9.999906777E-01 1.011899550E-06 6.053000000E+00
2.083358000E-01 9.999911313E-01 9.653811683E-07 5.951000000E+00
2.115247000E-01 9.999915545E-01 9.263581533E-07 5.861000000E+00
2.123750000E-01 9.999916895E-01 9.166005095E-07 5.838000000E+00
2.136505000E-01 9.999918164E-01 9.662743653E-07 5.803000000E+00
2.152655000E-01 9.999919925E-01 9.545994106E-07 5.760000000E+00
2.168393000E-01 9.999921729E-01 9.440961342E-07 5.718000000E+00
2.185326000E-01 9.999923744E-01 9.338282684E-07 5.673000000E+00
2.194112000E-01 9.999924911E-01 9.293212402E-07 5.651000000E+00
2.207289000E-01 9.999926157E-01 9.668370241E-07 5.617000000E+00
2.240234000E-01 9.999929503E-01 9.624381288E-07 5.534000000E+00
2.301188000E-01 9.999935562E-01 9.720174434E-07 5.388000000E+00
2.459970000E-01 9.999949608E-01 1.110430346E-06 5.040000000E+00
2.629708000E-01 9.999961472E-01 1.402241820E-06 4.715000000E+00
2.811158000E-01 9.999970717E-01 1.806845463E-06 4.410000000E+00
3.005128000E-01 9.999977074E-01 2.256233476E-06 4.126000000E+00
3.212482000E-01 9.999980731E-01 2.666115301E-06 3.859000000E+00
3.434143000E-01 9.999982187E-01 2.971210274E-06 3.610000000E+00
3.671099000E-01 9.999982182E-01 3.133960445E-06 3.377000000E+00
3.924405000E-01 9.999981431E-01 3.149831007E-06 3.159000000E+00
4.195189000E-01 9.999980533E-01 3.038856764E-06 2.955000000E+00
4.484657000E-01 9.999979880E-01 2.835393684E-06 2.765000000E+00
4.794098000E-01 9.999979744E-01 2.570011992E-06 2.586000000E+00
5.000000000E-01 9.999978500E-01 2.388249124E-06 2.480000000E+00
5.025000000E-01 9.999978577E-01 2.364861632E-06 2.467000000E+00
5.050125000E-01 9.999978643E-01 2.343195446E-06 2.455000000E+00
5.075375600E-01 9.999978715E-01 2.321404172E-06 2.443000000E+00
5.100752500E-01 9.999978796E-01 2.299494225E-06 2.431000000E+00
5.126256300E-01 9.999978884E-01 2.277402690E-06 2.419000000E+00
5.151887500E-01 9.999978981E-01 2.255137917E-06 2.407000000E+00
5.177647000E-01 9.999979089E-01 2.232843973E-06 2.395000000E+00
5.203535200E-01 9.999979210E-01 2.210323308E-06 2.383000000E+00
5.229552900E-01 9.999979345E-01 2.187785709E-06 2.371000000E+00
5.255700700E-01 9.999979501E-01 2.165103430E-06 2.359000000E+00
5.281979200E-01 9.999979685E-01 2.142349647E-06 2.347000000E+00
5.308389100E-01 9.999979899E-01 2.121346085E-06 2.336000000E+00
5.334931000E-01 9.999980226E-01 2.098456592E-06 2.324000000E+00
5.361605700E-01 9.999980940E-01 2.075512939E-06 2.312000000E+00
5.366246400E-01 9.999981309E-01 2.071670973E-06 2.310000000E+00
5.373753600E-01 9.999981326E-01 2.204521023E-06 2.307000000E+00
5.388413700E-01 9.999980664E-01 2.193006310E-06 2.301000000E+00
5.415355800E-01 9.999980359E-01 2.169944262E-06 2.289000000E+00
5.442432500E-01 9.999980235E-01 2.148708641E-06 2.278000000E+00
5.469644700E-01 9.999980182E-01 2.127399020E-06 2.267000000E+00
5.496992900E-01 9.999980189E-01 2.104274401E-06 2.255000000E+00
5.524477900E-01 9.999980208E-01 2.082900839E-06 2.244000000E+00
5.552100300E-01 9.999980253E-01 2.061526858E-06 2.233000000E+00
5.579860800E-01 9.999980326E-01 2.040155811E-06 2.222000000E+00
5.607760100E-01 9.999980436E-01 2.018791015E-06 2.211000000E+00
5.635798900E-01 9.999980619E-01 1.997378458E-06 2.200000000E+00
5.662022700E-01 9.999981132E-01 1.977899160E-06 2.190000000E+00
5.663977900E-01 9.999981301E-01 1.975979827E-06 2.189000000E+00
5.669977800E-01 9.999981140E-01 2.047503812E-06 2.187000000E+00
5.692297800E-01 9.999980723E-01 2.030125066E-06 2.178000000E+00
5.720759300E-01 9.999980591E-01 2.008781129E-06 2.167000000E+00
5.749363000E-01 9.999980540E-01 1.987503747E-06 2.156000000E+00
5.778109900E-01 9.999980504E-01 1.968073750E-06 2.146000000E+00
5.807000400E-01 9.999980507E-01 1.946870327E-06 2.135000000E+00
5.836035400E-01 9.999980525E-01 1.925632294E-06 2.124000000E+00
5.865215600E-01 9.999980534E-01 1.906273197E-06 2.114000000E+00
5.894541700E-01 9.999980571E-01 1.885125407E-06 2.103000000E+00
5.924014400E-01 9.999980596E-01 1.865839949E-06 2.093000000E+00
5.953634500E-01 9.999980646E-01 1.844739839E-06 2.082000000E+00
5.983402600E-01 9.999980683E-01 1.825486105E-06 2.072000000E+00
6.013319600E-01 9.999980724E-01 1.806247163E-06 2.062000000E+00
6.043386200E-01 9.999980770E-01 1.787025716E-06 2.052000000E+00
6.073603200E-01 9.999980839E-01 1.766093395E-06 2.041000000E+00
6.103971200E-01 9.999980893E-01 1.746925282E-06 2.031000000E+00
6.134491000E-01 9.999980951E-01 1.727782675E-06 2.021000000E+00
6.165163500E-01 9.999981013E-01 1.708716034E-06 2.011000000E+00
6.195989300E-01 9.999981077E-01 1.689679094E-06 2.001000000E+00
6.226969300E-01 9.999981145E-01 1.670721317E-06 1.991000000E+00
6.258104100E-01 9.999981216E-01 1.651797347E-06 1.981000000E+00
6.289394600E-01 9.999981289E-01 1.632909671E-06 1.971000000E+00
6.320841600E-01 9.999981346E-01 1.615707329E-06 1.962000000E+00
6.352445800E-01 9.999981425E-01 1.596888746E-06 1.952000000E+00
6.384208000E-01 9.999981527E-01 1.578158325E-06 1.942000000E+00
6.416129100E-01 9.999981610E-01 1.559428696E-06 1.932000000E+00
6.448209700E-01 9.999981677E-01 1.542394777E-06 1.923000000E+00
6.480450800E-01 9.999981766E-01 1.523795714E-06 1.913000000E+00
6.512853000E-01 9.999981838E-01 1.506830930E-06 1.904000000E+00
6.545417300E-01 9.999981931E-01 1.488326732E-06 1.894000000E+00
6.578144400E-01 9.999982007E-01 1.471481732E-06 1.885000000E+00
6.611035100E-01 9.999982115E-01 1.453163919E-06 1.875000000E+00
6.644090300E-01 9.999982195E-01 1.436402991E-06 1.866000000E+00
6.677310700E-01 9.999982278E-01 1.419763761E-06 1.857000000E+00
6.710697300E-01 9.999982363E-01 1.403164979E-06 1.848000000E+00
6.744250800E-01 9.999982469E-01 1.385101012E-06 1.838000000E+00
6.777972000E-01 9.999982558E-01 1.368639211E-06 1.829000000E+00
6.811861900E-01 9.999982649E-01 1.352262157E-06 1.820000000E+00
6.845921200E-01 9.999982742E-01 1.335970584E-06 1.811000000E+00
6.880150800E-01 9.999982837E-01 1.319726776E-06 1.802000000E+00
6.914551500E-01 9.999982934E-01 1.303570651E-06 1.793000000E+00
6.949124300E-01 9.999983033E-01 1.287502902E-06 1.784000000E+00
6.983869900E-01 9.999983133E-01 1.271486918E-06 1.775000000E+00
7.018789300E-01 9.999983236E-01 1.255598337E-06 1.766000000E+00
7.053883200E-01 9.999983322E-01 1.241211817E-06 1.758000000E+00
7.089152600E-01 9.999983428E-01 1.225457747E-06 1.749000000E+00
7.124598400E-01 9.999983537E-01 1.209796089E-06 1.740000000E+00
7.160221400E-01 9.999983629E-01 1.195643186E-06 1.732000000E+00
7.196022500E-01 9.999983742E-01 1.180157073E-06 1.723000000E+00
7.232002600E-01 9.999983857E-01 1.164765199E-06 1.714000000E+00
7.268162600E-01 9.999983956E-01 1.150816894E-06 1.706000000E+00
7.304503400E-01 9.999984076E-01 1.135604472E-06 1.697000000E+00
7.341026000E-01 9.999984181E-01 1.121849766E-06 1.689000000E+00
7.377731100E-01 9.999984289E-01 1.108136719E-06 1.681000000E+00
7.414619700E-01 9.999984420E-01 1.093225011E-06 1.672000000E+00
7.451692800E-01 9.999984537E-01 1.079707516E-06 1.664000000E+00
7.488951300E-01 9.999984661E-01 1.066299184E-06 1.656000000E+00
7.526396100E-01 9.999984811E-01 1.051689953E-06 1.647000000E+00
7.564028000E-01 9.999984956E-01 1.038445231E-06 1.639000000E+00
7.601848200E-01 9.999985125E-01 1.025309591E-06 1.631000000E+00
7.639857400E-01 9.999985347E-01 1.012251416E-06 1.623000000E+00
7.667481700E-01 9.999985648E-01 1.002583389E-06 1.617000000E+00
7.678056700E-01 9.999986041E-01 9.992711894E-07 1.615000000E+00
7.692518500E-01 9.999985700E-01 1.057021567E-06 1.612000000E+00
7.716447000E-01 9.999985543E-01 1.048640335E-06 1.607000000E+00
7.755029200E-01 9.999985491E-01 1.035289765E-06 1.599000000E+00
7.793804400E-01 9.999985502E-01 1.022049777E-06 1.591000000E+00
7.832773400E-01 9.999985538E-01 1.008919931E-06 1.583000000E+00
7.871937300E-01 9.999985590E-01 9.958704216E-07 1.575000000E+00
7.911296900E-01 9.999985650E-01 9.829016999E-07 1.567000000E+00
7.950853400E-01 9.999985717E-01 9.700717508E-07 1.559000000E+00
7.990607700E-01 9.999985772E-01 9.585571438E-07 1.552000000E+00
8.030560700E-01 9.999985848E-01 9.459067987E-07 1.544000000E+00
8.070713500E-01 9.999985928E-01 9.333372158E-07 1.536000000E+00
8.111067100E-01 9.999985993E-01 9.221098582E-07 1.529000000E+00
8.151622400E-01 9.999986078E-01 9.097472631E-07 1.521000000E+00
8.192380600E-01 9.999986165E-01 8.974926191E-07 1.513000000E+00
8.233342500E-01 9.999986236E-01 8.865224013E-07 1.506000000E+00
8.274509200E-01 9.999986327E-01 8.744724964E-07 1.498000000E+00
8.315881700E-01 9.999986401E-01 8.636873626E-07 1.491000000E+00
8.357461100E-01 9.999986477E-01 8.529636529E-07 1.484000000E+00
8.399248400E-01 9.999986572E-01 8.411873729E-07 1.476000000E+00
8.441244700E-01 9.999986650E-01 8.306475034E-07 1.469000000E+00
8.483450900E-01 9.999986747E-01 8.190729000E-07 1.461000000E+00
8.525868200E-01 9.999986827E-01 8.087153284E-07 1.454000000E+00
8.568497500E-01 9.999986908E-01 7.984439198E-07 1.447000000E+00
8.611340000E-01 9.999986990E-01 7.882583229E-07 1.440000000E+00
8.654396700E-01 9.999987073E-01 7.781581861E-07 1.433000000E+00
8.697668700E-01 9.999987174E-01 7.670421583E-07 1.425000000E+00
8.741157000E-01 9.999987259E-01 7.571208031E-07 1.418000000E+00
8.784862800E-01 9.999987344E-01 7.472838189E-07 1.411000000E+00
8.828787100E-01 9.999987430E-01 7.375308542E-07 1.404000000E+00
8.872931000E-01 9.999987516E-01 7.278615574E-07 1.397000000E+00
8.917295700E-01 9.999987603E-01 7.182755771E-07 1.390000000E+00
8.961882200E-01 9.999987691E-01 7.087725617E-07 1.383000000E+00
9.006691600E-01 9.999987762E-01 7.003914749E-07 1.377000000E+00
9.051725000E-01 9.999987851E-01 6.910446613E-07 1.370000000E+00
9.096983700E-01 9.999987942E-01 6.816918269E-07 1.363000000E+00
9.142468600E-01 9.999988035E-01 6.723135576E-07 1.356000000E+00
9.188180900E-01 9.999988131E-01 6.630205604E-07 1.349000000E+00
9.234121800E-01 9.999988216E-01 6.547872005E-07 1.343000000E+00
9.274114300E-01 9.999988324E-01 6.469181962E-07 1.337000000E+00
9.280292400E-01 9.999988351E-01 6.456550383E-07 1.336000000E+00
9.305886100E-01 9.999988387E-01 6.492085133E-07 1.332000000E+00
9.326693900E-01 9.999988400E-01 6.452629515E-07 1.329000000E+00
9.373327400E-01 9.999988446E-01 6.372120793E-07 1.323000000E+00
9.420194000E-01 9.999988520E-01 6.282728278E-07 1.316000000E+00
9.467295000E-01 9.999988581E-01 6.203833088E-07 1.310000000E+00
9.514631500E-01 9.999988661E-01 6.116204925E-07 1.303000000E+00
9.562204600E-01 9.999988724E-01 6.038700120E-07 1.297000000E+00
9.610015600E-01 9.999988806E-01 5.951827654E-07 1.290000000E+00
9.658065700E-01 9.999988870E-01 5.874732556E-07 1.284000000E+00
9.706356000E-01 9.999988952E-01 5.789425142E-07 1.277000000E+00
9.754887800E-01 9.999989016E-01 5.713731931E-07 1.271000000E+00
9.803662300E-01 9.999989079E-01 5.638887232E-07 1.265000000E+00
9.852680600E-01 9.999989159E-01 5.555858814E-07 1.258000000E+00
9.901944000E-01 9.999989219E-01 5.482577146E-07 1.252000000E+00
9.951453700E-01 9.999989277E-01 5.410122354E-07 1.246000000E+00
1.000121100E+00 9.999989332E-01 5.337940284E-07 1.240000000E+00
1.005121700E+00 9.999989407E-01 5.253420677E-07 1.234000000E+00
1.010147300E+00 9.999989502E-01 5.161731040E-07 1.227000000E+00
1.015198000E+00 9.999989580E-01 5.079783176E-07 1.221000000E+00
1.020274000E+00 9.999989661E-01 4.998701570E-07 1.215000000E+00
1.025375400E+00 9.999989742E-01 4.919000727E-07 1.209000000E+00
1.030502300E+00 9.999989824E-01 4.840146709E-07 1.203000000E+00
1.035654800E+00 9.999989907E-01 4.762474235E-07 1.197000000E+00
1.040833100E+00 9.999989991E-01 4.685800715E-07 1.191000000E+00
1.046037200E+00 9.999990075E-01 4.610282864E-07 1.185000000E+00
1.051267400E+00 9.999990160E-01 4.535741637E-07 1.179000000E+00
1.056523800E+00 9.999990229E-01 4.469942176E-07 1.174000000E+00
1.061806400E+00 9.999990316E-01 4.397400570E-07 1.168000000E+00
1.067115400E+00 9.999990403E-01 4.325805041E-07 1.162000000E+00
1.072451000E+00 9.999990492E-01 4.255146379E-07 1.156000000E+00
1.077813200E+00 9.999990582E-01 4.185571978E-07 1.150000000E+00
1.083202300E+00 9.999990658E-01 4.124113467E-07 1.145000000E+00
1.088618300E+00 9.999990755E-01 4.056433149E-07 1.139000000E+00
1.094061400E+00 9.999990866E-01 3.989647665E-07 1.133000000E+00
1.095650700E+00 9.999990899E-01 3.975478740E-07 1.132000000E+00
1.098349300E+00 9.999990939E-01 4.025653680E-07 1.129000000E+00
1.099531700E+00 9.999990936E-01 4.013404417E-07 1.128000000E+00
1.105029400E+00 9.999990989E-01 3.947425831E-07 1.122000000E+00
1.110554500E+00 9.999991059E-01 3.882468331E-07 1.116000000E+00
1.116107300E+00 9.999991119E-01 3.825255617E-07 1.111000000E+00
1.121687800E+00 9.999991196E-01 3.761935712E-07 1.105000000E+00
1.127296300E+00 9.999991260E-01 3.706196403E-07 1.100000000E+00
1.132932800E+00 9.999991340E-01 3.644482309E-07 1.094000000E+00
1.138597400E+00 9.999991405E-01 3.590327813E-07 1.089000000E+00
1.144290400E+00 9.999991471E-01 3.536847943E-07 1.084000000E+00
1.150011900E+00 9.999991553E-01 3.477581308E-07 1.078000000E+00
1.155761900E+00 9.999991619E-01 3.425498299E-07 1.073000000E+00
1.161540700E+00 9.999991701E-01 3.367889210E-07 1.067000000E+00
1.167348400E+00 9.999991768E-01 3.317307228E-07 1.062000000E+00
1.173185200E+00 9.999991835E-01 3.267231855E-07 1.057000000E+00
1.179051100E+00 9.999991903E-01 3.217922566E-07 1.052000000E+00
1.184946400E+00 9.999991985E-01 3.163188551E-07 1.046000000E+00
1.190871100E+00 9.999992053E-01 3.115317167E-07 1.041000000E+00
1.196825400E+00 9.999992120E-01 3.067929634E-07 1.036000000E+00
1.202809600E+00 9.999992188E-01 3.021149329E-07 1.031000000E+00
1.208823600E+00 9.999992255E-01 2.975094762E-07 1.026000000E+00
1.214867700E+00 9.999992323E-01 2.929509430E-07 1.021000000E+00
1.220942100E+00 9.999992405E-01 2.878959703E-07 1.015000000E+00
1.227046800E+00 9.999992473E-01 2.834725758E-07 1.010000000E+00
1.233182000E+00 9.999992540E-01 2.791065956E-07 1.005000000E+00
1.239347900E+00 9.999992607E-01 2.747856018E-07 1.000000000E+00
1.245544700E+00 9.999992669E-01 2.707503582E-07 9.954000000E-01
1.251772400E+00 9.999992734E-01 2.666047466E-07 9.905000000E-01
1.258031200E+00 9.999992802E-01 2.624598322E-07 9.855000000E-01
1.264321400E+00 9.999992867E-01 2.584221459E-07 9.806000000E-01
1.270643000E+00 9.999992931E-01 2.544894586E-07 9.758000000E-01
1.276996200E+00 9.999992996E-01 2.505563547E-07 9.709000000E-01
1.283381200E+00 9.999993060E-01 2.467260678E-07 9.661000000E-01
1.289798100E+00 9.999993124E-01 2.429349699E-07 9.613000000E-01
1.296247100E+00 9.999993187E-01 2.392045198E-07 9.565000000E-01
1.302728300E+00 9.999993251E-01 2.355017007E-07 9.517000000E-01
1.309242000E+00 9.999993313E-01 2.318968382E-07 9.470000000E-01
1.315788200E+00 9.999993374E-01 2.283289008E-07 9.423000000E-01
1.322367100E+00 9.999993436E-01 2.248081048E-07 9.376000000E-01
1.328979000E+00 9.999993498E-01 2.213339483E-07 9.329000000E-01
1.335623900E+00 9.999993558E-01 2.179528872E-07 9.283000000E-01
1.342302000E+00 9.999993618E-01 2.146164887E-07 9.237000000E-01
1.349013500E+00 9.999993677E-01 2.113242745E-07 9.191000000E-01
1.355758600E+00 9.999993737E-01 2.080757692E-07 9.145000000E-01
1.362537400E+00 9.999993795E-01 2.049057316E-07 9.100000000E-01
1.369350000E+00 9.999993854E-01 2.017428590E-07 9.054000000E-01
1.376196800E+00 9.999993912E-01 1.986567852E-07 9.009000000E-01
1.383077800E+00 9.999993970E-01 1.956118278E-07 8.964000000E-01
1.389993200E+00 9.999994026E-01 1.926507313E-07 8.920000000E-01
1.396943100E+00 9.999994084E-01 1.896862156E-07 8.875000000E-01
1.403927800E+00 9.999994139E-01 1.868037885E-07 8.831000000E-01
1.410947500E+00 9.999994195E-01 1.839506906E-07 8.787000000E-01
1.418002200E+00 9.999994249E-01 1.811863094E-07 8.744000000E-01
1.425092200E+00 9.999994305E-01 1.784087253E-07 8.700000000E-01
1.432217700E+00 9.999994359E-01 1.757002515E-07 8.657000000E-01
1.439378800E+00 9.999994412E-01 1.730280911E-07 8.614000000E-01
1.446575700E+00 9.999994466E-01 1.703918410E-07 8.571000000E-01
1.453808600E+00 9.999994520E-01 1.677911011E-07 8.528000000E-01
1.461077600E+00 9.999994572E-01 1.652644211E-07 8.486000000E-01
1.468383000E+00 9.999994623E-01 1.627632202E-07 8.444000000E-01
1.475724900E+00 9.999994675E-01 1.602957259E-07 8.402000000E-01
1.483103500E+00 9.999994727E-01 1.578615592E-07 8.360000000E-01
1.490519000E+00 9.999994778E-01 1.554603434E-07 8.318000000E-01
1.497971600E+00 9.999994828E-01 1.531205936E-07 8.277000000E-01
1.505461500E+00 9.999994878E-01 1.508124564E-07 8.236000000E-01
1.512988800E+00 9.999994927E-01 1.485355730E-07 8.195000000E-01
1.520553700E+00 9.999994977E-01 1.462817167E-07 8.154000000E-01
1.528156500E+00 9.999995026E-01 1.440663538E-07 8.113000000E-01
1.535797300E+00 9.999995074E-01 1.419086239E-07 8.073000000E-01
1.543476300E+00 9.999995121E-01 1.397725404E-07 8.033000000E-01
1.551193700E+00 9.999995169E-01 1.376731199E-07 7.993000000E-01
1.558949600E+00 9.999995216E-01 1.355948256E-07 7.953000000E-01
1.566744400E+00 9.999995263E-01 1.335449628E-07 7.913000000E-01
1.574578100E+00 9.999995309E-01 1.315419353E-07 7.874000000E-01
1.582451000E+00 9.999995355E-01 1.295662968E-07 7.835000000E-01
1.590363300E+00 9.999995400E-01 1.276177293E-07 7.796000000E-01
1.598315100E+00 9.999995446E-01 1.256887940E-07 7.757000000E-01
1.606306600E+00 9.999995490E-01 1.238185224E-07 7.719000000E-01
1.614338200E+00 9.999995533E-01 1.219421173E-07 7.680000000E-01
1.622409900E+00 9.999995577E-01 1.201161992E-07 7.642000000E-01
1.630521900E+00 9.999995620E-01 1.183154409E-07 7.604000000E-01
1.638674500E+00 9.999995664E-01 1.165327692E-07 7.566000000E-01
1.646867900E+00 9.999995707E-01 1.147815095E-07 7.528000000E-01
1.655102200E+00 9.999995749E-01 1.130714293E-07 7.491000000E-01
1.663377700E+00 9.999995790E-01 1.113915695E-07 7.454000000E-01
1.671694600E+00 9.999995832E-01 1.097284298E-07 7.417000000E-01
1.680053100E+00 9.999995874E-01 1.080819265E-07 7.380000000E-01
1.688453400E+00 9.999995915E-01 1.064647416E-07 7.343000000E-01
1.696895600E+00 9.999995955E-01 1.048861569E-07 7.307000000E-01
1.705380100E+00 9.999995995E-01 1.033073457E-07 7.270000000E-01
1.713907000E+00 9.999996034E-01 1.017725930E-07 7.234000000E-01
1.722476600E+00 9.999996074E-01 1.002531162E-07 7.198000000E-01
1.731088900E+00 9.999996113E-01 9.876098266E-08 7.162000000E-01
1.739744400E+00 9.999996152E-01 9.730502156E-08 7.127000000E-01
1.748443100E+00 9.999996191E-01 9.584831119E-08 7.091000000E-01
1.757185300E+00 9.999996229E-01 9.443297643E-08 7.056000000E-01
1.765971200E+00 9.999996266E-01 9.303164358E-08 7.021000000E-01
1.774801100E+00 9.999996304E-01 9.165002026E-08 6.986000000E-01
1.783675100E+00 9.999996341E-01 9.028786363E-08 6.951000000E-01
1.792593500E+00 9.999996379E-01 8.893927057E-08 6.916000000E-01
1.801556500E+00 9.999996415E-01 8.763524419E-08 6.882000000E-01
1.810564200E+00 9.999996451E-01 8.634402692E-08 6.848000000E-01
1.819617100E+00 9.999996487E-01 8.507105178E-08 6.814000000E-01
1.828715100E+00 9.999996522E-01 8.381064988E-08 6.780000000E-01
1.837858700E+00 9.999996558E-01 8.256814593E-08 6.746000000E-01
1.847048000E+00 9.999996592E-01 8.136222047E-08 6.713000000E-01
1.856283300E+00 9.999996627E-01 8.014937441E-08 6.679000000E-01
1.865564700E+00 9.999996661E-01 7.897763144E-08 6.646000000E-01
1.874892500E+00 9.999996695E-01 7.781218698E-08 6.613000000E-01
1.884267000E+00 9.999996729E-01 7.666851490E-08 6.580000000E-01
1.893688300E+00 9.999996763E-01 7.553610238E-08 6.547000000E-01
1.903156700E+00 9.999996795E-01 7.443774314E-08 6.515000000E-01
1.912672500E+00 9.999996829E-01 7.333243012E-08 6.482000000E-01
1.922235900E+00 9.999996861E-01 7.226543903E-08 6.450000000E-01
1.931847100E+00 9.999996893E-01 7.120884658E-08 6.418000000E-01
1.941506300E+00 9.999996925E-01 7.016260186E-08 6.386000000E-01
1.951213800E+00 9.999996957E-01 6.913143318E-08 6.354000000E-01
1.960969900E+00 9.999996988E-01 6.813196319E-08 6.323000000E-01
1.970774700E+00 9.999997019E-01 6.712551716E-08 6.291000000E-01
1.980628600E+00 9.999997050E-01 6.615479802E-08 6.260000000E-01
1.990531800E+00 9.999997080E-01 6.518888697E-08 6.229000000E-01
2.000484400E+00 9.999997111E-01 6.424151739E-08 6.198000000E-01
2.010486800E+00 9.999997141E-01 6.329886444E-08 6.167000000E-01
2.020539300E+00 9.999997171E-01 6.237438925E-08 6.136000000E-01
2.030642000E+00 9.999997200E-01 6.147467477E-08 6.106000000E-01
2.040795200E+00 9.999997230E-01 6.056808124E-08 6.075000000E-01
2.050999200E+00 9.999997259E-01 5.969451091E-08 6.045000000E-01
2.061254200E+00 9.999997287E-01 5.882937669E-08 6.015000000E-01
2.071560400E+00 9.999997316E-01 5.797263768E-08 5.985000000E-01
2.081918200E+00 9.999997344E-01 5.712845081E-08 5.955000000E-01
2.092327800E+00 9.999997372E-01 5.631565330E-08 5.926000000E-01
2.102789500E+00 9.999997400E-01 5.548765805E-08 5.896000000E-01
2.113303400E+00 9.999997427E-01 5.469052752E-08 5.867000000E-01
2.123869900E+00 9.999997454E-01 5.390509885E-08 5.838000000E-01
2.134489300E+00 9.999997481E-01 5.312722053E-08 5.809000000E-01
2.145161700E+00 9.999997508E-01 5.236081086E-08 5.780000000E-01
2.155887500E+00 9.999997535E-01 5.157439338E-08 5.751000000E-01
2.166667000E+00 9.999997562E-01 5.079201399E-08 5.722000000E-01
2.177500300E+00 9.999997587E-01 5.003515997E-08 5.694000000E-01
2.188387800E+00 9.999997613E-01 4.928965949E-08 5.666000000E-01
2.199329700E+00 9.999997640E-01 4.853061654E-08 5.637000000E-01
2.210326400E+00 9.999997665E-01 4.780389567E-08 5.609000000E-01
2.221378000E+00 9.999997691E-01 4.708077828E-08 5.581000000E-01
2.232484900E+00 9.999997715E-01 4.638534065E-08 5.554000000E-01
2.243647300E+00 9.999997741E-01 4.568024748E-08 5.526000000E-01
2.254865600E+00 9.999997765E-01 4.500227956E-08 5.499000000E-01
2.266139900E+00 9.999997790E-01 4.431484972E-08 5.471000000E-01
2.277470600E+00 9.999997815E-01 4.363294924E-08 5.444000000E-01
2.288857900E+00 9.999997839E-01 4.295806724E-08 5.417000000E-01
2.300302200E+00 9.999997863E-01 4.229360653E-08 5.390000000E-01
2.311803700E+00 9.999997887E-01 4.163602306E-08 5.363000000E-01
2.323362800E+00 9.999997911E-01 4.098528112E-08 5.336000000E-01
2.334979600E+00 9.999997935E-01 4.036321921E-08 5.310000000E-01
2.346654500E+00 9.999997959E-01 3.972912571E-08 5.283000000E-01
2.358387800E+00 9.999997982E-01 3.911985214E-08 5.257000000E-01
2.370179700E+00 9.999998005E-01 3.852006773E-08 5.231000000E-01
2.382030600E+00 9.999998029E-01 3.792643691E-08 5.205000000E-01
2.393940700E+00 9.999998052E-01 3.733892800E-08 5.179000000E-01
2.405910400E+00 9.999998075E-01 3.676065259E-08 5.153000000E-01
2.417940000E+00 9.999998097E-01 3.620249058E-08 5.128000000E-01
2.430029700E+00 9.999998120E-01 3.563910573E-08 5.102000000E-01
2.442179800E+00 9.999998143E-01 3.509541575E-08 5.077000000E-01
2.454390700E+00 9.999998165E-01 3.456029535E-08 5.052000000E-01
2.466662700E+00 9.999998188E-01 3.401709739E-08 5.026000000E-01
2.478996000E+00 9.999998211E-01 3.349597201E-08 5.001000000E-01
2.491391000E+00 9.999998232E-01 3.299344818E-08 4.977000000E-01
2.503847900E+00 9.999998255E-01 3.248284502E-08 4.952000000E-01
2.516367200E+00 9.999998277E-01 3.198040567E-08 4.927000000E-01
2.528949000E+00 9.999998299E-01 3.149601716E-08 4.903000000E-01
2.541593800E+00 9.999998322E-01 3.100664053E-08 4.878000000E-01
2.554301700E+00 9.999998344E-01 3.053493742E-08 4.854000000E-01
2.567073200E+00 9.999998366E-01 3.007079852E-08 4.830000000E-01
2.579908600E+00 9.999998388E-01 2.960864876E-08 4.806000000E-01
2.592808200E+00 9.999998410E-01 2.915666661E-08 4.782000000E-01
2.605772200E+00 9.999998433E-01 2.870930518E-08 4.758000000E-01
2.618801100E+00 9.999998455E-01 2.826654074E-08 4.734000000E-01
2.631895100E+00 9.999998477E-01 2.784016753E-08 4.711000000E-01
2.645054500E+00 9.999998500E-01 2.740900180E-08 4.687000000E-01
2.658279800E+00 9.999998523E-01 2.699388360E-08 4.664000000E-01
2.671571200E+00 9.999998546E-01 2.658552322E-08 4.641000000E-01
2.684929100E+00 9.999998569E-01 2.618129914E-08 4.618000000E-01
2.698353700E+00 9.999998593E-01 2.578368973E-08 4.595000000E-01
2.711845500E+00 9.999998617E-01 2.539012462E-08 4.572000000E-01
2.725404700E+00 9.999998642E-01 2.500058316E-08 4.549000000E-01
2.739031700E+00 9.999998667E-01 2.462592306E-08 4.527000000E-01
2.752726900E+00 9.999998694E-01 2.424665435E-08 4.504000000E-01
2.766490500E+00 9.999998721E-01 2.388433258E-08 4.482000000E-01
2.780323000E+00 9.999998750E-01 2.351391101E-08 4.459000000E-01
2.794224600E+00 9.999998780E-01 2.315894123E-08 4.437000000E-01
2.808195700E+00 9.999998812E-01 2.280871355E-08 4.415000000E-01
2.822236700E+00 9.999998848E-01 2.246271845E-08 4.393000000E-01
2.836347900E+00 9.999998888E-01 2.212091735E-08 4.371000000E-01
2.850529600E+00 9.999998936E-01 2.179351462E-08 4.350000000E-01
2.864782300E+00 9.999998998E-01 2.145988107E-08 4.328000000E-01
2.879106200E+00 9.999999097E-01 2.113032785E-08 4.306000000E-01
2.891587300E+00 9.999999435E-01 2.085826952E-08 4.288000000E-01
2.893501700E+00 9.999999405E-01 5.785702390E-08 4.285000000E-01
2.907969200E+00 9.999999103E-01 5.668222727E-08 4.264000000E-01
2.922509100E+00 9.999999041E-01 5.550240158E-08 4.242000000E-01
2.937121600E+00 9.999999012E-01 5.437212652E-08 4.221000000E-01
2.951807200E+00 9.999998999E-01 5.326239174E-08 4.200000000E-01
2.966566200E+00 9.999998997E-01 5.217499064E-08 4.179000000E-01
2.981399100E+00 9.999999006E-01 5.113212812E-08 4.159000000E-01
2.996306100E+00 9.999999028E-01 5.008398116E-08 4.138000000E-01
3.011287600E+00 9.999999081E-01 4.902315191E-08 4.117000000E-01
3.020581600E+00 9.999999241E-01 4.839469111E-08 4.105000000E-01
3.022418600E+00 9.999999243E-01 6.981392190E-08 4.102000000E-01
3.026344000E+00 9.999999127E-01 6.945308022E-08 4.097000000E-01
3.041475800E+00 9.999999025E-01 6.805064626E-08 4.076000000E-01
3.056683100E+00 9.999998985E-01 6.674766193E-08 4.056000000E-01
3.071966600E+00 9.999998960E-01 6.547205325E-08 4.036000000E-01
3.087326400E+00 9.999998943E-01 6.421956581E-08 4.016000000E-01
3.102763000E+00 9.999998931E-01 6.299555146E-08 3.996000000E-01
3.118276800E+00 9.999998922E-01 6.179578109E-08 3.976000000E-01
3.133868200E+00 9.999998916E-01 6.061988493E-08 3.956000000E-01
3.149537600E+00 9.999998912E-01 5.949955196E-08 3.937000000E-01
3.165285300E+00 9.999998910E-01 5.836986529E-08 3.917000000E-01
3.181111700E+00 9.999998908E-01 5.729415871E-08 3.898000000E-01
3.197017200E+00 9.999998909E-01 5.620926619E-08 3.878000000E-01
3.213002300E+00 9.999998910E-01 5.517504814E-08 3.859000000E-01
3.229067300E+00 9.999998912E-01 5.416178010E-08 3.840000000E-01
3.245212700E+00 9.999998914E-01 5.316567654E-08 3.821000000E-01
3.261438700E+00 9.999998918E-01 5.218822505E-08 3.802000000E-01
3.277745900E+00 9.999998922E-01 5.123084654E-08 3.783000000E-01
3.294134700E+00 9.999998926E-01 5.028986475E-08 3.764000000E-01
3.310605300E+00 9.999998932E-01 4.936506153E-08 3.745000000E-01
3.327158400E+00 9.999998937E-01 4.845786367E-08 3.726000000E-01
3.343794100E+00 9.999998943E-01 4.759367331E-08 3.708000000E-01
3.360513100E+00 9.999998950E-01 4.671894050E-08 3.689000000E-01
3.377315700E+00 9.999998957E-01 4.588286757E-08 3.671000000E-01
3.394202300E+00 9.999998964E-01 4.506279737E-08 3.653000000E-01
3.411173300E+00 9.999998972E-01 4.425692445E-08 3.635000000E-01
3.428229100E+00 9.999998980E-01 4.346350696E-08 3.617000000E-01
3.445370300E+00 9.999998989E-01 4.268546588E-08 3.599000000E-01
3.462597100E+00 9.999998999E-01 4.191801068E-08 3.581000000E-01
3.479910100E+00 9.999999011E-01 4.116555203E-08 3.563000000E-01
3.497309700E+00 9.999999024E-01 4.042488114E-08 3.545000000E-01
3.514796200E+00 9.999999043E-01 3.969585673E-08 3.527000000E-01
3.532370200E+00 9.999999079E-01 3.900055783E-08 3.510000000E-01
3.533789900E+00 9.999999086E-01 3.895355977E-08 3.509000000E-01
3.542210300E+00 9.999999089E-01 4.557818101E-08 3.500000000E-01
3.550032100E+00 9.999999068E-01 4.520261790E-08 3.492000000E-01
3.567782200E+00 9.999999054E-01 4.439048275E-08 3.475000000E-01
3.585621100E+00 9.999999049E-01 4.359201962E-08 3.458000000E-01
3.603549200E+00 9.999999048E-01 4.280704998E-08 3.441000000E-01
3.621567000E+00 9.999999050E-01 4.200945974E-08 3.423000000E-01
3.639674800E+00 9.999999052E-01 4.124853640E-08 3.406000000E-01
3.657873200E+00 9.999999055E-01 4.052317294E-08 3.390000000E-01
3.676162600E+00 9.999999059E-01 3.978645800E-08 3.373000000E-01
3.694543400E+00 9.999999063E-01 3.906111000E-08 3.356000000E-01
3.713016100E+00 9.999999068E-01 3.834831738E-08 3.339000000E-01
3.731581200E+00 9.999999073E-01 3.769018578E-08 3.323000000E-01
3.750239100E+00 9.999999079E-01 3.701960622E-08 3.306000000E-01
3.768990300E+00 9.999999084E-01 3.637641450E-08 3.290000000E-01
3.787835200E+00 9.999999090E-01 3.571486787E-08 3.273000000E-01
3.806774400E+00 9.999999096E-01 3.508650937E-08 3.257000000E-01
3.825808300E+00 9.999999102E-01 3.446783375E-08 3.241000000E-01
3.844937300E+00 9.999999108E-01 3.385995816E-08 3.225000000E-01
3.864162000E+00 9.999999114E-01 3.326151376E-08 3.209000000E-01
3.883482800E+00 9.999999120E-01 3.267359502E-08 3.193000000E-01
3.902900200E+00 9.999999127E-01 3.209485928E-08 3.177000000E-01
3.922414700E+00 9.999999134E-01 3.152519579E-08 3.161000000E-01
3.942026800E+00 9.999999141E-01 3.096332365E-08 3.145000000E-01
3.961736900E+00 9.999999147E-01 3.042744961E-08 3.130000000E-01
3.981545600E+00 9.999999154E-01 2.988184809E-08 3.114000000E-01
4.001453300E+00 9.999999161E-01 2.934493289E-08 3.098000000E-01
4.021460600E+00 9.999999168E-01 2.883417433E-08 3.083000000E-01
4.041567900E+00 9.999999175E-01 2.833143257E-08 3.068000000E-01
4.061775700E+00 9.999999183E-01 2.781837753E-08 3.052000000E-01
4.082084600E+00 9.999999191E-01 2.733160809E-08 3.037000000E-01
4.102495000E+00 9.999999199E-01 2.685148100E-08 3.022000000E-01
4.123007500E+00 9.999999208E-01 2.638007354E-08 3.007000000E-01
4.143622600E+00 9.999999219E-01 2.591407956E-08 2.992000000E-01
4.153218900E+00 9.999999228E-01 2.570014729E-08 2.985000000E-01
4.164340700E+00 9.999999232E-01 2.729465365E-08 2.977000000E-01
4.164780900E+00 9.999999232E-01 2.729465365E-08 2.977000000E-01
4.185162400E+00 9.999999229E-01 2.680011597E-08 2.962000000E-01
4.206088200E+00 9.999999231E-01 2.633132987E-08 2.948000000E-01
4.227118600E+00 9.999999236E-01 2.585326020E-08 2.933000000E-01
4.248254200E+00 9.999999241E-01 2.538186303E-08 2.918000000E-01
4.269495500E+00 9.999999246E-01 2.493524196E-08 2.904000000E-01
4.290843000E+00 9.999999251E-01 2.449568448E-08 2.890000000E-01
4.312297200E+00 9.999999257E-01 2.404637402E-08 2.875000000E-01
4.333858700E+00 9.999999263E-01 2.362090265E-08 2.861000000E-01
4.355528000E+00 9.999999269E-01 2.320127720E-08 2.847000000E-01
4.377305600E+00 9.999999275E-01 2.277895274E-08 2.832000000E-01
4.399192100E+00 9.999999282E-01 2.238320715E-08 2.818000000E-01
4.421188100E+00 9.999999288E-01 2.199382779E-08 2.804000000E-01
4.443294000E+00 9.999999295E-01 2.161165514E-08 2.790000000E-01
4.465510500E+00 9.999999304E-01 2.123475668E-08 2.776000000E-01
4.472946200E+00 9.999999307E-01 2.112084886E-08 2.772000000E-01
4.487838100E+00 9.999999312E-01 2.179996459E-08 2.763000000E-01
4.491053500E+00 9.999999312E-01 2.174585635E-08 2.761000000E-01
4.510277200E+00 9.999999313E-01 2.142484551E-08 2.749000000E-01
4.532828600E+00 9.999999317E-01 2.105664683E-08 2.735000000E-01
4.555492800E+00 9.999999322E-01 2.070872326E-08 2.722000000E-01
4.578270200E+00 9.999999327E-01 2.035128022E-08 2.708000000E-01
4.601161600E+00 9.999999332E-01 2.001363174E-08 2.695000000E-01
4.624167400E+00 9.999999337E-01 1.966244324E-08 2.681000000E-01
4.647288200E+00 9.999999342E-01 1.933066065E-08 2.668000000E-01
4.670524700E+00 9.999999347E-01 1.900338944E-08 2.655000000E-01
4.693877300E+00 9.999999353E-01 1.866809775E-08 2.641000000E-01
4.717346700E+00 9.999999358E-01 1.835068929E-08 2.628000000E-01
4.740933400E+00 9.999999363E-01 1.803845086E-08 2.615000000E-01
4.764638100E+00 9.999999369E-01 1.773051316E-08 2.602000000E-01
4.788461300E+00 9.999999374E-01 1.742683278E-08 2.589000000E-01
4.812403600E+00 9.999999379E-01 1.712736654E-08 2.576000000E-01
4.836465600E+00 9.999999384E-01 1.684598697E-08 2.564000000E-01
4.860647900E+00 9.999999390E-01 1.655619186E-08 2.551000000E-01
4.884951200E+00 9.999999395E-01 1.627045312E-08 2.538000000E-01
4.909375900E+00 9.999999400E-01 1.598872875E-08 2.525000000E-01
4.933922800E+00 9.999999405E-01 1.572348825E-08 2.513000000E-01
4.958592400E+00 9.999999411E-01 1.545025342E-08 2.500000000E-01
4.983385400E+00 9.999999416E-01 1.519310530E-08 2.488000000E-01
5.008302300E+00 9.999999421E-01 1.493949615E-08 2.476000000E-01
5.033343800E+00 9.999999426E-01 1.467818701E-08 2.463000000E-01
5.058510500E+00 9.999999431E-01 1.443239411E-08 2.451000000E-01
5.083803100E+00 9.999999436E-01 1.419001665E-08 2.439000000E-01
5.109222100E+00 9.999999441E-01 1.395101909E-08 2.427000000E-01
5.134768200E+00 9.999999446E-01 1.371536604E-08 2.415000000E-01
5.160442100E+00 9.999999451E-01 1.348370592E-08 2.403000000E-01
5.186244300E+00 9.999999456E-01 1.325462984E-08 2.391000000E-01
5.212175500E+00 9.999999461E-01 1.302946343E-08 2.379000000E-01
5.238236400E+00 9.999999466E-01 1.280748869E-08 2.367000000E-01
5.264427600E+00 9.999999471E-01 1.258867139E-08 2.355000000E-01
5.290749700E+00 9.999999476E-01 1.237297749E-08 2.343000000E-01
5.317203400E+00 9.999999480E-01 1.217080901E-08 2.332000000E-01
5.343789500E+00 9.999999485E-01 1.196177103E-08 2.320000000E-01
5.370508400E+00 9.999999489E-01 1.176530177E-08 2.309000000E-01
5.397360900E+00 9.999999494E-01 1.156151036E-08 2.297000000E-01
5.424347700E+00 9.999999499E-01 1.136938652E-08 2.286000000E-01
5.451469500E+00 9.999999504E-01 1.116953502E-08 2.274000000E-01
5.478726800E+00 9.999999508E-01 1.098171447E-08 2.263000000E-01
5.506120500E+00 9.999999513E-01 1.079656908E-08 2.252000000E-01
5.533651100E+00 9.999999517E-01 1.061466443E-08 2.241000000E-01
5.561319300E+00 9.999999522E-01 1.042542056E-08 2.229000000E-01
5.589125900E+00 9.999999526E-01 1.024881789E-08 2.218000000E-01
5.617071600E+00 9.999999531E-01 1.007418655E-08 2.207000000E-01
5.645156900E+00 9.999999535E-01 9.902086484E-09 2.196000000E-01
5.673382700E+00 9.999999539E-01 9.732489657E-09 2.185000000E-01
5.701749600E+00 9.999999544E-01 9.565368215E-09 2.174000000E-01
5.730258400E+00 9.999999548E-01 9.409943099E-09 2.164000000E-01
5.758909600E+00 9.999999552E-01 9.247577548E-09 2.153000000E-01
5.787704200E+00 9.999999555E-01 9.087062889E-09 2.142000000E-01
5.816642700E+00 9.999999559E-01 8.935693995E-09 2.132000000E-01
5.845725900E+00 9.999999564E-01 8.777691178E-09 2.121000000E-01
5.874954600E+00 9.999999568E-01 8.622057433E-09 2.110000000E-01
5.904329300E+00 9.999999572E-01 8.476836918E-09 2.100000000E-01
5.933851000E+00 9.999999576E-01 8.325758077E-09 2.089000000E-01
5.963520200E+00 9.999999580E-01 8.184840582E-09 2.079000000E-01
5.993337800E+00 9.999999584E-01 8.045483113E-09 2.069000000E-01
6.023304500E+00 9.999999588E-01 7.901000656E-09 2.058000000E-01
6.053421000E+00 9.999999591E-01 7.765816461E-09 2.048000000E-01
6.083688200E+00 9.999999595E-01 7.632146855E-09 2.038000000E-01
6.114106600E+00 9.999999599E-01 7.499983457E-09 2.028000000E-01
6.144677100E+00 9.999999603E-01 7.369799951E-09 2.018000000E-01
6.175400500E+00 9.999999606E-01 7.242050956E-09 2.008000000E-01
6.206277500E+00 9.999999610E-01 7.115754598E-09 1.998000000E-01
6.237308900E+00 9.999999614E-01 6.991370545E-09 1.988000000E-01
6.268495400E+00 9.999999618E-01 6.868876546E-09 1.978000000E-01
6.299837900E+00 9.999999621E-01 6.748250491E-09 1.968000000E-01
6.331337100E+00 9.999999625E-01 6.629470411E-09 1.958000000E-01
6.362993800E+00 9.999999628E-01 6.519202557E-09 1.949000000E-01
6.394808800E+00 9.999999632E-01 6.403964743E-09 1.939000000E-01
6.426782800E+00 9.999999636E-01 6.290508824E-09 1.929000000E-01
6.458916700E+00 9.999999639E-01 6.184818310E-09 1.920000000E-01
6.491211300E+00 9.999999643E-01 6.074785161E-09 1.910000000E-01
6.523667400E+00 9.999999646E-01 5.972325403E-09 1.901000000E-01
6.556285700E+00 9.999999650E-01 5.865634209E-09 1.891000000E-01
6.589067100E+00 9.999999653E-01 5.766328536E-09 1.882000000E-01
6.622012500E+00 9.999999657E-01 5.662484701E-09 1.872000000E-01
6.655122500E+00 9.999999660E-01 5.566261421E-09 1.863000000E-01
6.688398100E+00 9.999999663E-01 5.471514645E-09 1.854000000E-01
6.721840100E+00 9.999999667E-01 5.372398206E-09 1.844000000E-01
6.755449300E+00 9.999999670E-01 5.280224343E-09 1.835000000E-01
6.789226600E+00 9.999999673E-01 5.189875901E-09 1.826000000E-01
6.823172700E+00 9.999999676E-01 5.100542208E-09 1.817000000E-01
6.857288600E+00 9.999999679E-01 5.012604579E-09 1.808000000E-01
6.891575000E+00 9.999999682E-01 4.926045848E-09 1.799000000E-01
6.926032900E+00 9.999999686E-01 4.840848963E-09 1.790000000E-01
6.960663100E+00 9.999999689E-01 4.756996989E-09 1.781000000E-01
6.995466400E+00 9.999999692E-01 4.674101406E-09 1.772000000E-01
7.030443700E+00 9.999999695E-01 4.598104462E-09 1.764000000E-01
7.065595900E+00 9.999999698E-01 4.517761500E-09 1.755000000E-01
7.100923900E+00 9.999999700E-01 4.437983354E-09 1.746000000E-01
7.136428500E+00 9.999999703E-01 4.359490183E-09 1.737000000E-01
7.172110700E+00 9.999999706E-01 4.287223322E-09 1.729000000E-01
7.207971200E+00 9.999999709E-01 4.210838285E-09 1.720000000E-01
7.244011100E+00 9.999999712E-01 4.140533051E-09 1.712000000E-01
7.280231100E+00 9.999999715E-01 4.066558858E-09 1.703000000E-01
7.316632300E+00 9.999999718E-01 3.998514035E-09 1.695000000E-01
7.353215500E+00 9.999999720E-01 3.926553163E-09 1.686000000E-01
7.389981500E+00 9.999999723E-01 3.860714359E-09 1.678000000E-01
7.426931400E+00 9.999999726E-01 3.791053438E-09 1.669000000E-01
7.464066100E+00 9.999999729E-01 3.726710627E-09 1.661000000E-01
7.501386400E+00 9.999999731E-01 3.663728722E-09 1.653000000E-01
7.538893400E+00 9.999999734E-01 3.601444419E-09 1.645000000E-01
7.576587800E+00 9.999999737E-01 3.535847248E-09 1.636000000E-01
7.614470800E+00 9.999999739E-01 3.475624608E-09 1.628000000E-01
7.652543100E+00 9.999999742E-01 3.416075509E-09 1.620000000E-01
7.690805800E+00 9.999999744E-01 3.357503828E-09 1.612000000E-01
7.729259900E+00 9.999999747E-01 3.299896701E-09 1.604000000E-01
7.767906200E+00 9.999999749E-01 3.242939826E-09 1.596000000E-01
7.806745700E+00 9.999999752E-01 3.187226593E-09 1.588000000E-01
7.845779400E+00 9.999999754E-01 3.131848826E-09 1.580000000E-01
7.885008300E+00 9.999999757E-01 3.077689519E-09 1.572000000E-01
7.924433400E+00 9.999999759E-01 3.028016577E-09 1.565000000E-01
7.964055500E+00 9.999999762E-01 2.975328451E-09 1.557000000E-01
8.003875800E+00 9.999999764E-01 2.923529697E-09 1.549000000E-01
8.043895200E+00 9.999999766E-01 2.872326978E-09 1.541000000E-01
8.084114700E+00 9.999999769E-01 2.825677941E-09 1.534000000E-01
8.124535200E+00 9.999999771E-01 2.775883525E-09 1.526000000E-01
8.165157900E+00 9.999999773E-01 2.727024058E-09 1.518000000E-01
8.205983700E+00 9.999999776E-01 2.682418412E-09 1.511000000E-01
8.247013600E+00 9.999999778E-01 2.634942750E-09 1.503000000E-01
8.288248700E+00 9.999999780E-01 2.591672883E-09 1.496000000E-01
8.329689900E+00 9.999999782E-01 2.545524244E-09 1.488000000E-01
8.371338400E+00 9.999999784E-01 2.503300117E-09 1.481000000E-01
8.413195100E+00 9.999999786E-01 2.461662996E-09 1.474000000E-01
8.455261000E+00 9.999999789E-01 2.417358698E-09 1.466000000E-01
8.497537300E+00 9.999999791E-01 2.376992020E-09 1.459000000E-01
8.540025000E+00 9.999999793E-01 2.337192268E-09 1.452000000E-01
9.030794000E+00 9.999999814E-01 1.920794075E-09 1.373000000E-01
9.653919000E+00 9.999999838E-01 1.502231293E-09 1.284000000E-01
1.032004000E+01 9.999999859E-01 1.176896016E-09 1.201000000E-01
1.103212000E+01 9.999999877E-01 9.237892950E-10 1.124000000E-01
1.179334000E+01 9.999999893E-01 7.248436707E-10 1.051000000E-01
1.260708000E+01 9.999999907E-01 5.703193612E-10 9.834000000E-02
1.347697000E+01 9.999999920E-01 4.478336582E-10 9.200000000E-02
1.432701000E+01 9.999999931E-01 3.590560341E-10 8.654000000E-02
1.440688000E+01 9.999999933E-01 3.519453329E-10 8.606000000E-02
1.454630000E+01 9.999999936E-01 3.399010602E-10 8.523000000E-02
1.460478000E+01 9.999999939E-01 3.350278455E-10 8.489000000E-02
1.469250000E+01 9.999999937E-01 8.333804643E-10 8.439000000E-02
1.491179000E+01 9.999999937E-01 7.897215985E-10 8.315000000E-02
1.540095000E+01 9.999999939E-01 7.020232440E-10 8.050000000E-02
1.646362000E+01 9.999999946E-01 5.477918612E-10 7.531000000E-02
1.699036000E+01 9.999999950E-01 4.869554534E-10 7.297000000E-02
1.725041000E+01 9.999999952E-01 4.600885332E-10 7.187000000E-02
1.731976000E+01 9.999999953E-01 4.533375843E-10 7.159000000E-02
1.742378000E+01 9.999999953E-01 6.259791360E-10 7.116000000E-02
1.759961000E+01 9.999999953E-01 6.033858759E-10 7.045000000E-02
1.768802000E+01 9.999999954E-01 5.924610048E-10 7.010000000E-02
1.795875000E+01 9.999999955E-01 5.603359702E-10 6.904000000E-02
1.803095000E+01 9.999999956E-01 5.521007280E-10 6.876000000E-02
1.813924000E+01 9.999999956E-01 6.251875285E-10 6.835000000E-02
1.840998000E+01 9.999999956E-01 5.934426808E-10 6.735000000E-02
1.881398000E+01 9.999999958E-01 5.496064999E-10 6.590000000E-02
2.011215000E+01 9.999999962E-01 4.333385257E-10 6.165000000E-02
2.149988000E+01 9.999999967E-01 3.413750608E-10 5.767000000E-02
2.298338000E+01 9.999999971E-01 2.689998451E-10 5.395000000E-02
2.456923000E+01 9.999999974E-01 2.118307221E-10 5.046000000E-02
2.626450000E+01 9.999999977E-01 1.669884307E-10 4.721000000E-02
2.807676000E+01 9.999999980E-01 1.308245864E-10 4.416000000E-02
3.001405000E+01 9.999999983E-01 1.022736753E-10 4.131000000E-02
3.208502000E+01 9.999999985E-01 7.988509636E-11 3.864000000E-02
3.429889000E+01 9.999999987E-01 6.248638701E-11 3.615000000E-02
3.666551000E+01 9.999999988E-01 4.876561706E-11 3.381000000E-02
3.919543000E+01 9.999999990E-01 3.799820916E-11 3.163000000E-02
4.189992000E+01 9.999999991E-01 2.963032433E-11 2.959000000E-02
4.479101000E+01 9.999999992E-01 2.311967613E-11 2.768000000E-02
4.788159000E+01 9.999999993E-01 1.804890795E-11 2.589000000E-02
5.118542000E+01 9.999999994E-01 1.410608275E-11 2.422000000E-02
5.471721000E+01 9.999999995E-01 1.103455551E-11 2.266000000E-02
5.849270000E+01 9.999999995E-01 8.638005296E-12 2.120000000E-02
6.252870000E+01 9.999999996E-01 6.764000526E-12 1.983000000E-02
6.684318000E+01 9.999999997E-01 5.291674378E-12 1.855000000E-02
7.145536000E+01 9.999999997E-01 4.140286661E-12 1.735000000E-02
7.638578000E+01 9.999999997E-01 3.242272810E-12 1.623000000E-02
8.165640000E+01 9.999999998E-01 2.525442553E-12 1.518000000E-02
8.729069000E+01 9.999999998E-01 1.955562693E-12 1.420000000E-02
9.331374000E+01 9.999999998E-01 1.516938725E-12 1.329000000E-02
9.643592000E+01 9.999999998E-01 1.338102899E-12 1.286000000E-02
9.791198000E+01 9.999999998E-01 1.261649432E-12 1.266000000E-02
9.830560000E+01 9.999999998E-01 1.242649529E-12 1.261000000E-02
9.889602000E+01 9.999999998E-01 5.658146791E-12 1.254000000E-02
9.975239000E+01 9.999999998E-01 5.485609218E-12 1.243000000E-02
1.003721000E+02 9.999999998E-01 5.363588030E-12 1.235000000E-02
1.066353000E+02 9.999999999E-01 4.328290240E-12 1.163000000E-02
1.139931000E+02 9.999999999E-01 3.410400466E-12 1.088000000E-02
1.218587000E+02 9.999999999E-01 2.679239070E-12 1.017000000E-02
1.302669000E+02 9.999999999E-01 2.109075954E-12 9.518000000E-03
1.392553000E+02 9.999999999E-01 1.658421314E-12 8.903000000E-03
1.488640000E+02 9.999999999E-01 1.302175296E-12 8.329000000E-03
1.591356000E+02 9.999999999E-01 1.022190674E-12 7.791000000E-03
1.701159000E+02 9.999999999E-01 8.024762698E-13 7.288000000E-03
1.818539000E+02 1.000000000E+00 6.301154233E-13 6.818000000E-03
1.944018000E+02 1.000000000E+00 4.947816241E-13 6.378000000E-03
2.078156000E+02 1.000000000E+00 3.885229174E-13 5.966000000E-03
2.221548000E+02 1.000000000E+00 3.052009885E-13 5.581000000E-03
2.374835000E+02 1.000000000E+00 2.397921060E-13 5.221000000E-03
2.538699000E+02 1.000000000E+00 1.884065885E-13 4.884000000E-03
2.713869000E+02 1.000000000E+00 1.480634381E-13 4.569000000E-03
2.901126000E+02 1.000000000E+00 1.163554307E-13 4.274000000E-03
3.101304000E+02 1.000000000E+00 9.144418426E-14 3.998000000E-03
3.315294000E+02 1.000000000E+00 7.188126315E-14 3.740000000E-03
3.544049000E+02 1.000000000E+00 5.648794594E-14 3.498000000E-03
3.788588000E+02 1.000000000E+00 4.443054344E-14 3.273000000E-03
4.050001000E+02 1.000000000E+00 3.491707695E-14 3.061000000E-03
4.329451000E+02 0.000000000E+00 0.000000000E+00 2.864000000E-03
