# 11/08/2021 
# Data retrieved from www.chemicool.com/densities.html 
# Includes the real (n) and complex (k) part of the  refractive index. 
# Element, Ru  (Z = 44) 
# Nominal density, g cm-3 =  12.2 
#    E [keV]      n       k    Wavelength [nm] 
1.069000000E-02 -1.831326696E+01 6.425472373E-03 1.160000000E+02
1.142761000E-02 5.353694932E-01 2.089267557E+00 1.085000000E+02
1.221612000E-02 5.125873884E-01 1.938983184E+00 1.015000000E+02
1.305903000E-02 4.934107571E-01 1.793038878E+00 9.494000000E+01
1.396010000E-02 4.783132592E-01 1.652566428E+00 8.881000000E+01
1.492335000E-02 4.676844166E-01 1.517690219E+00 8.308000000E+01
1.595306000E-02 4.617759552E-01 1.388475500E+00 7.772000000E+01
1.705382000E-02 4.607177884E-01 1.265061888E+00 7.270000000E+01
1.823053000E-02 4.642160323E-01 1.148195748E+00 6.801000000E+01
1.948844000E-02 4.721566033E-01 1.037870152E+00 6.362000000E+01
2.083314000E-02 4.841923503E-01 9.343127509E-01 5.951000000E+01
2.227063000E-02 4.997408196E-01 8.379448877E-01 5.567000000E+01
2.380730000E-02 5.183515587E-01 7.487424016E-01 5.208000000E+01
2.545001000E-02 5.395813070E-01 6.665683703E-01 4.872000000E+01
2.720606000E-02 5.630218545E-01 5.911968056E-01 4.557000000E+01
2.908327000E-02 5.879427263E-01 5.228071123E-01 4.263000000E+01
3.109002000E-02 6.141020594E-01 4.609485582E-01 3.988000000E+01
3.323523000E-02 6.412629017E-01 4.053542687E-01 3.731000000E+01
3.552846000E-02 6.697861458E-01 3.554728832E-01 3.490000000E+01
3.797993000E-02 7.010083199E-01 3.093205417E-01 3.264000000E+01
4.060054000E-02 7.444718972E-01 2.617464043E-01 3.054000000E+01
4.223800000E-02 7.978314001E-01 2.365249752E-01 2.935000000E+01
4.288450000E-02 8.650656622E-01 2.274945752E-01 2.891000000E+01
4.305690000E-02 9.465534105E-01 2.252420766E-01 2.880000000E+01
4.331550000E-02 8.554584146E-01 3.819502496E-01 2.862000000E+01
4.340198000E-02 8.365902164E-01 3.788073115E-01 2.857000000E+01
4.396200000E-02 7.790705322E-01 3.580665424E-01 2.820000000E+01
4.639671000E-02 7.260639552E-01 2.851342563E-01 2.672000000E+01
4.959809000E-02 7.309767891E-01 2.190019974E-01 2.500000000E+01
5.302035000E-02 7.522824865E-01 1.719840729E-01 2.338000000E+01
5.667876000E-02 7.765932664E-01 1.372662392E-01 2.187000000E+01
6.058959000E-02 8.004428241E-01 1.107286232E-01 2.046000000E+01
6.477028000E-02 8.227841504E-01 8.993183938E-02 1.914000000E+01
6.923942000E-02 8.432334195E-01 7.342377863E-02 1.791000000E+01
7.340200000E-02 8.600556423E-01 6.158883551E-02 1.689000000E+01
7.401695000E-02 8.624757666E-01 6.007721332E-02 1.675000000E+01
7.452550000E-02 8.645686011E-01 5.889534458E-02 1.664000000E+01
7.482510000E-02 8.663859490E-01 5.817261533E-02 1.657000000E+01
7.527450000E-02 8.671925776E-01 5.856830851E-02 1.647000000E+01
7.639800000E-02 8.702310933E-01 5.612327022E-02 1.623000000E+01
7.912411000E-02 8.781879338E-01 5.072727582E-02 1.567000000E+01
8.458368000E-02 8.924806687E-01 4.195351702E-02 1.466000000E+01
9.041995000E-02 9.054003635E-01 3.474609707E-02 1.371000000E+01
9.665893000E-02 9.168031930E-01 2.886818493E-02 1.283000000E+01
1.033284000E-01 9.270250070E-01 2.399997165E-02 1.200000000E+01
1.104581000E-01 9.361291511E-01 1.997256844E-02 1.122000000E+01
1.180797000E-01 9.440850295E-01 1.667701269E-02 1.050000000E+01
1.262272000E-01 9.511722992E-01 1.393549524E-02 9.822000000E+00
1.349368000E-01 9.574700200E-01 1.166278672E-02 9.188000000E+00
1.442475000E-01 9.630049882E-01 9.775534535E-03 8.595000000E+00
1.542005000E-01 9.679030469E-01 8.204844751E-03 8.040000000E+00
1.648404000E-01 9.722377264E-01 6.895940438E-03 7.521000000E+00
1.762144000E-01 9.760785693E-01 5.803629345E-03 7.036000000E+00
1.883732000E-01 9.794978161E-01 4.888440167E-03 6.582000000E+00
2.013709000E-01 9.825580526E-01 4.119952370E-03 6.157000000E+00
2.152655000E-01 9.853174053E-01 3.474789527E-03 5.760000000E+00
2.301188000E-01 9.878510480E-01 2.930762893E-03 5.388000000E+00
2.459970000E-01 9.902583093E-01 2.472150501E-03 5.040000000E+00
2.629708000E-01 9.927527040E-01 2.085542897E-03 4.715000000E+00
2.738120000E-01 9.947032064E-01 1.880883499E-03 4.528000000E+00
2.779280000E-01 9.960005665E-01 1.810581170E-03 4.461000000E+00
2.780030000E-01 9.960390386E-01 1.809445273E-03 4.460000000E+00
2.791206000E-01 9.970342328E-01 1.790881046E-03 4.442000000E+00
2.807970000E-01 9.966290588E-01 3.319683434E-03 4.415000000E+00
2.811158000E-01 9.966081705E-01 3.322693676E-03 4.410000000E+00
2.821820000E-01 9.966858884E-01 3.334128085E-03 4.394000000E+00
2.833164000E-01 9.971861878E-01 3.345262156E-03 4.376000000E+00
2.850180000E-01 9.966898002E-01 4.415010361E-03 4.350000000E+00
2.892720000E-01 9.964075656E-01 4.539861315E-03 4.286000000E+00
3.005128000E-01 9.966394740E-01 4.934571637E-03 4.126000000E+00
3.212482000E-01 9.970903354E-01 5.813872186E-03 3.859000000E+00
3.434143000E-01 9.970511771E-01 6.482222750E-03 3.610000000E+00
3.671099000E-01 9.967173479E-01 6.751037707E-03 3.377000000E+00
3.924405000E-01 9.963105282E-01 6.613219530E-03 3.159000000E+00
4.195189000E-01 9.960157187E-01 6.153051048E-03 2.955000000E+00
4.484657000E-01 9.960303111E-01 5.495656368E-03 2.765000000E+00
4.513880000E-01 9.960752593E-01 5.424582434E-03 2.747000000E+00
4.582970000E-01 9.963431855E-01 5.254725178E-03 2.705000000E+00
4.601394000E-01 9.966749243E-01 5.209472213E-03 2.694000000E+00
4.629030000E-01 9.963296168E-01 5.794960356E-03 2.678000000E+00
4.698120000E-01 9.960446058E-01 5.613100048E-03 2.639000000E+00
4.731440000E-01 9.959965770E-01 5.523614122E-03 2.620000000E+00
4.794098000E-01 9.959863506E-01 5.361125458E-03 2.586000000E+00
4.803860000E-01 9.960018128E-01 5.336939304E-03 2.581000000E+00
4.823172000E-01 9.961118225E-01 5.288552371E-03 2.571000000E+00
4.852140000E-01 9.959529451E-01 5.468320104E-03 2.555000000E+00
4.924560000E-01 9.957882532E-01 5.282563565E-03 2.518000000E+00
5.124891000E-01 9.956579016E-01 4.784152727E-03 2.419000000E+00
5.478508000E-01 9.957102255E-01 4.008014743E-03 2.263000000E+00
5.733000000E-01 9.958691084E-01 3.529376792E-03 2.163000000E+00
5.820750000E-01 9.959805858E-01 3.377097220E-03 2.130000000E+00
5.844150000E-01 9.960656257E-01 3.339739251E-03 2.122000000E+00
5.856525000E-01 9.960686862E-01 3.463116571E-03 2.117000000E+00
5.879250000E-01 9.960107572E-01 3.425391576E-03 2.109000000E+00
5.967000000E-01 9.959980216E-01 3.282073323E-03 2.078000000E+00
6.260625000E-01 9.961363019E-01 2.849307342E-03 1.980000000E+00
6.692609000E-01 9.964083560E-01 2.334428671E-03 1.853000000E+00
7.154399000E-01 9.967158627E-01 1.902926749E-03 1.733000000E+00
7.648052000E-01 9.970259476E-01 1.548234279E-03 1.621000000E+00
8.175768000E-01 9.973262497E-01 1.255852774E-03 1.516000000E+00
8.739896000E-01 9.976052575E-01 1.017243209E-03 1.419000000E+00
9.342948000E-01 9.978694433E-01 8.216418919E-04 1.327000000E+00
9.987612000E-01 9.981085965E-01 6.632645430E-04 1.241000000E+00
1.067676000E+00 9.983265834E-01 5.315530547E-04 1.161000000E+00
1.141345000E+00 9.985241611E-01 4.244147227E-04 1.086000000E+00
1.220098000E+00 9.987026783E-01 3.361831292E-04 1.016000000E+00
1.304285000E+00 9.988627559E-01 2.667623135E-04 9.506000000E-01
1.394281000E+00 9.990055178E-01 2.119212575E-04 8.892000000E-01
1.490486000E+00 9.991316407E-01 1.686236472E-04 8.318000000E-01
1.593329000E+00 9.992428342E-01 1.343926230E-04 7.781000000E-01
1.703269000E+00 9.993405495E-01 1.073003908E-04 7.279000000E-01
1.820795000E+00 9.994264144E-01 8.580612962E-05 6.809000000E-01
1.946430000E+00 9.995018511E-01 6.836757469E-05 6.370000000E-01
2.080733000E+00 9.995686278E-01 5.431817562E-05 5.959000000E-01
2.224304000E+00 9.996279896E-01 4.320500841E-05 5.574000000E-01
2.377781000E+00 9.996811993E-01 3.440009695E-05 5.214000000E-01
2.541848000E+00 9.997302339E-01 2.739962932E-05 4.878000000E-01
2.717235000E+00 9.997807872E-01 2.184308028E-05 4.563000000E-01
2.781142000E+00 9.998040895E-01 2.018849944E-05 4.458000000E-01
2.823710000E+00 9.998328555E-01 1.918015815E-05 4.391000000E-01
2.835062000E+00 9.998598947E-01 1.891786775E-05 4.373000000E-01
2.852089000E+00 9.998374969E-01 6.734716273E-05 4.347000000E-01
2.894658000E+00 9.998235320E-01 6.397924974E-05 4.283000000E-01
2.904724000E+00 9.998232147E-01 6.320526904E-05 4.268000000E-01
2.907562000E+00 9.998232122E-01 6.299793854E-05 4.264000000E-01
2.952066000E+00 9.998306405E-01 5.978104124E-05 4.200000000E-01
2.963933000E+00 9.998420914E-01 5.895010555E-05 4.183000000E-01
2.981735000E+00 9.998311271E-01 8.055683190E-05 4.158000000E-01
3.026238000E+00 9.998206652E-01 7.743895068E-05 4.097000000E-01
3.105150000E+00 9.998181250E-01 6.910784694E-05 3.993000000E-01
3.159520000E+00 9.998210357E-01 6.394397683E-05 3.924000000E-01
3.207880000E+00 9.998269959E-01 5.976607614E-05 3.865000000E-01
3.220776000E+00 9.998322088E-01 5.873285220E-05 3.850000000E-01
3.240120000E+00 9.998286602E-01 6.615040514E-05 3.827000000E-01
3.288480000E+00 9.998277015E-01 6.223453517E-05 3.770000000E-01
3.319406000E+00 9.998286896E-01 5.996099173E-05 3.735000000E-01
3.548445000E+00 9.998424434E-01 4.719518012E-05 3.494000000E-01
3.793288000E+00 9.998576826E-01 3.848704750E-05 3.269000000E-01
4.055024000E+00 9.998719282E-01 3.059375184E-05 3.058000000E-01
4.334821000E+00 9.998860356E-01 2.404474010E-05 2.860000000E-01
4.633924000E+00 9.998990754E-01 1.890979907E-05 2.676000000E-01
4.953664000E+00 9.999110021E-01 1.486919694E-05 2.503000000E-01
5.295467000E+00 9.999217214E-01 1.169622640E-05 2.341000000E-01
5.660855000E+00 9.999312312E-01 9.207008813E-06 2.190000000E-01
6.051453000E+00 9.999394769E-01 7.215779328E-06 2.049000000E-01
6.469004000E+00 9.999469218E-01 5.648692080E-06 1.917000000E-01
6.915365000E+00 9.999535570E-01 4.414160262E-06 1.793000000E-01
7.392525000E+00 9.999593919E-01 3.452555838E-06 1.677000000E-01
7.902609000E+00 9.999644870E-01 2.704681863E-06 1.569000000E-01
8.447890000E+00 9.999689487E-01 2.120932530E-06 1.468000000E-01
9.030794000E+00 9.999728674E-01 1.658640160E-06 1.373000000E-01
9.653919000E+00 9.999763104E-01 1.286321244E-06 1.284000000E-01
1.032004000E+01 9.999793157E-01 9.988995557E-07 1.201000000E-01
1.103212000E+01 9.999819227E-01 7.773040866E-07 1.124000000E-01
1.179334000E+01 9.999842313E-01 6.040633285E-07 1.051000000E-01
1.260708000E+01 9.999862281E-01 4.698665300E-07 9.834000000E-02
1.347697000E+01 9.999879779E-01 3.645179112E-07 9.200000000E-02
1.440688000E+01 9.999895101E-01 2.822895131E-07 8.606000000E-02
1.540095000E+01 9.999908511E-01 2.182179335E-07 8.050000000E-02
1.646362000E+01 9.999920226E-01 1.688836801E-07 7.531000000E-02
1.759961000E+01 9.999930506E-01 1.308063118E-07 7.045000000E-02
1.881398000E+01 9.999939562E-01 1.013961092E-07 6.590000000E-02
2.011215000E+01 9.999947615E-01 7.868164814E-08 6.165000000E-02
2.149988000E+01 9.999955261E-01 6.109684855E-08 5.767000000E-02
2.167486000E+01 9.999956309E-01 5.924317611E-08 5.720000000E-02
2.200661000E+01 9.999958962E-01 5.594045906E-08 5.634000000E-02
2.209508000E+01 9.999960906E-01 5.509051198E-08 5.611000000E-02
2.222779000E+01 9.999959746E-01 3.675375487E-07 5.578000000E-02
2.255954000E+01 9.999959499E-01 3.473866965E-07 5.496000000E-02
2.298338000E+01 9.999960294E-01 3.236624265E-07 5.395000000E-02
2.456923000E+01 9.999964358E-01 2.535732622E-07 5.046000000E-02
2.626450000E+01 9.999968423E-01 1.996974592E-07 4.721000000E-02
2.807676000E+01 9.999972159E-01 1.564497409E-07 4.416000000E-02
3.001405000E+01 9.999975517E-01 1.220639484E-07 4.131000000E-02
3.208502000E+01 9.999978511E-01 9.511285006E-08 3.864000000E-02
3.429889000E+01 9.999981151E-01 7.414913320E-08 3.615000000E-02
3.666551000E+01 9.999983489E-01 5.777959613E-08 3.381000000E-02
3.919543000E+01 9.999985537E-01 4.505331963E-08 3.163000000E-02
4.189992000E+01 9.999987335E-01 3.513035444E-08 2.959000000E-02
4.479101000E+01 9.999988906E-01 2.735684485E-08 2.768000000E-02
4.788159000E+01 9.999990294E-01 2.117042935E-08 2.589000000E-02
5.118542000E+01 9.999991507E-01 1.639059946E-08 2.422000000E-02
5.471721000E+01 9.999992568E-01 1.269357887E-08 2.266000000E-02
5.849270000E+01 9.999993497E-01 9.830810708E-09 2.120000000E-02
6.252870000E+01 9.999994313E-01 7.610554515E-09 1.983000000E-02
6.684318000E+01 9.999995026E-01 5.892652435E-09 1.855000000E-02
7.145536000E+01 9.999995650E-01 4.559023421E-09 1.735000000E-02
7.638578000E+01 9.999996196E-01 3.527230697E-09 1.623000000E-02
8.165640000E+01 9.999996673E-01 2.724630104E-09 1.518000000E-02
8.729069000E+01 9.999997090E-01 2.099017251E-09 1.420000000E-02
9.331374000E+01 9.999997452E-01 1.618816249E-09 1.329000000E-02
9.975239000E+01 9.999997772E-01 1.245580068E-09 1.243000000E-02
1.066353000E+02 9.999998051E-01 9.585602478E-10 1.163000000E-02
1.139931000E+02 9.999998295E-01 7.374946572E-10 1.088000000E-02
1.218587000E+02 9.999998511E-01 5.665228592E-10 1.017000000E-02
1.302669000E+02 9.999998696E-01 4.362562880E-10 9.518000000E-03
1.392553000E+02 9.999998859E-01 3.356000276E-10 8.903000000E-03
1.488640000E+02 9.999999002E-01 2.582582464E-10 8.329000000E-03
1.591356000E+02 9.999999127E-01 1.987027037E-10 7.791000000E-03
1.701159000E+02 9.999999236E-01 1.528949846E-10 7.288000000E-03
1.818539000E+02 9.999999332E-01 1.176705785E-10 6.818000000E-03
1.944018000E+02 9.999999415E-01 9.055567324E-11 6.378000000E-03
2.078156000E+02 9.999999489E-01 6.968188820E-11 5.966000000E-03
2.221548000E+02 9.999999552E-01 5.362968963E-11 5.581000000E-03
2.374835000E+02 9.999999608E-01 4.127852360E-11 5.221000000E-03
2.538699000E+02 9.999999657E-01 3.177066430E-11 4.884000000E-03
2.713869000E+02 9.999999700E-01 2.445616074E-11 4.569000000E-03
2.901126000E+02 9.999999738E-01 1.882316775E-11 4.274000000E-03
3.101304000E+02 9.999999770E-01 1.448778589E-11 3.998000000E-03
3.315294000E+02 9.999999799E-01 1.115241780E-11 3.740000000E-03
3.544049000E+02 9.999999824E-01 8.581851360E-12 3.498000000E-03
3.788588000E+02 9.999999846E-01 6.609495320E-12 3.273000000E-03
4.050001000E+02 9.999999866E-01 5.085752405E-12 3.061000000E-03
4.329451000E+02 0.000000000E+00 0.000000000E+00 2.864000000E-03
