# 11/08/2021 
# Data retrieved from www.chemicool.com/densities.html 
# Includes the real (n) and complex (k) part of the  refractive index. 
# Element, S  (Z = 16) 
# Nominal density, g cm-3 =  2.07 
#    E [keV]      n       k    Wavelength [nm] 
7.580180000E-03 -6.468141365E+00 5.901010667E-05 1.636000000E+02
7.657359000E-03 2.949551065E+00 0.000000000E+00 1.619000000E+02
7.696204000E-03 3.225087380E+00 0.000000000E+00 1.611000000E+02
7.727143000E-03 3.731086511E+00 0.000000000E+00 1.605000000E+02
7.774563000E-03 3.575545171E+00 7.936282196E-01 1.595000000E+02
7.805818000E-03 3.854501642E+00 8.073899443E-01 1.588000000E+02
7.852700000E-03 3.395744487E+00 1.605136936E+00 1.579000000E+02
7.889576000E-03 3.198336731E+00 1.638106855E+00 1.571000000E+02
7.969904000E-03 2.979533103E+00 1.716496072E+00 1.556000000E+02
1.069000000E-02 -1.390208566E-01 2.357321490E+00 1.160000000E+02
1.142761000E-02 -4.420743348E-01 1.774285906E+00 1.085000000E+02
1.221612000E-02 -4.898154198E-01 1.234308644E+00 1.015000000E+02
1.305903000E-02 -3.827296618E-01 8.113519628E-01 9.494000000E+01
1.396010000E-02 -2.088815197E-01 5.139646593E-01 8.881000000E+01
1.492335000E-02 -2.335494747E-02 3.188727339E-01 8.308000000E+01
1.595306000E-02 1.468805109E-01 1.963666588E-01 7.772000000E+01
1.705382000E-02 2.925119500E-01 1.213387030E-01 7.270000000E+01
1.733447000E-02 3.242496236E-01 1.080211553E-01 7.152000000E+01
1.759979000E-02 3.522503638E-01 9.704953976E-02 7.045000000E+01
1.767054000E-02 3.596306131E-01 9.432938375E-02 7.016000000E+01
1.777667000E-02 3.700786094E-01 9.049829187E-02 6.975000000E+01
1.804199000E-02 3.956095596E-01 8.161776104E-02 6.872000000E+01
1.823053000E-02 4.127863573E-01 7.596183602E-02 6.801000000E+01
1.948844000E-02 5.109324956E-01 4.853605119E-02 6.362000000E+01
2.083314000E-02 5.908733721E-01 3.192182363E-02 5.951000000E+01
2.227063000E-02 6.561116672E-01 2.185184300E-02 5.567000000E+01
2.380730000E-02 7.097106587E-01 1.579406954E-02 5.208000000E+01
2.545001000E-02 7.539544902E-01 1.222907242E-02 4.872000000E+01
2.720606000E-02 7.907115731E-01 1.020272616E-02 4.557000000E+01
2.908327000E-02 8.212460604E-01 9.094775007E-03 4.263000000E+01
3.109002000E-02 8.467512124E-01 8.478429263E-03 3.988000000E+01
3.323523000E-02 8.681323366E-01 8.084563175E-03 3.731000000E+01
3.552846000E-02 8.862023654E-01 7.743998669E-03 3.490000000E+01
3.797993000E-02 9.015679178E-01 7.369707781E-03 3.264000000E+01
4.060054000E-02 9.146117855E-01 6.942939208E-03 3.054000000E+01
4.340198000E-02 9.258592479E-01 6.463564423E-03 2.857000000E+01
4.639671000E-02 9.356163513E-01 5.950658626E-03 2.672000000E+01
4.959809000E-02 9.440394573E-01 5.434497269E-03 2.500000000E+01
5.302035000E-02 9.514270078E-01 4.926303697E-03 2.338000000E+01
5.667876000E-02 9.578470612E-01 4.448393964E-03 2.187000000E+01
6.058959000E-02 9.634676780E-01 4.007901113E-03 2.046000000E+01
6.477028000E-02 9.684060000E-01 3.610991097E-03 1.914000000E+01
6.923942000E-02 9.727169593E-01 3.257056179E-03 1.791000000E+01
7.401695000E-02 9.765292423E-01 2.936927053E-03 1.675000000E+01
7.912411000E-02 9.798670176E-01 2.651934304E-03 1.567000000E+01
8.458368000E-02 9.828083818E-01 2.395787752E-03 1.466000000E+01
9.041995000E-02 9.854210610E-01 2.162539115E-03 1.371000000E+01
9.665893000E-02 9.877258470E-01 1.952940363E-03 1.283000000E+01
1.033284000E-01 9.898042907E-01 1.758932991E-03 1.200000000E+01
1.104581000E-01 9.916941855E-01 1.579523804E-03 1.122000000E+01
1.180797000E-01 9.934275252E-01 1.416723280E-03 1.050000000E+01
1.262272000E-01 9.950890284E-01 1.265191421E-03 9.822000000E+00
1.349368000E-01 9.967657044E-01 1.125545897E-03 9.188000000E+00
1.442475000E-01 9.986470115E-01 9.972114853E-04 8.595000000E+00
1.542005000E-01 1.001332967E+00 8.585729608E-04 8.040000000E+00
1.615040000E-01 1.005643053E+00 7.684168697E-04 7.677000000E+00
1.639760000E-01 1.010842996E+00 7.403660176E-04 7.561000000E+00
1.646352000E-01 1.017066522E+00 7.331574317E-04 7.531000000E+00
1.648404000E-01 1.022541321E+00 1.311047717E-02 7.521000000E+00
1.656240000E-01 1.010494482E+00 1.295942056E-02 7.486000000E+00
1.680960000E-01 1.004791924E+00 1.249028484E-02 7.376000000E+00
1.762144000E-01 9.997680738E-01 1.110461726E-02 7.036000000E+00
1.883732000E-01 9.972992647E-01 9.389913835E-03 6.582000000E+00
2.013709000E-01 9.962682091E-01 7.881947073E-03 6.157000000E+00
2.152655000E-01 9.959165344E-01 6.568485837E-03 5.760000000E+00
2.246160000E-01 9.960054895E-01 5.826348452E-03 5.520000000E+00
2.280540000E-01 9.962504621E-01 5.578736626E-03 5.437000000E+00
2.289708000E-01 9.965587888E-01 5.514250157E-03 5.415000000E+00
2.301188000E-01 9.962784365E-01 6.045634730E-03 5.388000000E+00
2.303460000E-01 9.962336673E-01 6.029871586E-03 5.383000000E+00
2.337840000E-01 9.959566340E-01 5.785281514E-03 5.303000000E+00
2.459970000E-01 9.957615784E-01 5.015265012E-03 5.040000000E+00
2.629708000E-01 9.958240306E-01 4.142357561E-03 4.715000000E+00
2.811158000E-01 9.960222909E-01 3.402313791E-03 4.410000000E+00
3.005128000E-01 9.962846566E-01 2.783078710E-03 4.126000000E+00
3.212482000E-01 9.965809679E-01 2.265348641E-03 3.859000000E+00
3.434143000E-01 9.968858031E-01 1.837333426E-03 3.610000000E+00
3.671099000E-01 9.971871863E-01 1.484772003E-03 3.377000000E+00
3.924405000E-01 9.974763575E-01 1.196014106E-03 3.159000000E+00
4.195189000E-01 9.977480865E-01 9.606028186E-04 2.955000000E+00
4.484657000E-01 9.979981922E-01 7.699978678E-04 2.765000000E+00
4.794098000E-01 9.982286147E-01 6.152081770E-04 2.586000000E+00
5.124891000E-01 9.984364935E-01 4.906615069E-04 2.419000000E+00
5.478508000E-01 9.986232200E-01 3.906674177E-04 2.263000000E+00
5.856525000E-01 9.987901600E-01 3.104981471E-04 2.117000000E+00
6.260625000E-01 9.989390625E-01 2.463021161E-04 1.980000000E+00
6.692609000E-01 9.990697559E-01 1.953369480E-04 1.853000000E+00
7.154399000E-01 9.991863396E-01 1.544791649E-04 1.733000000E+00
7.648052000E-01 9.992887757E-01 1.220381968E-04 1.621000000E+00
8.175768000E-01 9.993789845E-01 9.627982827E-05 1.516000000E+00
8.739896000E-01 9.994571449E-01 7.603131991E-05 1.419000000E+00
9.342948000E-01 9.995265103E-01 5.989595081E-05 1.327000000E+00
9.987612000E-01 9.995870240E-01 4.717385635E-05 1.241000000E+00
1.067676000E+00 9.996399272E-01 3.658199786E-05 1.161000000E+00
1.141345000E+00 9.996864264E-01 2.838029649E-05 1.086000000E+00
1.220098000E+00 9.997270020E-01 2.204764750E-05 1.016000000E+00
1.304285000E+00 9.997624002E-01 1.714959673E-05 9.506000000E-01
1.394281000E+00 9.997934054E-01 1.334728400E-05 8.892000000E-01
1.490486000E+00 9.998204560E-01 1.040015103E-05 8.318000000E-01
1.593329000E+00 9.998440894E-01 8.112323139E-06 7.781000000E-01
1.703269000E+00 9.998647526E-01 6.335223139E-06 7.279000000E-01
1.820795000E+00 9.998828962E-01 4.952262941E-06 6.809000000E-01
1.946430000E+00 9.998988788E-01 3.876097559E-06 6.370000000E-01
2.080733000E+00 9.999131552E-01 3.036796927E-06 5.959000000E-01
2.224304000E+00 9.999263160E-01 2.381290354E-06 5.574000000E-01
2.377781000E+00 9.999401133E-01 1.869345204E-06 5.214000000E-01
2.422560000E+00 9.999454582E-01 1.747607262E-06 5.118000000E-01
2.459640000E+00 9.999540209E-01 1.654382579E-06 5.041000000E-01
2.469528000E+00 9.999626462E-01 1.630730017E-06 5.021000000E-01
2.484360000E+00 9.999548568E-01 1.767987589E-05 4.991000000E-01
2.521440000E+00 9.999489284E-01 1.683316894E-05 4.917000000E-01
2.541848000E+00 9.999478954E-01 1.639540950E-05 4.878000000E-01
2.717235000E+00 9.999483051E-01 1.301485055E-05 4.563000000E-01
2.904724000E+00 9.999524337E-01 1.023363920E-05 4.268000000E-01
3.105150000E+00 9.999571267E-01 8.050666805E-06 3.993000000E-01
3.319406000E+00 9.999617502E-01 6.318485467E-06 3.735000000E-01
3.548445000E+00 9.999660843E-01 4.946927236E-06 3.494000000E-01
3.793288000E+00 9.999700400E-01 3.874679373E-06 3.269000000E-01
4.055024000E+00 9.999736143E-01 3.034154154E-06 3.058000000E-01
4.334821000E+00 9.999768163E-01 2.374958183E-06 2.860000000E-01
4.633924000E+00 9.999796392E-01 1.859790696E-06 2.676000000E-01
4.953664000E+00 9.999820990E-01 1.455024724E-06 2.503000000E-01
5.295467000E+00 9.999843214E-01 1.127797950E-06 2.341000000E-01
5.660855000E+00 9.999862738E-01 8.745909937E-07 2.190000000E-01
6.051453000E+00 9.999879866E-01 6.784732710E-07 2.049000000E-01
6.469004000E+00 9.999894906E-01 5.263078501E-07 1.917000000E-01
6.915365000E+00 9.999908137E-01 4.080544284E-07 1.793000000E-01
7.392525000E+00 9.999919718E-01 3.163803939E-07 1.677000000E-01
7.902609000E+00 9.999929801E-01 2.454707227E-07 1.569000000E-01
8.447890000E+00 9.999938615E-01 1.904613901E-07 1.468000000E-01
9.030794000E+00 9.999946356E-01 1.474557114E-07 1.373000000E-01
9.653919000E+00 9.999953141E-01 1.135284866E-07 1.284000000E-01
1.032004000E+01 9.999959052E-01 8.744307453E-08 1.201000000E-01
1.103212000E+01 9.999964176E-01 6.724206536E-08 1.124000000E-01
1.179334000E+01 9.999968715E-01 5.143501688E-08 1.051000000E-01
1.260708000E+01 9.999972642E-01 3.939685014E-08 9.834000000E-02
1.347697000E+01 9.999976082E-01 3.016789178E-08 9.200000000E-02
1.440688000E+01 9.999979093E-01 2.309684837E-08 8.606000000E-02
1.540095000E+01 9.999981725E-01 1.768204561E-08 8.050000000E-02
1.646362000E+01 9.999984021E-01 1.354098100E-08 7.531000000E-02
1.759961000E+01 9.999986029E-01 1.036879949E-08 7.045000000E-02
1.881398000E+01 9.999987785E-01 7.939005048E-09 6.590000000E-02
2.011215000E+01 9.999989318E-01 6.080102353E-09 6.165000000E-02
2.149988000E+01 9.999990659E-01 4.655752447E-09 5.767000000E-02
2.298338000E+01 9.999991830E-01 3.565600710E-09 5.395000000E-02
2.456923000E+01 9.999992857E-01 2.729667553E-09 5.046000000E-02
2.626450000E+01 9.999993751E-01 2.091028440E-09 4.721000000E-02
2.807676000E+01 9.999994535E-01 1.591287613E-09 4.416000000E-02
3.001405000E+01 9.999995219E-01 1.208726089E-09 4.131000000E-02
3.208502000E+01 9.999995819E-01 9.179455823E-10 3.864000000E-02
3.429889000E+01 9.999996342E-01 6.974133696E-10 3.615000000E-02
3.666551000E+01 9.999996801E-01 5.295534782E-10 3.381000000E-02
3.919543000E+01 9.999997201E-01 4.023160419E-10 3.163000000E-02
4.189992000E+01 9.999997551E-01 3.056318305E-10 2.959000000E-02
4.479101000E+01 9.999997858E-01 2.321756317E-10 2.768000000E-02
4.788159000E+01 9.999998126E-01 1.763154166E-10 2.589000000E-02
5.118542000E+01 9.999998360E-01 1.339563926E-10 2.422000000E-02
5.471721000E+01 9.999998565E-01 1.015949810E-10 2.266000000E-02
5.849270000E+01 9.999998744E-01 7.694768629E-11 2.120000000E-02
6.252870000E+01 9.999998902E-01 5.825439541E-11 1.983000000E-02
6.684318000E+01 9.999999039E-01 4.411009628E-11 1.855000000E-02
7.145536000E+01 9.999999159E-01 3.338977819E-11 1.735000000E-02
7.638578000E+01 9.999999264E-01 2.528279760E-11 1.623000000E-02
8.165640000E+01 9.999999357E-01 1.913522077E-11 1.518000000E-02
8.729069000E+01 9.999999437E-01 1.448154430E-11 1.420000000E-02
9.331374000E+01 9.999999507E-01 1.097056903E-11 1.329000000E-02
9.975239000E+01 9.999999569E-01 8.299635796E-12 1.243000000E-02
1.066353000E+02 9.999999622E-01 6.283996240E-12 1.163000000E-02
1.139931000E+02 9.999999670E-01 4.756294942E-12 1.088000000E-02
1.218587000E+02 9.999999711E-01 3.594307950E-12 1.017000000E-02
1.302669000E+02 9.999999747E-01 2.722778746E-12 9.518000000E-03
1.392553000E+02 9.999999779E-01 2.060361978E-12 8.903000000E-03
1.488640000E+02 9.999999806E-01 1.559608826E-12 8.329000000E-03
1.591356000E+02 9.999999831E-01 1.180241657E-12 7.791000000E-03
1.701159000E+02 9.999999852E-01 8.932439487E-13 7.288000000E-03
1.818539000E+02 9.999999870E-01 6.761236971E-13 6.818000000E-03
1.944018000E+02 9.999999886E-01 5.117393471E-13 6.378000000E-03
2.078156000E+02 9.999999901E-01 3.872683714E-13 5.966000000E-03
2.221548000E+02 9.999999913E-01 2.931094320E-13 5.581000000E-03
2.374835000E+02 9.999999924E-01 2.218619197E-13 5.221000000E-03
2.538699000E+02 9.999999933E-01 1.679183688E-13 4.884000000E-03
2.713869000E+02 9.999999942E-01 1.271054070E-13 4.569000000E-03
2.901126000E+02 9.999999949E-01 9.619597029E-14 4.274000000E-03
3.101304000E+02 9.999999955E-01 7.280342116E-14 3.998000000E-03
3.315294000E+02 9.999999961E-01 5.510465949E-14 3.740000000E-03
3.544049000E+02 9.999999966E-01 4.169189221E-14 3.498000000E-03
3.788588000E+02 9.999999970E-01 3.157100292E-14 3.273000000E-03
4.050001000E+02 9.999999974E-01 2.388331294E-14 3.061000000E-03
4.329451000E+02 0.000000000E+00 0.000000000E+00 2.864000000E-03
