# 11/08/2021 
# Data retrieved from www.chemicool.com/densities.html 
# Includes the real (n) and complex (k) part of the  refractive index. 
# Element, Sb  (Z = 51) 
# Nominal density, g cm-3 =  6.684 
#    E [keV]      n       k    Wavelength [nm] 
1.069000000E-02 -9.183676835E+00 5.791065991E-03 1.160000000E+02
1.142761000E-02 3.972961950E-02 0.000000000E+00 1.085000000E+02
1.221612000E-02 1.773033831E-01 0.000000000E+00 1.015000000E+02
1.305903000E-02 2.982415973E-01 0.000000000E+00 9.494000000E+01
1.396010000E-02 4.044078530E-01 0.000000000E+00 8.881000000E+01
1.492335000E-02 4.977826279E-01 0.000000000E+00 8.308000000E+01
1.595306000E-02 5.801261166E-01 0.000000000E+00 7.772000000E+01
1.705382000E-02 6.530120656E-01 0.000000000E+00 7.270000000E+01
1.823053000E-02 7.176784846E-01 0.000000000E+00 6.801000000E+01
1.948844000E-02 7.754598027E-01 0.000000000E+00 6.362000000E+01
2.083314000E-02 8.275187259E-01 0.000000000E+00 5.951000000E+01
2.227063000E-02 8.749511806E-01 0.000000000E+00 5.567000000E+01
2.380730000E-02 9.189779470E-01 0.000000000E+00 5.208000000E+01
2.545001000E-02 9.609866964E-01 0.000000000E+00 4.872000000E+01
2.720606000E-02 1.002786978E+00 0.000000000E+00 4.557000000E+01
2.908327000E-02 1.047357514E+00 0.000000000E+00 4.263000000E+01
3.077200000E-02 1.092531830E+00 0.000000000E+00 4.029000000E+01
3.109002000E-02 1.102912549E+00 0.000000000E+00 3.988000000E+01
3.124300000E-02 1.108712338E+00 0.000000000E+00 3.968000000E+01
3.136860000E-02 1.115488157E+00 0.000000000E+00 3.952000000E+01
3.155700000E-02 1.119234993E+00 5.896537736E-03 3.929000000E+01
3.202800000E-02 1.132638586E+00 8.227768993E-03 3.871000000E+01
3.323523000E-02 1.174976981E+00 1.891807604E-02 3.731000000E+01
3.552846000E-02 1.269238791E+00 8.089137606E-02 3.490000000E+01
3.797993000E-02 1.328225455E+00 2.244259063E-01 3.264000000E+01
4.060054000E-02 1.275891430E+00 4.040859226E-01 3.054000000E+01
4.340198000E-02 1.111496132E+00 5.159240164E-01 2.857000000E+01
4.639671000E-02 9.223162125E-01 5.044360538E-01 2.672000000E+01
4.959809000E-02 7.912406328E-01 4.037272306E-01 2.500000000E+01
5.302035000E-02 7.398727347E-01 2.789781479E-01 2.338000000E+01
5.667876000E-02 7.453076323E-01 1.744841330E-01 2.187000000E+01
6.058959000E-02 7.772147239E-01 1.025458046E-01 2.046000000E+01
6.477028000E-02 8.152703774E-01 5.837152102E-02 1.914000000E+01
6.923942000E-02 8.499461728E-01 3.299766846E-02 1.791000000E+01
7.401695000E-02 8.787266693E-01 1.884966242E-02 1.675000000E+01
7.912411000E-02 9.015290490E-01 1.105703773E-02 1.567000000E+01
8.458368000E-02 9.195223470E-01 6.725803601E-03 1.466000000E+01
9.041995000E-02 9.339627318E-01 4.268928972E-03 1.371000000E+01
9.643200000E-02 9.458727983E-01 2.883517786E-03 1.286000000E+01
9.665893000E-02 9.463305526E-01 2.844940308E-03 1.283000000E+01
9.790800000E-02 9.494197739E-01 2.643142690E-03 1.266000000E+01
9.830160000E-02 9.515514700E-01 2.585053330E-03 1.261000000E+01
9.889200000E-02 9.506324444E-01 5.612074491E-03 1.254000000E+01
1.003680000E-01 9.511792372E-01 5.246772180E-03 1.235000000E+01
1.033284000E-01 9.538237098E-01 4.625208878E-03 1.200000000E+01
1.104581000E-01 9.603639946E-01 3.516712939E-03 1.122000000E+01
1.180797000E-01 9.661105152E-01 2.784944448E-03 1.050000000E+01
1.262272000E-01 9.710521510E-01 2.291281539E-03 9.822000000E+00
1.349368000E-01 9.752603405E-01 1.949451569E-03 9.188000000E+00
1.442475000E-01 9.788729914E-01 1.706372206E-03 8.595000000E+00
1.489600000E-01 9.804738428E-01 1.613946769E-03 8.323000000E+00
1.512400000E-01 9.812828581E-01 1.574800975E-03 8.198000000E+00
1.518480000E-01 9.816196754E-01 1.564718309E-03 8.165000000E+00
1.527600000E-01 9.817111883E-01 1.867909486E-03 8.116000000E+00
1.542005000E-01 9.819963220E-01 1.843154279E-03 8.040000000E+00
1.550400000E-01 9.821843062E-01 1.829465666E-03 7.997000000E+00
1.648404000E-01 9.843750721E-01 1.690122126E-03 7.521000000E+00
1.762144000E-01 9.864985124E-01 1.565935616E-03 7.036000000E+00
1.883732000E-01 9.883357595E-01 1.458825000E-03 6.582000000E+00
2.013709000E-01 9.899227303E-01 1.363414154E-03 6.157000000E+00
2.152655000E-01 9.912914676E-01 1.277823380E-03 5.760000000E+00
2.301188000E-01 9.924759443E-01 1.198380441E-03 5.388000000E+00
2.459970000E-01 9.935010406E-01 1.121684340E-03 5.040000000E+00
2.629708000E-01 9.943911896E-01 1.045932778E-03 4.715000000E+00
2.811158000E-01 9.951719076E-01 9.708206490E-04 4.410000000E+00
3.005128000E-01 9.958560237E-01 8.974391413E-04 4.126000000E+00
3.212482000E-01 9.964631004E-01 8.246833269E-04 3.859000000E+00
3.434143000E-01 9.970044205E-01 7.538271827E-04 3.610000000E+00
3.671099000E-01 9.974957949E-01 6.849557381E-04 3.377000000E+00
3.924405000E-01 9.979520258E-01 6.187010987E-04 3.159000000E+00
4.195189000E-01 9.983919876E-01 5.555375609E-04 2.955000000E+00
4.484657000E-01 9.988458799E-01 4.962795908E-04 2.765000000E+00
4.794098000E-01 9.993897168E-01 4.406577355E-04 2.586000000E+00
5.124891000E-01 1.000381439E+00 3.888437611E-04 2.419000000E+00
5.169500000E-01 1.000653051E+00 3.823434361E-04 2.398000000E+00
5.248625000E-01 1.001647733E+00 3.712558151E-04 2.362000000E+00
5.261620000E-01 1.002102390E+00 3.694132197E-04 2.356000000E+00
5.269725000E-01 1.002709998E+00 3.684976664E-04 2.353000000E+00
5.301375000E-01 1.001771421E+00 2.322805102E-03 2.339000000E+00
5.342155000E-01 1.001490501E+00 2.257477757E-03 2.321000000E+00
5.363631000E-01 1.001933741E+00 2.224707439E-03 2.312000000E+00
5.380500000E-01 1.001482844E+00 3.458638669E-03 2.304000000E+00
5.395845000E-01 1.001035342E+00 3.422873930E-03 2.298000000E+00
5.478508000E-01 1.000083251E+00 3.229192609E-03 2.263000000E+00
5.856525000E-01 9.989158191E-01 2.505728450E-03 2.117000000E+00
6.260625000E-01 9.986456047E-01 1.960959066E-03 1.980000000E+00
6.692609000E-01 9.986124361E-01 1.558827161E-03 1.853000000E+00
7.154399000E-01 9.986842675E-01 1.247015905E-03 1.733000000E+00
7.502880000E-01 9.987930810E-01 1.065510530E-03 1.652000000E+00
7.617720000E-01 9.988720738E-01 1.014733892E-03 1.628000000E+00
7.648052000E-01 9.989459807E-01 1.000883513E-03 1.621000000E+00
7.648344000E-01 9.989459807E-01 1.000883513E-03 1.621000000E+00
7.694280000E-01 9.988859596E-01 1.115448890E-03 1.611000000E+00
7.809120000E-01 9.988482114E-01 1.065728645E-03 1.588000000E+00
7.956620000E-01 9.988556364E-01 1.004247012E-03 1.558000000E+00
8.078405000E-01 9.988843950E-01 9.581155018E-04 1.535000000E+00
8.110881000E-01 9.989130730E-01 9.463069209E-04 1.529000000E+00
8.159595000E-01 9.988919126E-01 9.787193409E-04 1.519000000E+00
8.175768000E-01 9.988879362E-01 9.727785171E-04 1.516000000E+00
8.281380000E-01 9.988815936E-01 9.355884769E-04 1.497000000E+00
8.739896000E-01 9.989229123E-01 7.932205565E-04 1.419000000E+00
9.248260000E-01 9.989987956E-01 6.663106268E-04 1.341000000E+00
9.342948000E-01 9.990179622E-01 6.452903865E-04 1.327000000E+00
9.389815000E-01 9.990307215E-01 6.350384886E-04 1.320000000E+00
9.427563000E-01 9.990494400E-01 6.274675584E-04 1.315000000E+00
9.484185000E-01 9.990425081E-01 6.434883393E-04 1.307000000E+00
9.625740000E-01 9.990482960E-01 6.153221378E-04 1.288000000E+00
9.987612000E-01 9.990862464E-01 5.496318825E-04 1.241000000E+00
1.067676000E+00 9.991629393E-01 4.420793562E-04 1.161000000E+00
1.141345000E+00 9.992455329E-01 3.551204860E-04 1.086000000E+00
1.220098000E+00 9.993251647E-01 2.853012214E-04 1.016000000E+00
1.304285000E+00 9.993992541E-01 2.292132834E-04 9.506000000E-01
1.394281000E+00 9.994676435E-01 1.834543662E-04 8.892000000E-01
1.490486000E+00 9.995299754E-01 1.466329368E-04 8.318000000E-01
1.593329000E+00 9.995860557E-01 1.172243415E-04 7.781000000E-01
1.703269000E+00 9.996362208E-01 9.369330326E-05 7.279000000E-01
1.820795000E+00 9.996809348E-01 7.491071223E-05 6.809000000E-01
1.946430000E+00 9.997204658E-01 5.988655843E-05 6.370000000E-01
2.080733000E+00 9.997553860E-01 4.789197586E-05 5.959000000E-01
2.224304000E+00 9.997862172E-01 3.809267498E-05 5.574000000E-01
2.377781000E+00 9.998134391E-01 3.025907412E-05 5.214000000E-01
2.541848000E+00 9.998373691E-01 2.408106246E-05 4.878000000E-01
2.717235000E+00 9.998584606E-01 1.918877786E-05 4.563000000E-01
2.904724000E+00 9.998770031E-01 1.531150655E-05 4.268000000E-01
3.105150000E+00 9.998932088E-01 1.209954973E-05 3.993000000E-01
3.319406000E+00 9.999077064E-01 9.431652452E-06 3.735000000E-01
3.548445000E+00 9.999207733E-01 7.351407310E-06 3.494000000E-01
3.793288000E+00 9.999329120E-01 5.740747987E-06 3.269000000E-01
4.049556000E+00 9.999462009E-01 4.504561259E-06 3.062000000E-01
4.055024000E+00 9.999465807E-01 4.482539307E-06 3.058000000E-01
4.111539000E+00 9.999524571E-01 4.259232568E-06 3.016000000E-01
4.128068000E+00 9.999581680E-01 4.193979113E-06 3.003000000E-01
4.152861000E+00 9.999534943E-01 1.425969806E-05 2.986000000E-01
4.214844000E+00 9.999506858E-01 1.337924811E-05 2.942000000E-01
4.292792000E+00 9.999512484E-01 1.236206242E-05 2.888000000E-01
4.334821000E+00 9.999524214E-01 1.185620762E-05 2.860000000E-01
4.358498000E+00 9.999536508E-01 1.160723252E-05 2.845000000E-01
4.376020000E+00 9.999561441E-01 1.142050675E-05 2.833000000E-01
4.402302000E+00 9.999540820E-01 1.563116266E-05 2.816000000E-01
4.468008000E+00 9.999528874E-01 1.473057356E-05 2.775000000E-01
4.604334000E+00 9.999539523E-01 1.307820115E-05 2.693000000E-01
4.633924000E+00 9.999544407E-01 1.276495384E-05 2.676000000E-01
4.674808000E+00 9.999554699E-01 1.234408757E-05 2.652000000E-01
4.693602000E+00 9.999566119E-01 1.216526629E-05 2.642000000E-01
4.721791000E+00 9.999559623E-01 1.377091692E-05 2.626000000E-01
4.792266000E+00 9.999559503E-01 1.305728990E-05 2.587000000E-01
4.953664000E+00 9.999573792E-01 1.162208454E-05 2.503000000E-01
5.295467000E+00 9.999612692E-01 9.227807331E-06 2.341000000E-01
5.660855000E+00 9.999652673E-01 7.311288071E-06 2.190000000E-01
6.051453000E+00 9.999690893E-01 5.765792388E-06 2.049000000E-01
6.469004000E+00 9.999726360E-01 4.535124452E-06 1.917000000E-01
6.915365000E+00 9.999758764E-01 3.562119079E-06 1.793000000E-01
7.392525000E+00 9.999787861E-01 2.797989030E-06 1.677000000E-01
7.902609000E+00 9.999813646E-01 2.200520706E-06 1.569000000E-01
8.447890000E+00 9.999836231E-01 1.731384323E-06 1.468000000E-01
9.030794000E+00 9.999856369E-01 1.357036942E-06 1.373000000E-01
9.653919000E+00 9.999874239E-01 1.053824529E-06 1.284000000E-01
1.032004000E+01 9.999890018E-01 8.179793547E-07 1.201000000E-01
1.103212000E+01 9.999903765E-01 6.361100309E-07 1.124000000E-01
1.179334000E+01 9.999915976E-01 4.942558313E-07 1.051000000E-01
1.260708000E+01 9.999926557E-01 3.848979402E-07 9.834000000E-02
1.347697000E+01 9.999935837E-01 2.999214441E-07 9.200000000E-02
1.440688000E+01 9.999943961E-01 2.338681222E-07 8.606000000E-02
1.540095000E+01 9.999951066E-01 1.823528310E-07 8.050000000E-02
1.646362000E+01 9.999957260E-01 1.423157470E-07 7.531000000E-02
1.759961000E+01 9.999962678E-01 1.111685093E-07 7.045000000E-02
1.881398000E+01 9.999967415E-01 8.664127572E-08 6.590000000E-02
2.011215000E+01 9.999971551E-01 6.745192304E-08 6.165000000E-02
2.149988000E+01 9.999975173E-01 5.234187707E-08 5.767000000E-02
2.298338000E+01 9.999978342E-01 4.061955147E-08 5.395000000E-02
2.456923000E+01 9.999981128E-01 3.153982435E-08 5.046000000E-02
2.626450000E+01 9.999983569E-01 2.452618499E-08 4.721000000E-02
2.807676000E+01 9.999985751E-01 1.888634926E-08 4.416000000E-02
2.988138000E+01 9.999987718E-01 1.476234755E-08 4.149000000E-02
3.001405000E+01 9.999987879E-01 1.450903023E-08 4.131000000E-02
3.033874000E+01 9.999988392E-01 1.390736368E-08 4.087000000E-02
3.046071000E+01 9.999988858E-01 1.368481892E-08 4.070000000E-02
3.064366000E+01 9.999988619E-01 8.530718507E-08 4.046000000E-02
3.110102000E+01 9.999988623E-01 8.078676948E-08 3.987000000E-02
3.208502000E+01 9.999989096E-01 7.199379704E-08 3.864000000E-02
3.429889000E+01 9.999990286E-01 5.640649519E-08 3.615000000E-02
3.666551000E+01 9.999991427E-01 4.419789857E-08 3.381000000E-02
3.919543000E+01 9.999992456E-01 3.466047229E-08 3.163000000E-02
4.189992000E+01 9.999993373E-01 2.708810514E-08 2.959000000E-02
4.479101000E+01 9.999994187E-01 2.114327155E-08 2.768000000E-02
4.788159000E+01 9.999994906E-01 1.649047430E-08 2.589000000E-02
5.118542000E+01 9.999995537E-01 1.286083856E-08 2.422000000E-02
5.471721000E+01 9.999996091E-01 1.002939671E-08 2.266000000E-02
5.849270000E+01 9.999996577E-01 7.820330776E-09 2.120000000E-02
6.252870000E+01 9.999997003E-01 6.086015133E-09 1.983000000E-02
6.684318000E+01 9.999997377E-01 4.724899452E-09 1.855000000E-02
7.145536000E+01 9.999997706E-01 3.667337161E-09 1.735000000E-02
7.638578000E+01 9.999997993E-01 2.847545144E-09 1.623000000E-02
8.165640000E+01 9.999998245E-01 2.206984616E-09 1.518000000E-02
8.729069000E+01 9.999998465E-01 1.704892726E-09 1.420000000E-02
9.331374000E+01 9.999998656E-01 1.318463124E-09 1.329000000E-02
9.975239000E+01 9.999998825E-01 1.018320132E-09 1.243000000E-02
1.066353000E+02 9.999998971E-01 7.871515094E-10 1.163000000E-02
1.139931000E+02 9.999999100E-01 6.083368516E-10 1.088000000E-02
1.218587000E+02 9.999999214E-01 4.694044101E-10 1.017000000E-02
1.302669000E+02 9.999999312E-01 3.631114023E-10 9.518000000E-03
1.392553000E+02 9.999999398E-01 2.805521922E-10 8.903000000E-03
1.488640000E+02 9.999999473E-01 2.168439149E-10 8.329000000E-03
1.591356000E+02 9.999999539E-01 1.675584809E-10 7.791000000E-03
1.701159000E+02 9.999999597E-01 1.294995000E-10 7.288000000E-03
1.818539000E+02 9.999999647E-01 1.001015122E-10 6.818000000E-03
1.944018000E+02 9.999999692E-01 7.737457705E-11 6.378000000E-03
2.078156000E+02 9.999999730E-01 5.980053159E-11 5.966000000E-03
2.221548000E+02 9.999999764E-01 4.623048286E-11 5.581000000E-03
2.374835000E+02 9.999999793E-01 3.574025718E-11 5.221000000E-03
2.538699000E+02 9.999999819E-01 2.762983509E-11 4.884000000E-03
2.713869000E+02 9.999999842E-01 2.136331778E-11 4.569000000E-03
2.901126000E+02 9.999999862E-01 1.651601986E-11 4.274000000E-03
3.101304000E+02 9.999999879E-01 1.276883370E-11 3.998000000E-03
3.315294000E+02 9.999999894E-01 9.873177798E-12 3.740000000E-03
3.544049000E+02 9.999999907E-01 7.631504441E-12 3.498000000E-03
3.788588000E+02 9.999999919E-01 5.903957120E-12 3.273000000E-03
4.050001000E+02 9.999999929E-01 4.563165627E-12 3.061000000E-03
4.329451000E+02 0.000000000E+00 0.000000000E+00 2.864000000E-03
