# 11/08/2021 
# Data retrieved from www.chemicool.com/densities.html 
# Includes the real (n) and complex (k) part of the  refractive index. 
# Element, Si  (Z = 14) 
# Nominal density, g cm-3 =  2.33 
#    E [keV]      n       k    Wavelength [nm] 
4.981393000E-03 -1.843406862E+01 9.295254652E-05 2.489000000E+02
5.057639000E-03 1.431880812E+00 0.000000000E+00 2.451000000E+02
5.077971000E-03 2.710709509E+00 0.000000000E+00 2.442000000E+02
5.108469000E-03 1.538034331E+00 2.432832296E+00 2.427000000E+02
5.184715000E-03 5.907292670E-01 2.494798733E+00 2.391000000E+02
1.069000000E-02 -3.538810386E-01 1.491598861E-01 1.160000000E+02
1.113003000E-02 -2.279563444E-01 1.139539884E-01 1.114000000E+02
1.130038000E-02 -1.823379291E-01 1.030469353E-01 1.097000000E+02
1.134581000E-02 -1.702942931E-01 1.004391202E-01 1.093000000E+02
1.141396000E-02 -1.542185604E-01 9.959277074E-02 1.086000000E+02
1.142761000E-02 -1.517694612E-01 9.889507895E-02 1.085000000E+02
1.158431000E-02 -1.154103920E-01 9.071025932E-02 1.070000000E+02
1.221612000E-02 1.463947747E-02 6.555358329E-02 1.015000000E+02
1.305903000E-02 1.566830678E-01 4.462607724E-02 9.494000000E+01
1.396010000E-02 2.766730375E-01 3.143601285E-02 8.881000000E+01
1.492335000E-02 3.782587676E-01 2.304389252E-02 8.308000000E+01
1.595306000E-02 4.644899568E-01 1.764627965E-02 7.772000000E+01
1.705382000E-02 5.382291656E-01 1.413527391E-02 7.270000000E+01
1.823053000E-02 6.012561459E-01 1.183036277E-02 6.801000000E+01
1.948844000E-02 6.553762236E-01 1.029704987E-02 6.362000000E+01
2.083314000E-02 7.019691183E-01 9.262729528E-03 5.951000000E+01
2.227063000E-02 7.420845793E-01 8.557969395E-03 5.567000000E+01
2.380730000E-02 7.766983261E-01 8.058038137E-03 5.208000000E+01
2.545001000E-02 8.066391951E-01 7.676758119E-03 4.872000000E+01
2.720606000E-02 8.326100343E-01 7.356885427E-03 4.557000000E+01
2.908327000E-02 8.550723957E-01 7.065318947E-03 4.263000000E+01
3.109002000E-02 8.745665060E-01 6.776509707E-03 3.988000000E+01
3.323523000E-02 8.914945475E-01 6.477714008E-03 3.731000000E+01
3.552846000E-02 9.062572358E-01 6.158600522E-03 3.490000000E+01
3.797993000E-02 9.191594501E-01 5.818401730E-03 3.264000000E+01
4.060054000E-02 9.303618820E-01 5.465787985E-03 3.054000000E+01
4.340198000E-02 9.401956359E-01 5.098325195E-03 2.857000000E+01
4.639671000E-02 9.488543807E-01 4.720513882E-03 2.672000000E+01
4.959809000E-02 9.564395453E-01 4.341705227E-03 2.500000000E+01
5.302035000E-02 9.631850474E-01 3.960884667E-03 2.338000000E+01
5.667876000E-02 9.691648742E-01 3.590845727E-03 2.187000000E+01
6.058959000E-02 9.745141999E-01 3.236175952E-03 2.046000000E+01
6.477028000E-02 9.793579154E-01 2.899712417E-03 1.914000000E+01
6.923942000E-02 9.838004701E-01 2.586074296E-03 1.791000000E+01
7.401695000E-02 9.880004034E-01 2.292798024E-03 1.675000000E+01
7.912411000E-02 9.921099108E-01 2.024983141E-03 1.567000000E+01
8.458368000E-02 9.964490005E-01 1.781121904E-03 1.466000000E+01
9.041995000E-02 1.001782354E+00 1.559402776E-03 1.371000000E+01
9.665893000E-02 1.012104033E+00 1.357453406E-03 1.283000000E+01
9.721600000E-02 1.014007951E+00 1.337955108E-03 1.275000000E+01
9.870400000E-02 1.024570417E+00 1.291412504E-03 1.256000000E+01
9.910080000E-02 1.036746434E+00 1.279257438E-03 1.251000000E+01
9.969600000E-02 1.024538369E+00 2.498720283E-02 1.244000000E+01
1.011840000E-01 1.014059150E+00 2.471595937E-02 1.225000000E+01
1.033284000E-01 1.008630067E+00 2.439469265E-02 1.200000000E+01
1.104581000E-01 1.001334501E+00 2.332212030E-02 1.122000000E+01
1.180797000E-01 9.974593384E-01 2.191504975E-02 1.050000000E+01
1.262272000E-01 9.949304512E-01 2.003916469E-02 9.822000000E+00
1.349368000E-01 9.933489205E-01 1.790922609E-02 9.188000000E+00
1.442475000E-01 9.927238219E-01 1.569194207E-02 8.595000000E+00
1.457260000E-01 9.927855185E-01 1.535479195E-02 8.508000000E+00
1.479565000E-01 9.932759794E-01 1.485518387E-02 8.380000000E+00
1.485513000E-01 9.940144299E-01 1.472208700E-02 8.346000000E+00
1.494435000E-01 9.931553031E-01 1.605023395E-02 8.296000000E+00
1.516740000E-01 9.923367019E-01 1.553822391E-02 8.174000000E+00
1.542005000E-01 9.919150134E-01 1.497356534E-02 8.040000000E+00
1.648404000E-01 9.911827294E-01 1.279861987E-02 7.521000000E+00
1.762144000E-01 9.910556867E-01 1.081815310E-02 7.036000000E+00
1.883732000E-01 9.912545250E-01 9.052124275E-03 6.582000000E+00
2.013709000E-01 9.916588072E-01 7.510100819E-03 6.157000000E+00
2.152655000E-01 9.921865122E-01 6.187675750E-03 5.760000000E+00
2.301188000E-01 9.927843266E-01 5.065782748E-03 5.388000000E+00
2.459970000E-01 9.934095894E-01 4.126327512E-03 5.040000000E+00
2.629708000E-01 9.940320911E-01 3.347512360E-03 4.715000000E+00
2.811158000E-01 9.946362817E-01 2.704715110E-03 4.410000000E+00
3.005128000E-01 9.952038669E-01 2.179973824E-03 4.126000000E+00
3.212482000E-01 9.957343078E-01 1.751236522E-03 3.859000000E+00
3.434143000E-01 9.962190255E-01 1.404137547E-03 3.610000000E+00
3.671099000E-01 9.966592508E-01 1.123531638E-03 3.377000000E+00
3.924405000E-01 9.970558313E-01 8.973822471E-04 3.159000000E+00
4.195189000E-01 9.974108741E-01 7.154722194E-04 2.955000000E+00
4.484657000E-01 9.977258057E-01 5.697220089E-04 2.765000000E+00
4.794098000E-01 9.980072958E-01 4.525229200E-04 2.586000000E+00
5.124891000E-01 9.982555574E-01 3.590550826E-04 2.419000000E+00
5.478508000E-01 9.984741709E-01 2.845983696E-04 2.263000000E+00
5.856525000E-01 9.986666190E-01 2.253214080E-04 2.117000000E+00
6.260625000E-01 9.988361247E-01 1.781455293E-04 1.980000000E+00
6.692609000E-01 9.989834497E-01 1.408768065E-04 1.853000000E+00
7.154399000E-01 9.991137770E-01 1.111622876E-04 1.733000000E+00
7.648052000E-01 9.992275333E-01 8.769078866E-05 1.621000000E+00
8.175768000E-01 9.993271818E-01 6.911817044E-05 1.516000000E+00
8.739896000E-01 9.994132157E-01 5.455562383E-05 1.419000000E+00
9.342948000E-01 9.994893620E-01 4.297995398E-05 1.327000000E+00
9.987612000E-01 9.995557333E-01 3.386514484E-05 1.241000000E+00
1.067676000E+00 9.996136150E-01 2.631743991E-05 1.161000000E+00
1.141345000E+00 9.996644442E-01 2.045923611E-05 1.086000000E+00
1.220098000E+00 9.997088913E-01 1.592481021E-05 1.016000000E+00
1.304285000E+00 9.997478635E-01 1.240910844E-05 9.506000000E-01
1.394281000E+00 9.997823221E-01 9.674040835E-06 8.892000000E-01
1.490486000E+00 9.998129274E-01 7.549317966E-06 8.318000000E-01
1.593329000E+00 9.998406798E-01 5.896673677E-06 7.781000000E-01
1.703269000E+00 9.998674325E-01 4.610450303E-06 7.279000000E-01
1.802122000E+00 9.998963454E-01 3.747115766E-06 6.880000000E-01
1.820795000E+00 9.999068310E-01 3.607638707E-06 6.809000000E-01
1.829705000E+00 9.999158243E-01 3.543742758E-06 6.776000000E-01
1.837061000E+00 9.999359027E-01 3.492084068E-06 6.749000000E-01
1.848094000E+00 9.999174971E-01 4.116750449E-05 6.709000000E-01
1.875678000E+00 9.999030048E-01 3.945732744E-05 6.610000000E-01
1.946430000E+00 9.998967795E-01 3.536392028E-05 6.370000000E-01
2.080733000E+00 9.999004750E-01 2.807300301E-05 5.959000000E-01
2.224304000E+00 9.999085800E-01 2.200847621E-05 5.574000000E-01
2.377781000E+00 9.999176653E-01 1.719242799E-05 5.214000000E-01
2.541848000E+00 9.999265728E-01 1.350235875E-05 4.878000000E-01
2.717235000E+00 9.999348881E-01 1.061910594E-05 4.563000000E-01
2.904724000E+00 9.999424742E-01 8.350448859E-06 4.268000000E-01
3.105150000E+00 9.999492734E-01 6.545936661E-06 3.993000000E-01
3.319406000E+00 9.999553955E-01 5.114706760E-06 3.735000000E-01
3.548445000E+00 9.999608330E-01 3.997527878E-06 3.494000000E-01
3.793288000E+00 9.999655266E-01 3.112550323E-06 3.269000000E-01
4.055024000E+00 9.999698017E-01 2.411510454E-06 3.058000000E-01
4.334821000E+00 9.999735809E-01 1.867595621E-06 2.860000000E-01
4.633924000E+00 9.999768800E-01 1.447658347E-06 2.676000000E-01
4.953664000E+00 9.999797884E-01 1.121477893E-06 2.503000000E-01
5.295467000E+00 9.999823384E-01 8.686861496E-07 2.341000000E-01
5.660855000E+00 9.999845620E-01 6.732003101E-07 2.190000000E-01
6.051453000E+00 9.999865035E-01 5.218645837E-07 2.049000000E-01
6.469004000E+00 9.999882025E-01 4.045292291E-07 1.917000000E-01
6.915365000E+00 9.999896934E-01 3.134124739E-07 1.793000000E-01
7.392525000E+00 9.999909958E-01 2.428213196E-07 1.677000000E-01
7.902609000E+00 9.999921282E-01 1.882547952E-07 1.569000000E-01
8.447890000E+00 9.999931173E-01 1.451453866E-07 1.468000000E-01
9.030794000E+00 9.999939863E-01 1.115500137E-07 1.373000000E-01
9.653919000E+00 9.999947473E-01 8.518555302E-08 1.284000000E-01
1.032004000E+01 9.999954101E-01 6.507824223E-08 1.201000000E-01
1.103212000E+01 9.999959845E-01 4.977396010E-08 1.124000000E-01
1.179334000E+01 9.999964931E-01 3.800174725E-08 1.051000000E-01
1.260708000E+01 9.999969329E-01 2.905367044E-08 9.834000000E-02
1.347697000E+01 9.999973183E-01 2.220608805E-08 9.200000000E-02
1.440688000E+01 9.999976555E-01 1.696846656E-08 8.606000000E-02
1.540095000E+01 9.999979504E-01 1.296655718E-08 8.050000000E-02
1.646362000E+01 9.999982076E-01 9.911076135E-09 7.531000000E-02
1.759961000E+01 9.999984325E-01 7.574755177E-09 7.045000000E-02
1.881398000E+01 9.999986294E-01 5.788546061E-09 6.590000000E-02
2.011215000E+01 9.999988012E-01 4.424560193E-09 6.165000000E-02
2.149988000E+01 9.999989515E-01 3.381522486E-09 5.767000000E-02
2.298338000E+01 9.999990829E-01 2.584737490E-09 5.395000000E-02
2.456923000E+01 9.999991980E-01 1.974913012E-09 5.046000000E-02
2.626450000E+01 9.999992983E-01 1.509922200E-09 4.721000000E-02
2.807676000E+01 9.999993862E-01 1.148137705E-09 4.416000000E-02
3.001405000E+01 9.999994631E-01 8.716952630E-10 4.131000000E-02
3.208502000E+01 9.999995304E-01 6.616909011E-10 3.864000000E-02
3.429889000E+01 9.999995891E-01 5.024996821E-10 3.615000000E-02
3.666551000E+01 9.999996406E-01 3.813832682E-10 3.381000000E-02
3.919543000E+01 9.999996856E-01 2.896035484E-10 3.163000000E-02
4.189992000E+01 9.999997249E-01 2.189428271E-10 2.959000000E-02
4.479101000E+01 9.999997593E-01 1.654953525E-10 2.768000000E-02
4.788159000E+01 9.999997894E-01 1.250661247E-10 2.589000000E-02
5.118542000E+01 9.999998158E-01 9.454683822E-11 2.422000000E-02
5.471721000E+01 9.999998388E-01 7.149022918E-11 2.266000000E-02
5.849270000E+01 9.999998589E-01 5.405407786E-11 2.120000000E-02
6.252870000E+01 9.999998765E-01 4.085366493E-11 1.983000000E-02
6.684318000E+01 9.999998920E-01 3.088234840E-11 1.855000000E-02
7.145536000E+01 9.999999055E-01 2.334072859E-11 1.735000000E-02
7.638578000E+01 9.999999173E-01 1.764697618E-11 1.623000000E-02
8.165640000E+01 9.999999277E-01 1.333761484E-11 1.518000000E-02
8.729069000E+01 9.999999367E-01 1.008388810E-11 1.420000000E-02
9.331374000E+01 9.999999446E-01 7.631742024E-12 1.329000000E-02
9.975239000E+01 9.999999515E-01 5.768275361E-12 1.243000000E-02
1.066353000E+02 9.999999576E-01 4.362926173E-12 1.163000000E-02
1.139931000E+02 9.999999629E-01 3.299019936E-12 1.088000000E-02
1.218587000E+02 9.999999675E-01 2.490610138E-12 1.017000000E-02
1.302669000E+02 9.999999716E-01 1.884915996E-12 9.518000000E-03
1.392553000E+02 9.999999751E-01 1.424976780E-12 8.903000000E-03
1.488640000E+02 9.999999782E-01 1.077602186E-12 8.329000000E-03
1.591356000E+02 9.999999810E-01 8.147124036E-13 7.791000000E-03
1.701159000E+02 9.999999833E-01 6.159859563E-13 7.288000000E-03
1.818539000E+02 9.999999854E-01 4.658236336E-13 6.818000000E-03
1.944018000E+02 9.999999872E-01 3.522219860E-13 6.378000000E-03
2.078156000E+02 9.999999888E-01 2.663008302E-13 5.966000000E-03
2.221548000E+02 9.999999902E-01 2.013615592E-13 5.581000000E-03
2.374835000E+02 9.999999914E-01 1.522732727E-13 5.221000000E-03
2.538699000E+02 9.999999925E-01 1.151367401E-13 4.884000000E-03
2.713869000E+02 9.999999935E-01 8.706801080E-14 4.569000000E-03
2.901126000E+02 9.999999943E-01 6.583649436E-14 4.274000000E-03
3.101304000E+02 9.999999950E-01 4.977894995E-14 3.998000000E-03
3.315294000E+02 9.999999956E-01 3.764114352E-14 3.740000000E-03
3.544049000E+02 9.999999962E-01 2.845311855E-14 3.498000000E-03
3.788588000E+02 9.999999966E-01 2.152556311E-14 3.273000000E-03
4.050001000E+02 9.999999971E-01 1.626897253E-14 3.061000000E-03
4.329451000E+02 0.000000000E+00 0.000000000E+00 2.864000000E-03
