# 11/08/2021 
# Data retrieved from www.chemicool.com/densities.html 
# Includes the real (n) and complex (k) part of the  refractive index. 
# Element, Sr  (Z = 38) 
# Nominal density, g cm-3 =  2.6 
#    E [keV]      n       k    Wavelength [nm] 
1.069000000E-02 -3.099612094E+00 8.066599797E-04 1.160000000E+02
1.142761000E-02 4.481806130E-01 0.000000000E+00 1.085000000E+02
1.221612000E-02 5.342427979E-01 0.000000000E+00 1.015000000E+02
1.305903000E-02 6.116795558E-01 0.000000000E+00 9.494000000E+01
1.396010000E-02 6.822391588E-01 0.000000000E+00 8.881000000E+01
1.492335000E-02 7.482115965E-01 0.000000000E+00 8.308000000E+01
1.595306000E-02 8.128256110E-01 0.000000000E+00 7.772000000E+01
1.705382000E-02 8.820312559E-01 0.000000000E+00 7.270000000E+01
1.823053000E-02 9.720477788E-01 0.000000000E+00 6.801000000E+01
1.948844000E-02 1.189009515E+00 0.000000000E+00 6.362000000E+01
1.950200000E-02 1.194420129E+00 0.000000000E+00 6.358000000E+01
1.980050000E-02 1.428475048E+00 0.000000000E+00 6.262000000E+01
1.988010000E-02 1.719130995E+00 0.000000000E+00 6.237000000E+01
1.999950000E-02 1.396115043E+00 5.765301871E-01 6.199000000E+01
2.029800000E-02 1.114281934E+00 5.373326566E-01 6.108000000E+01
2.083314000E-02 9.428762411E-01 4.747848529E-01 5.951000000E+01
2.227063000E-02 7.911549951E-01 3.453465617E-01 5.567000000E+01
2.380730000E-02 7.503613350E-01 2.439194591E-01 5.208000000E+01
2.545001000E-02 7.527380191E-01 1.670461294E-01 4.872000000E+01
2.720606000E-02 7.736055948E-01 1.121470308E-01 4.557000000E+01
2.908327000E-02 8.006651154E-01 7.456287826E-02 4.263000000E+01
3.109002000E-02 8.280680656E-01 4.947211146E-02 3.988000000E+01
3.323523000E-02 8.532110004E-01 3.297380693E-02 3.731000000E+01
3.552846000E-02 8.753142848E-01 2.218142572E-02 3.490000000E+01
3.694600000E-02 8.868570967E-01 1.768822565E-02 3.356000000E+01
3.751150000E-02 8.911933236E-01 1.621888386E-02 3.305000000E+01
3.766230000E-02 8.924358478E-01 1.585703568E-02 3.292000000E+01
3.788850000E-02 8.938521132E-01 1.569497822E-02 3.272000000E+01
3.797993000E-02 8.944422612E-01 1.548939512E-02 3.264000000E+01
3.845400000E-02 8.974851053E-01 1.448730342E-02 3.224000000E+01
4.060054000E-02 9.100608407E-01 1.091424256E-02 3.054000000E+01
4.340198000E-02 9.233831171E-01 7.895882659E-03 2.857000000E+01
4.639671000E-02 9.346476240E-01 5.874177999E-03 2.672000000E+01
4.959809000E-02 9.441088299E-01 4.501257575E-03 2.500000000E+01
5.302035000E-02 9.521686109E-01 3.542997714E-03 2.338000000E+01
5.667876000E-02 9.589988578E-01 2.861198246E-03 2.187000000E+01
6.058959000E-02 9.647953183E-01 2.362042439E-03 2.046000000E+01
6.477028000E-02 9.697911502E-01 1.985179830E-03 1.914000000E+01
6.923942000E-02 9.740755314E-01 1.693421059E-03 1.791000000E+01
7.401695000E-02 9.778018193E-01 1.459084123E-03 1.675000000E+01
7.912411000E-02 9.810186688E-01 1.268610138E-03 1.567000000E+01
8.458368000E-02 9.838181926E-01 1.110345471E-03 1.466000000E+01
9.041995000E-02 9.862763674E-01 9.761038845E-04 1.371000000E+01
9.665893000E-02 9.884208072E-01 8.624316040E-04 1.283000000E+01
1.033284000E-01 9.903335291E-01 7.631807057E-04 1.200000000E+01
1.104581000E-01 9.920544879E-01 6.761307231E-04 1.122000000E+01
1.180797000E-01 9.936214148E-01 6.007892094E-04 1.050000000E+01
1.262272000E-01 9.951523105E-01 5.337474739E-04 9.822000000E+00
1.304380000E-01 9.959883141E-01 5.036446946E-04 9.505000000E+00
1.323000000E-01 9.964723653E-01 4.911488332E-04 9.371000000E+00
1.324345000E-01 9.965199218E-01 4.903182686E-04 9.362000000E+00
1.329669000E-01 9.968168104E-01 4.867988685E-04 9.324000000E+00
1.337655000E-01 9.968112187E-01 8.587659202E-04 9.269000000E+00
1.343250000E-01 9.968826224E-01 8.675313700E-04 9.230000000E+00
1.349368000E-01 9.971220260E-01 8.776509916E-04 9.188000000E+00
1.356750000E-01 9.970270137E-01 1.140166734E-03 9.138000000E+00
1.357620000E-01 9.970281763E-01 1.142947409E-03 9.132000000E+00
1.377000000E-01 9.971699774E-01 1.209502995E-03 9.004000000E+00
1.442475000E-01 9.978733196E-01 1.498381915E-03 8.595000000E+00
1.542005000E-01 9.987564397E-01 2.117542682E-03 8.040000000E+00
1.648404000E-01 9.992924585E-01 2.824172665E-03 7.521000000E+00
1.762144000E-01 9.994780781E-01 3.483209043E-03 7.036000000E+00
1.883732000E-01 9.993752910E-01 3.981077464E-03 6.582000000E+00
2.013709000E-01 9.990892617E-01 4.251910798E-03 6.157000000E+00
2.152655000E-01 9.987327937E-01 4.286835499E-03 5.760000000E+00
2.301188000E-01 9.984009997E-01 4.118142546E-03 5.388000000E+00
2.459970000E-01 9.981621842E-01 3.802457588E-03 5.040000000E+00
2.629708000E-01 9.980982236E-01 3.400744485E-03 4.715000000E+00
2.637180000E-01 9.981049841E-01 3.381641852E-03 4.701000000E+00
2.677545000E-01 9.982008235E-01 3.284605259E-03 4.631000000E+00
2.688309000E-01 9.983338722E-01 3.257708486E-03 4.612000000E+00
2.704455000E-01 9.981911152E-01 3.484862206E-03 4.584000000E+00
2.742040000E-01 9.980730139E-01 3.392870885E-03 4.522000000E+00
2.744820000E-01 9.980692113E-01 3.385372001E-03 4.517000000E+00
2.784010000E-01 9.980518643E-01 3.288688728E-03 4.453000000E+00
2.795202000E-01 9.980926063E-01 3.262680274E-03 4.436000000E+00
2.811158000E-01 9.980229079E-01 3.330379033E-03 4.410000000E+00
2.811990000E-01 9.980197071E-01 3.328868829E-03 4.409000000E+00
2.853960000E-01 9.979372895E-01 3.227810517E-03 4.344000000E+00
3.005128000E-01 9.978358811E-01 2.883590820E-03 4.126000000E+00
3.212482000E-01 9.978334868E-01 2.460997389E-03 3.859000000E+00
3.434143000E-01 9.979153629E-01 2.077618430E-03 3.610000000E+00
3.503500000E-01 9.979588043E-01 1.971805100E-03 3.539000000E+00
3.557125000E-01 9.980162606E-01 1.894098875E-03 3.486000000E+00
3.571425000E-01 9.980640250E-01 1.873795328E-03 3.472000000E+00
3.592875000E-01 9.980310785E-01 1.924691285E-03 3.451000000E+00
3.646500000E-01 9.980193395E-01 1.849972774E-03 3.400000000E+00
3.671099000E-01 9.980235166E-01 1.816619803E-03 3.377000000E+00
3.924405000E-01 9.981206218E-01 1.513829325E-03 3.159000000E+00
4.195189000E-01 9.982537049E-01 1.254921718E-03 2.955000000E+00
4.484657000E-01 9.983961950E-01 1.036602440E-03 2.765000000E+00
4.794098000E-01 9.985418753E-01 8.525468556E-04 2.586000000E+00
5.124891000E-01 9.986832131E-01 6.993743325E-04 2.419000000E+00
5.478508000E-01 9.988172805E-01 5.723895595E-04 2.263000000E+00
5.856525000E-01 9.989426829E-01 4.671881204E-04 2.117000000E+00
6.260625000E-01 9.990589426E-01 3.802423312E-04 1.980000000E+00
6.692609000E-01 9.991642430E-01 3.091971655E-04 1.853000000E+00
7.154399000E-01 9.992609024E-01 2.506374299E-04 1.733000000E+00
7.648052000E-01 9.993478410E-01 2.028640227E-04 1.621000000E+00
8.175768000E-01 9.994258912E-01 1.639108354E-04 1.516000000E+00
8.739896000E-01 9.994946944E-01 1.324925511E-04 1.419000000E+00
9.342948000E-01 9.995566730E-01 1.067820705E-04 1.327000000E+00
9.987612000E-01 9.996105254E-01 8.598420318E-05 1.241000000E+00
1.067676000E+00 9.996596721E-01 6.838296780E-05 1.161000000E+00
1.141345000E+00 9.997034299E-01 5.405047580E-05 1.086000000E+00
1.220098000E+00 9.997422339E-01 4.266028917E-05 1.016000000E+00
1.304285000E+00 9.997765697E-01 3.372604902E-05 9.506000000E-01
1.394281000E+00 9.998070778E-01 2.668881379E-05 8.892000000E-01
1.490486000E+00 9.998341832E-01 2.113632504E-05 8.318000000E-01
1.593329000E+00 9.998585582E-01 1.675387182E-05 7.781000000E-01
1.703269000E+00 9.998810757E-01 1.329958615E-05 7.279000000E-01
1.820795000E+00 9.999038104E-01 1.057039806E-05 6.809000000E-01
1.900808000E+00 9.999234507E-01 9.124416695E-06 6.523000000E-01
1.929902000E+00 9.999391968E-01 8.661364819E-06 6.424000000E-01
1.937660000E+00 9.999545847E-01 8.545512918E-06 6.399000000E-01
1.946430000E+00 9.999442368E-01 3.676071487E-05 6.370000000E-01
1.949298000E+00 9.999413534E-01 3.655137480E-05 6.360000000E-01
1.966664000E+00 9.999343387E-01 3.536272173E-05 6.304000000E-01
1.978392000E+00 9.999331698E-01 3.458999487E-05 6.267000000E-01
1.996766000E+00 9.999351018E-01 3.341510101E-05 6.209000000E-01
2.004793000E+00 9.999411141E-01 3.291669156E-05 6.184000000E-01
2.016834000E+00 9.999336366E-01 4.517622772E-05 6.147000000E-01
2.046936000E+00 9.999269538E-01 4.277219331E-05 6.057000000E-01
2.080733000E+00 9.999246502E-01 4.029510459E-05 5.959000000E-01
2.171974000E+00 9.999253888E-01 3.449923212E-05 5.708000000E-01
2.205219000E+00 9.999279940E-01 3.266956239E-05 5.622000000E-01
2.214084000E+00 9.999305952E-01 3.220828491E-05 5.600000000E-01
2.224304000E+00 9.999288834E-01 3.644178070E-05 5.574000000E-01
2.227382000E+00 9.999284560E-01 3.626276371E-05 5.566000000E-01
2.260626000E+00 9.999271600E-01 3.444102279E-05 5.485000000E-01
2.377781000E+00 9.999293232E-01 2.889072980E-05 5.214000000E-01
2.541848000E+00 9.999347956E-01 2.297012355E-05 4.878000000E-01
2.717235000E+00 9.999409531E-01 1.821367624E-05 4.563000000E-01
2.904724000E+00 9.999470826E-01 1.443194250E-05 4.268000000E-01
3.105150000E+00 9.999528499E-01 1.138171963E-05 3.993000000E-01
3.319406000E+00 9.999582527E-01 8.939893887E-06 3.735000000E-01
3.548445000E+00 9.999631644E-01 7.029156217E-06 3.494000000E-01
3.793288000E+00 9.999675674E-01 5.533019291E-06 3.269000000E-01
4.055024000E+00 9.999713916E-01 4.338243598E-06 3.058000000E-01
4.334821000E+00 9.999749219E-01 3.387482669E-06 2.860000000E-01
4.633924000E+00 9.999780014E-01 2.643609917E-06 2.676000000E-01
4.953664000E+00 9.999807581E-01 2.060840179E-06 2.503000000E-01
5.295467000E+00 9.999831845E-01 1.606643285E-06 2.341000000E-01
5.660855000E+00 9.999853057E-01 1.253387407E-06 2.190000000E-01
6.051453000E+00 9.999871608E-01 9.789494937E-07 2.049000000E-01
6.469004000E+00 9.999887852E-01 7.652554899E-07 1.917000000E-01
6.915365000E+00 9.999902111E-01 5.982937036E-07 1.793000000E-01
7.392525000E+00 9.999914568E-01 4.680496337E-07 1.677000000E-01
7.902609000E+00 9.999925397E-01 3.667145325E-07 1.569000000E-01
8.447890000E+00 9.999934850E-01 2.875498857E-07 1.468000000E-01
9.030794000E+00 9.999943145E-01 2.240703766E-07 1.373000000E-01
9.653919000E+00 9.999950413E-01 1.729323601E-07 1.284000000E-01
1.032004000E+01 9.999956755E-01 1.330790618E-07 1.201000000E-01
1.103212000E+01 9.999962260E-01 1.026193620E-07 1.124000000E-01
1.179334000E+01 9.999967142E-01 7.906571118E-08 1.051000000E-01
1.260708000E+01 9.999971380E-01 6.105894824E-08 9.834000000E-02
1.347697000E+01 9.999975118E-01 4.718274333E-08 9.200000000E-02
1.440688000E+01 9.999978446E-01 3.648646311E-08 8.606000000E-02
1.540095000E+01 9.999981540E-01 2.823943338E-08 8.050000000E-02
1.578251000E+01 9.999982776E-01 2.571752165E-08 7.856000000E-02
1.602408000E+01 9.999983943E-01 2.426257246E-08 7.737000000E-02
1.608850000E+01 9.999984848E-01 2.389292199E-08 7.706000000E-02
1.618512000E+01 9.999984245E-01 1.746750341E-07 7.660000000E-02
1.642669000E+01 9.999984014E-01 1.647187575E-07 7.548000000E-02
1.646362000E+01 9.999984031E-01 1.632503424E-07 7.531000000E-02
1.759961000E+01 9.999985406E-01 1.265275055E-07 7.045000000E-02
1.881398000E+01 9.999987019E-01 9.933395624E-08 6.590000000E-02
2.011215000E+01 9.999988529E-01 7.829299610E-08 6.165000000E-02
2.149988000E+01 9.999989895E-01 6.157222072E-08 5.767000000E-02
2.298338000E+01 9.999991117E-01 4.819790819E-08 5.395000000E-02
2.456923000E+01 9.999992205E-01 3.766826326E-08 5.046000000E-02
2.626450000E+01 9.999993163E-01 2.944445645E-08 4.721000000E-02
2.807676000E+01 9.999994009E-01 2.292617340E-08 4.416000000E-02
3.001405000E+01 9.999994753E-01 1.783313142E-08 4.131000000E-02
3.208502000E+01 9.999995407E-01 1.387092881E-08 3.864000000E-02
3.429889000E+01 9.999995975E-01 1.072585457E-08 3.615000000E-02
3.666551000E+01 9.999996480E-01 8.287154901E-09 3.381000000E-02
3.919543000E+01 9.999996920E-01 6.406539872E-09 3.163000000E-02
4.189992000E+01 9.999997306E-01 4.952868818E-09 2.959000000E-02
4.479101000E+01 9.999997644E-01 3.828368213E-09 2.768000000E-02
4.788159000E+01 9.999997940E-01 2.958259987E-09 2.589000000E-02
5.118542000E+01 9.999998198E-01 2.285460057E-09 2.422000000E-02
5.471721000E+01 9.999998423E-01 1.766168852E-09 2.266000000E-02
5.849270000E+01 9.999998621E-01 1.364908840E-09 2.120000000E-02
6.252870000E+01 9.999998794E-01 1.054431424E-09 1.983000000E-02
6.684318000E+01 9.999998945E-01 8.147606713E-10 1.855000000E-02
7.145536000E+01 9.999999078E-01 6.283663636E-10 1.735000000E-02
7.638578000E+01 9.999999193E-01 4.832954236E-10 1.623000000E-02
8.165640000E+01 9.999999295E-01 3.712593078E-10 1.518000000E-02
8.729069000E+01 9.999999383E-01 2.846638187E-10 1.420000000E-02
9.331374000E+01 9.999999460E-01 2.185031320E-10 1.329000000E-02
9.975239000E+01 9.999999528E-01 1.675007215E-10 1.243000000E-02
1.066353000E+02 9.999999587E-01 1.285091120E-10 1.163000000E-02
1.139931000E+02 9.999999638E-01 9.856085716E-11 1.088000000E-02
1.218587000E+02 9.999999684E-01 7.547935467E-11 1.017000000E-02
1.302669000E+02 9.999999723E-01 5.794503171E-11 9.518000000E-03
1.392553000E+02 9.999999758E-01 4.443774637E-11 8.903000000E-03
1.488640000E+02 9.999999788E-01 3.409098561E-11 8.329000000E-03
1.591356000E+02 9.999999815E-01 2.614747354E-11 7.791000000E-03
1.701159000E+02 9.999999838E-01 2.005663522E-11 7.288000000E-03
1.818539000E+02 9.999999858E-01 1.538788885E-11 6.818000000E-03
1.944018000E+02 9.999999876E-01 1.180512227E-11 6.378000000E-03
2.078156000E+02 9.999999891E-01 9.055548569E-12 5.966000000E-03
2.221548000E+02 9.999999905E-01 6.947705409E-12 5.581000000E-03
2.374835000E+02 9.999999917E-01 5.330745465E-12 5.221000000E-03
2.538699000E+02 9.999999927E-01 4.090124579E-12 4.884000000E-03
2.713869000E+02 9.999999936E-01 3.138520244E-12 4.569000000E-03
2.901126000E+02 9.999999944E-01 2.408138556E-12 4.274000000E-03
3.101304000E+02 9.999999951E-01 1.847626225E-12 3.998000000E-03
3.315294000E+02 9.999999957E-01 1.417763064E-12 3.740000000E-03
3.544049000E+02 9.999999963E-01 1.087635190E-12 3.498000000E-03
3.788588000E+02 9.999999967E-01 8.350073147E-13 3.273000000E-03
4.050001000E+02 9.999999971E-01 6.404834207E-13 3.061000000E-03
4.329451000E+02 0.000000000E+00 0.000000000E+00 2.864000000E-03
