# 11/08/2021 
# Data retrieved from www.chemicool.com/densities.html 
# Includes the real (n) and complex (k) part of the  refractive index. 
# Element, Tc  (Z = 43) 
# Nominal density, g cm-3 =  11.5 
#    E [keV]      n       k    Wavelength [nm] 
6.594833000E-03 -4.719377984E+01 1.481558544E-02 1.880000000E+02
6.695774000E-03 -3.994564852E+00 0.000000000E+00 1.852000000E+02
6.722692000E-03 -3.759118097E+00 0.000000000E+00 1.844000000E+02
6.763068000E-03 -3.801712343E+00 3.012218148E-01 1.833000000E+02
6.864010000E-03 -3.596367178E+00 2.833473321E-01 1.806000000E+02
6.871351000E-03 -3.572237098E+00 2.820806125E-01 1.804000000E+02
6.976524000E-03 -2.995623794E+00 2.650031496E-01 1.777000000E+02
7.004571000E-03 -2.413137092E+00 2.606853432E-01 1.770000000E+02
7.046640000E-03 -2.945976894E+00 1.329933787E+00 1.759000000E+02
7.151814000E-03 -3.315603571E+00 1.254089916E+00 1.734000000E+02
1.069000000E-02 -5.771874829E-01 8.198498784E-01 1.160000000E+02
1.142761000E-02 -2.499924896E-01 9.147478634E-01 1.085000000E+02
1.221612000E-02 5.358617465E-03 1.026342983E+00 1.015000000E+02
1.305903000E-02 1.887757429E-01 1.144044830E+00 9.494000000E+01
1.396010000E-02 3.015495158E-01 1.255854502E+00 8.881000000E+01
1.492335000E-02 3.493601401E-01 1.348085573E+00 8.308000000E+01
1.595306000E-02 3.427042984E-01 1.407740058E+00 7.772000000E+01
1.705382000E-02 2.965993875E-01 1.424781859E+00 7.270000000E+01
1.823053000E-02 2.285523117E-01 1.395118483E+00 6.801000000E+01
1.948844000E-02 1.567302428E-01 1.320010253E+00 6.362000000E+01
2.083314000E-02 9.629662517E-02 1.206935737E+00 5.951000000E+01
2.227063000E-02 5.789655184E-02 1.067595247E+00 5.567000000E+01
2.380730000E-02 4.855918471E-02 9.149147171E-01 5.208000000E+01
2.545001000E-02 6.776896925E-02 7.611738060E-01 4.872000000E+01
2.720606000E-02 1.122121594E-01 6.160460058E-01 4.557000000E+01
2.908327000E-02 1.757133199E-01 4.866488662E-01 4.263000000E+01
3.109002000E-02 2.525651651E-01 3.761671641E-01 3.988000000E+01
3.323523000E-02 3.376820168E-01 2.856172128E-01 3.731000000E+01
3.552846000E-02 4.298896822E-01 2.137238132E-01 3.490000000E+01
3.797993000E-02 5.494617774E-01 1.581616032E-01 3.264000000E+01
3.812200000E-02 5.600921110E-01 1.554991900E-01 3.252000000E+01
3.870550000E-02 6.367970002E-01 1.450379851E-01 3.203000000E+01
3.886110000E-02 7.187871923E-01 1.423665540E-01 3.190000000E+01
3.909450000E-02 6.356428571E-01 2.939077508E-01 3.171000000E+01
3.967800000E-02 5.721767484E-01 2.714154832E-01 3.125000000E+01
4.060054000E-02 5.510696785E-01 2.397420585E-01 3.054000000E+01
4.340198000E-02 5.706705732E-01 1.673809676E-01 2.857000000E+01
4.639671000E-02 6.168954658E-01 1.182022477E-01 2.672000000E+01
4.959809000E-02 6.648576519E-01 8.487803341E-02 2.500000000E+01
5.302035000E-02 7.095978590E-01 6.181769434E-02 2.338000000E+01
5.667876000E-02 7.492601131E-01 4.571819795E-02 2.187000000E+01
6.058959000E-02 7.839058778E-01 3.432409340E-02 2.046000000E+01
6.477028000E-02 8.141335651E-01 2.615426664E-02 1.914000000E+01
6.703200000E-02 8.282734760E-01 2.288761358E-02 1.850000000E+01
6.805800000E-02 8.348264250E-01 2.159296052E-02 1.822000000E+01
6.833160000E-02 8.373677406E-01 2.125044837E-02 1.814000000E+01
6.874200000E-02 8.384606807E-01 2.261864031E-02 1.804000000E+01
6.923942000E-02 8.405354546E-01 2.205694926E-02 1.791000000E+01
6.976800000E-02 8.430157331E-01 2.147427237E-02 1.777000000E+01
7.401695000E-02 8.615900541E-01 1.764014331E-02 1.675000000E+01
7.912411000E-02 8.802042239E-01 1.434760107E-02 1.567000000E+01
8.458368000E-02 8.963194864E-01 1.183906215E-02 1.466000000E+01
9.041995000E-02 9.103193935E-01 9.886735965E-03 1.371000000E+01
9.665893000E-02 9.223207345E-01 8.359335305E-03 1.283000000E+01
1.033284000E-01 9.327959656E-01 7.127002198E-03 1.200000000E+01
1.104581000E-01 9.419200506E-01 6.119684710E-03 1.122000000E+01
1.180797000E-01 9.498020435E-01 5.297273542E-03 1.050000000E+01
1.262272000E-01 9.566640318E-01 4.604068248E-03 9.822000000E+00
1.349368000E-01 9.626527666E-01 4.033691706E-03 9.188000000E+00
1.442475000E-01 9.678839345E-01 3.559320456E-03 8.595000000E+00
1.542005000E-01 9.724704754E-01 3.145224569E-03 8.040000000E+00
1.648404000E-01 9.765074769E-01 2.781669628E-03 7.521000000E+00
1.762144000E-01 9.800812359E-01 2.460210798E-03 7.036000000E+00
1.883732000E-01 9.832789803E-01 2.174244719E-03 6.582000000E+00
2.013709000E-01 9.861836965E-01 1.919228073E-03 6.157000000E+00
2.152655000E-01 9.888903238E-01 1.691903587E-03 5.760000000E+00
2.301188000E-01 9.915816193E-01 1.488611773E-03 5.388000000E+00
2.459970000E-01 9.948602642E-01 1.307037254E-03 5.040000000E+00
2.478420000E-01 9.953949607E-01 1.288234388E-03 5.003000000E+00
2.512720000E-01 9.968511865E-01 1.253408416E-03 4.934000000E+00
2.516355000E-01 9.971061926E-01 1.249931387E-03 4.927000000E+00
2.526471000E-01 9.984501148E-01 1.239880691E-03 4.907000000E+00
2.541645000E-01 9.978356174E-01 3.380556347E-03 4.878000000E+00
2.551180000E-01 9.978444496E-01 3.402440833E-03 4.860000000E+00
2.561436000E-01 9.984599649E-01 3.425278185E-03 4.840000000E+00
2.576820000E-01 9.976949815E-01 4.898437694E-03 4.812000000E+00
2.579580000E-01 9.976069136E-01 4.908923377E-03 4.806000000E+00
2.615280000E-01 9.971444064E-01 5.073674225E-03 4.741000000E+00
2.629708000E-01 9.970887578E-01 5.142186269E-03 4.715000000E+00
2.811158000E-01 9.972833527E-01 6.121438735E-03 4.410000000E+00
3.005128000E-01 9.972605235E-01 7.058954604E-03 4.126000000E+00
3.212482000E-01 9.968858814E-01 7.571984930E-03 3.859000000E+00
3.434143000E-01 9.963668890E-01 7.626729021E-03 3.610000000E+00
3.671099000E-01 9.958981572E-01 7.283385960E-03 3.377000000E+00
3.924405000E-01 9.956277239E-01 6.659624220E-03 3.159000000E+00
4.165000000E-01 9.957396964E-01 5.971104507E-03 2.977000000E+00
4.195189000E-01 9.958284456E-01 5.880410284E-03 2.955000000E+00
4.228750000E-01 9.960297149E-01 5.784322870E-03 2.932000000E+00
4.245750000E-01 9.963867796E-01 5.733558917E-03 2.920000000E+00
4.271250000E-01 9.960179608E-01 6.360643006E-03 2.903000000E+00
4.335000000E-01 9.957196684E-01 6.158830676E-03 2.860000000E+00
4.360020000E-01 9.956754991E-01 6.082422930E-03 2.844000000E+00
4.426755000E-01 9.956812245E-01 5.876512617E-03 2.801000000E+00
4.444551000E-01 9.957999712E-01 5.823292606E-03 2.790000000E+00
4.471245000E-01 9.956278326E-01 6.017944745E-03 2.773000000E+00
4.484657000E-01 9.955722384E-01 5.977698700E-03 2.765000000E+00
4.537980000E-01 9.954531596E-01 5.813154214E-03 2.732000000E+00
4.794098000E-01 9.952974422E-01 5.082116276E-03 2.586000000E+00
5.124891000E-01 9.953965163E-01 4.262388723E-03 2.419000000E+00
5.366480000E-01 9.955862867E-01 3.750267002E-03 2.310000000E+00
5.448620000E-01 9.957057356E-01 3.594547521E-03 2.276000000E+00
5.470524000E-01 9.958050663E-01 3.550824875E-03 2.266000000E+00
5.478508000E-01 9.958485310E-01 3.697083819E-03 2.263000000E+00
5.503380000E-01 9.957416849E-01 3.650807188E-03 2.253000000E+00
5.585520000E-01 9.957276536E-01 3.500438129E-03 2.220000000E+00
5.856525000E-01 9.958739826E-01 3.051627079E-03 2.117000000E+00
6.260625000E-01 9.961693465E-01 2.504556750E-03 1.980000000E+00
6.692609000E-01 9.964909096E-01 2.050465368E-03 1.853000000E+00
7.154399000E-01 9.968200836E-01 1.672603188E-03 1.733000000E+00
7.648052000E-01 9.971366510E-01 1.359046049E-03 1.621000000E+00
8.175768000E-01 9.974384104E-01 1.100838691E-03 1.516000000E+00
8.739896000E-01 9.977154824E-01 8.921040195E-04 1.419000000E+00
9.342948000E-01 9.979729825E-01 7.211283551E-04 1.327000000E+00
9.987612000E-01 9.982048662E-01 5.825598995E-04 1.241000000E+00
1.067676000E+00 9.984135344E-01 4.628367881E-04 1.161000000E+00
1.141345000E+00 9.986056375E-01 3.667944641E-04 1.086000000E+00
1.220098000E+00 9.987776990E-01 2.912096058E-04 1.016000000E+00
1.304285000E+00 9.989303888E-01 2.316015983E-04 9.506000000E-01
1.394281000E+00 9.990660476E-01 1.843832590E-04 8.892000000E-01
1.490486000E+00 9.991855755E-01 1.470405513E-04 8.318000000E-01
1.593329000E+00 9.992907168E-01 1.174539997E-04 7.781000000E-01
1.703269000E+00 9.993829726E-01 9.396973109E-05 7.279000000E-01
1.820795000E+00 9.994643140E-01 7.474124323E-05 6.809000000E-01
1.946430000E+00 9.995361920E-01 5.940204921E-05 6.370000000E-01
2.080733000E+00 9.996000499E-01 4.726837383E-05 5.959000000E-01
2.224304000E+00 9.996573493E-01 3.764055542E-05 5.574000000E-01
2.377781000E+00 9.997100789E-01 2.997668235E-05 5.214000000E-01
2.541848000E+00 9.997632690E-01 2.390733430E-05 4.878000000E-01
2.623362000E+00 9.997962137E-01 2.148286060E-05 4.726000000E-01
2.663515000E+00 9.998280846E-01 2.041092919E-05 4.655000000E-01
2.674223000E+00 9.998584455E-01 2.013293599E-05 4.636000000E-01
2.690284000E+00 9.998327333E-01 7.481354763E-05 4.609000000E-01
2.717235000E+00 9.998184534E-01 7.198146264E-05 4.563000000E-01
2.730438000E+00 9.998165503E-01 7.065509285E-05 4.541000000E-01
2.737336000E+00 9.998162392E-01 6.995061112E-05 4.529000000E-01
2.779234000E+00 9.998233734E-01 6.598629777E-05 4.461000000E-01
2.790407000E+00 9.998359193E-01 6.496686441E-05 4.443000000E-01
2.807166000E+00 9.998226852E-01 8.853434058E-05 4.417000000E-01
2.849064000E+00 9.998123711E-01 8.383481521E-05 4.352000000E-01
2.904724000E+00 9.998103630E-01 7.812416902E-05 4.268000000E-01
2.981650000E+00 9.998138877E-01 7.123941239E-05 4.158000000E-01
3.027288000E+00 9.998198522E-01 6.749832414E-05 4.096000000E-01
3.039458000E+00 9.998254951E-01 6.650151460E-05 4.079000000E-01
3.057713000E+00 9.998213092E-01 7.487772430E-05 4.055000000E-01
3.105150000E+00 9.998194580E-01 7.090760173E-05 3.993000000E-01
3.319406000E+00 9.998299439E-01 5.593461696E-05 3.735000000E-01
3.548445000E+00 9.998452450E-01 4.405463233E-05 3.494000000E-01
3.793288000E+00 9.998611009E-01 3.466508652E-05 3.269000000E-01
4.055024000E+00 9.998763631E-01 2.726552009E-05 3.058000000E-01
4.334821000E+00 9.998905749E-01 2.142745257E-05 2.860000000E-01
4.633924000E+00 9.999034118E-01 1.686280380E-05 2.676000000E-01
4.953664000E+00 9.999150095E-01 1.326553501E-05 2.503000000E-01
5.295467000E+00 9.999253551E-01 1.043865810E-05 2.341000000E-01
5.660855000E+00 9.999342981E-01 8.183738585E-06 2.190000000E-01
6.051453000E+00 9.999424144E-01 6.404339981E-06 2.049000000E-01
6.469004000E+00 9.999495381E-01 5.005236530E-06 1.917000000E-01
6.915365000E+00 9.999558769E-01 3.912302915E-06 1.793000000E-01
7.392525000E+00 9.999614392E-01 3.060842736E-06 1.677000000E-01
7.902609000E+00 9.999662895E-01 2.398415105E-06 1.569000000E-01
8.447890000E+00 9.999705334E-01 1.879573701E-06 1.468000000E-01
9.030794000E+00 9.999742621E-01 1.469057786E-06 1.373000000E-01
9.653919000E+00 9.999775314E-01 1.139568406E-06 1.284000000E-01
1.032004000E+01 9.999803846E-01 8.851833993E-07 1.201000000E-01
1.103212000E+01 9.999828592E-01 6.886287770E-07 1.124000000E-01
1.179334000E+01 9.999850500E-01 5.347978863E-07 1.051000000E-01
1.260708000E+01 9.999869456E-01 4.147907759E-07 9.834000000E-02
1.347697000E+01 9.999886070E-01 3.212639852E-07 9.200000000E-02
1.440688000E+01 9.999900626E-01 2.481849922E-07 8.606000000E-02
1.540095000E+01 9.999913371E-01 1.918942699E-07 8.050000000E-02
1.646362000E+01 9.999924515E-01 1.485491613E-07 7.531000000E-02
1.759961000E+01 9.999934322E-01 1.150859122E-07 7.045000000E-02
1.881398000E+01 9.999943026E-01 8.922253448E-08 6.590000000E-02
2.011215000E+01 9.999951029E-01 6.924730129E-08 6.165000000E-02
2.062312000E+01 9.999954246E-01 6.295920975E-08 6.012000000E-02
2.093878000E+01 9.999957077E-01 5.943210077E-08 5.921000000E-02
2.102296000E+01 9.999959149E-01 5.855011169E-08 5.898000000E-02
2.114922000E+01 9.999957898E-01 3.959300196E-07 5.862000000E-02
2.146488000E+01 9.999957589E-01 3.742049535E-07 5.776000000E-02
2.149988000E+01 9.999957631E-01 3.719434653E-07 5.767000000E-02
2.298338000E+01 9.999961497E-01 2.902217931E-07 5.395000000E-02
2.456923000E+01 9.999965830E-01 2.280800771E-07 5.046000000E-02
2.626450000E+01 9.999969833E-01 1.794363857E-07 4.721000000E-02
2.807676000E+01 9.999973453E-01 1.402632121E-07 4.416000000E-02
3.001405000E+01 9.999976683E-01 1.093078378E-07 4.131000000E-02
3.208502000E+01 9.999979549E-01 8.517207204E-08 3.864000000E-02
3.429889000E+01 9.999982071E-01 6.640165559E-08 3.615000000E-02
3.666551000E+01 9.999984300E-01 5.174328184E-08 3.381000000E-02
3.919543000E+01 9.999986251E-01 4.034881413E-08 3.163000000E-02
4.189992000E+01 9.999987962E-01 3.146306180E-08 2.959000000E-02
4.479101000E+01 9.999989456E-01 2.435852588E-08 2.768000000E-02
4.788159000E+01 9.999990777E-01 1.884459471E-08 2.589000000E-02
5.118542000E+01 9.999991931E-01 1.458512951E-08 2.422000000E-02
5.471721000E+01 9.999992939E-01 1.129155475E-08 2.266000000E-02
5.849270000E+01 9.999993823E-01 8.741689344E-09 2.120000000E-02
6.252870000E+01 9.999994598E-01 6.764627167E-09 1.983000000E-02
6.684318000E+01 9.999995275E-01 5.234079639E-09 1.855000000E-02
7.145536000E+01 9.999995868E-01 4.047007271E-09 1.735000000E-02
7.638578000E+01 9.999996386E-01 3.130293057E-09 1.623000000E-02
8.165640000E+01 9.999996840E-01 2.417386749E-09 1.518000000E-02
8.729069000E+01 9.999997236E-01 1.861687069E-09 1.420000000E-02
9.331374000E+01 9.999997580E-01 1.434404001E-09 1.329000000E-02
9.975239000E+01 9.999997884E-01 1.102525921E-09 1.243000000E-02
1.066353000E+02 9.999998148E-01 8.481449575E-10 1.163000000E-02
1.139931000E+02 9.999998380E-01 6.523145192E-10 1.088000000E-02
1.218587000E+02 9.999998585E-01 5.008871156E-10 1.017000000E-02
1.302669000E+02 9.999998761E-01 3.855757172E-10 9.518000000E-03
1.392553000E+02 9.999998916E-01 2.965102795E-10 8.903000000E-03
1.488640000E+02 9.999999052E-01 2.280901696E-10 8.329000000E-03
1.591356000E+02 9.999999171E-01 1.754182951E-10 7.791000000E-03
1.701159000E+02 9.999999274E-01 1.349274378E-10 7.288000000E-03
1.818539000E+02 9.999999365E-01 1.038022046E-10 6.818000000E-03
1.944018000E+02 9.999999445E-01 7.985218130E-11 6.378000000E-03
2.078156000E+02 9.999999514E-01 6.142299747E-11 5.966000000E-03
2.221548000E+02 9.999999575E-01 4.725556939E-11 5.581000000E-03
2.374835000E+02 9.999999628E-01 3.635878134E-11 5.221000000E-03
2.538699000E+02 9.999999675E-01 2.797302107E-11 4.884000000E-03
2.713869000E+02 9.999999715E-01 2.152489441E-11 4.569000000E-03
2.901126000E+02 9.999999751E-01 1.656096305E-11 4.274000000E-03
3.101304000E+02 9.999999782E-01 1.274185634E-11 3.998000000E-03
3.315294000E+02 9.999999809E-01 9.804919281E-12 3.740000000E-03
3.544049000E+02 9.999999833E-01 7.542045645E-12 3.498000000E-03
3.788588000E+02 9.999999854E-01 5.806487735E-12 3.273000000E-03
4.050001000E+02 9.999999872E-01 4.466312389E-12 3.061000000E-03
4.329451000E+02 0.000000000E+00 0.000000000E+00 2.864000000E-03
