# 11/08/2021 
# Data retrieved from www.chemicool.com/densities.html 
# Includes the real (n) and complex (k) part of the  refractive index. 
# Element, Th  (Z = 90) 
# Nominal density, g cm-3 =  19.9 
#    E [keV]      n       k    Wavelength [nm] 
1.069000000E-02 -2.710426626E+01 1.072936261E-01 1.160000000E+02
1.142761000E-02 -6.137363252E+00 0.000000000E+00 1.085000000E+02
1.221612000E-02 -5.241658804E+00 0.000000000E+00 1.015000000E+02
1.305903000E-02 -4.456417587E+00 0.000000000E+00 9.494000000E+01
1.396010000E-02 -3.769987526E+00 0.000000000E+00 8.881000000E+01
1.492335000E-02 -3.169706631E+00 0.000000000E+00 8.308000000E+01
1.595306000E-02 -2.644320555E+00 0.000000000E+00 7.772000000E+01
1.705382000E-02 -2.183933880E+00 0.000000000E+00 7.270000000E+01
1.823053000E-02 -1.781454388E+00 0.000000000E+00 6.801000000E+01
1.948844000E-02 -1.428898954E+00 0.000000000E+00 6.362000000E+01
2.083314000E-02 -1.119977262E+00 0.000000000E+00 5.951000000E+01
2.227063000E-02 -8.497786640E-01 0.000000000E+00 5.567000000E+01
2.380730000E-02 -6.131989019E-01 0.000000000E+00 5.208000000E+01
2.545001000E-02 -4.057219791E-01 0.000000000E+00 4.872000000E+01
2.720606000E-02 -2.233591298E-01 0.000000000E+00 4.557000000E+01
2.908327000E-02 -6.353908553E-02 0.000000000E+00 4.263000000E+01
3.109002000E-02 7.713711856E-02 0.000000000E+00 3.988000000E+01
3.323523000E-02 2.013839235E-01 0.000000000E+00 3.731000000E+01
3.552846000E-02 3.124069046E-01 0.000000000E+00 3.490000000E+01
3.797993000E-02 4.137028847E-01 0.000000000E+00 3.264000000E+01
4.060054000E-02 5.126045480E-01 0.000000000E+00 3.054000000E+01
4.214000000E-02 5.833259492E-01 0.000000000E+00 2.942000000E+01
4.278500000E-02 6.457981314E-01 0.000000000E+00 2.898000000E+01
4.295700000E-02 7.094949586E-01 0.000000000E+00 2.886000000E+01
4.321500000E-02 6.474025494E-01 1.186376712E-01 2.869000000E+01
4.340198000E-02 6.251262327E-01 1.154995011E-01 2.857000000E+01
4.386000000E-02 6.028297162E-01 1.081328725E-01 2.827000000E+01
4.639671000E-02 6.057330770E-01 7.599306082E-02 2.672000000E+01
4.802000000E-02 6.364011190E-01 6.129007971E-02 2.582000000E+01
4.875500000E-02 6.671406592E-01 5.576615514E-02 2.543000000E+01
4.895100000E-02 6.968476315E-01 5.440700970E-02 2.533000000E+01
4.924500000E-02 6.698802359E-01 1.067448380E-01 2.518000000E+01
4.959809000E-02 6.572455313E-01 1.025299978E-01 2.500000000E+01
4.998000000E-02 6.524281067E-01 9.821431742E-02 2.481000000E+01
5.302035000E-02 6.653549300E-01 7.066390728E-02 2.338000000E+01
5.667876000E-02 7.003695264E-01 4.913353475E-02 2.187000000E+01
5.831000000E-02 7.165244171E-01 4.224834699E-02 2.126000000E+01
5.920250000E-02 7.257971861E-01 3.899742658E-02 2.094000000E+01
5.944050000E-02 7.290343371E-01 3.819908590E-02 2.086000000E+01
5.979750000E-02 7.311837744E-01 3.924740783E-02 2.073000000E+01
6.058959000E-02 7.372844342E-01 3.663762361E-02 2.046000000E+01
6.069000000E-02 7.380117574E-01 3.633593534E-02 2.043000000E+01
6.477028000E-02 7.711232489E-01 2.598363146E-02 1.914000000E+01
6.923942000E-02 8.031292432E-01 1.862325080E-02 1.791000000E+01
7.401695000E-02 8.330725402E-01 1.348154524E-02 1.675000000E+01
7.912411000E-02 8.616735224E-01 9.867543540E-03 1.567000000E+01
8.458368000E-02 8.938313348E-01 7.295421266E-03 1.466000000E+01
8.614200000E-02 9.069861715E-01 6.723636946E-03 1.439000000E+01
8.746050000E-02 9.289271703E-01 6.295022058E-03 1.418000000E+01
8.781210000E-02 9.513646424E-01 6.182750319E-03 1.412000000E+01
8.833950000E-02 9.304889857E-01 4.777842110E-02 1.403000000E+01
8.965800000E-02 9.153434141E-01 4.548671080E-02 1.383000000E+01
9.041995000E-02 9.130966717E-01 4.418267228E-02 1.371000000E+01
9.241400000E-02 9.139133951E-01 4.108474083E-02 1.342000000E+01
9.382850000E-02 9.229301323E-01 3.899249448E-02 1.321000000E+01
9.420570000E-02 9.345770088E-01 3.848687336E-02 1.316000000E+01
9.477150000E-02 9.221058158E-01 6.086603898E-02 1.308000000E+01
9.618600000E-02 9.114795731E-01 5.823312243E-02 1.289000000E+01
9.665893000E-02 9.098230049E-01 5.741010941E-02 1.283000000E+01
1.033284000E-01 9.040047170E-01 4.604971774E-02 1.200000000E+01
1.104581000E-01 9.074344367E-01 3.516362342E-02 1.122000000E+01
1.180797000E-01 9.145702802E-01 2.548981419E-02 1.050000000E+01
1.262272000E-01 9.235783821E-01 1.785722233E-02 9.822000000E+00
1.349368000E-01 9.329375335E-01 1.231851772E-02 9.188000000E+00
1.442475000E-01 9.418348923E-01 8.489020854E-03 8.595000000E+00
1.542005000E-01 9.499052964E-01 5.908493956E-03 8.040000000E+00
1.648404000E-01 9.570713376E-01 4.186580325E-03 7.521000000E+00
1.762144000E-01 9.635026178E-01 3.035304140E-03 7.036000000E+00
1.781640000E-01 9.645619224E-01 2.885326857E-03 6.959000000E+00
1.808910000E-01 9.662587344E-01 2.693473167E-03 6.854000000E+00
1.816182000E-01 9.671302315E-01 2.645844331E-03 6.827000000E+00
1.827090000E-01 9.670121743E-01 3.672069450E-03 6.786000000E+00
1.854360000E-01 9.676399964E-01 3.465963568E-03 6.686000000E+00
1.883732000E-01 9.685868987E-01 3.264046800E-03 6.582000000E+00
2.013709000E-01 9.727679649E-01 2.559695919E-03 6.157000000E+00
2.152655000E-01 9.766039864E-01 2.050270322E-03 5.760000000E+00
2.248120000E-01 9.789409750E-01 1.794248063E-03 5.515000000E+00
2.282530000E-01 9.798414800E-01 1.715838308E-03 5.432000000E+00
2.291706000E-01 9.802470031E-01 1.695798658E-03 5.410000000E+00
2.301188000E-01 9.802667899E-01 2.106006330E-03 5.388000000E+00
2.305470000E-01 9.802846334E-01 2.093037624E-03 5.378000000E+00
2.339880000E-01 9.807524091E-01 1.993819187E-03 5.299000000E+00
2.459970000E-01 9.827214062E-01 1.702123649E-03 5.040000000E+00
2.629708000E-01 9.852224974E-01 1.399875275E-03 4.715000000E+00
2.811158000E-01 9.874958961E-01 1.171964116E-03 4.410000000E+00
2.843960000E-01 9.878694593E-01 1.138714640E-03 4.360000000E+00
2.887490000E-01 9.883775226E-01 1.096599538E-03 4.294000000E+00
2.899098000E-01 9.885429247E-01 1.086027100E-03 4.277000000E+00
2.916510000E-01 9.886804157E-01 1.157039762E-03 4.251000000E+00
2.960040000E-01 9.890785538E-01 1.118210868E-03 4.189000000E+00
3.005128000E-01 9.895030110E-01 1.080294627E-03 4.126000000E+00
3.212482000E-01 9.913319852E-01 9.339996500E-04 3.859000000E+00
3.284960000E-01 9.919364463E-01 8.917568392E-04 3.774000000E+00
3.335240000E-01 9.923766266E-01 8.644792077E-04 3.717000000E+00
3.348648000E-01 9.925262446E-01 8.578841020E-04 3.703000000E+00
3.368760000E-01 9.926497899E-01 9.399852178E-04 3.680000000E+00
3.375120000E-01 9.926923507E-01 9.391312659E-04 3.673000000E+00
3.419040000E-01 9.930189031E-01 9.358988283E-04 3.626000000E+00
3.426780000E-01 9.930815707E-01 9.358365818E-04 3.618000000E+00
3.434143000E-01 9.931473902E-01 9.356871786E-04 3.610000000E+00
3.440556000E-01 9.932132935E-01 9.361296079E-04 3.604000000E+00
3.461220000E-01 9.933327499E-01 1.006465411E-03 3.582000000E+00
3.512880000E-01 9.936720173E-01 1.028249595E-03 3.529000000E+00
3.671099000E-01 9.947107993E-01 1.166349711E-03 3.377000000E+00
3.924405000E-01 9.961205689E-01 1.642073916E-03 3.159000000E+00
4.195189000E-01 9.971378488E-01 2.350674266E-03 2.955000000E+00
4.484657000E-01 9.976733591E-01 3.107878295E-03 2.765000000E+00
4.794098000E-01 9.977825021E-01 3.701354546E-03 2.586000000E+00
5.124891000E-01 9.976219188E-01 4.006163776E-03 2.419000000E+00
5.478508000E-01 9.973719148E-01 4.006699697E-03 2.263000000E+00
5.856525000E-01 9.971704876E-01 3.766530740E-03 2.117000000E+00
6.260625000E-01 9.970971850E-01 3.377898394E-03 1.980000000E+00
6.628720000E-01 9.972001470E-01 2.994210187E-03 1.870000000E+00
6.692609000E-01 9.972583697E-01 2.931109760E-03 1.853000000E+00
6.730180000E-01 9.973277143E-01 2.890597269E-03 1.842000000E+00
6.757236000E-01 9.974637002E-01 2.864223484E-03 1.835000000E+00
6.797820000E-01 9.973392204E-01 3.080364844E-03 1.824000000E+00
6.899280000E-01 9.972534298E-01 2.975857479E-03 1.797000000E+00
6.998180000E-01 9.972468705E-01 2.878213604E-03 1.772000000E+00
7.105295000E-01 9.972999213E-01 2.772973722E-03 1.745000000E+00
7.133859000E-01 9.973707205E-01 2.745663365E-03 1.738000000E+00
7.154399000E-01 9.973431624E-01 2.864497445E-03 1.733000000E+00
7.176705000E-01 9.972995222E-01 2.844603097E-03 1.728000000E+00
7.283820000E-01 9.972493121E-01 2.742870870E-03 1.702000000E+00
7.648052000E-01 9.972646305E-01 2.429581181E-03 1.621000000E+00
8.175768000E-01 9.973937024E-01 2.041019352E-03 1.516000000E+00
8.739896000E-01 9.975717797E-01 1.705869236E-03 1.419000000E+00
9.342948000E-01 9.977897858E-01 1.417525099E-03 1.327000000E+00
9.479540000E-01 9.978453050E-01 1.361649261E-03 1.308000000E+00
9.624635000E-01 9.979264104E-01 1.304610616E-03 1.288000000E+00
9.663327000E-01 9.979801532E-01 1.290421560E-03 1.283000000E+00
9.721365000E-01 9.979542946E-01 1.351834503E-03 1.275000000E+00
9.866460000E-01 9.979564240E-01 1.299624348E-03 1.257000000E+00
9.987612000E-01 9.979805026E-01 1.255405779E-03 1.241000000E+00
1.067676000E+00 9.981384711E-01 1.038725511E-03 1.161000000E+00
1.141345000E+00 9.983142978E-01 8.575811917E-04 1.086000000E+00
1.144836000E+00 9.983215362E-01 8.504861249E-04 1.083000000E+00
1.162359000E+00 9.983638736E-01 8.136486823E-04 1.067000000E+00
1.167032000E+00 9.983820688E-01 8.029583014E-04 1.062000000E+00
1.174041000E+00 9.983898584E-01 8.008075668E-04 1.056000000E+00
1.191564000E+00 9.984201049E-01 7.673500207E-04 1.041000000E+00
1.220098000E+00 9.984777710E-01 7.141990200E-04 1.016000000E+00
1.302910000E+00 9.986342438E-01 5.863398870E-04 9.516000000E-01
1.304285000E+00 9.986367967E-01 5.844802770E-04 9.506000000E-01
1.322852000E+00 9.986731149E-01 5.600412988E-04 9.372000000E-01
1.328170000E+00 9.986873134E-01 5.533875030E-04 9.335000000E-01
1.336147000E+00 9.986947909E-01 5.541071206E-04 9.279000000E-01
1.356090000E+00 9.987222083E-01 5.293861332E-04 9.143000000E-01
1.394281000E+00 9.987789069E-01 4.849135222E-04 8.892000000E-01
1.490486000E+00 9.989132809E-01 3.918601218E-04 8.318000000E-01
1.593329000E+00 9.990383533E-01 3.172616931E-04 7.781000000E-01
1.703269000E+00 9.991520363E-01 2.570393885E-04 7.279000000E-01
1.820795000E+00 9.992546736E-01 2.082933742E-04 6.809000000E-01
1.946430000E+00 9.993464705E-01 1.690574098E-04 6.370000000E-01
2.080733000E+00 9.994283198E-01 1.374667912E-04 5.959000000E-01
2.224304000E+00 9.995011446E-01 1.119727182E-04 5.574000000E-01
2.377781000E+00 9.995657923E-01 9.137051600E-05 5.214000000E-01
2.541848000E+00 9.996232970E-01 7.468261195E-05 4.878000000E-01
2.717235000E+00 9.996749590E-01 6.110463635E-05 4.563000000E-01
2.904724000E+00 9.997222517E-01 4.969971001E-05 4.268000000E-01
3.105150000E+00 9.997682354E-01 3.976029585E-05 3.993000000E-01
3.265360000E+00 9.998115159E-01 3.328485131E-05 3.797000000E-01
3.315340000E+00 9.998385482E-01 3.155884254E-05 3.740000000E-01
3.319406000E+00 9.998430918E-01 3.141635354E-05 3.735000000E-01
3.328668000E+00 9.998629045E-01 3.111721975E-05 3.725000000E-01
3.348660000E+00 9.998443692E-01 7.375707003E-05 3.703000000E-01
3.398640000E+00 9.998340811E-01 7.141896634E-05 3.648000000E-01
3.420984000E+00 9.998347810E-01 7.041845027E-05 3.624000000E-01
3.473346000E+00 9.998460786E-01 6.820267706E-05 3.570000000E-01
3.487309000E+00 9.998617743E-01 6.760147580E-05 3.555000000E-01
3.508254000E+00 9.998448791E-01 9.762875301E-05 3.534000000E-01
3.548445000E+00 9.998326088E-01 9.360165484E-05 3.494000000E-01
3.560616000E+00 9.998308786E-01 9.240375978E-05 3.482000000E-01
3.793288000E+00 9.998292271E-01 7.281566717E-05 3.269000000E-01
3.965178000E+00 9.998397127E-01 6.157178032E-05 3.127000000E-01
4.025870000E+00 9.998468695E-01 5.811535307E-05 3.080000000E-01
4.042054000E+00 9.998527010E-01 5.720964693E-05 3.067000000E-01
4.055024000E+00 9.998508718E-01 6.630759531E-05 3.058000000E-01
4.066331000E+00 9.998488919E-01 6.561209641E-05 3.049000000E-01
4.127022000E+00 9.998476442E-01 6.213242888E-05 3.004000000E-01
4.334821000E+00 9.998551003E-01 5.193042400E-05 2.860000000E-01
4.633924000E+00 9.998692339E-01 4.093349143E-05 2.676000000E-01
4.733792000E+00 9.998742724E-01 3.789909358E-05 2.619000000E-01
4.806248000E+00 9.998784025E-01 3.590301466E-05 2.580000000E-01
4.825570000E+00 9.998804637E-01 3.537279735E-05 2.569000000E-01
4.854552000E+00 9.998805236E-01 3.689338353E-05 2.554000000E-01
4.927008000E+00 9.998826384E-01 3.502217635E-05 2.516000000E-01
4.953664000E+00 9.998835387E-01 3.438402348E-05 2.503000000E-01
5.078654000E+00 9.998883391E-01 3.151753215E-05 2.441000000E-01
5.156389000E+00 9.998916832E-01 2.989061232E-05 2.404000000E-01
5.177118000E+00 9.998930111E-01 2.949317271E-05 2.395000000E-01
5.208212000E+00 9.998934093E-01 3.016969518E-05 2.381000000E-01
5.285946000E+00 9.998955129E-01 2.868114859E-05 2.346000000E-01
5.295467000E+00 9.998958706E-01 2.848539797E-05 2.341000000E-01
5.660855000E+00 9.999069677E-01 2.266287527E-05 2.190000000E-01
6.051453000E+00 9.999175174E-01 1.803852528E-05 2.049000000E-01
6.469004000E+00 9.999271473E-01 1.435664406E-05 1.917000000E-01
6.915365000E+00 9.999357465E-01 1.139029745E-05 1.793000000E-01
7.392525000E+00 9.999434964E-01 9.019595555E-06 1.677000000E-01
7.902609000E+00 9.999504183E-01 7.157972530E-06 1.569000000E-01
8.447890000E+00 9.999564849E-01 5.684551181E-06 1.468000000E-01
9.030794000E+00 9.999618716E-01 4.500595296E-06 1.373000000E-01
9.653919000E+00 9.999666806E-01 3.524292074E-06 1.284000000E-01
1.032004000E+01 9.999708906E-01 2.760005778E-06 1.201000000E-01
1.103212000E+01 9.999745714E-01 2.165308944E-06 1.124000000E-01
1.179334000E+01 9.999778511E-01 1.698371717E-06 1.051000000E-01
1.260708000E+01 9.999807021E-01 1.336053290E-06 9.834000000E-02
1.347697000E+01 9.999832168E-01 1.051527297E-06 9.200000000E-02
1.440688000E+01 9.999854467E-01 8.282769041E-07 8.606000000E-02
1.540095000E+01 9.999874739E-01 6.514455198E-07 8.050000000E-02
1.597429000E+01 9.999886150E-01 5.712029274E-07 7.761000000E-02
1.621880000E+01 9.999892996E-01 5.409551389E-07 7.644000000E-02
1.628400000E+01 9.999897849E-01 5.333199852E-07 7.614000000E-02
1.638180000E+01 9.999895124E-01 1.298532485E-06 7.568000000E-02
1.646362000E+01 9.999894401E-01 1.275737696E-06 7.531000000E-02
1.662631000E+01 9.999894764E-01 1.231418017E-06 7.457000000E-02
1.759961000E+01 9.999903260E-01 1.002030199E-06 7.045000000E-02
1.881398000E+01 9.999914964E-01 7.818585168E-07 6.590000000E-02
1.929934000E+01 9.999919692E-01 7.108854374E-07 6.424000000E-02
1.959473000E+01 9.999923237E-01 6.716464827E-07 6.327000000E-02
1.967351000E+01 9.999925238E-01 6.617219558E-07 6.302000000E-02
1.979167000E+01 9.999924759E-01 9.182278535E-07 6.264000000E-02
2.006266000E+01 9.999925690E-01 8.742595491E-07 6.180000000E-02
2.008706000E+01 9.999925840E-01 8.702769466E-07 6.172000000E-02
2.011215000E+01 9.999925971E-01 8.665432794E-07 6.165000000E-02
2.036974000E+01 9.999927819E-01 8.274701287E-07 6.087000000E-02
2.045163000E+01 9.999928929E-01 8.153500739E-07 6.062000000E-02
2.057446000E+01 9.999928967E-01 9.229544015E-07 6.026000000E-02
2.088154000E+01 9.999930134E-01 8.766749331E-07 5.938000000E-02
2.149988000E+01 9.999933267E-01 7.912418386E-07 5.767000000E-02
2.298338000E+01 9.999940674E-01 6.244914331E-07 5.395000000E-02
2.456923000E+01 9.999947627E-01 4.924910962E-07 5.046000000E-02
2.626450000E+01 9.999953876E-01 3.888125963E-07 4.721000000E-02
2.807676000E+01 9.999959466E-01 3.049278671E-07 4.416000000E-02
3.001405000E+01 9.999964437E-01 2.388293641E-07 4.131000000E-02
3.208502000E+01 9.999968835E-01 1.871874724E-07 3.864000000E-02
3.429889000E+01 9.999972680E-01 1.465676079E-07 3.615000000E-02
3.666551000E+01 9.999976094E-01 1.147269951E-07 3.381000000E-02
3.919543000E+01 9.999979077E-01 8.994863677E-08 3.163000000E-02
4.189992000E+01 9.999981681E-01 7.033405076E-08 2.959000000E-02
4.479101000E+01 9.999983978E-01 5.490082913E-08 2.768000000E-02
4.788159000E+01 9.999985994E-01 4.287516060E-08 2.589000000E-02
5.118542000E+01 9.999987753E-01 3.352077404E-08 2.422000000E-02
5.471721000E+01 9.999989289E-01 2.623271105E-08 2.266000000E-02
5.849270000E+01 9.999990635E-01 2.054392671E-08 2.120000000E-02
6.252870000E+01 9.999991814E-01 1.609454077E-08 1.983000000E-02
6.684318000E+01 9.999992845E-01 1.261965991E-08 1.855000000E-02
7.145536000E+01 9.999993748E-01 9.896927083E-09 1.735000000E-02
7.638578000E+01 9.999994536E-01 7.757394147E-09 1.623000000E-02
8.165640000E+01 9.999995227E-01 6.067701666E-09 1.518000000E-02
8.729069000E+01 9.999995831E-01 4.720115155E-09 1.420000000E-02
9.331374000E+01 9.999996356E-01 3.667030361E-09 1.329000000E-02
9.975239000E+01 9.999996824E-01 2.845155434E-09 1.243000000E-02
1.066353000E+02 9.999997245E-01 2.210685297E-09 1.163000000E-02
1.074579000E+02 9.999997294E-01 2.147020484E-09 1.154000000E-02
1.091026000E+02 9.999997407E-01 2.025085400E-09 1.136000000E-02
1.095413000E+02 9.999997460E-01 1.996542740E-09 1.132000000E-02
1.101992000E+02 9.999997456E-01 8.727018616E-09 1.125000000E-02
1.118439000E+02 9.999997497E-01 8.290249797E-09 1.109000000E-02
1.139931000E+02 9.999997576E-01 7.749207572E-09 1.088000000E-02
1.218587000E+02 9.999997863E-01 6.106245707E-09 1.017000000E-02
1.302669000E+02 9.999998120E-01 4.818133297E-09 9.518000000E-03
1.392553000E+02 9.999998351E-01 3.794615803E-09 8.903000000E-03
1.488640000E+02 9.999998554E-01 2.988949850E-09 8.329000000E-03
1.591356000E+02 9.999998733E-01 2.352506738E-09 7.791000000E-03
1.701159000E+02 9.999998891E-01 1.850258034E-09 7.288000000E-03
1.818539000E+02 9.999999029E-01 1.455536321E-09 6.818000000E-03
1.944018000E+02 9.999999150E-01 1.144926644E-09 6.378000000E-03
2.078156000E+02 9.999999256E-01 9.006266647E-10 5.966000000E-03
2.221548000E+02 9.999999349E-01 7.086605753E-10 5.581000000E-03
2.374835000E+02 9.999999430E-01 5.579990051E-10 5.221000000E-03
2.538699000E+02 9.999999501E-01 4.395295778E-10 4.884000000E-03
2.713869000E+02 9.999999564E-01 3.462923709E-10 4.569000000E-03
2.901126000E+02 9.999999618E-01 2.728248597E-10 4.274000000E-03
3.101304000E+02 9.999999666E-01 2.149644790E-10 3.998000000E-03
3.315294000E+02 9.999999708E-01 1.694078538E-10 3.740000000E-03
3.544049000E+02 9.999999744E-01 1.334699067E-10 3.498000000E-03
3.788588000E+02 9.999999776E-01 1.052515672E-10 3.273000000E-03
4.050001000E+02 9.999999804E-01 8.293000167E-11 3.061000000E-03
4.329451000E+02 0.000000000E+00 0.000000000E+00 2.864000000E-03
