# 11/08/2021 
# Data retrieved from www.chemicool.com/densities.html 
# Includes the real (n) and complex (k) part of the  refractive index. 
# Element, Tl  (Z = 81) 
# Nominal density, g cm-3 =  11.85 
#    E [keV]      n       k    Wavelength [nm] 
9.471535000E-03 -2.077210134E+01 5.821774755E-02 1.309000000E+02
9.616508000E-03 3.660514480E-01 0.000000000E+00 1.289000000E+02
9.655167000E-03 5.001795052E-01 0.000000000E+00 1.284000000E+02
9.713156000E-03 3.830855671E-01 2.440968168E-01 1.276000000E+02
9.858128000E-03 3.042878014E-01 2.331819953E-01 1.258000000E+02
1.069000000E-02 3.644206059E-01 1.803117703E-01 1.160000000E+02
1.142761000E-02 4.810394469E-01 1.407654669E-01 1.085000000E+02
1.221612000E-02 6.260008262E-01 1.043079317E-01 1.015000000E+02
1.283800000E-02 7.935874932E-01 8.129042586E-02 9.658000000E+01
1.303450000E-02 9.320803435E-01 7.504564166E-02 9.512000000E+01
1.305903000E-02 9.758759640E-01 7.429892008E-02 9.494000000E+01
1.308690000E-02 1.081021785E+00 7.346335370E-02 9.474000000E+01
1.316550000E-02 9.320033814E-01 3.541684387E-01 9.417000000E+01
1.336200000E-02 8.171940146E-01 3.295725566E-01 9.279000000E+01
1.396010000E-02 7.752943334E-01 2.660146343E-01 8.881000000E+01
1.492335000E-02 8.633285122E-01 1.954518900E-01 8.308000000E+01
1.499400000E-02 8.757443007E-01 1.920686218E-01 8.269000000E+01
1.522350000E-02 9.434236618E-01 1.824316141E-01 8.144000000E+01
1.528470000E-02 1.009707763E+00 1.802176317E-01 8.112000000E+01
1.537650000E-02 9.499259167E-01 2.988286485E-01 8.063000000E+01
1.560600000E-02 9.092793567E-01 2.858363480E-01 7.945000000E+01
1.595306000E-02 9.038982196E-01 2.693997784E-01 7.772000000E+01
1.705382000E-02 9.490776004E-01 2.368974515E-01 7.270000000E+01
1.823053000E-02 1.015307841E+00 2.313867326E-01 6.801000000E+01
1.948844000E-02 1.077449244E+00 2.470744647E-01 6.362000000E+01
2.083314000E-02 1.128572602E+00 2.785937497E-01 5.951000000E+01
2.227063000E-02 1.164481606E+00 3.225124774E-01 5.567000000E+01
2.380730000E-02 1.181432484E+00 3.748968690E-01 5.208000000E+01
2.545001000E-02 1.176486233E+00 4.302411794E-01 4.872000000E+01
2.720606000E-02 1.148586514E+00 4.814733113E-01 4.557000000E+01
2.908327000E-02 1.099739651E+00 5.211261439E-01 4.263000000E+01
3.109002000E-02 1.035075220E+00 5.422567768E-01 3.988000000E+01
3.323523000E-02 9.625065537E-01 5.406031791E-01 3.731000000E+01
3.552846000E-02 8.911523237E-01 5.153050435E-01 3.490000000E+01
3.797993000E-02 8.294253267E-01 4.695124439E-01 3.264000000E+01
4.060054000E-02 7.831005342E-01 4.098430979E-01 3.054000000E+01
4.340198000E-02 7.548678855E-01 3.430162387E-01 2.857000000E+01
4.639671000E-02 7.443849977E-01 2.759607187E-01 2.672000000E+01
4.959809000E-02 7.484867735E-01 2.144267628E-01 2.500000000E+01
5.302035000E-02 7.636261283E-01 1.612501854E-01 2.338000000E+01
5.667876000E-02 7.853517075E-01 1.180552501E-01 2.187000000E+01
6.058959000E-02 8.101973617E-01 8.453619567E-02 2.046000000E+01
6.477028000E-02 8.356826830E-01 5.947785144E-02 1.914000000E+01
6.923942000E-02 8.602928778E-01 4.136130889E-02 1.791000000E+01
7.389200000E-02 8.847473394E-01 2.879784315E-02 1.678000000E+01
7.401695000E-02 8.855272497E-01 2.852098241E-02 1.675000000E+01
7.502300000E-02 8.934796684E-01 2.645882387E-02 1.653000000E+01
7.532460000E-02 9.000854277E-01 2.585846034E-02 1.646000000E+01
7.577700000E-02 8.957662596E-01 3.573580951E-02 1.636000000E+01
7.690800000E-02 8.945989784E-01 3.297823127E-02 1.612000000E+01
7.912411000E-02 8.987396355E-01 2.827346106E-02 1.567000000E+01
8.458368000E-02 9.121248259E-01 1.971755359E-02 1.466000000E+01
9.041995000E-02 9.253720971E-01 1.385464889E-02 1.371000000E+01
9.665893000E-02 9.376669534E-01 9.867633333E-03 1.283000000E+01
9.760800000E-02 9.396152732E-01 9.391103022E-03 1.270000000E+01
9.910200000E-02 9.433024498E-01 8.714216819E-03 1.251000000E+01
9.950040000E-02 9.456058427E-01 8.544534463E-03 1.246000000E+01
1.000980000E-01 9.445924135E-01 1.168374597E-02 1.239000000E+01
1.015920000E-01 9.451709223E-01 1.091957343E-02 1.220000000E+01
1.033284000E-01 9.467364837E-01 1.013694873E-02 1.200000000E+01
1.104581000E-01 9.541102960E-01 7.589275149E-03 1.122000000E+01
1.161300000E-01 9.594628757E-01 6.141512215E-03 1.068000000E+01
1.179075000E-01 9.612459945E-01 5.758362851E-03 1.052000000E+01
1.180797000E-01 9.614936876E-01 5.717670399E-03 1.050000000E+01
1.183815000E-01 9.620246294E-01 5.652600881E-03 1.047000000E+01
1.190925000E-01 9.622711133E-01 6.149193033E-03 1.041000000E+01
1.203440000E-01 9.630815227E-01 5.913103224E-03 1.030000000E+01
1.208700000E-01 9.634287033E-01 5.824241302E-03 1.026000000E+01
1.221860000E-01 9.644701914E-01 5.598065501E-03 1.015000000E+01
1.226772000E-01 9.650153746E-01 5.517696481E-03 1.011000000E+01
1.234140000E-01 9.652960577E-01 5.822819728E-03 1.005000000E+01
1.252560000E-01 9.663608828E-01 5.545996830E-03 9.898000000E+00
1.262272000E-01 9.669433134E-01 5.411907341E-03 9.822000000E+00
1.335740000E-01 9.711925904E-01 4.571722394E-03 9.282000000E+00
1.349368000E-01 9.719445669E-01 4.446545424E-03 9.188000000E+00
1.356185000E-01 9.723271291E-01 4.387475278E-03 9.142000000E+00
1.361637000E-01 9.726742316E-01 4.342211410E-03 9.106000000E+00
1.369815000E-01 9.730174397E-01 4.416018451E-03 9.051000000E+00
1.390260000E-01 9.739554231E-01 4.262032327E-03 8.918000000E+00
1.442475000E-01 9.762810106E-01 3.942348574E-03 8.595000000E+00
1.542005000E-01 9.801116835E-01 3.565757831E-03 8.040000000E+00
1.648404000E-01 9.834345196E-01 3.401851591E-03 7.521000000E+00
1.762144000E-01 9.862801357E-01 3.406651158E-03 7.036000000E+00
1.883732000E-01 9.886871080E-01 3.541706687E-03 6.582000000E+00
2.013709000E-01 9.906868003E-01 3.771084239E-03 6.157000000E+00
2.152655000E-01 9.923061937E-01 4.058512983E-03 5.760000000E+00
2.301188000E-01 9.935768337E-01 4.362999731E-03 5.388000000E+00
2.459970000E-01 9.945389470E-01 4.645614278E-03 5.040000000E+00
2.629708000E-01 9.952295578E-01 4.875194116E-03 4.715000000E+00
2.811158000E-01 9.956999863E-01 5.014053375E-03 4.410000000E+00
3.005128000E-01 9.959992334E-01 5.050176408E-03 4.126000000E+00
3.212482000E-01 9.961864097E-01 4.968996166E-03 3.859000000E+00
3.434143000E-01 9.963100909E-01 4.780672124E-03 3.610000000E+00
3.671099000E-01 9.964227098E-01 4.498310856E-03 3.377000000E+00
3.784760000E-01 9.964967401E-01 4.345021673E-03 3.276000000E+00
3.842690000E-01 9.965746350E-01 4.261640742E-03 3.226000000E+00
3.858138000E-01 9.966392164E-01 4.241965163E-03 3.214000000E+00
3.881310000E-01 9.965948067E-01 4.322249476E-03 3.194000000E+00
3.924405000E-01 9.965747018E-01 4.263358691E-03 3.159000000E+00
3.939240000E-01 9.965753501E-01 4.242661399E-03 3.147000000E+00
3.984680000E-01 9.965841469E-01 4.182027299E-03 3.112000000E+00
4.045670000E-01 9.966257018E-01 4.096673800E-03 3.065000000E+00
4.061934000E-01 9.966681802E-01 4.071914634E-03 3.052000000E+00
4.086330000E-01 9.966367470E-01 4.111667595E-03 3.034000000E+00
4.147320000E-01 9.966193799E-01 4.030374225E-03 2.990000000E+00
4.195189000E-01 9.966244826E-01 3.963097196E-03 2.955000000E+00
4.484657000E-01 9.966932859E-01 3.579029231E-03 2.765000000E+00
4.794098000E-01 9.968067240E-01 3.184982124E-03 2.586000000E+00
5.000000000E-01 9.967526337E-01 2.940112204E-03 2.480000000E+00
5.025000000E-01 9.967668899E-01 2.909559845E-03 2.467000000E+00
5.050125000E-01 9.967788620E-01 2.881228901E-03 2.455000000E+00
5.075375600E-01 9.967911623E-01 2.852944021E-03 2.443000000E+00
5.100752500E-01 9.968037851E-01 2.824430310E-03 2.431000000E+00
5.126256300E-01 9.968167429E-01 2.795973573E-03 2.419000000E+00
5.151887500E-01 9.968300295E-01 2.767394999E-03 2.407000000E+00
5.177647000E-01 9.968436385E-01 2.738882260E-03 2.395000000E+00
5.203535200E-01 9.968575816E-01 2.710260065E-03 2.383000000E+00
5.229552900E-01 9.968718608E-01 2.681536304E-03 2.371000000E+00
5.255700700E-01 9.968864605E-01 2.652893074E-03 2.359000000E+00
5.281979200E-01 9.969013827E-01 2.624246539E-03 2.347000000E+00
5.308389100E-01 9.969139960E-01 2.597739972E-03 2.336000000E+00
5.334931000E-01 9.969295760E-01 2.569089582E-03 2.324000000E+00
5.361605700E-01 9.969454910E-01 2.540450700E-03 2.312000000E+00
5.388413700E-01 9.969590825E-01 2.513929963E-03 2.301000000E+00
5.415355800E-01 9.969756533E-01 2.485315983E-03 2.289000000E+00
5.442432500E-01 9.969899020E-01 2.458886187E-03 2.278000000E+00
5.469644700E-01 9.970044885E-01 2.432460330E-03 2.267000000E+00
5.496992900E-01 9.970220546E-01 2.403910178E-03 2.255000000E+00
5.524477900E-01 9.970373085E-01 2.377597011E-03 2.244000000E+00
5.552100300E-01 9.970529155E-01 2.351221067E-03 2.233000000E+00
5.579860800E-01 9.970688672E-01 2.324943463E-03 2.222000000E+00
5.607760100E-01 9.970851778E-01 2.298766034E-03 2.211000000E+00
5.635798900E-01 9.971018610E-01 2.272539012E-03 2.200000000E+00
5.663977900E-01 9.971189218E-01 2.246418793E-03 2.189000000E+00
5.692297800E-01 9.971363798E-01 2.220407123E-03 2.178000000E+00
5.720759300E-01 9.971542534E-01 2.194432189E-03 2.167000000E+00
5.749363000E-01 9.971725745E-01 2.168497925E-03 2.156000000E+00
5.778109900E-01 9.971887612E-01 2.144678572E-03 2.146000000E+00
5.807000400E-01 9.972080993E-01 2.118893986E-03 2.135000000E+00
5.836035400E-01 9.972280341E-01 2.093230686E-03 2.124000000E+00
5.865215600E-01 9.972460611E-01 2.069647823E-03 2.114000000E+00
5.894541700E-01 9.972675199E-01 2.044148599E-03 2.103000000E+00
5.924014400E-01 9.972874216E-01 2.020707195E-03 2.093000000E+00
5.953634500E-01 9.973112978E-01 1.995450133E-03 2.082000000E+00
5.983402600E-01 9.973345696E-01 1.972159387E-03 2.072000000E+00
6.013319600E-01 9.973610413E-01 1.948974401E-03 2.062000000E+00
6.043386200E-01 9.973938350E-01 1.925896524E-03 2.052000000E+00
6.073603200E-01 9.974494252E-01 1.901063757E-03 2.041000000E+00
6.082448700E-01 9.974825046E-01 1.894243467E-03 2.038000000E+00
6.097551900E-01 9.974893927E-01 1.999000215E-03 2.033000000E+00
6.103971200E-01 9.974693189E-01 1.994229315E-03 2.031000000E+00
6.134491000E-01 9.974410465E-01 1.970482350E-03 2.021000000E+00
6.165163500E-01 9.974366886E-01 1.946850826E-03 2.011000000E+00
6.195989300E-01 9.974393453E-01 1.923336020E-03 2.001000000E+00
6.226969300E-01 9.974455014E-01 1.900001261E-03 1.991000000E+00
6.258104100E-01 9.974538168E-01 1.876723013E-03 1.981000000E+00
6.289394600E-01 9.974636227E-01 1.853565194E-03 1.971000000E+00
6.320841600E-01 9.974719645E-01 1.832396414E-03 1.962000000E+00
6.352445800E-01 9.974837603E-01 1.809469111E-03 1.952000000E+00
6.384208000E-01 9.974962761E-01 1.786724819E-03 1.942000000E+00
6.416129100E-01 9.975093986E-01 1.764045960E-03 1.932000000E+00
6.448209700E-01 9.975204636E-01 1.743363874E-03 1.923000000E+00
6.480450800E-01 9.975345686E-01 1.720923990E-03 1.913000000E+00
6.512853000E-01 9.975465059E-01 1.700511716E-03 1.904000000E+00
6.545417300E-01 9.975613967E-01 1.678370698E-03 1.894000000E+00
6.578144400E-01 9.975740512E-01 1.658117831E-03 1.885000000E+00
6.611035100E-01 9.975895927E-01 1.636277620E-03 1.875000000E+00
6.644090300E-01 9.976028625E-01 1.616299540E-03 1.866000000E+00
6.677310700E-01 9.976164045E-01 1.596479762E-03 1.857000000E+00
6.710697300E-01 9.976302171E-01 1.576764207E-03 1.848000000E+00
6.744250800E-01 9.976468385E-01 1.555460813E-03 1.838000000E+00
6.777972000E-01 9.976611366E-01 1.535969547E-03 1.829000000E+00
6.811861900E-01 9.976756740E-01 1.516637212E-03 1.820000000E+00
6.845921200E-01 9.976904441E-01 1.497411826E-03 1.811000000E+00
6.880150800E-01 9.977054454E-01 1.478345140E-03 1.802000000E+00
6.914551500E-01 9.977206813E-01 1.459386182E-03 1.793000000E+00
6.949124300E-01 9.977361599E-01 1.440585669E-03 1.784000000E+00
6.983869900E-01 9.977518934E-01 1.421893627E-03 1.775000000E+00
7.018789300E-01 9.977679083E-01 1.403310912E-03 1.766000000E+00
7.053883200E-01 9.977817357E-01 1.386463580E-03 1.758000000E+00
7.089152600E-01 9.977985174E-01 1.368184450E-03 1.749000000E+00
7.124598400E-01 9.978159149E-01 1.350015161E-03 1.740000000E+00
7.160221400E-01 9.978319546E-01 1.333495915E-03 1.732000000E+00
7.196022500E-01 9.978541674E-01 1.315582417E-03 1.723000000E+00
7.202901900E-01 9.978608576E-01 1.311787930E-03 1.721000000E+00
7.223098300E-01 9.978695388E-01 1.319946956E-03 1.716000000E+00
7.232002600E-01 9.978692391E-01 1.315905860E-03 1.714000000E+00
7.268162600E-01 9.978765042E-01 1.299685596E-03 1.706000000E+00
7.304503400E-01 9.978896098E-01 1.282085418E-03 1.697000000E+00
7.341026000E-01 9.979013258E-01 1.266139426E-03 1.689000000E+00
7.377731100E-01 9.979136415E-01 1.250279628E-03 1.681000000E+00
7.414619700E-01 9.979288303E-01 1.233075181E-03 1.672000000E+00
7.451692800E-01 9.979418343E-01 1.217488022E-03 1.664000000E+00
7.488951300E-01 9.979550752E-01 1.201987579E-03 1.656000000E+00
7.526396100E-01 9.979709767E-01 1.185177461E-03 1.647000000E+00
7.564028000E-01 9.979845825E-01 1.169947959E-03 1.639000000E+00
7.601848200E-01 9.979983397E-01 1.154847300E-03 1.631000000E+00
7.639857400E-01 9.980122394E-01 1.139833700E-03 1.623000000E+00
7.678056700E-01 9.980262650E-01 1.124948684E-03 1.615000000E+00
7.716447000E-01 9.980404083E-01 1.110232150E-03 1.607000000E+00
7.755029200E-01 9.980546654E-01 1.095562238E-03 1.599000000E+00
7.793804400E-01 9.980690243E-01 1.081059726E-03 1.591000000E+00
7.832773400E-01 9.980834894E-01 1.066683633E-03 1.583000000E+00
7.871937300E-01 9.980980528E-01 1.052394572E-03 1.575000000E+00
7.911296900E-01 9.981127109E-01 1.038270088E-03 1.567000000E+00
7.950853400E-01 9.981274638E-01 1.024232337E-03 1.559000000E+00
7.990607700E-01 9.981399191E-01 1.011622835E-03 1.552000000E+00
8.030560700E-01 9.981548721E-01 9.978234805E-04 1.544000000E+00
8.070713500E-01 9.981699308E-01 9.841481092E-04 1.536000000E+00
8.111067100E-01 9.981827218E-01 9.718670029E-04 1.529000000E+00
8.151622400E-01 9.981980225E-01 9.584269705E-04 1.521000000E+00
8.192380600E-01 9.982134691E-01 9.450734778E-04 1.513000000E+00
8.233342500E-01 9.982267406E-01 9.331168373E-04 1.506000000E+00
8.274509200E-01 9.982426063E-01 9.200318490E-04 1.498000000E+00
8.315881700E-01 9.982564788E-01 9.082855984E-04 1.491000000E+00
8.357461100E-01 9.982709319E-01 8.966043929E-04 1.484000000E+00
8.399248400E-01 9.982889235E-01 8.838590636E-04 1.476000000E+00
8.441244700E-01 9.983095078E-01 8.724203408E-04 1.469000000E+00
8.442317400E-01 9.983095078E-01 8.724203408E-04 1.469000000E+00
8.467682400E-01 9.983191064E-01 8.829037993E-04 1.464000000E+00
8.483450900E-01 9.983198981E-01 8.781525843E-04 1.461000000E+00
8.525868200E-01 9.983270238E-01 8.667452298E-04 1.454000000E+00
8.568497500E-01 9.983367949E-01 8.554688562E-04 1.447000000E+00
8.611340000E-01 9.983474965E-01 8.442571524E-04 1.440000000E+00
8.654396700E-01 9.983586903E-01 8.331428052E-04 1.433000000E+00
8.697668700E-01 9.983724751E-01 8.210045475E-04 1.425000000E+00
8.741157000E-01 9.983841843E-01 8.100930480E-04 1.418000000E+00
8.784862800E-01 9.983960543E-01 7.993087867E-04 1.411000000E+00
8.828787100E-01 9.984080491E-01 7.886195507E-04 1.404000000E+00
8.872931000E-01 9.984201430E-01 7.780249258E-04 1.397000000E+00
8.917295700E-01 9.984323173E-01 7.675244975E-04 1.390000000E+00
8.961882200E-01 9.984445598E-01 7.571178514E-04 1.383000000E+00
9.006691600E-01 9.984546151E-01 7.478904396E-04 1.377000000E+00
9.051725000E-01 9.984669689E-01 7.376607328E-04 1.370000000E+00
9.096983700E-01 9.984793599E-01 7.275236049E-04 1.363000000E+00
9.142468600E-01 9.984917889E-01 7.175074348E-04 1.356000000E+00
9.188180900E-01 9.985042426E-01 7.075539247E-04 1.349000000E+00
9.234121800E-01 9.985145076E-01 6.987601624E-04 1.343000000E+00
9.280292400E-01 9.985270123E-01 6.890073811E-04 1.336000000E+00
9.326693900E-01 9.985395281E-01 6.793445652E-04 1.329000000E+00
9.373327400E-01 9.985498650E-01 6.707849577E-04 1.323000000E+00
9.420194000E-01 9.985624063E-01 6.613189308E-04 1.316000000E+00
9.467295000E-01 9.985727710E-01 6.529107011E-04 1.310000000E+00
9.514631500E-01 9.985853190E-01 6.436120381E-04 1.303000000E+00
9.562204600E-01 9.985956991E-01 6.353801928E-04 1.297000000E+00
9.610015600E-01 9.986082418E-01 6.262471355E-04 1.290000000E+00
9.658065700E-01 9.986186153E-01 6.181632289E-04 1.284000000E+00
9.706356000E-01 9.986311284E-01 6.091943083E-04 1.277000000E+00
9.754887800E-01 9.986414749E-01 6.012823118E-04 1.271000000E+00
9.803662300E-01 9.986517976E-01 5.934136135E-04 1.265000000E+00
9.852680600E-01 9.986642039E-01 5.847083202E-04 1.258000000E+00
9.901944000E-01 9.986744193E-01 5.770085939E-04 1.252000000E+00
9.951453700E-01 9.986845389E-01 5.694006193E-04 1.246000000E+00
1.000121100E+00 9.986944614E-01 5.618111676E-04 1.240000000E+00
1.005121700E+00 9.987031735E-01 5.534305950E-04 1.234000000E+00
1.010147300E+00 9.987143271E-01 5.442697950E-04 1.227000000E+00
1.015198000E+00 9.987236461E-01 5.360883508E-04 1.221000000E+00
1.020274000E+00 9.987331841E-01 5.280354735E-04 1.215000000E+00
1.025375400E+00 9.987428977E-01 5.200636023E-04 1.209000000E+00
1.030502300E+00 9.987527584E-01 5.121723278E-04 1.203000000E+00
1.035654800E+00 9.987627500E-01 5.043388039E-04 1.197000000E+00
1.040833100E+00 9.987728478E-01 4.966077196E-04 1.191000000E+00
1.046037200E+00 9.987830370E-01 4.889779925E-04 1.185000000E+00
1.051267400E+00 9.987933051E-01 4.814485470E-04 1.179000000E+00
1.056523800E+00 9.988015952E-01 4.748052911E-04 1.174000000E+00
1.061806400E+00 9.988119890E-01 4.674436539E-04 1.168000000E+00
1.067115400E+00 9.988224273E-01 4.601796292E-04 1.162000000E+00
1.072451000E+00 9.988329056E-01 4.530121643E-04 1.156000000E+00
1.077813200E+00 9.988434134E-01 4.459195040E-04 1.150000000E+00
1.083202300E+00 9.988519439E-01 4.396894310E-04 1.145000000E+00
1.088618300E+00 9.988625061E-01 4.327571430E-04 1.139000000E+00
1.094061400E+00 9.988730837E-01 4.259383038E-04 1.133000000E+00
1.099531700E+00 9.988816891E-01 4.199357084E-04 1.128000000E+00
1.105029400E+00 9.988922927E-01 4.132525714E-04 1.122000000E+00
1.110554500E+00 9.989029009E-01 4.066797256E-04 1.116000000E+00
1.116107300E+00 9.989115478E-01 4.008983103E-04 1.111000000E+00
1.121687800E+00 9.989221617E-01 3.944574841E-04 1.105000000E+00
1.127296300E+00 9.989308251E-01 3.888304851E-04 1.100000000E+00
1.132932800E+00 9.989414337E-01 3.825574114E-04 1.094000000E+00
1.138597400E+00 9.989501035E-01 3.770443094E-04 1.089000000E+00
1.144290400E+00 9.989587765E-01 3.716210815E-04 1.084000000E+00
1.150011900E+00 9.989693630E-01 3.655714379E-04 1.078000000E+00
1.155761900E+00 9.989780288E-01 3.602589799E-04 1.073000000E+00
1.161540700E+00 9.989886132E-01 3.543693019E-04 1.067000000E+00
1.167348400E+00 9.989972627E-01 3.492014607E-04 1.062000000E+00
1.173185200E+00 9.990059056E-01 3.440840242E-04 1.057000000E+00
1.179051100E+00 9.990145430E-01 3.390340761E-04 1.052000000E+00
1.184946400E+00 9.990250375E-01 3.334130708E-04 1.046000000E+00
1.190871100E+00 9.990336488E-01 3.285022594E-04 1.041000000E+00
1.196825400E+00 9.990422472E-01 3.236398599E-04 1.036000000E+00
1.202809600E+00 9.990508354E-01 3.188422780E-04 1.031000000E+00
1.208823600E+00 9.990594078E-01 3.140923066E-04 1.026000000E+00
1.214867700E+00 9.990679670E-01 3.094060325E-04 1.021000000E+00
1.220942100E+00 9.990783051E-01 3.041669365E-04 1.015000000E+00
1.227046800E+00 9.990868252E-01 2.995961530E-04 1.010000000E+00
1.233182000E+00 9.990953317E-01 2.950555535E-04 1.005000000E+00
1.239347900E+00 9.991038193E-01 2.905923548E-04 1.000000000E+00
1.245544700E+00 9.991115781E-01 2.864045143E-04 9.954000000E-01
1.251772400E+00 9.991198578E-01 2.820861132E-04 9.905000000E-01
1.258031200E+00 9.991282954E-01 2.777701492E-04 9.855000000E-01
1.264321400E+00 9.991365387E-01 2.735692725E-04 9.806000000E-01
1.270643000E+00 9.991445865E-01 2.694661776E-04 9.758000000E-01
1.276996200E+00 9.991527913E-01 2.653643862E-04 9.709000000E-01
1.283381200E+00 9.991608012E-01 2.613731412E-04 9.661000000E-01
1.289798100E+00 9.991687910E-01 2.574221043E-04 9.613000000E-01
1.296247100E+00 9.991767617E-01 2.535110722E-04 9.565000000E-01
1.302728300E+00 9.991847098E-01 2.496540247E-04 9.517000000E-01
1.309242000E+00 9.991924674E-01 2.459022602E-04 9.470000000E-01
1.315788200E+00 9.992002017E-01 2.421882588E-04 9.423000000E-01
1.322367100E+00 9.992079166E-01 2.385255957E-04 9.376000000E-01
1.328979000E+00 9.992156089E-01 2.349136670E-04 9.329000000E-01
1.335623900E+00 9.992231120E-01 2.313882307E-04 9.283000000E-01
1.342302000E+00 9.992305920E-01 2.278982305E-04 9.237000000E-01
1.349013500E+00 9.992380509E-01 2.244699440E-04 9.191000000E-01
1.355758600E+00 9.992454886E-01 2.210631114E-04 9.145000000E-01
1.362537400E+00 9.992527376E-01 2.177517363E-04 9.100000000E-01
1.369350000E+00 9.992601281E-01 2.144390511E-04 9.054000000E-01
1.376196800E+00 9.992673336E-01 2.112197276E-04 9.009000000E-01
1.383077800E+00 9.992745151E-01 2.080201996E-04 8.964000000E-01
1.389993200E+00 9.992815126E-01 2.049239968E-04 8.920000000E-01
1.396943100E+00 9.992886474E-01 2.018131812E-04 8.875000000E-01
1.403927800E+00 9.992955991E-01 1.987790220E-04 8.831000000E-01
1.410947500E+00 9.993025283E-01 1.957875109E-04 8.787000000E-01
1.418002200E+00 9.993092756E-01 1.928822461E-04 8.744000000E-01
1.425092200E+00 9.993161587E-01 1.899503334E-04 8.700000000E-01
1.432217700E+00 9.993228607E-01 1.871032355E-04 8.657000000E-01
1.439378800E+00 9.993295417E-01 1.842963425E-04 8.614000000E-01
1.446575700E+00 9.993362003E-01 1.815061556E-04 8.571000000E-01
1.453808600E+00 9.993428372E-01 1.787556550E-04 8.528000000E-01
1.461077600E+00 9.993492965E-01 1.760858507E-04 8.486000000E-01
1.468383000E+00 9.993557351E-01 1.734427563E-04 8.444000000E-01
1.475724900E+00 9.993621514E-01 1.708372920E-04 8.402000000E-01
1.483103500E+00 9.993685453E-01 1.682580487E-04 8.360000000E-01
1.490519000E+00 9.993749164E-01 1.657157283E-04 8.318000000E-01
1.497971600E+00 9.993811148E-01 1.632385868E-04 8.277000000E-01
1.505461500E+00 9.993872915E-01 1.607968709E-04 8.236000000E-01
1.512988800E+00 9.993934460E-01 1.583901393E-04 8.195000000E-01
1.520553700E+00 9.993995782E-01 1.559971306E-04 8.154000000E-01
1.528156500E+00 9.994056866E-01 1.536489582E-04 8.113000000E-01
1.535797300E+00 9.994116264E-01 1.513517589E-04 8.073000000E-01
1.543476300E+00 9.994175446E-01 1.490977756E-04 8.033000000E-01
1.551193700E+00 9.994234418E-01 1.467962495E-04 7.993000000E-01
1.558949600E+00 9.994293228E-01 1.445184979E-04 7.953000000E-01
1.566744400E+00 9.994351861E-01 1.422643974E-04 7.913000000E-01
1.574578100E+00 9.994408904E-01 1.400791091E-04 7.874000000E-01
1.582451000E+00 9.994465777E-01 1.379162742E-04 7.835000000E-01
1.590363300E+00 9.994522486E-01 1.357852945E-04 7.796000000E-01
1.598315100E+00 9.994579008E-01 1.336857692E-04 7.757000000E-01
1.606306600E+00 9.994633959E-01 1.316420788E-04 7.719000000E-01
1.614338200E+00 9.994690133E-01 1.295947718E-04 7.680000000E-01
1.622409900E+00 9.994744735E-01 1.276021751E-04 7.642000000E-01
1.630521900E+00 9.994799168E-01 1.256119678E-04 7.604000000E-01
1.638674500E+00 9.994853449E-01 1.236335497E-04 7.566000000E-01
1.646867900E+00 9.994907580E-01 1.216759563E-04 7.528000000E-01
1.655102200E+00 9.994960213E-01 1.197798399E-04 7.491000000E-01
1.663377700E+00 9.995012704E-01 1.179034569E-04 7.454000000E-01
1.671694600E+00 9.995065047E-01 1.160553187E-04 7.417000000E-01
1.680053100E+00 9.995117248E-01 1.142265366E-04 7.380000000E-01
1.688453400E+00 9.995169286E-01 1.124254523E-04 7.343000000E-01
1.696895600E+00 9.995219864E-01 1.106820025E-04 7.307000000E-01
1.705380100E+00 9.995271594E-01 1.089266450E-04 7.270000000E-01
1.713907000E+00 9.995321879E-01 1.072277399E-04 7.234000000E-01
1.722476600E+00 9.995372008E-01 1.055465434E-04 7.198000000E-01
1.731088900E+00 9.995421993E-01 1.038909952E-04 7.162000000E-01
1.739744400E+00 9.995470549E-01 1.022894639E-04 7.127000000E-01
1.748443100E+00 9.995520239E-01 1.006760313E-04 7.091000000E-01
1.757185300E+00 9.995568508E-01 9.910771080E-05 7.056000000E-01
1.765971200E+00 9.995616647E-01 9.756343362E-05 7.021000000E-01
1.774801100E+00 9.995664642E-01 9.604288432E-05 6.986000000E-01
1.783675100E+00 9.995712499E-01 9.453818363E-05 6.951000000E-01
1.792593500E+00 9.995760211E-01 9.304924869E-05 6.916000000E-01
1.801556500E+00 9.995806564E-01 9.161003224E-05 6.882000000E-01
1.810564200E+00 9.995852787E-01 9.019303741E-05 6.848000000E-01
1.819617100E+00 9.995898891E-01 8.879069809E-05 6.814000000E-01
1.828715100E+00 9.995944783E-01 8.741013665E-05 6.780000000E-01
1.837858700E+00 9.995990633E-01 8.604393463E-05 6.746000000E-01
1.847048000E+00 9.996035176E-01 8.472431180E-05 6.713000000E-01
1.856283300E+00 9.996080790E-01 8.339324586E-05 6.679000000E-01
1.865564700E+00 9.996125108E-01 8.210087946E-05 6.646000000E-01
1.874892500E+00 9.996169328E-01 8.083559934E-05 6.613000000E-01
1.884267000E+00 9.996213444E-01 7.957658695E-05 6.580000000E-01
1.893688300E+00 9.996257458E-01 7.833740253E-05 6.547000000E-01
1.903156700E+00 9.996300234E-01 7.713480773E-05 6.515000000E-01
1.912672500E+00 9.996344068E-01 7.592770598E-05 6.482000000E-01
1.922235900E+00 9.996386688E-01 7.475642767E-05 6.450000000E-01
1.931847100E+00 9.996429231E-01 7.360368319E-05 6.418000000E-01
1.941506300E+00 9.996471711E-01 7.246283142E-05 6.386000000E-01
1.951213800E+00 9.996514127E-01 7.134013304E-05 6.354000000E-01
1.960969900E+00 9.996555395E-01 7.025129631E-05 6.323000000E-01
1.970774700E+00 9.996597702E-01 6.915778329E-05 6.291000000E-01
1.980628600E+00 9.996638895E-01 6.809742168E-05 6.260000000E-01
1.990531800E+00 9.996680061E-01 6.704793640E-05 6.229000000E-01
2.000484400E+00 9.996721211E-01 6.601528706E-05 6.198000000E-01
2.010486800E+00 9.996762354E-01 6.499923761E-05 6.167000000E-01
2.020539300E+00 9.996803495E-01 6.398776208E-05 6.136000000E-01
2.030642000E+00 9.996843619E-01 6.301329554E-05 6.106000000E-01
2.040795200E+00 9.996884806E-01 6.203411230E-05 6.075000000E-01
2.050999200E+00 9.996925008E-01 6.108532805E-05 6.045000000E-01
2.061254200E+00 9.996965277E-01 6.015192040E-05 6.015000000E-01
2.071560400E+00 9.997005631E-01 5.922245186E-05 5.985000000E-01
2.081918200E+00 9.997046087E-01 5.831370111E-05 5.955000000E-01
2.092327800E+00 9.997085676E-01 5.742817151E-05 5.926000000E-01
2.102789500E+00 9.997126398E-01 5.653790144E-05 5.896000000E-01
2.113303400E+00 9.997166326E-01 5.568124206E-05 5.867000000E-01
2.123869900E+00 9.997206465E-01 5.483327166E-05 5.838000000E-01
2.134489300E+00 9.997246848E-01 5.399394598E-05 5.809000000E-01
2.145161700E+00 9.997287520E-01 5.316845235E-05 5.780000000E-01
2.155887500E+00 9.997328514E-01 5.235141020E-05 5.751000000E-01
2.166667000E+00 9.997369770E-01 5.154277609E-05 5.722000000E-01
2.177500300E+00 9.997410659E-01 5.076439604E-05 5.694000000E-01
2.188387800E+00 9.997452074E-01 4.999539193E-05 5.666000000E-01
2.199329700E+00 9.997494968E-01 4.921921030E-05 5.637000000E-01
2.210326400E+00 9.997537661E-01 4.846986076E-05 5.609000000E-01
2.221378000E+00 9.997581152E-01 4.772961386E-05 5.581000000E-01
2.232484900E+00 9.997624725E-01 4.700662045E-05 5.554000000E-01
2.243647300E+00 9.997670276E-01 4.627085262E-05 5.526000000E-01
2.254865600E+00 9.997716317E-01 4.556172738E-05 5.499000000E-01
2.266139900E+00 9.997764782E-01 4.484534767E-05 5.471000000E-01
2.277470600E+00 9.997814371E-01 4.415411981E-05 5.444000000E-01
2.288857900E+00 9.997866366E-01 4.347277454E-05 5.417000000E-01
2.300302200E+00 9.997921385E-01 4.279982793E-05 5.390000000E-01
2.311803700E+00 9.997980310E-01 4.213069870E-05 5.363000000E-01
2.323362800E+00 9.998044451E-01 4.146544561E-05 5.336000000E-01
2.334979600E+00 9.998115178E-01 4.082479802E-05 5.310000000E-01
2.346654500E+00 9.998197544E-01 4.017773495E-05 5.283000000E-01
2.358387800E+00 9.998297307E-01 3.955431015E-05 5.257000000E-01
2.370179700E+00 9.998433032E-01 3.893906341E-05 5.231000000E-01
2.382030600E+00 9.998679182E-01 3.833233437E-05 5.205000000E-01
2.388655000E+00 9.999246532E-01 3.800487859E-05 5.191000000E-01
2.389945200E+00 9.999259882E-01 1.100482709E-04 5.188000000E-01
2.393940700E+00 9.998813142E-01 1.093937727E-04 5.179000000E-01
2.405910400E+00 9.998547387E-01 1.074956397E-04 5.153000000E-01
2.417940000E+00 9.998455371E-01 1.056686177E-04 5.128000000E-01
2.430029700E+00 9.998414425E-01 1.038253302E-04 5.102000000E-01
2.442179800E+00 9.998401744E-01 1.020474531E-04 5.077000000E-01
2.454390700E+00 9.998413684E-01 1.002935477E-04 5.052000000E-01
2.466662700E+00 9.998458823E-01 9.852417472E-05 5.026000000E-01
2.478996000E+00 9.998591692E-01 9.682192827E-05 5.001000000E-01
2.484394300E+00 9.998885098E-01 9.612304266E-05 4.991000000E-01
2.485805800E+00 9.998889563E-01 1.400996053E-04 4.988000000E-01
2.491391000E+00 9.998572508E-01 1.390052573E-04 4.977000000E-01
2.503847900E+00 9.998404998E-01 1.365639526E-04 4.952000000E-01
2.516367200E+00 9.998324214E-01 1.341621833E-04 4.927000000E-01
2.528949000E+00 9.998270779E-01 1.318456930E-04 4.903000000E-01
2.541593800E+00 9.998232897E-01 1.295134246E-04 4.878000000E-01
2.554301700E+00 9.998203839E-01 1.272680880E-04 4.854000000E-01
2.567073200E+00 9.998181569E-01 1.250591977E-04 4.830000000E-01
2.579908600E+00 9.998164460E-01 1.228790510E-04 4.806000000E-01
2.592808200E+00 9.998151446E-01 1.207309795E-04 4.782000000E-01
2.605772200E+00 9.998141796E-01 1.186181724E-04 4.758000000E-01
2.618801100E+00 9.998134971E-01 1.165331503E-04 4.734000000E-01
2.631895100E+00 9.998129768E-01 1.145312342E-04 4.711000000E-01
2.645054500E+00 9.998127454E-01 1.125106817E-04 4.687000000E-01
2.658279800E+00 9.998126183E-01 1.105677917E-04 4.664000000E-01
2.671571200E+00 9.998126550E-01 1.086502490E-04 4.641000000E-01
2.684929100E+00 9.998128392E-01 1.067645097E-04 4.618000000E-01
2.698353700E+00 9.998131568E-01 1.049068466E-04 4.595000000E-01
2.711845500E+00 9.998135970E-01 1.030736674E-04 4.572000000E-01
2.725404700E+00 9.998141495E-01 1.012712349E-04 4.549000000E-01
2.739031700E+00 9.998147259E-01 9.953668973E-05 4.527000000E-01
2.752726900E+00 9.998154823E-01 9.778767545E-05 4.504000000E-01
2.766490500E+00 9.998162509E-01 9.610490440E-05 4.482000000E-01
2.780323000E+00 9.998171917E-01 9.440497500E-05 4.459000000E-01
2.794224600E+00 9.998181387E-01 9.277282022E-05 4.437000000E-01
2.808195700E+00 9.998191737E-01 9.116527245E-05 4.415000000E-01
2.822236700E+00 9.998202974E-01 8.958204594E-05 4.393000000E-01
2.836347900E+00 9.998215147E-01 8.801986493E-05 4.371000000E-01
2.850529600E+00 9.998227512E-01 8.652423771E-05 4.350000000E-01
2.864782300E+00 9.998241835E-01 8.500887866E-05 4.328000000E-01
2.879106200E+00 9.998257521E-01 8.351387760E-05 4.306000000E-01
2.893501700E+00 9.998274153E-01 8.208310135E-05 4.285000000E-01
2.907969200E+00 9.998293286E-01 8.066838644E-05 4.264000000E-01
2.922509100E+00 9.998317293E-01 7.923791897E-05 4.242000000E-01
2.937121600E+00 9.998349051E-01 7.786663308E-05 4.221000000E-01
2.951807200E+00 9.998415800E-01 7.651644184E-05 4.200000000E-01
2.953643400E+00 9.998436530E-01 7.637183428E-05 4.198000000E-01
2.959556600E+00 9.998441512E-01 8.897622615E-05 4.189000000E-01
2.966566200E+00 9.998394005E-01 8.820460822E-05 4.179000000E-01
2.981399100E+00 9.998363648E-01 8.664456876E-05 4.159000000E-01
2.996306100E+00 9.998353534E-01 8.506658920E-05 4.138000000E-01
3.011287600E+00 9.998347220E-01 8.348872715E-05 4.117000000E-01
3.026344000E+00 9.998346341E-01 8.197509802E-05 4.097000000E-01
3.041475800E+00 9.998349412E-01 8.045266444E-05 4.076000000E-01
3.056683100E+00 9.998353635E-01 7.899785116E-05 4.056000000E-01
3.071966600E+00 9.998359281E-01 7.756769215E-05 4.036000000E-01
3.087326400E+00 9.998366051E-01 7.616186309E-05 4.016000000E-01
3.102763000E+00 9.998373775E-01 7.478254246E-05 3.996000000E-01
3.118276800E+00 9.998382238E-01 7.344913985E-05 3.976000000E-01
3.133868200E+00 9.998391242E-01 7.213861111E-05 3.956000000E-01
3.149537600E+00 9.998399935E-01 7.088422342E-05 3.937000000E-01
3.165285300E+00 9.998409899E-01 6.961566950E-05 3.917000000E-01
3.181111700E+00 9.998419463E-01 6.840183021E-05 3.898000000E-01
3.197017200E+00 9.998430221E-01 6.717419238E-05 3.878000000E-01
3.213002300E+00 9.998440526E-01 6.599987305E-05 3.859000000E-01
3.229067300E+00 9.998451167E-01 6.484356746E-05 3.840000000E-01
3.245212700E+00 9.998462144E-01 6.369820469E-05 3.821000000E-01
3.261438700E+00 9.998473461E-01 6.257283257E-05 3.802000000E-01
3.277745900E+00 9.998485124E-01 6.146269097E-05 3.783000000E-01
3.294134700E+00 9.998497143E-01 6.036985716E-05 3.764000000E-01
3.310605300E+00 9.998509554E-01 5.929412349E-05 3.745000000E-01
3.327158400E+00 9.998522410E-01 5.823528366E-05 3.726000000E-01
3.343794100E+00 9.998535037E-01 5.722399373E-05 3.708000000E-01
3.360513100E+00 9.998549228E-01 5.619793086E-05 3.689000000E-01
3.377315700E+00 9.998563876E-01 5.521612492E-05 3.671000000E-01
3.394202300E+00 9.998581137E-01 5.424967966E-05 3.653000000E-01
3.410713000E+00 9.998608903E-01 5.330875468E-05 3.635000000E-01
3.411173300E+00 9.998608903E-01 5.330875468E-05 3.635000000E-01
3.420686900E+00 9.998614855E-01 5.649344611E-05 3.625000000E-01
3.428229100E+00 9.998608483E-01 5.604155188E-05 3.617000000E-01
3.445370300E+00 9.998608893E-01 5.503486742E-05 3.599000000E-01
3.462597100E+00 9.998614424E-01 5.404396074E-05 3.581000000E-01
3.479910100E+00 9.998621895E-01 5.306665550E-05 3.563000000E-01
3.497309700E+00 9.998630453E-01 5.210676045E-05 3.545000000E-01
3.514796200E+00 9.998639742E-01 5.116013354E-05 3.527000000E-01
3.532370200E+00 9.998648810E-01 5.025721019E-05 3.510000000E-01
3.550032100E+00 9.998659099E-01 4.934016397E-05 3.492000000E-01
3.567782200E+00 9.998669021E-01 4.846382585E-05 3.475000000E-01
3.585621100E+00 9.998679338E-01 4.760506821E-05 3.458000000E-01
3.603549200E+00 9.998689988E-01 4.677473857E-05 3.441000000E-01
3.621567000E+00 9.998701709E-01 4.593070527E-05 3.423000000E-01
3.639674800E+00 9.998713073E-01 4.512864159E-05 3.406000000E-01
3.657873200E+00 9.998724278E-01 4.436552126E-05 3.390000000E-01
3.676162600E+00 9.998737335E-01 4.358673308E-05 3.373000000E-01
3.694543400E+00 9.998753844E-01 4.282220273E-05 3.356000000E-01
3.696210200E+00 9.998756247E-01 4.274123149E-05 3.354000000E-01
3.711989600E+00 9.998764552E-01 4.398882110E-05 3.340000000E-01
3.713016100E+00 9.998764422E-01 4.394327998E-05 3.339000000E-01
3.731581200E+00 9.998767136E-01 4.320671177E-05 3.323000000E-01
3.750239100E+00 9.998774351E-01 4.245597846E-05 3.306000000E-01
3.768990300E+00 9.998781967E-01 4.174092677E-05 3.290000000E-01
3.787835200E+00 9.998790904E-01 4.101207699E-05 3.273000000E-01
3.806774400E+00 9.998799463E-01 4.031971903E-05 3.257000000E-01
3.825808300E+00 9.998808271E-01 3.963834183E-05 3.241000000E-01
3.844937300E+00 9.998817260E-01 3.896617717E-05 3.225000000E-01
3.864162000E+00 9.998826405E-01 3.829990972E-05 3.209000000E-01
3.883482800E+00 9.998835677E-01 3.764273903E-05 3.193000000E-01
3.902900200E+00 9.998845054E-01 3.699457537E-05 3.177000000E-01
3.922414700E+00 9.998854517E-01 3.635845884E-05 3.161000000E-01
3.942026800E+00 9.998864052E-01 3.573110812E-05 3.145000000E-01
3.961736900E+00 9.998872925E-01 3.513641635E-05 3.130000000E-01
3.981545600E+00 9.998882572E-01 3.452756051E-05 3.114000000E-01
4.001453300E+00 9.998892260E-01 3.392868301E-05 3.098000000E-01
4.021460600E+00 9.998901270E-01 3.336128985E-05 3.083000000E-01
4.041567900E+00 9.998910314E-01 3.280161378E-05 3.068000000E-01
4.061775700E+00 9.998920094E-01 3.222845459E-05 3.052000000E-01
4.082084600E+00 9.998929188E-01 3.168568004E-05 3.037000000E-01
4.102495000E+00 9.998938299E-01 3.115179153E-05 3.022000000E-01
4.123007500E+00 9.998947427E-01 3.062525498E-05 3.007000000E-01
4.143622600E+00 9.998956566E-01 3.010599534E-05 2.992000000E-01
4.164340700E+00 9.998965712E-01 2.959532582E-05 2.977000000E-01
4.185162400E+00 9.998974866E-01 2.909175650E-05 2.962000000E-01
4.206088200E+00 9.998983332E-01 2.861598434E-05 2.948000000E-01
4.227118600E+00 9.998992489E-01 2.812614664E-05 2.933000000E-01
4.248254200E+00 9.999001644E-01 2.764585881E-05 2.918000000E-01
4.269495500E+00 9.999010112E-01 2.718972995E-05 2.904000000E-01
4.290843000E+00 9.999018580E-01 2.673986540E-05 2.890000000E-01
4.312297200E+00 9.999027718E-01 2.627921143E-05 2.875000000E-01
4.333858700E+00 9.999036172E-01 2.584316750E-05 2.861000000E-01
4.355528000E+00 9.999044617E-01 2.541443728E-05 2.847000000E-01
4.377305600E+00 9.999053721E-01 2.497276722E-05 2.832000000E-01
4.399192100E+00 9.999062142E-01 2.455610717E-05 2.818000000E-01
4.421188100E+00 9.999070547E-01 2.414404482E-05 2.804000000E-01
4.443294000E+00 9.999078934E-01 2.373899283E-05 2.790000000E-01
4.465510500E+00 9.999087315E-01 2.333481904E-05 2.776000000E-01
4.487838100E+00 9.999095033E-01 2.295299780E-05 2.763000000E-01
4.510277200E+00 9.999103398E-01 2.256122651E-05 2.749000000E-01
4.532828600E+00 9.999111753E-01 2.217387994E-05 2.735000000E-01
4.555492800E+00 9.999119446E-01 2.180927354E-05 2.722000000E-01
4.578270200E+00 9.999127773E-01 2.143277784E-05 2.708000000E-01
4.601161600E+00 9.999135444E-01 2.107849898E-05 2.695000000E-01
4.624167400E+00 9.999143739E-01 2.071262158E-05 2.681000000E-01
4.647288200E+00 9.999151379E-01 2.036844718E-05 2.668000000E-01
4.670524700E+00 9.999159005E-01 2.002804251E-05 2.655000000E-01
4.693877300E+00 9.999167245E-01 1.967866794E-05 2.641000000E-01
4.717346700E+00 9.999174835E-01 1.934806237E-05 2.628000000E-01
4.740933400E+00 9.999182407E-01 1.902219228E-05 2.615000000E-01
4.764638100E+00 9.999189958E-01 1.870206584E-05 2.602000000E-01
4.788461300E+00 9.999195562E-01 1.838235145E-05 2.589000000E-01
4.812403600E+00 9.999203090E-01 1.806312403E-05 2.576000000E-01
4.836465600E+00 9.999209991E-01 1.776242478E-05 2.564000000E-01
4.860647900E+00 9.999217498E-01 1.745130520E-05 2.551000000E-01
4.884951200E+00 9.999224989E-01 1.714578908E-05 2.538000000E-01
4.909375900E+00 9.999232464E-01 1.684379731E-05 2.525000000E-01
4.933922800E+00 9.999239315E-01 1.656046322E-05 2.513000000E-01
4.958592400E+00 9.999246756E-01 1.626820782E-05 2.500000000E-01
4.983385400E+00 9.999252359E-01 1.599027072E-05 2.488000000E-01
5.008302300E+00 9.999259176E-01 1.571447389E-05 2.476000000E-01
5.033343800E+00 9.999266577E-01 1.543114744E-05 2.463000000E-01
5.058510500E+00 9.999273366E-01 1.516355861E-05 2.451000000E-01
5.083803100E+00 9.999280140E-01 1.490086268E-05 2.439000000E-01
5.109222100E+00 9.999286899E-01 1.464206549E-05 2.427000000E-01
5.134768200E+00 9.999293641E-01 1.438620981E-05 2.415000000E-01
5.160442100E+00 9.999300365E-01 1.413508760E-05 2.403000000E-01
5.186244300E+00 9.999307071E-01 1.388773309E-05 2.391000000E-01
5.212175500E+00 9.999313757E-01 1.364410314E-05 2.379000000E-01
5.238236400E+00 9.999320424E-01 1.340415490E-05 2.367000000E-01
5.264427600E+00 9.999327069E-01 1.316784579E-05 2.355000000E-01
5.290749700E+00 9.999333693E-01 1.293513348E-05 2.343000000E-01
5.317203400E+00 9.999339730E-01 1.271688002E-05 2.332000000E-01
5.343789500E+00 9.999346312E-01 1.249025440E-05 2.320000000E-01
5.370508400E+00 9.999352310E-01 1.227858652E-05 2.309000000E-01
5.397360900E+00 9.999358848E-01 1.205958218E-05 2.297000000E-01
5.424347700E+00 9.999364807E-01 1.185433918E-05 2.286000000E-01
5.451469500E+00 9.999371298E-01 1.164194679E-05 2.274000000E-01
5.478726800E+00 9.999377215E-01 1.144217604E-05 2.263000000E-01
5.506120500E+00 9.999383112E-01 1.124623390E-05 2.252000000E-01
5.533651100E+00 9.999388988E-01 1.105327511E-05 2.241000000E-01
5.561319300E+00 9.999395386E-01 1.085274572E-05 2.229000000E-01
5.589125900E+00 9.999401216E-01 1.066577604E-05 2.218000000E-01
5.617071600E+00 9.999407025E-01 1.048092039E-05 2.207000000E-01
5.645156900E+00 9.999412812E-01 1.029892212E-05 2.196000000E-01
5.673382700E+00 9.999418577E-01 1.011974676E-05 2.185000000E-01
5.701749600E+00 9.999424318E-01 9.943360077E-06 2.174000000E-01
5.730258400E+00 9.999429510E-01 9.778763647E-06 2.164000000E-01
5.758909600E+00 9.999435208E-01 9.607739838E-06 2.153000000E-01
5.787704200E+00 9.999440882E-01 9.439404716E-06 2.142000000E-01
5.816642700E+00 9.999446012E-01 9.281718836E-06 2.132000000E-01
5.845725900E+00 9.999451641E-01 9.117855488E-06 2.121000000E-01
5.874954600E+00 9.999457245E-01 8.957294535E-06 2.110000000E-01
5.904329300E+00 9.999462312E-01 8.806987209E-06 2.100000000E-01
5.933851000E+00 9.999467205E-01 8.648678685E-06 2.089000000E-01
5.963520200E+00 9.999472233E-01 8.500421392E-06 2.079000000E-01
5.993337800E+00 9.999477243E-01 8.354490948E-06 2.069000000E-01
6.023304500E+00 9.999482739E-01 8.202885205E-06 2.058000000E-01
6.053421000E+00 9.999487709E-01 8.061622172E-06 2.048000000E-01
6.083688200E+00 9.999492662E-01 7.921949399E-06 2.038000000E-01
6.114106600E+00 9.999497594E-01 7.785146134E-06 2.028000000E-01
6.144677100E+00 9.999502507E-01 7.649890123E-06 2.018000000E-01
6.175400500E+00 9.999507400E-01 7.516804120E-06 2.008000000E-01
6.206277500E+00 9.999512273E-01 7.385860662E-06 1.998000000E-01
6.237308900E+00 9.999517125E-01 7.256413589E-06 1.988000000E-01
6.268495400E+00 9.999521957E-01 7.129679792E-06 1.978000000E-01
6.299837900E+00 9.999526767E-01 7.004400752E-06 1.968000000E-01
6.331337100E+00 9.999531556E-01 6.881168546E-06 1.958000000E-01
6.362993800E+00 9.999535848E-01 6.766303905E-06 1.949000000E-01
6.394808800E+00 9.999540597E-01 6.647004557E-06 1.939000000E-01
6.426782800E+00 9.999545325E-01 6.529091164E-06 1.929000000E-01
6.458916700E+00 9.999549561E-01 6.419817977E-06 1.920000000E-01
6.491211300E+00 9.999554247E-01 6.305703423E-06 1.910000000E-01
6.523667400E+00 9.999558446E-01 6.199448150E-06 1.901000000E-01
6.556285700E+00 9.999563090E-01 6.088479697E-06 1.891000000E-01
6.589067100E+00 9.999567252E-01 5.985736453E-06 1.882000000E-01
6.622012500E+00 9.999571853E-01 5.878393701E-06 1.872000000E-01
6.655122500E+00 9.999575976E-01 5.778526299E-06 1.863000000E-01
6.688398100E+00 9.999580081E-01 5.680307076E-06 1.854000000E-01
6.721840100E+00 9.999584619E-01 5.577663137E-06 1.844000000E-01
6.755449300E+00 9.999588686E-01 5.482221741E-06 1.835000000E-01
6.789226600E+00 9.999592733E-01 5.388373109E-06 1.826000000E-01
6.823172700E+00 9.999596763E-01 5.296095903E-06 1.817000000E-01
6.857288600E+00 9.999600569E-01 5.204857050E-06 1.808000000E-01
6.891575000E+00 9.999604562E-01 5.114650766E-06 1.799000000E-01
6.926032900E+00 9.999608537E-01 5.025471267E-06 1.790000000E-01
6.960663100E+00 9.999612493E-01 4.938057836E-06 1.781000000E-01
6.995466400E+00 9.999616430E-01 4.851841281E-06 1.772000000E-01
7.030443700E+00 9.999619919E-01 4.772316555E-06 1.764000000E-01
7.065595900E+00 9.999623821E-01 4.688631152E-06 1.755000000E-01
7.100923900E+00 9.999627705E-01 4.606199042E-06 1.746000000E-01
7.136428500E+00 9.999631570E-01 4.525005848E-06 1.737000000E-01
7.172110700E+00 9.999634993E-01 4.450183495E-06 1.729000000E-01
7.207971200E+00 9.999638822E-01 4.371360664E-06 1.720000000E-01
7.244011100E+00 9.999642214E-01 4.298801228E-06 1.712000000E-01
7.280231100E+00 9.999646007E-01 4.222067633E-06 1.703000000E-01
7.316632300E+00 9.999649367E-01 4.151315639E-06 1.695000000E-01
7.353215500E+00 9.999653124E-01 4.076767149E-06 1.686000000E-01
7.389981500E+00 9.999656452E-01 4.008144066E-06 1.678000000E-01
7.426931400E+00 9.999660098E-01 3.935732811E-06 1.669000000E-01
7.464066100E+00 9.999663394E-01 3.868974083E-06 1.661000000E-01
7.501386400E+00 9.999666675E-01 3.803212575E-06 1.653000000E-01
7.538893400E+00 9.999669941E-01 3.738436797E-06 1.645000000E-01
7.576587800E+00 9.999673590E-01 3.670105316E-06 1.636000000E-01
7.614470800E+00 9.999676823E-01 3.607280815E-06 1.628000000E-01
7.652543100E+00 9.999680042E-01 3.545325996E-06 1.620000000E-01
7.690805800E+00 9.999683244E-01 3.484150703E-06 1.612000000E-01
7.729259900E+00 9.999686432E-01 3.423909782E-06 1.604000000E-01
7.767906200E+00 9.999689604E-01 3.364592140E-06 1.596000000E-01
7.806745700E+00 9.999692760E-01 3.306147265E-06 1.588000000E-01
7.845779400E+00 9.999695902E-01 3.248604490E-06 1.580000000E-01
7.885008300E+00 9.999699027E-01 3.191914234E-06 1.572000000E-01
7.924433400E+00 9.999701756E-01 3.140078460E-06 1.565000000E-01
7.964055500E+00 9.999704853E-01 3.085052261E-06 1.557000000E-01
8.003875800E+00 9.999707933E-01 3.030849629E-06 1.549000000E-01
8.043895200E+00 9.999710999E-01 2.977461115E-06 1.541000000E-01
8.084114700E+00 9.999713675E-01 2.928694459E-06 1.534000000E-01
8.124535200E+00 9.999716710E-01 2.876858158E-06 1.526000000E-01
8.165157900E+00 9.999719730E-01 2.825844599E-06 1.518000000E-01
8.205983700E+00 9.999722366E-01 2.779249491E-06 1.511000000E-01
8.247013600E+00 9.999725357E-01 2.729698858E-06 1.503000000E-01
8.288248700E+00 9.999727967E-01 2.684495643E-06 1.496000000E-01
8.329689900E+00 9.999730927E-01 2.636410084E-06 1.488000000E-01
8.371338400E+00 9.999733511E-01 2.592566663E-06 1.481000000E-01
8.413195100E+00 9.999736083E-01 2.549336219E-06 1.474000000E-01
8.455261000E+00 9.999738999E-01 2.503363328E-06 1.466000000E-01
8.497537300E+00 9.999741544E-01 2.461413452E-06 1.459000000E-01
8.540025000E+00 9.999744077E-01 2.420122352E-06 1.452000000E-01
9.030794000E+00 9.999771429E-01 1.988295289E-06 1.373000000E-01
9.653919000E+00 9.999801084E-01 1.555993059E-06 1.284000000E-01
1.032004000E+01 9.999827177E-01 1.220183226E-06 1.201000000E-01
1.103212000E+01 9.999850133E-01 9.560902186E-07 1.124000000E-01
1.179334000E+01 9.999871187E-01 7.480278198E-07 1.051000000E-01
1.240435000E+01 9.999887263E-01 6.225759621E-07 9.995000000E-02
1.259421000E+01 9.999894713E-01 5.892615933E-07 9.845000000E-02
1.260708000E+01 9.999895620E-01 5.869611918E-07 9.834000000E-02
1.264484000E+01 9.999900323E-01 5.806741743E-07 9.805000000E-02
1.272079000E+01 9.999896820E-01 1.487040758E-06 9.747000000E-02
1.291065000E+01 9.999895837E-01 1.407137261E-06 9.603000000E-02
1.347697000E+01 9.999901598E-01 1.198957679E-06 9.200000000E-02
1.440688000E+01 9.999913874E-01 9.339203386E-07 8.606000000E-02
1.462441000E+01 9.999917771E-01 8.829908207E-07 8.478000000E-02
1.468320000E+01 9.999920180E-01 8.698153111E-07 8.444000000E-02
1.477139000E+01 9.999919336E-01 1.195151601E-06 8.394000000E-02
1.499186000E+01 9.999920196E-01 1.131291998E-06 8.270000000E-02
1.503977000E+01 9.999920561E-01 1.118123510E-06 8.244000000E-02
1.526997000E+01 9.999922916E-01 1.056912519E-06 8.119000000E-02
1.533135000E+01 9.999924200E-01 1.041428719E-06 8.087000000E-02
1.540095000E+01 9.999924093E-01 1.186166176E-06 8.050000000E-02
1.542343000E+01 9.999924070E-01 1.180295495E-06 8.039000000E-02
1.565363000E+01 9.999925161E-01 1.119777227E-06 7.920000000E-02
1.646362000E+01 9.999930787E-01 9.363666087E-07 7.531000000E-02
1.759961000E+01 9.999938478E-01 7.368961707E-07 7.045000000E-02
1.881398000E+01 9.999945653E-01 5.798055742E-07 6.590000000E-02
2.011215000E+01 9.999952136E-01 4.560089741E-07 6.165000000E-02
2.149988000E+01 9.999957940E-01 3.584658426E-07 5.767000000E-02
2.298338000E+01 9.999963088E-01 2.819572532E-07 5.395000000E-02
2.456923000E+01 9.999967649E-01 2.218133983E-07 5.046000000E-02
2.626450000E+01 9.999971624E-01 1.745809237E-07 4.721000000E-02
2.807676000E+01 9.999975153E-01 1.363930248E-07 4.416000000E-02
3.001405000E+01 9.999978245E-01 1.063712921E-07 4.131000000E-02
3.208502000E+01 9.999980966E-01 8.276169504E-08 3.864000000E-02
3.429889000E+01 9.999983352E-01 6.440876326E-08 3.615000000E-02
3.666551000E+01 9.999985451E-01 5.013232454E-08 3.381000000E-02
3.919543000E+01 9.999987280E-01 3.907250446E-08 3.163000000E-02
4.189992000E+01 9.999988880E-01 3.047524434E-08 2.959000000E-02
4.479101000E+01 9.999990281E-01 2.378602023E-08 2.768000000E-02
4.788159000E+01 9.999991508E-01 1.857338599E-08 2.589000000E-02
5.118542000E+01 9.999992578E-01 1.452025179E-08 2.422000000E-02
5.471721000E+01 9.999993513E-01 1.136076699E-08 2.266000000E-02
5.849270000E+01 9.999994330E-01 8.874895027E-09 2.120000000E-02
6.252870000E+01 9.999995048E-01 6.936086277E-09 1.983000000E-02
6.684318000E+01 9.999995675E-01 5.415935921E-09 1.855000000E-02
7.145536000E+01 9.999996226E-01 4.215450912E-09 1.735000000E-02
7.638578000E+01 9.999996710E-01 3.283503138E-09 1.623000000E-02
8.165640000E+01 9.999997143E-01 2.551242017E-09 1.518000000E-02
8.381980000E+01 9.999997308E-01 2.306980460E-09 1.479000000E-02
8.510275000E+01 9.999997422E-01 2.176661650E-09 1.457000000E-02
8.544487000E+01 9.999997485E-01 2.142781190E-09 1.451000000E-02
8.595806000E+01 9.999997474E-01 1.014394328E-08 1.442000000E-02
8.729069000E+01 9.999997513E-01 9.604383279E-09 1.420000000E-02
9.331374000E+01 9.999997787E-01 7.575347405E-09 1.329000000E-02
9.975239000E+01 9.999998052E-01 5.958407260E-09 1.243000000E-02
1.066353000E+02 9.999998289E-01 4.682792839E-09 1.163000000E-02
1.139931000E+02 9.999998499E-01 3.677511035E-09 1.088000000E-02
1.218587000E+02 9.999998686E-01 2.882310205E-09 1.017000000E-02
1.302669000E+02 9.999998848E-01 2.260154434E-09 9.518000000E-03
1.392553000E+02 9.999998992E-01 1.770229588E-09 8.903000000E-03
1.488640000E+02 9.999999117E-01 1.386810051E-09 8.329000000E-03
1.591356000E+02 9.999999227E-01 1.086258172E-09 7.791000000E-03
1.701159000E+02 9.999999324E-01 8.509640811E-10 7.288000000E-03
1.818539000E+02 9.999999408E-01 6.665885545E-10 6.818000000E-03
1.944018000E+02 9.999999482E-01 5.218631065E-10 6.378000000E-03
2.078156000E+02 9.999999547E-01 4.085515750E-10 5.966000000E-03
2.221548000E+02 9.999999604E-01 3.199224475E-10 5.581000000E-03
2.374835000E+02 9.999999653E-01 2.505573267E-10 5.221000000E-03
2.538699000E+02 9.999999696E-01 1.962349972E-10 4.884000000E-03
2.713869000E+02 9.999999734E-01 1.537195362E-10 4.569000000E-03
2.901126000E+02 9.999999768E-01 1.204079969E-10 4.274000000E-03
3.101304000E+02 9.999999797E-01 9.432330098E-11 3.998000000E-03
3.315294000E+02 9.999999822E-01 7.390125728E-11 3.740000000E-03
3.544049000E+02 9.999999844E-01 5.788509521E-11 3.498000000E-03
3.788588000E+02 9.999999864E-01 4.538034631E-11 3.273000000E-03
4.050001000E+02 9.999999881E-01 3.554551317E-11 3.061000000E-03
4.329451000E+02 0.000000000E+00 0.000000000E+00 2.864000000E-03
