# 11/08/2021 
# Data retrieved from www.chemicool.com/densities.html 
# Includes the real (n) and complex (k) part of the  refractive index. 
# Element, V  (Z = 23) 
# Nominal density, g cm-3 =  6.1 
#    E [keV]      n       k    Wavelength [nm] 
1.069000000E-02 -9.010368654E+00 3.067553236E-04 1.160000000E+02
1.142761000E-02 -1.311775963E+00 5.642842459E-01 1.085000000E+02
1.221612000E-02 -1.038074931E+00 5.249088166E-01 1.015000000E+02
1.305903000E-02 -7.981282323E-01 4.874113855E-01 9.494000000E+01
1.396010000E-02 -5.882909794E-01 4.518573201E-01 8.881000000E+01
1.492335000E-02 -4.045630883E-01 4.180887746E-01 8.308000000E+01
1.595306000E-02 -2.433973071E-01 3.859646460E-01 7.772000000E+01
1.705382000E-02 -1.016592731E-01 3.553899497E-01 7.270000000E+01
1.823053000E-02 2.284085696E-02 3.264232923E-01 6.801000000E+01
1.948844000E-02 1.326236666E-01 2.989553570E-01 6.362000000E+01
2.083314000E-02 2.296455376E-01 2.729729137E-01 5.951000000E+01
2.227063000E-02 3.153951297E-01 2.485335436E-01 5.567000000E+01
2.380730000E-02 3.914558153E-01 2.256180582E-01 5.208000000E+01
2.545001000E-02 4.592490208E-01 2.041622747E-01 4.872000000E+01
2.720606000E-02 5.200768725E-01 1.841226637E-01 4.557000000E+01
2.908327000E-02 5.748009123E-01 1.655805370E-01 4.263000000E+01
3.109002000E-02 6.248680928E-01 1.484559688E-01 3.988000000E+01
3.323523000E-02 6.722062403E-01 1.327207781E-01 3.731000000E+01
3.552846000E-02 7.225065595E-01 1.182715660E-01 3.490000000E+01
3.704400000E-02 7.713036098E-01 1.098721182E-01 3.347000000E+01
3.761100000E-02 8.227517794E-01 1.069111566E-01 3.296000000E+01
3.776220000E-02 8.829519996E-01 1.061600981E-01 3.283000000E+01
3.797993000E-02 8.177881972E-01 2.225322228E-01 3.264000000E+01
3.798900000E-02 8.177881972E-01 2.225322228E-01 3.264000000E+01
3.855600000E-02 7.615925133E-01 2.055487827E-01 3.216000000E+01
4.060054000E-02 7.340577507E-01 1.593178784E-01 3.054000000E+01
4.340198000E-02 7.506971267E-01 1.178989306E-01 2.857000000E+01
4.639671000E-02 7.767222215E-01 9.173173754E-02 2.672000000E+01
4.959809000E-02 8.020536944E-01 7.384992708E-02 2.500000000E+01
5.302035000E-02 8.254565760E-01 6.053888862E-02 2.338000000E+01
5.667876000E-02 8.465098569E-01 5.024752096E-02 2.187000000E+01
6.058959000E-02 8.655126327E-01 4.207375642E-02 2.046000000E+01
6.477028000E-02 8.833586362E-01 3.548237105E-02 1.914000000E+01
6.517000000E-02 8.851272712E-01 3.493120674E-02 1.902000000E+01
6.616750000E-02 8.902121970E-01 3.366384060E-02 1.874000000E+01
6.643350000E-02 8.932207368E-01 3.331397336E-02 1.866000000E+01
6.683250000E-02 8.924019804E-01 3.687642837E-02 1.855000000E+01
6.783000000E-02 8.937174229E-01 3.567025549E-02 1.828000000E+01
6.923942000E-02 8.969987928E-01 3.407386353E-02 1.791000000E+01
7.401695000E-02 9.084741071E-01 2.947270221E-02 1.675000000E+01
7.912411000E-02 9.190323148E-01 2.567386221E-02 1.567000000E+01
8.458368000E-02 9.284577793E-01 2.249317778E-02 1.466000000E+01
9.041995000E-02 9.368410823E-01 1.979339300E-02 1.371000000E+01
9.665893000E-02 9.441415226E-01 1.751659755E-02 1.283000000E+01
1.033284000E-01 9.506086966E-01 1.553543572E-02 1.200000000E+01
1.104581000E-01 9.563058522E-01 1.379603049E-02 1.122000000E+01
1.180797000E-01 9.612652004E-01 1.227905234E-02 1.050000000E+01
1.262272000E-01 9.656158605E-01 1.090954793E-02 9.822000000E+00
1.349368000E-01 9.694427339E-01 9.671375689E-03 9.188000000E+00
1.442475000E-01 9.728194927E-01 8.544499852E-03 8.595000000E+00
1.542005000E-01 9.758110142E-01 7.514697920E-03 8.040000000E+00
1.648404000E-01 9.784692548E-01 6.569427503E-03 7.521000000E+00
1.762144000E-01 9.808426164E-01 5.705122727E-03 7.036000000E+00
1.883732000E-01 9.829745170E-01 4.920608798E-03 6.582000000E+00
2.013709000E-01 9.848924322E-01 4.215563613E-03 6.157000000E+00
2.152655000E-01 9.866205724E-01 3.589343431E-03 5.760000000E+00
2.301188000E-01 9.881820595E-01 3.037506737E-03 5.388000000E+00
2.459970000E-01 9.895901808E-01 2.556593044E-03 5.040000000E+00
2.629708000E-01 9.908572919E-01 2.141806639E-03 4.715000000E+00
2.811158000E-01 9.920024956E-01 1.785679502E-03 4.410000000E+00
3.005128000E-01 9.930295638E-01 1.483809539E-03 4.126000000E+00
3.212482000E-01 9.939602093E-01 1.227955276E-03 3.859000000E+00
3.434143000E-01 9.947993356E-01 1.013655605E-03 3.610000000E+00
3.671099000E-01 9.955630444E-01 8.346561871E-04 3.377000000E+00
3.924405000E-01 9.962668028E-01 6.857696352E-04 3.159000000E+00
4.195189000E-01 9.969325484E-01 5.624141296E-04 2.955000000E+00
4.484657000E-01 9.975987467E-01 4.608650999E-04 2.765000000E+00
4.794098000E-01 9.983849079E-01 3.768476795E-04 2.586000000E+00
5.026420000E-01 9.993783227E-01 3.267634633E-04 2.467000000E+00
5.100900000E-01 1.000266886E+00 3.125181020E-04 2.431000000E+00
5.103355000E-01 1.000325312E+00 3.118514388E-04 2.429000000E+00
5.124891000E-01 1.001443575E+00 3.079642490E-04 2.419000000E+00
5.154645000E-01 1.000468374E+00 2.109337970E-03 2.405000000E+00
5.178975000E-01 1.000248686E+00 2.077111700E-03 2.394000000E+00
5.199795000E-01 1.000485021E+00 2.048950399E-03 2.384000000E+00
5.231025000E-01 9.998014700E-01 2.877664955E-03 2.370000000E+00
5.231580000E-01 9.998014700E-01 2.877664955E-03 2.370000000E+00
5.309100000E-01 9.990817788E-01 2.738811189E-03 2.335000000E+00
5.478508000E-01 9.985012831E-01 2.467339250E-03 2.263000000E+00
5.856525000E-01 9.981393145E-01 1.975452763E-03 2.117000000E+00
6.156360000E-01 9.981557146E-01 1.671017964E-03 2.014000000E+00
6.250590000E-01 9.982455382E-01 1.588252851E-03 1.984000000E+00
6.260625000E-01 9.982728161E-01 1.578304890E-03 1.980000000E+00
6.275718000E-01 9.983539393E-01 1.566756859E-03 1.976000000E+00
6.313410000E-01 9.982445419E-01 1.745265980E-03 1.964000000E+00
6.407640000E-01 9.981576385E-01 1.662984880E-03 1.935000000E+00
6.692609000E-01 9.981282815E-01 1.443627455E-03 1.853000000E+00
7.154399000E-01 9.982074077E-01 1.159647562E-03 1.733000000E+00
7.648052000E-01 9.983346926E-01 9.294481849E-04 1.621000000E+00
8.175768000E-01 9.984794777E-01 7.437377798E-04 1.516000000E+00
8.739896000E-01 9.986239720E-01 5.955509756E-04 1.419000000E+00
9.342948000E-01 9.987665455E-01 4.743122738E-04 1.327000000E+00
9.987612000E-01 9.988997326E-01 3.775642783E-04 1.241000000E+00
1.067676000E+00 9.990229525E-01 2.979335559E-04 1.161000000E+00
1.141345000E+00 9.991370604E-01 2.345138945E-04 1.086000000E+00
1.220098000E+00 9.992401527E-01 1.846177650E-04 1.016000000E+00
1.304285000E+00 9.993323868E-01 1.453219958E-04 9.506000000E-01
1.394281000E+00 9.994147427E-01 1.143311363E-04 8.892000000E-01
1.490486000E+00 9.994875793E-01 8.997056417E-05 8.318000000E-01
1.593329000E+00 9.995517275E-01 7.081809802E-05 7.781000000E-01
1.703269000E+00 9.996081574E-01 5.576846058E-05 7.279000000E-01
1.820795000E+00 9.996577015E-01 4.393344208E-05 6.809000000E-01
1.946430000E+00 9.997010285E-01 3.463606646E-05 6.370000000E-01
2.080733000E+00 9.997389404E-01 2.729149059E-05 5.959000000E-01
2.224304000E+00 9.997721837E-01 2.137787037E-05 5.574000000E-01
2.377781000E+00 9.998012630E-01 1.676517684E-05 5.214000000E-01
2.541848000E+00 9.998266112E-01 1.315876849E-05 4.878000000E-01
2.717235000E+00 9.998488068E-01 1.029669308E-05 4.563000000E-01
2.904724000E+00 9.998682032E-01 8.063396774E-06 4.268000000E-01
3.105150000E+00 9.998850486E-01 6.265212996E-06 3.993000000E-01
3.319406000E+00 9.998998845E-01 4.829345254E-06 3.735000000E-01
3.548445000E+00 9.999128534E-01 3.727047566E-06 3.494000000E-01
3.793288000E+00 9.999241848E-01 2.880032420E-06 3.269000000E-01
4.055024000E+00 9.999341406E-01 2.227030131E-06 3.058000000E-01
4.334821000E+00 9.999429216E-01 1.723114326E-06 2.860000000E-01
4.633924000E+00 9.999506596E-01 1.335736407E-06 2.676000000E-01
4.953664000E+00 9.999577144E-01 1.035814489E-06 2.503000000E-01
5.295467000E+00 9.999648822E-01 8.038934976E-07 2.341000000E-01
5.355798000E+00 9.999664320E-01 7.704153502E-07 2.315000000E-01
5.437774000E+00 9.999699199E-01 7.273395923E-07 2.280000000E-01
5.459635000E+00 9.999731271E-01 7.164713408E-07 2.271000000E-01
5.492425000E+00 9.999704635E-01 6.486351889E-06 2.257000000E-01
5.574402000E+00 9.999686893E-01 6.122578473E-06 2.224000000E-01
5.660855000E+00 9.999685404E-01 5.765097801E-06 2.190000000E-01
6.051453000E+00 9.999706829E-01 4.501743973E-06 2.049000000E-01
6.469004000E+00 9.999736216E-01 3.547008252E-06 1.917000000E-01
6.915365000E+00 9.999765297E-01 2.800102961E-06 1.793000000E-01
7.392525000E+00 9.999792262E-01 2.202295894E-06 1.677000000E-01
7.902609000E+00 9.999816699E-01 1.726976402E-06 1.569000000E-01
8.447890000E+00 9.999838643E-01 1.353094343E-06 1.468000000E-01
9.030794000E+00 9.999858277E-01 1.058099805E-06 1.373000000E-01
9.653919000E+00 9.999875716E-01 8.241688503E-07 1.284000000E-01
1.032004000E+01 9.999891077E-01 6.421303134E-07 1.201000000E-01
1.103212000E+01 9.999904328E-01 5.003660320E-07 1.124000000E-01
1.179334000E+01 9.999916314E-01 3.866464547E-07 1.051000000E-01
1.260708000E+01 9.999926737E-01 2.990180555E-07 9.834000000E-02
1.347697000E+01 9.999935904E-01 2.311807551E-07 9.200000000E-02
1.440688000E+01 9.999943948E-01 1.787076741E-07 8.606000000E-02
1.540095000E+01 9.999950993E-01 1.381434730E-07 8.050000000E-02
1.646362000E+01 9.999957144E-01 1.068231135E-07 7.531000000E-02
1.759961000E+01 9.999962530E-01 8.259759450E-08 7.045000000E-02
1.881398000E+01 9.999967243E-01 6.386268502E-08 6.590000000E-02
2.011215000E+01 9.999971357E-01 4.938977368E-08 6.165000000E-02
2.149988000E+01 9.999974958E-01 3.819328872E-08 5.767000000E-02
2.298338000E+01 9.999978102E-01 2.953906736E-08 5.395000000E-02
2.456923000E+01 9.999980859E-01 2.276605275E-08 5.046000000E-02
2.626450000E+01 9.999983257E-01 1.751096552E-08 4.721000000E-02
2.807676000E+01 9.999985362E-01 1.339342925E-08 4.416000000E-02
3.001405000E+01 9.999987200E-01 1.022862030E-08 4.131000000E-02
3.208502000E+01 9.999988809E-01 7.809062702E-09 3.864000000E-02
3.429889000E+01 9.999990211E-01 5.964813738E-09 3.615000000E-02
3.666551000E+01 9.999991443E-01 4.553244415E-09 3.381000000E-02
3.919543000E+01 9.999992515E-01 3.477982469E-09 3.163000000E-02
4.189992000E+01 9.999993453E-01 2.656383347E-09 2.959000000E-02
4.479101000E+01 9.999994274E-01 2.028774687E-09 2.768000000E-02
4.788159000E+01 9.999994993E-01 1.549087322E-09 2.589000000E-02
5.118542000E+01 9.999995620E-01 1.183273023E-09 2.422000000E-02
5.471721000E+01 9.999996167E-01 9.040301488E-10 2.266000000E-02
5.849270000E+01 9.999996646E-01 6.906876287E-10 2.120000000E-02
6.252870000E+01 9.999997067E-01 5.274766460E-10 1.983000000E-02
6.684318000E+01 9.999997434E-01 4.029074761E-10 1.855000000E-02
7.145536000E+01 9.999997756E-01 3.076721676E-10 1.735000000E-02
7.638578000E+01 9.999998037E-01 2.350187199E-10 1.623000000E-02
8.165640000E+01 9.999998283E-01 1.791740365E-10 1.518000000E-02
8.729069000E+01 9.999998498E-01 1.361266979E-10 1.420000000E-02
9.331374000E+01 9.999998684E-01 1.035239881E-10 1.329000000E-02
9.975239000E+01 9.999998849E-01 7.862668151E-11 1.243000000E-02
1.066353000E+02 9.999998993E-01 5.976331129E-11 1.163000000E-02
1.139931000E+02 9.999999119E-01 4.541262981E-11 1.088000000E-02
1.218587000E+02 9.999999230E-01 3.445403356E-11 1.017000000E-02
1.302669000E+02 9.999999326E-01 2.620236124E-11 9.518000000E-03
1.392553000E+02 9.999999410E-01 1.990636336E-11 8.903000000E-03
1.488640000E+02 9.999999484E-01 1.512774037E-11 8.329000000E-03
1.591356000E+02 9.999999548E-01 1.149349197E-11 7.791000000E-03
1.701159000E+02 9.999999605E-01 8.733053617E-12 7.288000000E-03
1.818539000E+02 9.999999654E-01 6.636614915E-12 6.818000000E-03
1.944018000E+02 9.999999697E-01 5.043028832E-12 6.378000000E-03
2.078156000E+02 9.999999735E-01 3.831678382E-12 5.966000000E-03
2.221548000E+02 9.999999768E-01 2.911675254E-12 5.581000000E-03
2.374835000E+02 9.999999797E-01 2.212711265E-12 5.221000000E-03
2.538699000E+02 9.999999823E-01 1.681392577E-12 4.884000000E-03
2.713869000E+02 9.999999845E-01 1.277797675E-12 4.569000000E-03
2.901126000E+02 9.999999864E-01 9.709563043E-13 4.274000000E-03
3.101304000E+02 9.999999881E-01 7.377876113E-13 3.998000000E-03
3.315294000E+02 9.999999896E-01 5.606807402E-13 3.740000000E-03
3.544049000E+02 9.999999909E-01 4.259257457E-13 3.498000000E-03
3.788588000E+02 9.999999920E-01 3.238256574E-13 3.273000000E-03
4.050001000E+02 9.999999930E-01 2.459645091E-13 3.061000000E-03
4.329451000E+02 0.000000000E+00 0.000000000E+00 2.864000000E-03
