# 11/08/2021 
# Data retrieved from www.chemicool.com/densities.html 
# Includes the real (n) and complex (k) part of the  refractive index. 
# Element, Yb  (Z = 70) 
# Nominal density, g cm-3 =  6.97 
#    E [keV]      n       k    Wavelength [nm] 
6.174000000E-03 -2.975025994E+01 5.272553461E-02 2.008000000E+02
6.268500000E-03 -2.668831673E+00 0.000000000E+00 1.978000000E+02
6.293700000E-03 -2.603285090E+00 0.000000000E+00 1.970000000E+02
6.331500000E-03 -2.591644040E+00 6.671953749E-02 1.958000000E+02
6.426000000E-03 -2.509701292E+00 6.496425738E-02 1.929000000E+02
1.069000000E-02 -1.828637454E-01 3.517407693E-02 1.160000000E+02
1.142761000E-02 -1.213482365E-02 3.371067654E-02 1.085000000E+02
1.221612000E-02 1.381476943E-01 3.250043976E-02 1.015000000E+02
1.305903000E-02 2.713096715E-01 3.148479112E-02 9.494000000E+01
1.396010000E-02 3.896249205E-01 3.064098327E-02 8.881000000E+01
1.492335000E-02 4.956415199E-01 2.994213603E-02 8.308000000E+01
1.595306000E-02 5.919571922E-01 2.936408371E-02 7.772000000E+01
1.705382000E-02 6.814848723E-01 2.888274055E-02 7.270000000E+01
1.823053000E-02 7.679132637E-01 2.849280477E-02 6.801000000E+01
1.948844000E-02 8.532056076E-01 2.817307480E-02 6.362000000E+01
2.083314000E-02 9.618839794E-01 2.791035978E-02 5.951000000E+01
2.227063000E-02 1.148596337E+00 2.770145319E-02 5.567000000E+01
2.293200000E-02 1.356472551E+00 2.762750529E-02 5.407000000E+01
2.328300000E-02 1.718535392E+00 2.758374844E-02 5.325000000E+01
2.337660000E-02 2.174317880E+00 2.757717969E-02 5.304000000E+01
2.351700000E-02 1.659216817E+00 9.341747190E-01 5.272000000E+01
2.380730000E-02 1.255193636E+00 8.742159702E-01 5.208000000E+01
2.386800000E-02 1.209625949E+00 8.623408199E-01 5.195000000E+01
2.545001000E-02 7.731155396E-01 6.108388052E-01 4.872000000E+01
2.720606000E-02 6.773285658E-01 4.278624844E-01 4.557000000E+01
2.908327000E-02 6.701513221E-01 3.003549020E-01 4.263000000E+01
3.109002000E-02 6.948874341E-01 2.128161186E-01 3.988000000E+01
3.323523000E-02 7.299452391E-01 1.533629364E-01 3.731000000E+01
3.552846000E-02 7.662676392E-01 1.131162225E-01 3.490000000E+01
3.797993000E-02 8.000106412E-01 8.586685466E-02 3.264000000E+01
4.060054000E-02 8.296035145E-01 6.740996662E-02 3.054000000E+01
4.340198000E-02 8.551070549E-01 5.472790236E-02 2.857000000E+01
4.639671000E-02 8.768059191E-01 4.588369599E-02 2.672000000E+01
4.959809000E-02 8.949985802E-01 3.965260705E-02 2.500000000E+01
5.302035000E-02 9.104190745E-01 3.510413381E-02 2.338000000E+01
5.382950000E-02 9.136101732E-01 3.425658230E-02 2.303000000E+01
5.404590000E-02 9.145090602E-01 3.404660976E-02 2.294000000E+01
5.437050000E-02 9.155974279E-01 3.394279151E-02 2.280000000E+01
5.518200000E-02 9.183025634E-01 3.320683450E-02 2.247000000E+01
5.667876000E-02 9.231510808E-01 3.193790921E-02 2.187000000E+01
6.058959000E-02 9.337973832E-01 2.932597862E-02 2.046000000E+01
6.477028000E-02 9.427539735E-01 2.723071036E-02 1.914000000E+01
6.923942000E-02 9.502499871E-01 2.550017494E-02 1.791000000E+01
7.401695000E-02 9.565412862E-01 2.397840023E-02 1.675000000E+01
7.912411000E-02 9.618582547E-01 2.263201903E-02 1.567000000E+01
8.458368000E-02 9.663278531E-01 2.139542203E-02 1.466000000E+01
9.041995000E-02 9.701075930E-01 2.021877809E-02 1.371000000E+01
9.665893000E-02 9.732443028E-01 1.912374775E-02 1.283000000E+01
1.000000000E-01 9.713057187E-01 1.856925928E-02 1.240000000E+01
1.005000000E-01 9.715265745E-01 1.849601437E-02 1.234000000E+01
1.010025000E-01 9.717460279E-01 1.841994143E-02 1.228000000E+01
1.015075100E-01 9.720098087E-01 1.831434136E-02 1.221000000E+01
1.020150500E-01 9.722260840E-01 1.823757316E-02 1.215000000E+01
1.025251300E-01 9.724408809E-01 1.815966418E-02 1.209000000E+01
1.030377500E-01 9.726542288E-01 1.808062946E-02 1.203000000E+01
1.035529400E-01 9.728660005E-01 1.800204278E-02 1.197000000E+01
1.040707000E-01 9.730763838E-01 1.792232927E-02 1.191000000E+01
1.045910600E-01 9.732852538E-01 1.784150420E-02 1.185000000E+01
1.051140100E-01 9.734478097E-01 1.779123692E-02 1.180000000E+01
1.056395800E-01 9.736538696E-01 1.770973125E-02 1.174000000E+01
1.061677800E-01 9.738586595E-01 1.762712764E-02 1.168000000E+01
1.066986200E-01 9.740619121E-01 1.754344161E-02 1.162000000E+01
1.072321100E-01 9.742638082E-01 1.746014246E-02 1.156000000E+01
1.077682700E-01 9.744643779E-01 1.737576180E-02 1.150000000E+01
1.083071200E-01 9.746190522E-01 1.732055641E-02 1.145000000E+01
1.088486500E-01 9.748168937E-01 1.723406739E-02 1.139000000E+01
1.093928900E-01 9.750132228E-01 1.714793886E-02 1.133000000E+01
1.099398600E-01 9.751641997E-01 1.709105040E-02 1.128000000E+01
1.104895600E-01 9.753579981E-01 1.700284302E-02 1.122000000E+01
1.110420100E-01 9.755064159E-01 1.694394075E-02 1.117000000E+01
1.115972200E-01 9.756975416E-01 1.685505429E-02 1.111000000E+01
1.121552000E-01 9.758871960E-01 1.676514948E-02 1.105000000E+01
1.127159800E-01 9.760319914E-01 1.670460073E-02 1.100000000E+01
1.132795600E-01 9.762190521E-01 1.661270636E-02 1.094000000E+01
1.138459600E-01 9.763613600E-01 1.655151195E-02 1.089000000E+01
1.144151900E-01 9.765023790E-01 1.648935676E-02 1.084000000E+01
1.149872600E-01 9.766855472E-01 1.639581915E-02 1.078000000E+01
1.155622000E-01 9.768241648E-01 1.633175426E-02 1.073000000E+01
1.161400100E-01 9.769614768E-01 1.626800527E-02 1.068000000E+01
1.167207100E-01 9.771407145E-01 1.617162087E-02 1.062000000E+01
1.173043100E-01 9.772755999E-01 1.610600153E-02 1.057000000E+01
1.178908300E-01 9.774091733E-01 1.604067408E-02 1.052000000E+01
1.184802900E-01 9.775838795E-01 1.592725917E-02 1.046000000E+01
1.190726900E-01 9.777147913E-01 1.580954402E-02 1.041000000E+01
1.196680500E-01 9.778467342E-01 1.569073382E-02 1.036000000E+01
1.202663900E-01 9.779795677E-01 1.557202341E-02 1.031000000E+01
1.208677200E-01 9.781133847E-01 1.545341738E-02 1.026000000E+01
1.214720600E-01 9.782480472E-01 1.533378623E-02 1.021000000E+01
1.220794200E-01 9.783836462E-01 1.521429074E-02 1.016000000E+01
1.226898200E-01 9.785199348E-01 1.509493533E-02 1.011000000E+01
1.233032700E-01 9.786570054E-01 1.497462341E-02 1.006000000E+01
1.239197900E-01 9.787949459E-01 1.485448222E-02 1.001000000E+01
1.245393900E-01 9.789546623E-01 1.471972601E-02 9.955000000E+00
1.251620800E-01 9.790896968E-01 1.460293339E-02 9.906000000E+00
1.257878900E-01 9.792254425E-01 1.448524918E-02 9.857000000E+00
1.264168300E-01 9.793618794E-01 1.436775543E-02 9.808000000E+00
1.270489200E-01 9.794988840E-01 1.424941996E-02 9.759000000E+00
1.276841600E-01 9.796365423E-01 1.413130355E-02 9.710000000E+00
1.283225800E-01 9.797706474E-01 1.401631114E-02 9.662000000E+00
1.289641900E-01 9.799053816E-01 1.390152621E-02 9.614000000E+00
1.296090200E-01 9.800406263E-01 1.378595686E-02 9.566000000E+00
1.302570600E-01 9.801764645E-01 1.366963660E-02 9.518000000E+00
1.309083500E-01 9.803087193E-01 1.355741269E-02 9.471000000E+00
1.315628900E-01 9.804415454E-01 1.344444482E-02 9.424000000E+00
1.322207000E-01 9.805748292E-01 1.333172171E-02 9.377000000E+00
1.328818100E-01 9.807087451E-01 1.321829953E-02 9.330000000E+00
1.335462100E-01 9.808389574E-01 1.310797112E-02 9.284000000E+00
1.342139500E-01 9.809697804E-01 1.299789603E-02 9.238000000E+00
1.348850200E-01 9.811011023E-01 1.288715798E-02 9.192000000E+00
1.355594400E-01 9.812329062E-01 1.277669740E-02 9.146000000E+00
1.362372400E-01 9.813610793E-01 1.266930107E-02 9.101000000E+00
1.369184200E-01 9.814938941E-01 1.255850161E-02 9.055000000E+00
1.376030200E-01 9.816230598E-01 1.245076957E-02 9.010000000E+00
1.382910300E-01 9.817527435E-01 1.234244910E-02 8.965000000E+00
1.389824900E-01 9.818788642E-01 1.223717788E-02 8.921000000E+00
1.396774000E-01 9.820094513E-01 1.212946133E-02 8.876000000E+00
1.403757900E-01 9.821365426E-01 1.202477831E-02 8.832000000E+00
1.410776600E-01 9.822640963E-01 1.191954761E-02 8.788000000E+00
1.417830500E-01 9.823881501E-01 1.181649899E-02 8.745000000E+00
1.424919700E-01 9.825166662E-01 1.171106790E-02 8.701000000E+00
1.432044300E-01 9.826416626E-01 1.160865065E-02 8.658000000E+00
1.439204500E-01 9.827672283E-01 1.150654687E-02 8.615000000E+00
1.446400500E-01 9.828931820E-01 1.140395912E-02 8.572000000E+00
1.453632500E-01 9.830196655E-01 1.130170469E-02 8.529000000E+00
1.460900700E-01 9.831426853E-01 1.120164155E-02 8.487000000E+00
1.468205200E-01 9.832662896E-01 1.110190991E-02 8.445000000E+00
1.475546200E-01 9.833903790E-01 1.100251138E-02 8.403000000E+00
1.482923900E-01 9.835149334E-01 1.090268706E-02 8.361000000E+00
1.490338600E-01 9.836400833E-01 1.080246142E-02 8.319000000E+00
1.497790300E-01 9.837618068E-01 1.070593577E-02 8.278000000E+00
1.505279200E-01 9.838841733E-01 1.060900526E-02 8.237000000E+00
1.512805600E-01 9.840070842E-01 1.051169330E-02 8.196000000E+00
1.520369600E-01 9.841305887E-01 1.041547009E-02 8.155000000E+00
1.527971500E-01 9.842546615E-01 1.031816633E-02 8.114000000E+00
1.535611300E-01 9.843755496E-01 1.022448627E-02 8.074000000E+00
1.543289400E-01 9.844970460E-01 1.013045132E-02 8.034000000E+00
1.551005800E-01 9.846192640E-01 1.003608356E-02 7.994000000E+00
1.558760900E-01 9.847421736E-01 9.942781399E-03 7.954000000E+00
1.566554700E-01 9.848658133E-01 9.848480959E-03 7.914000000E+00
1.574387500E-01 9.849864064E-01 9.757725992E-03 7.875000000E+00
1.582259400E-01 9.851078238E-01 9.666661376E-03 7.836000000E+00
1.590170700E-01 9.852300975E-01 9.575307904E-03 7.797000000E+00
1.598121500E-01 9.853532573E-01 9.484995708E-03 7.758000000E+00
1.606112100E-01 9.854736325E-01 9.396195264E-03 7.720000000E+00
1.614142700E-01 9.855987218E-01 9.305992269E-03 7.681000000E+00
1.622213400E-01 9.857212264E-01 9.217954490E-03 7.643000000E+00
1.630324500E-01 9.858438561E-01 9.129667408E-03 7.605000000E+00
1.638476100E-01 9.859687749E-01 9.041773330E-03 7.567000000E+00
1.646668500E-01 9.860949765E-01 8.954272729E-03 7.529000000E+00
1.654901800E-01 9.862190346E-01 8.869533652E-03 7.492000000E+00
1.663176300E-01 9.863446582E-01 8.783957667E-03 7.455000000E+00
1.671492200E-01 9.864720856E-01 8.699377050E-03 7.418000000E+00
1.679849700E-01 9.866014843E-01 8.614588839E-03 7.381000000E+00
1.688248900E-01 9.867330133E-01 8.530197927E-03 7.344000000E+00
1.696690200E-01 9.868669389E-01 8.445623725E-03 7.307000000E+00
1.705173600E-01 9.869999961E-01 8.363759514E-03 7.271000000E+00
1.713699500E-01 9.871361528E-01 8.282282583E-03 7.235000000E+00
1.722268000E-01 9.872758032E-01 8.200629290E-03 7.199000000E+00
1.730879300E-01 9.874195461E-01 8.118816679E-03 7.163000000E+00
1.739533700E-01 9.875680626E-01 8.037966802E-03 7.127000000E+00
1.748231400E-01 9.877187577E-01 7.958666140E-03 7.092000000E+00
1.756972600E-01 9.878762485E-01 7.880305744E-03 7.057000000E+00
1.765757400E-01 9.880420731E-01 7.801796596E-03 7.022000000E+00
1.774586200E-01 9.882182855E-01 7.723685793E-03 6.987000000E+00
1.783459100E-01 9.884077960E-01 7.645447469E-03 6.952000000E+00
1.792376400E-01 9.886148445E-01 7.567617890E-03 6.917000000E+00
1.801338300E-01 9.888428725E-01 7.491858406E-03 6.883000000E+00
1.810345000E-01 9.891064328E-01 7.416495086E-03 6.849000000E+00
1.819396700E-01 9.894261285E-01 7.341527704E-03 6.815000000E+00
1.828493700E-01 9.898471715E-01 7.266455795E-03 6.781000000E+00
1.837636200E-01 9.905014598E-01 7.191789380E-03 6.747000000E+00
1.846824400E-01 9.923279930E-01 7.117037900E-03 6.713000000E+00
1.847661300E-01 9.928753620E-01 7.110678197E-03 6.710000000E+00
1.850338700E-01 9.928059934E-01 1.069824300E-02 6.701000000E+00
1.856058500E-01 9.908194161E-01 1.051430167E-02 6.680000000E+00
1.865338800E-01 9.898366746E-01 1.023090659E-02 6.647000000E+00
1.874665500E-01 9.893562148E-01 9.960627909E-03 6.614000000E+00
1.884038800E-01 9.890727918E-01 9.702697875E-03 6.581000000E+00
1.893459000E-01 9.889006011E-01 9.455903824E-03 6.548000000E+00
1.902926300E-01 9.888028319E-01 9.219996695E-03 6.515000000E+00
1.912440900E-01 9.887573251E-01 8.997047973E-03 6.483000000E+00
1.922003100E-01 9.887575714E-01 8.783493956E-03 6.451000000E+00
1.931613100E-01 9.887993509E-01 8.579127084E-03 6.419000000E+00
1.941271200E-01 9.888836760E-01 8.382854076E-03 6.387000000E+00
1.950977600E-01 9.890192149E-01 8.194937088E-03 6.355000000E+00
1.960732500E-01 9.892317777E-01 8.013882445E-03 6.323000000E+00
1.970536100E-01 9.896079253E-01 7.842896450E-03 6.292000000E+00
1.979147800E-01 9.906485418E-01 7.698869971E-03 6.265000000E+00
1.980388800E-01 9.913400830E-01 7.678380694E-03 6.261000000E+00
1.982852200E-01 9.906020221E-01 9.612916874E-03 6.253000000E+00
1.990290700E-01 9.895415885E-01 9.404613575E-03 6.229000000E+00
2.000242200E-01 9.890783940E-01 9.141145130E-03 6.198000000E+00
2.010243400E-01 9.888388935E-01 8.892695237E-03 6.168000000E+00
2.020294600E-01 9.887022574E-01 8.652339936E-03 6.137000000E+00
2.030396100E-01 9.886241743E-01 8.422781934E-03 6.106000000E+00
2.040548100E-01 9.885821004E-01 8.205674046E-03 6.076000000E+00
2.050750800E-01 9.885688686E-01 7.999576943E-03 6.046000000E+00
2.061004600E-01 9.885772557E-01 7.803447272E-03 6.016000000E+00
2.071309600E-01 9.886024065E-01 7.616665186E-03 5.986000000E+00
2.081666100E-01 9.886408765E-01 7.438628543E-03 5.956000000E+00
2.092074500E-01 9.886900714E-01 7.268370668E-03 5.926000000E+00
2.102534800E-01 9.887442778E-01 7.108124555E-03 5.897000000E+00
2.113047500E-01 9.888057509E-01 6.954473735E-03 5.868000000E+00
2.123612800E-01 9.888771309E-01 6.805311610E-03 5.838000000E+00
2.134230800E-01 9.889498061E-01 6.664081012E-03 5.809000000E+00
2.144902000E-01 9.890267875E-01 6.528290568E-03 5.780000000E+00
2.155626500E-01 9.891037259E-01 6.400045242E-03 5.752000000E+00
2.166404600E-01 9.891876305E-01 6.274386862E-03 5.723000000E+00
2.177236600E-01 9.892705899E-01 6.155276094E-03 5.695000000E+00
2.188122800E-01 9.893597812E-01 6.038264348E-03 5.666000000E+00
2.199063400E-01 9.894472898E-01 5.928589881E-03 5.638000000E+00
2.210058800E-01 9.895362327E-01 5.822943036E-03 5.610000000E+00
2.221109000E-01 9.896262540E-01 5.721234570E-03 5.582000000E+00
2.232214600E-01 9.897170107E-01 5.623040478E-03 5.554000000E+00
2.243375700E-01 9.898046163E-01 5.530616617E-03 5.527000000E+00
2.254592500E-01 9.898963056E-01 5.438864164E-03 5.499000000E+00
2.265865500E-01 9.899844978E-01 5.352033809E-03 5.472000000E+00
2.277194800E-01 9.900728020E-01 5.268061515E-03 5.445000000E+00
2.288580800E-01 9.901611416E-01 5.186565598E-03 5.418000000E+00
2.300023700E-01 9.902494421E-01 5.106861466E-03 5.391000000E+00
2.311523800E-01 9.903376006E-01 5.029542343E-03 5.364000000E+00
2.323081400E-01 9.904256110E-01 4.954246971E-03 5.337000000E+00
2.334696900E-01 9.905098323E-01 4.882772391E-03 5.311000000E+00
2.346370300E-01 9.905974222E-01 4.810775204E-03 5.284000000E+00
2.358102200E-01 9.906811838E-01 4.742495005E-03 5.258000000E+00
2.369892700E-01 9.907646884E-01 4.675458757E-03 5.232000000E+00
2.381742200E-01 9.908479339E-01 4.609940504E-03 5.206000000E+00
2.393650900E-01 9.909309182E-01 4.545910807E-03 5.180000000E+00
2.405619100E-01 9.910135812E-01 4.482762516E-03 5.154000000E+00
2.417647200E-01 9.910959514E-01 4.421056328E-03 5.128000000E+00
2.429735500E-01 9.911745687E-01 4.362189814E-03 5.103000000E+00
2.441884100E-01 9.912563357E-01 4.302429069E-03 5.077000000E+00
2.454093600E-01 9.913343764E-01 4.245445563E-03 5.052000000E+00
2.466364000E-01 9.914121208E-01 4.189511114E-03 5.027000000E+00
2.478695900E-01 9.914895957E-01 4.134335002E-03 5.002000000E+00
2.491089300E-01 9.915667729E-01 4.080176482E-03 4.977000000E+00
2.503544800E-01 9.916436790E-01 4.026750535E-03 4.952000000E+00
2.516062500E-01 9.917169513E-01 3.975660475E-03 4.928000000E+00
2.528642800E-01 9.917932992E-01 3.923656712E-03 4.903000000E+00
2.541286000E-01 9.918660649E-01 3.873943708E-03 4.879000000E+00
2.553992500E-01 9.919385565E-01 3.824898813E-03 4.855000000E+00
2.566762400E-01 9.920141316E-01 3.775203294E-03 4.830000000E+00
2.579596200E-01 9.920861357E-01 3.727476507E-03 4.806000000E+00
2.592494200E-01 9.921578881E-01 3.680390197E-03 4.782000000E+00
2.605456700E-01 9.922261457E-01 3.635216627E-03 4.759000000E+00
2.618484000E-01 9.922974536E-01 3.589375162E-03 4.735000000E+00
2.631576400E-01 9.923685298E-01 3.543906042E-03 4.711000000E+00
2.644734300E-01 9.924361460E-01 3.500540076E-03 4.688000000E+00
2.657957900E-01 9.925035537E-01 3.457516233E-03 4.665000000E+00
2.671247700E-01 9.925739515E-01 3.413596440E-03 4.641000000E+00
2.684604000E-01 9.926409470E-01 3.371725714E-03 4.618000000E+00
2.698027000E-01 9.927077515E-01 3.330184033E-03 4.595000000E+00
2.711517100E-01 9.927712012E-01 3.290636595E-03 4.573000000E+00
2.725074700E-01 9.928376296E-01 3.249961616E-03 4.550000000E+00
2.738700100E-01 9.929038600E-01 3.209830511E-03 4.527000000E+00
2.752393600E-01 9.929667680E-01 3.171422437E-03 4.505000000E+00
2.766155600E-01 9.930326525E-01 3.132128788E-03 4.482000000E+00
2.779986300E-01 9.930952353E-01 3.094531175E-03 4.460000000E+00
2.793886300E-01 9.931576579E-01 3.057435058E-03 4.438000000E+00
2.807855700E-01 9.932199174E-01 3.020620917E-03 4.416000000E+00
2.821895000E-01 9.932820112E-01 2.984087771E-03 4.394000000E+00
2.836004400E-01 9.933439782E-01 2.948042589E-03 4.372000000E+00
2.850184500E-01 9.934057732E-01 2.912272269E-03 4.350000000E+00
2.864435400E-01 9.934674140E-01 2.876775863E-03 4.328000000E+00
2.878757600E-01 9.935258914E-01 2.843074197E-03 4.307000000E+00
2.893151400E-01 9.935872473E-01 2.808310933E-03 4.285000000E+00
2.907617100E-01 9.936454784E-01 2.775116185E-03 4.264000000E+00
2.922155200E-01 9.937035678E-01 2.742364916E-03 4.243000000E+00
2.936766000E-01 9.937615510E-01 2.709856567E-03 4.222000000E+00
2.951449800E-01 9.938194242E-01 2.677590332E-03 4.201000000E+00
2.966207100E-01 9.938771641E-01 2.645755488E-03 4.180000000E+00
2.981038100E-01 9.939348050E-01 2.614157337E-03 4.159000000E+00
2.995943300E-01 9.939923422E-01 2.582795101E-03 4.138000000E+00
3.010923000E-01 9.940468620E-01 2.553092214E-03 4.118000000E+00
3.025977600E-01 9.941042100E-01 2.522371479E-03 4.097000000E+00
3.041107500E-01 9.941585755E-01 2.493103485E-03 4.077000000E+00
3.056313000E-01 9.942128810E-01 2.464047738E-03 4.057000000E+00
3.071594600E-01 9.942699611E-01 2.434174478E-03 4.036000000E+00
3.086952600E-01 9.943241357E-01 2.405723145E-03 4.016000000E+00
3.102387300E-01 9.943782691E-01 2.377478521E-03 3.996000000E+00
3.117899300E-01 9.944295543E-01 2.350793982E-03 3.977000000E+00
3.133488800E-01 9.944836515E-01 2.323121339E-03 3.957000000E+00
3.149156200E-01 9.945377221E-01 2.295650042E-03 3.937000000E+00
3.164902000E-01 9.945917928E-01 2.268379465E-03 3.917000000E+00
3.180726500E-01 9.946431569E-01 2.242624704E-03 3.898000000E+00
3.196630100E-01 9.946945802E-01 2.217050633E-03 3.879000000E+00
3.212613300E-01 9.947488405E-01 2.190521284E-03 3.859000000E+00
3.228676400E-01 9.948005182E-01 2.165474896E-03 3.840000000E+00
3.244819700E-01 9.948523682E-01 2.140604387E-03 3.821000000E+00
3.261043800E-01 9.949044880E-01 2.115909237E-03 3.802000000E+00
3.277349100E-01 9.949569238E-01 2.091388929E-03 3.783000000E+00
3.293735800E-01 9.950098122E-01 2.067197074E-03 3.764000000E+00
3.310204500E-01 9.950606620E-01 2.044267214E-03 3.746000000E+00
3.326755500E-01 9.951149774E-01 2.020409026E-03 3.727000000E+00
3.343389300E-01 9.951704162E-01 1.996720567E-03 3.708000000E+00
3.360106200E-01 9.952249684E-01 1.974419391E-03 3.690000000E+00
3.376906800E-01 9.952822073E-01 1.952269986E-03 3.672000000E+00
3.393791300E-01 9.953466694E-01 1.929215547E-03 3.653000000E+00
3.410760200E-01 9.954185765E-01 1.907518948E-03 3.635000000E+00
3.427814000E-01 9.955277561E-01 1.885969994E-03 3.617000000E+00
3.430843500E-01 9.955647977E-01 1.882274419E-03 3.614000000E+00
3.439156200E-01 9.955854888E-01 2.043985575E-03 3.605000000E+00
3.444953100E-01 9.955514856E-01 2.036482833E-03 3.599000000E+00
3.462177900E-01 9.955384645E-01 2.014210181E-03 3.581000000E+00
3.479488800E-01 9.955536762E-01 1.991940472E-03 3.563000000E+00
3.496886200E-01 9.955753346E-01 1.971199365E-03 3.546000000E+00
3.514370600E-01 9.956039461E-01 1.949342261E-03 3.528000000E+00
3.531942500E-01 9.956351791E-01 1.927759361E-03 3.510000000E+00
3.549602200E-01 9.956656764E-01 1.907405571E-03 3.493000000E+00
3.567350200E-01 9.956973918E-01 1.887175733E-03 3.476000000E+00
3.585187000E-01 9.957324710E-01 1.866120302E-03 3.458000000E+00
3.603112900E-01 9.957657613E-01 1.846271448E-03 3.441000000E+00
3.621128500E-01 9.957995882E-01 1.826543267E-03 3.424000000E+00
3.639234100E-01 9.958338323E-01 1.807061812E-03 3.407000000E+00
3.657430300E-01 9.958684284E-01 1.787698064E-03 3.390000000E+00
3.675717400E-01 9.959032888E-01 1.768451816E-03 3.373000000E+00
3.694096000E-01 9.959383779E-01 1.749322859E-03 3.356000000E+00
3.712566500E-01 9.959712613E-01 1.731468927E-03 3.340000000E+00
3.731129300E-01 9.960067261E-01 1.712686756E-03 3.323000000E+00
3.749785000E-01 9.960423430E-01 1.694018817E-03 3.306000000E+00
3.768533900E-01 9.960757064E-01 1.676601660E-03 3.290000000E+00
3.787376600E-01 9.961092235E-01 1.659284426E-03 3.274000000E+00
3.806313500E-01 9.961452653E-01 1.641059097E-03 3.257000000E+00
3.825345000E-01 9.961791025E-01 1.623946841E-03 3.241000000E+00
3.844471800E-01 9.962131482E-01 1.607047200E-03 3.225000000E+00
3.863694100E-01 9.962474708E-01 1.590244632E-03 3.209000000E+00
3.883012600E-01 9.962821689E-01 1.573539007E-03 3.193000000E+00
3.902427600E-01 9.963174467E-01 1.556930188E-03 3.177000000E+00
3.921939800E-01 9.963537497E-01 1.540526746E-03 3.161000000E+00
3.941549500E-01 9.963900280E-01 1.525079425E-03 3.146000000E+00
3.961257200E-01 9.964386763E-01 1.508860240E-03 3.130000000E+00
3.961565200E-01 9.964386763E-01 1.508860240E-03 3.130000000E+00
3.972434700E-01 9.964572835E-01 1.534529346E-03 3.121000000E+00
3.981063500E-01 9.964608146E-01 1.527442576E-03 3.114000000E+00
4.000968800E-01 9.964808911E-01 1.512240372E-03 3.099000000E+00
4.020973700E-01 9.965078496E-01 1.496148403E-03 3.083000000E+00
4.041078500E-01 9.965341297E-01 1.481215527E-03 3.068000000E+00
4.061283900E-01 9.965612044E-01 1.466260074E-03 3.053000000E+00
4.081590400E-01 9.965887373E-01 1.451485782E-03 3.038000000E+00
4.101998300E-01 9.966165738E-01 1.436889610E-03 3.023000000E+00
4.122508300E-01 9.966468349E-01 1.421326177E-03 3.007000000E+00
4.143120800E-01 9.966727620E-01 1.407732338E-03 2.993000000E+00
4.163836400E-01 9.967010117E-01 1.393368008E-03 2.978000000E+00
4.184655600E-01 9.967293192E-01 1.379080211E-03 2.963000000E+00
4.205578900E-01 9.967576611E-01 1.364868903E-03 2.948000000E+00
4.226606800E-01 9.967860148E-01 1.350734041E-03 2.933000000E+00
4.247739800E-01 9.968121839E-01 1.337684590E-03 2.919000000E+00
4.268978500E-01 9.968405321E-01 1.323696636E-03 2.904000000E+00
4.290323400E-01 9.968667058E-01 1.310782760E-03 2.890000000E+00
4.311775000E-01 9.968950196E-01 1.297031487E-03 2.875000000E+00
4.333333900E-01 9.969211519E-01 1.284252188E-03 2.861000000E+00
4.355000600E-01 9.969472686E-01 1.271537878E-03 2.847000000E+00
4.376775600E-01 9.969733676E-01 1.258888533E-03 2.833000000E+00
4.398659500E-01 9.969994294E-01 1.246390579E-03 2.819000000E+00
4.420652800E-01 9.970254697E-01 1.233870228E-03 2.805000000E+00
4.442756000E-01 9.970514778E-01 1.221499513E-03 2.791000000E+00
4.464969800E-01 9.970774687E-01 1.209108071E-03 2.777000000E+00
4.487294700E-01 9.971034234E-01 1.196864527E-03 2.763000000E+00
4.509731100E-01 9.971293484E-01 1.184684122E-03 2.749000000E+00
4.532279800E-01 9.971531773E-01 1.173424454E-03 2.736000000E+00
4.554941200E-01 9.971790772E-01 1.161285238E-03 2.722000000E+00
4.577715900E-01 9.972049646E-01 1.149290555E-03 2.708000000E+00
4.600604500E-01 9.972287886E-01 1.138203480E-03 2.695000000E+00
4.623607500E-01 9.972526422E-01 1.127170897E-03 2.682000000E+00
4.646725500E-01 9.972785703E-01 1.115356541E-03 2.668000000E+00
4.669959200E-01 9.973025111E-01 1.104437044E-03 2.655000000E+00
4.693309000E-01 9.973265388E-01 1.093572006E-03 2.642000000E+00
4.716775500E-01 9.973507009E-01 1.082836608E-03 2.629000000E+00
4.740359400E-01 9.973750724E-01 1.072079715E-03 2.616000000E+00
4.764061200E-01 9.974017449E-01 1.060561905E-03 2.602000000E+00
4.787881500E-01 9.974249180E-01 1.050729208E-03 2.590000000E+00
4.811820900E-01 9.974509923E-01 1.040063325E-03 2.577000000E+00
4.835880000E-01 9.974789837E-01 1.029524813E-03 2.564000000E+00
4.860059400E-01 9.975137149E-01 1.019040684E-03 2.551000000E+00
4.864643200E-01 9.975225387E-01 1.017443441E-03 2.549000000E+00
4.879356600E-01 9.975359298E-01 1.047101276E-03 2.541000000E+00
4.884359700E-01 9.975350735E-01 1.044630242E-03 2.538000000E+00
4.908781500E-01 9.975424174E-01 1.034775294E-03 2.526000000E+00
4.933325400E-01 9.975583800E-01 1.024151808E-03 2.513000000E+00
4.957992000E-01 9.975743751E-01 1.014326117E-03 2.501000000E+00
4.982782000E-01 9.975932429E-01 1.003808748E-03 2.488000000E+00
5.007695900E-01 9.976107209E-01 9.940823625E-04 2.476000000E+00
5.032734400E-01 9.976285402E-01 9.844700190E-04 2.464000000E+00
5.057898000E-01 9.976485111E-01 9.740439916E-04 2.451000000E+00
5.083187500E-01 9.976667237E-01 9.644648612E-04 2.439000000E+00
5.108603500E-01 9.976850451E-01 9.549336978E-04 2.427000000E+00
5.134146500E-01 9.977034518E-01 9.454504921E-04 2.415000000E+00
5.159817200E-01 9.977219148E-01 9.359524147E-04 2.403000000E+00
5.185616300E-01 9.977404123E-01 9.265657218E-04 2.391000000E+00
5.211544400E-01 9.977589357E-01 9.171653840E-04 2.379000000E+00
5.237602100E-01 9.977774704E-01 9.078142021E-04 2.367000000E+00
5.263790100E-01 9.977960146E-01 8.985121575E-04 2.355000000E+00
5.290109100E-01 9.978126825E-01 8.900184708E-04 2.344000000E+00
5.316559600E-01 9.978312167E-01 8.807514927E-04 2.332000000E+00
5.343142400E-01 9.978497320E-01 8.715933662E-04 2.320000000E+00
5.369858100E-01 9.978663853E-01 8.631738471E-04 2.309000000E+00
5.396707400E-01 9.978848655E-01 8.540530372E-04 2.297000000E+00
5.423691000E-01 9.979014822E-01 8.456653452E-04 2.286000000E+00
5.450809400E-01 9.979180877E-01 8.373211918E-04 2.275000000E+00
5.478063500E-01 9.979364940E-01 8.282883570E-04 2.263000000E+00
5.505453800E-01 9.979530520E-01 8.200349406E-04 2.252000000E+00
5.532981000E-01 9.979695907E-01 8.118249662E-04 2.241000000E+00
5.560646000E-01 9.979846920E-01 8.036043020E-04 2.230000000E+00
5.588449200E-01 9.980011876E-01 7.954280814E-04 2.219000000E+00
5.616391400E-01 9.980176618E-01 7.872432270E-04 2.208000000E+00
5.644473400E-01 9.980341085E-01 7.791563024E-04 2.197000000E+00
5.672695800E-01 9.980505270E-01 7.710097276E-04 2.186000000E+00
5.701059200E-01 9.980669168E-01 7.629609879E-04 2.175000000E+00
5.729564500E-01 9.980832770E-01 7.549065797E-04 2.164000000E+00
5.758212300E-01 9.980996072E-01 7.468984341E-04 2.153000000E+00
5.787003400E-01 9.981159066E-01 7.389364958E-04 2.142000000E+00
5.815938400E-01 9.981304212E-01 7.316575032E-04 2.132000000E+00
5.845018100E-01 9.981466586E-01 7.237355175E-04 2.121000000E+00
5.874243200E-01 9.981611265E-01 7.165392883E-04 2.111000000E+00
5.903614400E-01 9.981773044E-01 7.086594698E-04 2.100000000E+00
5.933132500E-01 9.981917234E-01 7.014987162E-04 2.090000000E+00
5.962798200E-01 9.982075949E-01 6.936637345E-04 2.079000000E+00
5.992612200E-01 9.982219649E-01 6.865410273E-04 2.069000000E+00
6.022575200E-01 9.982363112E-01 6.794593992E-04 2.059000000E+00
6.052688100E-01 9.982523404E-01 6.717169767E-04 2.048000000E+00
6.082951500E-01 9.982666320E-01 6.646762170E-04 2.038000000E+00
6.113366300E-01 9.982809027E-01 6.576772187E-04 2.028000000E+00
6.143933100E-01 9.982951475E-01 6.506756072E-04 2.018000000E+00
6.174652800E-01 9.983093658E-01 6.437164895E-04 2.008000000E+00
6.205526000E-01 9.983235615E-01 6.367563583E-04 1.998000000E+00
6.236553700E-01 9.983377295E-01 6.298394315E-04 1.988000000E+00
6.267736400E-01 9.983518694E-01 6.229656244E-04 1.978000000E+00
6.299075100E-01 9.983659891E-01 6.160927173E-04 1.968000000E+00
6.330570500E-01 9.983784202E-01 6.098861058E-04 1.959000000E+00
6.362223400E-01 9.983924908E-01 6.030969435E-04 1.949000000E+00
6.394034500E-01 9.984065310E-01 5.963105067E-04 1.939000000E+00
6.426004600E-01 9.984205484E-01 5.895279662E-04 1.929000000E+00
6.458134700E-01 9.984329022E-01 5.834381952E-04 1.920000000E+00
6.490425300E-01 9.984468658E-01 5.767415377E-04 1.910000000E+00
6.522877500E-01 9.984591801E-01 5.706507353E-04 1.901000000E+00
6.555491900E-01 9.984730918E-01 5.640015018E-04 1.891000000E+00
6.588269300E-01 9.984853682E-01 5.579906209E-04 1.882000000E+00
6.621210700E-01 9.984976216E-01 5.519796265E-04 1.873000000E+00
6.654316700E-01 9.985114615E-01 5.454216380E-04 1.863000000E+00
6.687588300E-01 9.985236735E-01 5.394540958E-04 1.854000000E+00
6.721026200E-01 9.985358686E-01 5.335628064E-04 1.845000000E+00
6.754631400E-01 9.985480460E-01 5.276365721E-04 1.836000000E+00
6.788404500E-01 9.985617772E-01 5.212153514E-04 1.826000000E+00
6.822346600E-01 9.985739119E-01 5.153358194E-04 1.817000000E+00
6.856458300E-01 9.985860236E-01 5.095320802E-04 1.808000000E+00
6.890740600E-01 9.985981152E-01 5.037325458E-04 1.799000000E+00
6.925194300E-01 9.986101826E-01 4.979730218E-04 1.790000000E+00
6.959820200E-01 9.986222323E-01 4.922188897E-04 1.781000000E+00
6.994619400E-01 9.986327181E-01 4.870544997E-04 1.773000000E+00
7.029592400E-01 9.986447325E-01 4.813775867E-04 1.764000000E+00
7.064740400E-01 9.986567204E-01 4.757074263E-04 1.755000000E+00
7.100064100E-01 9.986686880E-01 4.700449306E-04 1.746000000E+00
7.135564400E-01 9.986791150E-01 4.649915828E-04 1.738000000E+00
7.171242300E-01 9.986910425E-01 4.594077273E-04 1.729000000E+00
7.207098500E-01 9.987029444E-01 4.538650191E-04 1.720000000E+00
7.243134000E-01 9.987133207E-01 4.488556938E-04 1.712000000E+00
7.279349600E-01 9.987251821E-01 4.433600367E-04 1.703000000E+00
7.315746400E-01 9.987355277E-01 4.383917241E-04 1.695000000E+00
7.352325100E-01 9.987473430E-01 4.329445565E-04 1.686000000E+00
7.389086700E-01 9.987576555E-01 4.280492685E-04 1.678000000E+00
7.426032200E-01 9.987679501E-01 4.231886276E-04 1.670000000E+00
7.463162300E-01 9.987797022E-01 4.178292176E-04 1.661000000E+00
7.500478100E-01 9.987899632E-01 4.129817404E-04 1.653000000E+00
7.537980500E-01 9.988002077E-01 4.081991610E-04 1.645000000E+00
7.575670400E-01 9.988104380E-01 4.034221991E-04 1.637000000E+00
7.613548800E-01 9.988220981E-01 3.981623015E-04 1.628000000E+00
7.651616500E-01 9.988322900E-01 3.934307982E-04 1.620000000E+00
7.689874600E-01 9.988424658E-01 3.887348389E-04 1.612000000E+00
7.728324000E-01 9.988526249E-01 3.840463126E-04 1.604000000E+00
7.766965600E-01 9.988627668E-01 3.793936448E-04 1.596000000E+00
7.805800400E-01 9.988728908E-01 3.747767104E-04 1.588000000E+00
7.844829400E-01 9.988829963E-01 3.701682255E-04 1.580000000E+00
7.884053600E-01 9.988916767E-01 3.660610544E-04 1.573000000E+00
7.923473800E-01 9.989017518E-01 3.615210802E-04 1.565000000E+00
7.963091200E-01 9.989118066E-01 3.569905157E-04 1.557000000E+00
8.002906700E-01 9.989218405E-01 3.524961453E-04 1.549000000E+00
8.042921200E-01 9.989304714E-01 3.484896858E-04 1.542000000E+00
8.083135800E-01 9.989404727E-01 3.440638901E-04 1.534000000E+00
8.123551500E-01 9.989504512E-01 3.396485649E-04 1.526000000E+00
8.164169300E-01 9.989590414E-01 3.356862091E-04 1.519000000E+00
8.204990100E-01 9.989689837E-01 3.313399982E-04 1.511000000E+00
8.246015000E-01 9.989775472E-01 3.274404277E-04 1.504000000E+00
8.287245100E-01 9.989874532E-01 3.231384723E-04 1.496000000E+00
8.328681300E-01 9.989959902E-01 3.192773217E-04 1.489000000E+00
8.370324800E-01 9.990058597E-01 3.150205989E-04 1.481000000E+00
8.412176400E-01 9.990143677E-01 3.112224448E-04 1.474000000E+00
8.454237300E-01 9.990228641E-01 3.074306309E-04 1.467000000E+00
8.496508400E-01 9.990326748E-01 3.032762193E-04 1.459000000E+00
8.538991000E-01 9.990411434E-01 2.995473742E-04 1.452000000E+00
8.581685900E-01 9.990495962E-01 2.958483756E-04 1.445000000E+00
8.624594400E-01 9.990580351E-01 2.921566123E-04 1.438000000E+00
8.667717300E-01 9.990677637E-01 2.881140820E-04 1.430000000E+00
8.711055900E-01 9.990761677E-01 2.844852078E-04 1.423000000E+00
8.754611200E-01 9.990845581E-01 2.809079529E-04 1.416000000E+00
8.798384300E-01 9.990929301E-01 2.773383577E-04 1.409000000E+00
8.842376200E-01 9.991012875E-01 2.737983333E-04 1.402000000E+00
8.886588100E-01 9.991096297E-01 2.702665903E-04 1.395000000E+00
8.931021000E-01 9.991179519E-01 2.667855641E-04 1.388000000E+00
8.975676100E-01 9.991262577E-01 2.633130045E-04 1.381000000E+00
9.020554500E-01 9.991345445E-01 2.598904990E-04 1.374000000E+00
9.065657300E-01 9.991415572E-01 2.568520181E-04 1.368000000E+00
9.110985600E-01 9.991498122E-01 2.534643874E-04 1.361000000E+00
9.156540500E-01 9.991580485E-01 2.501059205E-04 1.354000000E+00
9.202323200E-01 9.991662618E-01 2.467962350E-04 1.347000000E+00
9.248334800E-01 9.991732248E-01 2.438590883E-04 1.341000000E+00
9.294576500E-01 9.991814020E-01 2.405648194E-04 1.334000000E+00
9.341049400E-01 9.991895586E-01 2.373188033E-04 1.327000000E+00
9.387754600E-01 9.991964778E-01 2.344561883E-04 1.321000000E+00
9.434693400E-01 9.992045953E-01 2.312642192E-04 1.314000000E+00
9.481866800E-01 9.992114835E-01 2.284497643E-04 1.308000000E+00
9.529276200E-01 9.992195600E-01 2.252929876E-04 1.301000000E+00
9.576922600E-01 9.992264172E-01 2.225264645E-04 1.295000000E+00
9.624807200E-01 9.992344509E-01 2.194414639E-04 1.288000000E+00
9.672931200E-01 9.992412753E-01 2.167044240E-04 1.282000000E+00
9.721295900E-01 9.992492624E-01 2.136723410E-04 1.275000000E+00
9.769902300E-01 9.992560522E-01 2.110003124E-04 1.269000000E+00
9.818751900E-01 9.992628259E-01 2.083503083E-04 1.263000000E+00
9.867845600E-01 9.992707446E-01 2.053778850E-04 1.256000000E+00
9.917184800E-01 9.992774795E-01 2.027744219E-04 1.250000000E+00
9.966770800E-01 9.992841970E-01 2.001927047E-04 1.244000000E+00
1.001660500E+00 9.992908134E-01 1.974158868E-04 1.238000000E+00
1.006668800E+00 9.992973506E-01 1.942685302E-04 1.232000000E+00
1.011702100E+00 9.993039899E-01 1.911545143E-04 1.226000000E+00
1.016760600E+00 9.993118311E-01 1.877816375E-04 1.219000000E+00
1.021844400E+00 9.993185904E-01 1.847691261E-04 1.213000000E+00
1.026953600E+00 9.993253861E-01 1.817887760E-04 1.207000000E+00
1.032088400E+00 9.993321879E-01 1.788404156E-04 1.201000000E+00
1.037248900E+00 9.993390302E-01 1.759549444E-04 1.195000000E+00
1.042435100E+00 9.993458862E-01 1.731004974E-04 1.189000000E+00
1.047647300E+00 9.993527513E-01 1.702769079E-04 1.183000000E+00
1.052885500E+00 9.993585326E-01 1.677838211E-04 1.178000000E+00
1.058149900E+00 9.993654106E-01 1.650479182E-04 1.172000000E+00
1.063440700E+00 9.993722878E-01 1.623417811E-04 1.166000000E+00
1.068757900E+00 9.993791617E-01 1.596652476E-04 1.160000000E+00
1.074101700E+00 9.993860297E-01 1.570471311E-04 1.154000000E+00
1.079472200E+00 9.993918341E-01 1.547125376E-04 1.149000000E+00
1.084869500E+00 9.993986950E-01 1.521629107E-04 1.143000000E+00
1.090293900E+00 9.994055469E-01 1.496413662E-04 1.137000000E+00
1.095745400E+00 9.994113491E-01 1.474080724E-04 1.132000000E+00
1.101224100E+00 9.994181851E-01 1.449530241E-04 1.126000000E+00
1.106730200E+00 9.994250091E-01 1.425253171E-04 1.120000000E+00
1.112263900E+00 9.994307997E-01 1.403900070E-04 1.115000000E+00
1.117825200E+00 9.994376035E-01 1.380402160E-04 1.109000000E+00
1.123414300E+00 9.994433859E-01 1.359629463E-04 1.104000000E+00
1.129031400E+00 9.994501686E-01 1.336628106E-04 1.098000000E+00
1.134676500E+00 9.994559406E-01 1.316424639E-04 1.093000000E+00
1.140349900E+00 9.994626983E-01 1.294170221E-04 1.087000000E+00
1.146051700E+00 9.994684590E-01 1.274522564E-04 1.082000000E+00
1.151781900E+00 9.994751930E-01 1.252743347E-04 1.076000000E+00
1.157540800E+00 9.994809400E-01 1.233628125E-04 1.071000000E+00
1.163328500E+00 9.994866851E-01 1.214768539E-04 1.066000000E+00
1.169145200E+00 9.994933836E-01 1.193908155E-04 1.060000000E+00
1.174990900E+00 9.994991155E-01 1.175563685E-04 1.055000000E+00
1.180865900E+00 9.995048451E-01 1.157454745E-04 1.050000000E+00
1.186770200E+00 9.995105714E-01 1.139602770E-04 1.045000000E+00
1.192704000E+00 9.995163121E-01 1.121969466E-04 1.040000000E+00
1.198667600E+00 9.995229564E-01 1.102454401E-04 1.034000000E+00
1.204660900E+00 9.995286693E-01 1.085309833E-04 1.029000000E+00
1.210684200E+00 9.995343794E-01 1.068400051E-04 1.024000000E+00
1.216737600E+00 9.995400890E-01 1.051722465E-04 1.019000000E+00
1.222821300E+00 9.995457971E-01 1.035252130E-04 1.014000000E+00
1.228935400E+00 9.995515059E-01 1.019009304E-04 1.009000000E+00
1.235080100E+00 9.995572152E-01 1.002991441E-04 1.004000000E+00
1.241255500E+00 9.995630135E-01 9.869766777E-05 9.989000000E-01
1.247461800E+00 9.995687248E-01 9.713820417E-05 9.939000000E-01
1.253699100E+00 9.995744404E-01 9.559839682E-05 9.889000000E-01
1.259967600E+00 9.995800735E-01 9.409929322E-05 9.840000000E-01
1.266267400E+00 9.995857148E-01 9.262006438E-05 9.791000000E-01
1.272598800E+00 9.995912797E-01 9.117921882E-05 9.743000000E-01
1.278961800E+00 9.995969386E-01 8.973891605E-05 9.694000000E-01
1.285356600E+00 9.996025266E-01 8.833618625E-05 9.646000000E-01
1.291783300E+00 9.996081292E-01 8.695111341E-05 9.598000000E-01
1.298242300E+00 9.996137475E-01 8.558551524E-05 9.550000000E-01
1.304733500E+00 9.996193054E-01 8.425493312E-05 9.503000000E-01
1.311257100E+00 9.996249651E-01 8.292549327E-05 9.455000000E-01
1.317813400E+00 9.996305697E-01 8.163032456E-05 9.408000000E-01
1.324402500E+00 9.996361263E-01 8.036870626E-05 9.362000000E-01
1.331024500E+00 9.996417935E-01 7.910784865E-05 9.315000000E-01
1.337679600E+00 9.996474200E-01 7.787982768E-05 9.269000000E-01
1.344368000E+00 9.996531645E-01 7.665162599E-05 9.222000000E-01
1.351089900E+00 9.996588060E-01 7.547202423E-05 9.177000000E-01
1.357845300E+00 9.996645762E-01 7.429190760E-05 9.131000000E-01
1.364634500E+00 9.996703323E-01 7.314382538E-05 9.086000000E-01
1.371457700E+00 9.996762286E-01 7.199434381E-05 9.040000000E-01
1.378315000E+00 9.996821295E-01 7.086566633E-05 8.995000000E-01
1.385206600E+00 9.996880488E-01 6.976265868E-05 8.951000000E-01
1.392132600E+00 9.996941381E-01 6.865828180E-05 8.906000000E-01
1.399093300E+00 9.997002722E-01 6.758425849E-05 8.862000000E-01
1.406088700E+00 9.997065368E-01 6.652399522E-05 8.818000000E-01
1.413119200E+00 9.997129497E-01 6.547819492E-05 8.774000000E-01
1.420184800E+00 9.997195334E-01 6.444586955E-05 8.730000000E-01
1.427285700E+00 9.997262524E-01 6.344231241E-05 8.687000000E-01
1.434422100E+00 9.997332663E-01 6.243718490E-05 8.643000000E-01
1.441594200E+00 9.997404920E-01 6.146021749E-05 8.600000000E-01
1.448802200E+00 9.997479860E-01 6.050999813E-05 8.558000000E-01
1.456046200E+00 9.997559351E-01 5.955796849E-05 8.515000000E-01
1.463326500E+00 9.997643030E-01 5.863291771E-05 8.473000000E-01
1.470643100E+00 9.997732905E-01 5.771978904E-05 8.431000000E-01
1.477996300E+00 9.997830612E-01 5.681846335E-05 8.389000000E-01
1.485386300E+00 9.997938688E-01 5.592882217E-05 8.347000000E-01
1.492813200E+00 9.998061188E-01 5.505074776E-05 8.305000000E-01
1.500277300E+00 9.998204605E-01 5.419798168E-05 8.264000000E-01
1.507778700E+00 9.998383085E-01 5.335625363E-05 8.223000000E-01
1.515317600E+00 9.998630119E-01 5.252472360E-05 8.182000000E-01
1.522894200E+00 9.999080813E-01 5.170474440E-05 8.141000000E-01
1.527561600E+00 1.000044181E+00 5.120924238E-05 8.116000000E-01
1.528038300E+00 1.000046618E+00 1.906275142E-04 8.114000000E-01
1.530508600E+00 9.999395598E-01 1.895459630E-04 8.101000000E-01
1.538161200E+00 9.998845757E-01 1.862366507E-04 8.061000000E-01
1.545852000E+00 9.998663276E-01 1.829405072E-04 8.020000000E-01
1.553581200E+00 9.998589564E-01 1.797727759E-04 7.981000000E-01
1.561349100E+00 9.998592875E-01 1.766169561E-04 7.941000000E-01
1.569155900E+00 9.998707105E-01 1.735042584E-04 7.901000000E-01
1.575811400E+00 9.999374055E-01 1.709399803E-04 7.868000000E-01
1.576788700E+00 9.999378305E-01 2.562523378E-04 7.863000000E-01
1.577001700E+00 9.999277400E-01 2.561333672E-04 7.862000000E-01
1.584886700E+00 9.998531046E-01 2.516211456E-04 7.823000000E-01
1.592811100E+00 9.998305363E-01 2.471806376E-04 7.784000000E-01
1.600775200E+00 9.998160809E-01 2.427979040E-04 7.745000000E-01
1.608779000E+00 9.998053762E-01 2.385472765E-04 7.707000000E-01
1.616822900E+00 9.997970352E-01 2.343032852E-04 7.668000000E-01
1.624907000E+00 9.997902422E-01 2.301754269E-04 7.630000000E-01
1.633031600E+00 9.997846413E-01 2.261138832E-04 7.592000000E-01
1.641196700E+00 9.997799166E-01 2.221704235E-04 7.555000000E-01
1.649402700E+00 9.997760073E-01 2.182321817E-04 7.517000000E-01
1.657649700E+00 9.997726679E-01 2.144091449E-04 7.480000000E-01
1.665938000E+00 9.997699239E-01 2.105852966E-04 7.442000000E-01
1.674267700E+00 9.997675798E-01 2.068739462E-04 7.405000000E-01
1.682639000E+00 9.997656379E-01 2.032230731E-04 7.368000000E-01
1.691052200E+00 9.997639871E-01 1.996746712E-04 7.332000000E-01
1.699507500E+00 9.997627163E-01 1.961302780E-04 7.295000000E-01
1.708005000E+00 9.997616646E-01 1.926916501E-04 7.259000000E-01
1.716545000E+00 9.997608693E-01 1.893094359E-04 7.223000000E-01
1.725127800E+00 9.997603076E-01 1.859716664E-04 7.187000000E-01
1.733753400E+00 9.997599596E-01 1.826835161E-04 7.151000000E-01
1.742422200E+00 9.997597403E-01 1.795003845E-04 7.116000000E-01
1.751134300E+00 9.997597711E-01 1.763091129E-04 7.080000000E-01
1.759889900E+00 9.997599029E-01 1.732203850E-04 7.045000000E-01
1.768689400E+00 9.997601923E-01 1.701723786E-04 7.010000000E-01
1.777532800E+00 9.997606301E-01 1.671753196E-04 6.975000000E-01
1.786420500E+00 9.997612087E-01 1.642232923E-04 6.940000000E-01
1.795352600E+00 9.997618512E-01 1.613573229E-04 6.906000000E-01
1.804329400E+00 9.997626905E-01 1.584932799E-04 6.871000000E-01
1.813351000E+00 9.997635844E-01 1.557132085E-04 6.837000000E-01
1.822417800E+00 9.997645982E-01 1.529801198E-04 6.803000000E-01
1.831529900E+00 9.997657300E-01 1.502834122E-04 6.769000000E-01
1.840687500E+00 9.997669114E-01 1.476715349E-04 6.736000000E-01
1.849890900E+00 9.997682817E-01 1.450606561E-04 6.702000000E-01
1.859140400E+00 9.997697078E-01 1.425276278E-04 6.669000000E-01
1.868436100E+00 9.997712665E-01 1.400330917E-04 6.636000000E-01
1.877778300E+00 9.997729713E-01 1.375718566E-04 6.603000000E-01
1.887167200E+00 9.997748423E-01 1.351530111E-04 6.570000000E-01
1.896603000E+00 9.997769135E-01 1.327666734E-04 6.537000000E-01
1.906086000E+00 9.997791733E-01 1.304572533E-04 6.505000000E-01
1.915616500E+00 9.997818611E-01 1.281435895E-04 6.472000000E-01
1.925194500E+00 9.997850538E-01 1.259049686E-04 6.440000000E-01
1.934820500E+00 9.997893708E-01 1.236964025E-04 6.408000000E-01
1.944494600E+00 9.997972881E-01 1.215220362E-04 6.376000000E-01
1.947538200E+00 9.998032899E-01 1.208501672E-04 6.366000000E-01
1.952061800E+00 9.998039591E-01 1.409359628E-04 6.351000000E-01
1.954217100E+00 9.997996190E-01 1.403627539E-04 6.344000000E-01
1.963988200E+00 9.997926874E-01 1.378150240E-04 6.313000000E-01
1.973808100E+00 9.997903146E-01 1.352669089E-04 6.281000000E-01
1.983677200E+00 9.997892146E-01 1.328003329E-04 6.250000000E-01
1.993595500E+00 9.997887974E-01 1.303712175E-04 6.219000000E-01
2.003563500E+00 9.997888115E-01 1.279791443E-04 6.188000000E-01
2.013581300E+00 9.997891315E-01 1.256236973E-04 6.157000000E-01
2.023649200E+00 9.997896193E-01 1.233447222E-04 6.127000000E-01
2.033767500E+00 9.997903703E-01 1.210647876E-04 6.096000000E-01
2.043936300E+00 9.997912259E-01 1.188593555E-04 6.066000000E-01
2.054156000E+00 9.997922264E-01 1.167710146E-04 6.036000000E-01
2.064426800E+00 9.997933134E-01 1.147341152E-04 6.006000000E-01
2.074748900E+00 9.997944860E-01 1.127321598E-04 5.976000000E-01
2.085122700E+00 9.997957438E-01 1.107685128E-04 5.946000000E-01
2.095548300E+00 9.997970184E-01 1.088717613E-04 5.917000000E-01
2.106026000E+00 9.997984497E-01 1.069750349E-04 5.887000000E-01
2.116556200E+00 9.997999098E-01 1.051434390E-04 5.858000000E-01
2.127138900E+00 9.998014853E-01 1.033435363E-04 5.829000000E-01
2.137774600E+00 9.998032126E-01 1.015748819E-04 5.800000000E-01
2.148463500E+00 9.998051752E-01 9.983341103E-05 5.771000000E-01
2.159205800E+00 9.998076161E-01 9.812238114E-05 5.742000000E-01
2.170001800E+00 9.998120424E-01 9.647512167E-05 5.714000000E-01
2.170436000E+00 9.998124831E-01 9.637920164E-05 5.712000000E-01
2.175564200E+00 9.998130760E-01 1.024034936E-04 5.699000000E-01
2.180851900E+00 9.998112198E-01 1.015247756E-04 5.685000000E-01
2.191756100E+00 9.998105309E-01 9.977169333E-05 5.657000000E-01
2.202714900E+00 9.998107955E-01 9.804535107E-05 5.629000000E-01
2.213728500E+00 9.998114223E-01 9.634543254E-05 5.601000000E-01
2.224797100E+00 9.998122522E-01 9.467500231E-05 5.573000000E-01
2.235921100E+00 9.998132182E-01 9.303030162E-05 5.545000000E-01
2.247100700E+00 9.998142192E-01 9.144747424E-05 5.518000000E-01
2.258336200E+00 9.998153700E-01 8.985613931E-05 5.490000000E-01
2.269627900E+00 9.998165247E-01 8.832188104E-05 5.463000000E-01
2.280976000E+00 9.998177468E-01 8.681448336E-05 5.436000000E-01
2.292380900E+00 9.998190193E-01 8.536857584E-05 5.409000000E-01
2.303842800E+00 9.998203278E-01 8.394806975E-05 5.382000000E-01
2.315362000E+00 9.998216752E-01 8.254947403E-05 5.355000000E-01
2.326938800E+00 9.998230650E-01 8.117251427E-05 5.328000000E-01
2.338573500E+00 9.998244359E-01 7.985009294E-05 5.302000000E-01
2.350266400E+00 9.998259319E-01 7.851823366E-05 5.275000000E-01
2.362017700E+00 9.998274437E-01 7.723656746E-05 5.249000000E-01
2.373827800E+00 9.998290901E-01 7.597472282E-05 5.223000000E-01
2.385697000E+00 9.998310422E-01 7.473244788E-05 5.197000000E-01
2.393111900E+00 9.998327821E-01 7.397221560E-05 5.181000000E-01
2.397625400E+00 9.998358146E-01 7.350949256E-05 5.171000000E-01
2.403087900E+00 9.998338358E-01 7.635952711E-05 5.159000000E-01
2.409613600E+00 9.998335854E-01 7.568071499E-05 5.145000000E-01
2.421661600E+00 9.998339926E-01 7.447361393E-05 5.120000000E-01
2.433769900E+00 9.998348114E-01 7.325619391E-05 5.094000000E-01
2.445938800E+00 9.998357115E-01 7.208047968E-05 5.069000000E-01
2.458168500E+00 9.998366950E-01 7.092561940E-05 5.044000000E-01
2.470459300E+00 9.998377343E-01 6.978581892E-05 5.019000000E-01
2.482811600E+00 9.998388139E-01 6.866093087E-05 4.994000000E-01
2.495225700E+00 9.998399241E-01 6.755080868E-05 4.969000000E-01
2.507701800E+00 9.998410593E-01 6.645796577E-05 4.944000000E-01
2.520240300E+00 9.998421510E-01 6.540612954E-05 4.920000000E-01
2.532841500E+00 9.998433215E-01 6.434690032E-05 4.895000000E-01
2.545505700E+00 9.998444419E-01 6.331737690E-05 4.871000000E-01
2.558233300E+00 9.998456409E-01 6.227310940E-05 4.846000000E-01
2.571024400E+00 9.998467884E-01 6.126826598E-05 4.822000000E-01
2.583879600E+00 9.998479470E-01 6.027671800E-05 4.798000000E-01
2.596799000E+00 9.998490518E-01 5.932317737E-05 4.775000000E-01
2.609782900E+00 9.998502287E-01 5.835999701E-05 4.751000000E-01
2.622831900E+00 9.998514131E-01 5.740723796E-05 4.727000000E-01
2.635946000E+00 9.998525411E-01 5.649367316E-05 4.704000000E-01
2.649125700E+00 9.998537382E-01 5.556841155E-05 4.680000000E-01
2.662371400E+00 9.998548778E-01 5.467673662E-05 4.657000000E-01
2.675683200E+00 9.998560225E-01 5.379925306E-05 4.634000000E-01
2.689061700E+00 9.998571713E-01 5.293114526E-05 4.611000000E-01
2.702507000E+00 9.998583240E-01 5.207465317E-05 4.588000000E-01
2.716019500E+00 9.998594802E-01 5.122965801E-05 4.565000000E-01
2.729599600E+00 9.998606392E-01 5.039604169E-05 4.542000000E-01
2.743247600E+00 9.998617397E-01 4.959562935E-05 4.520000000E-01
2.756963800E+00 9.998629034E-01 4.878417059E-05 4.497000000E-01
2.770748600E+00 9.998640084E-01 4.800519537E-05 4.475000000E-01
2.784602400E+00 9.998651754E-01 4.721328329E-05 4.452000000E-01
2.798525400E+00 9.998662834E-01 4.645318885E-05 4.430000000E-01
2.812518000E+00 9.998673922E-01 4.570335224E-05 4.408000000E-01
2.826580600E+00 9.998685018E-01 4.496157392E-05 4.386000000E-01
2.840713500E+00 9.998695530E-01 4.424808233E-05 4.365000000E-01
2.854917100E+00 9.998706656E-01 4.352205912E-05 4.343000000E-01
2.869191700E+00 9.998717788E-01 4.280599690E-05 4.321000000E-01
2.883537600E+00 9.998728330E-01 4.211937861E-05 4.300000000E-01
2.897955300E+00 9.998739468E-01 4.142269851E-05 4.278000000E-01
2.912445100E+00 9.998750015E-01 4.075284143E-05 4.257000000E-01
2.927007300E+00 9.998760556E-01 4.009213275E-05 4.236000000E-01
2.941642400E+00 9.998771089E-01 3.944047599E-05 4.215000000E-01
2.956350600E+00 9.998781603E-01 3.879777521E-05 4.194000000E-01
2.971132300E+00 9.998792087E-01 3.816393509E-05 4.173000000E-01
2.985988000E+00 9.998802522E-01 3.753886084E-05 4.152000000E-01
3.000917900E+00 9.998812266E-01 3.693847883E-05 4.132000000E-01
3.015922500E+00 9.998822543E-01 3.629921276E-05 4.111000000E-01
3.031002100E+00 9.998832335E-01 3.568651493E-05 4.091000000E-01
3.046157100E+00 9.998842741E-01 3.506518422E-05 4.070000000E-01
3.061387900E+00 9.998848719E-01 3.446623670E-05 4.050000000E-01
3.076694900E+00 9.998858659E-01 3.386694327E-05 4.030000000E-01
3.092078300E+00 9.998868621E-01 3.327797265E-05 4.010000000E-01
3.107538700E+00 9.998878602E-01 3.269745006E-05 3.990000000E-01
3.123076400E+00 9.998888595E-01 3.212528569E-05 3.970000000E-01
3.138691800E+00 9.998898597E-01 3.155969285E-05 3.950000000E-01
3.154385300E+00 9.998905660E-01 3.101977482E-05 3.931000000E-01
3.170157200E+00 9.998915691E-01 3.046531290E-05 3.911000000E-01
3.186008000E+00 9.998925177E-01 2.993437347E-05 3.892000000E-01
3.201938000E+00 9.998935222E-01 2.939590853E-05 3.872000000E-01
3.217947700E+00 9.998944720E-01 2.888040079E-05 3.853000000E-01
3.234037400E+00 9.998954220E-01 2.837398775E-05 3.834000000E-01
3.250207600E+00 9.998963718E-01 2.787654133E-05 3.815000000E-01
3.266458700E+00 9.998973212E-01 2.738479913E-05 3.796000000E-01
3.282791000E+00 9.998982700E-01 2.690183280E-05 3.777000000E-01
3.299204900E+00 9.998992178E-01 2.642598023E-05 3.758000000E-01
3.315700900E+00 9.999001645E-01 2.595716311E-05 3.739000000E-01
3.332279400E+00 9.999010567E-01 2.550901260E-05 3.721000000E-01
3.348940800E+00 9.999020009E-01 2.505534880E-05 3.702000000E-01
3.365685600E+00 9.999028906E-01 2.462034832E-05 3.684000000E-01
3.382514000E+00 9.999038315E-01 2.418000199E-05 3.665000000E-01
3.399426500E+00 9.999047181E-01 2.375930796E-05 3.647000000E-01
3.416423700E+00 9.999056030E-01 2.334483215E-05 3.629000000E-01
3.433505800E+00 9.999064862E-01 2.293792372E-05 3.611000000E-01
3.450673300E+00 9.999073674E-01 2.253566248E-05 3.593000000E-01
3.467926700E+00 9.999082466E-01 2.214080304E-05 3.575000000E-01
3.485266300E+00 9.999091237E-01 2.175048248E-05 3.557000000E-01
3.502692700E+00 9.999099476E-01 2.137675057E-05 3.540000000E-01
3.520206100E+00 9.999108203E-01 2.099797446E-05 3.522000000E-01
3.537807200E+00 9.999116402E-01 2.063537891E-05 3.505000000E-01
3.555496200E+00 9.999125083E-01 2.026788634E-05 3.487000000E-01
3.573273700E+00 9.999133238E-01 1.991748420E-05 3.470000000E-01
3.591140000E+00 9.999141370E-01 1.957233870E-05 3.453000000E-01
3.609095700E+00 9.999149975E-01 1.922119652E-05 3.435000000E-01
3.627141200E+00 9.999158059E-01 1.888652394E-05 3.418000000E-01
3.645276900E+00 9.999166117E-01 1.855692666E-05 3.401000000E-01
3.663503300E+00 9.999174151E-01 1.823234553E-05 3.384000000E-01
3.681820800E+00 9.999182159E-01 1.791272177E-05 3.367000000E-01
3.700229900E+00 9.999189657E-01 1.760972645E-05 3.351000000E-01
3.718731100E+00 9.999197613E-01 1.729969789E-05 3.334000000E-01
3.737324700E+00 9.999205540E-01 1.699325728E-05 3.317000000E-01
3.756011400E+00 9.999212962E-01 1.670168641E-05 3.301000000E-01
3.774791400E+00 9.999220359E-01 1.641573047E-05 3.285000000E-01
3.793665400E+00 9.999228205E-01 1.612310905E-05 3.268000000E-01
3.812633700E+00 9.999235550E-01 1.584481582E-05 3.252000000E-01
3.831696900E+00 9.999242868E-01 1.557080634E-05 3.236000000E-01
3.850855400E+00 9.999250160E-01 1.530102937E-05 3.220000000E-01
3.870109600E+00 9.999257425E-01 1.503543398E-05 3.204000000E-01
3.889460200E+00 9.999264662E-01 1.477396957E-05 3.188000000E-01
3.908907500E+00 9.999270670E-01 1.451439670E-05 3.172000000E-01
3.928452000E+00 9.999277857E-01 1.425564793E-05 3.156000000E-01
3.948094300E+00 9.999285018E-01 1.400206250E-05 3.140000000E-01
3.967834700E+00 9.999291703E-01 1.376023929E-05 3.125000000E-01
3.987673900E+00 9.999298817E-01 1.351348846E-05 3.109000000E-01
4.055024000E+00 9.999317070E-01 1.273601931E-05 3.058000000E-01
4.334821000E+00 9.999402686E-01 1.004828728E-05 2.860000000E-01
4.633924000E+00 9.999477291E-01 7.924423497E-06 2.676000000E-01
4.953664000E+00 9.999543556E-01 6.250069954E-06 2.503000000E-01
5.295467000E+00 9.999601961E-01 4.932183320E-06 2.341000000E-01
5.660855000E+00 9.999653006E-01 3.899327867E-06 2.190000000E-01
6.051453000E+00 9.999697667E-01 3.087636346E-06 2.049000000E-01
6.469004000E+00 9.999736847E-01 2.447842138E-06 1.917000000E-01
6.915365000E+00 9.999771386E-01 1.934921094E-06 1.793000000E-01
7.392525000E+00 9.999801879E-01 1.527135621E-06 1.677000000E-01
7.902609000E+00 9.999828951E-01 1.207685230E-06 1.569000000E-01
8.447890000E+00 9.999854012E-01 9.567236924E-07 1.468000000E-01
8.764728000E+00 9.999869048E-01 8.399874539E-07 1.415000000E-01
8.898882000E+00 9.999879265E-01 7.953882701E-07 1.393000000E-01
8.934656000E+00 9.999887339E-01 7.840506850E-07 1.388000000E-01
8.988318000E+00 9.999881630E-01 2.157960968E-06 1.379000000E-01
9.030794000E+00 9.999879640E-01 2.116664178E-06 1.373000000E-01
9.122472000E+00 9.999878958E-01 2.027104524E-06 1.359000000E-01
9.653919000E+00 9.999888273E-01 1.606826539E-06 1.284000000E-01
9.778636000E+00 9.999891384E-01 1.529388766E-06 1.268000000E-01
9.928309000E+00 9.999896614E-01 1.442641615E-06 1.249000000E-01
9.968222000E+00 9.999900241E-01 1.420625751E-06 1.244000000E-01
1.002809000E+01 9.999898504E-01 1.948007904E-06 1.236000000E-01
1.017776000E+01 9.999898774E-01 1.837777815E-06 1.218000000E-01
1.027667000E+01 9.999900089E-01 1.768357693E-06 1.206000000E-01
1.032004000E+01 9.999900759E-01 1.739602393E-06 1.201000000E-01
1.043397000E+01 9.999903092E-01 1.666524896E-06 1.188000000E-01
1.047591000E+01 9.999904834E-01 1.642815746E-06 1.184000000E-01
1.053883000E+01 9.999904512E-01 1.859009677E-06 1.176000000E-01
1.069613000E+01 9.999905472E-01 1.763271956E-06 1.159000000E-01
1.103212000E+01 9.999909338E-01 1.580316353E-06 1.124000000E-01
1.179334000E+01 9.999918824E-01 1.246398873E-06 1.051000000E-01
1.260708000E+01 9.999927911E-01 9.825707723E-07 9.834000000E-02
1.347697000E+01 9.999936301E-01 7.729001277E-07 9.200000000E-02
1.440688000E+01 9.999943903E-01 6.062505168E-07 8.606000000E-02
1.540095000E+01 9.999950711E-01 4.751468750E-07 8.050000000E-02
1.646362000E+01 9.999956745E-01 3.724784834E-07 7.531000000E-02
1.759961000E+01 9.999962085E-01 2.920897087E-07 7.045000000E-02
1.881398000E+01 9.999966765E-01 2.287955126E-07 6.590000000E-02
2.011215000E+01 9.999970892E-01 1.792976468E-07 6.165000000E-02
2.149988000E+01 9.999974522E-01 1.403488278E-07 5.767000000E-02
2.298338000E+01 9.999977714E-01 1.098249927E-07 5.395000000E-02
2.456923000E+01 9.999980519E-01 8.598155838E-08 5.046000000E-02
2.626450000E+01 9.999982961E-01 6.741136904E-08 4.721000000E-02
2.807676000E+01 9.999985105E-01 5.245035182E-08 4.416000000E-02
3.001405000E+01 9.999986982E-01 4.074131875E-08 4.131000000E-02
3.208502000E+01 9.999988627E-01 3.166551694E-08 3.864000000E-02
3.429889000E+01 9.999990060E-01 2.464077658E-08 3.615000000E-02
3.666551000E+01 9.999991319E-01 1.917749976E-08 3.381000000E-02
3.919543000E+01 9.999992415E-01 1.494043096E-08 3.163000000E-02
4.189992000E+01 9.999993374E-01 1.162468616E-08 2.959000000E-02
4.479101000E+01 9.999994214E-01 9.041300817E-09 2.768000000E-02
4.788159000E+01 9.999994950E-01 7.006332160E-09 2.589000000E-02
5.118542000E+01 9.999995594E-01 5.429435234E-09 2.422000000E-02
5.471721000E+01 9.999996161E-01 4.207955327E-09 2.266000000E-02
5.849270000E+01 9.999996671E-01 3.263616247E-09 2.120000000E-02
6.010565000E+01 9.999996878E-01 2.942409528E-09 2.063000000E-02
6.102564000E+01 9.999997021E-01 2.777607522E-09 2.032000000E-02
6.127097000E+01 9.999997105E-01 2.735947485E-09 2.024000000E-02
6.163896000E+01 9.999997082E-01 1.437393499E-08 2.011000000E-02
6.252870000E+01 9.999997111E-01 1.367229141E-08 1.983000000E-02
6.255894000E+01 9.999997113E-01 1.364824869E-08 1.982000000E-02
6.684318000E+01 9.999997419E-01 1.077227322E-08 1.855000000E-02
7.145536000E+01 9.999997725E-01 8.455270053E-09 1.735000000E-02
7.638578000E+01 9.999998000E-01 6.634598723E-09 1.623000000E-02
8.165640000E+01 9.999998245E-01 5.198004967E-09 1.518000000E-02
8.729069000E+01 9.999998462E-01 4.059334927E-09 1.420000000E-02
9.331374000E+01 9.999998651E-01 3.173924056E-09 1.329000000E-02
9.975239000E+01 9.999998819E-01 2.478595142E-09 1.243000000E-02
1.066353000E+02 9.999998966E-01 1.937324575E-09 1.163000000E-02
1.139931000E+02 9.999999094E-01 1.514061151E-09 1.088000000E-02
1.218587000E+02 9.999999209E-01 1.181463508E-09 1.017000000E-02
1.302669000E+02 9.999999307E-01 9.206653013E-10 9.518000000E-03
1.392553000E+02 9.999999393E-01 7.164390530E-10 8.903000000E-03
1.488640000E+02 9.999999469E-01 5.577314654E-10 8.329000000E-03
1.591356000E+02 9.999999536E-01 4.341154233E-10 7.791000000E-03
1.701159000E+02 9.999999594E-01 3.379483493E-10 7.288000000E-03
1.818539000E+02 9.999999645E-01 2.631522006E-10 6.818000000E-03
1.944018000E+02 9.999999689E-01 2.049075156E-10 6.378000000E-03
2.078156000E+02 9.999999728E-01 1.595454575E-10 5.966000000E-03
2.221548000E+02 9.999999762E-01 1.242511380E-10 5.581000000E-03
2.374835000E+02 9.999999792E-01 9.677877281E-11 5.221000000E-03
2.538699000E+02 9.999999818E-01 7.538009037E-11 4.884000000E-03
2.713869000E+02 9.999999841E-01 5.884127497E-11 4.569000000E-03
2.901126000E+02 9.999999861E-01 4.612864577E-11 4.274000000E-03
3.101304000E+02 9.999999878E-01 3.616390991E-11 3.998000000E-03
3.315294000E+02 9.999999893E-01 2.835709309E-11 3.740000000E-03
3.544049000E+02 9.999999907E-01 2.222896194E-11 3.498000000E-03
3.788588000E+02 9.999999918E-01 1.744045613E-11 3.273000000E-03
4.050001000E+02 9.999999929E-01 1.367128419E-11 3.061000000E-03
4.329451000E+02 0.000000000E+00 0.000000000E+00 2.864000000E-03
