# 11/08/2021 TEST
# Data retrieved from www.chemicool.com/densities.html 
# Includes the real (n) and complex (k) part of the  refractive index. 
# Element, Ac  (Z = 89) 
# Nominal density, g cm-3 =  10.07 
#    E [keV]      n       k    Wavelength [nm] 
1.000000000E-02 -1.522579117E+01 1.079644727E+00 1.239800000E+02
1.016170000E-02 1.784119131E+03 2.062775839E-01 1.220071445E+02
1.032610000E-02 1.727793657E+03 1.933891462E-01 1.200646904E+02
1.049310000E-02 1.673266440E+03 1.813085357E-01 1.181538344E+02
1.066280000E-02 1.620461289E+03 1.699826995E-01 1.162733991E+02
1.083530000E-02 1.569307494E+03 1.593622508E-01 1.144223049E+02
1.101060000E-02 1.519766911E+03 1.492099254E-01 1.126005849E+02
1.118860000E-02 1.471827029E+03 1.392555025E-01 1.108092165E+02
1.136960000E-02 1.425369700E+03 1.299625171E-01 1.090451731E+02
1.155350000E-02 1.380386466E+03 1.216083883E-01 1.073094733E+02
1.174040000E-02 1.336818059E+03 1.147653276E-01 1.056011720E+02
1.193030000E-02 1.294630864E+03 1.083073972E-01 1.039202702E+02
1.212320000E-02 1.253790809E+03 1.022142737E-01 1.022667283E+02
1.231930000E-02 1.214224119E+03 9.645732348E-02 1.006388350E+02
1.251860000E-02 1.175901808E+03 9.092228921E-02 9.903663349E+01
1.272100000E-02 1.138812217E+03 8.570653880E-02 9.746089144E+01
1.292680000E-02 1.102871725E+03 8.078838856E-02 9.590927376E+01
1.313590000E-02 1.068071279E+03 7.615286139E-02 9.438256990E+01
1.334830000E-02 1.034382685E+03 7.110332238E-02 9.288074137E+01
1.356420000E-02 1.001747995E+03 6.626615135E-02 9.140236800E+01
1.378360000E-02 9.701428035E+02 6.175801695E-02 8.994747381E+01
1.400660000E-02 9.395288894E+02 5.817959264E-02 8.851541416E+01
1.423310000E-02 9.098958002E+02 5.575533524E-02 8.710681440E+01
1.446330000E-02 8.811938079E+02 5.343169900E-02 8.572040959E+01
1.469730000E-02 8.533892814E+02 5.093654656E-02 8.435562995E+01
1.493500000E-02 8.264725655E+02 4.867324394E-02 8.301305658E+01
1.517650000E-02 8.004104948E+02 4.741737848E-02 8.169208974E+01
1.542200000E-02 7.751617332E+02 4.685586985E-02 8.039164829E+01
1.567140000E-02 7.507172551E+02 4.793031862E-02 7.911226821E+01
1.592490000E-02 7.270385323E+02 5.347060677E-02 7.785292215E+01
1.618250000E-02 7.041077202E+02 6.339937572E-02 7.661362583E+01
1.644420000E-02 6.819066844E+02 7.370462454E-02 7.539436397E+01
1.671020000E-02 6.604013049E+02 8.826441589E-02 7.419420474E+01
1.698050000E-02 6.395753495E+02 1.036728581E-01 7.301316216E+01
1.725510000E-02 6.194123256E+02 1.217478779E-01 7.185122080E+01
1.753420000E-02 5.998818980E+02 1.476271729E-01 7.070753157E+01
1.781780000E-02 5.809692107E+02 1.661221140E-01 6.958210329E+01
1.810600000E-02 5.626529780E+02 1.819398402E-01 6.847453883E+01
1.839890000E-02 5.449129262E+02 2.029629116E-01 6.738446320E+01
1.869640000E-02 5.277409904E+02 2.264196068E-01 6.631223123E+01
1.899880000E-02 5.111063808E+02 2.429593992E-01 6.525675306E+01
1.930610000E-02 4.949966402E+02 2.605860685E-01 6.421804507E+01
1.961840000E-02 4.793942242E+02 2.794900678E-01 6.319577539E+01
1.993570000E-02 4.642870052E+02 2.999226200E-01 6.218994066E+01
2.025820000E-02 4.496538399E+02 3.218883778E-01 6.119990917E+01
2.058580000E-02 4.354878134E+02 3.426913453E-01 6.022598102E+01
2.091880000E-02 4.217649566E+02 3.506728116E-01 5.926726198E+01
2.125710000E-02 4.084788453E+02 3.588434189E-01 5.832404232E+01
2.160090000E-02 3.956111980E+02 3.666861118E-01 5.739575666E+01
2.195030000E-02 3.831485161E+02 3.735825648E-01 5.648214375E+01
2.230530000E-02 3.710811462E+02 3.806110078E-01 5.558320220E+01
2.266610000E-02 3.593929821E+02 3.877698086E-01 5.469842628E+01
2.303270000E-02 3.480750509E+02 3.852189427E-01 5.382781871E+01
2.340530000E-02 3.371125074E+02 3.816939216E-01 5.297090830E+01
2.378380000E-02 3.264997127E+02 3.782066418E-01 5.212791900E+01
2.416850000E-02 3.162199558E+02 3.747488930E-01 5.129817738E+01
2.455940000E-02 3.062654073E+02 3.713222892E-01 5.048168929E+01
2.495660000E-02 2.966257511E+02 3.655600597E-01 4.967824143E+01
2.536030000E-02 2.872887778E+02 3.598208150E-01 4.888743430E+01
2.577050000E-02 2.782473529E+02 3.512631629E-01 4.810927223E+01
2.618730000E-02 2.694921860E+02 3.402136211E-01 4.734355966E+01
2.661090000E-02 2.610123473E+02 3.295075967E-01 4.658993119E+01
2.704130000E-02 2.528012985E+02 3.191422179E-01 4.584838747E+01
2.747860000E-02 2.448506365E+02 3.075776190E-01 4.511874695E+01
2.792310000E-02 2.371488498E+02 2.962405724E-01 4.440051427E+01
2.837470000E-02 2.296917727E+02 2.853260929E-01 4.369385403E+01
2.883370000E-02 2.224686951E+02 2.748103352E-01 4.299829713E+01
2.930000000E-02 7.334981616E-01 2.594148564E-01 4.231399317E+01
2.977390000E-02 7.314803278E-01 2.426207392E-01 4.164049721E+01
3.025550000E-02 7.321375340E-01 2.269238068E-01 4.097767348E+01
3.074490000E-02 7.339212527E-01 2.128859854E-01 4.032538730E+01
3.124210000E-02 7.361235285E-01 1.997175307E-01 3.968363202E+01
3.174750000E-02 7.381422231E-01 1.873620374E-01 3.905189385E+01
3.226090000E-02 7.401876580E-01 1.733701198E-01 3.843042197E+01
3.278270000E-02 7.445682834E-01 1.597267250E-01 3.781872756E+01
3.331300000E-02 7.501883519E-01 1.471565848E-01 3.721670219E+01
3.385180000E-02 7.566856998E-01 1.355762508E-01 3.662434494E+01
3.439930000E-02 7.637576795E-01 1.257684958E-01 3.604143108E+01
3.495570000E-02 7.702705812E-01 1.169704757E-01 3.546774918E+01
3.552110000E-02 7.763917427E-01 1.087879216E-01 3.490319838E+01
3.609560000E-02 7.818375734E-01 1.006981024E-01 3.434767673E+01
3.667940000E-02 7.879208087E-01 9.211322452E-02 3.380098911E+01
3.727270000E-02 7.943722078E-01 8.426002198E-02 3.326295117E+01
3.787550000E-02 8.011516290E-01 7.647365542E-02 3.273356127E+01
3.848820000E-02 8.084043304E-01 6.938995513E-02 3.221247032E+01
3.911070000E-02 8.160041347E-01 6.302365800E-02 3.169976503E+01
3.974320000E-02 8.234286590E-01 5.775895171E-02 3.119527366E+01
4.038610000E-02 8.305296828E-01 5.293357776E-02 3.069868098E+01
4.103930000E-02 8.374351234E-01 4.851165259E-02 3.021006694E+01
4.170310000E-02 8.441732218E-01 4.450451156E-02 2.972920478E+01
4.237760000E-02 8.506834923E-01 4.085237555E-02 2.925602205E+01
4.306300000E-02 8.569915413E-01 3.749993846E-02 2.879037689E+01
4.375950000E-02 8.631136492E-01 3.442425301E-02 2.833213359E+01
4.446730000E-02 8.690468573E-01 3.160772547E-02 2.788116211E+01
4.518650000E-02 8.747911695E-01 2.902185462E-02 2.743739834E+01
4.591740000E-02 8.803438021E-01 2.664726863E-02 2.700065770E+01
4.666000000E-02 8.856716856E-01 2.446718289E-02 2.657093871E+01
4.741470000E-02 8.908712796E-01 2.227869969E-02 2.614800895E+01
4.818160000E-02 8.960206514E-01 2.028138670E-02 2.573181463E+01
4.896090000E-02 9.010841937E-01 1.846305988E-02 2.532224694E+01
4.975280000E-02 9.060826170E-01 1.680779551E-02 2.491920053E+01
5.055760000E-02 9.110667486E-01 1.547728326E-02 2.452252480E+01
5.137530000E-02 9.157156237E-01 1.438413635E-02 2.413221918E+01
5.220620000E-02 9.201378748E-01 1.336825615E-02 2.374813719E+01
5.305060000E-02 9.244102021E-01 1.242401634E-02 2.337014096E+01
5.390870000E-02 9.285811552E-01 1.156237216E-02 2.299814316E+01
5.478060000E-02 9.325841026E-01 1.085342870E-02 2.263209968E+01
5.566670000E-02 9.364229100E-01 1.018791550E-02 2.227184295E+01
5.656700000E-02 9.401391457E-01 9.563269117E-03 2.191737232E+01
5.748200000E-02 9.437523404E-01 8.994509472E-03 2.156849101E+01
5.841170000E-02 9.472575506E-01 8.466683882E-03 2.122519975E+01
5.935640000E-02 9.506753375E-01 7.969820641E-03 2.088738535E+01
6.031650000E-02 9.540239404E-01 7.506544393E-03 2.055490620E+01
6.129210000E-02 9.573148885E-01 7.072528896E-03 2.022772919E+01
6.228340000E-02 9.605808650E-01 6.663631240E-03 1.990578549E+01
6.329080000E-02 9.638049895E-01 6.354813379E-03 1.958894500E+01
6.431450000E-02 9.669890449E-01 6.063083101E-03 1.927714590E+01
6.535470000E-02 9.701644481E-01 5.862519538E-03 1.897032654E+01
6.641180000E-02 9.732762813E-01 5.705012414E-03 1.866836918E+01
6.748590000E-02 9.764151650E-01 5.619509025E-03 1.837124496E+01
6.857750000E-02 9.794460426E-01 5.571167881E-03 1.807881594E+01
6.968670000E-02 9.824861298E-01 5.501552129E-03 1.779105626E+01
7.081380000E-02 9.855764086E-01 5.437723683E-03 1.750788688E+01
7.195910000E-02 9.887491006E-01 5.376854174E-03 1.722923161E+01
7.312300000E-02 9.920741418E-01 5.316668281E-03 1.695499364E+01
7.430570000E-02 9.955736872E-01 5.376056649E-03 1.668512644E+01
7.550760000E-02 9.992527348E-01 5.457678296E-03 1.641953923E+01
7.672890000E-02 1.003222726E+00 5.599570197E-03 1.615818811E+01
7.796990000E-02 1.007613298E+00 5.763625017E-03 1.590100795E+01
7.923100000E-02 1.012779708E+00 6.039800610E-03 1.564791559E+01
8.051250000E-02 1.018917612E+00 6.570238401E-03 1.539885111E+01
8.181470000E-02 1.027415434E+00 7.950201993E-03 1.515375599E+01
8.313800000E-02 1.037500464E+00 1.207120118E-02 1.491255503E+01
8.448270000E-02 1.050175211E+00 1.918220057E-02 1.467519386E+01
8.584910000E-02 1.067948346E+00 4.646721129E-02 1.444161907E+01
8.723770000E-02 1.046704333E+00 6.977667027E-02 1.421174561E+01
8.864870000E-02 1.030717181E+00 7.431102010E-02 1.398554068E+01
9.008250000E-02 1.022322927E+00 7.609268300E-02 1.376293953E+01
9.153950000E-02 1.014838958E+00 7.775647510E-02 1.354387996E+01
9.302010000E-02 1.008418166E+00 7.778060102E-02 1.332830216E+01
9.452460000E-02 1.002951297E+00 7.780466674E-02 1.311616235E+01
9.605350000E-02 9.977909020E-01 7.782857261E-02 1.290739015E+01
9.760710000E-02 9.923351684E-01 7.710059804E-02 1.270194484E+01
9.918580000E-02 9.878514351E-01 7.559736358E-02 1.249977315E+01
1.007900000E-01 9.838154681E-01 7.412347012E-02 1.230082349E+01
1.024200000E-01 9.796068312E-01 7.242137005E-02 1.210505761E+01
1.040770000E-01 9.760481260E-01 7.003289004E-02 1.191233414E+01
1.057600000E-01 9.729756951E-01 6.772440623E-02 1.172276853E+01
1.074710000E-01 9.699312317E-01 6.527138812E-02 1.153613533E+01
1.092090000E-01 9.673732282E-01 6.257891932E-02 1.135254420E+01
1.109750000E-01 9.649944168E-01 5.999765214E-02 1.117188556E+01
1.127700000E-01 9.621487753E-01 5.752234123E-02 1.099405870E+01
1.145940000E-01 9.598700133E-01 5.338610011E-02 1.081906557E+01
1.164480000E-01 9.585931040E-01 4.952013047E-02 1.064681231E+01
1.183310000E-01 9.577310414E-01 4.593480559E-02 1.047738970E+01
1.202450000E-01 9.572004405E-01 4.222887327E-02 1.031061583E+01
1.221900000E-01 9.571948504E-01 3.870834166E-02 1.014649317E+01
1.241660000E-01 9.575499362E-01 3.548167364E-02 9.985020054E+00
1.261750000E-01 9.581273478E-01 3.252327934E-02 9.826035268E+00
1.282150000E-01 9.588666067E-01 2.981230364E-02 9.669695433E+00
1.302890000E-01 9.597268426E-01 2.732686957E-02 9.515768791E+00
1.323970000E-01 9.606755193E-01 2.504857341E-02 9.364260519E+00
1.345380000E-01 9.616869337E-01 2.296047328E-02 9.215240304E+00
1.367140000E-01 9.627421643E-01 2.104643580E-02 9.068566496E+00
1.389250000E-01 9.638254329E-01 1.929198297E-02 8.924239698E+00
1.411720000E-01 9.649240354E-01 1.768364670E-02 8.782194770E+00
1.434560000E-01 9.660279350E-01 1.620931365E-02 8.642371180E+00
1.457760000E-01 9.671275122E-01 1.485807300E-02 8.504829327E+00
1.481340000E-01 9.682163143E-01 1.361938577E-02 8.369449282E+00
1.505300000E-01 9.692870330E-01 1.248396415E-02 8.236231980E+00
1.529640000E-01 9.703324694E-01 1.144338264E-02 8.105175074E+00
1.554390000E-01 9.713428846E-01 1.048929976E-02 7.976119249E+00
1.579530000E-01 9.722820924E-01 9.614835343E-03 7.849170323E+00
1.605070000E-01 9.732188584E-01 8.676280762E-03 7.724273708E+00
1.631030000E-01 9.741997063E-01 7.815994949E-03 7.601331674E+00
1.657420000E-01 9.751952213E-01 7.040922334E-03 7.480300708E+00
1.684220000E-01 9.761790718E-01 6.342819395E-03 7.361271093E+00
1.711460000E-01 9.771443099E-01 5.713909959E-03 7.244107370E+00
1.739150000E-01 9.780867026E-01 5.147289496E-03 7.128769801E+00
1.767270000E-01 9.790028429E-01 4.636966780E-03 7.015340044E+00
1.795860000E-01 9.798924002E-01 4.177154346E-03 6.903656187E+00
1.824910000E-01 9.807545092E-01 3.762962037E-03 6.793759692E+00
1.854420000E-01 9.815900541E-01 3.389870752E-03 6.685648343E+00
1.884420000E-01 9.824022699E-01 3.053726494E-03 6.579212702E+00
1.914890000E-01 9.832049273E-01 2.750966777E-03 6.474523341E+00
1.945870000E-01 9.839645158E-01 2.533129517E-03 6.371443108E+00
1.977340000E-01 9.846724492E-01 2.332750502E-03 6.270039548E+00
2.009320000E-01 9.853397738E-01 2.148213188E-03 6.170246651E+00
2.041820000E-01 9.859756815E-01 1.978272897E-03 6.072033774E+00
2.074850000E-01 9.865839199E-01 1.821771143E-03 5.975371714E+00
2.108400000E-01 9.871676767E-01 1.677666134E-03 5.880288370E+00
2.142510000E-01 9.877372525E-01 1.549825271E-03 5.786670774E+00
2.177160000E-01 9.882753246E-01 1.443568899E-03 5.694574583E+00
2.212370000E-01 9.887851676E-01 1.344600059E-03 5.603945091E+00
2.248160000E-01 9.892736929E-01 1.252405031E-03 5.514732048E+00
2.284520000E-01 9.897455700E-01 1.166540075E-03 5.426960587E+00
2.321470000E-01 9.901983575E-01 1.093854269E-03 5.340581614E+00
2.359020000E-01 9.906307078E-01 1.026652032E-03 5.255572229E+00
2.397170000E-01 9.910468484E-01 9.635836031E-04 5.171931903E+00
2.435950000E-01 9.914572208E-01 9.089451548E-04 5.089595435E+00
2.475350000E-01 9.918444221E-01 8.701304587E-04 5.008584645E+00
2.515380000E-01 9.922104329E-01 8.329791411E-04 4.928877545E+00
2.556070000E-01 9.925618728E-01 7.974028120E-04 4.850414895E+00
2.597410000E-01 9.929032875E-01 7.633513909E-04 4.773216396E+00
2.639420000E-01 9.932334715E-01 7.387429779E-04 4.697244092E+00
2.682110000E-01 9.935467840E-01 7.186824599E-04 4.622480062E+00
2.725490000E-01 9.938470290E-01 6.991673342E-04 4.548906802E+00
2.769570000E-01 9.941387727E-01 6.801832476E-04 4.476507183E+00
2.814370000E-01 9.944198820E-01 6.677073248E-04 4.405248777E+00
2.859890000E-01 9.946890188E-01 6.562842181E-04 4.335131771E+00
2.906150000E-01 9.949490025E-01 6.450567468E-04 4.266125286E+00
2.953150000E-01 9.952041060E-01 6.340225315E-04 4.198229010E+00
3.000920000E-01 9.954511299E-01 6.303745614E-04 4.131399704E+00
3.049450000E-01 9.956882882E-01 6.275733796E-04 4.065651183E+00
3.098780000E-01 9.959185161E-01 6.247766469E-04 4.000929398E+00
3.148900000E-01 9.961437936E-01 6.219979470E-04 3.937247928E+00
3.199830000E-01 9.963662673E-01 6.192305215E-04 3.874580837E+00
3.251580000E-01 9.965940285E-01 6.164753189E-04 3.812915567E+00
3.304180000E-01 9.968238895E-01 6.310965063E-04 3.752216889E+00
3.357620000E-01 9.970442750E-01 6.559388527E-04 3.692496471E+00
3.411920000E-01 9.972640729E-01 6.906792374E-04 3.633731154E+00
3.467110000E-01 9.974697067E-01 7.414669094E-04 3.575888853E+00
3.523190000E-01 9.976665604E-01 7.959928538E-04 3.518970024E+00
3.580170000E-01 9.978528777E-01 8.658338682E-04 3.462964049E+00
3.638080000E-01 9.980247694E-01 9.422097349E-04 3.407841499E+00
3.696920000E-01 9.981826033E-01 1.022059301E-03 3.353602458E+00
3.756720000E-01 9.983310498E-01 1.105658949E-03 3.300219340E+00
3.817480000E-01 9.984738598E-01 1.198296553E-03 3.247692195E+00
3.879220000E-01 9.986003920E-01 1.304197685E-03 3.196003320E+00
3.941970000E-01 9.987044761E-01 1.419442599E-03 3.145127944E+00
4.005730000E-01 9.987874270E-01 1.533317695E-03 3.095066318E+00
4.070520000E-01 9.988531379E-01 1.650588292E-03 3.045802502E+00
4.136350000E-01 9.988954868E-01 1.771414267E-03 2.997328563E+00
4.203260000E-01 9.988831250E-01 1.876852781E-03 2.949615299E+00
4.271240000E-01 9.988773329E-01 1.940182727E-03 2.902669951E+00
4.340320000E-01 9.988753568E-01 2.005656343E-03 2.856471412E+00
4.410520000E-01 9.988478181E-01 2.058128253E-03 2.811006412E+00
4.481860000E-01 9.988323283E-01 2.079081517E-03 2.766262221E+00
4.554350000E-01 9.988236515E-01 2.100248759E-03 2.722232591E+00
4.628020000E-01 9.988109567E-01 2.121626816E-03 2.678899400E+00
4.702870000E-01 9.987864019E-01 2.132909422E-03 2.636262538E+00
4.778940000E-01 9.987718773E-01 2.125697109E-03 2.594299154E+00
4.856230000E-01 9.987640354E-01 2.118508636E-03 2.553009227E+00
4.934780000E-01 9.987583041E-01 2.111347330E-03 2.512371372E+00
5.014590000E-01 9.987526684E-01 2.104211131E-03 2.472385579E+00
5.095700000E-01 9.987457593E-01 2.097086314E-03 2.433031772E+00
5.178120000E-01 9.987361824E-01 2.089996975E-03 2.394305269E+00
5.261870000E-01 9.987165082E-01 2.082929069E-03 2.356196561E+00
5.346980000E-01 9.986908635E-01 2.059759487E-03 2.318692047E+00
5.433460000E-01 9.986754757E-01 2.025626768E-03 2.281787296E+00
5.521340000E-01 9.986660263E-01 1.992053870E-03 2.245469397E+00
5.610650000E-01 9.986590078E-01 1.959037405E-03 2.209726146E+00
5.701390000E-01 9.986528781E-01 1.926576853E-03 2.174557432E+00
5.793610000E-01 9.986421203E-01 1.894643639E-03 2.139943835E+00
5.887320000E-01 9.986330926E-01 1.853010154E-03 2.105881793E+00
5.982540000E-01 9.986293311E-01 1.810983106E-03 2.072363912E+00
6.079300000E-01 9.986275040E-01 1.769907040E-03 2.039379534E+00
6.177630000E-01 9.986240541E-01 1.729756387E-03 2.006918511E+00
6.277550000E-01 9.986162657E-01 1.684311459E-03 1.974974313E+00
6.379080000E-01 9.986175249E-01 1.629072904E-03 1.943540448E+00
6.482260000E-01 9.986262756E-01 1.575643995E-03 1.912604555E+00
6.587110000E-01 9.986415779E-01 1.523968729E-03 1.882160765E+00
6.693650000E-01 9.986639354E-01 1.478809419E-03 1.852203208E+00
6.801910000E-01 9.986821109E-01 1.443652535E-03 1.822723323E+00
6.911930000E-01 9.986965967E-01 1.409330190E-03 1.793710295E+00
7.023720000E-01 9.987087014E-01 1.375829190E-03 1.765161481E+00
7.137330000E-01 9.987166752E-01 1.343117258E-03 1.737064140E+00
7.252770000E-01 9.987238415E-01 1.303264072E-03 1.709415851E+00
7.370080000E-01 9.987342734E-01 1.262380592E-03 1.682206977E+00
7.489280000E-01 9.987473653E-01 1.222781999E-03 1.655432832E+00
7.610420000E-01 9.987613321E-01 1.184424894E-03 1.629082232E+00
7.733510000E-01 9.987749118E-01 1.147252197E-03 1.603153031E+00
7.858590000E-01 9.987891522E-01 1.109546764E-03 1.577636701E+00
7.985700000E-01 9.988041270E-01 1.073082550E-03 1.552525139E+00
8.114860000E-01 9.988186124E-01 1.037816397E-03 1.527814405E+00
8.246110000E-01 9.988306462E-01 1.000885434E-03 1.503496800E+00
8.379490000E-01 9.988456412E-01 9.609756380E-04 1.479564985E+00
8.515020000E-01 9.988641424E-01 9.223284048E-04 1.456015370E+00
8.652740000E-01 9.988842023E-01 8.848936272E-04 1.432840927E+00
8.792690000E-01 9.989059650E-01 8.486813805E-04 1.410034927E+00
8.934910000E-01 9.989292944E-01 8.139510479E-04 1.387590921E+00
9.079430000E-01 9.989544907E-01 7.806394644E-04 1.365504222E+00
9.226280000E-01 9.989843341E-01 7.486905618E-04 1.343770187E+00
9.375510000E-01 9.990134305E-01 7.279353168E-04 1.322381396E+00
9.527150000E-01 9.990390782E-01 7.102402278E-04 1.301333557E+00
9.681240000E-01 9.990595902E-01 6.951081568E-04 1.280621077E+00
9.837830000E-01 9.990759573E-01 6.802928392E-04 1.260237268E+00
9.996950000E-01 9.990881229E-01 6.644803415E-04 1.240178254E+00
1.015860000E+00 9.990946900E-01 6.476589615E-04 1.220443762E+00
1.032290000E+00 9.991037241E-01 6.194166642E-04 1.201019093E+00
1.048990000E+00 9.991167458E-01 5.921986290E-04 1.181898779E+00
1.065960000E+00 9.991321936E-01 5.660660160E-04 1.163083043E+00
1.083200000E+00 9.991487544E-01 5.410732946E-04 1.144571640E+00
1.100720000E+00 9.991660178E-01 5.171816018E-04 1.126353659E+00
1.118520000E+00 9.991837091E-01 4.943476536E-04 1.108428995E+00
1.136610000E+00 9.992016749E-01 4.725009712E-04 1.090787517E+00
1.155000000E+00 9.992198036E-01 4.516112036E-04 1.073419913E+00
1.173680000E+00 9.992379882E-01 4.316461347E-04 1.056335628E+00
1.192660000E+00 9.992561816E-01 4.125552503E-04 1.039525095E+00
1.211950000E+00 9.992743630E-01 3.943028057E-04 1.022979496E+00
1.231550000E+00 9.992925885E-01 3.768524529E-04 1.006698875E+00
1.251470000E+00 9.993107955E-01 3.604972517E-04 9.906749662E-01
1.271720000E+00 9.993288224E-01 3.451969208E-04 9.749001352E-01
1.292290000E+00 9.993461854E-01 3.309650575E-04 9.593821820E-01
1.313190000E+00 9.993629849E-01 3.173051569E-04 9.441131900E-01
1.334430000E+00 9.993793453E-01 3.042059786E-04 9.290858269E-01
1.356010000E+00 9.993952834E-01 2.916482662E-04 9.143000420E-01
1.377940000E+00 9.994108191E-01 2.795953937E-04 8.997489005E-01
1.400230000E+00 9.994259548E-01 2.680343394E-04 8.854259657E-01
1.422880000E+00 9.994406634E-01 2.569494282E-04 8.713313842E-01
1.445890000E+00 9.994548963E-01 2.463136166E-04 8.574649524E-01
1.469280000E+00 9.994685523E-01 2.359602364E-04 8.438146575E-01
1.493040000E+00 9.994816143E-01 2.258186102E-04 8.303863259E-01
1.517190000E+00 9.994946516E-01 2.152093594E-04 8.171685814E-01
1.541730000E+00 9.995078290E-01 2.049762110E-04 8.041615588E-01
1.566670000E+00 9.995210146E-01 1.952242679E-04 7.913600184E-01
1.592010000E+00 9.995340546E-01 1.859268113E-04 7.787639525E-01
1.617760000E+00 9.995469078E-01 1.770697041E-04 7.663683117E-01
1.643920000E+00 9.995595399E-01 1.686328959E-04 7.541729525E-01
1.670510000E+00 9.995719377E-01 1.605918968E-04 7.421685593E-01
1.697530000E+00 9.995840857E-01 1.529321495E-04 7.303552809E-01
1.724990000E+00 9.995959151E-01 1.456351466E-04 7.187288042E-01
1.752890000E+00 9.996074948E-01 1.385710793E-04 7.072891054E-01
1.781240000E+00 9.996188721E-01 1.318110237E-04 6.960319777E-01
1.810050000E+00 9.996300364E-01 1.253502024E-04 6.849534543E-01
1.839320000E+00 9.996409805E-01 1.192026905E-04 6.740534545E-01
1.869070000E+00 9.996516903E-01 1.133545049E-04 6.633245411E-01
1.899300000E+00 9.996621558E-01 1.077921704E-04 6.527668088E-01
1.930020000E+00 9.996723782E-01 1.024981448E-04 6.423767629E-01
1.961240000E+00 9.996823589E-01 9.746227733E-05 6.321510881E-01
1.992960000E+00 9.996921138E-01 9.267194123E-05 6.220897559E-01
2.025200000E+00 9.997015592E-01 8.816626986E-05 6.121864507E-01
2.057950000E+00 9.997107567E-01 8.377675403E-05 6.024441799E-01
2.091240000E+00 9.997197705E-01 7.958921777E-05 5.928540005E-01
2.125060000E+00 9.997285686E-01 7.560117598E-05 5.834188211E-01
2.159430000E+00 9.997371595E-01 7.179885746E-05 5.741329888E-01
2.194360000E+00 9.997455426E-01 6.818015977E-05 5.649938934E-01
2.229850000E+00 9.997537224E-01 6.473056379E-05 5.560015248E-01
2.265920000E+00 9.997617077E-01 6.144594030E-05 5.471508262E-01
2.302570000E+00 9.997695002E-01 5.832037923E-05 5.384418280E-01
2.339810000E+00 9.997771039E-01 5.534554564E-05 5.298720836E-01
2.377660000E+00 9.997845290E-01 5.251182187E-05 5.214370431E-01
2.416110000E+00 9.997917788E-01 4.981690695E-05 5.131388885E-01
2.455190000E+00 9.997988615E-01 4.725203096E-05 5.049711020E-01
2.494900000E+00 9.998057855E-01 4.481019862E-05 4.969337448E-01
2.535260000E+00 9.998125607E-01 4.248838682E-05 4.890228221E-01
2.576260000E+00 9.998191920E-01 4.028059769E-05 4.812402475E-01
2.617930000E+00 9.998256934E-01 3.818175978E-05 4.735802714E-01
2.660270000E+00 9.998320732E-01 3.618791258E-05 4.660429205E-01
2.703300000E+00 9.998383473E-01 3.429009784E-05 4.586246440E-01
2.747030000E+00 9.998445336E-01 3.248670441E-05 4.513237933E-01
2.791460000E+00 9.998506507E-01 3.077334725E-05 4.441403423E-01
2.836610000E+00 9.998567268E-01 2.914538929E-05 4.370710108E-01
2.882490000E+00 9.998627979E-01 2.759843379E-05 4.301142415E-01
2.929110000E+00 9.998689163E-01 2.612873980E-05 4.232685014E-01
2.976480000E+00 9.998751597E-01 2.473335068E-05 4.165322797E-01
3.024630000E+00 9.998816585E-01 2.340806921E-05 4.099013764E-01
3.073550000E+00 9.998886514E-01 2.214975727E-05 4.033772023E-01
3.123260000E+00 9.998966844E-01 2.095476489E-05 3.969570257E-01
3.173780000E+00 9.999075895E-01 1.982021169E-05 3.906382925E-01
3.218900000E+00 9.999663620E-01 1.887320378E-05 3.851626332E-01
3.219100000E+00 9.999663644E-01 4.742832580E-05 3.851387034E-01
3.225110000E+00 9.999293178E-01 4.711558237E-05 3.844209965E-01
3.277270000E+00 9.999134403E-01 4.450769466E-05 3.783026727E-01
3.330280000E+00 9.999147662E-01 4.204957722E-05 3.722810094E-01
3.370100000E+00 9.999468493E-01 4.031659719E-05 3.678822587E-01
3.370300000E+00 9.999468391E-01 5.770903174E-05 3.678604279E-01
3.384150000E+00 9.999192244E-01 5.687955951E-05 3.663549193E-01
3.438880000E+00 9.999105505E-01 5.374669391E-05 3.605243568E-01
3.494500000E+00 9.999083484E-01 5.078980846E-05 3.547860924E-01
3.551020000E+00 9.999079040E-01 4.799994593E-05 3.491391206E-01
3.608460000E+00 9.999083859E-01 4.536335103E-05 3.435814724E-01
3.666820000E+00 9.999094749E-01 4.287261326E-05 3.381131335E-01
3.726130000E+00 9.999110281E-01 4.052100137E-05 3.327312788E-01
3.786400000E+00 9.999130259E-01 3.829711292E-05 3.274350306E-01
3.847640000E+00 9.999156891E-01 3.619899165E-05 3.222234928E-01
3.908900000E+00 9.999286036E-01 3.424555744E-05 3.171736294E-01
3.909100000E+00 9.999286062E-01 3.987322479E-05 3.171574020E-01
3.909870000E+00 9.999247348E-01 3.984559603E-05 3.170949418E-01
3.973110000E+00 9.999185842E-01 3.765635633E-05 3.120477409E-01
4.037380000E+00 9.999191124E-01 3.558845941E-05 3.070803343E-01
4.102680000E+00 9.999202575E-01 3.363489593E-05 3.021927131E-01
4.169030000E+00 9.999216850E-01 3.178892033E-05 2.973833242E-01
4.236460000E+00 9.999232779E-01 3.004569057E-05 2.926499955E-01
4.304980000E+00 9.999249800E-01 2.839716325E-05 2.879920464E-01
4.374620000E+00 9.999267617E-01 2.684035247E-05 2.834074731E-01
4.445370000E+00 9.999286077E-01 2.536977207E-05 2.788969197E-01
4.517270000E+00 9.999305246E-01 2.398031173E-05 2.744578031E-01
4.590330000E+00 9.999325797E-01 2.266618393E-05 2.700895143E-01
4.655900000E+00 9.999367192E-01 2.156461985E-05 2.662857879E-01
4.656100000E+00 9.999367236E-01 2.282030306E-05 2.662743498E-01
4.664580000E+00 9.999351347E-01 2.267782539E-05 2.657902748E-01
4.740030000E+00 9.999359742E-01 2.145986689E-05 2.615595260E-01
4.816690000E+00 9.999374894E-01 2.030876893E-05 2.573966770E-01
4.894600000E+00 9.999391341E-01 1.922088108E-05 2.532995546E-01
4.973770000E+00 9.999409691E-01 1.819075786E-05 2.492676581E-01
5.001900000E+00 9.999427345E-01 1.784188084E-05 2.478658110E-01
5.002100000E+00 9.999427382E-01 1.852202287E-05 2.478559005E-01
5.054210000E+00 9.999423719E-01 1.788298313E-05 2.453004525E-01
5.135960000E+00 9.999437073E-01 1.693685238E-05 2.413959610E-01
5.219030000E+00 9.999451299E-01 1.603806776E-05 2.375537217E-01
5.303440000E+00 9.999465685E-01 1.518448302E-05 2.337727965E-01
5.389220000E+00 9.999480035E-01 1.437392521E-05 2.300518442E-01
5.476390000E+00 9.999494251E-01 1.360480966E-05 2.263900124E-01
5.564970000E+00 9.999508280E-01 1.287487240E-05 2.227864661E-01
5.654980000E+00 9.999522088E-01 1.218249249E-05 2.192403863E-01
5.746440000E+00 9.999535652E-01 1.152582280E-05 2.157509693E-01
5.839390000E+00 9.999548959E-01 1.090319007E-05 2.123166975E-01
5.933830000E+00 9.999561993E-01 1.031288147E-05 2.089375665E-01
6.029810000E+00 9.999574750E-01 9.753347344E-06 2.056117854E-01
6.127330000E+00 9.999587222E-01 9.223124857E-06 2.023393550E-01
6.226440000E+00 9.999599410E-01 8.720854754E-06 1.991185975E-01
6.327150000E+00 9.999611308E-01 8.245074553E-06 1.959492030E-01
6.429480000E+00 9.999622915E-01 7.794544851E-06 1.928305244E-01
6.533480000E+00 9.999634235E-01 7.367836970E-06 1.897610462E-01
6.639150000E+00 9.999645267E-01 6.963842342E-06 1.867407725E-01
6.746540000E+00 9.999656016E-01 6.581473768E-06 1.837682723E-01
6.855650000E+00 9.999666481E-01 6.219633316E-06 1.808435378E-01
6.966540000E+00 9.999676669E-01 5.877319287E-06 1.779649582E-01
7.079220000E+00 9.999686580E-01 5.553295222E-06 1.751322886E-01
7.193720000E+00 9.999696222E-01 5.246796823E-06 1.723447674E-01
7.310070000E+00 9.999705597E-01 4.956877986E-06 1.696016591E-01
7.428310000E+00 9.999714711E-01 4.682797216E-06 1.669020275E-01
7.548450000E+00 9.999723567E-01 4.423458155E-06 1.642456398E-01
7.670540000E+00 9.999732173E-01 4.178387260E-06 1.616313845E-01
7.794610000E+00 9.999740531E-01 3.946621057E-06 1.590586315E-01
7.920680000E+00 9.999748649E-01 3.727475492E-06 1.565269649E-01
8.048790000E+00 9.999756530E-01 3.520423036E-06 1.540355755E-01
8.178980000E+00 9.999764181E-01 3.324651062E-06 1.515836938E-01
8.311260000E+00 9.999771607E-01 3.139771406E-06 1.491711245E-01
8.445690000E+00 9.999778812E-01 2.965052457E-06 1.467967685E-01
8.582290000E+00 9.999785802E-01 2.799890436E-06 1.444602781E-01
8.721110000E+00 9.999792584E-01 2.643867074E-06 1.421608029E-01
8.862160000E+00 9.999799162E-01 2.496438813E-06 1.398981738E-01
9.005500000E+00 9.999805541E-01 2.357270077E-06 1.376714230E-01
9.151160000E+00 9.999811726E-01 2.225676210E-06 1.354800921E-01
9.299170000E+00 9.999817722E-01 2.101538465E-06 1.333237267E-01
9.449580000E+00 9.999823534E-01 1.984202705E-06 1.312015984E-01
9.602420000E+00 9.999829166E-01 1.873445352E-06 1.291132860E-01
9.757730000E+00 9.999834622E-01 1.768852247E-06 1.270582400E-01
9.915550000E+00 9.999839891E-01 1.669986430E-06 1.250359284E-01
1.007590000E+01 9.999844997E-01 1.572720355E-06 1.230460803E-01
1.023890000E+01 9.999849980E-01 1.481093872E-06 1.210872262E-01
1.040450000E+01 9.999854813E-01 1.394819114E-06 1.191599789E-01
1.057280000E+01 9.999859503E-01 1.313581684E-06 1.172631659E-01
1.074380000E+01 9.999864050E-01 1.237110522E-06 1.153967870E-01
1.091760000E+01 9.999868461E-01 1.165123605E-06 1.135597567E-01
1.109420000E+01 9.999872738E-01 1.097378323E-06 1.117520867E-01
1.127360000E+01 9.999876883E-01 1.033638443E-06 1.099737440E-01
1.145590000E+01 9.999880901E-01 9.736674151E-07 1.082237101E-01
1.164120000E+01 9.999884798E-01 9.172396416E-07 1.065010480E-01
1.182950000E+01 9.999888575E-01 8.641572005E-07 1.048057822E-01
1.202080000E+01 9.999892236E-01 8.142351823E-07 1.031378943E-01
1.221530000E+01 9.999895788E-01 7.672683512E-07 1.014956653E-01
1.241280000E+01 9.999899229E-01 7.231189031E-07 9.988076824E-02
1.261360000E+01 9.999902568E-01 6.815895519E-07 9.829073381E-02
1.281760000E+01 9.999905806E-01 6.425465390E-07 9.672637623E-02
1.302500000E+01 9.999908949E-01 6.058262739E-07 9.518618042E-02
1.323560000E+01 9.999911998E-01 5.713154940E-07 9.367161292E-02
1.344970000E+01 9.999914960E-01 5.388640053E-07 9.218049473E-02
1.366720000E+01 9.999917839E-01 5.083595432E-07 9.071353313E-02
1.388830000E+01 9.999920641E-01 4.796766840E-07 8.926938502E-02
1.411290000E+01 9.999923370E-01 4.527177250E-07 8.784870579E-02
1.434120000E+01 9.999926036E-01 4.273693432E-07 8.645022732E-02
1.457310000E+01 9.999928648E-01 4.035459710E-07 8.507455517E-02
1.480890000E+01 9.999931223E-01 3.811416590E-07 8.371992518E-02
1.504840000E+01 9.999933785E-01 3.600850291E-07 8.238749635E-02
1.529180000E+01 9.999936388E-01 3.402872590E-07 8.107613231E-02
1.553910000E+01 9.999939177E-01 3.216759477E-07 7.978583058E-02
1.579040000E+01 9.999943026E-01 3.041761466E-07 7.851606039E-02
1.587090000E+01 9.999952829E-01 2.988320141E-07 7.811781310E-02
1.587110000E+01 9.999952829E-01 7.342588293E-07 7.811682870E-02
1.604580000E+01 9.999943676E-01 7.048168961E-07 7.726632514E-02
1.630540000E+01 9.999944245E-01 6.637833771E-07 7.603615980E-02
1.656910000E+01 9.999945422E-01 6.251468677E-07 7.482603159E-02
1.683710000E+01 9.999946789E-01 5.887570141E-07 7.363500840E-02
1.710940000E+01 9.999948238E-01 5.544884897E-07 7.246309046E-02
1.738610000E+01 9.999949725E-01 5.222146340E-07 7.130983947E-02
1.766740000E+01 9.999951232E-01 4.918126431E-07 7.017444559E-02
1.795310000E+01 9.999952749E-01 4.631889167E-07 6.905771148E-02
1.824350000E+01 9.999954283E-01 4.362271710E-07 6.795845096E-02
1.853860000E+01 9.999955859E-01 4.108353210E-07 6.687667893E-02
1.883840000E+01 9.999957585E-01 3.869245071E-07 6.581238322E-02
1.908310000E+01 9.999962400E-01 3.687030657E-07 6.496847996E-02
1.908330000E+01 9.999962401E-01 5.204043429E-07 6.496779907E-02
1.914310000E+01 9.999959558E-01 5.148013975E-07 6.476485000E-02
1.945270000E+01 9.999960009E-01 4.870120518E-07 6.373408319E-02
1.976740000E+01 9.999961238E-01 4.607173995E-07 6.271942694E-02
1.983990000E+01 9.999962752E-01 4.549185933E-07 6.249023433E-02
1.984010000E+01 9.999962752E-01 5.166672614E-07 6.248960439E-02
2.008710000E+01 9.999961979E-01 4.952583786E-07 6.172120416E-02
2.041200000E+01 9.999962841E-01 4.688117097E-07 6.073878111E-02
2.074210000E+01 9.999963785E-01 4.436893913E-07 5.977215422E-02
2.107760000E+01 9.999964753E-01 4.198329264E-07 5.882073860E-02
2.141850000E+01 9.999965723E-01 3.971870687E-07 5.788453907E-02
2.176500000E+01 9.999966687E-01 3.756932618E-07 5.696301401E-02
2.211700000E+01 9.999967637E-01 3.553063201E-07 5.605642718E-02
2.247470000E+01 9.999968572E-01 3.359698847E-07 5.516425136E-02
2.283820000E+01 9.999969489E-01 3.176348111E-07 5.428623972E-02
2.320760000E+01 9.999970387E-01 3.002537999E-07 5.342215481E-02
2.358300000E+01 9.999971265E-01 2.837813447E-07 5.257176780E-02
2.396440000E+01 9.999972122E-01 2.681759200E-07 5.173507369E-02
2.435200000E+01 9.999972958E-01 2.533925936E-07 5.091162943E-02
2.474590000E+01 9.999973772E-01 2.393919065E-07 5.010122889E-02
2.514620000E+01 9.999974566E-01 2.261350078E-07 4.930367213E-02
2.555290000E+01 9.999975339E-01 2.135871213E-07 4.851895480E-02
2.596620000E+01 9.999976090E-01 2.017107503E-07 4.774668608E-02
2.638610000E+01 9.999976822E-01 1.904737434E-07 4.698686051E-02
2.681290000E+01 9.999977532E-01 1.798411026E-07 4.623893723E-02
2.724660000E+01 9.999978223E-01 1.697836372E-07 4.550292514E-02
2.768730000E+01 9.999978895E-01 1.602720764E-07 4.477865303E-02
2.813510000E+01 9.999979547E-01 1.512780886E-07 4.406595320E-02
2.859020000E+01 9.999980180E-01 1.427746419E-07 4.336450952E-02
2.905260000E+01 9.999980795E-01 1.347367515E-07 4.267432175E-02
2.952250000E+01 9.999981392E-01 1.271395881E-07 4.199508849E-02
3.000000000E+01 0.000000000E+00 0.000000000E+00 4.132666667E-02
