# 11/08/2021 
# Data retrieved from www.chemicool.com/densities.html 
# Includes the real (n) and complex (k) part of the  refractive index. 
# Element, Ag  (Z = 47) 
# Nominal density, g cm-3 =  10.5 
#    E [keV]      n       k    Wavelength [nm] 
1.000000000E-02 -1.766711467E+01 1.112205692E+00 1.239800000E+02
1.016170000E-02 3.914143705E+03 4.811339137E-01 1.220071445E+02
1.032610000E-02 3.790534647E+03 4.831306108E-01 1.200646904E+02
1.049310000E-02 3.670871956E+03 4.851395289E-01 1.181538344E+02
1.066280000E-02 3.554988423E+03 4.912636362E-01 1.162733991E+02
1.083530000E-02 3.442728873E+03 5.009627581E-01 1.144223049E+02
1.101060000E-02 3.334009598E+03 5.108548045E-01 1.126005849E+02
1.118860000E-02 3.228803139E+03 5.209517380E-01 1.108092165E+02
1.136960000E-02 3.126850217E+03 5.312382288E-01 1.090451731E+02
1.155350000E-02 3.028132271E+03 5.411691460E-01 1.073094733E+02
1.174040000E-02 2.932519233E+03 5.511690066E-01 1.056011720E+02
1.193030000E-02 2.839937333E+03 5.613566304E-01 1.039202702E+02
1.212320000E-02 2.750311800E+03 5.717380722E-01 1.022667283E+02
1.231930000E-02 2.663480728E+03 5.823054910E-01 1.006388350E+02
1.251860000E-02 2.579380510E+03 5.930661969E-01 9.903663349E+01
1.272100000E-02 2.497985556E+03 6.038914243E-01 9.746089144E+01
1.292680000E-02 2.419112357E+03 6.123200264E-01 9.590927376E+01
1.313590000E-02 2.342741045E+03 6.208693467E-01 9.438256990E+01
1.334830000E-02 2.268809749E+03 6.295434420E-01 9.288074137E+01
1.356420000E-02 2.197191296E+03 6.383363215E-01 9.140236800E+01
1.378360000E-02 2.127832130E+03 6.472469810E-01 8.994747381E+01
1.400660000E-02 2.060648372E+03 6.562798975E-01 8.851541416E+01
1.423310000E-02 1.995617082E+03 6.654488628E-01 8.710681440E+01
1.446330000E-02 1.932629131E+03 6.716579138E-01 8.572040959E+01
1.469730000E-02 1.871610714E+03 6.746919994E-01 8.435562995E+01
1.493500000E-02 1.812540641E+03 6.777506364E-01 8.301305658E+01
1.517650000E-02 1.755346129E+03 6.808245543E-01 8.169208974E+01
1.542200000E-02 1.699936465E+03 6.839056080E-01 8.039164829E+01
1.567140000E-02 1.646291840E+03 6.870060140E-01 7.911226821E+01
1.592490000E-02 1.594327705E+03 6.847421021E-01 7.785292215E+01
1.618250000E-02 1.544004896E+03 6.812137456E-01 7.661362583E+01
1.644420000E-02 1.495283617E+03 6.777074598E-01 7.539436397E+01
1.671020000E-02 1.448088992E+03 6.742155346E-01 7.419420474E+01
1.698050000E-02 1.402385396E+03 6.707406953E-01 7.301316216E+01
1.725510000E-02 1.358136636E+03 6.652073287E-01 7.185122080E+01
1.753420000E-02 1.315276140E+03 6.558065752E-01 7.070753157E+01
1.781780000E-02 1.273771306E+03 6.465382923E-01 6.958210329E+01
1.810600000E-02 1.233575422E+03 6.374001414E-01 6.847453883E+01
1.839890000E-02 1.194643995E+03 6.315664803E-01 6.738446320E+01
1.869640000E-02 1.156959327E+03 6.311984170E-01 6.631223123E+01
1.899880000E-02 1.120453848E+03 6.308249505E-01 6.525675306E+01
1.930610000E-02 1.085100220E+03 6.304510616E-01 6.421804507E+01
1.961840000E-02 1.050859942E+03 6.300745097E-01 6.319577539E+01
1.993570000E-02 1.017706397E+03 6.297021252E-01 6.218994066E+01
2.025820000E-02 9.855931876E+02 6.327933841E-01 6.119990917E+01
2.058580000E-02 9.545051373E+02 6.363252151E-01 6.022598102E+01
2.091880000E-02 9.243896447E+02 6.398714381E-01 5.926726198E+01
2.125710000E-02 8.952326120E+02 6.434432471E-01 5.832404232E+01
2.160090000E-02 8.669939196E+02 6.470323067E-01 5.739575666E+01
2.195030000E-02 8.396439435E+02 6.456275112E-01 5.648214375E+01
2.230530000E-02 8.131614996E+02 6.427609693E-01 5.558320220E+01
2.266610000E-02 7.875112416E+02 6.399042562E-01 5.469842628E+01
2.303270000E-02 7.626734782E+02 6.370611377E-01 5.382781871E+01
2.340530000E-02 7.386156307E+02 6.342284614E-01 5.297090830E+01
2.378380000E-02 7.153253242E+02 6.298686244E-01 5.212791900E+01
2.416850000E-02 6.927658861E+02 6.138375838E-01 5.129817738E+01
2.455940000E-02 6.709201339E+02 5.982161010E-01 5.048168929E+01
2.495660000E-02 6.497654283E+02 5.829934996E-01 4.967824143E+01
2.536030000E-02 6.292749757E+02 5.681543574E-01 4.888743430E+01
2.577050000E-02 6.094331186E+02 5.536984777E-01 4.810927223E+01
2.618730000E-02 5.902194690E+02 5.432068439E-01 4.734355966E+01
2.661090000E-02 5.716100408E+02 5.329106303E-01 4.658993119E+01
2.704130000E-02 5.535904854E+02 5.228128271E-01 4.584838747E+01
2.747860000E-02 5.361423618E+02 5.129076489E-01 4.511874695E+01
2.792310000E-02 5.192404075E+02 5.031855729E-01 4.440051427E+01
2.837470000E-02 5.028754804E+02 4.941187211E-01 4.369385403E+01
2.883370000E-02 4.870240772E+02 4.875503454E-01 4.299829713E+01
2.930000000E-02 1.085635127E+00 4.810756470E-01 4.231399317E+01
2.977390000E-02 1.078803430E+00 4.746859578E-01 4.164049721E+01
3.025550000E-02 1.071775978E+00 4.683779076E-01 4.097767348E+01
3.074490000E-02 1.064419901E+00 4.621527152E-01 4.032538730E+01
3.124210000E-02 1.056696754E+00 4.552731726E-01 3.968363202E+01
3.174750000E-02 1.049634368E+00 4.481222391E-01 3.905189385E+01
3.226090000E-02 1.042893297E+00 4.410901306E-01 3.843042197E+01
3.278270000E-02 1.036315392E+00 4.341693155E-01 3.781872756E+01
3.331300000E-02 1.029833571E+00 4.273534134E-01 3.721670219E+01
3.385180000E-02 1.023302502E+00 4.206462171E-01 3.662434494E+01
3.439930000E-02 1.016412433E+00 4.140426719E-01 3.604143108E+01
3.495570000E-02 1.009579988E+00 4.061293041E-01 3.546774918E+01
3.552110000E-02 1.003685392E+00 3.981298496E-01 3.490319838E+01
3.609560000E-02 9.983120051E-01 3.902874047E-01 3.434767673E+01
3.667940000E-02 9.933126976E-01 3.826001428E-01 3.380098911E+01
3.727270000E-02 9.886186287E-01 3.750632886E-01 3.326295117E+01
3.787550000E-02 9.841864073E-01 3.676762775E-01 3.273356127E+01
3.848820000E-02 9.799829439E-01 3.604335357E-01 3.221247032E+01
3.911070000E-02 9.759811316E-01 3.533337292E-01 3.169976503E+01
3.974320000E-02 9.721551499E-01 3.463752498E-01 3.119527366E+01
4.038610000E-02 9.684755047E-01 3.395505972E-01 3.069868098E+01
4.103930000E-02 9.648706712E-01 3.328635215E-01 3.021006694E+01
4.170310000E-02 9.614134854E-01 3.260714077E-01 2.972920478E+01
4.237760000E-02 9.582109783E-01 3.193903676E-01 2.925602205E+01
4.306300000E-02 9.552093214E-01 3.128454754E-01 2.879037689E+01
4.375950000E-02 9.523636091E-01 3.064374409E-01 2.833213359E+01
4.446730000E-02 9.496565421E-01 3.001564132E-01 2.788116211E+01
4.518650000E-02 9.470706808E-01 2.940066923E-01 2.743739834E+01
4.591740000E-02 9.445917480E-01 2.879835300E-01 2.700065770E+01
4.666000000E-02 9.421978945E-01 2.820824567E-01 2.657093871E+01
4.741470000E-02 9.398273507E-01 2.763036052E-01 2.614800895E+01
4.818160000E-02 9.375447477E-01 2.704709789E-01 2.573181463E+01
4.896090000E-02 9.354444010E-01 2.647244837E-01 2.532224694E+01
4.975280000E-02 9.334715638E-01 2.590973644E-01 2.491920053E+01
5.055760000E-02 9.316013221E-01 2.535907638E-01 2.452252480E+01
5.137530000E-02 9.298160456E-01 2.482022477E-01 2.413221918E+01
5.220620000E-02 9.281044642E-01 2.429280928E-01 2.374813719E+01
5.305060000E-02 9.264548297E-01 2.377662606E-01 2.337014096E+01
5.390870000E-02 9.248559207E-01 2.327128400E-01 2.299814316E+01
5.478060000E-02 9.232933768E-01 2.277677104E-01 2.263209968E+01
5.566670000E-02 9.217522832E-01 2.229268275E-01 2.227184295E+01
5.656700000E-02 9.202069771E-01 2.181895526E-01 2.191737232E+01
5.748200000E-02 9.185502732E-01 2.135525942E-01 2.156849101E+01
5.841170000E-02 9.167887615E-01 2.087286751E-01 2.122519975E+01
5.935640000E-02 9.153019810E-01 2.037638715E-01 2.088738535E+01
6.031650000E-02 9.139919778E-01 1.989159058E-01 2.055490620E+01
6.129210000E-02 9.127847878E-01 1.941840155E-01 2.022772919E+01
6.228340000E-02 9.116471035E-01 1.895655975E-01 1.990578549E+01
6.329080000E-02 9.105568565E-01 1.850559276E-01 1.958894500E+01
6.431450000E-02 9.094941558E-01 1.806537242E-01 1.927714590E+01
6.535470000E-02 9.084409718E-01 1.763576179E-01 1.897032654E+01
6.641180000E-02 9.073722444E-01 1.721651235E-01 1.866836918E+01
6.748590000E-02 9.062609138E-01 1.680735676E-01 1.837124496E+01
6.857750000E-02 9.050650194E-01 1.640775772E-01 1.807881594E+01
6.968670000E-02 9.037009832E-01 1.601774283E-01 1.779105626E+01
7.081380000E-02 9.017802979E-01 1.562715109E-01 1.750788688E+01
7.195910000E-02 9.001619404E-01 1.513983207E-01 1.722923161E+01
7.312300000E-02 8.989049327E-01 1.466760091E-01 1.695499364E+01
7.430570000E-02 8.977821751E-01 1.421017989E-01 1.668512644E+01
7.550760000E-02 8.964861632E-01 1.376699582E-01 1.641953923E+01
7.672890000E-02 8.951741089E-01 1.326619028E-01 1.615818811E+01
7.796990000E-02 8.942893170E-01 1.275206115E-01 1.590100795E+01
7.923100000E-02 8.937684450E-01 1.225787336E-01 1.564791559E+01
8.051250000E-02 8.933117185E-01 1.178286587E-01 1.539885111E+01
8.181470000E-02 8.929112293E-01 1.130487456E-01 1.515375599E+01
8.313800000E-02 8.926600705E-01 1.083548979E-01 1.491255503E+01
8.448270000E-02 8.924936335E-01 1.038561043E-01 1.467519386E+01
8.584910000E-02 8.923113963E-01 9.954447449E-02 1.444161907E+01
8.723770000E-02 8.914027771E-01 9.541092934E-02 1.421174561E+01
8.864870000E-02 8.906315533E-01 9.022110085E-02 1.398554068E+01
9.008250000E-02 8.904928728E-01 8.513048951E-02 1.376293953E+01
9.153950000E-02 8.905270237E-01 8.032686579E-02 1.354387996E+01
9.302010000E-02 8.895380869E-01 7.579399014E-02 1.332830216E+01
9.452460000E-02 8.885171529E-01 6.963290777E-02 1.311616235E+01
9.605350000E-02 8.888361003E-01 6.293117668E-02 1.290739015E+01
9.760710000E-02 8.889745557E-01 5.666391741E-02 1.270194484E+01
9.918580000E-02 8.906642797E-01 4.851076839E-02 1.249977315E+01
1.007900000E-01 8.939913084E-01 4.153093751E-02 1.230082349E+01
1.024200000E-01 8.979323414E-01 3.555542654E-02 1.210505761E+01
1.040770000E-01 9.021738556E-01 3.043919031E-02 1.191233414E+01
1.057600000E-01 9.064584520E-01 2.605967491E-02 1.172276853E+01
1.074710000E-01 9.107063701E-01 2.222858995E-02 1.153613533E+01
1.092090000E-01 9.150021642E-01 1.877823466E-02 1.135254420E+01
1.109750000E-01 9.193088169E-01 1.586345695E-02 1.117188556E+01
1.127700000E-01 9.235105176E-01 1.340099188E-02 1.099405870E+01
1.145940000E-01 9.275832727E-01 1.132074329E-02 1.081906557E+01
1.164480000E-01 9.316106592E-01 9.563415605E-03 1.064681231E+01
1.183310000E-01 9.354974928E-01 8.285292319E-03 1.047738970E+01
1.202450000E-01 9.389912949E-01 7.412605879E-03 1.031061583E+01
1.221900000E-01 9.421601669E-01 6.631838563E-03 1.014649317E+01
1.241660000E-01 9.451148827E-01 5.933378136E-03 9.985020054E+00
1.261750000E-01 9.479161517E-01 5.308371321E-03 9.826035268E+00
1.282150000E-01 9.505694628E-01 4.816528100E-03 9.669695433E+00
1.302890000E-01 9.530488506E-01 4.391731247E-03 9.515768791E+00
1.323970000E-01 9.554408304E-01 4.004358898E-03 9.364260519E+00
1.345380000E-01 9.577106523E-01 3.770982686E-03 9.215240304E+00
1.367140000E-01 9.597981094E-01 3.563964121E-03 9.068566496E+00
1.389250000E-01 9.617838566E-01 3.405026170E-03 8.924239698E+00
1.411720000E-01 9.636649408E-01 3.280137724E-03 8.782194770E+00
1.434560000E-01 9.654363859E-01 3.235057823E-03 8.642371180E+00
1.457760000E-01 9.670699391E-01 3.186152542E-03 8.504829327E+00
1.481340000E-01 9.686377570E-01 3.133940726E-03 8.369449282E+00
1.505300000E-01 9.701478940E-01 3.145861891E-03 8.236231980E+00
1.529640000E-01 9.715482238E-01 3.185576475E-03 8.105175074E+00
1.554390000E-01 9.728621951E-01 3.225717973E-03 7.976119249E+00
1.579530000E-01 9.741231420E-01 3.266406863E-03 7.849170323E+00
1.605070000E-01 9.753426037E-01 3.372739280E-03 7.724273708E+00
1.631030000E-01 9.764518173E-01 3.525156128E-03 7.601331674E+00
1.657420000E-01 9.774472865E-01 3.683368116E-03 7.480300708E+00
1.684220000E-01 9.783543450E-01 3.818469739E-03 7.361271093E+00
1.711460000E-01 9.791728259E-01 3.955742042E-03 7.244107370E+00
1.739150000E-01 9.799228039E-01 4.011177174E-03 7.128769801E+00
1.767270000E-01 9.806587269E-01 4.067474306E-03 7.015340044E+00
1.795860000E-01 9.813366856E-01 4.124493875E-03 6.903656187E+00
1.824910000E-01 9.819649738E-01 4.115813648E-03 6.793759692E+00
1.854420000E-01 9.825909252E-01 4.103223492E-03 6.685648343E+00
1.884420000E-01 9.831845181E-01 4.090615596E-03 6.579212702E+00
1.914890000E-01 9.837443859E-01 4.060724015E-03 6.474523341E+00
1.945870000E-01 9.842918127E-01 4.009786940E-03 6.371443108E+00
1.977340000E-01 9.848242171E-01 3.957358065E-03 6.270039548E+00
2.009320000E-01 9.853411784E-01 3.894048520E-03 6.170246651E+00
2.041820000E-01 9.858464777E-01 3.831740345E-03 6.072033774E+00
2.074850000E-01 9.863365097E-01 3.770406904E-03 5.975371714E+00
2.108400000E-01 9.868103451E-01 3.710121109E-03 5.880288370E+00
2.142510000E-01 9.872681763E-01 3.650730839E-03 5.786670774E+00
2.177160000E-01 9.877096844E-01 3.592324910E-03 5.694574583E+00
2.212370000E-01 9.881352573E-01 3.534860263E-03 5.603945091E+00
2.248160000E-01 9.885451167E-01 3.478281644E-03 5.514732048E+00
2.284520000E-01 9.889388989E-01 3.422644704E-03 5.426960587E+00
2.321470000E-01 9.893165522E-01 3.367879802E-03 5.340581614E+00
2.359020000E-01 9.896715289E-01 3.313988911E-03 5.255572229E+00
2.397170000E-01 9.900053253E-01 3.242539633E-03 5.171931903E+00
2.435950000E-01 9.903451965E-01 3.165379174E-03 5.089595435E+00
2.475350000E-01 9.906778662E-01 3.090074309E-03 5.008584645E+00
2.515380000E-01 9.910019113E-01 3.016571511E-03 4.928877545E+00
2.556070000E-01 9.913161719E-01 2.944792255E-03 4.850414895E+00
2.597410000E-01 9.916191449E-01 2.869860048E-03 4.773216396E+00
2.639420000E-01 9.919179159E-01 2.794562944E-03 4.697244092E+00
2.682110000E-01 9.922093800E-01 2.721237073E-03 4.622480062E+00
2.725490000E-01 9.924918528E-01 2.649832536E-03 4.548906802E+00
2.769570000E-01 9.927608741E-01 2.580174381E-03 4.476507183E+00
2.814370000E-01 9.930238964E-01 2.490847517E-03 4.405248777E+00
2.859890000E-01 9.932930673E-01 2.404631837E-03 4.335131771E+00
2.906150000E-01 9.935611588E-01 2.321385785E-03 4.266125286E+00
2.953150000E-01 9.938266173E-01 2.240970318E-03 4.198229010E+00
3.000920000E-01 9.940889051E-01 2.163264099E-03 4.131399704E+00
3.049450000E-01 9.943445166E-01 2.088265752E-03 4.065651183E+00
3.098780000E-01 9.945958663E-01 2.001913984E-03 4.000929398E+00
3.148900000E-01 9.948601437E-01 1.915626037E-03 3.937247928E+00
3.199830000E-01 9.951323775E-01 1.838629633E-03 3.874580837E+00
3.251580000E-01 9.953968516E-01 1.769795750E-03 3.812915567E+00
3.304180000E-01 9.956558034E-01 1.688782192E-03 3.752216889E+00
3.357620000E-01 9.959499925E-01 1.605686166E-03 3.692496471E+00
3.411920000E-01 9.962656794E-01 1.548222248E-03 3.633731154E+00
3.467110000E-01 9.965728200E-01 1.520329138E-03 3.575888853E+00
3.523190000E-01 9.968896246E-01 1.491441577E-03 3.518970024E+00
3.580170000E-01 9.972115772E-01 1.491053991E-03 3.462964049E+00
3.638080000E-01 9.975424484E-01 1.510193730E-03 3.407841499E+00
3.696920000E-01 9.978835969E-01 1.536701871E-03 3.353602458E+00
3.756720000E-01 9.982542016E-01 1.600302576E-03 3.300219340E+00
3.817480000E-01 9.986963921E-01 1.747807772E-03 3.247692195E+00
3.879220000E-01 9.990884591E-01 1.989016965E-03 3.196003320E+00
3.941970000E-01 9.994212263E-01 2.400524872E-03 3.145127944E+00
4.005730000E-01 9.996082000E-01 2.849358656E-03 3.095066318E+00
4.070520000E-01 9.996090882E-01 3.280626237E-03 3.045802502E+00
4.136350000E-01 9.995574094E-01 3.666545288E-03 2.997328563E+00
4.203260000E-01 9.994166225E-01 3.990962059E-03 2.949615299E+00
4.271240000E-01 9.991661199E-01 4.203136680E-03 2.902669951E+00
4.340320000E-01 9.989501466E-01 4.337973236E-03 2.856471412E+00
4.410520000E-01 9.987646885E-01 4.368524753E-03 2.811006412E+00
4.481860000E-01 9.986079271E-01 4.399269395E-03 2.766262221E+00
4.554350000E-01 9.984695403E-01 4.389783699E-03 2.722232591E+00
4.628020000E-01 9.983505366E-01 4.378967117E-03 2.678899400E+00
4.702870000E-01 9.982296341E-01 4.368204055E-03 2.636262538E+00
4.778940000E-01 9.981112514E-01 4.323160765E-03 2.594299154E+00
4.856230000E-01 9.979954069E-01 4.276504074E-03 2.553009227E+00
4.934780000E-01 9.978942966E-01 4.185054569E-03 2.512371372E+00
5.014590000E-01 9.978204298E-01 4.093815359E-03 2.472385579E+00
5.095700000E-01 9.977606973E-01 4.004555380E-03 2.433031772E+00
5.178120000E-01 9.977089445E-01 3.917260071E-03 2.394305269E+00
5.261870000E-01 9.976606622E-01 3.827139580E-03 2.356196561E+00
5.346980000E-01 9.976226378E-01 3.734400983E-03 2.318692047E+00
5.433460000E-01 9.975908620E-01 3.643917115E-03 2.281787296E+00
5.521340000E-01 9.975625635E-01 3.555621113E-03 2.245469397E+00
5.610650000E-01 9.975349194E-01 3.469449721E-03 2.209726146E+00
5.701390000E-01 9.975003506E-01 3.385391054E-03 2.174557432E+00
5.793610000E-01 9.974608626E-01 3.279425743E-03 2.139943835E+00
5.887320000E-01 9.974429398E-01 3.163137546E-03 2.105881793E+00
5.982540000E-01 9.974373480E-01 3.050974594E-03 2.072363912E+00
6.079300000E-01 9.974394814E-01 2.942795987E-03 2.039379534E+00
6.177630000E-01 9.974471849E-01 2.838444931E-03 2.006918511E+00
6.277550000E-01 9.974592419E-01 2.737422104E-03 1.974974313E+00
6.379080000E-01 9.974750449E-01 2.639854913E-03 1.943540448E+00
6.482260000E-01 9.974938129E-01 2.545752279E-03 1.912604555E+00
6.587110000E-01 9.975148274E-01 2.455006228E-03 1.882160765E+00
6.693650000E-01 9.975375329E-01 2.367502163E-03 1.852203208E+00
6.801910000E-01 9.975613854E-01 2.283113551E-03 1.822723323E+00
6.911930000E-01 9.975858127E-01 2.201738788E-03 1.793710295E+00
7.023720000E-01 9.976100579E-01 2.123257094E-03 1.765161481E+00
7.137330000E-01 9.976327439E-01 2.047577229E-03 1.737064140E+00
7.252770000E-01 9.976481711E-01 1.974587044E-03 1.709415851E+00
7.370080000E-01 9.976684907E-01 1.883533007E-03 1.682206977E+00
7.489280000E-01 9.976985496E-01 1.796156234E-03 1.655432832E+00
7.610420000E-01 9.977373314E-01 1.716754073E-03 1.629082232E+00
7.733510000E-01 9.977742373E-01 1.645573111E-03 1.603153031E+00
7.858590000E-01 9.978057681E-01 1.577346285E-03 1.577636701E+00
7.985700000E-01 9.978344638E-01 1.504218630E-03 1.552525139E+00
8.114860000E-01 9.978717188E-01 1.427026274E-03 1.527814405E+00
8.246110000E-01 9.979178380E-01 1.354029021E-03 1.503496800E+00
8.379490000E-01 9.979628595E-01 1.295451220E-03 1.479564985E+00
8.515020000E-01 9.980043294E-01 1.239408956E-03 1.456015370E+00
8.652740000E-01 9.980373574E-01 1.185793053E-03 1.432840927E+00
8.792690000E-01 9.980719319E-01 1.121745233E-03 1.410034927E+00
8.934910000E-01 9.981137088E-01 1.059323426E-03 1.387590921E+00
9.079430000E-01 9.981598386E-01 1.000377608E-03 1.365504222E+00
9.226280000E-01 9.982086597E-01 9.487286006E-04 1.343770187E+00
9.375510000E-01 9.982553424E-01 9.026348624E-04 1.322381396E+00
9.527150000E-01 9.982991655E-01 8.584134340E-04 1.301333557E+00
9.681240000E-01 9.983424211E-01 8.157144786E-04 1.280621077E+00
9.837830000E-01 9.983852197E-01 7.751682109E-04 1.260237268E+00
9.996950000E-01 9.984272827E-01 7.365638629E-04 1.240178254E+00
1.015860000E+00 9.984683294E-01 6.998147659E-04 1.220443762E+00
1.032290000E+00 9.985088137E-01 6.642680745E-04 1.201019093E+00
1.048990000E+00 9.985488642E-01 6.303736027E-04 1.181898779E+00
1.065960000E+00 9.985884018E-01 5.980609308E-04 1.163083043E+00
1.083200000E+00 9.986273671E-01 5.674133421E-04 1.144571640E+00
1.100720000E+00 9.986656489E-01 5.383339654E-04 1.126353659E+00
1.118520000E+00 9.987032033E-01 5.107480974E-04 1.108428995E+00
1.136610000E+00 9.987400091E-01 4.845784344E-04 1.090787517E+00
1.155000000E+00 9.987760477E-01 4.597432353E-04 1.073419913E+00
1.173680000E+00 9.988112890E-01 4.361839851E-04 1.056335628E+00
1.192660000E+00 9.988457341E-01 4.138318117E-04 1.039525095E+00
1.211950000E+00 9.988793846E-01 3.926221477E-04 1.022979496E+00
1.231550000E+00 9.989122439E-01 3.725004367E-04 1.006698875E+00
1.251470000E+00 9.989443079E-01 3.534214283E-04 9.906749662E-01
1.271720000E+00 9.989755865E-01 3.353242854E-04 9.749001352E-01
1.292290000E+00 9.990060565E-01 3.181644149E-04 9.593821820E-01
1.313190000E+00 9.990357251E-01 3.018887884E-04 9.441131900E-01
1.334430000E+00 9.990646161E-01 2.864454906E-04 9.290858269E-01
1.356010000E+00 9.990927270E-01 2.717922266E-04 9.143000420E-01
1.377940000E+00 9.991200776E-01 2.578890343E-04 8.997489005E-01
1.400230000E+00 9.991466779E-01 2.446940676E-04 8.854259657E-01
1.422880000E+00 9.991725289E-01 2.321753329E-04 8.713313842E-01
1.445890000E+00 9.991975989E-01 2.202980106E-04 8.574649524E-01
1.469280000E+00 9.992219377E-01 2.089725872E-04 8.438146575E-01
1.493040000E+00 9.992454495E-01 1.981541091E-04 8.303863259E-01
1.517190000E+00 9.992683614E-01 1.875843274E-04 8.171685814E-01
1.541730000E+00 9.992908706E-01 1.775373792E-04 8.041615588E-01
1.566670000E+00 9.993128188E-01 1.680278226E-04 7.913600184E-01
1.592010000E+00 9.993341904E-01 1.590310496E-04 7.787639525E-01
1.617760000E+00 9.993549840E-01 1.505152107E-04 7.663683117E-01
1.643920000E+00 9.993751982E-01 1.424546782E-04 7.541729525E-01
1.670510000E+00 9.993948505E-01 1.348227821E-04 7.421685593E-01
1.697530000E+00 9.994139422E-01 1.276007065E-04 7.303552809E-01
1.724990000E+00 9.994324702E-01 1.207671369E-04 7.187288042E-01
1.752890000E+00 9.994504466E-01 1.142459896E-04 7.072891054E-01
1.781240000E+00 9.994679292E-01 1.080575680E-04 6.960319777E-01
1.810050000E+00 9.994849294E-01 1.021874614E-04 6.849534543E-01
1.839320000E+00 9.995014453E-01 9.664189268E-05 6.740534545E-01
1.869070000E+00 9.995174839E-01 9.139592843E-05 6.633245411E-01
1.899300000E+00 9.995330542E-01 8.643163219E-05 6.527668088E-01
1.930020000E+00 9.995481705E-01 8.173921823E-05 6.423767629E-01
1.961240000E+00 9.995628391E-01 7.730222648E-05 6.321510881E-01
1.992960000E+00 9.995770755E-01 7.310696828E-05 6.220897559E-01
2.025200000E+00 9.995908810E-01 6.915931021E-05 6.121864507E-01
2.057950000E+00 9.996042472E-01 6.539398085E-05 6.024441799E-01
2.091240000E+00 9.996172337E-01 6.182532656E-05 5.928540005E-01
2.125060000E+00 9.996298364E-01 5.845053125E-05 5.834188211E-01
2.159430000E+00 9.996420667E-01 5.525964789E-05 5.741329888E-01
2.194360000E+00 9.996539343E-01 5.224177113E-05 5.649938934E-01
2.229850000E+00 9.996654469E-01 4.939018117E-05 5.560015248E-01
2.265920000E+00 9.996766185E-01 4.669129583E-05 5.471508262E-01
2.302570000E+00 9.996874577E-01 4.414012896E-05 5.384418280E-01
2.339810000E+00 9.996979768E-01 4.172820989E-05 5.298720836E-01
2.377660000E+00 9.997081880E-01 3.944772271E-05 5.214370431E-01
2.416110000E+00 9.997180976E-01 3.729247267E-05 5.131388885E-01
2.455190000E+00 9.997277205E-01 3.525508057E-05 5.049711020E-01
2.494900000E+00 9.997370656E-01 3.332929805E-05 4.969337448E-01
2.535260000E+00 9.997461463E-01 3.150909710E-05 4.890228221E-01
2.576260000E+00 9.997549693E-01 2.978919356E-05 4.812402475E-01
2.617930000E+00 9.997635502E-01 2.816361607E-05 4.735802714E-01
2.660270000E+00 9.997718996E-01 2.662724251E-05 4.660429205E-01
2.703300000E+00 9.997800314E-01 2.517558958E-05 4.586246440E-01
2.747030000E+00 9.997879595E-01 2.380388836E-05 4.513237933E-01
2.791460000E+00 9.997956970E-01 2.250748022E-05 4.441403423E-01
2.836610000E+00 9.998032629E-01 2.128245104E-05 4.370710108E-01
2.882490000E+00 9.998106773E-01 2.012524108E-05 4.301142415E-01
2.929110000E+00 9.998179643E-01 1.903174514E-05 4.232685014E-01
2.976480000E+00 9.998251542E-01 1.799860320E-05 4.165322797E-01
3.024630000E+00 9.998322917E-01 1.702222006E-05 4.099013764E-01
3.073550000E+00 9.998394329E-01 1.610000518E-05 4.033772023E-01
3.123260000E+00 9.998466717E-01 1.522847679E-05 3.969570257E-01
3.173780000E+00 9.998541684E-01 1.440490894E-05 3.906382925E-01
3.225110000E+00 9.998622449E-01 1.362685782E-05 3.844209965E-01
3.277270000E+00 9.998717583E-01 1.289174721E-05 3.783026727E-01
3.330280000E+00 9.998872401E-01 1.219697048E-05 3.722810094E-01
3.351000000E+00 9.999346429E-01 1.193860463E-05 3.699791107E-01
3.351200000E+00 9.999346478E-01 3.895554594E-05 3.699570303E-01
3.384150000E+00 9.998873667E-01 3.764242753E-05 3.663549193E-01
3.438880000E+00 9.998844480E-01 3.558480955E-05 3.605243568E-01
3.494500000E+00 9.998880174E-01 3.364102087E-05 3.547860924E-01
3.523600000E+00 9.999100413E-01 3.267820189E-05 3.518560563E-01
3.523800000E+00 9.999100395E-01 4.474953013E-05 3.518360860E-01
3.551020000E+00 9.998889034E-01 4.356008132E-05 3.491391206E-01
3.608460000E+00 9.998863441E-01 4.118064050E-05 3.435814724E-01
3.666820000E+00 9.998868257E-01 3.893138511E-05 3.381131335E-01
3.726130000E+00 9.998885907E-01 3.680308184E-05 3.327312788E-01
3.786400000E+00 9.998926751E-01 3.479263375E-05 3.274350306E-01
3.805700000E+00 9.999002576E-01 3.417863971E-05 3.257744962E-01
3.805900000E+00 9.999002519E-01 3.916672043E-05 3.257573767E-01
3.847640000E+00 9.998927219E-01 3.774012855E-05 3.222234928E-01
3.909870000E+00 9.998932993E-01 3.573519853E-05 3.170949418E-01
3.973110000E+00 9.998947459E-01 3.383174414E-05 3.120477409E-01
4.037380000E+00 9.998965533E-01 3.201945505E-05 3.070803343E-01
4.102680000E+00 9.998985656E-01 3.030076291E-05 3.021927131E-01
4.169030000E+00 9.999007030E-01 2.866807457E-05 2.973833242E-01
4.236460000E+00 9.999029226E-01 2.711832664E-05 2.926499955E-01
4.304980000E+00 9.999051924E-01 2.564856189E-05 2.879920464E-01
4.374620000E+00 9.999074885E-01 2.425500976E-05 2.834074731E-01
4.445370000E+00 9.999097957E-01 2.293143320E-05 2.788969197E-01
4.517270000E+00 9.999121025E-01 2.167730620E-05 2.744578031E-01
4.590330000E+00 9.999143982E-01 2.048894397E-05 2.700895143E-01
4.664580000E+00 9.999166755E-01 1.936230714E-05 2.657902748E-01
4.740030000E+00 9.999189279E-01 1.829503856E-05 2.615595260E-01
4.816690000E+00 9.999211504E-01 1.728454971E-05 2.573966770E-01
4.894600000E+00 9.999233396E-01 1.632749585E-05 2.532995546E-01
4.973770000E+00 9.999254925E-01 1.542128297E-05 2.492676581E-01
5.054210000E+00 9.999276057E-01 1.456353635E-05 2.453004525E-01
5.135960000E+00 9.999296786E-01 1.375185810E-05 2.413959610E-01
5.219030000E+00 9.999317089E-01 1.298387667E-05 2.375537217E-01
5.303440000E+00 9.999336957E-01 1.225734081E-05 2.337727965E-01
5.389220000E+00 9.999356384E-01 1.157023460E-05 2.300518442E-01
5.476390000E+00 9.999375363E-01 1.092031508E-05 2.263900124E-01
5.564970000E+00 9.999393895E-01 1.030600010E-05 2.227864661E-01
5.654980000E+00 9.999411974E-01 9.725063915E-06 2.192403863E-01
5.746440000E+00 9.999429602E-01 9.176128712E-06 2.157509693E-01
5.839390000E+00 9.999446782E-01 8.657300008E-06 2.123166975E-01
5.933830000E+00 9.999463517E-01 8.167050961E-06 2.089375665E-01
6.029810000E+00 9.999479813E-01 7.703833741E-06 2.056117854E-01
6.127330000E+00 9.999495673E-01 7.266311704E-06 2.023393550E-01
6.226440000E+00 9.999511104E-01 6.853006103E-06 1.991185975E-01
6.327150000E+00 9.999526112E-01 6.462754463E-06 1.959492030E-01
6.429480000E+00 9.999540702E-01 6.094293072E-06 1.928305244E-01
6.533480000E+00 9.999554885E-01 5.746238385E-06 1.897610462E-01
6.639150000E+00 9.999568665E-01 5.417813706E-06 1.867407725E-01
6.746540000E+00 9.999582052E-01 5.107714248E-06 1.837682723E-01
6.855650000E+00 9.999595052E-01 4.815115158E-06 1.808435378E-01
6.966540000E+00 9.999607678E-01 4.538779645E-06 1.779649582E-01
7.079220000E+00 9.999619935E-01 4.278180512E-06 1.751322886E-01
7.193720000E+00 9.999631830E-01 4.032258264E-06 1.723447674E-01
7.310070000E+00 9.999643374E-01 3.800273380E-06 1.696016591E-01
7.428310000E+00 9.999654575E-01 3.581445264E-06 1.669020275E-01
7.548450000E+00 9.999665440E-01 3.375000298E-06 1.642456398E-01
7.670540000E+00 9.999675978E-01 3.180207573E-06 1.616313845E-01
7.794610000E+00 9.999686201E-01 2.996523043E-06 1.590586315E-01
7.920680000E+00 9.999696112E-01 2.823418491E-06 1.565269649E-01
8.048790000E+00 9.999705722E-01 2.660023473E-06 1.540355755E-01
8.178980000E+00 9.999715039E-01 2.506060945E-06 1.515836938E-01
8.311260000E+00 9.999724069E-01 2.360858111E-06 1.491711245E-01
8.445690000E+00 9.999732823E-01 2.224032133E-06 1.467967685E-01
8.582290000E+00 9.999741306E-01 2.094988132E-06 1.444602781E-01
8.721110000E+00 9.999749528E-01 1.973370006E-06 1.421608029E-01
8.862160000E+00 9.999757494E-01 1.858698761E-06 1.398981738E-01
9.005500000E+00 9.999765213E-01 1.750668888E-06 1.376714230E-01
9.151160000E+00 9.999772691E-01 1.648910905E-06 1.354800921E-01
9.299170000E+00 9.999779935E-01 1.552943645E-06 1.333237267E-01
9.449580000E+00 9.999786953E-01 1.462481977E-06 1.312015984E-01
9.602420000E+00 9.999793752E-01 1.377312350E-06 1.291132860E-01
9.757730000E+00 9.999800336E-01 1.297065735E-06 1.270582400E-01
9.915550000E+00 9.999806714E-01 1.221389872E-06 1.250359284E-01
1.007590000E+01 9.999812890E-01 1.150140660E-06 1.230460803E-01
1.023890000E+01 9.999818873E-01 1.083009160E-06 1.210872262E-01
1.040450000E+01 9.999824666E-01 1.019777110E-06 1.191599789E-01
1.057280000E+01 9.999830277E-01 9.602066738E-07 1.172631659E-01
1.074380000E+01 9.999835709E-01 9.041033085E-07 1.153967870E-01
1.091760000E+01 9.999840970E-01 8.512483250E-07 1.135597567E-01
1.109420000E+01 9.999846064E-01 8.014721574E-07 1.117520867E-01
1.127360000E+01 9.999850994E-01 7.545963913E-07 1.099737440E-01
1.145590000E+01 9.999855768E-01 7.104514902E-07 1.082237101E-01
1.164120000E+01 9.999860392E-01 6.688727209E-07 1.065010480E-01
1.182950000E+01 9.999864868E-01 6.297137935E-07 1.048057822E-01
1.202080000E+01 9.999869201E-01 5.928438997E-07 1.031378943E-01
1.221530000E+01 9.999873398E-01 5.581143844E-07 1.014956653E-01
1.241280000E+01 9.999877459E-01 5.254248515E-07 9.988076824E-02
1.261360000E+01 9.999881392E-01 4.946359913E-07 9.829073381E-02
1.281760000E+01 9.999885198E-01 4.656502062E-07 9.672637623E-02
1.302500000E+01 9.999888886E-01 4.383499582E-07 9.518618042E-02
1.323560000E+01 9.999892452E-01 4.126564380E-07 9.367161292E-02
1.344970000E+01 9.999895907E-01 3.884623045E-07 9.218049473E-02
1.366720000E+01 9.999899250E-01 3.656845896E-07 9.071353313E-02
1.388830000E+01 9.999902488E-01 3.442388284E-07 8.926938502E-02
1.411290000E+01 9.999905621E-01 3.240502980E-07 8.784870579E-02
1.434120000E+01 9.999908655E-01 3.050421081E-07 8.645022732E-02
1.457310000E+01 9.999911591E-01 2.871510048E-07 8.507455517E-02
1.480890000E+01 9.999914435E-01 2.703030545E-07 8.371992518E-02
1.504840000E+01 9.999917187E-01 2.544475067E-07 8.238749635E-02
1.529180000E+01 9.999919852E-01 2.395216889E-07 8.107613231E-02
1.553910000E+01 9.999922431E-01 2.254716739E-07 7.978583058E-02
1.579040000E+01 9.999924928E-01 2.122451567E-07 7.851606039E-02
1.604580000E+01 9.999927346E-01 1.997945970E-07 7.726632514E-02
1.630540000E+01 9.999929688E-01 1.880721959E-07 7.603615980E-02
1.656910000E+01 9.999931954E-01 1.770418274E-07 7.482603159E-02
1.683710000E+01 9.999934148E-01 1.666566930E-07 7.363500840E-02
1.710940000E+01 9.999936272E-01 1.568827153E-07 7.246309046E-02
1.738610000E+01 9.999938329E-01 1.476828893E-07 7.130983947E-02
1.766740000E+01 9.999940322E-01 1.390208959E-07 7.017444559E-02
1.795310000E+01 9.999942251E-01 1.308713313E-07 6.905771148E-02
1.824350000E+01 9.999944119E-01 1.231975028E-07 6.795845096E-02
1.853860000E+01 9.999945929E-01 1.159760039E-07 6.687667893E-02
1.883840000E+01 9.999947681E-01 1.091790338E-07 6.581238322E-02
1.914310000E+01 9.999949379E-01 1.027809076E-07 6.476485000E-02
1.945270000E+01 9.999951023E-01 9.675902367E-08 6.373408319E-02
1.976740000E+01 9.999952617E-01 9.108991791E-08 6.271942694E-02
2.008710000E+01 9.999954162E-01 8.575479861E-08 6.172120416E-02
2.041200000E+01 9.999955659E-01 8.073296806E-08 6.073878111E-02
2.074210000E+01 9.999957111E-01 7.600650864E-08 5.977215422E-02
2.107760000E+01 9.999958519E-01 7.155729166E-08 5.882073860E-02
2.141850000E+01 9.999959886E-01 6.736974861E-08 5.788453907E-02
2.176500000E+01 9.999961214E-01 6.342753933E-08 5.696301401E-02
2.211700000E+01 9.999962504E-01 5.971762440E-08 5.605642718E-02
2.247470000E+01 9.999963759E-01 5.622552950E-08 5.516425136E-02
2.283820000E+01 9.999964982E-01 5.293837135E-08 5.428623972E-02
2.320760000E+01 9.999966177E-01 4.984423227E-08 5.342215481E-02
2.358300000E+01 9.999967350E-01 4.693164616E-08 5.257176780E-02
2.396440000E+01 9.999968508E-01 4.419031605E-08 5.173507369E-02
2.435200000E+01 9.999969666E-01 4.160975770E-08 5.091162943E-02
2.474590000E+01 9.999970857E-01 3.918061844E-08 5.010122889E-02
2.514620000E+01 9.999972191E-01 3.689387569E-08 4.930367213E-02
2.551390000E+01 9.999977796E-01 3.494014763E-08 4.859311983E-02
2.551410000E+01 9.999977796E-01 2.211044978E-07 4.859273892E-02
2.555290000E+01 9.999974341E-01 2.199142908E-07 4.851895480E-02
2.596620000E+01 9.999973704E-01 2.077267508E-07 4.774668608E-02
2.638610000E+01 9.999974144E-01 1.961861115E-07 4.698686051E-02
2.681290000E+01 9.999974728E-01 1.852583855E-07 4.623893723E-02
2.724660000E+01 9.999975363E-01 1.749150818E-07 4.550292514E-02
2.768730000E+01 9.999976017E-01 1.651269539E-07 4.477865303E-02
2.813510000E+01 9.999976676E-01 1.558661327E-07 4.406595320E-02
2.859020000E+01 9.999977333E-01 1.471050340E-07 4.336450952E-02
2.905260000E+01 9.999977982E-01 1.388200112E-07 4.267432175E-02
2.952250000E+01 9.999978617E-01 1.309855477E-07 4.199508849E-02
3.000000000E+01 0.000000000E+00 0.000000000E+00 4.132666667E-02
