# 11/08/2021 
# Data retrieved from www.chemicool.com/densities.html 
# Includes the real (n) and complex (k) part of the  refractive index. 
# Element, Al  (Z = 13) 
# Nominal density, g cm-3 =  2.702 
#    E [keV]      n       k    Wavelength [nm] 
1.000000000E-02 -4.412895806E+00 6.853612954E-03 1.239800000E+02
1.016170000E-02 4.026772088E+03 1.231292801E+00 1.220071445E+02
1.032610000E-02 3.899605305E+03 1.168825186E+00 1.200646904E+02
1.049310000E-02 3.776498474E+03 1.109541181E+00 1.181538344E+02
1.066280000E-02 3.657279572E+03 1.053263751E+00 1.162733991E+02
1.083530000E-02 3.541788960E+03 9.998311235E-01 1.144223049E+02
1.101060000E-02 3.429940519E+03 9.491090627E-01 1.126005849E+02
1.118860000E-02 3.321706001E+03 9.039865720E-01 1.108092165E+02
1.136960000E-02 3.216818662E+03 8.656177230E-01 1.090451731E+02
1.155350000E-02 3.115259409E+03 8.288776300E-01 1.073094733E+02
1.174040000E-02 3.016894429E+03 7.936969093E-01 1.056011720E+02
1.193030000E-02 2.921647831E+03 7.600139637E-01 1.039202702E+02
1.212320000E-02 2.829442689E+03 7.277660263E-01 1.022667283E+02
1.231930000E-02 2.740112439E+03 6.968779794E-01 1.006388350E+02
1.251860000E-02 2.653591643E+03 6.672969789E-01 9.903663349E+01
1.272100000E-02 2.569853974E+03 6.337174437E-01 9.746089144E+01
1.292680000E-02 2.488710640E+03 6.005262329E-01 9.590927376E+01
1.313590000E-02 2.410141204E+03 5.690767869E-01 9.438256990E+01
1.334830000E-02 2.334082012E+03 5.387578461E-01 9.288074137E+01
1.356420000E-02 2.260402232E+03 5.048122368E-01 9.140236800E+01
1.378360000E-02 2.189046765E+03 4.712561248E-01 8.994747381E+01
1.400660000E-02 2.119929319E+03 4.366893148E-01 8.851541416E+01
1.423310000E-02 2.053026294E+03 4.037888644E-01 8.710681440E+01
1.446330000E-02 1.988225419E+03 3.603299377E-01 8.572040959E+01
1.469730000E-02 1.925450765E+03 2.616494731E-01 8.435562995E+01
1.493500000E-02 1.864680533E+03 1.681228464E-01 8.301305658E+01
1.517650000E-02 1.805839845E+03 1.099567855E-01 8.169208974E+01
1.542200000E-02 1.748835376E+03 7.685668625E-02 8.039164829E+01
1.567140000E-02 1.693646748E+03 6.297901973E-02 7.911226821E+01
1.592490000E-02 1.640186977E+03 5.344365940E-02 7.785292215E+01
1.618250000E-02 1.588415773E+03 4.535208286E-02 7.661362583E+01
1.644420000E-02 1.538292196E+03 3.800643236E-02 7.539436397E+01
1.671020000E-02 1.489739211E+03 3.179073870E-02 7.419420474E+01
1.698050000E-02 1.442720170E+03 2.833580671E-02 7.301316216E+01
1.725510000E-02 1.397197840E+03 2.528697347E-02 7.185122080E+01
1.753420000E-02 1.353103730E+03 2.276967563E-02 7.070753157E+01
1.781780000E-02 1.310404301E+03 2.105837452E-02 6.958210329E+01
1.810600000E-02 1.269051496E+03 1.947579482E-02 6.847453883E+01
1.839890000E-02 1.228999542E+03 1.801201088E-02 6.738446320E+01
1.869640000E-02 1.190230231E+03 1.665838122E-02 6.631223123E+01
1.899880000E-02 1.152674049E+03 1.533768607E-02 6.525675306E+01
1.930610000E-02 1.116302870E+03 1.411835792E-02 6.421804507E+01
1.961840000E-02 1.081077086E+03 1.299592303E-02 6.319577539E+01
1.993570000E-02 1.046969314E+03 1.196290136E-02 6.218994066E+01
2.025820000E-02 1.013931819E+03 1.111824113E-02 6.119990917E+01
2.058580000E-02 9.819489905E+02 1.089060380E-02 6.022598102E+01
2.091880000E-02 9.509667116E+02 1.066748298E-02 5.926726198E+01
2.125710000E-02 9.209704792E+02 1.044905764E-02 5.832404232E+01
2.160090000E-02 8.919190186E+02 1.023501027E-02 5.739575666E+01
2.195030000E-02 8.637818536E+02 1.002531978E-02 5.648214375E+01
2.230530000E-02 8.365371900E+02 9.820047955E-03 5.558320220E+01
2.266610000E-02 8.101486646E+02 9.618826569E-03 5.469842628E+01
2.303270000E-02 7.845960188E+02 9.421882043E-03 5.382781871E+01
2.340530000E-02 7.598457367E+02 9.315838886E-03 5.297090830E+01
2.378380000E-02 7.358850869E+02 9.283629338E-03 5.212791900E+01
2.416850000E-02 7.126763414E+02 9.251578914E-03 5.129817738E+01
2.455940000E-02 6.902018232E+02 9.219616628E-03 5.048168929E+01
2.495660000E-02 6.684382413E+02 9.187738959E-03 4.967824143E+01
2.536030000E-02 6.473580311E+02 9.155930745E-03 4.888743430E+01
2.577050000E-02 6.269450842E+02 9.108098812E-03 4.810927223E+01
2.618730000E-02 6.071784260E+02 8.987130171E-03 4.734355966E+01
2.661090000E-02 5.880333798E+02 8.867732459E-03 4.658993119E+01
2.704130000E-02 5.694951844E+02 8.749902178E-03 4.584838747E+01
2.747860000E-02 5.515448676E+02 8.633737224E-03 4.511874695E+01
2.792310000E-02 5.341564400E+02 8.518985710E-03 4.440051427E+01
2.837470000E-02 5.173204965E+02 8.405867053E-03 4.369385403E+01
2.883370000E-02 5.010128570E+02 8.294192670E-03 4.299829713E+01
2.930000000E-02 8.865421375E-01 8.184017303E-03 4.231399317E+01
2.977390000E-02 8.908604866E-01 8.075311935E-03 4.164049721E+01
3.025550000E-02 8.950240254E-01 7.968017055E-03 4.097767348E+01
3.074490000E-02 8.990374605E-01 7.862166598E-03 4.032538730E+01
3.124210000E-02 9.029052058E-01 7.757752923E-03 3.968363202E+01
3.174750000E-02 9.066344221E-01 7.654657438E-03 3.905189385E+01
3.226090000E-02 9.102199535E-01 7.553013953E-03 3.843042197E+01
3.278270000E-02 9.136660803E-01 7.442028364E-03 3.781872756E+01
3.331300000E-02 9.169997462E-01 7.288760072E-03 3.721670219E+01
3.385180000E-02 9.202419617E-01 7.138617066E-03 3.662434494E+01
3.439930000E-02 9.233842452E-01 6.991607480E-03 3.604143108E+01
3.495570000E-02 9.264275297E-01 6.847596862E-03 3.546774918E+01
3.552110000E-02 9.293747789E-01 6.706565618E-03 3.490319838E+01
3.609560000E-02 9.322285466E-01 6.568426823E-03 3.434767673E+01
3.667940000E-02 9.349920037E-01 6.433156032E-03 3.380098911E+01
3.727270000E-02 9.376687536E-01 6.300666845E-03 3.326295117E+01
3.787550000E-02 9.402606707E-01 6.170914627E-03 3.273356127E+01
3.848820000E-02 9.427717049E-01 6.043784620E-03 3.221247032E+01
3.911070000E-02 9.452037858E-01 5.919296811E-03 3.169976503E+01
3.974320000E-02 9.475591547E-01 5.797401161E-03 3.119527366E+01
4.038610000E-02 9.498374050E-01 5.677992724E-03 3.069868098E+01
4.103930000E-02 9.520391258E-01 5.555705511E-03 3.021006694E+01
4.170310000E-02 9.541784256E-01 5.413764444E-03 2.972920478E+01
4.237760000E-02 9.562667064E-01 5.275441973E-03 2.925602205E+01
4.306300000E-02 9.582990375E-01 5.140660835E-03 2.879037689E+01
4.375950000E-02 9.602761763E-01 5.009323410E-03 2.833213359E+01
4.446730000E-02 9.621991018E-01 4.881336094E-03 2.788116211E+01
4.518650000E-02 9.640690261E-01 4.756630066E-03 2.743739834E+01
4.591740000E-02 9.658862524E-01 4.635076418E-03 2.700065770E+01
4.666000000E-02 9.676520526E-01 4.516670875E-03 2.657093871E+01
4.741470000E-02 9.693365839E-01 4.401271119E-03 2.614800895E+01
4.818160000E-02 9.709747299E-01 4.223612511E-03 2.573181463E+01
4.896090000E-02 9.726251407E-01 4.025401413E-03 2.532224694E+01
4.975280000E-02 9.742645796E-01 3.836488793E-03 2.491920053E+01
5.055760000E-02 9.758869017E-01 3.656439749E-03 2.452252480E+01
5.137530000E-02 9.774907514E-01 3.484850795E-03 2.413221918E+01
5.220620000E-02 9.790778892E-01 3.321310162E-03 2.374813719E+01
5.305060000E-02 9.806525731E-01 3.165443009E-03 2.337014096E+01
5.390870000E-02 9.822159295E-01 3.029350424E-03 2.299814316E+01
5.478060000E-02 9.837592214E-01 2.906948218E-03 2.263209968E+01
5.566670000E-02 9.852856174E-01 2.789487384E-03 2.227184295E+01
5.656700000E-02 9.868047544E-01 2.676779883E-03 2.191737232E+01
5.748200000E-02 9.883222872E-01 2.568622966E-03 2.156849101E+01
5.841170000E-02 9.898446890E-01 2.464831272E-03 2.122519975E+01
5.935640000E-02 9.913881376E-01 2.365248683E-03 2.088738535E+01
6.031650000E-02 9.929524020E-01 2.287875285E-03 2.055490620E+01
6.129210000E-02 9.945329731E-01 2.219993026E-03 2.022772919E+01
6.228340000E-02 9.961506979E-01 2.154132761E-03 1.990578549E+01
6.329080000E-02 9.978540317E-01 2.090213805E-03 1.958894500E+01
6.431450000E-02 9.996302875E-01 2.092760706E-03 1.927714590E+01
6.535470000E-02 1.001461007E+00 2.100706619E-03 1.897032654E+01
6.641180000E-02 1.003425467E+00 2.108679340E-03 1.866836918E+01
6.748590000E-02 1.005588931E+00 2.116697575E-03 1.837124496E+01
6.857750000E-02 1.008072737E+00 2.117333818E-03 1.807881594E+01
6.968670000E-02 1.011109808E+00 2.117029171E-03 1.779105626E+01
7.081380000E-02 1.015247866E+00 2.116732047E-03 1.750788688E+01
7.195910000E-02 1.022692771E+00 2.116431697E-03 1.722923161E+01
7.260000000E-02 1.037219838E+00 2.116262559E-03 1.707713499E+01
7.280000000E-02 1.037485889E+00 2.395624962E-02 1.703021978E+01
7.312300000E-02 1.027815215E+00 2.411168281E-02 1.695499364E+01
7.430570000E-02 1.019501022E+00 2.468315342E-02 1.668512644E+01
7.550760000E-02 1.016370295E+00 2.526815782E-02 1.641953923E+01
7.672890000E-02 1.014474587E+00 2.586696731E-02 1.615818811E+01
7.796990000E-02 1.013106851E+00 2.648013578E-02 1.590100795E+01
7.923100000E-02 1.011998544E+00 2.710777056E-02 1.564791559E+01
8.051250000E-02 1.010980453E+00 2.775022794E-02 1.539885111E+01
8.181470000E-02 1.010017003E+00 2.831459484E-02 1.515375599E+01
8.313800000E-02 1.009124256E+00 2.888502733E-02 1.491255503E+01
8.448270000E-02 1.008202707E+00 2.946691828E-02 1.467519386E+01
8.584910000E-02 1.007030850E+00 3.006056481E-02 1.444161907E+01
8.723770000E-02 1.005703840E+00 3.029494582E-02 1.421174561E+01
8.864870000E-02 1.004600570E+00 3.010553180E-02 1.398554068E+01
9.008250000E-02 1.003738503E+00 2.991729940E-02 1.376293953E+01
9.153950000E-02 1.002989356E+00 2.973022571E-02 1.354387996E+01
9.302010000E-02 1.002314208E+00 2.954432855E-02 1.332830216E+01
9.452460000E-02 1.001693000E+00 2.935958245E-02 1.311616235E+01
9.605350000E-02 1.001110681E+00 2.917597133E-02 1.290739015E+01
9.760710000E-02 1.000557682E+00 2.899350076E-02 1.270194484E+01
9.918580000E-02 1.000024179E+00 2.881223711E-02 1.249977315E+01
1.007900000E-01 9.995024032E-01 2.863206556E-02 1.230082349E+01
1.024200000E-01 9.989788664E-01 2.845316969E-02 1.210505761E+01
1.040770000E-01 9.984324564E-01 2.824923034E-02 1.191233414E+01
1.057600000E-01 9.979068758E-01 2.798337899E-02 1.172276853E+01
1.074710000E-01 9.974316632E-01 2.771964360E-02 1.153613533E+01
1.092090000E-01 9.969687097E-01 2.745872486E-02 1.135254420E+01
1.109750000E-01 9.965142635E-01 2.720033690E-02 1.117188556E+01
1.127700000E-01 9.960617881E-01 2.694414954E-02 1.099405870E+01
1.145940000E-01 9.956061611E-01 2.669039056E-02 1.081906557E+01
1.164480000E-01 9.951401743E-01 2.643880565E-02 1.064681231E+01
1.183310000E-01 9.946557853E-01 2.619004596E-02 1.047738970E+01
1.202450000E-01 9.941391087E-01 2.594336912E-02 1.031061583E+01
1.221900000E-01 9.935647805E-01 2.569899857E-02 1.014649317E+01
1.241660000E-01 9.928343759E-01 2.545710356E-02 9.985020054E+00
1.261750000E-01 9.920233808E-01 2.480218022E-02 9.826035268E+00
1.282150000E-01 9.914612081E-01 2.405360945E-02 9.669695433E+00
1.302890000E-01 9.910495729E-01 2.332724433E-02 9.515768791E+00
1.323970000E-01 9.907113935E-01 2.262270833E-02 9.364260519E+00
1.345380000E-01 9.904300212E-01 2.193978976E-02 9.215240304E+00
1.367140000E-01 9.901932369E-01 2.127734779E-02 9.068566496E+00
1.389250000E-01 9.899922110E-01 2.063498758E-02 8.924239698E+00
1.411720000E-01 9.898202650E-01 2.001195210E-02 8.782194770E+00
1.434560000E-01 9.896717192E-01 1.940755109E-02 8.642371180E+00
1.457760000E-01 9.895408384E-01 1.882163121E-02 8.504829327E+00
1.481340000E-01 9.894198745E-01 1.825332052E-02 8.369449282E+00
1.505300000E-01 9.892932772E-01 1.770216681E-02 8.236231980E+00
1.529640000E-01 9.891774987E-01 1.709865263E-02 8.105175074E+00
1.554390000E-01 9.891139002E-01 1.651337655E-02 7.976119249E+00
1.579530000E-01 9.890751080E-01 1.594834305E-02 7.849170323E+00
1.605070000E-01 9.890538726E-01 1.540276793E-02 7.724273708E+00
1.631030000E-01 9.890456338E-01 1.487572643E-02 7.601331674E+00
1.657420000E-01 9.890464680E-01 1.436654202E-02 7.480300708E+00
1.684220000E-01 9.890519521E-01 1.387506559E-02 7.361271093E+00
1.711460000E-01 9.890575756E-01 1.340031185E-02 7.244107370E+00
1.739150000E-01 9.890558053E-01 1.294166183E-02 7.128769801E+00
1.767270000E-01 9.890273458E-01 1.249895123E-02 7.015340044E+00
1.795860000E-01 9.889401442E-01 1.200743389E-02 6.903656187E+00
1.824910000E-01 9.889026871E-01 1.139903086E-02 6.793759692E+00
1.854420000E-01 9.889789132E-01 1.082156133E-02 6.685648343E+00
1.884420000E-01 9.890876570E-01 1.027319866E-02 6.579212702E+00
1.914890000E-01 9.892232456E-01 9.752794025E-03 6.474523341E+00
1.945870000E-01 9.893790385E-01 9.258577660E-03 6.371443108E+00
1.977340000E-01 9.895497444E-01 8.789503760E-03 6.270039548E+00
2.009320000E-01 9.897314741E-01 8.344149767E-03 6.170246651E+00
2.041820000E-01 9.899228051E-01 7.917448397E-03 6.072033774E+00
2.074850000E-01 9.901240481E-01 7.512541452E-03 5.975371714E+00
2.108400000E-01 9.903319461E-01 7.128431515E-03 5.880288370E+00
2.142510000E-01 9.905456818E-01 6.763847923E-03 5.786670774E+00
2.177160000E-01 9.907643193E-01 6.417990695E-03 5.694574583E+00
2.212370000E-01 9.909893603E-01 6.089815760E-03 5.603945091E+00
2.248160000E-01 9.912248625E-01 5.787017259E-03 5.514732048E+00
2.284520000E-01 9.914538525E-01 5.520320251E-03 5.426960587E+00
2.321470000E-01 9.916652646E-01 5.265898519E-03 5.340581614E+00
2.359020000E-01 9.918710414E-01 5.023188537E-03 5.255572229E+00
2.397170000E-01 9.920712169E-01 4.791707618E-03 5.171931903E+00
2.435950000E-01 9.922664481E-01 4.570831846E-03 5.089595435E+00
2.475350000E-01 9.924566689E-01 4.360172388E-03 5.008584645E+00
2.515380000E-01 9.926418227E-01 4.159236582E-03 4.928877545E+00
2.556070000E-01 9.928217304E-01 3.967526248E-03 4.850414895E+00
2.597410000E-01 9.929956591E-01 3.784675894E-03 4.773216396E+00
2.639420000E-01 9.931592040E-01 3.610255012E-03 4.697244092E+00
2.682110000E-01 9.933119521E-01 3.437827094E-03 4.622480062E+00
2.725490000E-01 9.934659584E-01 3.249044050E-03 4.548906802E+00
2.769570000E-01 9.936308836E-01 3.070629423E-03 4.476507183E+00
2.814370000E-01 9.937980284E-01 2.901997212E-03 4.405248777E+00
2.859890000E-01 9.939651676E-01 2.742640323E-03 4.335131771E+00
2.906150000E-01 9.941312487E-01 2.592017868E-03 4.266125286E+00
2.953150000E-01 9.942954964E-01 2.449689189E-03 4.198229010E+00
3.000920000E-01 9.944574755E-01 2.315157428E-03 4.131399704E+00
3.049450000E-01 9.946168354E-01 2.188035037E-03 4.065651183E+00
3.098780000E-01 9.947734405E-01 2.067867620E-03 4.000929398E+00
3.148900000E-01 9.949269650E-01 1.954313237E-03 3.937247928E+00
3.199830000E-01 9.950773432E-01 1.846994154E-03 3.874580837E+00
3.251580000E-01 9.952245302E-01 1.745573917E-03 3.812915567E+00
3.304180000E-01 9.953685091E-01 1.649709437E-03 3.752216889E+00
3.357620000E-01 9.955091604E-01 1.559117180E-03 3.692496471E+00
3.411920000E-01 9.956465719E-01 1.473505074E-03 3.633731154E+00
3.467110000E-01 9.957808840E-01 1.392586341E-03 3.575888853E+00
3.523190000E-01 9.959122206E-01 1.316111635E-03 3.518970024E+00
3.580170000E-01 9.960414326E-01 1.243842251E-03 3.462964049E+00
3.638080000E-01 9.961679287E-01 1.179128809E-03 3.407841499E+00
3.696920000E-01 9.962886359E-01 1.118866388E-03 3.353602458E+00
3.756720000E-01 9.964046732E-01 1.061677180E-03 3.300219340E+00
3.817480000E-01 9.965168129E-01 1.007418954E-03 3.247692195E+00
3.879220000E-01 9.966252849E-01 9.559307665E-04 3.196003320E+00
3.941970000E-01 9.967303184E-01 9.070724539E-04 3.145127944E+00
4.005730000E-01 9.968320237E-01 8.607117160E-04 3.095066318E+00
4.070520000E-01 9.969304890E-01 8.167213204E-04 3.045802502E+00
4.136350000E-01 9.970258103E-01 7.749819985E-04 2.997328563E+00
4.203260000E-01 9.971180757E-01 7.353695553E-04 2.949615299E+00
4.271240000E-01 9.972072814E-01 6.977888236E-04 2.902669951E+00
4.340320000E-01 9.972931980E-01 6.621261590E-04 2.856471412E+00
4.410520000E-01 9.973760918E-01 6.268330733E-04 2.811006412E+00
4.481860000E-01 9.974573862E-01 5.928136390E-04 2.766262221E+00
4.554350000E-01 9.975368199E-01 5.606755192E-04 2.722232591E+00
4.628020000E-01 9.976140714E-01 5.302712833E-04 2.678899400E+00
4.702870000E-01 9.976890954E-01 5.015127475E-04 2.636262538E+00
4.778940000E-01 9.977619695E-01 4.743165486E-04 2.594299154E+00
4.856230000E-01 9.978326067E-01 4.485919772E-04 2.553009227E+00
4.934780000E-01 9.979011083E-01 4.242273641E-04 2.512371372E+00
5.014590000E-01 9.979674363E-01 4.010435926E-04 2.472385579E+00
5.095700000E-01 9.980318034E-01 3.788884035E-04 2.433031772E+00
5.178120000E-01 9.980944564E-01 3.578646651E-04 2.394305269E+00
5.261870000E-01 9.981552932E-01 3.380405905E-04 2.356196561E+00
5.346980000E-01 9.982142933E-01 3.193669786E-04 2.318692047E+00
5.433460000E-01 9.982714306E-01 3.017504757E-04 2.281787296E+00
5.521340000E-01 9.983266726E-01 2.851093580E-04 2.245469397E+00
5.610650000E-01 9.983801411E-01 2.691620539E-04 2.209726146E+00
5.701390000E-01 9.984320725E-01 2.539914186E-04 2.174557432E+00
5.793610000E-01 9.984824573E-01 2.395503354E-04 2.139943835E+00
5.887320000E-01 9.985314026E-01 2.259061344E-04 2.105881793E+00
5.982540000E-01 9.985788602E-01 2.130234503E-04 2.072363912E+00
6.079300000E-01 9.986248749E-01 2.008765007E-04 2.039379534E+00
6.177630000E-01 9.986694464E-01 1.894212515E-04 2.006918511E+00
6.277550000E-01 9.987125634E-01 1.786063194E-04 1.974974313E+00
6.379080000E-01 9.987542920E-01 1.682725994E-04 1.943540448E+00
6.482260000E-01 9.987947707E-01 1.583417998E-04 1.912604555E+00
6.587110000E-01 9.988341752E-01 1.488751644E-04 1.882160765E+00
6.693650000E-01 9.988726897E-01 1.399786957E-04 1.852203208E+00
6.801910000E-01 9.989101221E-01 1.319873074E-04 1.822723323E+00
6.911930000E-01 9.989460997E-01 1.247262120E-04 1.793710295E+00
7.023720000E-01 9.989806784E-01 1.179331631E-04 1.765161481E+00
7.137330000E-01 9.990139643E-01 1.113023890E-04 1.737064140E+00
7.252770000E-01 9.990462572E-01 1.049082257E-04 1.709415851E+00
7.370080000E-01 9.990776018E-01 9.888261277E-05 1.682206977E+00
7.489280000E-01 9.991079457E-01 9.320207527E-05 1.655432832E+00
7.610420000E-01 9.991373315E-01 8.784674022E-05 1.629082232E+00
7.733510000E-01 9.991657699E-01 8.279113048E-05 1.603153031E+00
7.858590000E-01 9.991932924E-01 7.800359076E-05 1.577636701E+00
7.985700000E-01 9.992199556E-01 7.347550099E-05 1.552525139E+00
8.114860000E-01 9.992457823E-01 6.921001382E-05 1.527814405E+00
8.246110000E-01 9.992707865E-01 6.519077600E-05 1.503496800E+00
8.379490000E-01 9.992949945E-01 6.140481667E-05 1.479564985E+00
8.515020000E-01 9.993184281E-01 5.783836800E-05 1.456015370E+00
8.652740000E-01 9.993411178E-01 5.447566596E-05 1.432840927E+00
8.792690000E-01 9.993630815E-01 5.130501219E-05 1.410034927E+00
8.934910000E-01 9.993843471E-01 4.831912010E-05 1.387590921E+00
9.079430000E-01 9.994049400E-01 4.550732235E-05 1.365504222E+00
9.226280000E-01 9.994248698E-01 4.285953237E-05 1.343770187E+00
9.375510000E-01 9.994441679E-01 4.035970520E-05 1.322381396E+00
9.527150000E-01 9.994628615E-01 3.800601773E-05 1.301333557E+00
9.681240000E-01 9.994809640E-01 3.578994481E-05 1.280621077E+00
9.837830000E-01 9.994984982E-01 3.370156913E-05 1.260237268E+00
9.996950000E-01 9.995154798E-01 3.173920675E-05 1.240178254E+00
1.015860000E+00 9.995319374E-01 2.989571512E-05 1.220443762E+00
1.032290000E+00 9.995478731E-01 2.819398934E-05 1.201019093E+00
1.048990000E+00 9.995632764E-01 2.656714248E-05 1.181898779E+00
1.065960000E+00 9.995782161E-01 2.501139809E-05 1.163083043E+00
1.083200000E+00 9.995927082E-01 2.354654645E-05 1.144571640E+00
1.100720000E+00 9.996067613E-01 2.216747655E-05 1.126353659E+00
1.118520000E+00 9.996203939E-01 2.086929907E-05 1.108428995E+00
1.136610000E+00 9.996336201E-01 1.964724193E-05 1.090787517E+00
1.155000000E+00 9.996464689E-01 1.849636978E-05 1.073419913E+00
1.173680000E+00 9.996589396E-01 1.741307276E-05 1.056335628E+00
1.192660000E+00 9.996710617E-01 1.639336826E-05 1.039525095E+00
1.211950000E+00 9.996828506E-01 1.543327144E-05 1.022979496E+00
1.231550000E+00 9.996943260E-01 1.452946310E-05 1.006698875E+00
1.251470000E+00 9.997055139E-01 1.368243611E-05 9.906749662E-01
1.271720000E+00 9.997164320E-01 1.288870720E-05 9.749001352E-01
1.292290000E+00 9.997271003E-01 1.214588274E-05 9.593821820E-01
1.313190000E+00 9.997375428E-01 1.144582459E-05 9.441131900E-01
1.334430000E+00 9.997478018E-01 1.078607698E-05 9.290858269E-01
1.356010000E+00 9.997579175E-01 1.016441532E-05 9.143000420E-01
1.377940000E+00 9.997679462E-01 9.578601275E-06 8.997489005E-01
1.400230000E+00 9.997779621E-01 9.026492505E-06 8.854259657E-01
1.422880000E+00 9.997880694E-01 8.506282249E-06 8.713313842E-01
1.445890000E+00 9.997984301E-01 8.016044189E-06 8.574649524E-01
1.469280000E+00 9.998093305E-01 7.551149396E-06 8.438146575E-01
1.493040000E+00 9.998213233E-01 7.109197006E-06 8.303863259E-01
1.517190000E+00 9.998357851E-01 6.676846113E-06 8.171685814E-01
1.541730000E+00 9.998580560E-01 6.268671286E-06 8.041615588E-01
1.559500000E+00 9.999676238E-01 5.992503333E-06 7.949983969E-01
1.559700000E+00 9.999675992E-01 7.120208420E-05 7.948964544E-01
1.566670000E+00 9.998796632E-01 7.014242463E-05 7.913600184E-01
1.592010000E+00 9.998517835E-01 6.645737502E-05 7.787639525E-01
1.617760000E+00 9.998442699E-01 6.296624660E-05 7.663683117E-01
1.643920000E+00 9.998415544E-01 5.965981191E-05 7.541729525E-01
1.670510000E+00 9.998410535E-01 5.652589072E-05 7.421685593E-01
1.697530000E+00 9.998418142E-01 5.355667603E-05 7.303552809E-01
1.724990000E+00 9.998433468E-01 5.074304288E-05 7.187288042E-01
1.752890000E+00 9.998454078E-01 4.801944452E-05 7.072891054E-01
1.781240000E+00 9.998478891E-01 4.542296075E-05 6.960319777E-01
1.810050000E+00 9.998506510E-01 4.295316653E-05 6.849534543E-01
1.839320000E+00 9.998536191E-01 4.061792279E-05 6.740534545E-01
1.869070000E+00 9.998567257E-01 3.840930377E-05 6.633245411E-01
1.899300000E+00 9.998599260E-01 3.632057984E-05 6.527668088E-01
1.930020000E+00 9.998631855E-01 3.434574835E-05 6.423767629E-01
1.961240000E+00 9.998664766E-01 3.247823713E-05 6.321510881E-01
1.992960000E+00 9.998697804E-01 3.071237927E-05 6.220897559E-01
2.025200000E+00 9.998730642E-01 2.906103989E-05 6.121864507E-01
2.057950000E+00 9.998763114E-01 2.745659200E-05 6.024441799E-01
2.091240000E+00 9.998795582E-01 2.593383491E-05 5.928540005E-01
2.125060000E+00 9.998827731E-01 2.449185829E-05 5.834188211E-01
2.159430000E+00 9.998859499E-01 2.312732674E-05 5.741329888E-01
2.194360000E+00 9.998890822E-01 2.183362256E-05 5.649938934E-01
2.229850000E+00 9.998921651E-01 2.061044912E-05 5.560015248E-01
2.265920000E+00 9.998951952E-01 1.945236856E-05 5.471508262E-01
2.302570000E+00 9.998981694E-01 1.835705204E-05 5.384418280E-01
2.339810000E+00 9.999010843E-01 1.732127809E-05 5.298720836E-01
2.377660000E+00 9.999039401E-01 1.634096590E-05 5.214370431E-01
2.416110000E+00 9.999067324E-01 1.541485722E-05 5.131388885E-01
2.455190000E+00 9.999094628E-01 1.453939547E-05 5.049711020E-01
2.494900000E+00 9.999121295E-01 1.371115908E-05 4.969337448E-01
2.535260000E+00 9.999147336E-01 1.292886945E-05 4.890228221E-01
2.576260000E+00 9.999172737E-01 1.218995772E-05 4.812402475E-01
2.617930000E+00 9.999197504E-01 1.149203730E-05 4.735802714E-01
2.660270000E+00 9.999221635E-01 1.083265314E-05 4.660429205E-01
2.703300000E+00 9.999245142E-01 1.021029777E-05 4.586246440E-01
2.747030000E+00 9.999268036E-01 9.622094686E-06 4.513237933E-01
2.791460000E+00 9.999290314E-01 9.067152660E-06 4.441403423E-01
2.836610000E+00 9.999311987E-01 8.543391226E-06 4.370710108E-01
2.882490000E+00 9.999333069E-01 8.049023581E-06 4.301142415E-01
2.929110000E+00 9.999353563E-01 7.582555613E-06 4.232685014E-01
2.976480000E+00 9.999373482E-01 7.142421615E-06 4.165322797E-01
3.024630000E+00 9.999392844E-01 6.727278142E-06 4.099013764E-01
3.073550000E+00 9.999411648E-01 6.335627630E-06 4.033772023E-01
3.123260000E+00 9.999429912E-01 5.966271155E-06 3.969570257E-01
3.173780000E+00 9.999447649E-01 5.617989127E-06 3.906382925E-01
3.225110000E+00 9.999464867E-01 5.289615924E-06 3.844209965E-01
3.277270000E+00 9.999481576E-01 4.980057187E-06 3.783026727E-01
3.330280000E+00 9.999497795E-01 4.688092486E-06 3.722810094E-01
3.384150000E+00 9.999513533E-01 4.412971546E-06 3.663549193E-01
3.438880000E+00 9.999528799E-01 4.153744131E-06 3.605243568E-01
3.494500000E+00 9.999543608E-01 3.909438734E-06 3.547860924E-01
3.551020000E+00 9.999557971E-01 3.679156715E-06 3.491391206E-01
3.608460000E+00 9.999571900E-01 3.462223120E-06 3.435814724E-01
3.666820000E+00 9.999585403E-01 3.257874117E-06 3.381131335E-01
3.726130000E+00 9.999598496E-01 3.065334051E-06 3.327312788E-01
3.786400000E+00 9.999611188E-01 2.884001618E-06 3.274350306E-01
3.847640000E+00 9.999623492E-01 2.713243005E-06 3.222234928E-01
3.909870000E+00 9.999635414E-01 2.552414435E-06 3.170949418E-01
3.973110000E+00 9.999646970E-01 2.400987673E-06 3.120477409E-01
4.037380000E+00 9.999658169E-01 2.258339138E-06 3.070803343E-01
4.102680000E+00 9.999669018E-01 2.124082335E-06 3.021927131E-01
4.169030000E+00 9.999679529E-01 1.997682934E-06 2.973833242E-01
4.236460000E+00 9.999689714E-01 1.878700969E-06 2.926499955E-01
4.304980000E+00 9.999699580E-01 1.766713700E-06 2.879920464E-01
4.374620000E+00 9.999709138E-01 1.661270372E-06 2.834074731E-01
4.445370000E+00 9.999718397E-01 1.562070819E-06 2.788969197E-01
4.517270000E+00 9.999727363E-01 1.468706536E-06 2.744578031E-01
4.590330000E+00 9.999736048E-01 1.380815581E-06 2.700895143E-01
4.664580000E+00 9.999744460E-01 1.298150862E-06 2.657902748E-01
4.740030000E+00 9.999752607E-01 1.220361533E-06 2.615595260E-01
4.816690000E+00 9.999760494E-01 1.147168863E-06 2.573966770E-01
4.894600000E+00 9.999768134E-01 1.078336991E-06 2.532995546E-01
4.973770000E+00 9.999775531E-01 1.013555667E-06 2.492676581E-01
5.054210000E+00 9.999782694E-01 9.526392612E-07 2.453004525E-01
5.135960000E+00 9.999789629E-01 8.953474242E-07 2.413959610E-01
5.219030000E+00 9.999796345E-01 8.414284983E-07 2.375537217E-01
5.303440000E+00 9.999802847E-01 7.907475214E-07 2.337727965E-01
5.389220000E+00 9.999809143E-01 7.430840566E-07 2.300518442E-01
5.476390000E+00 9.999815237E-01 6.982669724E-07 2.263900124E-01
5.564970000E+00 9.999821138E-01 6.560926062E-07 2.227864661E-01
5.654980000E+00 9.999826852E-01 6.164712835E-07 2.192403863E-01
5.746440000E+00 9.999832382E-01 5.792205538E-07 2.157509693E-01
5.839390000E+00 9.999837736E-01 5.441921941E-07 2.123166975E-01
5.933830000E+00 9.999842919E-01 5.112649965E-07 2.089375665E-01
6.029810000E+00 9.999847937E-01 4.802797471E-07 2.056117854E-01
6.127330000E+00 9.999852794E-01 4.511975449E-07 2.023393550E-01
6.226440000E+00 9.999857497E-01 4.238274185E-07 1.991185975E-01
6.327150000E+00 9.999862049E-01 3.981092742E-07 1.959492030E-01
6.429480000E+00 9.999866456E-01 3.739388270E-07 1.928305244E-01
6.533480000E+00 9.999870721E-01 3.512215978E-07 1.897610462E-01
6.639150000E+00 9.999874851E-01 3.298712425E-07 1.867407725E-01
6.746540000E+00 9.999878848E-01 3.098103709E-07 1.837682723E-01
6.855650000E+00 9.999882716E-01 2.909561915E-07 1.808435378E-01
6.966540000E+00 9.999886462E-01 2.732404596E-07 1.779649582E-01
7.079220000E+00 9.999890087E-01 2.565943523E-07 1.751322886E-01
7.193720000E+00 9.999893596E-01 2.409530402E-07 1.723447674E-01
7.310070000E+00 9.999896994E-01 2.262570254E-07 1.696016591E-01
7.428310000E+00 9.999900281E-01 2.124488479E-07 1.669020275E-01
7.548450000E+00 9.999903465E-01 1.994775394E-07 1.642456398E-01
7.670540000E+00 9.999906546E-01 1.872899152E-07 1.616313845E-01
7.794610000E+00 9.999909528E-01 1.758419042E-07 1.590586315E-01
7.920680000E+00 9.999912415E-01 1.650861948E-07 1.565269649E-01
8.048790000E+00 9.999915210E-01 1.549858631E-07 1.540355755E-01
8.178980000E+00 9.999917914E-01 1.454971368E-07 1.515836938E-01
8.311260000E+00 9.999920533E-01 1.365836897E-07 1.491711245E-01
8.445690000E+00 9.999923068E-01 1.282136696E-07 1.467967685E-01
8.582290000E+00 9.999925521E-01 1.203491005E-07 1.444602781E-01
8.721110000E+00 9.999927896E-01 1.129651687E-07 1.421608029E-01
8.862160000E+00 9.999930195E-01 1.060317192E-07 1.398981738E-01
9.005500000E+00 9.999932420E-01 9.951867492E-08 1.376714230E-01
9.151160000E+00 9.999934574E-01 9.340157431E-08 1.354800921E-01
9.299170000E+00 9.999936659E-01 8.765919812E-08 1.333237267E-01
9.449580000E+00 9.999938677E-01 8.226586846E-08 1.312015984E-01
9.602420000E+00 9.999940631E-01 7.720426260E-08 1.291132860E-01
9.757730000E+00 9.999942522E-01 7.244845316E-08 1.270582400E-01
9.915550000E+00 9.999944353E-01 6.798666860E-08 1.250359284E-01
1.007590000E+01 9.999946125E-01 6.379573706E-08 1.230460803E-01
1.023890000E+01 9.999947841E-01 5.986010627E-08 1.210872262E-01
1.040450000E+01 9.999949502E-01 5.616591796E-08 1.191599789E-01
1.057280000E+01 9.999951109E-01 5.269794941E-08 1.172631659E-01
1.074380000E+01 9.999952666E-01 4.944220293E-08 1.153967870E-01
1.091760000E+01 9.999954172E-01 4.638562918E-08 1.135597567E-01
1.109420000E+01 9.999955631E-01 4.351647922E-08 1.117520867E-01
1.127360000E+01 9.999957042E-01 4.082391931E-08 1.099737440E-01
1.145590000E+01 9.999958409E-01 3.829634301E-08 1.082237101E-01
1.164120000E+01 9.999959732E-01 3.592386365E-08 1.065010480E-01
1.182950000E+01 9.999961013E-01 3.369689453E-08 1.048057822E-01
1.202080000E+01 9.999962252E-01 3.160693570E-08 1.031378943E-01
1.221530000E+01 9.999963453E-01 2.964493785E-08 1.014956653E-01
1.241280000E+01 9.999964615E-01 2.780435098E-08 9.988076824E-02
1.261360000E+01 9.999965740E-01 2.607666879E-08 9.829073381E-02
1.281760000E+01 9.999966829E-01 2.445547131E-08 9.672637623E-02
1.302500000E+01 9.999967883E-01 2.293375702E-08 9.518618042E-02
1.323560000E+01 9.999968904E-01 2.150633756E-08 9.367161292E-02
1.344970000E+01 9.999969892E-01 2.016665746E-08 9.218049473E-02
1.366720000E+01 9.999970848E-01 1.890977588E-08 9.071353313E-02
1.388830000E+01 9.999971774E-01 1.773024862E-08 8.926938502E-02
1.411290000E+01 9.999972671E-01 1.662372859E-08 8.784870579E-02
1.434120000E+01 9.999973539E-01 1.558543351E-08 8.645022732E-02
1.457310000E+01 9.999974379E-01 1.461148171E-08 8.507455517E-02
1.480890000E+01 9.999975193E-01 1.369749174E-08 8.371992518E-02
1.504840000E+01 9.999975981E-01 1.284024865E-08 8.238749635E-02
1.529180000E+01 9.999976743E-01 1.203603198E-08 8.107613231E-02
1.553910000E+01 9.999977481E-01 1.128168665E-08 7.978583058E-02
1.579040000E+01 9.999978196E-01 1.057405002E-08 7.851606039E-02
1.604580000E+01 9.999978888E-01 9.910256862E-09 7.726632514E-02
1.630540000E+01 9.999979558E-01 9.287554139E-09 7.603615980E-02
1.656910000E+01 9.999980206E-01 8.703615472E-09 7.482603159E-02
1.683710000E+01 9.999980835E-01 8.155897904E-09 7.363500840E-02
1.710940000E+01 9.999981442E-01 7.642235225E-09 7.246309046E-02
1.738610000E+01 9.999982031E-01 7.160516639E-09 7.130983947E-02
1.766740000E+01 9.999982601E-01 6.708657795E-09 7.017444559E-02
1.795310000E+01 9.999983153E-01 6.285027978E-09 6.905771148E-02
1.824350000E+01 9.999983687E-01 5.887730691E-09 6.795845096E-02
1.853860000E+01 9.999984204E-01 5.515185578E-09 6.687667893E-02
1.883840000E+01 9.999984705E-01 5.165904470E-09 6.581238322E-02
1.914310000E+01 9.999985190E-01 4.838397271E-09 6.476485000E-02
1.945270000E+01 9.999985660E-01 4.531336917E-09 6.373408319E-02
1.976740000E+01 9.999986114E-01 4.243411617E-09 6.271942694E-02
2.008710000E+01 9.999986554E-01 3.972395021E-09 6.172120416E-02
2.041200000E+01 9.999986980E-01 3.719600983E-09 6.073878111E-02
2.074210000E+01 9.999987393E-01 3.482831023E-09 5.977215422E-02
2.107760000E+01 9.999987793E-01 3.261029024E-09 5.882073860E-02
2.141850000E+01 9.999988179E-01 3.053286771E-09 5.788453907E-02
2.176500000E+01 9.999988554E-01 2.858690273E-09 5.696301401E-02
2.211700000E+01 9.999988917E-01 2.676442954E-09 5.605642718E-02
2.247470000E+01 9.999989268E-01 2.505758781E-09 5.516425136E-02
2.283820000E+01 9.999989608E-01 2.345892490E-09 5.428623972E-02
2.320760000E+01 9.999989937E-01 2.196159890E-09 5.342215481E-02
2.358300000E+01 9.999990256E-01 2.055925254E-09 5.257176780E-02
2.396440000E+01 9.999990564E-01 1.924606586E-09 5.173507369E-02
2.435200000E+01 9.999990863E-01 1.801622756E-09 5.091162943E-02
2.474590000E+01 9.999991152E-01 1.686445019E-09 5.010122889E-02
2.514620000E+01 9.999991433E-01 1.578582766E-09 4.930367213E-02
2.555290000E+01 9.999991704E-01 1.477585898E-09 4.851895480E-02
2.596620000E+01 9.999991966E-01 1.383006682E-09 4.774668608E-02
2.638610000E+01 9.999992221E-01 1.294452578E-09 4.698686051E-02
2.681290000E+01 9.999992467E-01 1.211524412E-09 4.623893723E-02
2.724660000E+01 9.999992705E-01 1.133870745E-09 4.550292514E-02
2.768730000E+01 9.999992936E-01 1.061167517E-09 4.477865303E-02
2.813510000E+01 9.999993160E-01 9.930934091E-10 4.406595320E-02
2.859020000E+01 9.999993376E-01 9.293553594E-10 4.336450952E-02
2.905260000E+01 9.999993586E-01 8.696809632E-10 4.267432175E-02
2.952250000E+01 9.999993789E-01 8.138158056E-10 4.199508849E-02
3.000000000E+01 0.000000000E+00 0.000000000E+00 4.132666667E-02
