# 11/08/2021 
# Data retrieved from www.chemicool.com/densities.html 
# Includes the real (n) and complex (k) part of the  refractive index. 
# Element, At  (Z = 85) 
# Nominal density, g cm-3 =  7 
#    E [keV]      n       k    Wavelength [nm] 
1.000000000E-02 -1.068987752E+01 7.033460749E-01 1.239800000E+02
1.016170000E-02 1.341011961E+03 1.189139668E+00 1.220071445E+02
1.032610000E-02 1.298683432E+03 1.163610243E+00 1.200646904E+02
1.049310000E-02 1.257706293E+03 1.137226818E+00 1.181538344E+02
1.066280000E-02 1.218023283E+03 1.105815178E+00 1.162733991E+02
1.083530000E-02 1.179581265E+03 1.075261213E+00 1.144223049E+02
1.101060000E-02 1.142351574E+03 1.045548356E+00 1.126005849E+02
1.118860000E-02 1.106324808E+03 1.016259882E+00 1.108092165E+02
1.136960000E-02 1.071412179E+03 9.796771100E-01 1.090451731E+02
1.155350000E-02 1.037607331E+03 9.444157316E-01 1.073094733E+02
1.174040000E-02 1.004865723E+03 9.104195689E-01 1.056011720E+02
1.193030000E-02 9.731620952E+02 8.776507111E-01 1.039202702E+02
1.212320000E-02 9.424708415E+02 8.460724174E-01 1.022667283E+02
1.231930000E-02 9.127365195E+02 8.156180259E-01 1.006388350E+02
1.251860000E-02 8.839373477E+02 7.862575184E-01 9.903663349E+01
1.272100000E-02 8.560645631E+02 7.577142782E-01 9.746089144E+01
1.292680000E-02 8.290553248E+02 7.298248914E-01 9.590927376E+01
1.313590000E-02 8.029028299E+02 7.029645896E-01 9.438256990E+01
1.334830000E-02 7.775858907E+02 6.771015023E-01 9.288074137E+01
1.356420000E-02 7.530609587E+02 6.521832921E-01 9.140236800E+01
1.378360000E-02 7.293096940E+02 6.281818608E-01 8.994747381E+01
1.400660000E-02 7.063033730E+02 6.050591598E-01 8.851541416E+01
1.423310000E-02 6.840341409E+02 5.827478700E-01 8.710681440E+01
1.446330000E-02 6.624646269E+02 5.612539597E-01 8.572040959E+01
1.469730000E-02 6.415695574E+02 5.405461489E-01 8.435562995E+01
1.493500000E-02 6.213416766E+02 5.206086771E-01 8.301305658E+01
1.517650000E-02 6.017560607E+02 5.014099099E-01 8.169208974E+01
1.542200000E-02 5.827816456E+02 4.829130944E-01 8.039164829E+01
1.567140000E-02 5.644116486E+02 4.651028240E-01 7.911226821E+01
1.592490000E-02 5.466171159E+02 4.479451586E-01 7.785292215E+01
1.618250000E-02 5.293846372E+02 4.313096150E-01 7.661362583E+01
1.644420000E-02 5.127005844E+02 4.152578948E-01 7.539436397E+01
1.671020000E-02 4.965393167E+02 3.998009621E-01 7.419420474E+01
1.698050000E-02 4.808886353E+02 3.849192551E-01 7.301316216E+01
1.725510000E-02 4.657361462E+02 3.705948904E-01 7.185122080E+01
1.753420000E-02 4.510590525E+02 3.568006414E-01 7.070753157E+01
1.781780000E-02 4.368461899E+02 3.432762775E-01 6.958210329E+01
1.810600000E-02 4.230815623E+02 3.280940153E-01 6.847453883E+01
1.839890000E-02 4.097499338E+02 3.135817974E-01 6.738446320E+01
1.869640000E-02 3.968452440E+02 2.997160931E-01 6.631223123E+01
1.899880000E-02 3.843443542E+02 2.864604808E-01 6.525675306E+01
1.930610000E-02 3.722379028E+02 2.737908307E-01 6.421804507E+01
1.961840000E-02 3.605127052E+02 2.616809530E-01 6.319577539E+01
1.993570000E-02 3.491596477E+02 2.479475391E-01 6.218994066E+01
2.025820000E-02 3.381628409E+02 2.344382691E-01 6.119990917E+01
2.058580000E-02 3.275170884E+02 2.216678437E-01 6.022598102E+01
2.091880000E-02 3.172043774E+02 2.095907857E-01 5.926726198E+01
2.125710000E-02 3.072198801E+02 1.981339706E-01 5.832404232E+01
2.160090000E-02 2.975498581E+02 1.855650580E-01 5.739575666E+01
2.195030000E-02 2.881841671E+02 1.737928060E-01 5.648214375E+01
2.230530000E-02 2.791155526E+02 1.627681076E-01 5.558320220E+01
2.266610000E-02 2.703319108E+02 1.524420232E-01 5.469842628E+01
2.303270000E-02 2.618264987E+02 1.427714013E-01 5.382781871E+01
2.340530000E-02 2.535881599E+02 1.337135888E-01 5.297090830E+01
2.378380000E-02 2.456126570E+02 1.246920297E-01 5.212791900E+01
2.416850000E-02 2.378874316E+02 1.152423358E-01 5.129817738E+01
2.455940000E-02 2.304065999E+02 1.065087650E-01 5.048168929E+01
2.495660000E-02 2.231624094E+02 9.843712191E-02 4.967824143E+01
2.536030000E-02 2.161456849E+02 9.097678101E-02 4.888743430E+01
2.577050000E-02 2.093510645E+02 8.408202140E-02 4.810927223E+01
2.618730000E-02 2.027715668E+02 7.771000136E-02 4.734355966E+01
2.661090000E-02 1.963989778E+02 7.066294586E-02 4.658993119E+01
2.704130000E-02 1.902283841E+02 6.360223556E-02 4.584838747E+01
2.747860000E-02 1.842534708E+02 5.724714537E-02 4.511874695E+01
2.792310000E-02 1.784655871E+02 5.152660696E-02 4.440051427E+01
2.837470000E-02 1.728616022E+02 4.637805393E-02 4.369385403E+01
2.883370000E-02 1.674334678E+02 4.243063051E-02 4.299829713E+01
2.930000000E-02 9.113492760E-01 3.925451261E-02 4.231399317E+01
2.977390000E-02 9.175907900E-01 3.631598126E-02 4.164049721E+01
3.025550000E-02 9.235632632E-01 3.403645099E-02 4.097767348E+01
3.074490000E-02 9.290580267E-01 3.194444977E-02 4.032538730E+01
3.124210000E-02 9.342505571E-01 2.997298075E-02 3.968363202E+01
3.174750000E-02 9.392658728E-01 2.809621511E-02 3.905189385E+01
3.226090000E-02 9.441619161E-01 2.633724368E-02 3.843042197E+01
3.278270000E-02 9.489723895E-01 2.474321541E-02 3.781872756E+01
3.331300000E-02 9.537083394E-01 2.326454222E-02 3.721670219E+01
3.385180000E-02 9.585646375E-01 2.191603817E-02 3.662434494E+01
3.439930000E-02 9.632296995E-01 2.128909663E-02 3.604143108E+01
3.495570000E-02 9.675507027E-01 2.067995604E-02 3.546774918E+01
3.552110000E-02 9.717756212E-01 2.015364298E-02 3.490319838E+01
3.609560000E-02 9.757724658E-01 1.987844414E-02 3.434767673E+01
3.667940000E-02 9.795910122E-01 1.960699972E-02 3.380098911E+01
3.727270000E-02 9.834269803E-01 1.933929029E-02 3.326295117E+01
3.787550000E-02 9.871476317E-01 1.954527714E-02 3.273356127E+01
3.848820000E-02 9.905904919E-01 1.975917293E-02 3.221247032E+01
3.911070000E-02 9.939005574E-01 1.997563545E-02 3.169976503E+01
3.974320000E-02 9.971788347E-01 2.030913131E-02 3.119527366E+01
4.038610000E-02 1.000289256E+00 2.073009834E-02 3.069868098E+01
4.103930000E-02 1.003344306E+00 2.115994187E-02 3.021006694E+01
4.170310000E-02 1.006470304E+00 2.169605364E-02 2.972920478E+01
4.237760000E-02 1.009466068E+00 2.240008633E-02 2.925602205E+01
4.306300000E-02 1.012442368E+00 2.312697751E-02 2.879037689E+01
4.375950000E-02 1.015644942E+00 2.388786325E-02 2.833213359E+01
4.446730000E-02 1.018800769E+00 2.547031453E-02 2.788116211E+01
4.518650000E-02 1.021616326E+00 2.715758301E-02 2.743739834E+01
4.591740000E-02 1.024250594E+00 2.895663236E-02 2.700065770E+01
4.666000000E-02 1.026863836E+00 3.101822758E-02 2.657093871E+01
4.741470000E-02 1.029149930E+00 3.340087386E-02 2.614800895E+01
4.818160000E-02 1.031142228E+00 3.596650223E-02 2.573181463E+01
4.896090000E-02 1.032787045E+00 3.872915541E-02 2.532224694E+01
4.975280000E-02 1.034090242E+00 4.140450264E-02 2.491920053E+01
5.055760000E-02 1.035302124E+00 4.415643013E-02 2.452252480E+01
5.137530000E-02 1.036321984E+00 4.709153730E-02 2.413221918E+01
5.220620000E-02 1.037096897E+00 5.022180264E-02 2.374813719E+01
5.305060000E-02 1.037592388E+00 5.357170461E-02 2.337014096E+01
5.390870000E-02 1.037648680E+00 5.728201858E-02 2.299814316E+01
5.478060000E-02 1.036971632E+00 6.124932274E-02 2.263209968E+01
5.566670000E-02 1.034951865E+00 6.549148582E-02 2.227184295E+01
5.656700000E-02 1.032329313E+00 6.759459530E-02 2.191737232E+01
5.748200000E-02 1.030343738E+00 6.947745947E-02 2.156849101E+01
5.841170000E-02 1.028439713E+00 7.141269953E-02 2.122519975E+01
5.935640000E-02 1.026331994E+00 7.340239672E-02 2.088738535E+01
6.031650000E-02 1.023825925E+00 7.499484105E-02 2.055490620E+01
6.129210000E-02 1.021533314E+00 7.628537082E-02 2.022772919E+01
6.228340000E-02 1.019210222E+00 7.759815477E-02 1.990578549E+01
6.329080000E-02 1.016679865E+00 7.893350151E-02 1.958894500E+01
6.431450000E-02 1.013591683E+00 8.022887765E-02 1.927714590E+01
6.535470000E-02 1.010499502E+00 8.040452206E-02 1.897032654E+01
6.641180000E-02 1.007691612E+00 8.058018446E-02 1.866836918E+01
6.748590000E-02 1.004905075E+00 8.075655536E-02 1.837124496E+01
6.857750000E-02 1.001766347E+00 8.084407263E-02 1.807881594E+01
6.968670000E-02 9.987997995E-01 8.002182327E-02 1.779105626E+01
7.081380000E-02 9.961876147E-01 7.920822543E-02 1.750788688E+01
7.195910000E-02 9.937490044E-01 7.840288809E-02 1.722923161E+01
7.312300000E-02 9.913423459E-01 7.760549678E-02 1.695499364E+01
7.430570000E-02 9.888047402E-01 7.670463657E-02 1.668512644E+01
7.550760000E-02 9.864192976E-01 7.561687438E-02 1.641953923E+01
7.672890000E-02 9.840883994E-01 7.454442747E-02 1.615818811E+01
7.796990000E-02 9.816516202E-01 7.348739422E-02 1.590100795E+01
7.923100000E-02 9.788083704E-01 7.244521511E-02 1.564791559E+01
8.051250000E-02 9.755462352E-01 7.026945637E-02 1.539885111E+01
8.181470000E-02 9.732734177E-01 6.749714346E-02 1.515375599E+01
8.313800000E-02 9.715103215E-01 6.483419465E-02 1.491255503E+01
8.448270000E-02 9.700467449E-01 6.226786323E-02 1.467519386E+01
8.584910000E-02 9.687918598E-01 5.980034616E-02 1.444161907E+01
8.723770000E-02 9.676745429E-01 5.743044573E-02 1.421174561E+01
8.864870000E-02 9.666058765E-01 5.515454021E-02 1.398554068E+01
9.008250000E-02 9.653596454E-01 5.296888318E-02 1.376293953E+01
9.153950000E-02 9.642049584E-01 5.011864019E-02 1.354387996E+01
9.302010000E-02 9.636079792E-01 4.725449899E-02 1.332830216E+01
9.452460000E-02 9.633095637E-01 4.455415505E-02 1.311616235E+01
9.605350000E-02 9.631999797E-01 4.200807695E-02 1.290739015E+01
9.760710000E-02 9.632191514E-01 3.960745193E-02 1.270194484E+01
9.918580000E-02 9.633134602E-01 3.734414841E-02 1.249977315E+01
1.007900000E-01 9.633792119E-01 3.517273923E-02 1.230082349E+01
1.024200000E-01 9.636093456E-01 3.286518646E-02 1.210505761E+01
1.040770000E-01 9.640102260E-01 3.070854160E-02 1.191233414E+01
1.057600000E-01 9.645107505E-01 2.869402011E-02 1.172276853E+01
1.074710000E-01 9.650572726E-01 2.681117033E-02 1.153613533E+01
1.092090000E-01 9.655969398E-01 2.505213620E-02 1.135254420E+01
1.109750000E-01 9.659765042E-01 2.329715930E-02 1.117188556E+01
1.127700000E-01 9.666217280E-01 2.128182179E-02 1.099405870E+01
1.145940000E-01 9.674861544E-01 1.944084264E-02 1.081906557E+01
1.164480000E-01 9.684817020E-01 1.775905865E-02 1.064681231E+01
1.183310000E-01 9.695733781E-01 1.622300525E-02 1.047738970E+01
1.202450000E-01 9.708427694E-01 1.481960948E-02 1.031061583E+01
1.221900000E-01 9.720479817E-01 1.388823565E-02 1.014649317E+01
1.241660000E-01 9.730760692E-01 1.302524151E-02 9.985020054E+00
1.261750000E-01 9.740202437E-01 1.221564872E-02 9.826035268E+00
1.282150000E-01 9.749067165E-01 1.145659930E-02 9.669695433E+00
1.302890000E-01 9.757471036E-01 1.074462701E-02 9.515768791E+00
1.323970000E-01 9.765459389E-01 1.007678880E-02 9.364260519E+00
1.345380000E-01 9.773030723E-01 9.450592929E-03 9.215240304E+00
1.367140000E-01 9.780130194E-01 8.863322487E-03 9.068566496E+00
1.389250000E-01 9.786403301E-01 8.312489474E-03 8.924239698E+00
1.411720000E-01 9.792702937E-01 7.642318098E-03 8.782194770E+00
1.434560000E-01 9.799440876E-01 7.021183175E-03 8.642371180E+00
1.457760000E-01 9.806327975E-01 6.450672185E-03 8.504829327E+00
1.481340000E-01 9.813126364E-01 5.926462428E-03 8.369449282E+00
1.505300000E-01 9.819715655E-01 5.444849592E-03 8.236231980E+00
1.529640000E-01 9.825804315E-01 5.002432654E-03 8.105175074E+00
1.554390000E-01 9.831830956E-01 4.485924434E-03 7.976119249E+00
1.579530000E-01 9.838354048E-01 4.001881447E-03 7.849170323E+00
1.605070000E-01 9.845120388E-01 3.570097670E-03 7.724273708E+00
1.631030000E-01 9.851919952E-01 3.184860758E-03 7.601331674E+00
1.657420000E-01 9.858859330E-01 2.861889709E-03 7.480300708E+00
1.684220000E-01 9.865349220E-01 2.600758103E-03 7.361271093E+00
1.711460000E-01 9.871467534E-01 2.363444350E-03 7.244107370E+00
1.739150000E-01 9.877352422E-01 2.147753221E-03 7.128769801E+00
1.767270000E-01 9.883026832E-01 1.950765351E-03 7.015340044E+00
1.795860000E-01 9.888542622E-01 1.771030009E-03 6.903656187E+00
1.824910000E-01 9.893946048E-01 1.607858460E-03 6.793759692E+00
1.854420000E-01 9.899432539E-01 1.476973047E-03 6.685648343E+00
1.884420000E-01 9.904423171E-01 1.397542914E-03 6.579212702E+00
1.914890000E-01 9.909049474E-01 1.322406571E-03 6.474523341E+00
1.945870000E-01 9.913433686E-01 1.251286354E-03 6.371443108E+00
1.977340000E-01 9.917673563E-01 1.185292721E-03 6.270039548E+00
2.009320000E-01 9.921687170E-01 1.138211089E-03 6.170246651E+00
2.041820000E-01 9.925485109E-01 1.092994380E-03 6.072033774E+00
2.074850000E-01 9.929131208E-01 1.049571216E-03 5.975371714E+00
2.108400000E-01 9.932678618E-01 1.015126829E-03 5.880288370E+00
2.142510000E-01 9.936016137E-01 9.901789395E-04 5.786670774E+00
2.177160000E-01 9.939193260E-01 9.658573183E-04 5.694574583E+00
2.212370000E-01 9.942257263E-01 9.421327773E-04 5.603945091E+00
2.248160000E-01 9.945286928E-01 9.237865374E-04 5.514732048E+00
2.284520000E-01 9.948133351E-01 9.178952576E-04 5.426960587E+00
2.321470000E-01 9.950834103E-01 9.120413585E-04 5.340581614E+00
2.359020000E-01 9.953429524E-01 9.062218484E-04 5.255572229E+00
2.397170000E-01 9.955962996E-01 9.013082671E-04 5.171931903E+00
2.435950000E-01 9.958395713E-01 9.034831413E-04 5.089595435E+00
2.475350000E-01 9.960734486E-01 9.056701795E-04 5.008584645E+00
2.515380000E-01 9.963007062E-01 9.078665215E-04 4.928877545E+00
2.556070000E-01 9.965245089E-01 9.100606734E-04 4.850414895E+00
2.597410000E-01 9.967526945E-01 9.122644721E-04 4.773216396E+00
2.639420000E-01 9.969935162E-01 9.350446183E-04 4.697244092E+00
2.682110000E-01 9.972098827E-01 9.863142799E-04 4.622480062E+00
2.725490000E-01 9.974075891E-01 1.040399593E-03 4.548906802E+00
2.769570000E-01 9.975932970E-01 1.097447315E-03 4.476507183E+00
2.814370000E-01 9.977678984E-01 1.159372372E-03 4.405248777E+00
2.859890000E-01 9.979329849E-01 1.224996789E-03 4.335131771E+00
2.906150000E-01 9.980945781E-01 1.294336791E-03 4.266125286E+00
2.953150000E-01 9.982434621E-01 1.391382597E-03 4.198229010E+00
3.000920000E-01 9.983661376E-01 1.498692218E-03 4.131399704E+00
3.049450000E-01 9.984492164E-01 1.614282271E-03 4.065651183E+00
3.098780000E-01 9.984931106E-01 1.699395680E-03 4.000929398E+00
3.148900000E-01 9.985467551E-01 1.754559195E-03 3.937247928E+00
3.199830000E-01 9.986013249E-01 1.811504976E-03 3.874580837E+00
3.251580000E-01 9.986388947E-01 1.866668739E-03 3.812915567E+00
3.304180000E-01 9.986772969E-01 1.904650454E-03 3.752216889E+00
3.357620000E-01 9.987178264E-01 1.943403704E-03 3.692496471E+00
3.411920000E-01 9.987540451E-01 1.982962289E-03 3.633731154E+00
3.467110000E-01 9.987822985E-01 2.022457214E-03 3.575888853E+00
3.523190000E-01 9.988045008E-01 2.059645424E-03 3.518970024E+00
3.580170000E-01 9.988181435E-01 2.097539328E-03 3.462964049E+00
3.638080000E-01 9.988100822E-01 2.129847166E-03 3.407841499E+00
3.696920000E-01 9.988075825E-01 2.135764614E-03 3.353602458E+00
3.756720000E-01 9.988097272E-01 2.141685109E-03 3.300219340E+00
3.817480000E-01 9.988114589E-01 2.147625843E-03 3.247692195E+00
3.879220000E-01 9.988095123E-01 2.153587475E-03 3.196003320E+00
3.941970000E-01 9.987903840E-01 2.152147199E-03 3.145127944E+00
4.005730000E-01 9.987799355E-01 2.132225867E-03 3.095066318E+00
4.070520000E-01 9.987785436E-01 2.112495076E-03 3.045802502E+00
4.136350000E-01 9.987787995E-01 2.092951557E-03 2.997328563E+00
4.203260000E-01 9.987795298E-01 2.073570358E-03 2.949615299E+00
4.271240000E-01 9.987797412E-01 2.054376691E-03 2.902669951E+00
4.340320000E-01 9.987731936E-01 2.033019425E-03 2.856471412E+00
4.410520000E-01 9.987706256E-01 2.003668186E-03 2.811006412E+00
4.481860000E-01 9.987724356E-01 1.974745477E-03 2.766262221E+00
4.554350000E-01 9.987753153E-01 1.946234947E-03 2.722232591E+00
4.628020000E-01 9.987787310E-01 1.918137433E-03 2.678899400E+00
4.702870000E-01 9.987822142E-01 1.890445874E-03 2.636262538E+00
4.778940000E-01 9.987854276E-01 1.863152692E-03 2.594299154E+00
4.856230000E-01 9.987880162E-01 1.836233890E-03 2.553009227E+00
4.934780000E-01 9.987896172E-01 1.809701187E-03 2.512371372E+00
5.014590000E-01 9.987896519E-01 1.783559719E-03 2.472385579E+00
5.095700000E-01 9.987871598E-01 1.757791242E-03 2.433031772E+00
5.178120000E-01 9.987784600E-01 1.732394048E-03 2.394305269E+00
5.261870000E-01 9.987658801E-01 1.693679891E-03 2.356196561E+00
5.346980000E-01 9.987605041E-01 1.649140681E-03 2.318692047E+00
5.433460000E-01 9.987615143E-01 1.605776240E-03 2.281787296E+00
5.521340000E-01 9.987648366E-01 1.563478056E-03 2.245469397E+00
5.610650000E-01 9.987697507E-01 1.522245309E-03 2.209726146E+00
5.701390000E-01 9.987755887E-01 1.482103449E-03 2.174557432E+00
5.793610000E-01 9.987816344E-01 1.443017994E-03 2.139943835E+00
5.887320000E-01 9.987856043E-01 1.403997574E-03 2.105881793E+00
5.982540000E-01 9.987930920E-01 1.361431147E-03 2.072363912E+00
6.079300000E-01 9.988022351E-01 1.321512248E-03 2.039379534E+00
6.177630000E-01 9.988114407E-01 1.282714904E-03 2.006918511E+00
6.277550000E-01 9.988197563E-01 1.244814954E-03 1.974974313E+00
6.379080000E-01 9.988275327E-01 1.205481319E-03 1.943540448E+00
6.482260000E-01 9.988360867E-01 1.164044996E-03 1.912604555E+00
6.587110000E-01 9.988480545E-01 1.121902320E-03 1.882160765E+00
6.693650000E-01 9.988620374E-01 1.081293302E-03 1.852203208E+00
6.801910000E-01 9.988771404E-01 1.041811209E-03 1.822723323E+00
6.911930000E-01 9.988931311E-01 1.003452136E-03 1.793710295E+00
7.023720000E-01 9.989096523E-01 9.659633330E-04 1.765161481E+00
7.137330000E-01 9.989270117E-01 9.284856242E-04 1.737064140E+00
7.252770000E-01 9.989463855E-01 8.915454282E-04 1.709415851E+00
7.370080000E-01 9.989673696E-01 8.560728781E-04 1.682206977E+00
7.489280000E-01 9.989898485E-01 8.220075611E-04 1.655432832E+00
7.610420000E-01 9.990145450E-01 7.894979528E-04 1.629082232E+00
7.733510000E-01 9.990425346E-01 7.603686658E-04 1.603153031E+00
7.858590000E-01 9.990714801E-01 7.388349982E-04 1.577636701E+00
7.985700000E-01 9.990944044E-01 7.232118102E-04 1.552525139E+00
8.114860000E-01 9.991128800E-01 7.079194248E-04 1.527814405E+00
8.246110000E-01 9.991280740E-01 6.929467895E-04 1.503496800E+00
8.379490000E-01 9.991391306E-01 6.782914975E-04 1.479564985E+00
8.515020000E-01 9.991466028E-01 6.597340626E-04 1.456015370E+00
8.652740000E-01 9.991528902E-01 6.365915294E-04 1.432840927E+00
8.792690000E-01 9.991634249E-01 6.098848864E-04 1.410034927E+00
8.934910000E-01 9.991765514E-01 5.842969242E-04 1.387590921E+00
9.079430000E-01 9.991908683E-01 5.597823946E-04 1.365504222E+00
9.226280000E-01 9.992057349E-01 5.362961564E-04 1.343770187E+00
9.375510000E-01 9.992211110E-01 5.133456444E-04 1.322381396E+00
9.527150000E-01 9.992369249E-01 4.912599188E-04 1.301333557E+00
9.681240000E-01 9.992531144E-01 4.700264188E-04 1.280621077E+00
9.837830000E-01 9.992694954E-01 4.497148686E-04 1.260237268E+00
9.996950000E-01 9.992859407E-01 4.302509207E-04 1.240178254E+00
1.015860000E+00 9.993023367E-01 4.116035417E-04 1.220443762E+00
1.032290000E+00 9.993190112E-01 3.934916301E-04 1.201019093E+00
1.048990000E+00 9.993358532E-01 3.765628387E-04 1.181898779E+00
1.065960000E+00 9.993522618E-01 3.607738074E-04 1.163083043E+00
1.083200000E+00 9.993682663E-01 3.456447904E-04 1.144571640E+00
1.100720000E+00 9.993839598E-01 3.311439274E-04 1.126353659E+00
1.118520000E+00 9.993993538E-01 3.172493283E-04 1.108428995E+00
1.136610000E+00 9.994144563E-01 3.039308682E-04 1.090787517E+00
1.155000000E+00 9.994292652E-01 2.911656113E-04 1.073419913E+00
1.173680000E+00 9.994437528E-01 2.789372896E-04 1.056335628E+00
1.192660000E+00 9.994579161E-01 2.672142424E-04 1.039525095E+00
1.211950000E+00 9.994717317E-01 2.559813201E-04 1.022979496E+00
1.231550000E+00 9.994851052E-01 2.452186287E-04 1.006698875E+00
1.251470000E+00 9.994980599E-01 2.346380504E-04 9.906749662E-01
1.271720000E+00 9.995107081E-01 2.242157510E-04 9.749001352E-01
1.292290000E+00 9.995234022E-01 2.139079437E-04 9.593821820E-01
1.313190000E+00 9.995360550E-01 2.040709540E-04 9.441131900E-01
1.334430000E+00 9.995485571E-01 1.946825320E-04 9.290858269E-01
1.356010000E+00 9.995608631E-01 1.857221663E-04 9.143000420E-01
1.377940000E+00 9.995729542E-01 1.771711933E-04 8.997489005E-01
1.400230000E+00 9.995848146E-01 1.690090647E-04 8.854259657E-01
1.422880000E+00 9.995964272E-01 1.612194071E-04 8.713313842E-01
1.445890000E+00 9.996077740E-01 1.537863396E-04 8.574649524E-01
1.469280000E+00 9.996188369E-01 1.466642070E-04 8.438146575E-01
1.493040000E+00 9.996296049E-01 1.398308193E-04 8.303863259E-01
1.517190000E+00 9.996401850E-01 1.331482599E-04 8.171685814E-01
1.541730000E+00 9.996506046E-01 1.267618199E-04 8.041615588E-01
1.566670000E+00 9.996608390E-01 1.206787547E-04 7.913600184E-01
1.592010000E+00 9.996708598E-01 1.148840239E-04 7.787639525E-01
1.617760000E+00 9.996806600E-01 1.093650585E-04 7.663683117E-01
1.643920000E+00 9.996902351E-01 1.041085743E-04 7.541729525E-01
1.670510000E+00 9.996995879E-01 9.910144168E-05 7.421685593E-01
1.697530000E+00 9.997087151E-01 9.433363918E-05 7.303552809E-01
1.724990000E+00 9.997175780E-01 8.979294665E-05 7.187288042E-01
1.752890000E+00 9.997262293E-01 8.539359627E-05 7.072891054E-01
1.781240000E+00 9.997347049E-01 8.118485321E-05 6.960319777E-01
1.810050000E+00 9.997430006E-01 7.716424299E-05 6.849534543E-01
1.839320000E+00 9.997511158E-01 7.334040122E-05 6.740534545E-01
1.869070000E+00 9.997590455E-01 6.970357758E-05 6.633245411E-01
1.899300000E+00 9.997667874E-01 6.624603171E-05 6.527668088E-01
1.930020000E+00 9.997743448E-01 6.295808257E-05 6.423767629E-01
1.961240000E+00 9.997817219E-01 5.983277048E-05 6.321510881E-01
1.992960000E+00 9.997889294E-01 5.686256710E-05 6.220897559E-01
2.025200000E+00 9.997959191E-01 5.406816438E-05 6.121864507E-01
2.057950000E+00 9.998027343E-01 5.134479550E-05 6.024441799E-01
2.091240000E+00 9.998094208E-01 4.874692785E-05 5.928540005E-01
2.125060000E+00 9.998159620E-01 4.627303946E-05 5.834188211E-01
2.159430000E+00 9.998223667E-01 4.391615212E-05 5.741329888E-01
2.194360000E+00 9.998286404E-01 4.167216617E-05 5.649938934E-01
2.229850000E+00 9.998347925E-01 3.953408820E-05 5.560015248E-01
2.265920000E+00 9.998408346E-01 3.749953213E-05 5.471508262E-01
2.302570000E+00 9.998467760E-01 3.556408250E-05 5.384418280E-01
2.339810000E+00 9.998526302E-01 3.372240611E-05 5.298720836E-01
2.377660000E+00 9.998584147E-01 3.197018469E-05 5.214370431E-01
2.416110000E+00 9.998641514E-01 3.030100603E-05 5.131388885E-01
2.455190000E+00 9.998698712E-01 2.871481195E-05 5.049711020E-01
2.494900000E+00 9.998756082E-01 2.720730085E-05 4.969337448E-01
2.535260000E+00 9.998814189E-01 2.577245293E-05 4.890228221E-01
2.576260000E+00 9.998873839E-01 2.440927004E-05 4.812402475E-01
2.617930000E+00 9.998936410E-01 2.311322079E-05 4.735802714E-01
2.660270000E+00 9.999004425E-01 2.188198841E-05 4.660429205E-01
2.703300000E+00 9.999083587E-01 2.071163683E-05 4.586246440E-01
2.747030000E+00 9.999192251E-01 1.959974504E-05 4.513237933E-01
2.786600000E+00 9.999792835E-01 1.865891598E-05 4.449149501E-01
2.786800000E+00 9.999792777E-01 4.879227811E-05 4.448830200E-01
2.791460000E+00 9.999428594E-01 4.849862373E-05 4.441403423E-01
2.836610000E+00 9.999249932E-01 4.576640302E-05 4.370710108E-01
2.882490000E+00 9.999269234E-01 4.319386654E-05 4.301142415E-01
2.908600000E+00 9.999591360E-01 4.181205200E-05 4.262531802E-01
2.908800000E+00 9.999591207E-01 6.070217418E-05 4.262238724E-01
2.929110000E+00 9.999264567E-01 5.923538279E-05 4.232685014E-01
2.976480000E+00 9.999189910E-01 5.598680483E-05 4.165322797E-01
3.024630000E+00 9.999164564E-01 5.291635673E-05 4.099013764E-01
3.073550000E+00 9.999156053E-01 5.001858447E-05 4.033772023E-01
3.123260000E+00 9.999156828E-01 4.727989640E-05 3.969570257E-01
3.173780000E+00 9.999163733E-01 4.469201703E-05 3.906382925E-01
3.225110000E+00 9.999175190E-01 4.224683920E-05 3.844209965E-01
3.277270000E+00 9.999190510E-01 3.993845606E-05 3.783026727E-01
3.330280000E+00 9.999209989E-01 3.775654708E-05 3.722810094E-01
3.384150000E+00 9.999234854E-01 3.569576626E-05 3.663549193E-01
3.425900000E+00 9.999345313E-01 3.419706905E-05 3.618903062E-01
3.426100000E+00 9.999345235E-01 3.967175920E-05 3.618691807E-01
3.438880000E+00 9.999269823E-01 3.915943712E-05 3.605243568E-01
3.494500000E+00 9.999255809E-01 3.702585511E-05 3.547860924E-01
3.551020000E+00 9.999261602E-01 3.500859947E-05 3.491391206E-01
3.608460000E+00 9.999272249E-01 3.310244445E-05 3.435814724E-01
3.666820000E+00 9.999285309E-01 3.130230710E-05 3.381131335E-01
3.726130000E+00 9.999299886E-01 2.959899947E-05 3.327312788E-01
3.786400000E+00 9.999315549E-01 2.799028985E-05 3.274350306E-01
3.847640000E+00 9.999332106E-01 2.646990762E-05 3.222234928E-01
3.909870000E+00 9.999349675E-01 2.503330370E-05 3.170949418E-01
3.973110000E+00 9.999367186E-01 2.367475743E-05 3.120477409E-01
4.007900000E+00 9.999399561E-01 2.296771297E-05 3.093390554E-01
4.008100000E+00 9.999399547E-01 2.428225181E-05 3.093236197E-01
4.037380000E+00 9.999385798E-01 2.367528271E-05 3.070803343E-01
4.102680000E+00 9.999396985E-01 2.239019110E-05 3.021927131E-01
4.169030000E+00 9.999411172E-01 2.117617210E-05 2.973833242E-01
4.236460000E+00 9.999426656E-01 2.002869126E-05 2.926499955E-01
4.304980000E+00 9.999445483E-01 1.894310004E-05 2.879920464E-01
4.316900000E+00 9.999459387E-01 1.876207198E-05 2.871968311E-01
4.317100000E+00 9.999459428E-01 1.950944906E-05 2.871835260E-01
4.374620000E+00 9.999456065E-01 1.866281010E-05 2.834074731E-01
4.445370000E+00 9.999468433E-01 1.768553120E-05 2.788969197E-01
4.517270000E+00 9.999481540E-01 1.675498227E-05 2.744578031E-01
4.590330000E+00 9.999494821E-01 1.587209108E-05 2.700895143E-01
4.664580000E+00 9.999508094E-01 1.503169689E-05 2.657902748E-01
4.740030000E+00 9.999521277E-01 1.423410374E-05 2.615595260E-01
4.816690000E+00 9.999534309E-01 1.347696529E-05 2.573966770E-01
4.894600000E+00 9.999547159E-01 1.275796086E-05 2.532995546E-01
4.973770000E+00 9.999559806E-01 1.207540528E-05 2.492676581E-01
5.054210000E+00 9.999572230E-01 1.142788981E-05 2.453004525E-01
5.135960000E+00 9.999584420E-01 1.081359603E-05 2.413959610E-01
5.219030000E+00 9.999596365E-01 1.023103189E-05 2.375537217E-01
5.303440000E+00 9.999608058E-01 9.678624156E-06 2.337727965E-01
5.389220000E+00 9.999619498E-01 9.154983932E-06 2.300518442E-01
5.476390000E+00 9.999630678E-01 8.658586314E-06 2.263900124E-01
5.564970000E+00 9.999641598E-01 8.188254332E-06 2.227864661E-01
5.654980000E+00 9.999652258E-01 7.742723029E-06 2.192403863E-01
5.746440000E+00 9.999662655E-01 7.320700688E-06 2.157509693E-01
5.839390000E+00 9.999672793E-01 6.920953857E-06 2.123166975E-01
5.933830000E+00 9.999682673E-01 6.542485943E-06 2.089375665E-01
6.029810000E+00 9.999692298E-01 6.184152244E-06 2.056117854E-01
6.127330000E+00 9.999701669E-01 5.845009746E-06 2.023393550E-01
6.226440000E+00 9.999710792E-01 5.523987996E-06 1.991185975E-01
6.327150000E+00 9.999719668E-01 5.220218371E-06 1.959492030E-01
6.429480000E+00 9.999728301E-01 4.932851282E-06 1.928305244E-01
6.533480000E+00 9.999736697E-01 4.660999854E-06 1.897610462E-01
6.639150000E+00 9.999744857E-01 4.403864707E-06 1.867407725E-01
6.746540000E+00 9.999752789E-01 4.160679603E-06 1.837682723E-01
6.855650000E+00 9.999760494E-01 3.930660934E-06 1.808435378E-01
6.966540000E+00 9.999767981E-01 3.713256463E-06 1.779649582E-01
7.079220000E+00 9.999775250E-01 3.507710509E-06 1.751322886E-01
7.193720000E+00 9.999782308E-01 3.313317943E-06 1.723447674E-01
7.310070000E+00 9.999789161E-01 3.129622980E-06 1.696016591E-01
7.428310000E+00 9.999795812E-01 2.956024909E-06 1.669020275E-01
7.548450000E+00 9.999802266E-01 2.792028277E-06 1.642456398E-01
7.670540000E+00 9.999808529E-01 2.637012464E-06 1.616313845E-01
7.794610000E+00 9.999814604E-01 2.490548440E-06 1.590586315E-01
7.920680000E+00 9.999820497E-01 2.352121126E-06 1.565269649E-01
8.048790000E+00 9.999826213E-01 2.221405071E-06 1.540355755E-01
8.178980000E+00 9.999831757E-01 2.097898465E-06 1.515836938E-01
8.311260000E+00 9.999837131E-01 1.981254991E-06 1.491711245E-01
8.445690000E+00 9.999842342E-01 1.871072805E-06 1.467967685E-01
8.582290000E+00 9.999847394E-01 1.767042402E-06 1.444602781E-01
8.721110000E+00 9.999852291E-01 1.668805935E-06 1.421608029E-01
8.862160000E+00 9.999857037E-01 1.575990103E-06 1.398981738E-01
9.005500000E+00 9.999861638E-01 1.488338436E-06 1.376714230E-01
9.151160000E+00 9.999866096E-01 1.405585975E-06 1.354800921E-01
9.299170000E+00 9.999870416E-01 1.327462571E-06 1.333237267E-01
9.449580000E+00 9.999874602E-01 1.253709974E-06 1.312015984E-01
9.602420000E+00 9.999878657E-01 1.184096894E-06 1.291132860E-01
9.757730000E+00 9.999882583E-01 1.118309492E-06 1.270582400E-01
9.915550000E+00 9.999886380E-01 1.056275095E-06 1.250359284E-01
1.007590000E+01 9.999890056E-01 9.950346936E-07 1.230460803E-01
1.023890000E+01 9.999893638E-01 9.373558250E-07 1.210872262E-01
1.040450000E+01 9.999897114E-01 8.830487621E-07 1.191599789E-01
1.057280000E+01 9.999900488E-01 8.319118599E-07 1.172631659E-01
1.074380000E+01 9.999903760E-01 7.837700941E-07 1.153967870E-01
1.091760000E+01 9.999906935E-01 7.384453000E-07 1.135597567E-01
1.109420000E+01 9.999910015E-01 6.957788786E-07 1.117520867E-01
1.127360000E+01 9.999913003E-01 6.556230222E-07 1.099737440E-01
1.145590000E+01 9.999915903E-01 6.178271138E-07 1.082237101E-01
1.164120000E+01 9.999918719E-01 5.822472108E-07 1.065010480E-01
1.182950000E+01 9.999921454E-01 5.487590090E-07 1.048057822E-01
1.202080000E+01 9.999924112E-01 5.172469134E-07 1.031378943E-01
1.221530000E+01 9.999926698E-01 4.875819177E-07 1.014956653E-01
1.241280000E+01 9.999929215E-01 4.596757048E-07 9.988076824E-02
1.261360000E+01 9.999931671E-01 4.334060887E-07 9.829073381E-02
1.281760000E+01 9.999934071E-01 4.086891456E-07 9.672637623E-02
1.302500000E+01 9.999936428E-01 3.854230003E-07 9.518618042E-02
1.323560000E+01 9.999938752E-01 3.635380340E-07 9.367161292E-02
1.344970000E+01 9.999941071E-01 3.429389105E-07 9.218049473E-02
1.366720000E+01 9.999943430E-01 3.235569285E-07 9.071353313E-02
1.388830000E+01 9.999945959E-01 3.053145258E-07 8.926938502E-02
1.411290000E+01 9.999949289E-01 2.881494322E-07 8.784870579E-02
1.421340000E+01 9.999959616E-01 2.808694615E-07 8.722754584E-02
1.421360000E+01 9.999959616E-01 7.206585757E-07 8.722631846E-02
1.434120000E+01 9.999950470E-01 6.969444314E-07 8.645022732E-02
1.457310000E+01 9.999950643E-01 6.563108855E-07 8.507455517E-02
1.480890000E+01 9.999951579E-01 6.180331346E-07 8.371992518E-02
1.504840000E+01 9.999952739E-01 5.819971293E-07 8.238749635E-02
1.529180000E+01 9.999954000E-01 5.480608668E-07 8.107613231E-02
1.553910000E+01 9.999955315E-01 5.161061371E-07 7.978583058E-02
1.579040000E+01 9.999956664E-01 4.860142153E-07 7.851606039E-02
1.604580000E+01 9.999958046E-01 4.576758201E-07 7.726632514E-02
1.630540000E+01 9.999959485E-01 4.309855975E-07 7.603615980E-02
1.656910000E+01 9.999961080E-01 4.058574414E-07 7.482603159E-02
1.678460000E+01 9.999965774E-01 3.866869575E-07 7.386532893E-02
1.678480000E+01 9.999965775E-01 5.439475471E-07 7.386444879E-02
1.683710000E+01 9.999962952E-01 5.380351746E-07 7.363500840E-02
1.710940000E+01 9.999963249E-01 5.085465088E-07 7.246309046E-02
1.738610000E+01 9.999964295E-01 4.806769012E-07 7.130983947E-02
1.749290000E+01 9.999966098E-01 4.704433049E-07 7.087446907E-02
1.749310000E+01 9.999966099E-01 5.371307093E-07 7.087365876E-02
1.766740000E+01 9.999965055E-01 5.190478988E-07 7.017444559E-02
1.795310000E+01 9.999965764E-01 4.910628185E-07 6.905771148E-02
1.824350000E+01 9.999966592E-01 4.645063713E-07 6.795845096E-02
1.853860000E+01 9.999967454E-01 4.393145940E-07 6.687667893E-02
1.883840000E+01 9.999968325E-01 4.154294494E-07 6.581238322E-02
1.914310000E+01 9.999969196E-01 3.927787030E-07 6.476485000E-02
1.945270000E+01 9.999970059E-01 3.713099290E-07 6.373408319E-02
1.976740000E+01 9.999970910E-01 3.509617904E-07 6.271942694E-02
2.008710000E+01 9.999971747E-01 3.316863375E-07 6.172120416E-02
2.041200000E+01 9.999972568E-01 3.134271659E-07 6.073878111E-02
2.074210000E+01 9.999973372E-01 2.961374248E-07 5.977215422E-02
2.107760000E+01 9.999974159E-01 2.797646597E-07 5.882073860E-02
2.141850000E+01 9.999974927E-01 2.642667806E-07 5.788453907E-02
2.176500000E+01 9.999975677E-01 2.495961551E-07 5.696301401E-02
2.211700000E+01 9.999976407E-01 2.357165142E-07 5.605642718E-02
2.247470000E+01 9.999977119E-01 2.225844140E-07 5.516425136E-02
2.283820000E+01 9.999977813E-01 2.101615083E-07 5.428623972E-02
2.320760000E+01 9.999978488E-01 1.984118831E-07 5.342215481E-02
2.358300000E+01 9.999979144E-01 1.873003811E-07 5.257176780E-02
2.396440000E+01 9.999979783E-01 1.767958310E-07 5.173507369E-02
2.435200000E+01 9.999980404E-01 1.668645697E-07 5.091162943E-02
2.474590000E+01 9.999981007E-01 1.574771847E-07 5.010122889E-02
2.514620000E+01 9.999981594E-01 1.486048261E-07 4.930367213E-02
2.555290000E+01 9.999982163E-01 1.402216420E-07 4.851895480E-02
2.596620000E+01 9.999982716E-01 1.323007764E-07 4.774668608E-02
2.638610000E+01 9.999983252E-01 1.248186721E-07 4.698686051E-02
2.681290000E+01 9.999983774E-01 1.177499136E-07 4.623893723E-02
2.724660000E+01 9.999984279E-01 1.110736401E-07 4.550292514E-02
2.768730000E+01 9.999984770E-01 1.047688866E-07 4.477865303E-02
2.813510000E+01 9.999985246E-01 9.881540344E-08 4.406595320E-02
2.859020000E+01 9.999985708E-01 9.319419198E-08 4.336450952E-02
2.905260000E+01 9.999986156E-01 8.788756405E-08 4.267432175E-02
2.952250000E+01 9.999986590E-01 8.287796933E-08 4.199508849E-02
3.000000000E+01 0.000000000E+00 0.000000000E+00 4.132666667E-02
