# 11/08/2021 
# Data retrieved from www.chemicool.com/densities.html 
# Includes the real (n) and complex (k) part of the  refractive index. 
# Element, Bi  (Z = 83) 
# Nominal density, g cm-3 =  89.807 
#    E [keV]      n       k    Wavelength [nm] 
1.000000000E-02 -1.462160685E+02 7.999587988E+00 1.239800000E+02
1.016170000E-02 1.727665660E+04 9.737309207E+00 1.220071445E+02
1.032610000E-02 1.673095018E+04 9.499027788E+00 1.200646904E+02
1.049310000E-02 1.620266609E+04 9.266675707E+00 1.181538344E+02
1.066280000E-02 1.569106614E+04 9.016005663E+00 1.162733991E+02
1.083530000E-02 1.519546527E+04 8.747416727E+00 1.144223049E+02
1.101060000E-02 1.471549392E+04 8.486800325E+00 1.126005849E+02
1.118860000E-02 1.425103087E+04 8.234149252E+00 1.108092165E+02
1.136960000E-02 1.380093146E+04 7.988847811E+00 1.090451731E+02
1.155350000E-02 1.336511375E+04 7.729774523E+00 1.073094733E+02
1.174040000E-02 1.294300351E+04 7.473291911E+00 1.056011720E+02
1.193030000E-02 1.253427508E+04 7.225328418E+00 1.039202702E+02
1.212320000E-02 1.213859834E+04 6.985692211E+00 1.022667283E+02
1.231930000E-02 1.175525852E+04 6.753896557E+00 1.006388350E+02
1.251860000E-02 1.138397482E+04 6.529767973E+00 9.903663349E+01
1.272100000E-02 1.102463426E+04 6.310625454E+00 9.746089144E+01
1.292680000E-02 1.067642667E+04 6.055205785E+00 9.590927376E+01
1.313590000E-02 1.033926437E+04 5.810148001E+00 9.438256990E+01
1.334830000E-02 1.001287419E+04 5.575088962E+00 9.288074137E+01
1.356420000E-02 9.696694695E+03 5.349475188E+00 9.140236800E+01
1.378360000E-02 9.390489448E+03 5.132996022E+00 8.994747381E+01
1.400660000E-02 9.093888140E+03 4.920290086E+00 8.851541416E+01
1.423310000E-02 8.806789503E+03 4.657407519E+00 8.710681440E+01
1.446330000E-02 8.528711749E+03 4.408534444E+00 8.572040959E+01
1.469730000E-02 8.259329046E+03 4.172921526E+00 8.435562995E+01
1.493500000E-02 7.998547849E+03 3.949952010E+00 8.301305658E+01
1.517650000E-02 7.746046838E+03 3.738907999E+00 8.169208974E+01
1.542200000E-02 7.501425530E+03 3.515853534E+00 8.039164829E+01
1.567140000E-02 7.264596480E+03 3.296760403E+00 7.911226821E+01
1.592490000E-02 7.035186411E+03 3.091299459E+00 7.785292215E+01
1.618250000E-02 6.813022435E+03 2.898635109E+00 7.661362583E+01
1.644420000E-02 6.597928858E+03 2.686043266E+00 7.539436397E+01
1.671020000E-02 6.389575112E+03 2.474165632E+00 7.419420474E+01
1.698050000E-02 6.187803931E+03 2.279001018E+00 7.301316216E+01
1.725510000E-02 5.992455526E+03 2.099544073E+00 7.185122080E+01
1.753420000E-02 5.803235998E+03 1.934455849E+00 7.070753157E+01
1.781780000E-02 5.620001415E+03 1.782340056E+00 6.958210329E+01
1.810600000E-02 5.442545551E+03 1.642194122E+00 6.847453883E+01
1.839890000E-02 5.270671985E+03 1.508984460E+00 6.738446320E+01
1.869640000E-02 5.104302582E+03 1.386103732E+00 6.631223123E+01
1.899880000E-02 4.943139036E+03 1.273217395E+00 6.525675306E+01
1.930610000E-02 4.787060655E+03 1.166982216E+00 6.421804507E+01
1.961840000E-02 4.635897462E+03 1.061075851E+00 6.319577539E+01
1.993570000E-02 4.489531960E+03 9.647852329E-01 6.218994066E+01
2.025820000E-02 4.347759302E+03 8.783157744E-01 6.119990917E+01
2.058580000E-02 4.210512494E+03 8.000852295E-01 6.022598102E+01
2.091880000E-02 4.077559312E+03 7.369892491E-01 5.926726198E+01
2.125710000E-02 3.948837516E+03 6.947901859E-01 5.832404232E+01
2.160090000E-02 3.824169988E+03 6.550089283E-01 5.739575666E+01
2.195030000E-02 3.703425944E+03 6.175116234E-01 5.648214375E+01
2.230530000E-02 3.586511861E+03 5.960326283E-01 5.558320220E+01
2.266610000E-02 3.473271694E+03 5.752983646E-01 5.469842628E+01
2.303270000E-02 3.363618508E+03 5.611729052E-01 5.382781871E+01
2.340530000E-02 3.257408478E+03 5.567093926E-01 5.297090830E+01
2.378380000E-02 3.154586970E+03 5.790659351E-01 5.212791900E+01
2.416850000E-02 3.054992083E+03 9.702861795E-01 5.129817738E+01
2.455940000E-02 2.958547960E+03 1.555955955E+00 5.048168929E+01
2.495660000E-02 2.865154653E+03 1.618412085E+00 4.967824143E+01
2.536030000E-02 2.774693876E+03 1.667195571E+00 4.888743430E+01
2.577050000E-02 2.687096502E+03 1.667644437E+00 4.810927223E+01
2.618730000E-02 2.602272525E+03 1.668102754E+00 4.734355966E+01
2.661090000E-02 2.520116051E+03 1.661807876E+00 4.658993119E+01
2.704130000E-02 2.440563733E+03 1.627156561E+00 4.584838747E+01
2.747860000E-02 2.363534159E+03 1.593237370E+00 4.511874695E+01
2.792310000E-02 2.288915801E+03 1.535701988E+00 4.440051427E+01
2.837470000E-02 2.216668299E+03 1.436326530E+00 4.369385403E+01
2.883370000E-02 2.146687889E+03 1.335032455E+00 4.299829713E+01
2.930000000E-02 7.697167844E-01 1.237291194E+00 4.231399317E+01
2.977390000E-02 7.586188643E-01 1.129639162E+00 4.164049721E+01
3.025550000E-02 8.055401735E-01 9.962284160E-01 4.097767348E+01
3.074490000E-02 8.785211025E-01 9.425613393E-01 4.032538730E+01
3.124210000E-02 9.294570748E-01 8.997470520E-01 3.968363202E+01
3.174750000E-02 9.758574160E-01 8.585058470E-01 3.905189385E+01
3.226090000E-02 1.027376568E+00 8.158185119E-01 3.843042197E+01
3.278270000E-02 1.095187792E+00 7.880027207E-01 3.781872756E+01
3.331300000E-02 1.150927812E+00 7.795346554E-01 3.721670219E+01
3.385180000E-02 1.203689114E+00 7.727012257E-01 3.662434494E+01
3.439930000E-02 1.252014598E+00 7.760101082E-01 3.604143108E+01
3.495570000E-02 1.298049189E+00 7.793303041E-01 3.546774918E+01
3.552110000E-02 1.346466082E+00 7.933079543E-01 3.490319838E+01
3.609560000E-02 1.384610798E+00 8.133188973E-01 3.434767673E+01
3.667940000E-02 1.418896073E+00 8.338311766E-01 3.380098911E+01
3.727270000E-02 1.454636378E+00 8.629713135E-01 3.326295117E+01
3.787550000E-02 1.478410127E+00 8.998181064E-01 3.273356127E+01
3.848820000E-02 1.492868979E+00 9.382320650E-01 3.221247032E+01
3.911070000E-02 1.496632814E+00 9.779086277E-01 3.169976503E+01
3.974320000E-02 1.495320563E+00 1.007662645E+00 3.119527366E+01
4.038610000E-02 1.492697085E+00 1.038312215E+00 3.069868098E+01
4.103930000E-02 1.485481874E+00 1.069904754E+00 3.021006694E+01
4.170310000E-02 1.470157979E+00 1.102445836E+00 2.972920478E+01
4.237760000E-02 1.447711855E+00 1.122399013E+00 2.925602205E+01
4.306300000E-02 1.430239015E+00 1.138155491E+00 2.879037689E+01
4.375950000E-02 1.413346579E+00 1.154135261E+00 2.833213359E+01
4.446730000E-02 1.395028815E+00 1.170341797E+00 2.788116211E+01
4.518650000E-02 1.372824782E+00 1.184716890E+00 2.743739834E+01
4.591740000E-02 1.351669601E+00 1.194974155E+00 2.700065770E+01
4.666000000E-02 1.330793026E+00 1.205333881E+00 2.657093871E+01
4.741470000E-02 1.309022134E+00 1.215771583E+00 2.614800895E+01
4.818160000E-02 1.285012656E+00 1.226307945E+00 2.573181463E+01
4.896090000E-02 1.256253114E+00 1.236931303E+00 2.532224694E+01
4.975280000E-02 1.226769933E+00 1.237696781E+00 2.491920053E+01
5.055760000E-02 1.200368141E+00 1.238083196E+00 2.452252480E+01
5.137530000E-02 1.174606346E+00 1.238466749E+00 2.413221918E+01
5.220620000E-02 1.148396560E+00 1.238855956E+00 2.374813719E+01
5.305060000E-02 1.120004933E+00 1.239244216E+00 2.337014096E+01
5.390870000E-02 1.088123180E+00 1.234288074E+00 2.299814316E+01
5.478060000E-02 1.060438797E+00 1.226028544E+00 2.263209968E+01
5.566670000E-02 1.034733231E+00 1.217821218E+00 2.227184295E+01
5.656700000E-02 1.009335017E+00 1.209667779E+00 2.191737232E+01
5.748200000E-02 9.830387526E-01 1.201413817E+00 2.156849101E+01
5.841170000E-02 9.574653394E-01 1.190021137E+00 2.122519975E+01
5.935640000E-02 9.332648272E-01 1.178733682E+00 2.088738535E+01
6.031650000E-02 9.094599486E-01 1.167546402E+00 2.055490620E+01
6.129210000E-02 8.854152942E-01 1.156470560E+00 2.022772919E+01
6.228340000E-02 8.601669961E-01 1.144219913E+00 1.990578549E+01
6.329080000E-02 8.361544843E-01 1.130705485E+00 1.958894500E+01
6.431450000E-02 8.123855779E-01 1.117347519E+00 1.927714590E+01
6.535470000E-02 7.881891891E-01 1.104150267E+00 1.897032654E+01
6.641180000E-02 7.624443078E-01 1.091106627E+00 1.866836918E+01
6.748590000E-02 7.320956357E-01 1.078219641E+00 1.837124496E+01
6.857750000E-02 7.026767525E-01 1.054204929E+00 1.807881594E+01
6.968670000E-02 6.778030519E-01 1.030479023E+00 1.779105626E+01
7.081380000E-02 6.542991630E-01 1.007283263E+00 1.750788688E+01
7.195910000E-02 6.296094729E-01 9.846152542E-01 1.722923161E+01
7.312300000E-02 6.054249789E-01 9.561997138E-01 1.695499364E+01
7.430570000E-02 5.850693992E-01 9.274117210E-01 1.668512644E+01
7.550760000E-02 5.658336789E-01 8.994866760E-01 1.641953923E+01
7.672890000E-02 5.445656718E-01 8.724074545E-01 1.615818811E+01
7.796990000E-02 5.224703057E-01 8.365668986E-01 1.590100795E+01
7.923100000E-02 5.085569253E-01 7.982855762E-01 1.564791559E+01
8.051250000E-02 4.988884337E-01 7.617556342E-01 1.539885111E+01
8.181470000E-02 4.919195768E-01 7.262601950E-01 1.515375599E+01
8.313800000E-02 4.874733240E-01 6.921895176E-01 1.491255503E+01
8.448270000E-02 4.848294277E-01 6.597139884E-01 1.467519386E+01
8.584910000E-02 4.833084858E-01 6.287646362E-01 1.444161907E+01
8.723770000E-02 4.825274801E-01 5.985176312E-01 1.421174561E+01
8.864870000E-02 4.831640415E-01 5.693095873E-01 1.398554068E+01
9.008250000E-02 4.846719601E-01 5.415255711E-01 1.376293953E+01
9.153950000E-02 4.865001118E-01 5.150988335E-01 1.354387996E+01
9.302010000E-02 4.880673150E-01 4.899595465E-01 1.332830216E+01
9.452460000E-02 4.875931566E-01 4.660485823E-01 1.311616235E+01
9.605350000E-02 4.853823168E-01 4.360213733E-01 1.290739015E+01
9.760710000E-02 4.892580543E-01 4.046734296E-01 1.270194484E+01
9.918580000E-02 4.968584316E-01 3.755835038E-01 1.249977315E+01
1.007900000E-01 5.060964798E-01 3.485826134E-01 1.230082349E+01
1.024200000E-01 5.164062533E-01 3.235239971E-01 1.210505761E+01
1.040770000E-01 5.273735469E-01 3.002632386E-01 1.191233414E+01
1.057600000E-01 5.385971723E-01 2.786782099E-01 1.172276853E+01
1.074710000E-01 5.493519160E-01 2.586412217E-01 1.153613533E+01
1.092090000E-01 5.602845065E-01 2.376428939E-01 1.135254420E+01
1.109750000E-01 5.727932135E-01 2.178319729E-01 1.117188556E+01
1.127700000E-01 5.861783594E-01 1.996705058E-01 1.099405870E+01
1.145940000E-01 5.998435861E-01 1.830232039E-01 1.081906557E+01
1.164480000E-01 6.135656280E-01 1.677622787E-01 1.064681231E+01
1.183310000E-01 6.270775054E-01 1.537772704E-01 1.047738970E+01
1.202450000E-01 6.406034313E-01 1.403920802E-01 1.031061583E+01
1.221900000E-01 6.542339077E-01 1.281541442E-01 1.014649317E+01
1.241660000E-01 6.678072613E-01 1.169828345E-01 9.985020054E+00
1.261750000E-01 6.812253447E-01 1.067833852E-01 9.826035268E+00
1.282150000E-01 6.944455656E-01 9.747560872E-02 9.669695433E+00
1.302890000E-01 7.075012312E-01 8.897791318E-02 9.515768791E+00
1.323970000E-01 7.205040390E-01 8.122057178E-02 9.364260519E+00
1.345380000E-01 7.340688681E-01 7.477452678E-02 9.215240304E+00
1.367140000E-01 7.461283885E-01 7.024642229E-02 9.068566496E+00
1.389250000E-01 7.571065597E-01 6.599259588E-02 8.924239698E+00
1.411720000E-01 7.673418844E-01 6.199624109E-02 8.782194770E+00
1.434560000E-01 7.769860355E-01 5.824134534E-02 8.642371180E+00
1.457760000E-01 7.860882263E-01 5.471457810E-02 8.504829327E+00
1.481340000E-01 7.945799262E-01 5.140115733E-02 8.369449282E+00
1.505300000E-01 8.027261972E-01 4.774124289E-02 8.236231980E+00
1.529640000E-01 8.108346762E-01 4.425061025E-02 8.105175074E+00
1.554390000E-01 8.188309996E-01 4.101441282E-02 7.976119249E+00
1.579530000E-01 8.266315772E-01 3.801539905E-02 7.849170323E+00
1.605070000E-01 8.342385925E-01 3.523665165E-02 7.724273708E+00
1.631030000E-01 8.416588270E-01 3.266848813E-02 7.601331674E+00
1.657420000E-01 8.489113509E-01 3.028715601E-02 7.480300708E+00
1.684220000E-01 8.560418966E-01 2.807990583E-02 7.361271093E+00
1.711460000E-01 8.633325030E-01 2.607415723E-02 7.244107370E+00
1.739150000E-01 8.702515795E-01 2.489351068E-02 7.128769801E+00
1.767270000E-01 8.767348631E-01 2.376683357E-02 7.015340044E+00
1.795860000E-01 8.830662320E-01 2.289254337E-02 6.903656187E+00
1.824910000E-01 8.889204876E-01 2.229234796E-02 6.793759692E+00
1.854420000E-01 8.944473117E-01 2.170813589E-02 6.685648343E+00
1.884420000E-01 8.998392185E-01 2.119060541E-02 6.579212702E+00
1.914890000E-01 9.049397986E-01 2.084110913E-02 6.474523341E+00
1.945870000E-01 9.098725276E-01 2.049709489E-02 6.371443108E+00
1.977340000E-01 9.145811199E-01 2.038066189E-02 6.270039548E+00
2.009320000E-01 9.190526888E-01 2.027321730E-02 6.170246651E+00
2.041820000E-01 9.234671701E-01 2.020802550E-02 6.072033774E+00
2.074850000E-01 9.276146515E-01 2.046050193E-02 5.975371714E+00
2.108400000E-01 9.314872639E-01 2.071636065E-02 5.880288370E+00
2.142510000E-01 9.351943862E-01 2.099556841E-02 5.786670774E+00
2.177160000E-01 9.386913439E-01 2.135292467E-02 5.694574583E+00
2.212370000E-01 9.420094535E-01 2.171635652E-02 5.603945091E+00
2.248160000E-01 9.452347240E-01 2.208577978E-02 5.514732048E+00
2.284520000E-01 9.484323152E-01 2.268596642E-02 5.426960587E+00
2.321470000E-01 9.512840239E-01 2.348337212E-02 5.340581614E+00
2.359020000E-01 9.537654159E-01 2.424204357E-02 5.255572229E+00
2.397170000E-01 9.560924452E-01 2.493241252E-02 5.171931903E+00
2.435950000E-01 9.582679502E-01 2.564223127E-02 5.089595435E+00
2.475350000E-01 9.602491419E-01 2.637234349E-02 5.008584645E+00
2.515380000E-01 9.619055165E-01 2.712346622E-02 4.928877545E+00
2.556070000E-01 9.634525009E-01 2.754647391E-02 4.850414895E+00
2.597410000E-01 9.650030102E-01 2.796125759E-02 4.773216396E+00
2.639420000E-01 9.664877212E-01 2.838252699E-02 4.697244092E+00
2.682110000E-01 9.678875332E-01 2.881005413E-02 4.622480062E+00
2.725490000E-01 9.691903142E-01 2.924400749E-02 4.548906802E+00
2.769570000E-01 9.703867495E-01 2.968465485E-02 4.476507183E+00
2.814370000E-01 9.714391567E-01 3.011027930E-02 4.405248777E+00
2.859890000E-01 9.724277066E-01 3.047012828E-02 4.335131771E+00
2.906150000E-01 9.733422365E-01 3.083417530E-02 4.266125286E+00
2.953150000E-01 9.741662145E-01 3.120290217E-02 4.198229010E+00
3.000920000E-01 9.748816953E-01 3.157563319E-02 4.131399704E+00
3.049450000E-01 9.754626275E-01 3.195305124E-02 4.065651183E+00
3.098780000E-01 9.757995385E-01 3.233484865E-02 4.000929398E+00
3.148900000E-01 9.760547795E-01 3.232849465E-02 3.937247928E+00
3.199830000E-01 9.763882451E-01 3.226643621E-02 3.874580837E+00
3.251580000E-01 9.767609238E-01 3.220447957E-02 3.812915567E+00
3.304180000E-01 9.771087889E-01 3.214244168E-02 3.752216889E+00
3.357620000E-01 9.774096082E-01 3.208073014E-02 3.692496471E+00
3.411920000E-01 9.776072281E-01 3.201914274E-02 3.633731154E+00
3.467110000E-01 9.777531548E-01 3.177622493E-02 3.575888853E+00
3.523190000E-01 9.779492476E-01 3.148442303E-02 3.518970024E+00
3.580170000E-01 9.781748216E-01 3.119548911E-02 3.462964049E+00
3.638080000E-01 9.783866710E-01 3.090903523E-02 3.407841499E+00
3.696920000E-01 9.785460007E-01 3.062533507E-02 3.353602458E+00
3.756720000E-01 9.786379068E-01 3.025818267E-02 3.300219340E+00
3.817480000E-01 9.787991917E-01 2.979686879E-02 3.247692195E+00
3.879220000E-01 9.790021512E-01 2.934261870E-02 3.196003320E+00
3.941970000E-01 9.792222800E-01 2.889509858E-02 3.145127944E+00
4.005730000E-01 9.794500651E-01 2.845443174E-02 3.095066318E+00
4.070520000E-01 9.796894487E-01 2.802054983E-02 3.045802502E+00
4.136350000E-01 9.799206793E-01 2.761520512E-02 2.997328563E+00
4.203260000E-01 9.801341749E-01 2.721630862E-02 2.949615299E+00
4.271240000E-01 9.803313153E-01 2.682333399E-02 2.902669951E+00
4.340320000E-01 9.805099657E-01 2.643608172E-02 2.856471412E+00
4.410520000E-01 9.806660634E-01 2.605430208E-02 2.811006412E+00
4.481860000E-01 9.807606362E-01 2.567803462E-02 2.766262221E+00
4.554350000E-01 9.808351996E-01 2.521813733E-02 2.722232591E+00
4.628020000E-01 9.809503745E-01 2.473261112E-02 2.678899400E+00
4.702870000E-01 9.810812496E-01 2.425651044E-02 2.636262538E+00
4.778940000E-01 9.812139459E-01 2.378947126E-02 2.594299154E+00
4.856230000E-01 9.813398020E-01 2.333154536E-02 2.553009227E+00
4.934780000E-01 9.814494108E-01 2.288231531E-02 2.512371372E+00
5.014590000E-01 9.815081964E-01 2.243239486E-02 2.472385579E+00
5.095700000E-01 9.815874680E-01 2.190238308E-02 2.433031772E+00
5.178120000E-01 9.816906086E-01 2.138495446E-02 2.394305269E+00
5.261870000E-01 9.817993265E-01 2.087974098E-02 2.356196561E+00
5.346980000E-01 9.819005039E-01 2.038644118E-02 2.318692047E+00
5.433460000E-01 9.819219682E-01 1.990485256E-02 2.281787296E+00
5.521340000E-01 9.819551604E-01 1.928446001E-02 2.245469397E+00
5.610650000E-01 9.820698555E-01 1.865245550E-02 2.209726146E+00
5.701390000E-01 9.822122276E-01 1.803733195E-02 2.174557432E+00
5.793610000E-01 9.823882251E-01 1.741421226E-02 2.139943835E+00
5.887320000E-01 9.825933828E-01 1.680500636E-02 2.105881793E+00
5.982540000E-01 9.828241003E-01 1.621235607E-02 2.072363912E+00
6.079300000E-01 9.830732449E-01 1.563960588E-02 2.039379534E+00
6.177630000E-01 9.833352631E-01 1.508777237E-02 2.006918511E+00
6.277550000E-01 9.836025913E-01 1.455510696E-02 1.974974313E+00
6.379080000E-01 9.838757619E-01 1.403216489E-02 1.943540448E+00
6.482260000E-01 9.841588546E-01 1.351700357E-02 1.912604555E+00
6.587110000E-01 9.844603830E-01 1.301376164E-02 1.882160765E+00
6.693650000E-01 9.847762782E-01 1.252936414E-02 1.852203208E+00
6.801910000E-01 9.851066773E-01 1.206051155E-02 1.822723323E+00
6.911930000E-01 9.854616767E-01 1.160960453E-02 1.793710295E+00
7.023720000E-01 9.858674740E-01 1.119376780E-02 1.765161481E+00
7.137330000E-01 9.862844249E-01 1.088941624E-02 1.737064140E+00
7.252770000E-01 9.866194444E-01 1.065897690E-02 1.709415851E+00
7.370080000E-01 9.868962803E-01 1.043347212E-02 1.682206977E+00
7.489280000E-01 9.871303996E-01 1.021271344E-02 1.655432832E+00
7.610420000E-01 9.873168203E-01 9.993951680E-03 1.629082232E+00
7.733510000E-01 9.874417774E-01 9.752654321E-03 1.603153031E+00
7.858590000E-01 9.875369088E-01 9.431585436E-03 1.577636701E+00
7.985700000E-01 9.876932423E-01 9.052959546E-03 1.552525139E+00
8.114860000E-01 9.878873070E-01 8.689504733E-03 1.527814405E+00
8.246110000E-01 9.880983397E-01 8.340683597E-03 1.503496800E+00
8.379490000E-01 9.883176715E-01 8.005849504E-03 1.479564985E+00
8.515020000E-01 9.885418163E-01 7.680094282E-03 1.456015370E+00
8.652740000E-01 9.887707171E-01 7.362477055E-03 1.432840927E+00
8.792690000E-01 9.890082937E-01 7.053610942E-03 1.410034927E+00
8.934910000E-01 9.892522029E-01 6.757704996E-03 1.387590921E+00
9.079430000E-01 9.895016666E-01 6.474212137E-03 1.365504222E+00
9.226280000E-01 9.897646873E-01 6.202608194E-03 1.343770187E+00
9.375510000E-01 9.900234635E-01 5.973845480E-03 1.322381396E+00
9.527150000E-01 9.902688033E-01 5.761782324E-03 1.301333557E+00
9.681240000E-01 9.904945252E-01 5.564277425E-03 1.280621077E+00
9.837830000E-01 9.907034330E-01 5.373565951E-03 1.260237268E+00
9.996950000E-01 9.908946791E-01 5.184247940E-03 1.240178254E+00
1.015860000E+00 9.910615002E-01 4.996315694E-03 1.220443762E+00
1.032290000E+00 9.912377571E-01 4.765927895E-03 1.201019093E+00
1.048990000E+00 9.914292624E-01 4.545590242E-03 1.181898779E+00
1.065960000E+00 9.916286983E-01 4.335281916E-03 1.163083043E+00
1.083200000E+00 9.918303129E-01 4.134686323E-03 1.144571640E+00
1.100720000E+00 9.920323741E-01 3.943296934E-03 1.126353659E+00
1.118520000E+00 9.922336669E-01 3.760722008E-03 1.108428995E+00
1.136610000E+00 9.924335208E-01 3.586532636E-03 1.090787517E+00
1.155000000E+00 9.926314003E-01 3.420366111E-03 1.073419913E+00
1.173680000E+00 9.928265935E-01 3.261925006E-03 1.056335628E+00
1.192660000E+00 9.930189645E-01 3.110705339E-03 1.039525095E+00
1.211950000E+00 9.932083289E-01 2.966448272E-03 1.022979496E+00
1.231550000E+00 9.933944264E-01 2.828856262E-03 1.006698875E+00
1.251470000E+00 9.935771917E-01 2.697575147E-03 9.906749662E-01
1.271720000E+00 9.937565341E-01 2.572339817E-03 9.749001352E-01
1.292290000E+00 9.939321652E-01 2.452931084E-03 9.593821820E-01
1.313190000E+00 9.941041368E-01 2.338984523E-03 9.441131900E-01
1.334430000E+00 9.942724673E-01 2.230302690E-03 9.290858269E-01
1.356010000E+00 9.944370162E-01 2.126668217E-03 9.143000420E-01
1.377940000E+00 9.945978599E-01 2.027746371E-03 8.997489005E-01
1.400230000E+00 9.947549970E-01 1.933382442E-03 8.854259657E-01
1.422880000E+00 9.949083507E-01 1.843398606E-03 8.713313842E-01
1.445890000E+00 9.950577776E-01 1.757569730E-03 8.574649524E-01
1.469280000E+00 9.952031687E-01 1.675371217E-03 8.438146575E-01
1.493040000E+00 9.953444378E-01 1.596533705E-03 8.303863259E-01
1.517190000E+00 9.954829122E-01 1.519473764E-03 8.171685814E-01
1.541730000E+00 9.956189313E-01 1.445862616E-03 8.041615588E-01
1.566670000E+00 9.957522403E-01 1.375794351E-03 7.913600184E-01
1.592010000E+00 9.958825579E-01 1.309046383E-03 7.787639525E-01
1.617760000E+00 9.960098973E-01 1.245510064E-03 7.663683117E-01
1.643920000E+00 9.961341742E-01 1.185060276E-03 7.541729525E-01
1.670510000E+00 9.962554498E-01 1.127509087E-03 7.421685593E-01
1.697530000E+00 9.963737193E-01 1.072720695E-03 7.303552809E-01
1.724990000E+00 9.964886251E-01 1.020546616E-03 7.187288042E-01
1.752890000E+00 9.966007504E-01 9.700860873E-04 7.072891054E-01
1.781240000E+00 9.967105113E-01 9.218242651E-04 6.960319777E-01
1.810050000E+00 9.968179438E-01 8.757233834E-04 6.849534543E-01
1.839320000E+00 9.969230539E-01 8.319314413E-04 6.740534545E-01
1.869070000E+00 9.970257925E-01 7.903172884E-04 6.633245411E-01
1.899300000E+00 9.971261704E-01 7.507747746E-04 6.527668088E-01
1.930020000E+00 9.972242744E-01 7.131802556E-04 6.423767629E-01
1.961240000E+00 9.973201932E-01 6.774458672E-04 6.321510881E-01
1.992960000E+00 9.974141339E-01 6.434761458E-04 6.220897559E-01
2.025200000E+00 9.975055750E-01 6.115854250E-04 6.121864507E-01
2.057950000E+00 9.975950856E-01 5.804840784E-04 6.024441799E-01
2.091240000E+00 9.976832445E-01 5.508702604E-04 5.928540005E-01
2.125060000E+00 9.977699698E-01 5.226746850E-04 5.834188211E-01
2.159430000E+00 9.978554548E-01 4.958391611E-04 5.741329888E-01
2.194360000E+00 9.979399842E-01 4.702496290E-04 5.649938934E-01
2.229850000E+00 9.980238341E-01 4.459489432E-04 5.560015248E-01
2.265920000E+00 9.981073887E-01 4.228160802E-04 5.471508262E-01
2.302570000E+00 9.981912184E-01 4.007916716E-04 5.384418280E-01
2.339810000E+00 9.982760620E-01 3.798646605E-04 5.298720836E-01
2.377660000E+00 9.983631146E-01 3.599362256E-04 5.214370431E-01
2.416110000E+00 9.984542082E-01 3.410164747E-04 5.131388885E-01
2.455190000E+00 9.985527572E-01 3.230192825E-04 5.049711020E-01
2.494900000E+00 9.986660911E-01 3.059138178E-04 4.969337448E-01
2.535260000E+00 9.988162158E-01 2.896508615E-04 4.890228221E-01
2.576260000E+00 9.992441603E-01 2.742257019E-04 4.812402475E-01
2.579500000E+00 9.997549544E-01 2.730546204E-04 4.806357821E-01
2.579700000E+00 9.997549045E-01 7.287592651E-04 4.805985192E-01
2.617930000E+00 9.989499965E-01 6.917148326E-04 4.735802714E-01
2.660270000E+00 9.989546495E-01 6.534555897E-04 4.660429205E-01
2.687500000E+00 9.994263252E-01 6.302795095E-04 4.613209302E-01
2.687700000E+00 9.994258154E-01 9.142810085E-04 4.612866019E-01
2.703300000E+00 9.989677865E-01 8.959154109E-04 4.586246440E-01
2.747030000E+00 9.988388405E-01 8.469031681E-04 4.513237933E-01
2.791460000E+00 9.987949267E-01 8.005965975E-04 4.441403423E-01
2.836610000E+00 9.987781911E-01 7.568194694E-04 4.370710108E-01
2.882490000E+00 9.987762432E-01 7.154534960E-04 4.301142415E-01
2.929110000E+00 9.987839257E-01 6.763809859E-04 4.232685014E-01
2.976480000E+00 9.987986452E-01 6.394631822E-04 4.165322797E-01
3.024630000E+00 9.988192086E-01 6.045674023E-04 4.099013764E-01
3.073550000E+00 9.988456363E-01 5.716058629E-04 4.033772023E-01
3.123260000E+00 9.988810235E-01 5.404382273E-04 3.969570257E-01
3.173780000E+00 9.989748489E-01 5.109806064E-04 3.906382925E-01
3.176800000E+00 9.990672709E-01 5.092865222E-04 3.902669353E-01
3.177000000E+00 9.990673088E-01 5.927541642E-04 3.902423670E-01
3.225110000E+00 9.989212164E-01 5.624178711E-04 3.844209965E-01
3.277270000E+00 9.989244762E-01 5.317463562E-04 3.783026727E-01
3.330280000E+00 9.989376825E-01 5.027644584E-04 3.722810094E-01
3.384150000E+00 9.989553413E-01 4.753796132E-04 3.663549193E-01
3.438880000E+00 9.989756681E-01 4.494915557E-04 3.605243568E-01
3.494500000E+00 9.989978754E-01 4.250247512E-04 3.547860924E-01
3.551020000E+00 9.990216445E-01 4.019152210E-04 3.491391206E-01
3.608460000E+00 9.990471756E-01 3.800826935E-04 3.435814724E-01
3.666820000E+00 9.990768964E-01 3.594331344E-04 3.381131335E-01
3.696200000E+00 9.991259044E-01 3.495852058E-04 3.354255722E-01
3.696400000E+00 9.991259729E-01 3.705003986E-04 3.354074234E-01
3.726130000E+00 9.990990911E-01 3.603751340E-04 3.327312788E-01
3.786400000E+00 9.991148330E-01 3.409215219E-04 3.274350306E-01
3.847640000E+00 9.991350142E-01 3.225417017E-04 3.222234928E-01
3.909870000E+00 9.991570078E-01 3.051508669E-04 3.170949418E-01
3.973110000E+00 9.991818568E-01 2.887068986E-04 3.120477409E-01
3.999000000E+00 9.992093084E-01 2.823055490E-04 3.100275069E-01
3.999200000E+00 9.992093719E-01 2.930406468E-04 3.100120024E-01
4.037380000E+00 9.992012232E-01 2.838557724E-04 3.070803343E-01
4.102680000E+00 9.992185273E-01 2.689953770E-04 3.021927131E-01
4.169030000E+00 9.992374175E-01 2.548815503E-04 2.973833242E-01
4.236460000E+00 9.992566836E-01 2.414596365E-04 2.926499955E-01
4.304980000E+00 9.992760053E-01 2.287141098E-04 2.879920464E-01
4.374620000E+00 9.992952209E-01 2.166164490E-04 2.834074731E-01
4.445370000E+00 9.993142423E-01 2.051204523E-04 2.788969197E-01
4.517270000E+00 9.993330238E-01 1.942135543E-04 2.744578031E-01
4.590330000E+00 9.993515139E-01 1.838623259E-04 2.700895143E-01
4.664580000E+00 9.993696971E-01 1.740353344E-04 2.657902748E-01
4.740030000E+00 9.993875514E-01 1.647156160E-04 2.615595260E-01
4.816690000E+00 9.994050533E-01 1.558785551E-04 2.573966770E-01
4.894600000E+00 9.994221969E-01 1.474987855E-04 2.532995546E-01
4.973770000E+00 9.994389730E-01 1.395512629E-04 2.492676581E-01
5.054210000E+00 9.994553752E-01 1.320206279E-04 2.453004525E-01
5.135960000E+00 9.994714022E-01 1.248821350E-04 2.413959610E-01
5.219030000E+00 9.994870514E-01 1.181186284E-04 2.375537217E-01
5.303440000E+00 9.995023211E-01 1.117099249E-04 2.337727965E-01
5.389220000E+00 9.995172162E-01 1.056389863E-04 2.300518442E-01
5.476390000E+00 9.995317363E-01 9.988995888E-05 2.263900124E-01
5.564970000E+00 9.995458841E-01 9.444650751E-05 2.227864661E-01
5.654980000E+00 9.995596630E-01 8.929197001E-05 2.192403863E-01
5.746440000E+00 9.995730771E-01 8.441111765E-05 2.157509693E-01
5.839390000E+00 9.995861343E-01 7.979104562E-05 2.123166975E-01
5.933830000E+00 9.995988359E-01 7.541948049E-05 2.089375665E-01
6.029810000E+00 9.996111904E-01 7.128290540E-05 2.056117854E-01
6.127330000E+00 9.996232021E-01 6.736735047E-05 2.023393550E-01
6.226440000E+00 9.996348798E-01 6.366409730E-05 1.991185975E-01
6.327150000E+00 9.996462274E-01 6.016059939E-05 1.959492030E-01
6.429480000E+00 9.996572513E-01 5.684698791E-05 1.928305244E-01
6.533480000E+00 9.996679609E-01 5.371250675E-05 1.897610462E-01
6.639150000E+00 9.996783601E-01 5.074864226E-05 1.867407725E-01
6.746540000E+00 9.996884583E-01 4.794647206E-05 1.837682723E-01
6.855650000E+00 9.996982595E-01 4.529595897E-05 1.808435378E-01
6.966540000E+00 9.997077746E-01 4.279130776E-05 1.779649582E-01
7.079220000E+00 9.997170076E-01 4.042321745E-05 1.751322886E-01
7.193720000E+00 9.997259662E-01 3.818445709E-05 1.723447674E-01
7.310070000E+00 9.997346578E-01 3.606816914E-05 1.696016591E-01
7.428310000E+00 9.997430894E-01 3.406905114E-05 1.669020275E-01
7.548450000E+00 9.997512661E-01 3.217943591E-05 1.642456398E-01
7.670540000E+00 9.997591970E-01 3.039363069E-05 1.616313845E-01
7.794610000E+00 9.997668876E-01 2.870675040E-05 1.590586315E-01
7.920680000E+00 9.997743437E-01 2.711255903E-05 1.565269649E-01
8.048790000E+00 9.997815729E-01 2.560595334E-05 1.540355755E-01
8.178980000E+00 9.997885822E-01 2.418312703E-05 1.515836938E-01
8.311260000E+00 9.997953756E-01 2.283910475E-05 1.491711245E-01
8.445690000E+00 9.998019606E-01 2.156937815E-05 1.467967685E-01
8.582290000E+00 9.998083437E-01 2.036925069E-05 1.444602781E-01
8.721110000E+00 9.998145310E-01 1.923652414E-05 1.421608029E-01
8.862160000E+00 9.998205267E-01 1.816694941E-05 1.398981738E-01
9.005500000E+00 9.998263378E-01 1.715580732E-05 1.376714230E-01
9.151160000E+00 9.998319698E-01 1.620167580E-05 1.354800921E-01
9.299170000E+00 9.998374274E-01 1.529991968E-05 1.333237267E-01
9.449580000E+00 9.998427170E-01 1.444865174E-05 1.312015984E-01
9.602420000E+00 9.998478433E-01 1.364485833E-05 1.291132860E-01
9.757730000E+00 9.998528110E-01 1.288621654E-05 1.270582400E-01
9.915550000E+00 9.998576208E-01 1.216950865E-05 1.250359284E-01
1.007590000E+01 9.998622831E-01 1.148257913E-05 1.230460803E-01
1.023890000E+01 9.998668135E-01 1.083479161E-05 1.210872262E-01
1.040450000E+01 9.998712070E-01 1.022414011E-05 1.191599789E-01
1.057280000E+01 9.998754699E-01 9.648377870E-06 1.172631659E-01
1.074380000E+01 9.998796056E-01 9.105639750E-06 1.153967870E-01
1.091760000E+01 9.998836205E-01 8.593940335E-06 1.135597567E-01
1.109420000E+01 9.998875187E-01 8.111571371E-06 1.117520867E-01
1.127360000E+01 9.998913046E-01 7.656945638E-06 1.099737440E-01
1.145590000E+01 9.998949851E-01 7.228380714E-06 1.082237101E-01
1.164120000E+01 9.998985678E-01 6.824344704E-06 1.065010480E-01
1.182950000E+01 9.999020591E-01 6.443461063E-06 1.048057822E-01
1.202080000E+01 9.999054671E-01 6.084480469E-06 1.031378943E-01
1.221530000E+01 9.999088063E-01 5.745985640E-06 1.014956653E-01
1.241280000E+01 9.999120894E-01 5.427044598E-06 9.988076824E-02
1.261360000E+01 9.999153465E-01 5.126284999E-06 9.829073381E-02
1.281760000E+01 9.999186236E-01 4.842817240E-06 9.672637623E-02
1.302500000E+01 9.999220336E-01 4.575508444E-06 9.518618042E-02
1.323560000E+01 9.999259597E-01 4.323626985E-06 9.367161292E-02
1.341850000E+01 9.999422453E-01 4.119182397E-06 9.239482804E-02
1.341870000E+01 9.999422465E-01 1.012784917E-05 9.239345093E-02
1.344970000E+01 9.999315489E-01 1.004058257E-05 9.218049473E-02
1.366720000E+01 9.999298231E-01 9.454003430E-06 9.071353313E-02
1.388830000E+01 9.999309268E-01 8.901611170E-06 8.926938502E-02
1.411290000E+01 9.999324993E-01 8.381590465E-06 8.784870579E-02
1.434120000E+01 9.999342610E-01 7.891879208E-06 8.645022732E-02
1.457310000E+01 9.999361179E-01 7.430867882E-06 8.507455517E-02
1.480890000E+01 9.999380367E-01 6.996661316E-06 8.371992518E-02
1.504840000E+01 9.999400113E-01 6.587915697E-06 8.238749635E-02
1.529180000E+01 9.999420791E-01 6.203044439E-06 8.107613231E-02
1.553910000E+01 9.999444236E-01 5.840682932E-06 7.978583058E-02
1.571100000E+01 9.999508028E-01 5.604505160E-06 7.891286360E-02
1.571120000E+01 9.999508035E-01 7.856218826E-06 7.891185906E-02
1.579040000E+01 9.999466415E-01 7.720079338E-06 7.851606039E-02
1.604580000E+01 9.999473413E-01 7.301380191E-06 7.726632514E-02
1.630540000E+01 9.999488944E-01 6.905394832E-06 7.603615980E-02
1.638740000E+01 9.999512188E-01 6.786037258E-06 7.565568669E-02
1.638760000E+01 9.999512197E-01 7.694999183E-06 7.565476336E-02
1.656910000E+01 9.999499148E-01 7.410105677E-06 7.482603159E-02
1.683710000E+01 9.999509702E-01 7.013908881E-06 7.363500840E-02
1.710940000E+01 9.999521691E-01 6.637689092E-06 7.246309046E-02
1.738610000E+01 9.999534107E-01 6.280540087E-06 7.130983947E-02
1.766740000E+01 9.999546643E-01 5.941415743E-06 7.017444559E-02
1.795310000E+01 9.999559133E-01 5.619758642E-06 6.905771148E-02
1.824350000E+01 9.999571507E-01 5.314609510E-06 6.795845096E-02
1.853860000E+01 9.999583705E-01 5.025230649E-06 6.687667893E-02
1.883840000E+01 9.999595693E-01 4.750912494E-06 6.581238322E-02
1.914310000E+01 9.999607451E-01 4.490889068E-06 6.476485000E-02
1.945270000E+01 9.999618963E-01 4.244500871E-06 6.373408319E-02
1.976740000E+01 9.999630220E-01 4.011034189E-06 6.271942694E-02
2.008710000E+01 9.999641211E-01 3.789942074E-06 6.172120416E-02
2.041200000E+01 9.999651936E-01 3.580563124E-06 6.073878111E-02
2.074210000E+01 9.999662392E-01 3.382351278E-06 5.977215422E-02
2.107760000E+01 9.999672581E-01 3.194702611E-06 5.882073860E-02
2.141850000E+01 9.999682502E-01 3.017123161E-06 5.788453907E-02
2.176500000E+01 9.999692160E-01 2.849068532E-06 5.696301401E-02
2.211700000E+01 9.999701554E-01 2.690108421E-06 5.605642718E-02
2.247470000E+01 9.999710689E-01 2.539750627E-06 5.516425136E-02
2.283820000E+01 9.999719570E-01 2.397544043E-06 5.428623972E-02
2.320760000E+01 9.999728202E-01 2.263077364E-06 5.342215481E-02
2.358300000E+01 9.999736589E-01 2.135939930E-06 5.257176780E-02
2.396440000E+01 9.999744734E-01 2.015771644E-06 5.173507369E-02
2.435200000E+01 9.999752644E-01 1.902188950E-06 5.091162943E-02
2.474590000E+01 9.999760324E-01 1.794849101E-06 5.010122889E-02
2.514620000E+01 9.999767779E-01 1.693420790E-06 4.930367213E-02
2.555290000E+01 9.999775014E-01 1.597604878E-06 4.851895480E-02
2.596620000E+01 9.999782034E-01 1.507091146E-06 4.774668608E-02
2.638610000E+01 9.999788844E-01 1.421604444E-06 4.698686051E-02
2.681290000E+01 9.999795451E-01 1.340861263E-06 4.623893723E-02
2.724660000E+01 9.999801861E-01 1.264615215E-06 4.550292514E-02
2.768730000E+01 9.999808076E-01 1.192624041E-06 4.477865303E-02
2.813510000E+01 9.999814102E-01 1.124660169E-06 4.406595320E-02
2.859020000E+01 9.999819946E-01 1.060497961E-06 4.336450952E-02
2.905260000E+01 9.999825611E-01 9.999410403E-07 4.267432175E-02
2.952250000E+01 9.999831103E-01 9.427823238E-07 4.199508849E-02
3.000000000E+01 0.000000000E+00 0.000000000E+00 4.132666667E-02
