# 11/08/2021 
# Data retrieved from www.chemicool.com/densities.html 
# Includes the real (n) and complex (k) part of the  refractive index. 
# Element, C  (Z = 6) 
# Nominal density, g cm-3 =  2.267 
#    E [keV]      n       k    Wavelength [nm] 
1.000000000E-02 -3.701427066E+00 3.467615890E-04 1.239800000E+02
1.016170000E-02 7.588562526E+03 6.461622579E-01 1.220071445E+02
1.032610000E-02 7.348885291E+03 6.603675831E-01 1.200646904E+02
1.049310000E-02 7.116860042E+03 6.748936721E-01 1.181538344E+02
1.066280000E-02 6.892162555E+03 6.897365221E-01 1.162733991E+02
1.083530000E-02 6.674491950E+03 7.058257237E-01 1.144223049E+02
1.101060000E-02 6.463685919E+03 7.249725887E-01 1.126005849E+02
1.118860000E-02 6.259691217E+03 7.446584425E-01 1.108092165E+02
1.136960000E-02 6.062005103E+03 7.648601709E-01 1.090451731E+02
1.155350000E-02 5.870591589E+03 7.856177433E-01 1.073094733E+02
1.174040000E-02 5.685198472E+03 8.069299293E-01 1.056011720E+02
1.193030000E-02 5.505682716E+03 8.288293798E-01 1.039202702E+02
1.212320000E-02 5.331899336E+03 8.475431527E-01 1.022667283E+02
1.231930000E-02 5.163534401E+03 8.664631695E-01 1.006388350E+02
1.251860000E-02 5.000464576E+03 8.857987236E-01 9.903663349E+01
1.272100000E-02 4.842640241E+03 9.055886417E-01 9.746089144E+01
1.292680000E-02 4.689705573E+03 9.257977872E-01 9.590927376E+01
1.313590000E-02 4.541622051E+03 9.464647163E-01 9.438256990E+01
1.334830000E-02 4.398269705E+03 9.676060274E-01 9.288074137E+01
1.356420000E-02 4.259401948E+03 9.762723979E-01 9.140236800E+01
1.378360000E-02 4.124914935E+03 9.827735956E-01 8.994747381E+01
1.400660000E-02 3.994646025E+03 9.893090766E-01 8.851541416E+01
1.423310000E-02 3.868550738E+03 9.959049520E-01 8.710681440E+01
1.446330000E-02 3.746417473E+03 1.002542514E+00 8.572040959E+01
1.469730000E-02 3.628103122E+03 1.005221577E+00 8.435562995E+01
1.493500000E-02 3.513566600E+03 9.997939965E-01 8.301305658E+01
1.517650000E-02 3.402666779E+03 9.943998362E-01 8.169208974E+01
1.542200000E-02 3.295227768E+03 9.890227839E-01 8.039164829E+01
1.567140000E-02 3.191211158E+03 9.836819410E-01 7.911226821E+01
1.592490000E-02 3.090453006E+03 9.783638623E-01 7.785292215E+01
1.618250000E-02 2.992877377E+03 9.701025502E-01 7.661362583E+01
1.644420000E-02 2.898407106E+03 9.526989833E-01 7.539436397E+01
1.671020000E-02 2.806897005E+03 9.356020689E-01 7.419420474E+01
1.698050000E-02 2.718278003E+03 9.188117257E-01 7.301316216E+01
1.725510000E-02 2.632479919E+03 9.023273321E-01 7.185122080E+01
1.753420000E-02 2.549373671E+03 8.861352035E-01 7.070753157E+01
1.781780000E-02 2.468896043E+03 8.688874797E-01 6.958210329E+01
1.810600000E-02 2.390956461E+03 8.467912841E-01 6.847453883E+01
1.839890000E-02 2.315468654E+03 8.252554058E-01 6.738446320E+01
1.869640000E-02 2.242398305E+03 8.042784500E-01 6.631223123E+01
1.899880000E-02 2.171614398E+03 7.838264644E-01 6.525675306E+01
1.930610000E-02 2.103063922E+03 7.638949486E-01 6.421804507E+01
1.961840000E-02 2.036672224E+03 7.444668516E-01 6.319577539E+01
1.993570000E-02 1.972387698E+03 7.255373123E-01 6.218994066E+01
2.025820000E-02 1.910120374E+03 7.070848021E-01 6.119990917E+01
2.058580000E-02 1.849840828E+03 6.831946681E-01 6.022598102E+01
2.091880000E-02 1.791447066E+03 6.575250768E-01 5.926726198E+01
2.125710000E-02 1.734911752E+03 6.328266338E-01 5.832404232E+01
2.160090000E-02 1.680157094E+03 6.090525625E-01 5.739575666E+01
2.195030000E-02 1.627125652E+03 5.861695901E-01 5.648214375E+01
2.230530000E-02 1.575776349E+03 5.641491771E-01 5.558320220E+01
2.266610000E-02 1.526040651E+03 5.429535166E-01 5.469842628E+01
2.303270000E-02 1.477880374E+03 5.218635601E-01 5.382781871E+01
2.340530000E-02 1.431232350E+03 4.976161544E-01 5.297090830E+01
2.378380000E-02 1.386072583E+03 4.744999082E-01 5.212791900E+01
2.416850000E-02 1.342329966E+03 4.524557232E-01 5.129817738E+01
2.455940000E-02 1.299971182E+03 4.314353699E-01 5.048168929E+01
2.495660000E-02 1.258952332E+03 4.113915519E-01 4.967824143E+01
2.536030000E-02 1.219221466E+03 3.922785208E-01 4.888743430E+01
2.577050000E-02 1.180748222E+03 3.740529842E-01 4.810927223E+01
2.618730000E-02 1.143493069E+03 3.566031773E-01 4.734355966E+01
2.661090000E-02 1.107409498E+03 3.389824479E-01 4.658993119E+01
2.704130000E-02 1.072469686E+03 3.222317296E-01 4.584838747E+01
2.747860000E-02 1.038637878E+03 3.063112412E-01 4.511874695E+01
2.792310000E-02 1.005865088E+03 2.911747087E-01 4.440051427E+01
2.837470000E-02 9.741335915E+02 2.767878453E-01 4.369385403E+01
2.883370000E-02 9.433978142E+02 2.631098544E-01 4.299829713E+01
2.930000000E-02 6.683880848E-01 2.501104362E-01 4.231399317E+01
2.977390000E-02 6.752716936E-01 2.377517717E-01 4.164049721E+01
3.025550000E-02 6.821957930E-01 2.256549396E-01 4.097767348E+01
3.074490000E-02 6.893456771E-01 2.141694686E-01 4.032538730E+01
3.124210000E-02 6.965698064E-01 2.032694018E-01 3.968363202E+01
3.174750000E-02 7.038245704E-01 1.929222948E-01 3.905189385E+01
3.226090000E-02 7.110719363E-01 1.831040685E-01 3.843042197E+01
3.278270000E-02 7.182934739E-01 1.737846680E-01 3.781872756E+01
3.331300000E-02 7.254730162E-01 1.649384628E-01 3.721670219E+01
3.385180000E-02 7.325943790E-01 1.565440620E-01 3.662434494E+01
3.439930000E-02 7.396580517E-01 1.485764022E-01 3.604143108E+01
3.495570000E-02 7.466807887E-01 1.410144849E-01 3.546774918E+01
3.552110000E-02 7.536357466E-01 1.340155114E-01 3.490319838E+01
3.609560000E-02 7.603457307E-01 1.273946641E-01 3.434767673E+01
3.667940000E-02 7.668858678E-01 1.211007920E-01 3.380098911E+01
3.727270000E-02 7.732673021E-01 1.151176401E-01 3.326295117E+01
3.787550000E-02 7.794874244E-01 1.094304144E-01 3.273356127E+01
3.848820000E-02 7.855424820E-01 1.040237873E-01 3.221247032E+01
3.911070000E-02 7.913272896E-01 9.888441180E-02 3.169976503E+01
3.974320000E-02 7.968800396E-01 9.376480792E-02 3.119527366E+01
4.038610000E-02 8.025455123E-01 8.870823375E-02 3.069868098E+01
4.103930000E-02 8.082139101E-01 8.392493674E-02 3.021006694E+01
4.170310000E-02 8.138283070E-01 7.939930232E-02 2.972920478E+01
4.237760000E-02 8.193698080E-01 7.511826697E-02 2.925602205E+01
4.306300000E-02 8.248314088E-01 7.106776244E-02 2.879037689E+01
4.375950000E-02 8.302134228E-01 6.723536181E-02 2.833213359E+01
4.446730000E-02 8.355636100E-01 6.361010069E-02 2.788116211E+01
4.518650000E-02 8.408987532E-01 6.021865376E-02 2.743739834E+01
4.591740000E-02 8.460754984E-01 5.737248471E-02 2.700065770E+01
4.666000000E-02 8.509363276E-01 5.466107072E-02 2.657093871E+01
4.741470000E-02 8.555999406E-01 5.207777862E-02 2.614800895E+01
4.818160000E-02 8.600973686E-01 4.961665053E-02 2.573181463E+01
4.896090000E-02 8.644462274E-01 4.727178691E-02 2.532224694E+01
4.975280000E-02 8.686589630E-01 4.503757989E-02 2.491920053E+01
5.055760000E-02 8.727458695E-01 4.290883484E-02 2.452252480E+01
5.137530000E-02 8.767157522E-01 4.088080326E-02 2.413221918E+01
5.220620000E-02 8.805818169E-01 3.894874305E-02 2.374813719E+01
5.305060000E-02 8.843709110E-01 3.710815429E-02 2.337014096E+01
5.390870000E-02 8.881162614E-01 3.546813736E-02 2.299814316E+01
5.478060000E-02 8.916397894E-01 3.398827437E-02 2.263209968E+01
5.566670000E-02 8.949930467E-01 3.256993187E-02 2.227184295E+01
5.656700000E-02 8.982083080E-01 3.121085235E-02 2.191737232E+01
5.748200000E-02 9.012979485E-01 2.990830407E-02 2.156849101E+01
5.841170000E-02 9.042674541E-01 2.866044349E-02 2.122519975E+01
5.935640000E-02 9.071183684E-01 2.746449518E-02 2.088738535E+01
6.031650000E-02 9.098417629E-01 2.631840847E-02 2.055490620E+01
6.129210000E-02 9.124076856E-01 2.516582514E-02 2.022772919E+01
6.228340000E-02 9.149420436E-01 2.393562922E-02 1.990578549E+01
6.329080000E-02 9.174690011E-01 2.276561396E-02 1.958894500E+01
6.431450000E-02 9.199480986E-01 2.165263163E-02 1.927714590E+01
6.535470000E-02 9.223698480E-01 2.059406610E-02 1.897032654E+01
6.641180000E-02 9.247317944E-01 1.958729331E-02 1.866836918E+01
6.748590000E-02 9.270320909E-01 1.862981892E-02 1.837124496E+01
6.857750000E-02 9.292710938E-01 1.771904856E-02 1.807881594E+01
6.968670000E-02 9.314486011E-01 1.685289928E-02 1.779105626E+01
7.081380000E-02 9.335652889E-01 1.602896008E-02 1.750788688E+01
7.195910000E-02 9.356223501E-01 1.524541075E-02 1.722923161E+01
7.312300000E-02 9.376207091E-01 1.450016962E-02 1.695499364E+01
7.430570000E-02 9.395615552E-01 1.379131649E-02 1.668512644E+01
7.550760000E-02 9.414462611E-01 1.311710565E-02 1.641953923E+01
7.672890000E-02 9.432758705E-01 1.247587731E-02 1.615818811E+01
7.796990000E-02 9.450517212E-01 1.186597663E-02 1.590100795E+01
7.923100000E-02 9.467752632E-01 1.128591644E-02 1.564791559E+01
8.051250000E-02 9.484476507E-01 1.073418797E-02 1.539885111E+01
8.181470000E-02 9.500702672E-01 1.020945295E-02 1.515375599E+01
8.313800000E-02 9.516445776E-01 9.710354139E-03 1.491255503E+01
8.448270000E-02 9.531715509E-01 9.235660501E-03 1.467519386E+01
8.584910000E-02 9.546526982E-01 8.784177161E-03 1.444161907E+01
8.723770000E-02 9.560893641E-01 8.354749040E-03 1.421174561E+01
8.864870000E-02 9.574824510E-01 7.946316800E-03 1.398554068E+01
9.008250000E-02 9.588333503E-01 7.557863249E-03 1.376293953E+01
9.153950000E-02 9.601433017E-01 7.188393138E-03 1.354387996E+01
9.302010000E-02 9.614134116E-01 6.836980201E-03 1.332830216E+01
9.452460000E-02 9.626448541E-01 6.502757651E-03 1.311616235E+01
9.605350000E-02 9.638386645E-01 6.184864251E-03 1.290739015E+01
9.760710000E-02 9.649960340E-01 5.882508597E-03 1.270194484E+01
9.918580000E-02 9.661179413E-01 5.594940684E-03 1.249977315E+01
1.007900000E-01 9.672054188E-01 5.321431157E-03 1.230082349E+01
1.024200000E-01 9.682594052E-01 5.061311642E-03 1.210505761E+01
1.040770000E-01 9.692814244E-01 4.813845898E-03 1.191233414E+01
1.057600000E-01 9.702714943E-01 4.578547008E-03 1.172276853E+01
1.074710000E-01 9.712315120E-01 4.354689152E-03 1.153613533E+01
1.092090000E-01 9.721615754E-01 4.141829941E-03 1.135254420E+01
1.109750000E-01 9.730628712E-01 3.939383226E-03 1.117188556E+01
1.127700000E-01 9.739365646E-01 3.746794443E-03 1.099405870E+01
1.145940000E-01 9.747831780E-01 3.563624586E-03 1.081906557E+01
1.164480000E-01 9.756038498E-01 3.389385014E-03 1.064681231E+01
1.183310000E-01 9.763986142E-01 3.223720618E-03 1.047738970E+01
1.202450000E-01 9.771690218E-01 3.066123815E-03 1.031061583E+01
1.221900000E-01 9.779154249E-01 2.916224455E-03 1.014649317E+01
1.241660000E-01 9.786385156E-01 2.773680740E-03 9.985020054E+00
1.261750000E-01 9.793392876E-01 2.638058742E-03 9.826035268E+00
1.282150000E-01 9.800175860E-01 2.509121028E-03 9.669695433E+00
1.302890000E-01 9.806745042E-01 2.386456346E-03 9.515768791E+00
1.323970000E-01 9.813093165E-01 2.269768186E-03 9.364260519E+00
1.345380000E-01 9.819249576E-01 2.153495977E-03 9.215240304E+00
1.367140000E-01 9.825239734E-01 2.043164082E-03 9.068566496E+00
1.389250000E-01 9.831057732E-01 1.938486683E-03 8.924239698E+00
1.411720000E-01 9.836704742E-01 1.839162835E-03 8.782194770E+00
1.434560000E-01 9.842184815E-01 1.744916968E-03 8.642371180E+00
1.457760000E-01 9.847498796E-01 1.655519716E-03 8.504829327E+00
1.481340000E-01 9.852654060E-01 1.570693047E-03 8.369449282E+00
1.505300000E-01 9.857653865E-01 1.490219166E-03 8.236231980E+00
1.529640000E-01 9.862502227E-01 1.413875007E-03 8.105175074E+00
1.554390000E-01 9.867207303E-01 1.341418204E-03 7.976119249E+00
1.579530000E-01 9.871769470E-01 1.272691703E-03 7.849170323E+00
1.605070000E-01 9.876193763E-01 1.207495109E-03 7.724273708E+00
1.631030000E-01 9.880486390E-01 1.145628645E-03 7.601331674E+00
1.657420000E-01 9.884652459E-01 1.086919919E-03 7.480300708E+00
1.684220000E-01 9.888691948E-01 1.031239982E-03 7.361271093E+00
1.711460000E-01 9.892612510E-01 9.784048439E-04 7.244107370E+00
1.739150000E-01 9.896418048E-01 9.282645899E-04 7.128769801E+00
1.767270000E-01 9.900108603E-01 8.807150830E-04 7.015340044E+00
1.795860000E-01 9.903691426E-01 8.355831383E-04 6.903656187E+00
1.824910000E-01 9.907166141E-01 7.927693176E-04 6.793759692E+00
1.854420000E-01 9.910516937E-01 7.521557366E-04 6.685648343E+00
1.884420000E-01 9.913787148E-01 7.083066360E-04 6.579212702E+00
1.914890000E-01 9.916992355E-01 6.669280646E-04 6.474523341E+00
1.945870000E-01 9.920124749E-01 6.279541448E-04 6.371443108E+00
1.977340000E-01 9.923181887E-01 5.912666729E-04 6.270039548E+00
2.009320000E-01 9.926166626E-01 5.567197225E-04 6.170246651E+00
2.041820000E-01 9.929081944E-01 5.241902585E-04 6.072033774E+00
2.074850000E-01 9.931931821E-01 4.935603659E-04 5.975371714E+00
2.108400000E-01 9.934719126E-01 4.647259447E-04 5.880288370E+00
2.142510000E-01 9.937450853E-01 4.375681766E-04 5.786670774E+00
2.177160000E-01 9.940130858E-01 4.120024699E-04 5.694574583E+00
2.212370000E-01 9.942768153E-01 3.882427262E-04 5.603945091E+00
2.248160000E-01 9.945360961E-01 3.664684452E-04 5.514732048E+00
2.284520000E-01 9.947917080E-01 3.459192802E-04 5.426960587E+00
2.321470000E-01 9.950447316E-01 3.265200407E-04 5.340581614E+00
2.359020000E-01 9.952962852E-01 3.082088439E-04 5.255572229E+00
2.397170000E-01 9.955476096E-01 2.909267196E-04 5.171931903E+00
2.435950000E-01 9.958004215E-01 2.746106305E-04 5.089595435E+00
2.475350000E-01 9.960552109E-01 2.585480511E-04 5.008584645E+00
2.515380000E-01 9.963182361E-01 2.411011466E-04 4.928877545E+00
2.556070000E-01 9.965939238E-01 2.248294317E-04 4.850414895E+00
2.597410000E-01 9.968875103E-01 2.096564975E-04 4.773216396E+00
2.639420000E-01 9.972090329E-01 1.955076208E-04 4.697244092E+00
2.682110000E-01 9.975763770E-01 1.823144374E-04 4.622480062E+00
2.725490000E-01 9.980257598E-01 1.700106656E-04 4.548906802E+00
2.769570000E-01 9.986496109E-01 1.585373102E-04 4.476507183E+00
2.814370000E-01 9.998431280E-01 1.478379162E-04 4.405248777E+00
2.841000000E-01 1.003930651E+00 1.418970719E-04 4.363956353E+00
2.843000000E-01 1.003916872E+00 4.060748232E-03 4.360886388E+00
2.859890000E-01 1.000271439E+00 3.984041107E-03 4.335131771E+00
2.906150000E-01 9.986643110E-01 3.783445578E-03 4.266125286E+00
2.953150000E-01 9.980181732E-01 3.592977516E-03 4.198229010E+00
3.000920000E-01 9.976395381E-01 3.412065868E-03 4.131399704E+00
3.049450000E-01 9.973922798E-01 3.240288782E-03 4.065651183E+00
3.098780000E-01 9.972240387E-01 3.077143419E-03 4.000929398E+00
3.148900000E-01 9.971086269E-01 2.922216269E-03 3.937247928E+00
3.199830000E-01 9.970309216E-01 2.775085670E-03 3.874580837E+00
3.251580000E-01 9.969812999E-01 2.635377105E-03 3.812915567E+00
3.304180000E-01 9.969532348E-01 2.502688168E-03 3.752216889E+00
3.357620000E-01 9.969420142E-01 2.376684996E-03 3.692496471E+00
3.411920000E-01 9.969441648E-01 2.257031606E-03 3.633731154E+00
3.467110000E-01 9.969570455E-01 2.143391167E-03 3.575888853E+00
3.523190000E-01 9.969785381E-01 2.035476117E-03 3.518970024E+00
3.580170000E-01 9.970069230E-01 1.933005191E-03 3.462964049E+00
3.638080000E-01 9.970407926E-01 1.835678045E-03 3.407841499E+00
3.696920000E-01 9.970787886E-01 1.743259030E-03 3.353602458E+00
3.756720000E-01 9.971189364E-01 1.655483072E-03 3.300219340E+00
3.817480000E-01 9.971614408E-01 1.568142061E-03 3.247692195E+00
3.879220000E-01 9.972087797E-01 1.483049136E-03 3.196003320E+00
3.941970000E-01 9.972605388E-01 1.402560227E-03 3.145127944E+00
4.005730000E-01 9.973146775E-01 1.326446209E-03 3.095066318E+00
4.070520000E-01 9.973705721E-01 1.254460472E-03 3.045802502E+00
4.136350000E-01 9.974276838E-01 1.186390035E-03 2.997328563E+00
4.203260000E-01 9.974856385E-01 1.122002561E-03 2.949615299E+00
4.271240000E-01 9.975440646E-01 1.061114851E-03 2.902669951E+00
4.340320000E-01 9.976027021E-01 1.003531656E-03 2.856471412E+00
4.410520000E-01 9.976613208E-01 9.490737326E-04 2.811006412E+00
4.481860000E-01 9.977197170E-01 8.975676141E-04 2.766262221E+00
4.554350000E-01 9.977777244E-01 8.488569676E-04 2.722232591E+00
4.628020000E-01 9.978352053E-01 8.027897416E-04 2.678899400E+00
4.702870000E-01 9.978920126E-01 7.592252149E-04 2.636262538E+00
4.778940000E-01 9.979480337E-01 7.180238551E-04 2.594299154E+00
4.856230000E-01 9.980030356E-01 6.790327601E-04 2.553009227E+00
4.934780000E-01 9.980572710E-01 6.416633248E-04 2.512371372E+00
5.014590000E-01 9.981108248E-01 6.063534858E-04 2.472385579E+00
5.095700000E-01 9.981635136E-01 5.729817948E-04 2.433031772E+00
5.178120000E-01 9.982152513E-01 5.414496600E-04 2.394305269E+00
5.261870000E-01 9.982659865E-01 5.116524185E-04 2.356196561E+00
5.346980000E-01 9.983156870E-01 4.834921834E-04 2.318692047E+00
5.433460000E-01 9.983643242E-01 4.568854241E-04 2.281787296E+00
5.521340000E-01 9.984118835E-01 4.317414817E-04 2.245469397E+00
5.610650000E-01 9.984583562E-01 4.079801190E-04 2.209726146E+00
5.701390000E-01 9.985037278E-01 3.855272115E-04 2.174557432E+00
5.793610000E-01 9.985480063E-01 3.643103766E-04 2.139943835E+00
5.887320000E-01 9.985911898E-01 3.442618423E-04 2.105881793E+00
5.982540000E-01 9.986332774E-01 3.253161183E-04 2.072363912E+00
6.079300000E-01 9.986742834E-01 3.074123658E-04 2.039379534E+00
6.177630000E-01 9.987142206E-01 2.904951770E-04 2.006918511E+00
6.277550000E-01 9.987530966E-01 2.745069711E-04 1.974974313E+00
6.379080000E-01 9.987909261E-01 2.594011299E-04 1.943540448E+00
6.482260000E-01 9.988277321E-01 2.451241782E-04 1.912604555E+00
6.587110000E-01 9.988635387E-01 2.316346673E-04 1.882160765E+00
6.693650000E-01 9.988983979E-01 2.188860114E-04 1.852203208E+00
6.801910000E-01 9.989323300E-01 2.070436930E-04 1.822723323E+00
6.911930000E-01 9.989651203E-01 1.960339432E-04 1.793710295E+00
7.023720000E-01 9.989964505E-01 1.856724372E-04 1.765161481E+00
7.137330000E-01 9.990266664E-01 1.752878108E-04 1.737064140E+00
7.252770000E-01 9.990564122E-01 1.651135945E-04 1.709415851E+00
7.370080000E-01 9.990855133E-01 1.555311073E-04 1.682206977E+00
7.489280000E-01 9.991138706E-01 1.465054317E-04 1.655432832E+00
7.610420000E-01 9.991414667E-01 1.380024894E-04 1.629082232E+00
7.733510000E-01 9.991682918E-01 1.299919605E-04 1.603153031E+00
7.858590000E-01 9.991943536E-01 1.224439145E-04 1.577636701E+00
7.985700000E-01 9.992196653E-01 1.153318386E-04 1.552525139E+00
8.114860000E-01 9.992442366E-01 1.086320937E-04 1.527814405E+00
8.246110000E-01 9.992680805E-01 1.023223894E-04 1.503496800E+00
8.379490000E-01 9.992912090E-01 9.637992574E-05 1.479564985E+00
8.515020000E-01 9.993136325E-01 9.077088750E-05 1.456015370E+00
8.652740000E-01 9.993353797E-01 8.547540064E-05 1.432840927E+00
8.792690000E-01 9.993564778E-01 8.047812643E-05 1.410034927E+00
8.934910000E-01 9.993769395E-01 7.577374702E-05 1.387590921E+00
9.079430000E-01 9.993967734E-01 7.134451432E-05 1.365504222E+00
9.226280000E-01 9.994159915E-01 6.717471646E-05 1.343770187E+00
9.375510000E-01 9.994346140E-01 6.323450471E-05 1.322381396E+00
9.527150000E-01 9.994526657E-01 5.952326114E-05 1.301333557E+00
9.681240000E-01 9.994701575E-01 5.602811335E-05 1.280621077E+00
9.837830000E-01 9.994871050E-01 5.273669537E-05 1.260237268E+00
9.996950000E-01 9.995035227E-01 4.963942037E-05 1.240178254E+00
1.015860000E+00 9.995194192E-01 4.672528865E-05 1.220443762E+00
1.032290000E+00 9.995348064E-01 4.398626280E-05 1.201019093E+00
1.048990000E+00 9.995497004E-01 4.138860513E-05 1.181898779E+00
1.065960000E+00 9.995641403E-01 3.892503744E-05 1.163083043E+00
1.083200000E+00 9.995781297E-01 3.660990461E-05 1.144571640E+00
1.100720000E+00 9.995916796E-01 3.443146031E-05 1.126353659E+00
1.118520000E+00 9.996047994E-01 3.238159881E-05 1.108428995E+00
1.136610000E+00 9.996175060E-01 3.045506759E-05 1.090787517E+00
1.155000000E+00 9.996298124E-01 2.864269026E-05 1.073419913E+00
1.173680000E+00 9.996417213E-01 2.693838036E-05 1.056335628E+00
1.192660000E+00 9.996532476E-01 2.533609717E-05 1.039525095E+00
1.211950000E+00 9.996644049E-01 2.382871884E-05 1.022979496E+00
1.231550000E+00 9.996752018E-01 2.241082768E-05 1.006698875E+00
1.251470000E+00 9.996856499E-01 2.107172796E-05 9.906749662E-01
1.271720000E+00 9.996957663E-01 1.980662990E-05 9.749001352E-01
1.292290000E+00 9.997055607E-01 1.861093250E-05 9.593821820E-01
1.313190000E+00 9.997150433E-01 1.748797951E-05 9.441131900E-01
1.334430000E+00 9.997242233E-01 1.643260932E-05 9.290858269E-01
1.356010000E+00 9.997331074E-01 1.544085503E-05 9.143000420E-01
1.377940000E+00 9.997417067E-01 1.450906844E-05 8.997489005E-01
1.400230000E+00 9.997500314E-01 1.363333659E-05 8.854259657E-01
1.422880000E+00 9.997580869E-01 1.281038034E-05 8.713313842E-01
1.445890000E+00 9.997658804E-01 1.203727110E-05 8.574649524E-01
1.469280000E+00 9.997734240E-01 1.131028990E-05 8.438146575E-01
1.493040000E+00 9.997807214E-01 1.062665789E-05 8.303863259E-01
1.517190000E+00 9.997877841E-01 9.981755095E-06 8.171685814E-01
1.541730000E+00 9.997946206E-01 9.375665138E-06 8.041615588E-01
1.566670000E+00 9.998012371E-01 8.806263242E-06 7.913600184E-01
1.592010000E+00 9.998076391E-01 8.271489242E-06 7.787639525E-01
1.617760000E+00 9.998138343E-01 7.769193062E-06 7.663683117E-01
1.643920000E+00 9.998198276E-01 7.297476451E-06 7.541729525E-01
1.670510000E+00 9.998256285E-01 6.854343486E-06 7.421685593E-01
1.697530000E+00 9.998312412E-01 6.438122042E-06 7.303552809E-01
1.724990000E+00 9.998366722E-01 6.047231713E-06 7.187288042E-01
1.752890000E+00 9.998419259E-01 5.678335946E-06 7.072891054E-01
1.781240000E+00 9.998470108E-01 5.331383807E-06 6.960319777E-01
1.810050000E+00 9.998519316E-01 5.005217573E-06 6.849534543E-01
1.839320000E+00 9.998566929E-01 4.699067301E-06 6.740534545E-01
1.869070000E+00 9.998613011E-01 4.411624698E-06 6.633245411E-01
1.899300000E+00 9.998657600E-01 4.141783075E-06 6.527668088E-01
1.930020000E+00 9.998700751E-01 3.888430033E-06 6.423767629E-01
1.961240000E+00 9.998742509E-01 3.650562773E-06 6.321510881E-01
1.992960000E+00 9.998782910E-01 3.427252553E-06 6.220897559E-01
2.025200000E+00 9.998822009E-01 3.218662963E-06 6.121864507E-01
2.057950000E+00 9.998859820E-01 3.021159981E-06 6.024441799E-01
2.091240000E+00 9.998896428E-01 2.835633459E-06 5.928540005E-01
2.125060000E+00 9.998931844E-01 2.661436562E-06 5.834188211E-01
2.159430000E+00 9.998966120E-01 2.497809207E-06 5.741329888E-01
2.194360000E+00 9.998999292E-01 2.344147870E-06 5.649938934E-01
2.229850000E+00 9.999031387E-01 2.199838482E-06 5.560015248E-01
2.265920000E+00 9.999062451E-01 2.064339705E-06 5.471508262E-01
2.302570000E+00 9.999092512E-01 1.937103183E-06 5.384418280E-01
2.339810000E+00 9.999121597E-01 1.817666273E-06 5.298720836E-01
2.377660000E+00 9.999149751E-01 1.705423847E-06 5.214370431E-01
2.416110000E+00 9.999176987E-01 1.600139091E-06 5.131388885E-01
2.455190000E+00 9.999203350E-01 1.501274617E-06 5.049711020E-01
2.494900000E+00 9.999228862E-01 1.408420663E-06 4.969337448E-01
2.535260000E+00 9.999253555E-01 1.321279242E-06 4.890228221E-01
2.576260000E+00 9.999277446E-01 1.239501360E-06 4.812402475E-01
2.617930000E+00 9.999300569E-01 1.162673364E-06 4.735802714E-01
2.660270000E+00 9.999322946E-01 1.090640868E-06 4.660429205E-01
2.703300000E+00 9.999344604E-01 1.022942177E-06 4.586246440E-01
2.747030000E+00 9.999365567E-01 9.594226978E-07 4.513237933E-01
2.791460000E+00 9.999385851E-01 8.998231065E-07 4.441403423E-01
2.836610000E+00 9.999405484E-01 8.439299462E-07 4.370710108E-01
2.882490000E+00 9.999424484E-01 7.913733081E-07 4.301142415E-01
2.929110000E+00 9.999442873E-01 7.421357853E-07 4.232685014E-01
2.976480000E+00 9.999460669E-01 6.959025981E-07 4.165322797E-01
3.024630000E+00 9.999477896E-01 6.525129908E-07 4.099013764E-01
3.073550000E+00 9.999494568E-01 6.117998626E-07 4.033772023E-01
3.123260000E+00 9.999510703E-01 5.735998698E-07 3.969570257E-01
3.173780000E+00 9.999526322E-01 5.377542270E-07 3.906382925E-01
3.225110000E+00 9.999541438E-01 5.041287059E-07 3.844209965E-01
3.277270000E+00 9.999556068E-01 4.725772682E-07 3.783026727E-01
3.330280000E+00 9.999570230E-01 4.429740254E-07 3.722810094E-01
3.384150000E+00 9.999583938E-01 4.152051647E-07 3.663549193E-01
3.438880000E+00 9.999597204E-01 3.891565786E-07 3.605243568E-01
3.494500000E+00 9.999610045E-01 3.647198295E-07 3.547860924E-01
3.551020000E+00 9.999622475E-01 3.417968601E-07 3.491391206E-01
3.608460000E+00 9.999634507E-01 3.202915168E-07 3.435814724E-01
3.666820000E+00 9.999646153E-01 3.001262413E-07 3.381131335E-01
3.726130000E+00 9.999657426E-01 2.812122011E-07 3.327312788E-01
3.786400000E+00 9.999668338E-01 2.634732182E-07 3.274350306E-01
3.847640000E+00 9.999678900E-01 2.468331209E-07 3.222234928E-01
3.909870000E+00 9.999689124E-01 2.312345037E-07 3.170949418E-01
3.973110000E+00 9.999699021E-01 2.166053476E-07 3.120477409E-01
4.037380000E+00 9.999708603E-01 2.029596806E-07 3.070803343E-01
4.102680000E+00 9.999717876E-01 1.900976674E-07 3.021927131E-01
4.169030000E+00 9.999726853E-01 1.780395308E-07 2.973833242E-01
4.236460000E+00 9.999735543E-01 1.667422936E-07 2.926499955E-01
4.304980000E+00 9.999743955E-01 1.561506179E-07 2.879920464E-01
4.374620000E+00 9.999752100E-01 1.462258378E-07 2.834074731E-01
4.445370000E+00 9.999759983E-01 1.369290753E-07 2.788969197E-01
4.517270000E+00 9.999767614E-01 1.282146262E-07 2.744578031E-01
4.590330000E+00 9.999775002E-01 1.200487925E-07 2.700895143E-01
4.664580000E+00 9.999782154E-01 1.123950358E-07 2.657902748E-01
4.740030000E+00 9.999789078E-01 1.052263944E-07 2.615595260E-01
4.816690000E+00 9.999795780E-01 9.851100142E-08 2.573966770E-01
4.894600000E+00 9.999802269E-01 9.221907484E-08 2.532995546E-01
4.973770000E+00 9.999808551E-01 8.632482643E-08 2.492676581E-01
5.054210000E+00 9.999814632E-01 8.080417902E-08 2.453004525E-01
5.135960000E+00 9.999820520E-01 7.563169286E-08 2.413959610E-01
5.219030000E+00 9.999826220E-01 7.078880734E-08 2.375537217E-01
5.303440000E+00 9.999831737E-01 6.625112326E-08 2.337727965E-01
5.389220000E+00 9.999837080E-01 6.200028131E-08 2.300518442E-01
5.476390000E+00 9.999842252E-01 5.801842273E-08 2.263900124E-01
5.564970000E+00 9.999847259E-01 5.428999170E-08 2.227864661E-01
5.654980000E+00 9.999852107E-01 5.080147933E-08 2.192403863E-01
5.746440000E+00 9.999856800E-01 4.753264735E-08 2.157509693E-01
5.839390000E+00 9.999861344E-01 4.447068643E-08 2.123166975E-01
5.933830000E+00 9.999865743E-01 4.160342415E-08 2.089375665E-01
6.029810000E+00 9.999870002E-01 3.892036634E-08 2.056117854E-01
6.127330000E+00 9.999874125E-01 3.640946970E-08 2.023393550E-01
6.226440000E+00 9.999878118E-01 3.405660252E-08 1.991185975E-01
6.327150000E+00 9.999881983E-01 3.185462632E-08 1.959492030E-01
6.429480000E+00 9.999885725E-01 2.979367238E-08 1.928305244E-01
6.533480000E+00 9.999889349E-01 2.786421339E-08 1.897610462E-01
6.639150000E+00 9.999892857E-01 2.605847209E-08 1.867407725E-01
6.746540000E+00 9.999896254E-01 2.436817804E-08 1.837682723E-01
6.855650000E+00 9.999899542E-01 2.278661386E-08 1.808435378E-01
6.966540000E+00 9.999902726E-01 2.130621159E-08 1.779649582E-01
7.079220000E+00 9.999905809E-01 1.992053163E-08 1.751322886E-01
7.193720000E+00 9.999908794E-01 1.862415188E-08 1.723447674E-01
7.310070000E+00 9.999911684E-01 1.741105595E-08 1.696016591E-01
7.428310000E+00 9.999914483E-01 1.627627537E-08 1.669020275E-01
7.548450000E+00 9.999917192E-01 1.521428341E-08 1.642456398E-01
7.670540000E+00 9.999919815E-01 1.422081955E-08 1.616313845E-01
7.794610000E+00 9.999922356E-01 1.329154898E-08 1.590586315E-01
7.920680000E+00 9.999924815E-01 1.242208650E-08 1.565269649E-01
8.048790000E+00 9.999927196E-01 1.160878300E-08 1.540355755E-01
8.178980000E+00 9.999929502E-01 1.084810771E-08 1.515836938E-01
8.311260000E+00 9.999931735E-01 1.013676877E-08 1.491711245E-01
8.445690000E+00 9.999933896E-01 9.471334197E-09 1.467967685E-01
8.582290000E+00 9.999935989E-01 8.849147624E-09 1.444602781E-01
8.721110000E+00 9.999938016E-01 8.267352124E-09 1.421608029E-01
8.862160000E+00 9.999939978E-01 7.723223289E-09 1.398981738E-01
9.005500000E+00 9.999941879E-01 7.214409672E-09 1.376714230E-01
9.151160000E+00 9.999943719E-01 6.738786301E-09 1.354800921E-01
9.299170000E+00 9.999945500E-01 6.294099591E-09 1.333237267E-01
9.449580000E+00 9.999947225E-01 5.878475536E-09 1.312015984E-01
9.602420000E+00 9.999948896E-01 5.489933128E-09 1.291132860E-01
9.757730000E+00 9.999950513E-01 5.126555737E-09 1.270582400E-01
9.915550000E+00 9.999952079E-01 4.787103572E-09 1.250359284E-01
1.007590000E+01 9.999953595E-01 4.469833213E-09 1.230460803E-01
1.023890000E+01 9.999955064E-01 4.173288136E-09 1.210872262E-01
1.040450000E+01 9.999956486E-01 3.896198193E-09 1.191599789E-01
1.057280000E+01 9.999957863E-01 3.637261765E-09 1.172631659E-01
1.074380000E+01 9.999959196E-01 3.395336849E-09 1.153967870E-01
1.091760000E+01 9.999960487E-01 3.169291077E-09 1.135597567E-01
1.109420000E+01 9.999961737E-01 2.958122478E-09 1.117520867E-01
1.127360000E+01 9.999962947E-01 2.760876611E-09 1.099737440E-01
1.145590000E+01 9.999964119E-01 2.576636526E-09 1.082237101E-01
1.164120000E+01 9.999965254E-01 2.404523669E-09 1.065010480E-01
1.182950000E+01 9.999966353E-01 2.243768384E-09 1.048057822E-01
1.202080000E+01 9.999967417E-01 2.093664128E-09 1.031378943E-01
1.221530000E+01 9.999968448E-01 1.953451400E-09 1.014956653E-01
1.241280000E+01 9.999969446E-01 1.822573812E-09 9.988076824E-02
1.261360000E+01 9.999970412E-01 1.700338110E-09 9.829073381E-02
1.281760000E+01 9.999971348E-01 1.586230793E-09 9.672637623E-02
1.302500000E+01 9.999972254E-01 1.479680846E-09 9.518618042E-02
1.323560000E+01 9.999973131E-01 1.380253828E-09 9.367161292E-02
1.344970000E+01 9.999973981E-01 1.287422395E-09 9.218049473E-02
1.366720000E+01 9.999974804E-01 1.200792269E-09 9.071353313E-02
1.388830000E+01 9.999975600E-01 1.119928407E-09 8.926938502E-02
1.411290000E+01 9.999976372E-01 1.044473350E-09 8.784870579E-02
1.434120000E+01 9.999977119E-01 9.740558122E-10 8.645022732E-02
1.457310000E+01 9.999977842E-01 9.083622625E-10 8.507455517E-02
1.480890000E+01 9.999978543E-01 8.470543625E-10 8.371992518E-02
1.504840000E+01 9.999979221E-01 7.898709673E-10 8.238749635E-02
1.529180000E+01 9.999979878E-01 7.365240737E-10 8.107613231E-02
1.553910000E+01 9.999980514E-01 6.867648610E-10 7.978583058E-02
1.579040000E+01 9.999981130E-01 6.403532928E-10 7.851606039E-02
1.604580000E+01 9.999981726E-01 5.970678903E-10 7.726632514E-02
1.630540000E+01 9.999982304E-01 5.566953674E-10 7.603615980E-02
1.656910000E+01 9.999982864E-01 5.190545774E-10 7.482603159E-02
1.683710000E+01 9.999983405E-01 4.839524943E-10 7.363500840E-02
1.710940000E+01 9.999983930E-01 4.512315786E-10 7.246309046E-02
1.738610000E+01 9.999984438E-01 4.207220773E-10 7.130983947E-02
1.766740000E+01 9.999984930E-01 3.922788428E-10 7.017444559E-02
1.795310000E+01 9.999985406E-01 3.657683961E-10 6.905771148E-02
1.824350000E+01 9.999985867E-01 3.410582816E-10 6.795845096E-02
1.853860000E+01 9.999986314E-01 3.180274052E-10 6.687667893E-02
1.883840000E+01 9.999986746E-01 2.965660329E-10 6.581238322E-02
1.914310000E+01 9.999987165E-01 2.765647634E-10 6.476485000E-02
1.945270000E+01 9.999987571E-01 2.579293483E-10 6.373408319E-02
1.976740000E+01 9.999987963E-01 2.405638082E-10 6.271942694E-02
2.008710000E+01 9.999988344E-01 2.258421568E-10 6.172120416E-02
2.041200000E+01 9.999988712E-01 2.102902095E-10 6.073878111E-02
2.074210000E+01 9.999989069E-01 1.958205301E-10 5.977215422E-02
2.107760000E+01 9.999989414E-01 1.823555022E-10 5.882073860E-02
2.141850000E+01 9.999989749E-01 1.698258550E-10 5.788453907E-02
2.176500000E+01 9.999990073E-01 1.581639776E-10 5.696301401E-02
2.211700000E+01 9.999990386E-01 1.473121863E-10 5.605642718E-02
2.247470000E+01 9.999990690E-01 1.372121001E-10 5.516425136E-02
2.283820000E+01 9.999990984E-01 1.278107511E-10 5.428623972E-02
2.320760000E+01 9.999991269E-01 1.190596244E-10 5.342215481E-02
2.358300000E+01 9.999991545E-01 1.109128811E-10 5.257176780E-02
2.396440000E+01 9.999991812E-01 1.033296026E-10 5.173507369E-02
2.435200000E+01 9.999992071E-01 9.626925704E-11 5.091162943E-02
2.474590000E+01 9.999992321E-01 8.969577708E-11 5.010122889E-02
2.514620000E+01 9.999992564E-01 8.357487852E-11 4.930367213E-02
2.555290000E+01 9.999992799E-01 7.787605535E-11 4.851895480E-02
2.596620000E+01 9.999993026E-01 7.256908994E-11 4.774668608E-02
2.638610000E+01 9.999993247E-01 6.762745147E-11 4.698686051E-02
2.681290000E+01 9.999993460E-01 6.302484332E-11 4.623893723E-02
2.724660000E+01 9.999993667E-01 5.873808318E-11 4.550292514E-02
2.768730000E+01 9.999993867E-01 5.474566048E-11 4.477865303E-02
2.813510000E+01 9.999994060E-01 5.102690695E-11 4.406595320E-02
2.859020000E+01 9.999994248E-01 4.756272080E-11 4.336450952E-02
2.905260000E+01 9.999994430E-01 4.433589542E-11 4.267432175E-02
2.952250000E+01 9.999994606E-01 4.132965781E-11 4.199508849E-02
3.000000000E+01 0.000000000E+00 0.000000000E+00 4.132666667E-02
