# 11/08/2021 
# Data retrieved from www.chemicool.com/densities.html 
# Includes the real (n) and complex (k) part of the  refractive index. 
# Element, Ca  (Z = 20) 
# Nominal density, g cm-3 =  1.55 
#    E [keV]      n       k    Wavelength [nm] 
1.000000000E-02 -2.226748284E+00 1.739799174E-02 1.239800000E+02
1.016170000E-02 1.555654596E+03 7.038469737E-03 1.220071445E+02
1.032610000E-02 1.506545898E+03 7.208521840E-03 1.200646904E+02
1.049310000E-02 1.459005055E+03 7.382778252E-03 1.181538344E+02
1.066280000E-02 1.412965635E+03 7.561253193E-03 1.162733991E+02
1.083530000E-02 1.368365988E+03 7.743949207E-03 1.144223049E+02
1.101060000E-02 1.325172860E+03 7.931065736E-03 1.126005849E+02
1.118860000E-02 1.283375339E+03 8.122890383E-03 1.108092165E+02
1.136960000E-02 1.242870417E+03 8.239541327E-03 1.090451731E+02
1.155350000E-02 1.203650721E+03 8.325845456E-03 1.073094733E+02
1.174040000E-02 1.165664574E+03 8.413027177E-03 1.056011720E+02
1.193030000E-02 1.128882670E+03 8.501160419E-03 1.039202702E+02
1.212320000E-02 1.093275303E+03 8.590304478E-03 1.022667283E+02
1.231930000E-02 1.058778148E+03 8.599591410E-03 1.006388350E+02
1.251860000E-02 1.025365935E+03 8.583477602E-03 9.903663349E+01
1.272100000E-02 9.930284977E+02 8.567568450E-03 9.746089144E+01
1.292680000E-02 9.616929292E+02 8.551521783E-03 9.590927376E+01
1.313590000E-02 9.313513370E+02 8.515743330E-03 9.438256990E+01
1.334830000E-02 9.019791396E+02 8.451777233E-03 9.288074137E+01
1.356420000E-02 8.735258129E+02 8.388211329E-03 9.140236800E+01
1.378360000E-02 8.459700791E+02 8.325122844E-03 8.994747381E+01
1.400660000E-02 8.192786139E+02 8.262412611E-03 8.851541416E+01
1.423310000E-02 7.934423041E+02 8.206639968E-03 8.710681440E+01
1.446330000E-02 7.684177931E+02 8.187785279E-03 8.572040959E+01
1.469730000E-02 7.441757590E+02 8.168913023E-03 8.435562995E+01
1.493500000E-02 7.207077835E+02 8.150138217E-03 8.301305658E+01
1.517650000E-02 6.979849506E+02 8.131491091E-03 8.169208974E+01
1.542200000E-02 6.759712206E+02 8.112480382E-03 8.039164829E+01
1.567140000E-02 6.546587240E+02 8.065451785E-03 7.911226821E+01
1.592490000E-02 6.340138695E+02 8.018618834E-03 7.785292215E+01
1.618250000E-02 6.140210985E+02 7.972094460E-03 7.661362583E+01
1.644420000E-02 5.946646002E+02 7.925799427E-03 7.539436397E+01
1.671020000E-02 5.759146264E+02 7.879820462E-03 7.419420474E+01
1.698050000E-02 5.577570245E+02 7.836526340E-03 7.301316216E+01
1.725510000E-02 5.401774151E+02 7.794373302E-03 7.185122080E+01
1.753420000E-02 5.231493498E+02 7.752395627E-03 7.070753157E+01
1.781780000E-02 5.066598760E+02 7.710668328E-03 6.958210329E+01
1.810600000E-02 4.906904353E+02 7.649533676E-03 6.847453883E+01
1.839890000E-02 4.752233514E+02 7.574436322E-03 6.738446320E+01
1.869640000E-02 4.602515930E+02 7.500190757E-03 6.631223123E+01
1.899880000E-02 4.457483151E+02 7.426571850E-03 6.525675306E+01
1.930610000E-02 4.317026567E+02 7.364416692E-03 6.421804507E+01
1.961840000E-02 4.180993212E+02 7.350942752E-03 6.319577539E+01
1.993570000E-02 4.049277349E+02 7.337515558E-03 6.218994066E+01
2.025820000E-02 3.921694636E+02 7.324089756E-03 6.119990917E+01
2.058580000E-02 3.798184783E+02 7.310791256E-03 6.022598102E+01
2.091880000E-02 3.678538809E+02 7.287840904E-03 5.926726198E+01
2.125710000E-02 3.562700705E+02 7.263121567E-03 5.832404232E+01
2.160090000E-02 3.450511079E+02 7.238492601E-03 5.739575666E+01
2.195030000E-02 3.341852238E+02 7.213948260E-03 5.648214375E+01
2.230530000E-02 3.236640019E+02 7.189479312E-03 5.558320220E+01
2.266610000E-02 3.134733996E+02 7.180263091E-03 5.469842628E+01
2.303270000E-02 3.036055935E+02 7.172227704E-03 5.382781871E+01
2.340530000E-02 2.940476406E+02 7.164148771E-03 5.297090830E+01
2.378380000E-02 2.847946245E+02 7.156142999E-03 5.212791900E+01
2.416850000E-02 2.758319753E+02 7.148105092E-03 5.129817738E+01
2.455940000E-02 2.671528667E+02 7.190306419E-03 5.048168929E+01
2.495660000E-02 2.587483044E+02 7.261779435E-03 4.967824143E+01
2.536030000E-02 2.506076434E+02 7.333906424E-03 4.888743430E+01
2.577050000E-02 2.427246632E+02 7.406773425E-03 4.810927223E+01
2.618730000E-02 2.350912638E+02 7.480408693E-03 4.734355966E+01
2.661090000E-02 2.276979158E+02 7.524357527E-03 4.658993119E+01
2.704130000E-02 2.205389187E+02 7.565145589E-03 4.584838747E+01
2.747860000E-02 2.136069459E+02 7.867775295E-03 4.511874695E+01
2.792310000E-02 2.068919610E+02 8.524573752E-03 4.440051427E+01
2.837470000E-02 2.003903319E+02 9.616460708E-03 4.369385403E+01
2.883370000E-02 1.940927209E+02 1.112981886E-02 4.299829713E+01
2.930000000E-02 1.183645249E+00 1.487653970E-02 4.231399317E+01
2.977390000E-02 1.237148794E+00 2.085227979E-02 4.164049721E+01
3.025550000E-02 1.341432538E+00 1.662687645E-01 4.097767348E+01
3.074490000E-02 1.274367863E+00 2.324082766E-01 4.032538730E+01
3.124210000E-02 1.218666401E+00 2.614904006E-01 3.968363202E+01
3.174750000E-02 1.174246745E+00 2.779276118E-01 3.905189385E+01
3.226090000E-02 1.140580836E+00 2.902890081E-01 3.843042197E+01
3.278270000E-02 1.105382032E+00 3.012204215E-01 3.781872756E+01
3.331300000E-02 1.073729015E+00 3.000903770E-01 3.721670219E+01
3.385180000E-02 1.047594854E+00 2.989665852E-01 3.662434494E+01
3.439930000E-02 1.023256779E+00 2.978467615E-01 3.604143108E+01
3.495570000E-02 9.978075145E-01 2.937289884E-01 3.546774918E+01
3.552110000E-02 9.762320955E-01 2.869860907E-01 3.490319838E+01
3.609560000E-02 9.555418659E-01 2.803990164E-01 3.434767673E+01
3.667940000E-02 9.329767912E-01 2.709415860E-01 3.380098911E+01
3.727270000E-02 9.145059955E-01 2.588402442E-01 3.326295117E+01
3.787550000E-02 8.969528449E-01 2.454357987E-01 3.273356127E+01
3.848820000E-02 8.814708148E-01 2.313282441E-01 3.221247032E+01
3.911070000E-02 8.638904620E-01 2.175502292E-01 3.169976503E+01
3.974320000E-02 8.512227615E-01 1.917037968E-01 3.119527366E+01
4.038610000E-02 8.464573296E-01 1.689259756E-01 3.069868098E+01
4.103930000E-02 8.453911784E-01 1.488559130E-01 3.021006694E+01
4.170310000E-02 8.465351440E-01 1.311698022E-01 2.972920478E+01
4.237760000E-02 8.490508336E-01 1.155852205E-01 2.925602205E+01
4.306300000E-02 8.522757405E-01 1.018524087E-01 2.879037689E+01
4.375950000E-02 8.561392995E-01 8.886322691E-02 2.833213359E+01
4.446730000E-02 8.611048161E-01 7.730351991E-02 2.788116211E+01
4.518650000E-02 8.665603922E-01 6.724820286E-02 2.743739834E+01
4.591740000E-02 8.722222525E-01 5.850052614E-02 2.700065770E+01
4.666000000E-02 8.779266273E-01 5.089112873E-02 2.657093871E+01
4.741470000E-02 8.835621388E-01 4.427118225E-02 2.614800895E+01
4.818160000E-02 8.890491776E-01 3.851247870E-02 2.573181463E+01
4.896090000E-02 8.943211633E-01 3.350292850E-02 2.532224694E+01
4.975280000E-02 8.992339480E-01 2.914484231E-02 2.491920053E+01
5.055760000E-02 9.034466022E-01 2.484566653E-02 2.452252480E+01
5.137530000E-02 9.082803553E-01 2.061979707E-02 2.413221918E+01
5.220620000E-02 9.132643521E-01 1.711273917E-02 2.374813719E+01
5.305060000E-02 9.181062358E-01 1.420214122E-02 2.337014096E+01
5.390870000E-02 9.227250600E-01 1.178429438E-02 2.299814316E+01
5.478060000E-02 9.271357514E-01 9.724863208E-03 2.263209968E+01
5.566670000E-02 9.313342949E-01 8.025264127E-03 2.227184295E+01
5.656700000E-02 9.353109107E-01 6.622744209E-03 2.191737232E+01
5.748200000E-02 9.390852243E-01 5.465299041E-03 2.156849101E+01
5.841170000E-02 9.426591087E-01 4.610460252E-03 2.122519975E+01
5.935640000E-02 9.459253194E-01 3.938920148E-03 2.088738535E+01
6.031650000E-02 9.489874693E-01 3.365158895E-03 2.055490620E+01
6.129210000E-02 9.519468437E-01 2.941926713E-03 2.022772919E+01
6.228340000E-02 9.546347235E-01 2.695917187E-03 1.990578549E+01
6.329080000E-02 9.571543614E-01 2.508698310E-03 1.958894500E+01
6.431450000E-02 9.594813145E-01 2.414275703E-03 1.927714590E+01
6.535470000E-02 9.616208867E-01 2.375852915E-03 1.897032654E+01
6.641180000E-02 9.636441950E-01 2.352277489E-03 1.866836918E+01
6.748590000E-02 9.655139367E-01 2.431275356E-03 1.837124496E+01
6.857750000E-02 9.672380258E-01 2.512911045E-03 1.807881594E+01
6.968670000E-02 9.688331100E-01 2.636084246E-03 1.779105626E+01
7.081380000E-02 9.702915400E-01 2.769500436E-03 1.750788688E+01
7.195910000E-02 9.716087663E-01 2.899072494E-03 1.722923161E+01
7.312300000E-02 9.728443479E-01 2.978739884E-03 1.695499364E+01
7.430570000E-02 9.740132920E-01 3.060614002E-03 1.668512644E+01
7.550760000E-02 9.751056007E-01 3.144711613E-03 1.641953923E+01
7.672890000E-02 9.761091041E-01 3.211966930E-03 1.615818811E+01
7.796990000E-02 9.770718292E-01 3.257423002E-03 1.590100795E+01
7.923100000E-02 9.779889975E-01 3.303503304E-03 1.564791559E+01
8.051250000E-02 9.788559720E-01 3.350260134E-03 1.539885111E+01
8.181470000E-02 9.796734565E-01 3.397655241E-03 1.515375599E+01
8.313800000E-02 9.804389278E-01 3.445750696E-03 1.491255503E+01
8.448270000E-02 9.811442223E-01 3.477342625E-03 1.467519386E+01
8.584910000E-02 9.818263309E-01 3.491394776E-03 1.444161907E+01
8.723770000E-02 9.824804899E-01 3.505471577E-03 1.421174561E+01
8.864870000E-02 9.831017905E-01 3.519615033E-03 1.398554068E+01
9.008250000E-02 9.836900169E-01 3.533822413E-03 1.376293953E+01
9.153950000E-02 9.842442476E-01 3.548085922E-03 1.354387996E+01
9.302010000E-02 9.847613438E-01 3.562411938E-03 1.332830216E+01
9.452460000E-02 9.852259001E-01 3.567069151E-03 1.311616235E+01
9.605350000E-02 9.856798648E-01 3.523970908E-03 1.290739015E+01
9.760710000E-02 9.861284436E-01 3.481387431E-03 1.270194484E+01
9.918580000E-02 9.865648243E-01 3.439335525E-03 1.249977315E+01
1.007900000E-01 9.869850346E-01 3.397781709E-03 1.230082349E+01
1.024200000E-01 9.873877972E-01 3.356748314E-03 1.210505761E+01
1.040770000E-01 9.877705884E-01 3.316167236E-03 1.191233414E+01
1.057600000E-01 9.881303032E-01 3.265176046E-03 1.172276853E+01
1.074710000E-01 9.884843749E-01 3.206782110E-03 1.153613533E+01
1.092090000E-01 9.888294379E-01 3.149450860E-03 1.135254420E+01
1.109750000E-01 9.891622016E-01 3.093161585E-03 1.117188556E+01
1.127700000E-01 9.894820145E-01 3.037856677E-03 1.099405870E+01
1.145940000E-01 9.897868554E-01 2.983548527E-03 1.081906557E+01
1.164480000E-01 9.900673646E-01 2.927827912E-03 1.064681231E+01
1.183310000E-01 9.903445606E-01 2.846613560E-03 1.047738970E+01
1.202450000E-01 9.906243004E-01 2.767605782E-03 1.031061583E+01
1.221900000E-01 9.909005668E-01 2.690801139E-03 1.014649317E+01
1.241660000E-01 9.911725012E-01 2.616148382E-03 9.985020054E+00
1.261750000E-01 9.914431328E-01 2.547095464E-03 9.826035268E+00
1.282150000E-01 9.917011881E-01 2.486884561E-03 9.669695433E+00
1.302890000E-01 9.919488516E-01 2.428059710E-03 9.515768791E+00
1.323970000E-01 9.921874072E-01 2.370609490E-03 9.364260519E+00
1.345380000E-01 9.924171774E-01 2.314563660E-03 9.215240304E+00
1.367140000E-01 9.926385665E-01 2.259818651E-03 9.068566496E+00
1.389250000E-01 9.928515102E-01 2.206378955E-03 8.924239698E+00
1.411720000E-01 9.930558804E-01 2.154198514E-03 8.782194770E+00
1.434560000E-01 9.932505391E-01 2.103234543E-03 8.642371180E+00
1.457760000E-01 9.934281916E-01 2.046726707E-03 8.504829327E+00
1.481340000E-01 9.936087637E-01 1.980812576E-03 8.369449282E+00
1.505300000E-01 9.937898512E-01 1.917031094E-03 8.236231980E+00
1.529640000E-01 9.939673595E-01 1.855314029E-03 8.105175074E+00
1.554390000E-01 9.941408837E-01 1.795551823E-03 7.976119249E+00
1.579530000E-01 9.943097756E-01 1.737736946E-03 7.849170323E+00
1.605070000E-01 9.944736609E-01 1.681796795E-03 7.724273708E+00
1.631030000E-01 9.946321013E-01 1.627642726E-03 7.601331674E+00
1.657420000E-01 9.947838714E-01 1.575218366E-03 7.480300708E+00
1.684220000E-01 9.949233379E-01 1.520907278E-03 7.361271093E+00
1.711460000E-01 9.950659119E-01 1.454088735E-03 7.244107370E+00
1.739150000E-01 9.952110291E-01 1.390186797E-03 7.128769801E+00
1.767270000E-01 9.953559914E-01 1.329124347E-03 7.015340044E+00
1.795860000E-01 9.954995679E-01 1.270719214E-03 6.903656187E+00
1.824910000E-01 9.956412650E-01 1.214883454E-03 6.793759692E+00
1.854420000E-01 9.957809021E-01 1.161847096E-03 6.685648343E+00
1.884420000E-01 9.959176910E-01 1.111557552E-03 6.579212702E+00
1.914890000E-01 9.960515873E-01 1.063464794E-03 6.474523341E+00
1.945870000E-01 9.961828070E-01 1.017431090E-03 6.371443108E+00
1.977340000E-01 9.963112812E-01 9.733992450E-04 6.270039548E+00
2.009320000E-01 9.964371417E-01 9.312758975E-04 6.170246651E+00
2.041820000E-01 9.965605548E-01 8.909707644E-04 6.072033774E+00
2.074850000E-01 9.966824141E-01 8.524095424E-04 5.975371714E+00
2.108400000E-01 9.968018306E-01 8.180429591E-04 5.880288370E+00
2.142510000E-01 9.969168366E-01 7.861136283E-04 5.786670774E+00
2.177160000E-01 9.970282100E-01 7.554374623E-04 5.694574583E+00
2.212370000E-01 9.971364267E-01 7.259576741E-04 5.603945091E+00
2.248160000E-01 9.972416876E-01 6.976211350E-04 5.514732048E+00
2.284520000E-01 9.973439624E-01 6.703987399E-04 5.426960587E+00
2.321470000E-01 9.974427175E-01 6.442376094E-04 5.340581614E+00
2.359020000E-01 9.975395883E-01 6.163499650E-04 5.255572229E+00
2.397170000E-01 9.976353798E-01 5.895625132E-04 5.171931903E+00
2.435950000E-01 9.977298478E-01 5.639327582E-04 5.089595435E+00
2.475350000E-01 9.978226358E-01 5.394209523E-04 5.008584645E+00
2.515380000E-01 9.979129596E-01 5.159790928E-04 4.928877545E+00
2.556070000E-01 9.980020897E-01 4.912387307E-04 4.850414895E+00
2.597410000E-01 9.980916456E-01 4.670020820E-04 4.773216396E+00
2.639420000E-01 9.981811532E-01 4.439602192E-04 4.697244092E+00
2.682110000E-01 9.982706207E-01 4.220572927E-04 4.622480062E+00
2.725490000E-01 9.983607486E-01 4.012334553E-04 4.548906802E+00
2.769570000E-01 9.984504651E-01 3.837449024E-04 4.476507183E+00
2.814370000E-01 9.985394513E-01 3.671514770E-04 4.405248777E+00
2.859890000E-01 9.986283916E-01 3.512775621E-04 4.335131771E+00
2.906150000E-01 9.987181301E-01 3.360886423E-04 4.266125286E+00
2.953150000E-01 9.988094012E-01 3.215565732E-04 4.198229010E+00
3.000920000E-01 9.989031554E-01 3.076479070E-04 4.131399704E+00
3.049450000E-01 9.990006196E-01 2.943426701E-04 4.065651183E+00
3.098780000E-01 9.991035480E-01 2.816099821E-04 4.000929398E+00
3.148900000E-01 9.992146963E-01 2.694735427E-04 3.937247928E+00
3.199830000E-01 9.993375954E-01 2.583513246E-04 3.874580837E+00
3.251580000E-01 9.994789707E-01 2.476877044E-04 3.812915567E+00
3.304180000E-01 9.996520994E-01 2.374615843E-04 3.752216889E+00
3.357620000E-01 9.998876962E-01 2.276600398E-04 3.692496471E+00
3.411920000E-01 1.000291076E+00 2.182633531E-04 3.633731154E+00
3.461000000E-01 1.002457414E+00 2.102257312E-04 3.582201676E+00
3.463000000E-01 1.002452180E+00 1.978403568E-03 3.580132833E+00
3.467110000E-01 1.001526505E+00 1.971739168E-03 3.575888853E+00
3.523190000E-01 1.000096928E+00 1.883781613E-03 3.518970024E+00
3.580170000E-01 9.997263919E-01 1.799758441E-03 3.462964049E+00
3.638080000E-01 9.995157723E-01 1.719470743E-03 3.407841499E+00
3.696920000E-01 9.993763686E-01 1.642770604E-03 3.353602458E+00
3.756720000E-01 9.992783530E-01 1.569477379E-03 3.300219340E+00
3.817480000E-01 9.992079805E-01 1.499467323E-03 3.247692195E+00
3.879220000E-01 9.991585557E-01 1.432945304E-03 3.196003320E+00
3.941970000E-01 9.991267557E-01 1.370164876E-03 3.145127944E+00
4.005730000E-01 9.991064565E-01 1.320810189E-03 3.095066318E+00
4.070520000E-01 9.990881799E-01 1.277334919E-03 3.045802502E+00
4.136350000E-01 9.990713185E-01 1.235302432E-03 2.997328563E+00
4.203260000E-01 9.990573685E-01 1.194651174E-03 2.949615299E+00
4.271240000E-01 9.990457204E-01 1.155342176E-03 2.902669951E+00
4.340320000E-01 9.990356971E-01 1.117324224E-03 2.856471412E+00
4.410520000E-01 9.990262280E-01 1.080537410E-03 2.811006412E+00
4.481860000E-01 9.990137967E-01 1.043423006E-03 2.766262221E+00
4.554350000E-01 9.990039020E-01 1.000115238E-03 2.722232591E+00
4.628020000E-01 9.989981076E-01 9.535743033E-04 2.678899400E+00
4.702870000E-01 9.989990686E-01 9.066208709E-04 2.636262538E+00
4.778940000E-01 9.990043603E-01 8.619738158E-04 2.594299154E+00
4.856230000E-01 9.990125790E-01 8.195456399E-04 2.553009227E+00
4.934780000E-01 9.990229895E-01 7.792046780E-04 2.512371372E+00
5.014590000E-01 9.990351214E-01 7.408401113E-04 2.472385579E+00
5.095700000E-01 9.990486211E-01 7.043600784E-04 2.433031772E+00
5.178120000E-01 9.990631279E-01 6.696553953E-04 2.394305269E+00
5.261870000E-01 9.990785013E-01 6.365801365E-04 2.356196561E+00
5.346980000E-01 9.990945698E-01 6.049865933E-04 2.318692047E+00
5.433460000E-01 9.991112527E-01 5.749019090E-04 2.281787296E+00
5.521340000E-01 9.991281908E-01 5.463086036E-04 2.245469397E+00
5.610650000E-01 9.991454581E-01 5.186453859E-04 2.209726146E+00
5.701390000E-01 9.991634335E-01 4.921821834E-04 2.174557432E+00
5.793610000E-01 9.991817033E-01 4.672269577E-04 2.139943835E+00
5.887320000E-01 9.992000652E-01 4.435903268E-04 2.105881793E+00
5.982540000E-01 9.992184320E-01 4.211828614E-04 2.072363912E+00
6.079300000E-01 9.992367144E-01 3.999155063E-04 2.039379534E+00
6.177630000E-01 9.992548668E-01 3.797230149E-04 2.006918511E+00
6.277550000E-01 9.992726542E-01 3.605248517E-04 1.974974313E+00
6.379080000E-01 9.992902374E-01 3.419895930E-04 1.943540448E+00
6.482260000E-01 9.993077237E-01 3.239704604E-04 1.912604555E+00
6.587110000E-01 9.993253946E-01 3.066272718E-04 1.882160765E+00
6.693650000E-01 9.993434879E-01 2.902084955E-04 1.852203208E+00
6.801910000E-01 9.993615443E-01 2.753328527E-04 1.822723323E+00
6.911930000E-01 9.993788411E-01 2.617058230E-04 1.793710295E+00
7.023720000E-01 9.993952900E-01 2.488416441E-04 1.765161481E+00
7.137330000E-01 9.994110693E-01 2.360213786E-04 1.737064140E+00
7.252770000E-01 9.994268171E-01 2.234756554E-04 1.709415851E+00
7.370080000E-01 9.994425452E-01 2.115967259E-04 1.682206977E+00
7.489280000E-01 9.994580279E-01 2.003552330E-04 1.655432832E+00
7.610420000E-01 9.994732013E-01 1.897110740E-04 1.629082232E+00
7.733510000E-01 9.994880522E-01 1.796007792E-04 1.603153031E+00
7.858590000E-01 9.995025788E-01 1.699385857E-04 1.577636701E+00
7.985700000E-01 9.995168629E-01 1.607243742E-04 1.552525139E+00
8.114860000E-01 9.995308938E-01 1.520104116E-04 1.527814405E+00
8.246110000E-01 9.995446291E-01 1.437691340E-04 1.503496800E+00
8.379490000E-01 9.995580615E-01 1.359742847E-04 1.479564985E+00
8.515020000E-01 9.995711808E-01 1.286123121E-04 1.456015370E+00
8.652740000E-01 9.995839807E-01 1.216588998E-04 1.432840927E+00
8.792690000E-01 9.995964540E-01 1.150902593E-04 1.410034927E+00
8.934910000E-01 9.996085993E-01 1.088765459E-04 1.387590921E+00
9.079430000E-01 9.996204246E-01 1.029979804E-04 1.365504222E+00
9.226280000E-01 9.996319305E-01 9.743660753E-05 1.343770187E+00
9.375510000E-01 9.996431251E-01 9.216878893E-05 1.322381396E+00
9.527150000E-01 9.996540149E-01 8.718434145E-05 1.301333557E+00
9.681240000E-01 9.996646017E-01 8.246805876E-05 1.280621077E+00
9.837830000E-01 9.996748870E-01 7.800587855E-05 1.260237268E+00
9.996950000E-01 9.996848795E-01 7.377979579E-05 1.240178254E+00
1.015860000E+00 9.996945562E-01 6.977782052E-05 1.220443762E+00
1.032290000E+00 9.997039698E-01 6.594007761E-05 1.201019093E+00
1.048990000E+00 9.997131366E-01 6.230015992E-05 1.181898779E+00
1.065960000E+00 9.997220577E-01 5.884857834E-05 1.163083043E+00
1.083200000E+00 9.997307334E-01 5.558892745E-05 1.144571640E+00
1.100720000E+00 9.997391640E-01 5.250961047E-05 1.126353659E+00
1.118520000E+00 9.997473497E-01 4.960082835E-05 1.108428995E+00
1.136610000E+00 9.997552981E-01 4.685340533E-05 1.090787517E+00
1.155000000E+00 9.997630164E-01 4.425787225E-05 1.073419913E+00
1.173680000E+00 9.997705011E-01 4.180714672E-05 1.056335628E+00
1.192660000E+00 9.997777610E-01 3.949158674E-05 1.039525095E+00
1.211950000E+00 9.997848044E-01 3.730388489E-05 1.022979496E+00
1.231550000E+00 9.997916334E-01 3.523731614E-05 1.006698875E+00
1.251470000E+00 9.997982569E-01 3.328563428E-05 9.906749662E-01
1.271720000E+00 9.998046792E-01 3.144194669E-05 9.749001352E-01
1.292290000E+00 9.998109016E-01 2.970072642E-05 9.593821820E-01
1.313190000E+00 9.998169306E-01 2.805611856E-05 9.441131900E-01
1.334430000E+00 9.998227733E-01 2.650245134E-05 9.290858269E-01
1.356010000E+00 9.998284322E-01 2.503495600E-05 9.143000420E-01
1.377940000E+00 9.998339149E-01 2.364864286E-05 8.997489005E-01
1.400230000E+00 9.998392260E-01 2.233875055E-05 8.854259657E-01
1.422880000E+00 9.998443689E-01 2.110135039E-05 8.713313842E-01
1.445890000E+00 9.998493443E-01 1.993283062E-05 8.574649524E-01
1.469280000E+00 9.998541601E-01 1.882422556E-05 8.438146575E-01
1.493040000E+00 9.998588103E-01 1.777071898E-05 8.303863259E-01
1.517190000E+00 9.998633230E-01 1.674824589E-05 8.171685814E-01
1.541730000E+00 9.998677110E-01 1.578108716E-05 8.041615588E-01
1.566670000E+00 9.998719685E-01 1.486983163E-05 7.913600184E-01
1.592010000E+00 9.998760961E-01 1.401084589E-05 7.787639525E-01
1.617760000E+00 9.998800962E-01 1.320171096E-05 7.663683117E-01
1.643920000E+00 9.998839710E-01 1.243996568E-05 7.541729525E-01
1.670510000E+00 9.998877245E-01 1.172163591E-05 7.421685593E-01
1.697530000E+00 9.998913600E-01 1.104462875E-05 7.303552809E-01
1.724990000E+00 9.998948809E-01 1.040642604E-05 7.187288042E-01
1.752890000E+00 9.998982899E-01 9.803575983E-06 7.072891054E-01
1.781240000E+00 9.999015913E-01 9.235217170E-06 6.960319777E-01
1.810050000E+00 9.999047887E-01 8.699481231E-06 6.849534543E-01
1.839320000E+00 9.999078841E-01 8.194784523E-06 6.740534545E-01
1.869070000E+00 9.999108819E-01 7.719250954E-06 6.633245411E-01
1.899300000E+00 9.999137839E-01 7.271330177E-06 6.527668088E-01
1.930020000E+00 9.999165937E-01 6.849381530E-06 6.423767629E-01
1.961240000E+00 9.999193135E-01 6.451945131E-06 6.321510881E-01
1.992960000E+00 9.999219468E-01 6.077541136E-06 6.220897559E-01
2.025200000E+00 9.999244955E-01 5.726338442E-06 6.121864507E-01
2.057950000E+00 9.999269610E-01 5.393858701E-06 6.024441799E-01
2.091240000E+00 9.999293487E-01 5.080616968E-06 5.928540005E-01
2.125060000E+00 9.999316592E-01 4.785623885E-06 5.834188211E-01
2.159430000E+00 9.999338962E-01 4.507728219E-06 5.741329888E-01
2.194360000E+00 9.999360617E-01 4.245963207E-06 5.649938934E-01
2.229850000E+00 9.999381573E-01 3.999451004E-06 5.560015248E-01
2.265920000E+00 9.999401861E-01 3.767286845E-06 5.471508262E-01
2.302570000E+00 9.999421499E-01 3.548685757E-06 5.384418280E-01
2.339810000E+00 9.999440506E-01 3.342781832E-06 5.298720836E-01
2.377660000E+00 9.999458907E-01 3.148878947E-06 5.214370431E-01
2.416110000E+00 9.999476716E-01 2.966312913E-06 5.131388885E-01
2.455190000E+00 9.999493958E-01 2.794381746E-06 5.049711020E-01
2.494900000E+00 9.999510650E-01 2.632445344E-06 4.969337448E-01
2.535260000E+00 9.999526814E-01 2.479993063E-06 4.890228221E-01
2.576260000E+00 9.999542456E-01 2.336440774E-06 4.812402475E-01
2.617930000E+00 9.999557607E-01 2.201268831E-06 4.735802714E-01
2.660270000E+00 9.999572277E-01 2.073955306E-06 4.660429205E-01
2.703300000E+00 9.999586484E-01 1.954120930E-06 4.586246440E-01
2.747030000E+00 9.999600247E-01 1.841262584E-06 4.513237933E-01
2.791460000E+00 9.999613576E-01 1.734973650E-06 4.441403423E-01
2.836610000E+00 9.999626490E-01 1.634940738E-06 4.370710108E-01
2.882490000E+00 9.999639002E-01 1.540699772E-06 4.301142415E-01
2.929110000E+00 9.999651128E-01 1.451991467E-06 4.232685014E-01
2.976480000E+00 9.999662885E-01 1.368438539E-06 4.165322797E-01
3.024630000E+00 9.999674288E-01 1.289769613E-06 4.099013764E-01
3.073550000E+00 9.999685347E-01 1.215704618E-06 4.033772023E-01
3.123260000E+00 9.999696080E-01 1.145981818E-06 3.969570257E-01
3.173780000E+00 9.999706502E-01 1.080295665E-06 3.906382925E-01
3.225110000E+00 9.999716627E-01 1.018436582E-06 3.844209965E-01
3.277270000E+00 9.999726474E-01 9.602173265E-07 3.783026727E-01
3.330280000E+00 9.999736059E-01 9.053609124E-07 3.722810094E-01
3.384150000E+00 9.999745402E-01 8.537127476E-07 3.663549193E-01
3.438880000E+00 9.999754520E-01 8.050686827E-07 3.605243568E-01
3.494500000E+00 9.999763445E-01 7.592454666E-07 3.547860924E-01
3.551020000E+00 9.999772203E-01 7.161257890E-07 3.491391206E-01
3.608460000E+00 9.999780838E-01 6.754732291E-07 3.435814724E-01
3.666820000E+00 9.999789403E-01 6.372087330E-07 3.381131335E-01
3.726130000E+00 9.999797980E-01 6.011686908E-07 3.327312788E-01
3.786400000E+00 9.999806705E-01 5.671903518E-07 3.274350306E-01
3.847640000E+00 9.999815828E-01 5.352078321E-07 3.222234928E-01
3.909870000E+00 9.999825913E-01 5.050935628E-07 3.170949418E-01
3.973110000E+00 9.999838774E-01 4.767036674E-07 3.120477409E-01
4.037380000E+00 9.999889778E-01 4.499236551E-07 3.070803343E-01
4.038400000E+00 9.999917748E-01 4.495132978E-07 3.070027734E-01
4.038600000E+00 9.999917747E-01 4.078161164E-06 3.069875699E-01
4.102680000E+00 9.999846969E-01 3.857427360E-06 3.021927131E-01
4.169030000E+00 9.999843512E-01 3.644728703E-06 2.973833242E-01
4.236460000E+00 9.999843653E-01 3.443340597E-06 2.926499955E-01
4.304980000E+00 9.999845245E-01 3.252562877E-06 2.879920464E-01
4.374620000E+00 9.999847605E-01 3.071919315E-06 2.834074731E-01
4.445370000E+00 9.999850414E-01 2.900926152E-06 2.788969197E-01
4.517270000E+00 9.999853503E-01 2.739070301E-06 2.744578031E-01
4.590330000E+00 9.999856768E-01 2.585941830E-06 2.700895143E-01
4.664580000E+00 9.999860140E-01 2.441035667E-06 2.657902748E-01
4.740030000E+00 9.999863573E-01 2.303976047E-06 2.615595260E-01
4.816690000E+00 9.999867034E-01 2.174373155E-06 2.573966770E-01
4.894600000E+00 9.999870497E-01 2.051808804E-06 2.532995546E-01
4.973770000E+00 9.999873945E-01 1.935927234E-06 2.492676581E-01
5.054210000E+00 9.999877363E-01 1.826419873E-06 2.453004525E-01
5.135960000E+00 9.999880741E-01 1.722908441E-06 2.413959610E-01
5.219030000E+00 9.999884071E-01 1.625110951E-06 2.375537217E-01
5.303440000E+00 9.999887348E-01 1.532687489E-06 2.337727965E-01
5.389220000E+00 9.999890564E-01 1.445384683E-06 2.300518442E-01
5.476390000E+00 9.999893718E-01 1.362933384E-06 2.263900124E-01
5.564970000E+00 9.999896807E-01 1.285057065E-06 2.227864661E-01
5.654980000E+00 9.999899828E-01 1.211529675E-06 2.192403863E-01
5.746440000E+00 9.999902780E-01 1.142110937E-06 2.157509693E-01
5.839390000E+00 9.999905662E-01 1.076584757E-06 2.123166975E-01
5.933830000E+00 9.999908474E-01 1.014719526E-06 2.089375665E-01
6.029810000E+00 9.999911217E-01 9.563285954E-07 2.056117854E-01
6.127330000E+00 9.999913889E-01 9.012374875E-07 2.023393550E-01
6.226440000E+00 9.999916491E-01 8.492442238E-07 1.991185975E-01
6.327150000E+00 9.999919026E-01 8.001943793E-07 1.959492030E-01
6.429480000E+00 9.999921491E-01 7.539414442E-07 1.928305244E-01
6.533480000E+00 9.999923889E-01 7.102823832E-07 1.897610462E-01
6.639150000E+00 9.999926221E-01 6.691159335E-07 1.867407725E-01
6.746540000E+00 9.999928489E-01 6.302870913E-07 1.837682723E-01
6.855650000E+00 9.999930692E-01 5.936733978E-07 1.808435378E-01
6.966540000E+00 9.999932832E-01 5.591612112E-07 1.779649582E-01
7.079220000E+00 9.999934911E-01 5.266057551E-07 1.751322886E-01
7.193720000E+00 9.999936930E-01 4.959246164E-07 1.723447674E-01
7.310070000E+00 9.999938890E-01 4.669928627E-07 1.696016591E-01
7.428310000E+00 9.999940792E-01 4.397362036E-07 1.669020275E-01
7.548450000E+00 9.999942638E-01 4.140382517E-07 1.642456398E-01
7.670540000E+00 9.999944429E-01 3.898160646E-07 1.616313845E-01
7.794610000E+00 9.999946168E-01 3.669983731E-07 1.590586315E-01
7.920680000E+00 9.999947853E-01 3.454972963E-07 1.565269649E-01
8.048790000E+00 9.999949488E-01 3.252285326E-07 1.540355755E-01
8.178980000E+00 9.999951074E-01 3.061347883E-07 1.515836938E-01
8.311260000E+00 9.999952612E-01 2.881585321E-07 1.491711245E-01
8.445690000E+00 9.999954103E-01 2.712187127E-07 1.467967685E-01
8.582290000E+00 9.999955548E-01 2.552535174E-07 1.444602781E-01
8.721110000E+00 9.999956949E-01 2.402134768E-07 1.421608029E-01
8.862160000E+00 9.999958307E-01 2.260535984E-07 1.398981738E-01
9.005500000E+00 9.999959623E-01 2.127321733E-07 1.376714230E-01
9.151160000E+00 9.999960898E-01 2.001684949E-07 1.354800921E-01
9.299170000E+00 9.999962134E-01 1.883405327E-07 1.333237267E-01
9.449580000E+00 9.999963332E-01 1.772129527E-07 1.312015984E-01
9.602420000E+00 9.999964492E-01 1.667256579E-07 1.291132860E-01
9.757730000E+00 9.999965617E-01 1.568483505E-07 1.270582400E-01
9.915550000E+00 9.999966706E-01 1.475611102E-07 1.250359284E-01
1.007590000E+01 9.999967761E-01 1.388124963E-07 1.230460803E-01
1.023890000E+01 9.999968783E-01 1.305753010E-07 1.210872262E-01
1.040450000E+01 9.999969773E-01 1.228222890E-07 1.191599789E-01
1.057280000E+01 9.999970732E-01 1.155239096E-07 1.172631659E-01
1.074380000E+01 9.999971661E-01 1.086550255E-07 1.153967870E-01
1.091760000E+01 9.999972561E-01 1.021893829E-07 1.135597567E-01
1.109420000E+01 9.999973433E-01 9.610459276E-08 1.117520867E-01
1.127360000E+01 9.999974276E-01 9.037892375E-08 1.099737440E-01
1.145590000E+01 9.999975094E-01 8.499083312E-08 1.082237101E-01
1.164120000E+01 9.999975885E-01 7.991969889E-08 1.065010480E-01
1.182950000E+01 9.999976652E-01 7.514774552E-08 1.048057822E-01
1.202080000E+01 9.999977394E-01 7.065825357E-08 1.031378943E-01
1.221530000E+01 9.999978113E-01 6.643289940E-08 1.014956653E-01
1.241280000E+01 9.999978808E-01 6.245893191E-08 9.988076824E-02
1.261360000E+01 9.999979483E-01 5.871902562E-08 9.829073381E-02
1.281760000E+01 9.999980135E-01 5.520116478E-08 9.672637623E-02
1.302500000E+01 9.999980767E-01 5.189079115E-08 9.518618042E-02
1.323560000E+01 9.999981379E-01 4.877788712E-08 9.367161292E-02
1.344970000E+01 9.999981971E-01 4.584901865E-08 9.218049473E-02
1.366720000E+01 9.999982545E-01 4.309437536E-08 9.071353313E-02
1.388830000E+01 9.999983100E-01 4.050286985E-08 8.926938502E-02
1.411290000E+01 9.999983638E-01 3.806586722E-08 8.784870579E-02
1.434120000E+01 9.999984159E-01 3.577334741E-08 8.645022732E-02
1.457310000E+01 9.999984663E-01 3.361765878E-08 8.507455517E-02
1.480890000E+01 9.999985151E-01 3.158975739E-08 8.371992518E-02
1.504840000E+01 9.999985623E-01 2.968305080E-08 8.238749635E-02
1.529180000E+01 9.999986081E-01 2.788995115E-08 8.107613231E-02
1.553910000E+01 9.999986523E-01 2.620389791E-08 7.978583058E-02
1.579040000E+01 9.999986952E-01 2.461847022E-08 7.851606039E-02
1.604580000E+01 9.999987367E-01 2.312757604E-08 7.726632514E-02
1.630540000E+01 9.999987769E-01 2.172555649E-08 7.603615980E-02
1.656910000E+01 9.999988158E-01 2.040758569E-08 7.482603159E-02
1.683710000E+01 9.999988535E-01 1.916838037E-08 7.363500840E-02
1.710940000E+01 9.999988900E-01 1.800345446E-08 7.246309046E-02
1.738610000E+01 9.999989253E-01 1.690823654E-08 7.130983947E-02
1.766740000E+01 9.999989595E-01 1.587846313E-08 7.017444559E-02
1.795310000E+01 9.999989926E-01 1.491062814E-08 6.905771148E-02
1.824350000E+01 9.999990246E-01 1.400074122E-08 6.795845096E-02
1.853860000E+01 9.999990556E-01 1.314550345E-08 6.687667893E-02
1.883840000E+01 9.999990857E-01 1.234172811E-08 6.581238322E-02
1.914310000E+01 9.999991147E-01 1.158614538E-08 6.476485000E-02
1.945270000E+01 9.999991429E-01 1.087606437E-08 6.373408319E-02
1.976740000E+01 9.999991701E-01 1.020863003E-08 6.271942694E-02
2.008710000E+01 9.999991965E-01 9.584094832E-09 6.172120416E-02
2.041200000E+01 9.999992221E-01 8.994731290E-09 6.073878111E-02
2.074210000E+01 9.999992468E-01 8.441251461E-09 5.977215422E-02
2.107760000E+01 9.999992707E-01 7.921371705E-09 5.882073860E-02
2.141850000E+01 9.999992939E-01 7.433172710E-09 5.788453907E-02
2.176500000E+01 9.999993164E-01 6.974630905E-09 5.696301401E-02
2.211700000E+01 9.999993381E-01 6.544135904E-09 5.605642718E-02
2.247470000E+01 9.999993591E-01 6.139941120E-09 5.516425136E-02
2.283820000E+01 9.999993795E-01 5.760373525E-09 5.428623972E-02
2.320760000E+01 9.999993992E-01 5.404041579E-09 5.342215481E-02
2.358300000E+01 9.999994183E-01 5.069483326E-09 5.257176780E-02
2.396440000E+01 9.999994368E-01 4.755448592E-09 5.173507369E-02
2.435200000E+01 9.999994547E-01 4.460620068E-09 5.091162943E-02
2.474590000E+01 9.999994720E-01 4.183907155E-09 5.010122889E-02
2.514620000E+01 9.999994887E-01 3.924124645E-09 4.930367213E-02
2.555290000E+01 9.999995050E-01 3.680362249E-09 4.851895480E-02
2.596620000E+01 9.999995207E-01 3.451552672E-09 4.774668608E-02
2.638610000E+01 9.999995359E-01 3.236842748E-09 4.698686051E-02
2.681290000E+01 9.999995506E-01 3.035329718E-09 4.623893723E-02
2.724660000E+01 9.999995649E-01 2.846236884E-09 4.550292514E-02
2.768730000E+01 9.999995787E-01 2.668806871E-09 4.477865303E-02
2.813510000E+01 9.999995921E-01 2.502325747E-09 4.406595320E-02
2.859020000E+01 9.999996050E-01 2.346123906E-09 4.336450952E-02
2.905260000E+01 9.999996176E-01 2.199584484E-09 4.267432175E-02
2.952250000E+01 9.999996297E-01 2.062094306E-09 4.199508849E-02
3.000000000E+01 0.000000000E+00 0.000000000E+00 4.132666667E-02
