# 11/08/2021 
# Data retrieved from www.chemicool.com/densities.html 
# Includes the real (n) and complex (k) part of the  refractive index. 
# Element, Cd  (Z = 48) 
# Nominal density, g cm-3 =  8.65 
#    E [keV]      n       k    Wavelength [nm] 
1.000000000E-02 -1.396500252E+01 9.697417215E-01 1.239800000E+02
1.016170000E-02 3.094435673E+03 1.294481709E-01 1.220071445E+02
1.032610000E-02 2.996719693E+03 1.311189868E-01 1.200646904E+02
1.049310000E-02 2.902123414E+03 1.328127858E-01 1.181538344E+02
1.066280000E-02 2.810514650E+03 1.386957270E-01 1.162733991E+02
1.083530000E-02 2.721770734E+03 1.460794569E-01 1.144223049E+02
1.101060000E-02 2.635825492E+03 1.561495770E-01 1.126005849E+02
1.118860000E-02 2.552657217E+03 1.692637566E-01 1.108092165E+02
1.136960000E-02 2.472060942E+03 1.834748539E-01 1.090451731E+02
1.155350000E-02 2.394021994E+03 2.061208278E-01 1.073094733E+02
1.174040000E-02 2.318437552E+03 2.303174615E-01 1.056011720E+02
1.193030000E-02 2.245249299E+03 2.343410149E-01 1.039202702E+02
1.212320000E-02 2.174398126E+03 2.384369245E-01 1.022667283E+02
1.231930000E-02 2.105756043E+03 2.426016036E-01 1.006388350E+02
1.251860000E-02 2.039272767E+03 2.468391333E-01 9.903663349E+01
1.272100000E-02 1.974928068E+03 2.511541660E-01 9.746089144E+01
1.292680000E-02 1.912576877E+03 2.517798527E-01 9.590927376E+01
1.313590000E-02 1.852203490E+03 2.508964843E-01 9.438256990E+01
1.334830000E-02 1.793758995E+03 2.500198656E-01 9.288074137E+01
1.356420000E-02 1.737142859E+03 2.491440532E-01 9.140236800E+01
1.378360000E-02 1.682312744E+03 2.466312099E-01 8.994747381E+01
1.400660000E-02 1.629202342E+03 2.434454793E-01 8.851541416E+01
1.423310000E-02 1.577793520E+03 2.403052878E-01 8.710681440E+01
1.446330000E-02 1.528000006E+03 2.372034693E-01 8.572040959E+01
1.469730000E-02 1.479763457E+03 2.341397657E-01 8.435562995E+01
1.493500000E-02 1.433067121E+03 2.311386983E-01 8.301305658E+01
1.517650000E-02 1.387853463E+03 2.291158482E-01 8.169208974E+01
1.542200000E-02 1.344050770E+03 2.271084211E-01 8.039164829E+01
1.567140000E-02 1.301643384E+03 2.251222614E-01 7.911226821E+01
1.592490000E-02 1.260564466E+03 2.231491217E-01 7.785292215E+01
1.618250000E-02 1.220783056E+03 2.211956229E-01 7.661362583E+01
1.644420000E-02 1.182267696E+03 2.192593039E-01 7.539436397E+01
1.671020000E-02 1.144959191E+03 2.173385174E-01 7.419420474E+01
1.698050000E-02 1.108829382E+03 2.154356435E-01 7.301316216E+01
1.725510000E-02 1.073849657E+03 2.135506223E-01 7.185122080E+01
1.753420000E-02 1.039967388E+03 2.116796043E-01 7.070753157E+01
1.781780000E-02 1.007156803E+03 2.098268116E-01 6.958210329E+01
1.810600000E-02 9.753809750E+02 2.079897511E-01 6.847453883E+01
1.839890000E-02 9.446047312E+02 2.061671115E-01 6.738446320E+01
1.869640000E-02 9.148140808E+02 2.043638859E-01 6.631223123E+01
1.899880000E-02 8.859556082E+02 2.038566357E-01 6.525675306E+01
1.930610000E-02 8.580077019E+02 2.042453599E-01 6.421804507E+01
1.961840000E-02 8.309399254E+02 2.046346826E-01 6.319577539E+01
1.993570000E-02 8.047312389E+02 2.050258185E-01 6.218994066E+01
2.025820000E-02 7.793449623E+02 2.054164371E-01 6.119990917E+01
2.058580000E-02 7.547690993E+02 2.058093440E-01 6.022598102E+01
2.091880000E-02 7.309620668E+02 2.062020558E-01 5.926726198E+01
2.125710000E-02 7.079127204E+02 2.075943692E-01 5.832404232E+01
2.160090000E-02 6.855893443E+02 2.098181785E-01 5.739575666E+01
2.195030000E-02 6.639685202E+02 2.120657210E-01 5.648214375E+01
2.230530000E-02 6.430335014E+02 2.143373528E-01 5.558320220E+01
2.266610000E-02 6.227563461E+02 2.166322479E-01 5.469842628E+01
2.303270000E-02 6.031214874E+02 2.189526660E-01 5.382781871E+01
2.340530000E-02 5.841031715E+02 2.212969550E-01 5.297090830E+01
2.378380000E-02 5.656916153E+02 2.236684811E-01 5.212791900E+01
2.416850000E-02 5.478578285E+02 2.244321154E-01 5.129817738E+01
2.455940000E-02 5.305882278E+02 2.250789691E-01 5.048168929E+01
2.495660000E-02 5.138649164E+02 2.257282681E-01 4.967824143E+01
2.536030000E-02 4.976667131E+02 2.263779956E-01 4.888743430E+01
2.577050000E-02 4.819812405E+02 2.270299761E-01 4.810927223E+01
2.618730000E-02 4.667923812E+02 2.276843843E-01 4.734355966E+01
2.661090000E-02 4.520811737E+02 2.283398254E-01 4.658993119E+01
2.704130000E-02 4.378362751E+02 2.278962483E-01 4.584838747E+01
2.747860000E-02 4.240431072E+02 2.273115244E-01 4.511874695E+01
2.792310000E-02 4.106816995E+02 2.267265960E-01 4.440051427E+01
2.837470000E-02 3.977448250E+02 2.261441535E-01 4.369385403E+01
2.883370000E-02 3.852139036E+02 2.255622650E-01 4.299829713E+01
2.930000000E-02 9.285040038E-01 2.249832372E-01 4.231399317E+01
2.977390000E-02 9.294147866E-01 2.244052656E-01 4.164049721E+01
3.025550000E-02 9.300816076E-01 2.238280566E-01 4.097767348E+01
3.074490000E-02 9.304175021E-01 2.232522543E-01 4.032538730E+01
3.124210000E-02 9.302250429E-01 2.226797382E-01 3.968363202E+01
3.174750000E-02 9.293205240E-01 2.211106432E-01 3.905189385E+01
3.226090000E-02 9.291089073E-01 2.189675463E-01 3.843042197E+01
3.278270000E-02 9.291387895E-01 2.168441742E-01 3.781872756E+01
3.331300000E-02 9.292570288E-01 2.147402531E-01 3.721670219E+01
3.385180000E-02 9.293969019E-01 2.126578854E-01 3.662434494E+01
3.439930000E-02 9.295166296E-01 2.105959210E-01 3.604143108E+01
3.495570000E-02 9.295785956E-01 2.085532843E-01 3.546774918E+01
3.552110000E-02 9.295302216E-01 2.065306407E-01 3.490319838E+01
3.609560000E-02 9.292192933E-01 2.045280525E-01 3.434767673E+01
3.667940000E-02 9.288100107E-01 2.019206539E-01 3.380098911E+01
3.727270000E-02 9.286939936E-01 1.992692123E-01 3.326295117E+01
3.787550000E-02 9.287047168E-01 1.966534375E-01 3.273356127E+01
3.848820000E-02 9.287631321E-01 1.940705730E-01 3.221247032E+01
3.911070000E-02 9.288440925E-01 1.915226066E-01 3.169976503E+01
3.974320000E-02 9.289308710E-01 1.890088128E-01 3.119527366E+01
4.038610000E-02 9.290120303E-01 1.865264549E-01 3.069868098E+01
4.103930000E-02 9.290721213E-01 1.840777406E-01 3.021006694E+01
4.170310000E-02 9.291049152E-01 1.816423646E-01 2.972920478E+01
4.237760000E-02 9.291212262E-01 1.792337423E-01 2.925602205E+01
4.306300000E-02 9.291070892E-01 1.768554373E-01 2.879037689E+01
4.375950000E-02 9.290507978E-01 1.745102132E-01 2.833213359E+01
4.446730000E-02 9.289405938E-01 1.721962457E-01 2.788116211E+01
4.518650000E-02 9.287607332E-01 1.699126364E-01 2.743739834E+01
4.591740000E-02 9.284886074E-01 1.676586151E-01 2.700065770E+01
4.666000000E-02 9.280336273E-01 1.654355858E-01 2.657093871E+01
4.741470000E-02 9.271691094E-01 1.630686334E-01 2.614800895E+01
4.818160000E-02 9.265428277E-01 1.600738601E-01 2.573181463E+01
4.896090000E-02 9.262037036E-01 1.571336194E-01 2.532224694E+01
4.975280000E-02 9.259828622E-01 1.542465725E-01 2.491920053E+01
5.055760000E-02 9.258322129E-01 1.514133589E-01 2.452252480E+01
5.137530000E-02 9.257245086E-01 1.486325598E-01 2.413221918E+01
5.220620000E-02 9.256410019E-01 1.459034951E-01 2.374813719E+01
5.305060000E-02 9.255651559E-01 1.432232137E-01 2.337014096E+01
5.390870000E-02 9.254745008E-01 1.405928694E-01 2.299814316E+01
5.478060000E-02 9.253162644E-01 1.379638611E-01 2.263209968E+01
5.566670000E-02 9.252177601E-01 1.352705237E-01 2.227184295E+01
5.656700000E-02 9.251622807E-01 1.326302894E-01 2.191737232E+01
5.748200000E-02 9.251205571E-01 1.300406202E-01 2.156849101E+01
5.841170000E-02 9.250728090E-01 1.275023357E-01 2.122519975E+01
5.935640000E-02 9.250047300E-01 1.250138785E-01 2.088738535E+01
6.031650000E-02 9.248997948E-01 1.225733878E-01 2.055490620E+01
6.129210000E-02 9.247351404E-01 1.201803313E-01 2.022772919E+01
6.228340000E-02 9.244597624E-01 1.178345949E-01 1.990578549E+01
6.329080000E-02 9.239337439E-01 1.155344633E-01 1.958894500E+01
6.431450000E-02 9.231465140E-01 1.126766480E-01 1.927714590E+01
6.535470000E-02 9.228355902E-01 1.095574562E-01 1.897032654E+01
6.641180000E-02 9.227512094E-01 1.065241056E-01 1.866836918E+01
6.748590000E-02 9.227895791E-01 1.035747838E-01 1.837124496E+01
6.857750000E-02 9.228987707E-01 1.007071676E-01 1.807881594E+01
6.968670000E-02 9.230299299E-01 9.791884911E-02 1.779105626E+01
7.081380000E-02 9.231512537E-01 9.510119954E-02 1.750788688E+01
7.195910000E-02 9.234020717E-01 9.229236924E-02 1.722923161E+01
7.312300000E-02 9.237210126E-01 8.956591334E-02 1.695499364E+01
7.430570000E-02 9.240759001E-01 8.692025546E-02 1.668512644E+01
7.550760000E-02 9.244453650E-01 8.435277567E-02 1.641953923E+01
7.672890000E-02 9.248031113E-01 8.186085890E-02 1.615818811E+01
7.796990000E-02 9.250873951E-01 7.944284214E-02 1.590100795E+01
7.923100000E-02 9.253880567E-01 7.687499313E-02 1.564791559E+01
8.051250000E-02 9.257749993E-01 7.438270399E-02 1.539885111E+01
8.181470000E-02 9.261956376E-01 7.197120871E-02 1.515375599E+01
8.313800000E-02 9.266087985E-01 6.963823970E-02 1.491255503E+01
8.448270000E-02 9.269862127E-01 6.738040252E-02 1.467519386E+01
8.584910000E-02 9.272642243E-01 6.519622910E-02 1.444161907E+01
8.723770000E-02 9.272173469E-01 6.288495441E-02 1.421174561E+01
8.864870000E-02 9.274336855E-01 6.030268463E-02 1.398554068E+01
9.008250000E-02 9.278010313E-01 5.782672936E-02 1.376293953E+01
9.153950000E-02 9.281455054E-01 5.545195966E-02 1.354387996E+01
9.302010000E-02 9.282582086E-01 5.317500871E-02 1.332830216E+01
9.452460000E-02 9.283706688E-01 5.034733440E-02 1.311616235E+01
9.605350000E-02 9.288475242E-01 4.753643539E-02 1.290739015E+01
9.760710000E-02 9.294374157E-01 4.488273411E-02 1.270194484E+01
9.918580000E-02 9.299603058E-01 4.237718434E-02 1.249977315E+01
1.007900000E-01 9.299902943E-01 3.982351158E-02 1.230082349E+01
1.024200000E-01 9.305832223E-01 3.612572901E-02 1.210505761E+01
1.040770000E-01 9.318154205E-01 3.277059510E-02 1.191233414E+01
1.057600000E-01 9.333930294E-01 2.972778295E-02 1.172276853E+01
1.074710000E-01 9.351316154E-01 2.696694335E-02 1.153613533E+01
1.092090000E-01 9.369511257E-01 2.446288502E-02 1.135254420E+01
1.109750000E-01 9.387815069E-01 2.219138600E-02 1.117188556E+01
1.127700000E-01 9.404825037E-01 2.013062307E-02 1.099405870E+01
1.145940000E-01 9.421285704E-01 1.783727041E-02 1.081906557E+01
1.164480000E-01 9.441486783E-01 1.560900167E-02 1.064681231E+01
1.183310000E-01 9.463167962E-01 1.365935442E-02 1.047738970E+01
1.202450000E-01 9.485342916E-01 1.195307566E-02 1.031061583E+01
1.221900000E-01 9.507643659E-01 1.045994847E-02 1.014649317E+01
1.241660000E-01 9.530013303E-01 9.153422752E-03 9.985020054E+00
1.261750000E-01 9.553350835E-01 8.129883680E-03 9.826035268E+00
1.282150000E-01 9.573854003E-01 7.438112247E-03 9.669695433E+00
1.302890000E-01 9.592514827E-01 6.805107400E-03 9.515768791E+00
1.323970000E-01 9.609894306E-01 6.225930361E-03 9.364260519E+00
1.345380000E-01 9.626129721E-01 5.696115328E-03 9.215240304E+00
1.367140000E-01 9.640683049E-01 5.211382815E-03 9.068566496E+00
1.389250000E-01 9.655169098E-01 4.536452456E-03 8.924239698E+00
1.411720000E-01 9.670587250E-01 3.930771365E-03 8.782194770E+00
1.434560000E-01 9.686699389E-01 3.461398324E-03 8.642371180E+00
1.457760000E-01 9.701590754E-01 3.150116738E-03 8.504829327E+00
1.481340000E-01 9.715972379E-01 2.877734468E-03 8.369449282E+00
1.505300000E-01 9.729356430E-01 2.722099073E-03 8.236231980E+00
1.529640000E-01 9.741833155E-01 2.574910047E-03 8.105175074E+00
1.554390000E-01 9.753904135E-01 2.451742911E-03 7.976119249E+00
1.579530000E-01 9.765185284E-01 2.371297638E-03 7.849170323E+00
1.605070000E-01 9.775892108E-01 2.293507037E-03 7.724273708E+00
1.631030000E-01 9.786593486E-01 2.248615434E-03 7.601331674E+00
1.657420000E-01 9.796343734E-01 2.287382559E-03 7.480300708E+00
1.684220000E-01 9.805335620E-01 2.331458704E-03 7.361271093E+00
1.711460000E-01 9.813618439E-01 2.385351547E-03 7.244107370E+00
1.739150000E-01 9.821281627E-01 2.440470626E-03 7.128769801E+00
1.767270000E-01 9.828253454E-01 2.496906942E-03 7.015340044E+00
1.795860000E-01 9.834711453E-01 2.513417667E-03 6.903656187E+00
1.824910000E-01 9.841003379E-01 2.514736600E-03 6.793759692E+00
1.854420000E-01 9.847053674E-01 2.516083698E-03 6.685648343E+00
1.884420000E-01 9.852840129E-01 2.517395584E-03 6.579212702E+00
1.914890000E-01 9.858359963E-01 2.518750791E-03 6.474523341E+00
1.945870000E-01 9.863622153E-01 2.520065050E-03 6.371443108E+00
1.977340000E-01 9.868627191E-01 2.521401654E-03 6.270039548E+00
2.009320000E-01 9.873374711E-01 2.522741641E-03 6.170246651E+00
2.041820000E-01 9.877821931E-01 2.524073469E-03 6.072033774E+00
2.074850000E-01 9.882075709E-01 2.505430184E-03 5.975371714E+00
2.108400000E-01 9.886200519E-01 2.486227688E-03 5.880288370E+00
2.142510000E-01 9.890184908E-01 2.467126731E-03 5.786670774E+00
2.177160000E-01 9.894006388E-01 2.448207178E-03 5.694574583E+00
2.212370000E-01 9.897665965E-01 2.429426566E-03 5.603945091E+00
2.248160000E-01 9.901160589E-01 2.410765135E-03 5.514732048E+00
2.284520000E-01 9.904478258E-01 2.392267096E-03 5.426960587E+00
2.321470000E-01 9.907564776E-01 2.373910542E-03 5.340581614E+00
2.359020000E-01 9.910497258E-01 2.332376720E-03 5.255572229E+00
2.397170000E-01 9.913417342E-01 2.285825766E-03 5.171931903E+00
2.435950000E-01 9.916301295E-01 2.240182778E-03 5.089595435E+00
2.475350000E-01 9.919106690E-01 2.195463282E-03 5.008584645E+00
2.515380000E-01 9.921827510E-01 2.151644446E-03 4.928877545E+00
2.556070000E-01 9.924460352E-01 2.108681324E-03 4.850414895E+00
2.597410000E-01 9.926998245E-01 2.066592359E-03 4.773216396E+00
2.639420000E-01 9.929434289E-01 2.025340999E-03 4.697244092E+00
2.682110000E-01 9.931654748E-01 1.978496073E-03 4.622480062E+00
2.725490000E-01 9.933909818E-01 1.916880622E-03 4.548906802E+00
2.769570000E-01 9.936193414E-01 1.857181666E-03 4.476507183E+00
2.814370000E-01 9.938446190E-01 1.799336577E-03 4.405248777E+00
2.859890000E-01 9.940661911E-01 1.743298517E-03 4.335131771E+00
2.906150000E-01 9.942837427E-01 1.689000987E-03 4.266125286E+00
2.953150000E-01 9.944970668E-01 1.636403471E-03 4.198229010E+00
3.000920000E-01 9.947060943E-01 1.585436684E-03 4.131399704E+00
3.049450000E-01 9.949106285E-01 1.536066359E-03 4.065651183E+00
3.098780000E-01 9.951098345E-01 1.488155321E-03 4.000929398E+00
3.148900000E-01 9.953063427E-01 1.437782925E-03 3.937247928E+00
3.199830000E-01 9.955010555E-01 1.389117839E-03 3.874580837E+00
3.251580000E-01 9.956937916E-01 1.342101669E-03 3.812915567E+00
3.304180000E-01 9.958844630E-01 1.296665263E-03 3.752216889E+00
3.357620000E-01 9.960733392E-01 1.252776810E-03 3.692496471E+00
3.411920000E-01 9.962610769E-01 1.210375731E-03 3.633731154E+00
3.467110000E-01 9.964481797E-01 1.170492869E-03 3.575888853E+00
3.523190000E-01 9.966340599E-01 1.132628844E-03 3.518970024E+00
3.580170000E-01 9.968196050E-01 1.095995816E-03 3.462964049E+00
3.638080000E-01 9.970064811E-01 1.060544434E-03 3.407841499E+00
3.696920000E-01 9.971967296E-01 1.026240517E-03 3.353602458E+00
3.756720000E-01 9.973973132E-01 9.950987493E-04 3.300219340E+00
3.817480000E-01 9.975959711E-01 9.809241048E-04 3.247692195E+00
3.879220000E-01 9.977940365E-01 9.669530302E-04 3.196003320E+00
3.941970000E-01 9.979972522E-01 9.531746063E-04 3.145127944E+00
4.005730000E-01 9.982107180E-01 9.395950101E-04 3.095066318E+00
4.051000000E-01 9.983089533E-01 9.302016219E-04 3.060478894E+00
4.053000000E-01 9.983231655E-01 8.406926139E-04 3.058968665E+00
4.070520000E-01 9.984979651E-01 8.718008689E-04 3.045802502E+00
4.136350000E-01 9.988107858E-01 9.980258374E-04 2.997328563E+00
4.203260000E-01 9.990619258E-01 1.142521123E-03 2.949615299E+00
4.271240000E-01 9.992832512E-01 1.307937184E-03 2.902669951E+00
4.340320000E-01 9.994821970E-01 1.497310388E-03 2.856471412E+00
4.410520000E-01 9.996542682E-01 1.714092112E-03 2.811006412E+00
4.481860000E-01 9.997971519E-01 1.962257566E-03 2.766262221E+00
4.554350000E-01 9.998976702E-01 2.244005956E-03 2.722232591E+00
4.628020000E-01 9.999475654E-01 2.564043679E-03 2.678899400E+00
4.702870000E-01 9.999130536E-01 2.929716815E-03 2.636262538E+00
4.778940000E-01 9.996903935E-01 3.312836383E-03 2.594299154E+00
4.856230000E-01 9.993341075E-01 3.524108508E-03 2.553009227E+00
4.934780000E-01 9.989660675E-01 3.531558482E-03 2.512371372E+00
5.014590000E-01 9.987110346E-01 3.431079520E-03 2.472385579E+00
5.095700000E-01 9.985440187E-01 3.333449672E-03 2.433031772E+00
5.178120000E-01 9.983933876E-01 3.238590545E-03 2.394305269E+00
5.261870000E-01 9.982768893E-01 3.096741679E-03 2.356196561E+00
5.346980000E-01 9.982020493E-01 2.956850521E-03 2.318692047E+00
5.433460000E-01 9.981599886E-01 2.823287048E-03 2.281787296E+00
5.521340000E-01 9.981437768E-01 2.695754156E-03 2.245469397E+00
5.610650000E-01 9.981613513E-01 2.592145689E-03 2.209726146E+00
5.701390000E-01 9.981719922E-01 2.519274717E-03 2.174557432E+00
5.793610000E-01 9.981722101E-01 2.448439191E-03 2.139943835E+00
5.887320000E-01 9.981728447E-01 2.379594132E-03 2.105881793E+00
5.982540000E-01 9.981741430E-01 2.312695624E-03 2.072363912E+00
6.079300000E-01 9.981755996E-01 2.247666612E-03 2.039379534E+00
6.177630000E-01 9.981768627E-01 2.181513391E-03 2.006918511E+00
6.277550000E-01 9.981814623E-01 2.114800285E-03 1.974974313E+00
6.379080000E-01 9.981892347E-01 2.050129119E-03 1.943540448E+00
6.482260000E-01 9.981986307E-01 1.987428658E-03 1.912604555E+00
6.587110000E-01 9.982091883E-01 1.926650490E-03 1.882160765E+00
6.693650000E-01 9.982204590E-01 1.867725198E-03 1.852203208E+00
6.801910000E-01 9.982306823E-01 1.810608781E-03 1.822723323E+00
6.911930000E-01 9.982404812E-01 1.751942661E-03 1.793710295E+00
7.023720000E-01 9.982534350E-01 1.692402747E-03 1.765161481E+00
7.137330000E-01 9.982684348E-01 1.634883219E-03 1.737064140E+00
7.252770000E-01 9.982843592E-01 1.579318225E-03 1.709415851E+00
7.370080000E-01 9.983006885E-01 1.525642829E-03 1.682206977E+00
7.489280000E-01 9.983141400E-01 1.473796847E-03 1.655432832E+00
7.610420000E-01 9.983287508E-01 1.417621103E-03 1.629082232E+00
7.733510000E-01 9.983467870E-01 1.362715067E-03 1.603153031E+00
7.858590000E-01 9.983661210E-01 1.309935802E-03 1.577636701E+00
7.985700000E-01 9.983855799E-01 1.259198960E-03 1.552525139E+00
8.114860000E-01 9.984029871E-01 1.210425127E-03 1.527814405E+00
8.246110000E-01 9.984187300E-01 1.156400486E-03 1.503496800E+00
8.379490000E-01 9.984397784E-01 1.099892813E-03 1.479564985E+00
8.515020000E-01 9.984659668E-01 1.046512139E-03 1.456015370E+00
8.652740000E-01 9.984940618E-01 9.961788439E-04 1.432840927E+00
8.792690000E-01 9.985229833E-01 9.486662771E-04 1.410034927E+00
8.934910000E-01 9.985524585E-01 9.034159176E-04 1.387590921E+00
9.079430000E-01 9.985822696E-01 8.603178486E-04 1.365504222E+00
9.226280000E-01 9.986120108E-01 8.192749396E-04 1.343770187E+00
9.375510000E-01 9.986419357E-01 7.794457773E-04 1.322381396E+00
9.527150000E-01 9.986720753E-01 7.413720737E-04 1.301333557E+00
9.681240000E-01 9.987023909E-01 7.050045417E-04 1.280621077E+00
9.837830000E-01 9.987325935E-01 6.704212945E-04 1.260237268E+00
9.996950000E-01 9.987624440E-01 6.373899259E-04 1.240178254E+00
1.015860000E+00 9.987916411E-01 6.058433386E-04 1.220443762E+00
1.032290000E+00 9.988209290E-01 5.746030956E-04 1.201019093E+00
1.048990000E+00 9.988503885E-01 5.448289305E-04 1.181898779E+00
1.065960000E+00 9.988799221E-01 5.164637822E-04 1.163083043E+00
1.083200000E+00 9.989092941E-01 4.895770418E-04 1.144571640E+00
1.100720000E+00 9.989383865E-01 4.640938587E-04 1.126353659E+00
1.118520000E+00 9.989671059E-01 4.399414312E-04 1.108428995E+00
1.136610000E+00 9.989954152E-01 4.170403574E-04 1.090787517E+00
1.155000000E+00 9.990232784E-01 3.953262412E-04 1.073419913E+00
1.173680000E+00 9.990506429E-01 3.747466052E-04 1.056335628E+00
1.192660000E+00 9.990774923E-01 3.552421911E-04 1.039525095E+00
1.211950000E+00 9.991038191E-01 3.367485793E-04 1.022979496E+00
1.231550000E+00 9.991296025E-01 3.192193154E-04 1.006698875E+00
1.251470000E+00 9.991548450E-01 3.026107943E-04 9.906749662E-01
1.271720000E+00 9.991795371E-01 2.868755822E-04 9.749001352E-01
1.292290000E+00 9.992036410E-01 2.719773559E-04 9.593821820E-01
1.313190000E+00 9.992271671E-01 2.578480908E-04 9.441131900E-01
1.334430000E+00 9.992501311E-01 2.444522562E-04 9.290858269E-01
1.356010000E+00 9.992725298E-01 2.317542838E-04 9.143000420E-01
1.377940000E+00 9.992943738E-01 2.197167876E-04 8.997489005E-01
1.400230000E+00 9.993156747E-01 2.083029672E-04 8.854259657E-01
1.422880000E+00 9.993364391E-01 1.974826353E-04 8.713313842E-01
1.445890000E+00 9.993566773E-01 1.872267583E-04 8.574649524E-01
1.469280000E+00 9.993764375E-01 1.775322120E-04 8.438146575E-01
1.493040000E+00 9.993957134E-01 1.683869939E-04 8.303863259E-01
1.517190000E+00 9.994144079E-01 1.599047696E-04 8.171685814E-01
1.541730000E+00 9.994324902E-01 1.518751580E-04 8.041615588E-01
1.566670000E+00 9.994500010E-01 1.442486313E-04 7.913600184E-01
1.592010000E+00 9.994669783E-01 1.370071507E-04 7.787639525E-01
1.617760000E+00 9.994834417E-01 1.301279900E-04 7.663683117E-01
1.643920000E+00 9.994994071E-01 1.235937626E-04 7.541729525E-01
1.670510000E+00 9.995148924E-01 1.173895274E-04 7.421685593E-01
1.697530000E+00 9.995299056E-01 1.114949280E-04 7.303552809E-01
1.724990000E+00 9.995443850E-01 1.058950318E-04 7.187288042E-01
1.752890000E+00 9.995584385E-01 1.004365538E-04 7.072891054E-01
1.781240000E+00 9.995721386E-01 9.521343102E-05 6.960319777E-01
1.810050000E+00 9.995854848E-01 9.022816915E-05 6.849534543E-01
1.839320000E+00 9.995984800E-01 8.550246930E-05 6.740534545E-01
1.869070000E+00 9.996111136E-01 8.102425432E-05 6.633245411E-01
1.899300000E+00 9.996233856E-01 7.678294200E-05 6.527668088E-01
1.930020000E+00 9.996353007E-01 7.276327137E-05 6.423767629E-01
1.961240000E+00 9.996468658E-01 6.895357898E-05 6.321510881E-01
1.992960000E+00 9.996581033E-01 6.534268244E-05 6.220897559E-01
2.025200000E+00 9.996689249E-01 6.197321616E-05 6.121864507E-01
2.057950000E+00 9.996794124E-01 5.865310766E-05 6.024441799E-01
2.091240000E+00 9.996896423E-01 5.549420442E-05 5.928540005E-01
2.125060000E+00 9.996995802E-01 5.249288316E-05 5.834188211E-01
2.159430000E+00 9.997092365E-01 4.963727808E-05 5.741329888E-01
2.194360000E+00 9.997186173E-01 4.692469700E-05 5.649938934E-01
2.229850000E+00 9.997277278E-01 4.434538872E-05 5.560015248E-01
2.265920000E+00 9.997365778E-01 4.189546775E-05 5.471508262E-01
2.302570000E+00 9.997451741E-01 3.956552437E-05 5.384418280E-01
2.339810000E+00 9.997535251E-01 3.735318572E-05 5.298720836E-01
2.377660000E+00 9.997616376E-01 3.525332006E-05 5.214370431E-01
2.416110000E+00 9.997695168E-01 3.325902669E-05 5.131388885E-01
2.455190000E+00 9.997771747E-01 3.136602122E-05 5.049711020E-01
2.494900000E+00 9.997846148E-01 2.956957155E-05 4.969337448E-01
2.535260000E+00 9.997918473E-01 2.786368255E-05 4.890228221E-01
2.576260000E+00 9.997988776E-01 2.624589755E-05 4.812402475E-01
2.617930000E+00 9.998057145E-01 2.471159538E-05 4.735802714E-01
2.660270000E+00 9.998123647E-01 2.325689839E-05 4.660429205E-01
2.703300000E+00 9.998188370E-01 2.187656093E-05 4.586246440E-01
2.747030000E+00 9.998251398E-01 2.056815533E-05 4.513237933E-01
2.791460000E+00 9.998312800E-01 1.932875579E-05 4.441403423E-01
2.836610000E+00 9.998372673E-01 1.815468886E-05 4.370710108E-01
2.882490000E+00 9.998431109E-01 1.704192412E-05 4.301142415E-01
2.929110000E+00 9.998488215E-01 1.598798664E-05 4.232685014E-01
2.976480000E+00 9.998544119E-01 1.499054643E-05 4.165322797E-01
3.024630000E+00 9.998598966E-01 1.404645208E-05 4.099013764E-01
3.073550000E+00 9.998652902E-01 1.315286676E-05 4.033772023E-01
3.123260000E+00 9.998706157E-01 1.230686271E-05 3.969570257E-01
3.173780000E+00 9.998759021E-01 1.150715616E-05 3.906382925E-01
3.225110000E+00 9.998811876E-01 1.075144808E-05 3.844209965E-01
3.277270000E+00 9.998865319E-01 1.003690175E-05 3.783026727E-01
3.330280000E+00 9.998920358E-01 9.360816495E-06 3.722810094E-01
3.384150000E+00 9.998978887E-01 8.722487908E-06 3.663549193E-01
3.438880000E+00 9.999045313E-01 8.120140137E-06 3.605243568E-01
3.494500000E+00 9.999135956E-01 7.551378764E-06 3.547860924E-01
3.537400000E+00 9.999565410E-01 7.145688114E-06 3.504834059E-01
3.537600000E+00 9.999565449E-01 2.817900200E-05 3.504635911E-01
3.551020000E+00 9.999243534E-01 2.780934311E-05 3.491391206E-01
3.608460000E+00 9.999169021E-01 2.629486907E-05 3.435814724E-01
3.666820000E+00 9.999175085E-01 2.486388619E-05 3.381131335E-01
3.726130000E+00 9.999294239E-01 2.351078619E-05 3.327312788E-01
3.726900000E+00 9.999354367E-01 2.349371235E-05 3.326625345E-01
3.727100000E+00 9.999354317E-01 3.223910010E-05 3.326446835E-01
3.786400000E+00 9.999185106E-01 3.045574633E-05 3.274350306E-01
3.847640000E+00 9.999181277E-01 2.874411383E-05 3.222234928E-01
3.909870000E+00 9.999190547E-01 2.712735590E-05 3.170949418E-01
3.973110000E+00 9.999206459E-01 2.560201047E-05 3.120477409E-01
4.017900000E+00 9.999291350E-01 2.458755869E-05 3.085691530E-01
4.018100000E+00 9.999291308E-01 2.861687143E-05 3.085537941E-01
4.037380000E+00 9.999231636E-01 2.814528891E-05 3.070803343E-01
4.102680000E+00 9.999226435E-01 2.662009572E-05 3.021927131E-01
4.169030000E+00 9.999234328E-01 2.517445003E-05 2.973833242E-01
4.236460000E+00 9.999246057E-01 2.380344871E-05 2.926499955E-01
4.304980000E+00 9.999259776E-01 2.250583360E-05 2.879920464E-01
4.374620000E+00 9.999274707E-01 2.127400071E-05 2.834074731E-01
4.445370000E+00 9.999290420E-01 2.010705619E-05 2.788969197E-01
4.517270000E+00 9.999306624E-01 1.900225483E-05 2.744578031E-01
4.590330000E+00 9.999323121E-01 1.795523826E-05 2.700895143E-01
4.664580000E+00 9.999339775E-01 1.696370737E-05 2.657902748E-01
4.740030000E+00 9.999356476E-01 1.602500826E-05 2.615595260E-01
4.816690000E+00 9.999373136E-01 1.513645740E-05 2.573966770E-01
4.894600000E+00 9.999389695E-01 1.429545190E-05 2.532995546E-01
4.973770000E+00 9.999406100E-01 1.349944441E-05 2.492676581E-01
5.054210000E+00 9.999422309E-01 1.274663867E-05 2.453004525E-01
5.135960000E+00 9.999438291E-01 1.203459471E-05 2.413959610E-01
5.219030000E+00 9.999454019E-01 1.136099092E-05 2.375537217E-01
5.303440000E+00 9.999469470E-01 1.072428225E-05 2.337727965E-01
5.389220000E+00 9.999484633E-01 1.012204883E-05 2.300518442E-01
5.476390000E+00 9.999499493E-01 9.552847355E-06 2.263900124E-01
5.564970000E+00 9.999514038E-01 9.014918239E-06 2.227864661E-01
5.654980000E+00 9.999528265E-01 8.506341714E-06 2.192403863E-01
5.746440000E+00 9.999542168E-01 8.025924227E-06 2.157509693E-01
5.839390000E+00 9.999555744E-01 7.571938064E-06 2.123166975E-01
5.933830000E+00 9.999568992E-01 7.143173067E-06 2.089375665E-01
6.029810000E+00 9.999581912E-01 6.738257587E-06 2.056117854E-01
6.127330000E+00 9.999594503E-01 6.355605710E-06 2.023393550E-01
6.226440000E+00 9.999606771E-01 5.994323758E-06 1.991185975E-01
6.327150000E+00 9.999618717E-01 5.653111096E-06 1.959492030E-01
6.429480000E+00 9.999630344E-01 5.331226738E-06 1.928305244E-01
6.533480000E+00 9.999641657E-01 5.027034676E-06 1.897610462E-01
6.639150000E+00 9.999652659E-01 4.740068903E-06 1.867407725E-01
6.746540000E+00 9.999663356E-01 4.469182668E-06 1.837682723E-01
6.855650000E+00 9.999673752E-01 4.213568198E-06 1.808435378E-01
6.966540000E+00 9.999683856E-01 3.972223136E-06 1.779649582E-01
7.079220000E+00 9.999693671E-01 3.744575258E-06 1.751322886E-01
7.193720000E+00 9.999703203E-01 3.529859252E-06 1.723447674E-01
7.310070000E+00 9.999712457E-01 3.327279618E-06 1.696016591E-01
7.428310000E+00 9.999721442E-01 3.135988119E-06 1.669020275E-01
7.548450000E+00 9.999730162E-01 2.955685004E-06 1.642456398E-01
7.670540000E+00 9.999738625E-01 2.785564520E-06 1.616313845E-01
7.794610000E+00 9.999746835E-01 2.625251458E-06 1.590586315E-01
7.920680000E+00 9.999754800E-01 2.473909476E-06 1.565269649E-01
8.048790000E+00 9.999762525E-01 2.331189072E-06 1.540355755E-01
8.178980000E+00 9.999770017E-01 2.196687615E-06 1.515836938E-01
8.311260000E+00 9.999777281E-01 2.069775030E-06 1.491711245E-01
8.445690000E+00 9.999784326E-01 1.950263351E-06 1.467967685E-01
8.582290000E+00 9.999791153E-01 1.837508579E-06 1.444602781E-01
8.721110000E+00 9.999797772E-01 1.731198821E-06 1.421608029E-01
8.862160000E+00 9.999804187E-01 1.630940255E-06 1.398981738E-01
9.005500000E+00 9.999810405E-01 1.536529166E-06 1.376714230E-01
9.151160000E+00 9.999816430E-01 1.447522228E-06 1.354800921E-01
9.299170000E+00 9.999822267E-01 1.363555847E-06 1.333237267E-01
9.449580000E+00 9.999827924E-01 1.284413440E-06 1.312015984E-01
9.602420000E+00 9.999833405E-01 1.209960349E-06 1.291132860E-01
9.757730000E+00 9.999838713E-01 1.139721110E-06 1.270582400E-01
9.915550000E+00 9.999843855E-01 1.073410503E-06 1.250359284E-01
1.007590000E+01 9.999848837E-01 1.011040140E-06 1.230460803E-01
1.023890000E+01 9.999853663E-01 9.522590734E-07 1.210872262E-01
1.040450000E+01 9.999858337E-01 8.968824793E-07 1.191599789E-01
1.057280000E+01 9.999862864E-01 8.446990103E-07 1.172631659E-01
1.074380000E+01 9.999867247E-01 7.955376175E-07 1.153967870E-01
1.091760000E+01 9.999871493E-01 7.492156886E-07 1.135597567E-01
1.109420000E+01 9.999875604E-01 7.055779981E-07 1.117520867E-01
1.127360000E+01 9.999879584E-01 6.644738632E-07 1.099737440E-01
1.145590000E+01 9.999883437E-01 6.257537655E-07 1.082237101E-01
1.164120000E+01 9.999887170E-01 5.892707176E-07 1.065010480E-01
1.182950000E+01 9.999890784E-01 5.549059951E-07 1.048057822E-01
1.202080000E+01 9.999894283E-01 5.225393314E-07 1.031378943E-01
1.221530000E+01 9.999897672E-01 4.920423388E-07 1.014956653E-01
1.241280000E+01 9.999900951E-01 4.633286960E-07 9.988076824E-02
1.261360000E+01 9.999904127E-01 4.362755769E-07 9.829073381E-02
1.281760000E+01 9.999907201E-01 4.107989538E-07 9.672637623E-02
1.302500000E+01 9.999910179E-01 3.867972502E-07 9.518618042E-02
1.323560000E+01 9.999913060E-01 3.642024402E-07 9.367161292E-02
1.344970000E+01 9.999915850E-01 3.429158941E-07 9.218049473E-02
1.366720000E+01 9.999918550E-01 3.228718968E-07 9.071353313E-02
1.388830000E+01 9.999921165E-01 3.039916393E-07 8.926938502E-02
1.411290000E+01 9.999923696E-01 2.862160487E-07 8.784870579E-02
1.434120000E+01 9.999926147E-01 2.694717307E-07 8.645022732E-02
1.457310000E+01 9.999928519E-01 2.537074324E-07 8.507455517E-02
1.480890000E+01 9.999930816E-01 2.388574017E-07 8.371992518E-02
1.504840000E+01 9.999933039E-01 2.248764593E-07 8.238749635E-02
1.529180000E+01 9.999935192E-01 2.117103397E-07 8.107613231E-02
1.553910000E+01 9.999937275E-01 1.993138853E-07 7.978583058E-02
1.579040000E+01 9.999939292E-01 1.876403797E-07 7.851606039E-02
1.604580000E+01 9.999941245E-01 1.766484961E-07 7.726632514E-02
1.630540000E+01 9.999943136E-01 1.662957005E-07 7.603615980E-02
1.656910000E+01 9.999944966E-01 1.565505884E-07 7.482603159E-02
1.683710000E+01 9.999946739E-01 1.473728112E-07 7.363500840E-02
1.710940000E+01 9.999948454E-01 1.387326448E-07 7.246309046E-02
1.738610000E+01 9.999950115E-01 1.305969362E-07 7.130983947E-02
1.766740000E+01 9.999951724E-01 1.229352567E-07 7.017444559E-02
1.795310000E+01 9.999953281E-01 1.157234272E-07 6.905771148E-02
1.824350000E+01 9.999954789E-01 1.089318067E-07 6.795845096E-02
1.853860000E+01 9.999956250E-01 1.025373792E-07 6.687667893E-02
1.883840000E+01 9.999957664E-01 9.651817122E-08 6.581238322E-02
1.914310000E+01 9.999959033E-01 9.085045851E-08 6.476485000E-02
1.945270000E+01 9.999960360E-01 8.551393965E-08 6.373408319E-02
1.976740000E+01 9.999961645E-01 8.048899890E-08 6.271942694E-02
2.008710000E+01 9.999962890E-01 7.575886255E-08 6.172120416E-02
2.041200000E+01 9.999964096E-01 7.130519137E-08 6.073878111E-02
2.074210000E+01 9.999965264E-01 6.711264115E-08 5.977215422E-02
2.107760000E+01 9.999966397E-01 6.316502368E-08 5.882073860E-02
2.141850000E+01 9.999967495E-01 5.944870528E-08 5.788453907E-02
2.176500000E+01 9.999968560E-01 5.594939018E-08 5.696301401E-02
2.211700000E+01 9.999969592E-01 5.265556132E-08 5.605642718E-02
2.247470000E+01 9.999970595E-01 4.955459986E-08 5.516425136E-02
2.283820000E+01 9.999971569E-01 4.663513440E-08 5.428623972E-02
2.320760000E+01 9.999972515E-01 4.388656466E-08 5.342215481E-02
2.358300000E+01 9.999973436E-01 4.129889039E-08 5.257176780E-02
2.396440000E+01 9.999974335E-01 3.886311310E-08 5.173507369E-02
2.435200000E+01 9.999975213E-01 3.656989646E-08 5.091162943E-02
2.474590000E+01 9.999976075E-01 3.441105465E-08 5.010122889E-02
2.514620000E+01 9.999976927E-01 3.237859927E-08 4.930367213E-02
2.555290000E+01 9.999977782E-01 3.046548263E-08 4.851895480E-02
2.596620000E+01 9.999978667E-01 2.866445143E-08 4.774668608E-02
2.638610000E+01 9.999979687E-01 2.696917225E-08 4.698686051E-02
2.671110000E+01 9.999983691E-01 2.574345381E-08 4.641516074E-02
2.671130000E+01 9.999983691E-01 1.636015570E-07 4.641481321E-02
2.681290000E+01 9.999980791E-01 1.613962568E-07 4.623893723E-02
2.724660000E+01 9.999980668E-01 1.524003642E-07 4.550292514E-02
2.768730000E+01 9.999981014E-01 1.438877084E-07 4.477865303E-02
2.813510000E+01 9.999981451E-01 1.358332396E-07 4.406595320E-02
2.859020000E+01 9.999981921E-01 1.282134261E-07 4.336450952E-02
2.905260000E+01 9.999982404E-01 1.210069355E-07 4.267432175E-02
2.952250000E+01 9.999982889E-01 1.141920749E-07 4.199508849E-02
3.000000000E+01 0.000000000E+00 0.000000000E+00 4.132666667E-02
