# 11/08/2021 
# Data retrieved from www.chemicool.com/densities.html 
# Includes the real (n) and complex (k) part of the  refractive index. 
# Element, Cl  (Z = 17) 
# Nominal density, g cm-3 =  0.003214 
#    E [keV]      n       k    Wavelength [nm] 
1.000000000E-02 9.935809077E-01 2.016640283E-05 1.239800000E+02
1.016170000E-02 4.644372925E+00 6.167624626E-04 1.220071445E+02
1.032610000E-02 4.529253844E+00 6.878497742E-04 1.200646904E+02
1.049310000E-02 4.417810079E+00 7.671426659E-04 1.181538344E+02
1.066280000E-02 4.309885903E+00 8.318674437E-04 1.162733991E+02
1.083530000E-02 4.205336799E+00 8.756349262E-04 1.144223049E+02
1.101060000E-02 4.104084811E+00 9.175009119E-04 1.126005849E+02
1.118860000E-02 4.006104364E+00 9.602938608E-04 1.108092165E+02
1.136960000E-02 3.911153987E+00 1.015747889E-03 1.090451731E+02
1.155350000E-02 3.819216395E+00 1.092888309E-03 1.073094733E+02
1.174040000E-02 3.730170453E+00 1.131539472E-03 1.056011720E+02
1.193030000E-02 3.643947458E+00 1.167173633E-03 1.039202702E+02
1.212320000E-02 3.560477774E+00 1.203944383E-03 1.022667283E+02
1.231930000E-02 3.479610617E+00 1.219053852E-03 1.006388350E+02
1.251860000E-02 3.401286748E+00 1.232192233E-03 9.903663349E+01
1.272100000E-02 3.325482334E+00 1.245497080E-03 9.746089144E+01
1.292680000E-02 3.252026469E+00 1.254963653E-03 9.590927376E+01
1.313590000E-02 3.180900653E+00 1.261456581E-03 9.438256990E+01
1.334830000E-02 3.112047262E+00 1.267997219E-03 9.288074137E+01
1.356420000E-02 3.045347859E+00 1.273438200E-03 9.140236800E+01
1.378360000E-02 2.980752565E+00 1.272885599E-03 8.994747381E+01
1.400660000E-02 2.918183263E+00 1.272322000E-03 8.851541416E+01
1.423310000E-02 2.857618590E+00 1.271780417E-03 8.710681440E+01
1.446330000E-02 2.798956910E+00 1.271131546E-03 8.572040959E+01
1.469730000E-02 2.742129488E+00 1.263637133E-03 8.435562995E+01
1.493500000E-02 2.687116590E+00 1.256200792E-03 8.301305658E+01
1.517650000E-02 2.633850432E+00 1.248817948E-03 8.169208974E+01
1.542200000E-02 2.582246531E+00 1.238627335E-03 8.039164829E+01
1.567140000E-02 2.532286440E+00 1.220186709E-03 7.911226821E+01
1.592490000E-02 2.483891414E+00 1.202009923E-03 7.785292215E+01
1.618250000E-02 2.437024983E+00 1.184103412E-03 7.661362583E+01
1.644420000E-02 2.391650082E+00 1.165878203E-03 7.539436397E+01
1.671020000E-02 2.347696977E+00 1.147626178E-03 7.419420474E+01
1.698050000E-02 2.305132491E+00 1.129660763E-03 7.301316216E+01
1.725510000E-02 2.263922918E+00 1.111985454E-03 7.185122080E+01
1.753420000E-02 2.224006257E+00 1.094579133E-03 7.070753157E+01
1.781780000E-02 2.185352146E+00 1.077447047E-03 6.958210329E+01
1.810600000E-02 2.147917080E+00 1.060582850E-03 6.847453883E+01
1.839890000E-02 2.111659623E+00 1.043978352E-03 6.738446320E+01
1.869640000E-02 2.076563293E+00 1.027646901E-03 6.631223123E+01
1.899880000E-02 2.042565160E+00 1.011563470E-03 6.525675306E+01
1.930610000E-02 2.009639765E+00 9.957295765E-04 6.421804507E+01
1.961840000E-02 1.977751249E+00 9.704379163E-04 6.319577539E+01
1.993570000E-02 1.946874827E+00 9.366248285E-04 6.218994066E+01
2.025820000E-02 1.916967284E+00 9.039835628E-04 6.119990917E+01
2.058580000E-02 1.888014489E+00 8.724904430E-04 6.022598102E+01
2.091880000E-02 1.859967452E+00 8.420852203E-04 5.926726198E+01
2.125710000E-02 1.832813044E+00 8.127460725E-04 5.832404232E+01
2.160090000E-02 1.806513901E+00 7.844277285E-04 5.739575666E+01
2.195030000E-02 1.781042433E+00 7.570932774E-04 5.648214375E+01
2.230530000E-02 1.756378912E+00 7.307146786E-04 5.558320220E+01
2.266610000E-02 1.732490420E+00 7.052507718E-04 5.469842628E+01
2.303270000E-02 1.709358616E+00 6.793660622E-04 5.382781871E+01
2.340530000E-02 1.686953160E+00 6.415698698E-04 5.297090830E+01
2.378380000E-02 1.665262527E+00 6.058839047E-04 5.212791900E+01
2.416850000E-02 1.644252564E+00 5.721779763E-04 5.129817738E+01
2.455940000E-02 1.623907268E+00 5.403489941E-04 5.048168929E+01
2.495660000E-02 1.604205554E+00 5.102911398E-04 4.967824143E+01
2.536030000E-02 1.585122470E+00 4.758563057E-04 4.888743430E+01
2.577050000E-02 1.566643433E+00 4.403010455E-04 4.810927223E+01
2.618730000E-02 1.548749456E+00 4.074021552E-04 4.734355966E+01
2.661090000E-02 1.531418200E+00 3.769604025E-04 4.658993119E+01
2.704130000E-02 1.514636301E+00 3.487946375E-04 4.584838747E+01
2.747860000E-02 1.498386587E+00 3.227340996E-04 4.511874695E+01
2.792310000E-02 1.482645528E+00 2.986185177E-04 4.440051427E+01
2.837470000E-02 1.467404611E+00 2.763062898E-04 4.369385403E+01
2.883370000E-02 1.452641948E+00 2.526700859E-04 4.299829713E+01
2.930000000E-02 9.995640570E-01 2.281932693E-04 4.231399317E+01
2.977390000E-02 9.995757633E-01 2.060865599E-04 4.164049721E+01
3.025550000E-02 9.995881276E-01 1.861208602E-04 4.097767348E+01
3.074490000E-02 9.996005385E-01 1.680897414E-04 4.032538730E+01
3.124210000E-02 9.996123188E-01 1.518061882E-04 3.968363202E+01
3.174750000E-02 9.996219164E-01 1.366687774E-04 3.905189385E+01
3.226090000E-02 9.996331853E-01 1.164442585E-04 3.843042197E+01
3.278270000E-02 9.996477497E-01 9.921190345E-05 3.781872756E+01
3.331300000E-02 9.996634101E-01 8.452951969E-05 3.721670219E+01
3.385180000E-02 9.996792006E-01 7.202019225E-05 3.662434494E+01
3.439930000E-02 9.996947790E-01 6.136200415E-05 3.604143108E+01
3.495570000E-02 9.997099559E-01 5.238026642E-05 3.546774918E+01
3.552110000E-02 9.997244360E-01 4.477800335E-05 3.490319838E+01
3.609560000E-02 9.997382263E-01 3.827912893E-05 3.434767673E+01
3.667940000E-02 9.997512994E-01 3.272370283E-05 3.380098911E+01
3.727270000E-02 9.997635071E-01 2.797420842E-05 3.326295117E+01
3.787550000E-02 9.997748304E-01 2.315433844E-05 3.273356127E+01
3.848820000E-02 9.997864563E-01 1.879060151E-05 3.221247032E+01
3.911070000E-02 9.997979028E-01 1.524946019E-05 3.169976503E+01
3.974320000E-02 9.998089872E-01 1.263383370E-05 3.119527366E+01
4.038610000E-02 9.998193506E-01 1.061920840E-05 3.069868098E+01
4.103930000E-02 9.998294485E-01 9.088259935E-06 3.021006694E+01
4.170310000E-02 9.998386286E-01 8.723877841E-06 2.972920478E+01
4.237760000E-02 9.998468384E-01 8.374152740E-06 2.925602205E+01
4.306300000E-02 9.998544075E-01 8.006767923E-06 2.879037689E+01
4.375950000E-02 9.998616263E-01 7.640865507E-06 2.833213359E+01
4.446730000E-02 9.998684085E-01 7.684088293E-06 2.788116211E+01
4.518650000E-02 9.998746367E-01 7.739740766E-06 2.743739834E+01
4.591740000E-02 9.998804472E-01 7.795759340E-06 2.700065770E+01
4.666000000E-02 9.998859499E-01 7.895912574E-06 2.657093871E+01
4.741470000E-02 9.998910793E-01 8.071483010E-06 2.614800895E+01
4.818160000E-02 9.998958805E-01 8.250950553E-06 2.573181463E+01
4.896090000E-02 9.999003909E-01 8.434411672E-06 2.532224694E+01
4.975280000E-02 9.999046343E-01 8.621959142E-06 2.491920053E+01
5.055760000E-02 9.999086249E-01 8.813659434E-06 2.452252480E+01
5.137530000E-02 9.999123545E-01 8.995770686E-06 2.413221918E+01
5.220620000E-02 9.999158945E-01 9.103248328E-06 2.374813719E+01
5.305060000E-02 9.999192736E-01 9.211983073E-06 2.337014096E+01
5.390870000E-02 9.999224896E-01 9.321993436E-06 2.299814316E+01
5.478060000E-02 9.999255457E-01 9.433339428E-06 2.263209968E+01
5.566670000E-02 9.999284489E-01 9.546006677E-06 2.227184295E+01
5.656700000E-02 9.999312043E-01 9.660047676E-06 2.191737232E+01
5.748200000E-02 9.999338177E-01 9.775407806E-06 2.156849101E+01
5.841170000E-02 9.999362899E-01 9.892179391E-06 2.122519975E+01
5.935640000E-02 9.999386156E-01 1.001035202E-05 2.088738535E+01
6.031650000E-02 9.999407762E-01 1.007745268E-05 2.055490620E+01
6.129210000E-02 9.999428756E-01 1.009344322E-05 2.022772919E+01
6.228340000E-02 9.999448922E-01 1.010951711E-05 1.990578549E+01
6.329080000E-02 9.999468193E-01 1.012557568E-05 1.958894500E+01
6.431450000E-02 9.999486552E-01 1.014172696E-05 1.927714590E+01
6.535470000E-02 9.999503988E-01 1.015787971E-05 1.897032654E+01
6.641180000E-02 9.999520475E-01 1.017396831E-05 1.866836918E+01
6.748590000E-02 9.999535912E-01 1.019017769E-05 1.837124496E+01
6.857750000E-02 9.999549874E-01 1.020638346E-05 1.807881594E+01
6.968670000E-02 9.999563243E-01 1.002751184E-05 1.779105626E+01
7.081380000E-02 9.999576704E-01 9.851421246E-06 1.750788688E+01
7.195910000E-02 9.999589959E-01 9.678349973E-06 1.722923161E+01
7.312300000E-02 9.999602822E-01 9.508406752E-06 1.695499364E+01
7.430570000E-02 9.999615248E-01 9.341323442E-06 1.668512644E+01
7.550760000E-02 9.999627195E-01 9.177273535E-06 1.641953923E+01
7.672890000E-02 9.999638579E-01 9.016067984E-06 1.615818811E+01
7.796990000E-02 9.999649159E-01 8.819006755E-06 1.590100795E+01
7.923100000E-02 9.999659831E-01 8.578511154E-06 1.564791559E+01
8.051250000E-02 9.999670374E-01 8.344641745E-06 1.539885111E+01
8.181470000E-02 9.999680689E-01 8.117106060E-06 1.515375599E+01
8.313800000E-02 9.999690744E-01 7.895775538E-06 1.491255503E+01
8.448270000E-02 9.999700522E-01 7.680487895E-06 1.467519386E+01
8.584910000E-02 9.999710008E-01 7.471085183E-06 1.444161907E+01
8.723770000E-02 9.999719166E-01 7.267380343E-06 1.421174561E+01
8.864870000E-02 9.999728018E-01 7.054876519E-06 1.398554068E+01
9.008250000E-02 9.999736715E-01 6.842010624E-06 1.376293953E+01
9.153950000E-02 9.999745210E-01 6.635552115E-06 1.354387996E+01
9.302010000E-02 9.999753486E-01 6.435305264E-06 1.332830216E+01
9.452460000E-02 9.999761538E-01 6.241136821E-06 1.311616235E+01
9.605350000E-02 9.999769366E-01 6.052805799E-06 1.290739015E+01
9.760710000E-02 9.999776971E-01 5.870149021E-06 1.270194484E+01
9.918580000E-02 9.999784354E-01 5.693033908E-06 1.249977315E+01
1.007900000E-01 9.999791512E-01 5.521254830E-06 1.230082349E+01
1.024200000E-01 9.999798438E-01 5.354662946E-06 1.210505761E+01
1.040770000E-01 9.999805090E-01 5.193022933E-06 1.191233414E+01
1.057600000E-01 9.999811482E-01 5.014827802E-06 1.172276853E+01
1.074710000E-01 9.999817847E-01 4.833253148E-06 1.153613533E+01
1.092090000E-01 9.999824132E-01 4.658298575E-06 1.135254420E+01
1.109750000E-01 9.999830290E-01 4.489674062E-06 1.117188556E+01
1.127700000E-01 9.999836317E-01 4.327138327E-06 1.099405870E+01
1.145940000E-01 9.999842210E-01 4.170479314E-06 1.081906557E+01
1.164480000E-01 9.999847971E-01 4.019448380E-06 1.064681231E+01
1.183310000E-01 9.999853598E-01 3.873970409E-06 1.047738970E+01
1.202450000E-01 9.999859096E-01 3.733715824E-06 1.031061583E+01
1.221900000E-01 9.999864467E-01 3.598554688E-06 1.014649317E+01
1.241660000E-01 9.999869715E-01 3.468281360E-06 9.985020054E+00
1.261750000E-01 9.999874845E-01 3.342686299E-06 9.826035268E+00
1.282150000E-01 9.999879855E-01 3.221709614E-06 9.669695433E+00
1.302890000E-01 9.999884752E-01 3.105057837E-06 9.515768791E+00
1.323970000E-01 9.999889516E-01 2.990758446E-06 9.364260519E+00
1.345380000E-01 9.999894210E-01 2.877073705E-06 9.215240304E+00
1.367140000E-01 9.999898836E-01 2.767671780E-06 9.068566496E+00
1.389250000E-01 9.999903385E-01 2.662454320E-06 8.924239698E+00
1.411720000E-01 9.999907862E-01 2.561207707E-06 8.782194770E+00
1.434560000E-01 9.999912273E-01 2.463806041E-06 8.642371180E+00
1.457760000E-01 9.999916621E-01 2.370121803E-06 8.504829327E+00
1.481340000E-01 9.999920916E-01 2.280002667E-06 8.369449282E+00
1.505300000E-01 9.999925163E-01 2.193315613E-06 8.236231980E+00
1.529640000E-01 9.999929370E-01 2.109931130E-06 8.105175074E+00
1.554390000E-01 9.999933523E-01 2.029676124E-06 7.976119249E+00
1.579530000E-01 9.999937681E-01 1.944763923E-06 7.849170323E+00
1.605070000E-01 9.999941889E-01 1.862899090E-06 7.724273708E+00
1.631030000E-01 9.999946147E-01 1.784461784E-06 7.601331674E+00
1.657420000E-01 9.999950472E-01 1.709305304E-06 7.480300708E+00
1.684220000E-01 9.999954891E-01 1.637348536E-06 7.361271093E+00
1.711460000E-01 9.999959441E-01 1.568412114E-06 7.244107370E+00
1.739150000E-01 9.999964173E-01 1.502379565E-06 7.128769801E+00
1.767270000E-01 9.999969155E-01 1.439139743E-06 7.015340044E+00
1.795860000E-01 9.999974488E-01 1.378547019E-06 6.903656187E+00
1.824910000E-01 9.999980318E-01 1.320508130E-06 6.793759692E+00
1.854420000E-01 9.999986881E-01 1.264927011E-06 6.685648343E+00
1.884420000E-01 9.999994585E-01 1.211671190E-06 6.579212702E+00
1.914890000E-01 1.000000423E+00 1.160669683E-06 6.474523341E+00
1.945870000E-01 1.000001778E+00 1.111800177E-06 6.371443108E+00
1.977340000E-01 1.000004279E+00 1.064997148E-06 6.270039548E+00
1.999000000E-01 1.000013040E+00 1.034338623E-06 6.202101051E+00
2.001000000E-01 1.000013035E+00 9.839585767E-06 6.195902049E+00
2.009320000E-01 1.000006772E+00 9.807394840E-06 6.170246651E+00
2.041820000E-01 1.000002583E+00 9.683993757E-06 6.072033774E+00
2.074850000E-01 1.000000977E+00 9.562149935E-06 5.975371714E+00
2.108400000E-01 9.999999541E-01 9.441941473E-06 5.880288370E+00
2.142510000E-01 9.999991719E-01 9.323083294E-06 5.786670774E+00
2.177160000E-01 9.999984799E-01 9.126983466E-06 5.694574583E+00
2.212370000E-01 9.999979609E-01 8.856390627E-06 5.603945091E+00
2.248160000E-01 9.999975702E-01 8.593779901E-06 5.514732048E+00
2.284520000E-01 9.999972540E-01 8.338988596E-06 5.426960587E+00
2.321470000E-01 9.999969944E-01 8.091636051E-06 5.340581614E+00
2.359020000E-01 9.999967786E-01 7.851709348E-06 5.255572229E+00
2.397170000E-01 9.999965977E-01 7.618913477E-06 5.171931903E+00
2.435950000E-01 9.999964450E-01 7.393038338E-06 5.089595435E+00
2.475350000E-01 9.999963154E-01 7.173812210E-06 5.008584645E+00
2.515380000E-01 9.999962046E-01 6.961099579E-06 4.928877545E+00
2.556070000E-01 9.999961092E-01 6.754658314E-06 4.850414895E+00
2.597410000E-01 9.999960260E-01 6.554410751E-06 4.773216396E+00
2.639420000E-01 9.999959518E-01 6.360067740E-06 4.697244092E+00
2.682110000E-01 9.999958828E-01 6.171460276E-06 4.622480062E+00
2.725490000E-01 9.999958093E-01 5.988475117E-06 4.548906802E+00
2.769570000E-01 9.999957232E-01 5.786023241E-06 4.476507183E+00
2.814370000E-01 9.999956624E-01 5.560042778E-06 4.405248777E+00
2.859890000E-01 9.999956274E-01 5.324498675E-06 4.335131771E+00
2.906150000E-01 9.999956174E-01 5.096401766E-06 4.266125286E+00
2.953150000E-01 9.999956237E-01 4.878119475E-06 4.198229010E+00
3.000920000E-01 9.999956420E-01 4.669220634E-06 4.131399704E+00
3.049450000E-01 9.999956699E-01 4.469255201E-06 4.065651183E+00
3.098780000E-01 9.999957057E-01 4.277808490E-06 4.000929398E+00
3.148900000E-01 9.999957478E-01 4.094587008E-06 3.937247928E+00
3.199830000E-01 9.999957953E-01 3.919224496E-06 3.874580837E+00
3.251580000E-01 9.999958471E-01 3.751361302E-06 3.812915567E+00
3.304180000E-01 9.999959026E-01 3.590714665E-06 3.752216889E+00
3.357620000E-01 9.999959609E-01 3.436929970E-06 3.692496471E+00
3.411920000E-01 9.999960216E-01 3.289738132E-06 3.633731154E+00
3.467110000E-01 9.999960840E-01 3.148831805E-06 3.575888853E+00
3.523190000E-01 9.999961479E-01 3.013946359E-06 3.518970024E+00
3.580170000E-01 9.999962125E-01 2.884897788E-06 3.462964049E+00
3.638080000E-01 9.999962774E-01 2.761336544E-06 3.407841499E+00
3.696920000E-01 9.999963421E-01 2.643059021E-06 3.353602458E+00
3.756720000E-01 9.999964060E-01 2.529812034E-06 3.300219340E+00
3.817480000E-01 9.999964680E-01 2.421463134E-06 3.247692195E+00
3.879220000E-01 9.999965197E-01 2.311785558E-06 3.196003320E+00
3.941970000E-01 9.999965806E-01 2.194388365E-06 3.145127944E+00
4.005730000E-01 9.999966499E-01 2.084800972E-06 3.095066318E+00
4.070520000E-01 9.999967205E-01 1.981381279E-06 3.045802502E+00
4.136350000E-01 9.999967907E-01 1.883101373E-06 2.997328563E+00
4.203260000E-01 9.999968615E-01 1.788112830E-06 2.949615299E+00
4.271240000E-01 9.999969324E-01 1.697295028E-06 2.902669951E+00
4.340320000E-01 9.999970042E-01 1.609884064E-06 2.856471412E+00
4.410520000E-01 9.999970765E-01 1.526951265E-06 2.811006412E+00
4.481860000E-01 9.999971486E-01 1.448213816E-06 2.766262221E+00
4.554350000E-01 9.999972202E-01 1.373248411E-06 2.722232591E+00
4.628020000E-01 9.999972913E-01 1.302059522E-06 2.678899400E+00
4.702870000E-01 9.999973616E-01 1.234519288E-06 2.636262538E+00
4.778940000E-01 9.999974308E-01 1.170468980E-06 2.594299154E+00
4.856230000E-01 9.999974989E-01 1.109154804E-06 2.553009227E+00
4.934780000E-01 9.999975663E-01 1.050833672E-06 2.512371372E+00
5.014590000E-01 9.999976327E-01 9.955791467E-07 2.472385579E+00
5.095700000E-01 9.999976979E-01 9.430673663E-07 2.433031772E+00
5.178120000E-01 9.999977620E-01 8.932141321E-07 2.394305269E+00
5.261870000E-01 9.999978248E-01 8.458583033E-07 2.356196561E+00
5.346980000E-01 9.999978865E-01 8.009538098E-07 2.318692047E+00
5.433460000E-01 9.999979468E-01 7.583714441E-07 2.281787296E+00
5.521340000E-01 9.999980060E-01 7.178695417E-07 2.245469397E+00
5.610650000E-01 9.999980639E-01 6.795391306E-07 2.209726146E+00
5.701390000E-01 9.999981204E-01 6.432436189E-07 2.174557432E+00
5.793610000E-01 9.999981756E-01 6.087462625E-07 2.139943835E+00
5.887320000E-01 9.999982295E-01 5.761026045E-07 2.105881793E+00
5.982540000E-01 9.999982821E-01 5.451986125E-07 2.072363912E+00
6.079300000E-01 9.999983334E-01 5.158725773E-07 2.039379534E+00
6.177630000E-01 9.999983835E-01 4.881126165E-07 2.006918511E+00
6.277550000E-01 9.999984322E-01 4.618312953E-07 1.974974313E+00
6.379080000E-01 9.999984796E-01 4.368858213E-07 1.943540448E+00
6.482260000E-01 9.999985258E-01 4.132710408E-07 1.912604555E+00
6.587110000E-01 9.999985707E-01 3.909175283E-07 1.882160765E+00
6.693650000E-01 9.999986145E-01 3.696912333E-07 1.852203208E+00
6.801910000E-01 9.999986570E-01 3.496096571E-07 1.822723323E+00
6.911930000E-01 9.999986984E-01 3.306017433E-07 1.793710295E+00
7.023720000E-01 9.999987386E-01 3.125533836E-07 1.765161481E+00
7.137330000E-01 9.999987777E-01 2.954841664E-07 1.737064140E+00
7.252770000E-01 9.999988158E-01 2.793443639E-07 1.709415851E+00
7.370080000E-01 9.999988527E-01 2.640814935E-07 1.682206977E+00
7.489280000E-01 9.999988885E-01 2.496239791E-07 1.655432832E+00
7.610420000E-01 9.999989233E-01 2.359337327E-07 1.629082232E+00
7.733510000E-01 9.999989571E-01 2.229642413E-07 1.603153031E+00
7.858590000E-01 9.999989900E-01 2.107023579E-07 1.577636701E+00
7.985700000E-01 9.999990218E-01 1.991084810E-07 1.552525139E+00
8.114860000E-01 9.999990527E-01 1.881307577E-07 1.527814405E+00
8.246110000E-01 9.999990827E-01 1.777396488E-07 1.503496800E+00
8.379490000E-01 9.999991118E-01 1.679043001E-07 1.479564985E+00
8.515020000E-01 9.999991400E-01 1.586429496E-07 1.456015370E+00
8.652740000E-01 9.999991674E-01 1.498760758E-07 1.432840927E+00
8.792690000E-01 9.999991939E-01 1.415790981E-07 1.410034927E+00
8.934910000E-01 9.999992196E-01 1.337026935E-07 1.387590921E+00
9.079430000E-01 9.999992445E-01 1.262757209E-07 1.365504222E+00
9.226280000E-01 9.999992687E-01 1.192726813E-07 1.343770187E+00
9.375510000E-01 9.999992921E-01 1.125974609E-07 1.322381396E+00
9.527150000E-01 9.999993148E-01 1.062921556E-07 1.301333557E+00
9.681240000E-01 9.999993368E-01 1.003371020E-07 1.280621077E+00
9.837830000E-01 9.999993581E-01 9.475233942E-08 1.260237268E+00
9.996950000E-01 9.999993788E-01 8.945569754E-08 1.240178254E+00
1.015860000E+00 9.999993988E-01 8.443373933E-08 1.220443762E+00
1.032290000E+00 9.999994182E-01 7.969743619E-08 1.201019093E+00
1.048990000E+00 9.999994370E-01 7.522504924E-08 1.181898779E+00
1.065960000E+00 9.999994552E-01 7.100273791E-08 1.163083043E+00
1.083200000E+00 9.999994728E-01 6.701885963E-08 1.144571640E+00
1.100720000E+00 9.999994898E-01 6.325199535E-08 1.126353659E+00
1.118520000E+00 9.999995064E-01 5.968875781E-08 1.108428995E+00
1.136610000E+00 9.999995224E-01 5.632018267E-08 1.090787517E+00
1.155000000E+00 9.999995379E-01 5.314139087E-08 1.073419913E+00
1.173680000E+00 9.999995529E-01 5.014312201E-08 1.056335628E+00
1.192660000E+00 9.999995674E-01 4.731234542E-08 1.039525095E+00
1.211950000E+00 9.999995814E-01 4.463522478E-08 1.022979496E+00
1.231550000E+00 9.999995950E-01 4.210173020E-08 1.006698875E+00
1.251470000E+00 9.999996082E-01 3.971213310E-08 9.906749662E-01
1.271720000E+00 9.999996210E-01 3.745801287E-08 9.749001352E-01
1.292290000E+00 9.999996334E-01 3.533234352E-08 9.593821820E-01
1.313190000E+00 9.999996453E-01 3.332226641E-08 9.441131900E-01
1.334430000E+00 9.999996569E-01 3.142600309E-08 9.290858269E-01
1.356010000E+00 9.999996681E-01 2.963792244E-08 9.143000420E-01
1.377940000E+00 9.999996790E-01 2.795180371E-08 8.997489005E-01
1.400230000E+00 9.999996895E-01 2.636007674E-08 8.854259657E-01
1.422880000E+00 9.999996996E-01 2.485683377E-08 8.713313842E-01
1.445890000E+00 9.999997095E-01 2.344028059E-08 8.574649524E-01
1.469280000E+00 9.999997190E-01 2.210402810E-08 8.438146575E-01
1.493040000E+00 9.999997282E-01 2.084372490E-08 8.303863259E-01
1.517190000E+00 9.999997372E-01 1.966878103E-08 8.171685814E-01
1.541730000E+00 9.999997458E-01 1.856247656E-08 8.041615588E-01
1.566670000E+00 9.999997542E-01 1.751939650E-08 7.913600184E-01
1.592010000E+00 9.999997623E-01 1.653504650E-08 7.787639525E-01
1.617760000E+00 9.999997701E-01 1.560589154E-08 7.663683117E-01
1.643920000E+00 9.999997777E-01 1.472921484E-08 7.541729525E-01
1.670510000E+00 9.999997850E-01 1.390152971E-08 7.421685593E-01
1.697530000E+00 9.999997921E-01 1.312044583E-08 7.303552809E-01
1.724990000E+00 9.999997990E-01 1.238321323E-08 7.187288042E-01
1.752890000E+00 9.999998056E-01 1.168269059E-08 7.072891054E-01
1.781240000E+00 9.999998121E-01 1.102029425E-08 6.960319777E-01
1.810050000E+00 9.999998183E-01 1.039434933E-08 6.849534543E-01
1.839320000E+00 9.999998244E-01 9.804054147E-09 6.740534545E-01
1.869070000E+00 9.999998302E-01 9.247221223E-09 6.633245411E-01
1.899300000E+00 9.999998359E-01 8.722051404E-09 6.527668088E-01
1.930020000E+00 9.999998414E-01 8.226659627E-09 6.423767629E-01
1.961240000E+00 9.999998467E-01 7.759381657E-09 6.321510881E-01
1.992960000E+00 9.999998518E-01 7.318643413E-09 6.220897559E-01
2.025200000E+00 9.999998568E-01 6.815571782E-09 6.121864507E-01
2.057950000E+00 9.999998617E-01 6.423381405E-09 6.024441799E-01
2.091240000E+00 9.999998664E-01 6.055333173E-09 5.928540005E-01
2.125060000E+00 9.999998710E-01 5.707947234E-09 5.834188211E-01
2.159430000E+00 9.999998754E-01 5.379933513E-09 5.741329888E-01
2.194360000E+00 9.999998798E-01 5.070239357E-09 5.649938934E-01
2.229850000E+00 9.999998839E-01 4.777767297E-09 5.560015248E-01
2.265920000E+00 9.999998880E-01 4.501714287E-09 5.471508262E-01
2.302570000E+00 9.999998920E-01 4.241106950E-09 5.384418280E-01
2.339810000E+00 9.999998959E-01 3.995057633E-09 5.298720836E-01
2.377660000E+00 9.999998996E-01 3.762717657E-09 5.214370431E-01
2.416110000E+00 9.999999033E-01 3.543477536E-09 5.131388885E-01
2.455190000E+00 9.999999070E-01 3.336600090E-09 5.049711020E-01
2.494900000E+00 9.999999105E-01 3.141322473E-09 4.969337448E-01
2.535260000E+00 9.999999141E-01 2.956982748E-09 4.890228221E-01
2.576260000E+00 9.999999176E-01 2.783053146E-09 4.812402475E-01
2.617930000E+00 9.999999212E-01 2.618858691E-09 4.735802714E-01
2.660270000E+00 9.999999249E-01 2.464042983E-09 4.660429205E-01
2.703300000E+00 9.999999289E-01 2.317836718E-09 4.586246440E-01
2.747030000E+00 9.999999336E-01 2.179942480E-09 4.513237933E-01
2.791460000E+00 9.999999404E-01 2.049843704E-09 4.441403423E-01
2.822300000E+00 9.999999732E-01 1.965260771E-09 4.392871063E-01
2.822500000E+00 9.999999732E-01 1.944053925E-08 4.392559787E-01
2.836610000E+00 9.999999460E-01 1.910911988E-08 4.370710108E-01
2.882490000E+00 9.999999396E-01 1.808049752E-08 4.301142415E-01
2.929110000E+00 9.999999383E-01 1.710338089E-08 4.232685014E-01
2.976480000E+00 9.999999382E-01 1.617648954E-08 4.165322797E-01
3.024630000E+00 9.999999387E-01 1.529723410E-08 4.099013764E-01
3.073550000E+00 9.999999395E-01 1.446220831E-08 4.033772023E-01
3.123260000E+00 9.999999405E-01 1.367058030E-08 3.969570257E-01
3.173780000E+00 9.999999417E-01 1.291985897E-08 3.906382925E-01
3.225110000E+00 9.999999429E-01 1.220847538E-08 3.844209965E-01
3.277270000E+00 9.999999442E-01 1.153421884E-08 3.783026727E-01
3.330280000E+00 9.999999455E-01 1.089508061E-08 3.722810094E-01
3.384150000E+00 9.999999468E-01 1.029001786E-08 3.663549193E-01
3.438880000E+00 9.999999481E-01 9.717272306E-09 3.605243568E-01
3.494500000E+00 9.999999495E-01 9.175065752E-09 3.547860924E-01
3.551020000E+00 9.999999508E-01 8.661888727E-09 3.491391206E-01
3.608460000E+00 9.999999521E-01 8.176080363E-09 3.435814724E-01
3.666820000E+00 9.999999534E-01 7.716527496E-09 3.381131335E-01
3.726130000E+00 9.999999547E-01 7.281887323E-09 3.327312788E-01
3.786400000E+00 9.999999560E-01 6.870807802E-09 3.274350306E-01
3.847640000E+00 9.999999572E-01 6.482133026E-09 3.222234928E-01
3.909870000E+00 9.999999584E-01 6.114725711E-09 3.170949418E-01
3.973110000E+00 9.999999596E-01 5.767481879E-09 3.120477409E-01
4.037380000E+00 9.999999608E-01 5.439239028E-09 3.070803343E-01
4.102680000E+00 9.999999619E-01 5.129198822E-09 3.021927131E-01
4.169030000E+00 9.999999631E-01 4.836275235E-09 2.973833242E-01
4.236460000E+00 9.999999642E-01 4.559657276E-09 2.926499955E-01
4.304980000E+00 9.999999652E-01 4.298369087E-09 2.879920464E-01
4.374620000E+00 9.999999663E-01 4.051610575E-09 2.834074731E-01
4.445370000E+00 9.999999673E-01 3.818693992E-09 2.788969197E-01
4.517270000E+00 9.999999683E-01 3.598817295E-09 2.744578031E-01
4.590330000E+00 9.999999692E-01 3.391328057E-09 2.700895143E-01
4.664580000E+00 9.999999702E-01 3.195436027E-09 2.657902748E-01
4.740030000E+00 9.999999711E-01 3.010613181E-09 2.615595260E-01
4.816690000E+00 9.999999720E-01 2.836236142E-09 2.573966770E-01
4.894600000E+00 9.999999728E-01 2.671791081E-09 2.532995546E-01
4.973770000E+00 9.999999737E-01 2.516592949E-09 2.492676581E-01
5.054210000E+00 9.999999745E-01 2.370266471E-09 2.453004525E-01
5.135960000E+00 9.999999753E-01 2.232261983E-09 2.413959610E-01
5.219030000E+00 9.999999760E-01 2.102173301E-09 2.375537217E-01
5.303440000E+00 9.999999768E-01 1.979442336E-09 2.337727965E-01
5.389220000E+00 9.999999775E-01 1.863801494E-09 2.300518442E-01
5.476390000E+00 9.999999782E-01 1.754756312E-09 2.263900124E-01
5.564970000E+00 9.999999789E-01 1.651991518E-09 2.227864661E-01
5.654980000E+00 9.999999795E-01 1.555134122E-09 2.192403863E-01
5.746440000E+00 9.999999802E-01 1.463889474E-09 2.157509693E-01
5.839390000E+00 9.999999808E-01 1.377845060E-09 2.123166975E-01
5.933830000E+00 9.999999814E-01 1.296828843E-09 2.089375665E-01
6.029810000E+00 9.999999820E-01 1.220461119E-09 2.056117854E-01
6.127330000E+00 9.999999826E-01 1.148570552E-09 2.023393550E-01
6.226440000E+00 9.999999831E-01 1.080794880E-09 1.991185975E-01
6.327150000E+00 9.999999836E-01 1.016992274E-09 1.959492030E-01
6.429480000E+00 9.999999842E-01 9.568999383E-10 1.928305244E-01
6.533480000E+00 9.999999847E-01 9.003163523E-10 1.897610462E-01
6.639150000E+00 9.999999851E-01 8.469959109E-10 1.867407725E-01
6.746540000E+00 9.999999856E-01 7.968190587E-10 1.837682723E-01
6.855650000E+00 9.999999861E-01 7.495678677E-10 1.808435378E-01
6.966540000E+00 9.999999865E-01 7.050894229E-10 1.779649582E-01
7.079220000E+00 9.999999869E-01 6.632081444E-10 1.751322886E-01
7.193720000E+00 9.999999874E-01 6.237690001E-10 1.723447674E-01
7.310070000E+00 9.999999878E-01 5.866562560E-10 1.696016591E-01
7.428310000E+00 9.999999881E-01 5.517382659E-10 1.669020275E-01
7.548450000E+00 9.999999885E-01 5.188631477E-10 1.642456398E-01
7.670540000E+00 9.999999889E-01 4.879334979E-10 1.616313845E-01
7.794610000E+00 9.999999892E-01 4.588146752E-10 1.590586315E-01
7.920680000E+00 9.999999896E-01 4.314031027E-10 1.565269649E-01
8.048790000E+00 9.999999899E-01 4.056224529E-10 1.540355755E-01
8.178980000E+00 9.999999902E-01 3.813665678E-10 1.515836938E-01
8.311260000E+00 9.999999905E-01 3.585555717E-10 1.491711245E-01
8.445690000E+00 9.999999908E-01 3.370847956E-10 1.467967685E-01
8.582290000E+00 9.999999911E-01 3.168887825E-10 1.444602781E-01
8.721110000E+00 9.999999914E-01 2.978862801E-10 1.421608029E-01
8.862160000E+00 9.999999917E-01 2.800147862E-10 1.398981738E-01
9.005500000E+00 9.999999920E-01 2.632046202E-10 1.376714230E-01
9.151160000E+00 9.999999922E-01 2.473889739E-10 1.354800921E-01
9.299170000E+00 9.999999925E-01 2.325189693E-10 1.333237267E-01
9.449580000E+00 9.999999927E-01 2.185337620E-10 1.312015984E-01
9.602420000E+00 9.999999929E-01 2.053792867E-10 1.291132860E-01
9.757730000E+00 9.999999932E-01 1.930109224E-10 1.270582400E-01
9.915550000E+00 9.999999934E-01 1.813797648E-10 1.250359284E-01
1.007590000E+01 9.999999936E-01 1.704434891E-10 1.230460803E-01
1.023890000E+01 9.999999938E-01 1.601591887E-10 1.210872262E-01
1.040450000E+01 9.999999940E-01 1.504904789E-10 1.191599789E-01
1.057280000E+01 9.999999942E-01 1.413990602E-10 1.172631659E-01
1.074380000E+01 9.999999944E-01 1.328526629E-10 1.153967870E-01
1.091760000E+01 9.999999945E-01 1.248172858E-10 1.135597567E-01
1.109420000E+01 9.999999947E-01 1.172636231E-10 1.117520867E-01
1.127360000E+01 9.999999949E-01 1.101640839E-10 1.099737440E-01
1.145590000E+01 9.999999950E-01 1.034903266E-10 1.082237101E-01
1.164120000E+01 9.999999952E-01 9.721645163E-11 1.065010480E-01
1.182950000E+01 9.999999954E-01 9.131923511E-11 1.048057822E-01
1.202080000E+01 9.999999955E-01 8.577711688E-11 1.031378943E-01
1.221530000E+01 9.999999957E-01 8.056669185E-11 1.014956653E-01
1.241280000E+01 9.999999958E-01 7.567176604E-11 9.988076824E-02
1.261360000E+01 9.999999959E-01 7.107039744E-11 9.829073381E-02
1.281760000E+01 9.999999961E-01 6.674656127E-11 9.672637623E-02
1.302500000E+01 9.999999962E-01 6.268230774E-11 9.518618042E-02
1.323560000E+01 9.999999963E-01 5.886462095E-11 9.367161292E-02
1.344970000E+01 9.999999964E-01 5.527632834E-11 9.218049473E-02
1.366720000E+01 9.999999965E-01 5.190521912E-11 9.071353313E-02
1.388830000E+01 9.999999966E-01 4.873696317E-11 8.926938502E-02
1.411290000E+01 9.999999967E-01 4.576083790E-11 8.784870579E-02
1.434120000E+01 9.999999969E-01 4.296428536E-11 8.645022732E-02
1.457310000E+01 9.999999970E-01 4.033717789E-11 8.507455517E-02
1.480890000E+01 9.999999971E-01 3.786840335E-11 8.371992518E-02
1.504840000E+01 9.999999971E-01 3.554980593E-11 8.238749635E-02
1.529180000E+01 9.999999972E-01 3.337146942E-11 8.107613231E-02
1.553910000E+01 9.999999973E-01 3.132518305E-11 7.978583058E-02
1.579040000E+01 9.999999974E-01 2.940307508E-11 7.851606039E-02
1.604580000E+01 9.999999975E-01 2.759760034E-11 7.726632514E-02
1.630540000E+01 9.999999976E-01 2.590139027E-11 7.603615980E-02
1.656910000E+01 9.999999976E-01 2.430853947E-11 7.482603159E-02
1.683710000E+01 9.999999977E-01 2.281239964E-11 7.363500840E-02
1.710940000E+01 9.999999978E-01 2.140730112E-11 7.246309046E-02
1.738610000E+01 9.999999979E-01 2.008762592E-11 7.130983947E-02
1.766740000E+01 9.999999979E-01 1.884812894E-11 7.017444559E-02
1.795310000E+01 9.999999980E-01 1.768436049E-11 6.905771148E-02
1.824350000E+01 9.999999981E-01 1.659131687E-11 6.795845096E-02
1.853860000E+01 9.999999981E-01 1.556500279E-11 6.687667893E-02
1.883840000E+01 9.999999982E-01 1.460129158E-11 6.581238322E-02
1.914310000E+01 9.999999982E-01 1.369640361E-11 6.476485000E-02
1.945270000E+01 9.999999983E-01 1.284677561E-11 6.373408319E-02
1.976740000E+01 9.999999984E-01 1.204897899E-11 6.271942694E-02
2.008710000E+01 9.999999984E-01 1.130080614E-11 6.172120416E-02
2.041200000E+01 9.999999985E-01 1.059777570E-11 6.073878111E-02
2.074210000E+01 9.999999985E-01 9.938166563E-12 5.977215422E-02
2.107760000E+01 9.999999986E-01 9.319164668E-12 5.882073860E-02
2.141850000E+01 9.999999986E-01 8.738394512E-12 5.788453907E-02
2.176500000E+01 9.999999986E-01 8.193367691E-12 5.696301401E-02
2.211700000E+01 9.999999987E-01 7.682097702E-12 5.605642718E-02
2.247470000E+01 9.999999987E-01 7.202445502E-12 5.516425136E-02
2.283820000E+01 9.999999988E-01 6.752437903E-12 5.428623972E-02
2.320760000E+01 9.999999988E-01 6.330282546E-12 5.342215481E-02
2.358300000E+01 9.999999988E-01 5.934249572E-12 5.257176780E-02
2.396440000E+01 9.999999989E-01 5.562810379E-12 5.173507369E-02
2.435200000E+01 9.999999989E-01 5.214381807E-12 5.091162943E-02
2.474590000E+01 9.999999990E-01 4.887568705E-12 5.010122889E-02
2.514620000E+01 9.999999990E-01 4.581037935E-12 4.930367213E-02
2.555290000E+01 9.999999990E-01 4.293579218E-12 4.851895480E-02
2.596620000E+01 9.999999990E-01 4.023992952E-12 4.774668608E-02
2.638610000E+01 9.999999991E-01 3.771192503E-12 4.698686051E-02
2.681290000E+01 9.999999991E-01 3.534105521E-12 4.623893723E-02
2.724660000E+01 9.999999991E-01 3.311782033E-12 4.550292514E-02
2.768730000E+01 9.999999992E-01 3.103328010E-12 4.477865303E-02
2.813510000E+01 9.999999992E-01 2.907871511E-12 4.406595320E-02
2.859020000E+01 9.999999992E-01 2.724605288E-12 4.336450952E-02
2.905260000E+01 9.999999992E-01 2.552798879E-12 4.267432175E-02
2.952250000E+01 9.999999993E-01 2.391717992E-12 4.199508849E-02
3.000000000E+01 0.000000000E+00 0.000000000E+00 4.132666667E-02
