# 11/08/2021 
# Data retrieved from www.chemicool.com/densities.html 
# Includes the real (n) and complex (k) part of the  refractive index. 
# Element, Cr  (Z = 24) 
# Nominal density, g cm-3 =  7.19 
#    E [keV]      n       k    Wavelength [nm] 
1.000000000E-02 -1.286861917E+01 1.245921926E-01 1.239800000E+02
1.016170000E-02 5.559900301E+03 6.135527103E-01 1.220071445E+02
1.032610000E-02 5.384304799E+03 6.203748662E-01 1.200646904E+02
1.049310000E-02 5.214315396E+03 6.272819168E-01 1.181538344E+02
1.066280000E-02 5.049694554E+03 6.342703396E-01 1.162733991E+02
1.083530000E-02 4.890221840E+03 6.413246905E-01 1.144223049E+02
1.101060000E-02 4.735778341E+03 6.484595963E-01 1.126005849E+02
1.118860000E-02 4.586325047E+03 6.553818526E-01 1.108092165E+02
1.136960000E-02 4.441493634E+03 6.607626836E-01 1.090451731E+02
1.155350000E-02 4.301257737E+03 6.661894431E-01 1.073094733E+02
1.174040000E-02 4.165432582E+03 6.716568794E-01 1.056011720E+02
1.193030000E-02 4.033913377E+03 6.771737088E-01 1.039202702E+02
1.212320000E-02 3.906593902E+03 6.827426547E-01 1.022667283E+02
1.231930000E-02 3.783244158E+03 6.883502802E-01 1.006388350E+02
1.251860000E-02 3.663773788E+03 6.940002081E-01 9.903663349E+01
1.272100000E-02 3.548146440E+03 6.997091346E-01 9.746089144E+01
1.292680000E-02 3.436101422E+03 7.050769832E-01 9.590927376E+01
1.313590000E-02 3.327610516E+03 7.104920112E-01 9.438256990E+01
1.334830000E-02 3.222585826E+03 7.159562900E-01 9.288074137E+01
1.356420000E-02 3.120846696E+03 7.214555779E-01 9.140236800E+01
1.378360000E-02 3.022317043E+03 7.269955376E-01 8.994747381E+01
1.400660000E-02 2.926877713E+03 7.336874654E-01 8.851541416E+01
1.423310000E-02 2.834496119E+03 7.426145873E-01 8.710681440E+01
1.446330000E-02 2.745017232E+03 7.516505089E-01 8.572040959E+01
1.469730000E-02 2.658336209E+03 7.607864006E-01 8.435562995E+01
1.493500000E-02 2.574422949E+03 7.700425771E-01 8.301305658E+01
1.517650000E-02 2.493174057E+03 7.685387245E-01 8.169208974E+01
1.542200000E-02 2.414460669E+03 7.645425347E-01 8.039164829E+01
1.567140000E-02 2.338254647E+03 7.605766491E-01 7.911226821E+01
1.592490000E-02 2.264435878E+03 7.566245777E-01 7.785292215E+01
1.618250000E-02 2.192948731E+03 7.526896337E-01 7.661362583E+01
1.644420000E-02 2.123736673E+03 7.487853306E-01 7.539436397E+01
1.671020000E-02 2.056693334E+03 7.391223899E-01 7.419420474E+01
1.698050000E-02 1.991768110E+03 7.289707420E-01 7.301316216E+01
1.725510000E-02 1.928909584E+03 7.189643175E-01 7.185122080E+01
1.753420000E-02 1.868023187E+03 7.090916346E-01 7.070753157E+01
1.781780000E-02 1.809062604E+03 6.993544201E-01 6.958210329E+01
1.810600000E-02 1.751961477E+03 6.870129119E-01 6.847453883E+01
1.839890000E-02 1.696656603E+03 6.714115034E-01 6.738446320E+01
1.869640000E-02 1.643122839E+03 6.561741556E-01 6.631223123E+01
1.899880000E-02 1.591264197E+03 6.412777353E-01 6.525675306E+01
1.930610000E-02 1.541041842E+03 6.267180177E-01 6.421804507E+01
1.961840000E-02 1.492401079E+03 6.110642662E-01 6.319577539E+01
1.993570000E-02 1.445304100E+03 5.951070228E-01 6.218994066E+01
2.025820000E-02 1.399684991E+03 5.795625203E-01 6.119990917E+01
2.058580000E-02 1.355522194E+03 5.644316603E-01 6.022598102E+01
2.091880000E-02 1.312740984E+03 5.496901822E-01 5.926726198E+01
2.125710000E-02 1.271321335E+03 5.353377270E-01 5.832404232E+01
2.160090000E-02 1.231206254E+03 5.194413341E-01 5.739575666E+01
2.195030000E-02 1.192353659E+03 5.016291149E-01 5.648214375E+01
2.230530000E-02 1.154733454E+03 4.844307428E-01 5.558320220E+01
2.266610000E-02 1.118295430E+03 4.678192731E-01 5.469842628E+01
2.303270000E-02 1.083011612E+03 4.517785337E-01 5.382781871E+01
2.340530000E-02 1.048835720E+03 4.362848825E-01 5.297090830E+01
2.378380000E-02 1.015750175E+03 4.157725470E-01 5.212791900E+01
2.416850000E-02 9.837028809E+02 3.958516688E-01 5.129817738E+01
2.455940000E-02 9.526694286E+02 3.768854589E-01 5.048168929E+01
2.495660000E-02 9.226176574E+02 3.588280882E-01 4.967824143E+01
2.536030000E-02 8.935095051E+02 3.416350365E-01 4.888743430E+01
2.577050000E-02 8.653227290E+02 3.252659333E-01 4.810927223E+01
2.618730000E-02 8.380283666E+02 3.096820792E-01 4.734355966E+01
2.661090000E-02 8.115923437E+02 2.926190531E-01 4.658993119E+01
2.704130000E-02 7.859942775E+02 2.745674304E-01 4.584838747E+01
2.747860000E-02 7.612079709E+02 2.576298360E-01 4.511874695E+01
2.792310000E-02 7.371975369E+02 2.417354937E-01 4.440051427E+01
2.837470000E-02 7.139499884E+02 2.268227678E-01 4.369385403E+01
2.883370000E-02 6.914319372E+02 2.128289763E-01 4.299829713E+01
2.930000000E-02 6.026411171E-01 1.999432801E-01 4.231399317E+01
2.977390000E-02 6.160438336E-01 1.881181811E-01 4.164049721E+01
3.025550000E-02 6.293257955E-01 1.769919062E-01 4.097767348E+01
3.074490000E-02 6.425400934E-01 1.665239993E-01 4.032538730E+01
3.124210000E-02 6.556844593E-01 1.566766102E-01 3.968363202E+01
3.174750000E-02 6.687970345E-01 1.474094636E-01 3.905189385E+01
3.226090000E-02 6.819122187E-01 1.388465190E-01 3.843042197E+01
3.278270000E-02 6.947432663E-01 1.308923823E-01 3.781872756E+01
3.331300000E-02 7.073904960E-01 1.233937942E-01 3.721670219E+01
3.385180000E-02 7.199047312E-01 1.163250075E-01 3.662434494E+01
3.439930000E-02 7.323097293E-01 1.096612179E-01 3.604143108E+01
3.495570000E-02 7.446378283E-01 1.033532389E-01 3.546774918E+01
3.552110000E-02 7.569697390E-01 9.739254946E-02 3.490319838E+01
3.609560000E-02 7.693597780E-01 9.177599774E-02 3.434767673E+01
3.667940000E-02 7.819283056E-01 8.648357772E-02 3.380098911E+01
3.727270000E-02 7.950568055E-01 8.149562635E-02 3.326295117E+01
3.787550000E-02 8.084105430E-01 7.826512913E-02 3.273356127E+01
3.848820000E-02 8.212607758E-01 7.537382029E-02 3.221247032E+01
3.911070000E-02 8.341281974E-01 7.322624448E-02 3.169976503E+01
3.974320000E-02 8.471006255E-01 7.132546802E-02 3.119527366E+01
4.038610000E-02 8.601419221E-01 7.115036239E-02 3.069868098E+01
4.103930000E-02 8.726998171E-01 7.120762060E-02 3.021006694E+01
4.170310000E-02 8.860711438E-01 7.180051686E-02 2.972920478E+01
4.237760000E-02 8.992288037E-01 7.424396415E-02 2.925602205E+01
4.306300000E-02 9.133982663E-01 7.677077303E-02 2.879037689E+01
4.375950000E-02 9.285001560E-01 8.525071337E-02 2.833213359E+01
4.446730000E-02 9.395338473E-01 9.666873413E-02 2.788116211E+01
4.518650000E-02 9.473641876E-01 1.096160503E-01 2.743739834E+01
4.591740000E-02 9.512774460E-01 1.242970360E-01 2.700065770E+01
4.666000000E-02 9.475220728E-01 1.400586521E-01 2.657093871E+01
4.741470000E-02 9.417779864E-01 1.445197098E-01 2.614800895E+01
4.818160000E-02 9.383808362E-01 1.491229266E-01 2.573181463E+01
4.896090000E-02 9.350740647E-01 1.538725078E-01 2.532224694E+01
4.975280000E-02 9.296528030E-01 1.575950130E-01 2.491920053E+01
5.055760000E-02 9.251665367E-01 1.583401781E-01 2.452252480E+01
5.137530000E-02 9.213738487E-01 1.590895126E-01 2.413221918E+01
5.220620000E-02 9.173971071E-01 1.598427166E-01 2.374813719E+01
5.305060000E-02 9.120344635E-01 1.596405318E-01 2.337014096E+01
5.390870000E-02 9.077727798E-01 1.572979135E-01 2.299814316E+01
5.478060000E-02 9.042629615E-01 1.549900164E-01 2.263209968E+01
5.566670000E-02 9.009031864E-01 1.527156823E-01 2.227184295E+01
5.656700000E-02 8.969089386E-01 1.504752526E-01 2.191737232E+01
5.748200000E-02 8.924199948E-01 1.459014479E-01 2.156849101E+01
5.841170000E-02 8.896094007E-01 1.406859074E-01 2.122519975E+01
5.935640000E-02 8.876289907E-01 1.356570476E-01 2.088738535E+01
6.031650000E-02 8.856618610E-01 1.308071861E-01 2.055490620E+01
6.129210000E-02 8.841980664E-01 1.246481916E-01 2.022772919E+01
6.228340000E-02 8.837497995E-01 1.187132783E-01 1.990578549E+01
6.329080000E-02 8.839262404E-01 1.130607589E-01 1.958894500E+01
6.431450000E-02 8.844431584E-01 1.076772374E-01 1.927714590E+01
6.535470000E-02 8.850592523E-01 1.025503343E-01 1.897032654E+01
6.641180000E-02 8.859545925E-01 9.702619346E-02 1.866836918E+01
6.748590000E-02 8.874851205E-01 9.167874866E-02 1.837124496E+01
6.857750000E-02 8.894363169E-01 8.662578606E-02 1.807881594E+01
6.968670000E-02 8.918067294E-01 8.186510659E-02 1.779105626E+01
7.081380000E-02 8.942929204E-01 7.775074369E-02 1.750788688E+01
7.195910000E-02 8.967657079E-01 7.384315136E-02 1.722923161E+01
7.312300000E-02 8.993240814E-01 7.013183413E-02 1.695499364E+01
7.430570000E-02 9.020770353E-01 6.660700906E-02 1.668512644E+01
7.550760000E-02 9.048504368E-01 6.366127141E-02 1.641953923E+01
7.672890000E-02 9.074219069E-01 6.090728686E-02 1.615818811E+01
7.796990000E-02 9.099097724E-01 5.827252431E-02 1.590100795E+01
7.923100000E-02 9.123593227E-01 5.575171199E-02 1.564791559E+01
8.051250000E-02 9.148135318E-01 5.333987762E-02 1.539885111E+01
8.181470000E-02 9.173963943E-01 5.114599183E-02 1.515375599E+01
8.313800000E-02 9.197695940E-01 4.924033392E-02 1.491255503E+01
8.448270000E-02 9.219892945E-01 4.740564254E-02 1.467519386E+01
8.584910000E-02 9.241249678E-01 4.563948958E-02 1.444161907E+01
8.723770000E-02 9.261922551E-01 4.393894129E-02 1.421174561E+01
8.864870000E-02 9.281997241E-01 4.230187604E-02 1.398554068E+01
9.008250000E-02 9.301503681E-01 4.071867729E-02 1.376293953E+01
9.153950000E-02 9.320664201E-01 3.918704297E-02 1.354387996E+01
9.302010000E-02 9.339507358E-01 3.771290346E-02 1.332830216E+01
9.452460000E-02 9.358078814E-01 3.629430430E-02 1.311616235E+01
9.605350000E-02 9.376512058E-01 3.492907563E-02 1.290739015E+01
9.760710000E-02 9.395292189E-01 3.361510443E-02 1.270194484E+01
9.918580000E-02 9.413513469E-01 3.254677552E-02 1.249977315E+01
1.007900000E-01 9.430525408E-01 3.151903103E-02 1.230082349E+01
1.024200000E-01 9.446690476E-01 3.052388180E-02 1.210505761E+01
1.040770000E-01 9.462318989E-01 2.955973621E-02 1.191233414E+01
1.057600000E-01 9.477535063E-01 2.862648195E-02 1.172276853E+01
1.074710000E-01 9.492721391E-01 2.772233713E-02 1.153613533E+01
1.092090000E-01 9.507338335E-01 2.697868090E-02 1.135254420E+01
1.109750000E-01 9.520875131E-01 2.626544574E-02 1.117188556E+01
1.127700000E-01 9.533564374E-01 2.557087613E-02 1.099405870E+01
1.145940000E-01 9.545588746E-01 2.489465120E-02 1.081906557E+01
1.164480000E-01 9.556979707E-01 2.423614722E-02 1.064681231E+01
1.183310000E-01 9.567658500E-01 2.359541672E-02 1.047738970E+01
1.202450000E-01 9.577048374E-01 2.292757765E-02 1.031061583E+01
1.221900000E-01 9.586745737E-01 2.217105913E-02 1.014649317E+01
1.241660000E-01 9.596647863E-01 2.143969052E-02 9.985020054E+00
1.261750000E-01 9.606433346E-01 2.073206031E-02 9.826035268E+00
1.282150000E-01 9.616018533E-01 2.004828363E-02 9.669695433E+00
1.302890000E-01 9.625359405E-01 1.938674870E-02 9.515768791E+00
1.323970000E-01 9.634276338E-01 1.874690743E-02 9.364260519E+00
1.345380000E-01 9.643080354E-01 1.807588986E-02 9.215240304E+00
1.367140000E-01 9.651919150E-01 1.742867530E-02 9.068566496E+00
1.389250000E-01 9.660664744E-01 1.680471567E-02 8.924239698E+00
1.411720000E-01 9.669278242E-01 1.620301565E-02 8.782194770E+00
1.434560000E-01 9.677747660E-01 1.562269568E-02 8.642371180E+00
1.457760000E-01 9.686067342E-01 1.506339176E-02 8.504829327E+00
1.481340000E-01 9.694294780E-01 1.453022627E-02 8.369449282E+00
1.505300000E-01 9.702239100E-01 1.402701359E-02 8.236231980E+00
1.529640000E-01 9.709934609E-01 1.354134916E-02 8.105175074E+00
1.554390000E-01 9.717408955E-01 1.307223561E-02 7.976119249E+00
1.579530000E-01 9.724650875E-01 1.261952972E-02 7.849170323E+00
1.605070000E-01 9.731654847E-01 1.218261368E-02 7.724273708E+00
1.631030000E-01 9.738398329E-01 1.176071361E-02 7.601331674E+00
1.657420000E-01 9.744725404E-01 1.135329763E-02 7.480300708E+00
1.684220000E-01 9.750698299E-01 1.090744779E-02 7.361271093E+00
1.711460000E-01 9.756946285E-01 1.044585734E-02 7.244107370E+00
1.739150000E-01 9.763282396E-01 1.000366801E-02 7.128769801E+00
1.767270000E-01 9.769595736E-01 9.580400159E-03 7.015340044E+00
1.795860000E-01 9.775864129E-01 9.174887471E-03 6.903656187E+00
1.824910000E-01 9.782067508E-01 8.786578462E-03 6.793759692E+00
1.854420000E-01 9.788210528E-01 8.414770691E-03 6.685648343E+00
1.884420000E-01 9.794394231E-01 8.058607378E-03 6.579212702E+00
1.914890000E-01 9.800461155E-01 7.749017082E-03 6.474523341E+00
1.945870000E-01 9.806218444E-01 7.459603659E-03 6.371443108E+00
1.977340000E-01 9.811751716E-01 7.181073280E-03 6.270039548E+00
2.009320000E-01 9.817099091E-01 6.912929752E-03 6.170246651E+00
2.041820000E-01 9.822277670E-01 6.654790111E-03 6.072033774E+00
2.074850000E-01 9.827294961E-01 6.406273734E-03 5.975371714E+00
2.108400000E-01 9.832148376E-01 6.167107616E-03 5.880288370E+00
2.142510000E-01 9.836836375E-01 5.936773291E-03 5.786670774E+00
2.177160000E-01 9.841289808E-01 5.709618684E-03 5.694574583E+00
2.212370000E-01 9.845712592E-01 5.476395448E-03 5.603945091E+00
2.248160000E-01 9.850080463E-01 5.252647096E-03 5.514732048E+00
2.284520000E-01 9.854362588E-01 5.038082300E-03 5.426960587E+00
2.321470000E-01 9.858552765E-01 4.832259464E-03 5.340581614E+00
2.359020000E-01 9.862644441E-01 4.634846207E-03 5.255572229E+00
2.397170000E-01 9.866635914E-01 4.445529477E-03 5.171931903E+00
2.435950000E-01 9.870530100E-01 4.263898336E-03 5.089595435E+00
2.475350000E-01 9.874322769E-01 4.089714472E-03 5.008584645E+00
2.515380000E-01 9.878007030E-01 3.922656258E-03 4.928877545E+00
2.556070000E-01 9.881600037E-01 3.760416415E-03 4.850414895E+00
2.597410000E-01 9.885106619E-01 3.604824062E-03 4.773216396E+00
2.639420000E-01 9.888523108E-01 3.455659235E-03 4.697244092E+00
2.682110000E-01 9.891848013E-01 3.312678314E-03 4.622480062E+00
2.725490000E-01 9.895081011E-01 3.175599686E-03 4.548906802E+00
2.769570000E-01 9.898217554E-01 3.044215535E-03 4.476507183E+00
2.814370000E-01 9.901246629E-01 2.918237712E-03 4.405248777E+00
2.859890000E-01 9.904160315E-01 2.790887068E-03 4.335131771E+00
2.906150000E-01 9.907046475E-01 2.664271671E-03 4.266125286E+00
2.953150000E-01 9.909896107E-01 2.543417597E-03 4.198229010E+00
3.000920000E-01 9.912685807E-01 2.428026986E-03 4.131399704E+00
3.049450000E-01 9.915410071E-01 2.317895188E-03 4.065651183E+00
3.098780000E-01 9.918065097E-01 2.212646520E-03 4.000929398E+00
3.148900000E-01 9.920658970E-01 2.110841594E-03 3.937247928E+00
3.199830000E-01 9.923193123E-01 2.013720569E-03 3.874580837E+00
3.251580000E-01 9.925665178E-01 1.921072771E-03 3.812915567E+00
3.304180000E-01 9.928074041E-01 1.832674350E-03 3.752216889E+00
3.357620000E-01 9.930416154E-01 1.748352108E-03 3.692496471E+00
3.411920000E-01 9.932685846E-01 1.667911800E-03 3.633731154E+00
3.467110000E-01 9.934859103E-01 1.587215700E-03 3.575888853E+00
3.523190000E-01 9.937020865E-01 1.505173427E-03 3.518970024E+00
3.580170000E-01 9.939168591E-01 1.427376221E-03 3.462964049E+00
3.638080000E-01 9.941279315E-01 1.353596697E-03 3.407841499E+00
3.696920000E-01 9.943350789E-01 1.283633793E-03 3.353602458E+00
3.756720000E-01 9.945382776E-01 1.217283454E-03 3.300219340E+00
3.817480000E-01 9.947384865E-01 1.154699078E-03 3.247692195E+00
3.879220000E-01 9.949338173E-01 1.097056192E-03 3.196003320E+00
3.941970000E-01 9.951242295E-01 1.042287896E-03 3.145127944E+00
4.005730000E-01 9.953105178E-01 9.902522289E-04 3.095066318E+00
4.070520000E-01 9.954931220E-01 9.408177020E-04 3.045802502E+00
4.136350000E-01 9.956729801E-01 8.938535027E-04 2.997328563E+00
4.203260000E-01 9.958499029E-01 8.520238141E-04 2.949615299E+00
4.271240000E-01 9.960217369E-01 8.135353906E-04 2.902669951E+00
4.340320000E-01 9.961890214E-01 7.767863992E-04 2.856471412E+00
4.410520000E-01 9.963529882E-01 7.416966863E-04 2.811006412E+00
4.481860000E-01 9.965141220E-01 7.081899905E-04 2.766262221E+00
4.554350000E-01 9.966729720E-01 6.761966992E-04 2.722232591E+00
4.628020000E-01 9.968299126E-01 6.456470565E-04 2.678899400E+00
4.702870000E-01 9.969857723E-01 6.160182471E-04 2.636262538E+00
4.778940000E-01 9.971415466E-01 5.876447038E-04 2.594299154E+00
4.856230000E-01 9.972980226E-01 5.605803467E-04 2.553009227E+00
4.934780000E-01 9.974561520E-01 5.347597041E-04 2.512371372E+00
5.014590000E-01 9.976172515E-01 5.099376690E-04 2.472385579E+00
5.095700000E-01 9.977839864E-01 4.857215904E-04 2.433031772E+00
5.178120000E-01 9.979592028E-01 4.626574102E-04 2.394305269E+00
5.261870000E-01 9.981471920E-01 4.406884140E-04 2.356196561E+00
5.346980000E-01 9.983549475E-01 4.197611709E-04 2.318692047E+00
5.433460000E-01 9.985959623E-01 3.987682674E-04 2.281787296E+00
5.521340000E-01 9.988985718E-01 3.784131708E-04 2.245469397E+00
5.610650000E-01 9.993376181E-01 3.590944372E-04 2.209726146E+00
5.701390000E-01 1.000303033E+00 3.407633193E-04 2.174557432E+00
5.740000000E-01 1.003324849E+00 3.333352268E-04 2.159930314E+00
5.742000000E-01 1.003317850E+00 2.955288261E-03 2.159177987E+00
5.793610000E-01 9.999595593E-01 2.855821098E-03 2.139943835E+00
5.887320000E-01 9.990988429E-01 2.685765865E-03 2.105881793E+00
5.982540000E-01 9.987137387E-01 2.525837750E-03 2.072363912E+00
6.079300000E-01 9.984894814E-01 2.375429104E-03 2.039379534E+00
6.177630000E-01 9.983508409E-01 2.233983139E-03 2.006918511E+00
6.277550000E-01 9.982685665E-01 2.100952375E-03 1.974974313E+00
6.379080000E-01 9.982362566E-01 1.986895262E-03 1.943540448E+00
6.482260000E-01 9.982184156E-01 1.898284654E-03 1.912604555E+00
6.587110000E-01 9.982111216E-01 1.813619391E-03 1.882160765E+00
6.693650000E-01 9.982252810E-01 1.742546396E-03 1.852203208E+00
6.801910000E-01 9.982329954E-01 1.695943735E-03 1.822723323E+00
6.911930000E-01 9.982351117E-01 1.650578409E-03 1.793710295E+00
7.023720000E-01 9.982352678E-01 1.606437892E-03 1.765161481E+00
7.137330000E-01 9.982336752E-01 1.563479029E-03 1.737064140E+00
7.252770000E-01 9.982243468E-01 1.521667277E-03 1.709415851E+00
7.370080000E-01 9.982071507E-01 1.467122690E-03 1.682206977E+00
7.489280000E-01 9.982047010E-01 1.396689390E-03 1.655432832E+00
7.610420000E-01 9.982132292E-01 1.329623767E-03 1.629082232E+00
7.733510000E-01 9.982276316E-01 1.265788225E-03 1.603153031E+00
7.858590000E-01 9.982459920E-01 1.205011979E-03 1.577636701E+00
7.985700000E-01 9.982670787E-01 1.147161039E-03 1.552525139E+00
8.114860000E-01 9.982899841E-01 1.092077693E-03 1.527814405E+00
8.246110000E-01 9.983131291E-01 1.039649902E-03 1.503496800E+00
8.379490000E-01 9.983343621E-01 9.872269900E-04 1.479564985E+00
8.515020000E-01 9.983606920E-01 9.311180050E-04 1.456015370E+00
8.652740000E-01 9.983912902E-01 8.782051248E-04 1.432840927E+00
8.792690000E-01 9.984243463E-01 8.282917196E-04 1.410034927E+00
8.934910000E-01 9.984596322E-01 7.812219679E-04 1.387590921E+00
9.079430000E-01 9.984959181E-01 7.387504737E-04 1.365504222E+00
9.226280000E-01 9.985317091E-01 6.993232808E-04 1.343770187E+00
9.375510000E-01 9.985668063E-01 6.620015292E-04 1.322381396E+00
9.527150000E-01 9.986012385E-01 6.266702429E-04 1.301333557E+00
9.681240000E-01 9.986354575E-01 5.919973576E-04 1.280621077E+00
9.837830000E-01 9.986700985E-01 5.588215073E-04 1.260237268E+00
9.996950000E-01 9.987053536E-01 5.275036590E-04 1.240178254E+00
1.015860000E+00 9.987405541E-01 4.986894594E-04 1.220443762E+00
1.032290000E+00 9.987747286E-01 4.719693621E-04 1.201019093E+00
1.048990000E+00 9.988080678E-01 4.465298121E-04 1.181898779E+00
1.065960000E+00 9.988408867E-01 4.223104705E-04 1.163083043E+00
1.083200000E+00 9.988731449E-01 3.994055006E-04 1.144571640E+00
1.100720000E+00 9.989048081E-01 3.777417364E-04 1.126353659E+00
1.118520000E+00 9.989358367E-01 3.572556588E-04 1.108428995E+00
1.136610000E+00 9.989662283E-01 3.378822438E-04 1.090787517E+00
1.155000000E+00 9.989959811E-01 3.195531954E-04 1.073419913E+00
1.173680000E+00 9.990250524E-01 3.022214179E-04 1.056335628E+00
1.192660000E+00 9.990534469E-01 2.858296599E-04 1.039525095E+00
1.211950000E+00 9.990811735E-01 2.703259149E-04 1.022979496E+00
1.231550000E+00 9.991081998E-01 2.556647659E-04 1.006698875E+00
1.251470000E+00 9.991345385E-01 2.417508125E-04 9.906749662E-01
1.271720000E+00 9.991602199E-01 2.285388338E-04 9.749001352E-01
1.292290000E+00 9.991852977E-01 2.159889340E-04 9.593821820E-01
1.313190000E+00 9.992097590E-01 2.041334578E-04 9.441131900E-01
1.334430000E+00 9.992335933E-01 1.929281175E-04 9.290858269E-01
1.356010000E+00 9.992568001E-01 1.823371533E-04 9.143000420E-01
1.377940000E+00 9.992793852E-01 1.723252106E-04 8.997489005E-01
1.400230000E+00 9.993013605E-01 1.628626466E-04 8.854259657E-01
1.422880000E+00 9.993227171E-01 1.539224427E-04 8.713313842E-01
1.445890000E+00 9.993434569E-01 1.454717385E-04 8.574649524E-01
1.469280000E+00 9.993635851E-01 1.374603915E-04 8.438146575E-01
1.493040000E+00 9.993830975E-01 1.298583255E-04 8.303863259E-01
1.517190000E+00 9.994020991E-01 1.225432320E-04 8.171685814E-01
1.541730000E+00 9.994206191E-01 1.156225866E-04 8.041615588E-01
1.566670000E+00 9.994386498E-01 1.090914940E-04 7.913600184E-01
1.592010000E+00 9.994561737E-01 1.029291900E-04 7.787639525E-01
1.617760000E+00 9.994732012E-01 9.711506619E-05 7.663683117E-01
1.643920000E+00 9.994897298E-01 9.163081591E-05 7.541729525E-01
1.670510000E+00 9.995057769E-01 8.645664642E-05 7.421685593E-01
1.697530000E+00 9.995213452E-01 8.157428722E-05 7.303552809E-01
1.724990000E+00 9.995364285E-01 7.696687066E-05 7.187288042E-01
1.752890000E+00 9.995510586E-01 7.257825226E-05 7.072891054E-01
1.781240000E+00 9.995652681E-01 6.842724728E-05 6.960319777E-01
1.810050000E+00 9.995790635E-01 6.450482488E-05 6.849534543E-01
1.839320000E+00 9.995924491E-01 6.080692330E-05 6.740534545E-01
1.869070000E+00 9.996054332E-01 5.732005307E-05 6.633245411E-01
1.899300000E+00 9.996180255E-01 5.403246650E-05 6.527668088E-01
1.930020000E+00 9.996302333E-01 5.093506234E-05 6.423767629E-01
1.961240000E+00 9.996420656E-01 4.801477311E-05 6.321510881E-01
1.992960000E+00 9.996535364E-01 4.526045543E-05 6.220897559E-01
2.025200000E+00 9.996646335E-01 4.268370676E-05 6.121864507E-01
2.057950000E+00 9.996753757E-01 4.022367567E-05 6.024441799E-01
2.091240000E+00 9.996857980E-01 3.790166042E-05 5.928540005E-01
2.125060000E+00 9.996958961E-01 3.571216201E-05 5.834188211E-01
2.159430000E+00 9.997056792E-01 3.364890356E-05 5.741329888E-01
2.194360000E+00 9.997151571E-01 3.170061123E-05 5.649938934E-01
2.229850000E+00 9.997243378E-01 2.986481434E-05 5.560015248E-01
2.265920000E+00 9.997332310E-01 2.813399614E-05 5.471508262E-01
2.302570000E+00 9.997418419E-01 2.650250426E-05 5.384418280E-01
2.339810000E+00 9.997501808E-01 2.496409567E-05 5.298720836E-01
2.377660000E+00 9.997582571E-01 2.351434272E-05 5.214370431E-01
2.416110000E+00 9.997660749E-01 2.214791349E-05 5.131388885E-01
2.455190000E+00 9.997736464E-01 2.086019062E-05 5.049711020E-01
2.494900000E+00 9.997809753E-01 1.964641107E-05 4.969337448E-01
2.535260000E+00 9.997880728E-01 1.850266706E-05 4.890228221E-01
2.576260000E+00 9.997949419E-01 1.742524187E-05 4.812402475E-01
2.617930000E+00 9.998015921E-01 1.640988735E-05 4.735802714E-01
2.660270000E+00 9.998080294E-01 1.545349938E-05 4.660429205E-01
2.703300000E+00 9.998142610E-01 1.455224823E-05 4.586246440E-01
2.747030000E+00 9.998202934E-01 1.370319659E-05 4.513237933E-01
2.791460000E+00 9.998261320E-01 1.290349683E-05 4.441403423E-01
2.836610000E+00 9.998317826E-01 1.215025924E-05 4.370710108E-01
2.882490000E+00 9.998372525E-01 1.144064287E-05 4.301142415E-01
2.929110000E+00 9.998425458E-01 1.077244221E-05 4.232685014E-01
2.976480000E+00 9.998476692E-01 1.014329131E-05 4.165322797E-01
3.024630000E+00 9.998526287E-01 9.550637098E-06 4.099013764E-01
3.073550000E+00 9.998574278E-01 8.992464012E-06 4.033772023E-01
3.123260000E+00 9.998620725E-01 8.466912226E-06 3.969570257E-01
3.173780000E+00 9.998665682E-01 7.971938428E-06 3.906382925E-01
3.225110000E+00 9.998709192E-01 7.505943993E-06 3.844209965E-01
3.277270000E+00 9.998751295E-01 7.067150372E-06 3.783026727E-01
3.330280000E+00 9.998792056E-01 6.654045598E-06 3.722810094E-01
3.384150000E+00 9.998831505E-01 6.264988320E-06 3.663549193E-01
3.438880000E+00 9.998869675E-01 5.898713861E-06 3.605243568E-01
3.494500000E+00 9.998906630E-01 5.553868695E-06 3.547860924E-01
3.551020000E+00 9.998942392E-01 5.229335854E-06 3.491391206E-01
3.608460000E+00 9.998977015E-01 4.923713569E-06 3.435814724E-01
3.666820000E+00 9.999010523E-01 4.636088399E-06 3.381131335E-01
3.726130000E+00 9.999042963E-01 4.365136194E-06 3.327312788E-01
3.786400000E+00 9.999074365E-01 4.110356467E-06 3.274350306E-01
3.847640000E+00 9.999104759E-01 3.870284150E-06 3.222234928E-01
3.909870000E+00 9.999134190E-01 3.644396886E-06 3.170949418E-01
3.973110000E+00 9.999162686E-01 3.431656228E-06 3.120477409E-01
4.037380000E+00 9.999190280E-01 3.231516860E-06 3.070803343E-01
4.102680000E+00 9.999217000E-01 3.043066589E-06 3.021927131E-01
4.169030000E+00 9.999242877E-01 2.865735356E-06 2.973833242E-01
4.236460000E+00 9.999267941E-01 2.698837513E-06 2.926499955E-01
4.304980000E+00 9.999292224E-01 2.541726910E-06 2.879920464E-01
4.374620000E+00 9.999315755E-01 2.393769780E-06 2.834074731E-01
4.445370000E+00 9.999338556E-01 2.254476149E-06 2.788969197E-01
4.517270000E+00 9.999360660E-01 2.123390587E-06 2.744578031E-01
4.590330000E+00 9.999382092E-01 2.000142135E-06 2.700895143E-01
4.664580000E+00 9.999402884E-01 1.883996721E-06 2.657902748E-01
4.740030000E+00 9.999423063E-01 1.774670152E-06 2.615595260E-01
4.816690000E+00 9.999442652E-01 1.671782605E-06 2.573966770E-01
4.894600000E+00 9.999461687E-01 1.574889200E-06 2.532995546E-01
4.973770000E+00 9.999480200E-01 1.483731859E-06 2.492676581E-01
5.054210000E+00 9.999498221E-01 1.397906740E-06 2.453004525E-01
5.135960000E+00 9.999515794E-01 1.317153820E-06 2.413959610E-01
5.219030000E+00 9.999532963E-01 1.241098850E-06 2.375537217E-01
5.303440000E+00 9.999549781E-01 1.169521329E-06 2.337727965E-01
5.389220000E+00 9.999566326E-01 1.102134092E-06 2.300518442E-01
5.476390000E+00 9.999582696E-01 1.038689450E-06 2.263900124E-01
5.564970000E+00 9.999599047E-01 9.789629561E-07 2.227864661E-01
5.654980000E+00 9.999615640E-01 9.227224703E-07 2.192403863E-01
5.746440000E+00 9.999632998E-01 8.697897750E-07 2.157509693E-01
5.839390000E+00 9.999652448E-01 8.199487288E-07 2.123166975E-01
5.933830000E+00 9.999679740E-01 7.730178865E-07 2.089375665E-01
5.989100000E+00 9.999793252E-01 7.471329539E-07 2.070094004E-01
5.989300000E+00 9.999793255E-01 6.153076606E-06 2.070024878E-01
6.029810000E+00 9.999693443E-01 6.012005689E-06 2.056117854E-01
6.127330000E+00 9.999681948E-01 5.689131870E-06 2.023393550E-01
6.226440000E+00 9.999682653E-01 5.382483248E-06 1.991185975E-01
6.327150000E+00 9.999686676E-01 5.091255068E-06 1.959492030E-01
6.429480000E+00 9.999692204E-01 4.814732993E-06 1.928305244E-01
6.533480000E+00 9.999698541E-01 4.552258317E-06 1.897610462E-01
6.639150000E+00 9.999705336E-01 4.303230312E-06 1.867407725E-01
6.746540000E+00 9.999712392E-01 4.067017224E-06 1.837682723E-01
6.855650000E+00 9.999719585E-01 3.843173534E-06 1.808435378E-01
6.966540000E+00 9.999726831E-01 3.630885645E-06 1.779649582E-01
7.079220000E+00 9.999734074E-01 3.429654601E-06 1.751322886E-01
7.193720000E+00 9.999741274E-01 3.239089877E-06 1.723447674E-01
7.310070000E+00 9.999748400E-01 3.058646461E-06 1.696016591E-01
7.428310000E+00 9.999755431E-01 2.887767572E-06 1.669020275E-01
7.548450000E+00 9.999762350E-01 2.725929910E-06 1.642456398E-01
7.670540000E+00 9.999769147E-01 2.572853584E-06 1.616313845E-01
7.794610000E+00 9.999775811E-01 2.427933164E-06 1.590586315E-01
7.920680000E+00 9.999782338E-01 2.290885206E-06 1.565269649E-01
8.048790000E+00 9.999788720E-01 2.161276446E-06 1.540355755E-01
8.178980000E+00 9.999794956E-01 2.038740810E-06 1.515836938E-01
8.311260000E+00 9.999801044E-01 1.922876996E-06 1.491711245E-01
8.445690000E+00 9.999806983E-01 1.813403812E-06 1.467967685E-01
8.582290000E+00 9.999812772E-01 1.709864341E-06 1.444602781E-01
8.721110000E+00 9.999818413E-01 1.612055817E-06 1.421608029E-01
8.862160000E+00 9.999823905E-01 1.519704576E-06 1.398981738E-01
9.005500000E+00 9.999829251E-01 1.432439244E-06 1.376714230E-01
9.151160000E+00 9.999834453E-01 1.350047025E-06 1.354800921E-01
9.299170000E+00 9.999839512E-01 1.272215189E-06 1.333237267E-01
9.449580000E+00 9.999844431E-01 1.198761290E-06 1.312015984E-01
9.602420000E+00 9.999849212E-01 1.129481824E-06 1.291132860E-01
9.757730000E+00 9.999853857E-01 1.064070343E-06 1.270582400E-01
9.915550000E+00 9.999858369E-01 1.002294819E-06 1.250359284E-01
1.007590000E+01 9.999862751E-01 9.440482396E-07 1.230460803E-01
1.023890000E+01 9.999867007E-01 8.891005303E-07 1.210872262E-01
1.040450000E+01 9.999871137E-01 8.372713842E-07 1.191599789E-01
1.057280000E+01 9.999875147E-01 7.883907066E-07 1.172631659E-01
1.074380000E+01 9.999879038E-01 7.423026711E-07 1.153967870E-01
1.091760000E+01 9.999882814E-01 6.988405715E-07 1.135597567E-01
1.109420000E+01 9.999886476E-01 6.578652202E-07 1.117520867E-01
1.127360000E+01 9.999890028E-01 6.192524932E-07 1.099737440E-01
1.145590000E+01 9.999893473E-01 5.828553779E-07 1.082237101E-01
1.164120000E+01 9.999896815E-01 5.485495285E-07 1.065010480E-01
1.182950000E+01 9.999900055E-01 5.162186986E-07 1.048057822E-01
1.202080000E+01 9.999903195E-01 4.857640020E-07 1.031378943E-01
1.221530000E+01 9.999906242E-01 4.570600060E-07 1.014956653E-01
1.241280000E+01 9.999909193E-01 4.300340521E-07 9.988076824E-02
1.261360000E+01 9.999912054E-01 4.045696270E-07 9.829073381E-02
1.281760000E+01 9.999914828E-01 3.805881584E-07 9.672637623E-02
1.302500000E+01 9.999917516E-01 3.579965480E-07 9.518618042E-02
1.323560000E+01 9.999920120E-01 3.367324559E-07 9.367161292E-02
1.344970000E+01 9.999922644E-01 3.167051828E-07 9.218049473E-02
1.366720000E+01 9.999925089E-01 2.978526283E-07 9.071353313E-02
1.388830000E+01 9.999927459E-01 2.801009930E-07 8.926938502E-02
1.411290000E+01 9.999929754E-01 2.633935080E-07 8.784870579E-02
1.434120000E+01 9.999931978E-01 2.476649516E-07 8.645022732E-02
1.457310000E+01 9.999934132E-01 2.328645288E-07 8.507455517E-02
1.480890000E+01 9.999936219E-01 2.189311283E-07 8.371992518E-02
1.504840000E+01 9.999938241E-01 2.058224897E-07 8.238749635E-02
1.529180000E+01 9.999940199E-01 1.934872304E-07 8.107613231E-02
1.553910000E+01 9.999942095E-01 1.818816810E-07 7.978583058E-02
1.579040000E+01 9.999943932E-01 1.709627794E-07 7.851606039E-02
1.604580000E+01 9.999945710E-01 1.606898299E-07 7.726632514E-02
1.630540000E+01 9.999947434E-01 1.510247966E-07 7.603615980E-02
1.656910000E+01 9.999949102E-01 1.419355339E-07 7.482603159E-02
1.683710000E+01 9.999950718E-01 1.333855873E-07 7.363500840E-02
1.710940000E+01 9.999952283E-01 1.253450309E-07 7.246309046E-02
1.738610000E+01 9.999953798E-01 1.177832048E-07 7.130983947E-02
1.766740000E+01 9.999955266E-01 1.106704154E-07 7.017444559E-02
1.795310000E+01 9.999956687E-01 1.039840220E-07 6.905771148E-02
1.824350000E+01 9.999958064E-01 9.769612651E-08 6.795845096E-02
1.853860000E+01 9.999959396E-01 9.178401014E-08 6.687667893E-02
1.883840000E+01 9.999960686E-01 8.622636656E-08 6.581238322E-02
1.914310000E+01 9.999961936E-01 8.100121624E-08 6.476485000E-02
1.945270000E+01 9.999963145E-01 7.608949591E-08 6.373408319E-02
1.976740000E+01 9.999964317E-01 7.147161945E-08 6.271942694E-02
2.008710000E+01 9.999965451E-01 6.713176850E-08 6.172120416E-02
2.041200000E+01 9.999966549E-01 6.305256065E-08 6.073878111E-02
2.074210000E+01 9.999967612E-01 5.921907016E-08 5.977215422E-02
2.107760000E+01 9.999968642E-01 5.561577941E-08 5.882073860E-02
2.141850000E+01 9.999969638E-01 5.222995179E-08 5.788453907E-02
2.176500000E+01 9.999970604E-01 4.904768051E-08 5.696301401E-02
2.211700000E+01 9.999971538E-01 4.605796005E-08 5.605642718E-02
2.247470000E+01 9.999972443E-01 4.324880763E-08 5.516425136E-02
2.283820000E+01 9.999973319E-01 4.060928146E-08 5.428623972E-02
2.320760000E+01 9.999974167E-01 3.812929212E-08 5.342215481E-02
2.358300000E+01 9.999974988E-01 3.579922223E-08 5.257176780E-02
2.396440000E+01 9.999975783E-01 3.361059072E-08 5.173507369E-02
2.435200000E+01 9.999976552E-01 3.155441215E-08 5.091162943E-02
2.474590000E+01 9.999977298E-01 2.962291303E-08 5.010122889E-02
2.514620000E+01 9.999978019E-01 2.780857046E-08 4.930367213E-02
2.555290000E+01 9.999978718E-01 2.610449765E-08 4.851895480E-02
2.596620000E+01 9.999979394E-01 2.450394624E-08 4.774668608E-02
2.638610000E+01 9.999980048E-01 2.300086275E-08 4.698686051E-02
2.681290000E+01 9.999980682E-01 2.158909179E-08 4.623893723E-02
2.724660000E+01 9.999981296E-01 2.026319920E-08 4.550292514E-02
2.768730000E+01 9.999981890E-01 1.901818907E-08 4.477865303E-02
2.813510000E+01 9.999982465E-01 1.784897456E-08 4.406595320E-02
2.859020000E+01 9.999983022E-01 1.675107654E-08 4.336450952E-02
2.905260000E+01 9.999983562E-01 1.572029747E-08 4.267432175E-02
2.952250000E+01 9.999984083E-01 1.475231838E-08 4.199508849E-02
3.000000000E+01 0.000000000E+00 0.000000000E+00 4.132666667E-02
