# 11/08/2021 
# Data retrieved from www.chemicool.com/densities.html 
# Includes the real (n) and complex (k) part of the  refractive index. 
# Element, Dy  (Z = 66) 
# Nominal density, g cm-3 =  8.536 
#    E [keV]      n       k    Wavelength [nm] 
1.000000000E-02 -1.324415513E+01 3.785967441E-01 1.239800000E+02
1.016170000E-02 2.112693927E+03 3.423377076E-02 1.220071445E+02
1.032610000E-02 2.045989374E+03 3.437255118E-02 1.200646904E+02
1.049310000E-02 1.981414446E+03 3.451217293E-02 1.181538344E+02
1.066280000E-02 1.918878906E+03 3.465244092E-02 1.162733991E+02
1.083530000E-02 1.858299017E+03 3.479291864E-02 1.144223049E+02
1.101060000E-02 1.799629607E+03 3.493395955E-02 1.126005849E+02
1.118860000E-02 1.742855858E+03 3.507629788E-02 1.108092165E+02
1.136960000E-02 1.687837851E+03 3.521845488E-02 1.090451731E+02
1.155350000E-02 1.634565571E+03 3.537692992E-02 1.073094733E+02
1.174040000E-02 1.582968827E+03 3.560608546E-02 1.056011720E+02
1.193030000E-02 1.533007811E+03 3.583678678E-02 1.039202702E+02
1.212320000E-02 1.484642173E+03 3.606946453E-02 1.022667283E+02
1.231930000E-02 1.437784541E+03 3.630312967E-02 1.006388350E+02
1.251860000E-02 1.392400591E+03 3.653821569E-02 9.903663349E+01
1.272100000E-02 1.348476513E+03 3.676687839E-02 9.746089144E+01
1.292680000E-02 1.305913277E+03 3.692073262E-02 9.590927376E+01
1.313590000E-02 1.264700164E+03 3.707536281E-02 9.438256990E+01
1.334830000E-02 1.224803784E+03 3.723109993E-02 9.288074137E+01
1.356420000E-02 1.186155510E+03 3.738721748E-02 9.140236800E+01
1.378360000E-02 1.148726440E+03 3.754382031E-02 8.994747381E+01
1.400660000E-02 1.112471309E+03 3.765441146E-02 8.851541416E+01
1.423310000E-02 1.077377740E+03 3.774136243E-02 8.710681440E+01
1.446330000E-02 1.043386841E+03 3.782824869E-02 8.572040959E+01
1.469730000E-02 1.010458783E+03 3.791502556E-02 8.435562995E+01
1.493500000E-02 9.785821326E+02 3.800241774E-02 8.301305658E+01
1.517650000E-02 9.477176124E+02 3.809025857E-02 8.169208974E+01
1.542200000E-02 9.178162695E+02 3.809734237E-02 8.039164829E+01
1.567140000E-02 8.888674152E+02 3.780446929E-02 7.911226821E+01
1.592490000E-02 8.608254217E+02 3.751354940E-02 7.785292215E+01
1.618250000E-02 8.336691562E+02 3.722486644E-02 7.661362583E+01
1.644420000E-02 8.073771425E+02 3.693866995E-02 7.539436397E+01
1.671020000E-02 7.819089736E+02 3.665437866E-02 7.419420474E+01
1.698050000E-02 7.572454261E+02 3.637231164E-02 7.301316216E+01
1.725510000E-02 7.333669681E+02 3.644981391E-02 7.185122080E+01
1.753420000E-02 7.102376749E+02 3.655492830E-02 7.070753157E+01
1.781780000E-02 6.878399526E+02 3.666052038E-02 6.958210329E+01
1.810600000E-02 6.661485936E+02 3.654518887E-02 6.847453883E+01
1.839890000E-02 6.451395881E+02 3.638116370E-02 6.738446320E+01
1.869640000E-02 6.248033851E+02 3.621840260E-02 6.631223123E+01
1.899880000E-02 6.051035214E+02 3.605602048E-02 6.525675306E+01
1.930610000E-02 5.860252439E+02 3.589436163E-02 6.421804507E+01
1.961840000E-02 5.675477758E+02 3.573330539E-02 6.319577539E+01
1.993570000E-02 5.496567543E+02 3.575410439E-02 6.218994066E+01
2.025820000E-02 5.323271403E+02 3.584898596E-02 6.119990917E+01
2.058580000E-02 5.155507446E+02 3.594450087E-02 6.022598102E+01
2.091880000E-02 4.992991813E+02 3.631245024E-02 5.926726198E+01
2.125710000E-02 4.835648425E+02 3.745878823E-02 5.832404232E+01
2.160090000E-02 4.683260780E+02 3.864126267E-02 5.739575666E+01
2.195030000E-02 4.535669016E+02 3.986087426E-02 5.648214375E+01
2.230530000E-02 4.392758813E+02 4.111916679E-02 5.558320220E+01
2.266610000E-02 4.254339429E+02 4.338658083E-02 5.469842628E+01
2.303270000E-02 4.120304602E+02 4.701754373E-02 5.382781871E+01
2.340530000E-02 3.990478523E+02 5.095243400E-02 5.297090830E+01
2.378380000E-02 3.864794412E+02 5.521697110E-02 5.212791900E+01
2.416850000E-02 3.743054368E+02 5.983788598E-02 5.129817738E+01
2.455940000E-02 3.625165669E+02 6.484592692E-02 5.048168929E+01
2.495660000E-02 3.511006142E+02 7.027327090E-02 4.967824143E+01
2.536030000E-02 3.400431199E+02 7.651137497E-02 4.888743430E+01
2.577050000E-02 3.293356345E+02 8.828875925E-02 4.810927223E+01
2.618730000E-02 3.189671558E+02 1.018795514E-01 4.734355966E+01
2.661090000E-02 3.089247399E+02 1.175617177E-01 4.658993119E+01
2.704130000E-02 2.992006437E+02 1.356584783E-01 4.584838747E+01
2.747860000E-02 2.897849157E+02 1.565416991E-01 4.511874695E+01
2.792310000E-02 2.806639233E+02 1.780448665E-01 4.440051427E+01
2.837470000E-02 2.718327329E+02 2.015186218E-01 4.369385403E+01
2.883370000E-02 2.632786612E+02 2.280856447E-01 4.299829713E+01
2.930000000E-02 1.167063376E+00 2.581578164E-01 4.231399317E+01
2.977390000E-02 1.144468614E+00 2.859803038E-01 4.164049721E+01
3.025550000E-02 1.122357880E+00 2.980009116E-01 4.097767348E+01
3.074490000E-02 1.101507435E+00 3.105248433E-01 4.032538730E+01
3.124210000E-02 1.075927420E+00 3.177066468E-01 3.968363202E+01
3.174750000E-02 1.055142054E+00 3.201236230E-01 3.905189385E+01
3.226090000E-02 1.035105300E+00 3.202913405E-01 3.843042197E+01
3.278270000E-02 1.016760287E+00 3.192000788E-01 3.781872756E+01
3.331300000E-02 9.975635792E-01 3.154184966E-01 3.721670219E+01
3.385180000E-02 9.818989198E-01 3.095244821E-01 3.662434494E+01
3.439930000E-02 9.677159884E-01 3.036994849E-01 3.604143108E+01
3.495570000E-02 9.542105783E-01 2.974492887E-01 3.546774918E+01
3.552110000E-02 9.406081759E-01 2.913272579E-01 3.490319838E+01
3.609560000E-02 9.245576730E-01 2.833627392E-01 3.434767673E+01
3.667940000E-02 9.118773235E-01 2.694527065E-01 3.380098911E+01
3.727270000E-02 9.025832345E-01 2.562241686E-01 3.326295117E+01
3.787550000E-02 8.946780342E-01 2.429312990E-01 3.273356127E+01
3.848820000E-02 8.892777162E-01 2.293358781E-01 3.221247032E+01
3.911070000E-02 8.856432498E-01 2.165021524E-01 3.169976503E+01
3.974320000E-02 8.832249171E-01 2.043876666E-01 3.119527366E+01
4.038610000E-02 8.817760116E-01 1.929477572E-01 3.069868098E+01
4.103930000E-02 8.811181137E-01 1.821504926E-01 3.021006694E+01
4.170310000E-02 8.811190573E-01 1.719578235E-01 2.972920478E+01
4.237760000E-02 8.816753395E-01 1.623344183E-01 2.925602205E+01
4.306300000E-02 8.827061226E-01 1.532497063E-01 2.879037689E+01
4.375950000E-02 8.841470188E-01 1.446735869E-01 2.833213359E+01
4.446730000E-02 8.859507699E-01 1.365776228E-01 2.788116211E+01
4.518650000E-02 8.880869937E-01 1.289344466E-01 2.743739834E+01
4.591740000E-02 8.905529895E-01 1.217191506E-01 2.700065770E+01
4.666000000E-02 8.934861311E-01 1.149077283E-01 2.657093871E+01
4.741470000E-02 8.969478813E-01 1.092166020E-01 2.614800895E+01
4.818160000E-02 8.998397032E-01 1.042278440E-01 2.573181463E+01
4.896090000E-02 9.024796977E-01 9.946710585E-02 2.532224694E+01
4.975280000E-02 9.050457746E-01 9.492339069E-02 2.491920053E+01
5.055760000E-02 9.075729652E-01 9.058760593E-02 2.452252480E+01
5.137530000E-02 9.100794407E-01 8.644958759E-02 2.413221918E+01
5.220620000E-02 9.125805094E-01 8.250106406E-02 2.374813719E+01
5.305060000E-02 9.150847723E-01 7.873257283E-02 2.337014096E+01
5.390870000E-02 9.176037239E-01 7.513621294E-02 2.299814316E+01
5.478060000E-02 9.201519495E-01 7.170402603E-02 2.263209968E+01
5.566670000E-02 9.227546836E-01 6.842849995E-02 2.227184295E+01
5.656700000E-02 9.255237914E-01 6.530303831E-02 2.191737232E+01
5.748200000E-02 9.286224080E-01 6.278334662E-02 2.156849101E+01
5.841170000E-02 9.312017956E-01 6.073313146E-02 2.122519975E+01
5.935640000E-02 9.334869678E-01 5.874999069E-02 2.088738535E+01
6.031650000E-02 9.356289446E-01 5.683130748E-02 2.055490620E+01
6.129210000E-02 9.376612720E-01 5.497532892E-02 2.022772919E+01
6.228340000E-02 9.396079174E-01 5.318020166E-02 1.990578549E+01
6.329080000E-02 9.414879187E-01 5.144346392E-02 1.958894500E+01
6.431450000E-02 9.433257620E-01 4.976347853E-02 1.927714590E+01
6.535470000E-02 9.451736893E-01 4.816804601E-02 1.897032654E+01
6.641180000E-02 9.469175388E-01 4.674137209E-02 1.866836918E+01
6.748590000E-02 9.485564556E-01 4.535704471E-02 1.837124496E+01
6.857750000E-02 9.501287539E-01 4.401360397E-02 1.807881594E+01
6.968670000E-02 9.516498281E-01 4.271002951E-02 1.779105626E+01
7.081380000E-02 9.531401698E-01 4.144511561E-02 1.750788688E+01
7.195910000E-02 9.546481570E-01 4.023736836E-02 1.722923161E+01
7.312300000E-02 9.560685715E-01 3.919369421E-02 1.695499364E+01
7.430570000E-02 9.573852274E-01 3.817713920E-02 1.668512644E+01
7.550760000E-02 9.586335439E-01 3.718689455E-02 1.641953923E+01
7.672890000E-02 9.598243603E-01 3.622234283E-02 1.615818811E+01
7.796990000E-02 9.609617947E-01 3.528275052E-02 1.590100795E+01
7.923100000E-02 9.620570610E-01 3.435596721E-02 1.564791559E+01
8.051250000E-02 9.631170393E-01 3.345353907E-02 1.539885111E+01
8.181470000E-02 9.641423473E-01 3.257481167E-02 1.515375599E+01
8.313800000E-02 9.651346640E-01 3.171910743E-02 1.491255503E+01
8.448270000E-02 9.660948699E-01 3.088575956E-02 1.467519386E+01
8.584910000E-02 9.670256115E-01 3.007344717E-02 1.444161907E+01
8.723770000E-02 9.679285889E-01 2.928214427E-02 1.421174561E+01
8.864870000E-02 9.688040473E-01 2.851169883E-02 1.398554068E+01
9.008250000E-02 9.696526883E-01 2.776180007E-02 1.376293953E+01
9.153950000E-02 9.704733818E-01 2.703004383E-02 1.354387996E+01
9.302010000E-02 9.712725267E-01 2.631049840E-02 1.332830216E+01
9.452460000E-02 9.720518366E-01 2.561020047E-02 1.311616235E+01
9.605350000E-02 9.728108490E-01 2.492856876E-02 1.290739015E+01
9.760710000E-02 9.735500079E-01 2.426492011E-02 1.270194484E+01
9.918580000E-02 9.742782277E-01 2.361922642E-02 1.249977315E+01
1.007900000E-01 9.749692118E-01 2.302834230E-02 1.230082349E+01
1.024200000E-01 9.755824710E-01 2.245482144E-02 1.210505761E+01
1.040770000E-01 9.761625214E-01 2.180610984E-02 1.191233414E+01
1.057600000E-01 9.767621048E-01 2.115797216E-02 1.172276853E+01
1.074710000E-01 9.773507525E-01 2.052872448E-02 1.153613533E+01
1.092090000E-01 9.778903822E-01 1.991836703E-02 1.135254420E+01
1.109750000E-01 9.783478210E-01 1.920766095E-02 1.117188556E+01
1.127700000E-01 9.789290794E-01 1.841036855E-02 1.099405870E+01
1.145940000E-01 9.795740891E-01 1.764628114E-02 1.081906557E+01
1.164480000E-01 9.802489154E-01 1.691387847E-02 1.064681231E+01
1.183310000E-01 9.809179887E-01 1.619156677E-02 1.047738970E+01
1.202450000E-01 9.816518475E-01 1.543557257E-02 1.031061583E+01
1.221900000E-01 9.824431133E-01 1.471482162E-02 1.014649317E+01
1.241660000E-01 9.832790999E-01 1.402786918E-02 9.985020054E+00
1.261750000E-01 9.841560860E-01 1.337274832E-02 9.826035268E+00
1.282150000E-01 9.850738565E-01 1.274851601E-02 9.669695433E+00
1.302890000E-01 9.860360207E-01 1.215324957E-02 9.515768791E+00
1.323970000E-01 9.870420845E-01 1.158569970E-02 9.364260519E+00
1.345380000E-01 9.880603582E-01 1.100017007E-02 9.215240304E+00
1.367140000E-01 9.892513377E-01 1.034418196E-02 9.068566496E+00
1.389250000E-01 9.905600227E-01 9.701406111E-03 8.924239698E+00
1.411720000E-01 9.920379850E-01 8.677074680E-03 8.782194770E+00
1.434560000E-01 9.945367453E-01 7.625040443E-03 8.642371180E+00
1.457760000E-01 9.978619998E-01 6.805837325E-03 8.504829327E+00
1.481340000E-01 1.003394820E+00 6.327494967E-03 8.369449282E+00
1.505300000E-01 1.023129647E+00 1.021205721E-02 8.236231980E+00
1.529640000E-01 1.008379681E+00 4.008677781E-02 8.105175074E+00
1.554390000E-01 9.948823814E-01 3.822989617E-02 7.976119249E+00
1.579530000E-01 9.875352638E-01 3.375401327E-02 7.849170323E+00
1.605070000E-01 9.837279372E-01 2.894385622E-02 7.724273708E+00
1.631030000E-01 9.819248468E-01 2.461555599E-02 7.601331674E+00
1.657420000E-01 9.826472501E-01 1.992667072E-02 7.480300708E+00
1.684220000E-01 9.840770640E-01 1.851922735E-02 7.361271093E+00
1.711460000E-01 9.846582941E-01 1.757004020E-02 7.244107370E+00
1.739150000E-01 9.849829441E-01 1.666929112E-02 7.128769801E+00
1.767270000E-01 9.852374365E-01 1.581508222E-02 7.015340044E+00
1.795860000E-01 9.854780924E-01 1.500436192E-02 6.903656187E+00
1.824910000E-01 9.857271402E-01 1.423527296E-02 6.793759692E+00
1.854420000E-01 9.859968607E-01 1.350571321E-02 6.685648343E+00
1.884420000E-01 9.863094090E-01 1.281338500E-02 6.579212702E+00
1.914890000E-01 9.866692573E-01 1.222139379E-02 6.474523341E+00
1.945870000E-01 9.869765468E-01 1.171462280E-02 6.371443108E+00
1.977340000E-01 9.872575567E-01 1.122897171E-02 6.270039548E+00
2.009320000E-01 9.875273909E-01 1.076348790E-02 6.170246651E+00
2.041820000E-01 9.877908832E-01 1.031722315E-02 6.072033774E+00
2.074850000E-01 9.880499689E-01 9.889432867E-03 5.975371714E+00
2.108400000E-01 9.883047093E-01 9.479532441E-03 5.880288370E+00
2.142510000E-01 9.885492396E-01 9.086458757E-03 5.786670774E+00
2.177160000E-01 9.887932275E-01 8.690358914E-03 5.694574583E+00
2.212370000E-01 9.890482800E-01 8.306830951E-03 5.603945091E+00
2.248160000E-01 9.893089846E-01 7.940121982E-03 5.514732048E+00
2.284520000E-01 9.895727553E-01 7.589688001E-03 5.426960587E+00
2.321470000E-01 9.898388810E-01 7.254710726E-03 5.340581614E+00
2.359020000E-01 9.901072383E-01 6.934483134E-03 5.255572229E+00
2.397170000E-01 9.903780563E-01 6.628463583E-03 5.171931903E+00
2.435950000E-01 9.906526872E-01 6.335853746E-03 5.089595435E+00
2.475350000E-01 9.909339645E-01 6.056219373E-03 5.008584645E+00
2.515380000E-01 9.912562761E-01 5.810985294E-03 4.928877545E+00
2.556070000E-01 9.915403531E-01 5.624777836E-03 4.850414895E+00
2.597410000E-01 9.917904604E-01 5.444538129E-03 4.773216396E+00
2.639420000E-01 9.920264545E-01 5.270067206E-03 4.697244092E+00
2.682110000E-01 9.922512471E-01 5.101214309E-03 4.622480062E+00
2.725490000E-01 9.924669142E-01 4.937742683E-03 4.548906802E+00
2.769570000E-01 9.926749162E-01 4.779514092E-03 4.476507183E+00
2.814370000E-01 9.928766135E-01 4.626359065E-03 4.405248777E+00
2.859890000E-01 9.930736543E-01 4.478125372E-03 4.335131771E+00
2.906150000E-01 9.932705615E-01 4.338424741E-03 4.266125286E+00
2.953150000E-01 9.934555767E-01 4.211782055E-03 4.198229010E+00
3.000920000E-01 9.936310100E-01 4.088808754E-03 4.131399704E+00
3.049450000E-01 9.937990475E-01 3.969458562E-03 4.065651183E+00
3.098780000E-01 9.939607021E-01 3.853553800E-03 4.000929398E+00
3.148900000E-01 9.941164538E-01 3.741051757E-03 3.937247928E+00
3.199830000E-01 9.942667703E-01 3.631834972E-03 3.874580837E+00
3.251580000E-01 9.944119624E-01 3.525814119E-03 3.812915567E+00
3.304180000E-01 9.945523066E-01 3.422860488E-03 3.752216889E+00
3.357620000E-01 9.946878940E-01 3.322933954E-03 3.692496471E+00
3.411920000E-01 9.948188764E-01 3.225932074E-03 3.633731154E+00
3.467110000E-01 9.949453396E-01 3.131739676E-03 3.575888853E+00
3.523190000E-01 9.950671480E-01 3.040301499E-03 3.518970024E+00
3.580170000E-01 9.951822357E-01 2.951543961E-03 3.462964049E+00
3.638080000E-01 9.952929526E-01 2.859893266E-03 3.407841499E+00
3.696920000E-01 9.954038583E-01 2.768512821E-03 3.353602458E+00
3.756720000E-01 9.955134932E-01 2.680055327E-03 3.300219340E+00
3.817480000E-01 9.956209953E-01 2.594433712E-03 3.247692195E+00
3.879220000E-01 9.957260454E-01 2.511550660E-03 3.196003320E+00
3.941970000E-01 9.958284869E-01 2.431286883E-03 3.145127944E+00
4.005730000E-01 9.959281127E-01 2.353607324E-03 3.095066318E+00
4.070520000E-01 9.960247352E-01 2.278410745E-03 3.045802502E+00
4.136350000E-01 9.961180264E-01 2.205624801E-03 2.997328563E+00
4.203260000E-01 9.962061341E-01 2.135148144E-03 2.949615299E+00
4.271240000E-01 9.962881043E-01 2.061818936E-03 2.902669951E+00
4.340320000E-01 9.963733353E-01 1.984323445E-03 2.856471412E+00
4.410520000E-01 9.964601180E-01 1.909731170E-03 2.811006412E+00
4.481860000E-01 9.965467261E-01 1.837943406E-03 2.766262221E+00
4.554350000E-01 9.966325662E-01 1.768851356E-03 2.722232591E+00
4.628020000E-01 9.967173352E-01 1.702355908E-03 2.678899400E+00
4.702870000E-01 9.968008126E-01 1.638373460E-03 2.636262538E+00
4.778940000E-01 9.968829052E-01 1.576785421E-03 2.594299154E+00
4.856230000E-01 9.969634804E-01 1.517515395E-03 2.553009227E+00
4.934780000E-01 9.970425259E-01 1.460464123E-03 2.512371372E+00
5.014590000E-01 9.971199594E-01 1.405569454E-03 2.472385579E+00
5.095700000E-01 9.971957724E-01 1.352730866E-03 2.433031772E+00
5.178120000E-01 9.972699277E-01 1.301885723E-03 2.394305269E+00
5.261870000E-01 9.973423976E-01 1.252951627E-03 2.356196561E+00
5.346980000E-01 9.974131098E-01 1.205845519E-03 2.318692047E+00
5.433460000E-01 9.974821921E-01 1.160298031E-03 2.281787296E+00
5.521340000E-01 9.975496640E-01 1.116459963E-03 2.245469397E+00
5.610650000E-01 9.976154827E-01 1.074278723E-03 2.209726146E+00
5.701390000E-01 9.976795560E-01 1.033693799E-03 2.174557432E+00
5.793610000E-01 9.977417753E-01 9.946355104E-04 2.139943835E+00
5.887320000E-01 9.978017927E-01 9.570578461E-04 2.105881793E+00
5.982540000E-01 9.978587441E-01 9.191329896E-04 2.072363912E+00
6.079300000E-01 9.979158839E-01 8.804539623E-04 2.039379534E+00
6.177630000E-01 9.979733363E-01 8.433912959E-04 2.006918511E+00
6.277550000E-01 9.980299964E-01 8.078967068E-04 1.974974313E+00
6.379080000E-01 9.980857277E-01 7.738954561E-04 1.943540448E+00
6.482260000E-01 9.981404428E-01 7.413224121E-04 1.912604555E+00
6.587110000E-01 9.981940792E-01 7.101201034E-04 1.882160765E+00
6.693650000E-01 9.982466077E-01 6.802283223E-04 1.852203208E+00
6.801910000E-01 9.982980091E-01 6.516017543E-04 1.822723323E+00
6.911930000E-01 9.983482867E-01 6.241762360E-04 1.793710295E+00
7.023720000E-01 9.983974178E-01 5.979054483E-04 1.765161481E+00
7.137330000E-01 9.984454236E-01 5.727379939E-04 1.737064140E+00
7.252770000E-01 9.984922992E-01 5.486354894E-04 1.709415851E+00
7.370080000E-01 9.985380547E-01 5.255439230E-04 1.682206977E+00
7.489280000E-01 9.985826855E-01 5.034229963E-04 1.655432832E+00
7.610420000E-01 9.986261932E-01 4.822337991E-04 1.629082232E+00
7.733510000E-01 9.986685382E-01 4.619366937E-04 1.603153031E+00
7.858590000E-01 9.987094020E-01 4.424972132E-04 1.577636701E+00
7.985700000E-01 9.987497124E-01 4.227332273E-04 1.552525139E+00
8.114860000E-01 9.987894146E-01 4.041609911E-04 1.527814405E+00
8.246110000E-01 9.988282797E-01 3.864042326E-04 1.503496800E+00
8.379490000E-01 9.988662814E-01 3.694243004E-04 1.479564985E+00
8.515020000E-01 9.989034315E-01 3.531320901E-04 1.456015370E+00
8.652740000E-01 9.989397702E-01 3.374889791E-04 1.432840927E+00
8.792690000E-01 9.989753846E-01 3.224786959E-04 1.410034927E+00
8.934910000E-01 9.990102701E-01 3.081368054E-04 1.387590921E+00
9.079430000E-01 9.990444158E-01 2.944320858E-04 1.365504222E+00
9.226280000E-01 9.990778028E-01 2.813322377E-04 1.343770187E+00
9.375510000E-01 9.991105386E-01 2.686765445E-04 1.322381396E+00
9.527150000E-01 9.991426833E-01 2.565518309E-04 1.301333557E+00
9.681240000E-01 9.991742939E-01 2.449413837E-04 1.280621077E+00
9.837830000E-01 9.992053840E-01 2.338530850E-04 1.260237268E+00
9.996950000E-01 9.992359749E-01 2.232515229E-04 1.240178254E+00
1.015860000E+00 9.992660855E-01 2.131156403E-04 1.220443762E+00
1.032290000E+00 9.992958758E-01 2.032853099E-04 1.201019093E+00
1.048990000E+00 9.993254476E-01 1.938639186E-04 1.181898779E+00
1.065960000E+00 9.993549225E-01 1.848355202E-04 1.163083043E+00
1.083200000E+00 9.993843834E-01 1.762319924E-04 1.144571640E+00
1.100720000E+00 9.994139673E-01 1.680292778E-04 1.126353659E+00
1.118520000E+00 9.994438621E-01 1.602097762E-04 1.108428995E+00
1.136610000E+00 9.994743341E-01 1.527512537E-04 1.090787517E+00
1.155000000E+00 9.995057606E-01 1.456386076E-04 1.073419913E+00
1.173680000E+00 9.995386806E-01 1.388596780E-04 1.056335628E+00
1.192660000E+00 9.995739636E-01 1.323961642E-04 1.039525095E+00
1.211950000E+00 9.996130806E-01 1.262338105E-04 1.022979496E+00
1.231550000E+00 9.996588295E-01 1.203596466E-04 1.006698875E+00
1.251470000E+00 9.997176003E-01 1.147679087E-04 9.906749662E-01
1.271720000E+00 9.998101497E-01 1.094353458E-04 9.749001352E-01
1.292290000E+00 1.000358551E+00 1.043516147E-04 9.593821820E-01
1.292500000E+00 1.000509930E+00 1.043009990E-04 9.592263056E-01
1.292700000E+00 1.000509477E+00 5.197136891E-04 9.590778990E-01
1.313190000E+00 9.997990986E-01 4.922720444E-04 9.441131900E-01
1.334430000E+00 9.997103850E-01 4.657663799E-04 9.290858269E-01
1.356010000E+00 9.996645448E-01 4.406893121E-04 9.143000420E-01
1.377940000E+00 9.996370047E-01 4.169571584E-04 8.997489005E-01
1.400230000E+00 9.996198366E-01 3.945004774E-04 8.854259657E-01
1.422880000E+00 9.996093895E-01 3.732567494E-04 8.713313842E-01
1.445890000E+00 9.996036613E-01 3.531574972E-04 8.574649524E-01
1.469280000E+00 9.996014392E-01 3.341417055E-04 8.438146575E-01
1.493040000E+00 9.996019222E-01 3.161603382E-04 8.303863259E-01
1.517190000E+00 9.996045637E-01 2.991676078E-04 8.171685814E-01
1.541730000E+00 9.996090003E-01 2.830927275E-04 8.041615588E-01
1.566670000E+00 9.996150372E-01 2.678803411E-04 7.913600184E-01
1.592010000E+00 9.996226489E-01 2.534852674E-04 7.787639525E-01
1.617760000E+00 9.996321229E-01 2.398638509E-04 7.663683117E-01
1.643920000E+00 9.996447159E-01 2.269760344E-04 7.541729525E-01
1.670510000E+00 9.996719813E-01 2.147783498E-04 7.421685593E-01
1.675500000E+00 9.997158453E-01 2.125842993E-04 7.399582214E-01
1.675700000E+00 9.997157764E-01 2.479657835E-04 7.398699051E-01
1.697530000E+00 9.996608432E-01 2.375849237E-04 7.303552809E-01
1.724990000E+00 9.996589520E-01 2.253164687E-04 7.187288042E-01
1.752890000E+00 9.996618817E-01 2.136799896E-04 7.072891054E-01
1.781240000E+00 9.996670576E-01 2.026454612E-04 6.960319777E-01
1.810050000E+00 9.996741846E-01 1.921836352E-04 6.849534543E-01
1.839320000E+00 9.996892941E-01 1.822628848E-04 6.740534545E-01
1.841700000E+00 9.997011597E-01 1.814867225E-04 6.731823858E-01
1.841900000E+00 9.997011211E-01 1.933198052E-04 6.731092893E-01
1.869070000E+00 9.996853280E-01 1.839323124E-04 6.633245411E-01
1.899300000E+00 9.996888723E-01 1.741695810E-04 6.527668088E-01
1.930020000E+00 9.996941039E-01 1.649247314E-04 6.423767629E-01
1.961240000E+00 9.997002025E-01 1.561701017E-04 6.321510881E-01
1.992960000E+00 9.997069964E-01 1.478799243E-04 6.220897559E-01
2.025200000E+00 9.997150690E-01 1.400645699E-04 6.121864507E-01
2.046700000E+00 9.997267701E-01 1.351481613E-04 6.057556066E-01
2.046900000E+00 9.997267475E-01 1.408534080E-04 6.056964190E-01
2.057950000E+00 9.997222757E-01 1.383773367E-04 6.024441799E-01
2.091240000E+00 9.997262838E-01 1.312532365E-04 5.928540005E-01
2.125060000E+00 9.997317526E-01 1.244754315E-04 5.834188211E-01
2.159430000E+00 9.997376174E-01 1.180323417E-04 5.741329888E-01
2.194360000E+00 9.997436542E-01 1.119037902E-04 5.649938934E-01
2.229850000E+00 9.997497720E-01 1.060766731E-04 5.560015248E-01
2.265920000E+00 9.997559201E-01 1.005398586E-04 5.471508262E-01
2.302570000E+00 9.997620608E-01 9.527934497E-05 5.384418280E-01
2.339810000E+00 9.997681676E-01 9.028449545E-05 5.298720836E-01
2.377660000E+00 9.997742247E-01 8.553885488E-05 5.214370431E-01
2.416110000E+00 9.997802159E-01 8.103438242E-05 5.131388885E-01
2.455190000E+00 9.997861310E-01 7.675896172E-05 5.049711020E-01
2.494900000E+00 9.997919607E-01 7.269916464E-05 4.969337448E-01
2.535260000E+00 9.997976998E-01 6.884765078E-05 4.890228221E-01
2.576260000E+00 9.998033365E-01 6.519516575E-05 4.812402475E-01
2.617930000E+00 9.998088705E-01 6.172887095E-05 4.735802714E-01
2.660270000E+00 9.998142977E-01 5.844131827E-05 4.660429205E-01
2.703300000E+00 9.998196158E-01 5.532379766E-05 4.586246440E-01
2.747030000E+00 9.998248231E-01 5.236844595E-05 4.513237933E-01
2.791460000E+00 9.998299151E-01 4.956780255E-05 4.441403423E-01
2.836610000E+00 9.998348913E-01 4.691345547E-05 4.370710108E-01
2.882490000E+00 9.998397533E-01 4.439622991E-05 4.301142415E-01
2.929110000E+00 9.998444993E-01 4.201312488E-05 4.232685014E-01
2.976480000E+00 9.998491295E-01 3.975359593E-05 4.165322797E-01
3.024630000E+00 9.998536462E-01 3.761359626E-05 4.099013764E-01
3.073550000E+00 9.998580489E-01 3.558456431E-05 4.033772023E-01
3.123260000E+00 9.998623399E-01 3.366475513E-05 3.969570257E-01
3.173780000E+00 9.998665187E-01 3.184726049E-05 3.906382925E-01
3.225110000E+00 9.998705856E-01 3.012558953E-05 3.844209965E-01
3.277270000E+00 9.998745449E-01 2.849348695E-05 3.783026727E-01
3.330280000E+00 9.998783985E-01 2.695044097E-05 3.722810094E-01
3.384150000E+00 9.998821459E-01 2.548953993E-05 3.663549193E-01
3.438880000E+00 9.998857892E-01 2.410636615E-05 3.605243568E-01
3.494500000E+00 9.998893313E-01 2.279720923E-05 3.547860924E-01
3.551020000E+00 9.998927738E-01 2.155827915E-05 3.491391206E-01
3.608460000E+00 9.998961188E-01 2.038568426E-05 3.435814724E-01
3.666820000E+00 9.998993680E-01 1.927612952E-05 3.381131335E-01
3.726130000E+00 9.999025238E-01 1.822631430E-05 3.327312788E-01
3.786400000E+00 9.999055884E-01 1.723285504E-05 3.274350306E-01
3.847640000E+00 9.999085633E-01 1.629299378E-05 3.222234928E-01
3.909870000E+00 9.999114512E-01 1.540387021E-05 3.170949418E-01
3.973110000E+00 9.999142543E-01 1.456291704E-05 3.120477409E-01
4.037380000E+00 9.999169744E-01 1.376729389E-05 3.070803343E-01
4.102680000E+00 9.999196133E-01 1.301484760E-05 3.021927131E-01
4.169030000E+00 9.999221733E-01 1.230300706E-05 2.973833242E-01
4.236460000E+00 9.999246570E-01 1.162988657E-05 2.926499955E-01
4.304980000E+00 9.999270657E-01 1.099339138E-05 2.879920464E-01
4.374620000E+00 9.999294020E-01 1.039120872E-05 2.834074731E-01
4.445370000E+00 9.999316674E-01 9.821910167E-06 2.788969197E-01
4.517270000E+00 9.999338642E-01 9.283662943E-06 2.744578031E-01
4.590330000E+00 9.999359938E-01 8.774708834E-06 2.700895143E-01
4.664580000E+00 9.999380588E-01 8.293372214E-06 2.657902748E-01
4.740030000E+00 9.999400608E-01 7.838232583E-06 2.615595260E-01
4.816690000E+00 9.999420013E-01 7.408028563E-06 2.573966770E-01
4.894600000E+00 9.999438826E-01 7.001263660E-06 2.532995546E-01
4.973770000E+00 9.999457063E-01 6.616637783E-06 2.492676581E-01
5.054210000E+00 9.999474739E-01 6.253139612E-06 2.453004525E-01
5.135960000E+00 9.999491873E-01 5.909460194E-06 2.413959610E-01
5.219030000E+00 9.999508482E-01 5.584523038E-06 2.375537217E-01
5.303440000E+00 9.999524582E-01 5.277354980E-06 2.337727965E-01
5.389220000E+00 9.999540191E-01 4.987072547E-06 2.300518442E-01
5.476390000E+00 9.999555322E-01 4.712663770E-06 2.263900124E-01
5.564970000E+00 9.999569993E-01 4.453211760E-06 2.227864661E-01
5.654980000E+00 9.999584218E-01 4.208104003E-06 2.192403863E-01
5.746440000E+00 9.999598012E-01 3.976335899E-06 2.157509693E-01
5.839390000E+00 9.999611392E-01 3.757297754E-06 2.123166975E-01
5.933830000E+00 9.999624370E-01 3.550294151E-06 2.089375665E-01
6.029810000E+00 9.999636966E-01 3.354648597E-06 2.056117854E-01
6.127330000E+00 9.999649190E-01 3.169673827E-06 2.023393550E-01
6.226440000E+00 9.999661063E-01 2.994868849E-06 1.991185975E-01
6.327150000E+00 9.999672598E-01 2.829684229E-06 1.959492030E-01
6.429480000E+00 9.999683810E-01 2.673609933E-06 1.928305244E-01
6.533480000E+00 9.999694722E-01 2.526005208E-06 1.897610462E-01
6.639150000E+00 9.999705349E-01 2.386599662E-06 1.867407725E-01
6.746540000E+00 9.999715717E-01 2.254761215E-06 1.837682723E-01
6.855650000E+00 9.999725850E-01 2.130253795E-06 1.808435378E-01
6.966540000E+00 9.999735782E-01 2.012588110E-06 1.779649582E-01
7.079220000E+00 9.999745557E-01 1.901345797E-06 1.751322886E-01
7.193720000E+00 9.999755236E-01 1.796236240E-06 1.723447674E-01
7.310070000E+00 9.999764920E-01 1.696898500E-06 1.696016591E-01
7.428310000E+00 9.999774790E-01 1.603075428E-06 1.669020275E-01
7.548450000E+00 9.999785250E-01 1.514336893E-06 1.642456398E-01
7.670540000E+00 9.999797624E-01 1.430502294E-06 1.616313845E-01
7.790000000E+00 9.999858399E-01 1.354148118E-06 1.591527599E-01
7.790200000E+00 9.999858404E-01 3.786834825E-06 1.591486740E-01
7.794610000E+00 9.999829074E-01 3.778602728E-06 1.590586315E-01
7.920680000E+00 9.999809202E-01 3.552665739E-06 1.565269649E-01
8.048790000E+00 9.999810687E-01 3.340208836E-06 1.540355755E-01
8.178980000E+00 9.999814582E-01 3.140487053E-06 1.515836938E-01
8.311260000E+00 9.999819707E-01 2.952724620E-06 1.491711245E-01
8.445690000E+00 9.999826012E-01 2.776146150E-06 1.467967685E-01
8.580500000E+00 9.999853051E-01 2.612219479E-06 1.444904143E-01
8.580700000E+00 9.999853051E-01 3.639332203E-06 1.444870465E-01
8.582290000E+00 9.999844305E-01 3.636710726E-06 1.444602781E-01
8.721110000E+00 9.999834822E-01 3.418750192E-06 1.421608029E-01
8.862160000E+00 9.999837721E-01 3.213856301E-06 1.398981738E-01
9.005500000E+00 9.999842960E-01 3.021176882E-06 1.376714230E-01
9.045700000E+00 9.999852253E-01 2.969757675E-06 1.370595974E-01
9.045900000E+00 9.999852253E-01 3.414501325E-06 1.370565671E-01
9.151160000E+00 9.999845093E-01 3.278905226E-06 1.354800921E-01
9.299170000E+00 9.999847586E-01 3.099753684E-06 1.333237267E-01
9.449580000E+00 9.999850779E-01 2.929962268E-06 1.312015984E-01
9.602420000E+00 9.999854232E-01 2.769082390E-06 1.291132860E-01
9.757730000E+00 9.999857807E-01 2.616679612E-06 1.270582400E-01
9.915550000E+00 9.999861434E-01 2.472450628E-06 1.250359284E-01
1.007590000E+01 9.999865073E-01 2.335805949E-06 1.230460803E-01
1.023890000E+01 9.999868701E-01 2.206445004E-06 1.210872262E-01
1.040450000E+01 9.999872298E-01 2.084028257E-06 1.191599789E-01
1.057280000E+01 9.999875851E-01 1.968168674E-06 1.172631659E-01
1.074380000E+01 9.999879351E-01 1.858565289E-06 1.153967870E-01
1.091760000E+01 9.999882792E-01 1.754869186E-06 1.135597567E-01
1.109420000E+01 9.999886168E-01 1.656795996E-06 1.117520867E-01
1.127360000E+01 9.999889475E-01 1.564068334E-06 1.099737440E-01
1.145590000E+01 9.999892710E-01 1.476392214E-06 1.082237101E-01
1.164120000E+01 9.999895874E-01 1.393491924E-06 1.065010480E-01
1.182950000E+01 9.999898964E-01 1.315129255E-06 1.048057822E-01
1.202080000E+01 9.999901978E-01 1.241078371E-06 1.031378943E-01
1.221530000E+01 9.999904919E-01 1.171078153E-06 1.014956653E-01
1.241280000E+01 9.999907783E-01 1.104966275E-06 9.988076824E-02
1.261360000E+01 9.999910575E-01 1.042486661E-06 9.829073381E-02
1.281760000E+01 9.999913292E-01 9.834762073E-07 9.672637623E-02
1.302500000E+01 9.999915937E-01 9.277223305E-07 9.518618042E-02
1.323560000E+01 9.999918508E-01 8.750892329E-07 9.367161292E-02
1.344970000E+01 9.999921009E-01 8.253747769E-07 9.218049473E-02
1.366720000E+01 9.999923440E-01 7.784404506E-07 9.071353313E-02
1.388830000E+01 9.999925803E-01 7.341200301E-07 8.926938502E-02
1.411290000E+01 9.999928097E-01 6.922869061E-07 8.784870579E-02
1.434120000E+01 9.999930327E-01 6.527932921E-07 8.645022732E-02
1.457310000E+01 9.999932491E-01 6.155245053E-07 8.507455517E-02
1.480890000E+01 9.999934593E-01 5.803403621E-07 8.371992518E-02
1.504840000E+01 9.999936633E-01 5.471450735E-07 8.238749635E-02
1.529180000E+01 9.999938612E-01 5.158210689E-07 8.107613231E-02
1.553910000E+01 9.999940533E-01 4.862672133E-07 7.978583058E-02
1.579040000E+01 9.999942396E-01 4.583846494E-07 7.851606039E-02
1.604580000E+01 9.999944203E-01 4.320785450E-07 7.726632514E-02
1.630540000E+01 9.999945957E-01 4.072596197E-07 7.603615980E-02
1.656910000E+01 9.999947657E-01 3.838538380E-07 7.482603159E-02
1.683710000E+01 9.999949305E-01 3.617763304E-07 7.363500840E-02
1.710940000E+01 9.999950903E-01 3.409569253E-07 7.246309046E-02
1.738610000E+01 9.999952452E-01 3.213219035E-07 7.130983947E-02
1.766740000E+01 9.999953954E-01 3.028020288E-07 7.017444559E-02
1.795310000E+01 9.999955409E-01 2.853434355E-07 6.905771148E-02
1.824350000E+01 9.999956820E-01 2.688796639E-07 6.795845096E-02
1.853860000E+01 9.999958187E-01 2.533564222E-07 6.687667893E-02
1.883840000E+01 9.999959512E-01 2.387237363E-07 6.581238322E-02
1.914310000E+01 9.999960795E-01 2.249273328E-07 6.476485000E-02
1.945270000E+01 9.999962039E-01 2.119227619E-07 6.373408319E-02
1.976740000E+01 9.999963244E-01 1.996612346E-07 6.271942694E-02
2.008710000E+01 9.999964411E-01 1.881061806E-07 6.172120416E-02
2.041200000E+01 9.999965542E-01 1.772137118E-07 6.073878111E-02
2.074210000E+01 9.999966637E-01 1.669487209E-07 5.977215422E-02
2.107760000E+01 9.999967698E-01 1.572726718E-07 5.882073860E-02
2.141850000E+01 9.999968725E-01 1.481543073E-07 5.788453907E-02
2.176500000E+01 9.999969721E-01 1.395597760E-07 5.696301401E-02
2.211700000E+01 9.999970685E-01 1.314623815E-07 5.605642718E-02
2.247470000E+01 9.999971618E-01 1.238316883E-07 5.516425136E-02
2.283820000E+01 9.999972522E-01 1.166411511E-07 5.428623972E-02
2.320760000E+01 9.999973398E-01 1.098652885E-07 5.342215481E-02
2.358300000E+01 9.999974246E-01 1.034808408E-07 5.257176780E-02
2.396440000E+01 9.999975067E-01 9.746585917E-08 5.173507369E-02
2.435200000E+01 9.999975862E-01 9.179866956E-08 5.091162943E-02
2.474590000E+01 9.999976632E-01 8.645895121E-08 5.010122889E-02
2.514620000E+01 9.999977377E-01 8.142822199E-08 4.930367213E-02
2.555290000E+01 9.999978099E-01 7.668926428E-08 4.851895480E-02
2.596620000E+01 9.999978798E-01 7.222488313E-08 4.774668608E-02
2.638610000E+01 9.999979475E-01 6.801936387E-08 4.698686051E-02
2.681290000E+01 9.999980130E-01 6.405724205E-08 4.623893723E-02
2.724660000E+01 9.999980765E-01 6.032514361E-08 4.550292514E-02
2.768730000E+01 9.999981379E-01 5.680932686E-08 4.477865303E-02
2.813510000E+01 9.999981974E-01 5.349794208E-08 4.406595320E-02
2.859020000E+01 9.999982549E-01 5.037832771E-08 4.336450952E-02
2.905260000E+01 9.999983107E-01 4.744032479E-08 4.267432175E-02
2.952250000E+01 9.999983645E-01 4.467285472E-08 4.199508849E-02
3.000000000E+01 0.000000000E+00 0.000000000E+00 4.132666667E-02
