# 11/08/2021 
# Data retrieved from www.chemicool.com/densities.html 
# Includes the real (n) and complex (k) part of the  refractive index. 
# Element, Fr  (Z = 87) 
# Nominal density, g cm-3 =  1.873 
#    E [keV]      n       k    Wavelength [nm] 
1.000000000E-02 -2.009118160E+00 1.841286898E-01 1.239800000E+02
1.016170000E-02 3.386469601E+02 2.045929866E-03 1.220071445E+02
1.032610000E-02 3.279813097E+02 2.379805224E-03 1.200646904E+02
1.049310000E-02 3.176561730E+02 2.830704773E-03 1.181538344E+02
1.066280000E-02 3.076571222E+02 3.592019414E-03 1.162733991E+02
1.083530000E-02 2.979707680E+02 4.558006783E-03 1.144223049E+02
1.101060000E-02 2.885898877E+02 5.783752187E-03 1.126005849E+02
1.118860000E-02 2.795121120E+02 7.339333126E-03 1.108092165E+02
1.136960000E-02 2.707150688E+02 1.087640379E-02 1.090451731E+02
1.155350000E-02 2.621971566E+02 1.665541341E-02 1.073094733E+02
1.174040000E-02 2.539471525E+02 2.550468238E-02 1.056011720E+02
1.193030000E-02 2.459586912E+02 3.905644498E-02 1.039202702E+02
1.212320000E-02 2.382253210E+02 5.917038655E-02 1.022667283E+02
1.231930000E-02 2.307330719E+02 7.738114753E-02 1.006388350E+02
1.251860000E-02 2.234764555E+02 1.011961937E-01 9.903663349E+01
1.272100000E-02 2.164532637E+02 1.323431207E-01 9.746089144E+01
1.292680000E-02 2.096476623E+02 1.444086383E-01 9.590927376E+01
1.313590000E-02 2.030579373E+02 1.464367361E-01 9.438256990E+01
1.334830000E-02 1.966787498E+02 1.484951021E-01 9.288074137E+01
1.356420000E-02 1.904991268E+02 1.493916053E-01 9.140236800E+01
1.378360000E-02 1.845144471E+02 1.500066802E-01 8.994747381E+01
1.400660000E-02 1.787174732E+02 1.506231567E-01 8.851541416E+01
1.423310000E-02 1.731062259E+02 1.508589644E-01 8.710681440E+01
1.446330000E-02 1.676712887E+02 1.488415113E-01 8.572040959E+01
1.469730000E-02 1.624062934E+02 1.468495410E-01 8.435562995E+01
1.493500000E-02 1.573094117E+02 1.448858028E-01 8.301305658E+01
1.517650000E-02 1.523743634E+02 1.429493863E-01 8.169208974E+01
1.542200000E-02 1.475933214E+02 1.410370255E-01 8.039164829E+01
1.567140000E-02 1.429645764E+02 1.383141601E-01 7.911226821E+01
1.592490000E-02 1.384808329E+02 1.351940230E-01 7.785292215E+01
1.618250000E-02 1.341387119E+02 1.321441994E-01 7.661362583E+01
1.644420000E-02 1.299347795E+02 1.291643064E-01 7.539436397E+01
1.671020000E-02 1.258625749E+02 1.262499368E-01 7.419420474E+01
1.698050000E-02 1.219190243E+02 1.234017401E-01 7.301316216E+01
1.725510000E-02 1.181010047E+02 1.206401510E-01 7.185122080E+01
1.753420000E-02 1.144027720E+02 1.182943227E-01 7.070753157E+01
1.781780000E-02 1.108215130E+02 1.159940993E-01 6.958210329E+01
1.810600000E-02 1.073531972E+02 1.137380382E-01 6.847453883E+01
1.839890000E-02 1.039939856E+02 1.115248005E-01 6.738446320E+01
1.869640000E-02 1.007423509E+02 1.089973718E-01 6.631223123E+01
1.899880000E-02 9.759246306E+01 1.062053403E-01 6.525675306E+01
1.930610000E-02 9.454196303E+01 1.034864682E-01 6.421804507E+01
1.961840000E-02 9.158752873E+01 1.008358148E-01 6.319577539E+01
1.993570000E-02 8.872686369E+01 9.825338544E-02 6.218994066E+01
2.025820000E-02 8.595596426E+01 9.554933322E-02 6.119990917E+01
2.058580000E-02 8.327352107E+01 9.270355560E-02 6.022598102E+01
2.091880000E-02 8.067499536E+01 8.994214522E-02 5.926726198E+01
2.125710000E-02 7.815917069E+01 8.726417460E-02 5.832404232E+01
2.160090000E-02 7.572258533E+01 8.466467229E-02 5.739575666E+01
2.195030000E-02 7.336268317E+01 8.214275419E-02 5.648214375E+01
2.230530000E-02 7.107763632E+01 7.899170229E-02 5.558320220E+01
2.266610000E-02 6.886439493E+01 7.561528392E-02 5.469842628E+01
2.303270000E-02 6.672125991E+01 7.238409031E-02 5.382781871E+01
2.340530000E-02 6.464542021E+01 6.929006054E-02 5.297090830E+01
2.378380000E-02 6.263580805E+01 6.632861139E-02 5.212791900E+01
2.416850000E-02 6.068925911E+01 6.349363603E-02 5.129817738E+01
2.455940000E-02 5.880429081E+01 6.006871132E-02 5.048168929E+01
2.495660000E-02 5.697894971E+01 5.674817741E-02 4.967824143E+01
2.536030000E-02 5.521092391E+01 5.361123691E-02 4.888743430E+01
2.577050000E-02 5.349886240E+01 5.064767239E-02 4.810927223E+01
2.618730000E-02 5.184100599E+01 4.784805256E-02 4.734355966E+01
2.661090000E-02 5.023528503E+01 4.520300431E-02 4.658993119E+01
2.704130000E-02 4.868046145E+01 4.270426928E-02 4.584838747E+01
2.747860000E-02 4.717494406E+01 4.034389694E-02 4.511874695E+01
2.792310000E-02 4.571655308E+01 3.742975396E-02 4.440051427E+01
2.837470000E-02 4.430449968E+01 3.472441402E-02 4.369385403E+01
2.883370000E-02 4.293675586E+01 3.221438231E-02 4.299829713E+01
2.930000000E-02 9.666882390E-01 2.988603348E-02 4.231399317E+01
2.977390000E-02 9.676108127E-01 2.772587212E-02 4.164049721E+01
3.025550000E-02 9.685848615E-01 2.572176265E-02 4.097767348E+01
3.074490000E-02 9.695917209E-01 2.386253445E-02 4.032538730E+01
3.124210000E-02 9.706163615E-01 2.213783612E-02 3.968363202E+01
3.174750000E-02 9.716465786E-01 2.053759999E-02 3.905189385E+01
3.226090000E-02 9.726696788E-01 1.905322608E-02 3.843042197E+01
3.278270000E-02 9.736593529E-01 1.767604424E-02 3.781872756E+01
3.331300000E-02 9.745689989E-01 1.638805672E-02 3.721670219E+01
3.385180000E-02 9.755201615E-01 1.498315345E-02 3.662434494E+01
3.439930000E-02 9.765660410E-01 1.369865297E-02 3.604143108E+01
3.495570000E-02 9.776412484E-01 1.252427963E-02 3.546774918E+01
3.552110000E-02 9.787232902E-01 1.145057395E-02 3.490319838E+01
3.609560000E-02 9.798003980E-01 1.046893938E-02 3.434767673E+01
3.667940000E-02 9.808653305E-01 9.571442702E-03 3.380098911E+01
3.727270000E-02 9.819132220E-01 8.750884638E-03 3.326295117E+01
3.787550000E-02 9.829405137E-01 8.000700233E-03 3.273356127E+01
3.848820000E-02 9.839449800E-01 7.314767731E-03 3.221247032E+01
3.911070000E-02 9.849242179E-01 6.687678390E-03 3.169976503E+01
3.974320000E-02 9.858746574E-01 6.113142732E-03 3.119527366E+01
4.038610000E-02 9.868043114E-01 5.575507876E-03 3.069868098E+01
4.103930000E-02 9.877159995E-01 5.085180682E-03 3.021006694E+01
4.170310000E-02 9.886068834E-01 4.637977748E-03 2.972920478E+01
4.237760000E-02 9.894760978E-01 4.230091669E-03 2.925602205E+01
4.306300000E-02 9.903240718E-01 3.858104106E-03 2.879037689E+01
4.375950000E-02 9.911517700E-01 3.518810145E-03 2.833213359E+01
4.446730000E-02 9.919605538E-01 3.209349021E-03 2.788116211E+01
4.518650000E-02 9.927523709E-01 2.927116622E-03 2.743739834E+01
4.591740000E-02 9.935306601E-01 2.669688631E-03 2.700065770E+01
4.666000000E-02 9.943032161E-01 2.441133342E-03 2.657093871E+01
4.741470000E-02 9.950526841E-01 2.250103968E-03 2.614800895E+01
4.818160000E-02 9.957855638E-01 2.074038397E-03 2.573181463E+01
4.896090000E-02 9.965171908E-01 1.921482669E-03 2.532224694E+01
4.975280000E-02 9.972266726E-01 1.797384615E-03 2.491920053E+01
5.055760000E-02 9.979294332E-01 1.685245458E-03 2.452252480E+01
5.137530000E-02 9.986178296E-01 1.600162404E-03 2.413221918E+01
5.220620000E-02 9.992982536E-01 1.519362420E-03 2.374813719E+01
5.305060000E-02 9.999916872E-01 1.455893289E-03 2.337014096E+01
5.390870000E-02 1.000673604E+00 1.415192634E-03 2.299814316E+01
5.478060000E-02 1.001363798E+00 1.378287137E-03 2.263209968E+01
5.566670000E-02 1.002064368E+00 1.358668855E-03 2.227184295E+01
5.656700000E-02 1.002791805E+00 1.339324475E-03 2.191737232E+01
5.748200000E-02 1.003564830E+00 1.352480963E-03 2.156849101E+01
5.841170000E-02 1.004374238E+00 1.381502783E-03 2.122519975E+01
5.935640000E-02 1.005294860E+00 1.431582370E-03 2.088738535E+01
6.031650000E-02 1.006308181E+00 1.605460812E-03 2.055490620E+01
6.129210000E-02 1.007380664E+00 2.050589865E-03 2.022772919E+01
6.228340000E-02 1.008362616E+00 2.542753782E-03 1.990578549E+01
6.329080000E-02 1.009355463E+00 3.153045733E-03 1.958894500E+01
6.431450000E-02 1.010361077E+00 3.909835789E-03 1.927714590E+01
6.535470000E-02 1.011371500E+00 4.848239471E-03 1.897032654E+01
6.641180000E-02 1.012364827E+00 6.011868423E-03 1.866836918E+01
6.748590000E-02 1.013351790E+00 7.454843695E-03 1.837124496E+01
6.857750000E-02 1.014379107E+00 9.654209524E-03 1.807881594E+01
6.968670000E-02 1.013586458E+00 1.217338605E-02 1.779105626E+01
7.081380000E-02 1.012802290E+00 1.401595343E-02 1.750788688E+01
7.195910000E-02 1.011771016E+00 1.558241177E-02 1.722923161E+01
7.312300000E-02 1.010235171E+00 1.699066675E-02 1.695499364E+01
7.430570000E-02 1.008851477E+00 1.752959868E-02 1.668512644E+01
7.550760000E-02 1.007627642E+00 1.808558264E-02 1.641953923E+01
7.672890000E-02 1.006209437E+00 1.851631236E-02 1.615818811E+01
7.796990000E-02 1.005013233E+00 1.852797333E-02 1.590100795E+01
7.923100000E-02 1.004007084E+00 1.853969324E-02 1.564791559E+01
8.051250000E-02 1.003039975E+00 1.855134331E-02 1.539885111E+01
8.181470000E-02 1.002051658E+00 1.844683570E-02 1.515375599E+01
8.313800000E-02 1.001186016E+00 1.826644362E-02 1.491255503E+01
8.448270000E-02 1.000383844E+00 1.808779421E-02 1.467519386E+01
8.584910000E-02 9.995663268E-01 1.791093692E-02 1.444161907E+01
8.723770000E-02 9.987907134E-01 1.757959302E-02 1.421174561E+01
8.864870000E-02 9.980940033E-01 1.725324504E-02 1.398554068E+01
9.008250000E-02 9.974357347E-01 1.693295013E-02 1.376293953E+01
9.153950000E-02 9.967635185E-01 1.658467383E-02 1.354387996E+01
9.302010000E-02 9.961498960E-01 1.619446756E-02 1.332830216E+01
9.452460000E-02 9.955534649E-01 1.581343641E-02 1.311616235E+01
9.605350000E-02 9.949104775E-01 1.544131969E-02 1.290739015E+01
9.760710000E-02 9.942270006E-01 1.489892362E-02 1.270194484E+01
9.918580000E-02 9.936915745E-01 1.428196418E-02 1.249977315E+01
1.007900000E-01 9.932152492E-01 1.369052973E-02 1.230082349E+01
1.024200000E-01 9.927041101E-01 1.312364021E-02 1.210505761E+01
1.040770000E-01 9.921437157E-01 1.233631877E-02 1.191233414E+01
1.057600000E-01 9.918518282E-01 1.143836533E-02 1.172276853E+01
1.074710000E-01 9.917081421E-01 1.060558390E-02 1.153613533E+01
1.092090000E-01 9.916549709E-01 9.833594456E-03 1.135254420E+01
1.109750000E-01 9.916664391E-01 9.117807798E-03 1.117188556E+01
1.127700000E-01 9.917266138E-01 8.454050129E-03 1.099405870E+01
1.145940000E-01 9.918245656E-01 7.838608332E-03 1.081906557E+01
1.164480000E-01 9.919524997E-01 7.267919479E-03 1.064681231E+01
1.183310000E-01 9.921050293E-01 6.738899755E-03 1.047738970E+01
1.202450000E-01 9.922825238E-01 6.248330499E-03 1.031061583E+01
1.221900000E-01 9.924786866E-01 5.813456884E-03 1.014649317E+01
1.241660000E-01 9.926657371E-01 5.420802903E-03 9.985020054E+00
1.261750000E-01 9.928502350E-01 5.054599993E-03 9.826035268E+00
1.282150000E-01 9.930337105E-01 4.713234811E-03 9.669695433E+00
1.302890000E-01 9.932160581E-01 4.394848643E-03 9.515768791E+00
1.323970000E-01 9.933961093E-01 4.097951469E-03 9.364260519E+00
1.345380000E-01 9.935720269E-01 3.821172211E-03 9.215240304E+00
1.367140000E-01 9.937406181E-01 3.563082977E-03 9.068566496E+00
1.389250000E-01 9.938897425E-01 3.322407111E-03 8.924239698E+00
1.411720000E-01 9.940411172E-01 3.048752314E-03 8.782194770E+00
1.434560000E-01 9.942156453E-01 2.791330019E-03 8.642371180E+00
1.457760000E-01 9.944026096E-01 2.555661767E-03 8.504829327E+00
1.481340000E-01 9.945926425E-01 2.339896321E-03 8.369449282E+00
1.505300000E-01 9.947828161E-01 2.142324042E-03 8.236231980E+00
1.529640000E-01 9.949711349E-01 1.961473463E-03 8.105175074E+00
1.554390000E-01 9.951559539E-01 1.795843798E-03 7.976119249E+00
1.579530000E-01 9.953338569E-01 1.641818001E-03 7.849170323E+00
1.605070000E-01 9.955121797E-01 1.495836327E-03 7.724273708E+00
1.631030000E-01 9.956887676E-01 1.362824297E-03 7.601331674E+00
1.657420000E-01 9.958619145E-01 1.241630004E-03 7.480300708E+00
1.684220000E-01 9.960307166E-01 1.131230159E-03 7.361271093E+00
1.711460000E-01 9.961948118E-01 1.030640103E-03 7.244107370E+00
1.739150000E-01 9.963539243E-01 9.389839160E-04 7.128769801E+00
1.767270000E-01 9.965074137E-01 8.554968742E-04 7.015340044E+00
1.795860000E-01 9.966556920E-01 7.780749327E-04 6.903656187E+00
1.824910000E-01 9.968001624E-01 7.069225280E-04 6.793759692E+00
1.854420000E-01 9.969402502E-01 6.422857599E-04 6.685648343E+00
1.884420000E-01 9.970758212E-01 5.835484385E-04 6.579212702E+00
1.914890000E-01 9.972067297E-01 5.301925415E-04 6.474523341E+00
1.945870000E-01 9.973320858E-01 4.809876101E-04 6.371443108E+00
1.977340000E-01 9.974550720E-01 4.344331626E-04 6.270039548E+00
2.009320000E-01 9.975761926E-01 3.923822444E-04 6.170246651E+00
2.041820000E-01 9.976971590E-01 3.544021884E-04 6.072033774E+00
2.074850000E-01 9.978158192E-01 3.306725770E-04 5.975371714E+00
2.108400000E-01 9.979229700E-01 3.130734816E-04 5.880288370E+00
2.142510000E-01 9.980194797E-01 2.953746148E-04 5.786670774E+00
2.177160000E-01 9.981123783E-01 2.764858280E-04 5.694574583E+00
2.212370000E-01 9.982022318E-01 2.588054096E-04 5.603945091E+00
2.248160000E-01 9.982888886E-01 2.421057353E-04 5.514732048E+00
2.284520000E-01 9.983732081E-01 2.263782958E-04 5.426960587E+00
2.321470000E-01 9.984561175E-01 2.125980490E-04 5.340581614E+00
2.359020000E-01 9.985374395E-01 2.010265627E-04 5.255572229E+00
2.397170000E-01 9.986158481E-01 1.949726516E-04 5.171931903E+00
2.435950000E-01 9.986885031E-01 1.908209371E-04 5.089595435E+00
2.475350000E-01 9.987573159E-01 1.867591403E-04 5.008584645E+00
2.515380000E-01 9.988237670E-01 1.825370309E-04 4.928877545E+00
2.556070000E-01 9.988903777E-01 1.783845133E-04 4.850414895E+00
2.597410000E-01 9.989533118E-01 1.820561274E-04 4.773216396E+00
2.639420000E-01 9.990113165E-01 1.839913943E-04 4.697244092E+00
2.682110000E-01 9.990663918E-01 1.859470738E-04 4.622480062E+00
2.725490000E-01 9.991198097E-01 1.879816590E-04 4.548906802E+00
2.769570000E-01 9.991708748E-01 1.916867857E-04 4.476507183E+00
2.814370000E-01 9.992195657E-01 1.954647291E-04 4.405248777E+00
2.859890000E-01 9.992665427E-01 1.993173914E-04 4.335131771E+00
2.906150000E-01 9.993123030E-01 2.038492838E-04 4.266125286E+00
2.953150000E-01 9.993563606E-01 2.091087378E-04 4.198229010E+00
3.000920000E-01 9.993994406E-01 2.145027614E-04 4.131399704E+00
3.049450000E-01 9.994456075E-01 2.225162943E-04 4.065651183E+00
3.098780000E-01 9.994868555E-01 2.364735591E-04 4.000929398E+00
3.148900000E-01 9.995218920E-01 2.513086179E-04 3.937247928E+00
3.199830000E-01 9.995543791E-01 2.638219402E-04 3.874580837E+00
3.251580000E-01 9.995857981E-01 2.767368246E-04 3.812915567E+00
3.304180000E-01 9.996163094E-01 2.906534218E-04 3.752216889E+00
3.357620000E-01 9.996440794E-01 3.071401185E-04 3.692496471E+00
3.411920000E-01 9.996686382E-01 3.245624756E-04 3.633731154E+00
3.467110000E-01 9.996886817E-01 3.423674755E-04 3.575888853E+00
3.523190000E-01 9.997065448E-01 3.590982289E-04 3.518970024E+00
3.580170000E-01 9.997214372E-01 3.766466303E-04 3.462964049E+00
3.638080000E-01 9.997320394E-01 3.926504578E-04 3.407841499E+00
3.696920000E-01 9.997418534E-01 4.064808685E-04 3.353602458E+00
3.756720000E-01 9.997498903E-01 4.207961028E-04 3.300219340E+00
3.817480000E-01 9.997532089E-01 4.356169625E-04 3.247692195E+00
3.879220000E-01 9.997522757E-01 4.451413155E-04 3.196003320E+00
3.941970000E-01 9.997534307E-01 4.504048235E-04 3.145127944E+00
4.005730000E-01 9.997551330E-01 4.557317694E-04 3.095066318E+00
4.070520000E-01 9.997558161E-01 4.611235296E-04 3.045802502E+00
4.136350000E-01 9.997530085E-01 4.649740704E-04 2.997328563E+00
4.203260000E-01 9.997520741E-01 4.643268813E-04 2.949615299E+00
4.271240000E-01 9.997524089E-01 4.636818221E-04 2.902669951E+00
4.340320000E-01 9.997530384E-01 4.630363843E-04 2.856471412E+00
4.410520000E-01 9.997535472E-01 4.623935749E-04 2.811006412E+00
4.481860000E-01 9.997536146E-01 4.617487309E-04 2.766262221E+00
4.554350000E-01 9.997523933E-01 4.606808581E-04 2.722232591E+00
4.628020000E-01 9.997515054E-01 4.581439706E-04 2.678899400E+00
4.702870000E-01 9.997506782E-01 4.556222225E-04 2.636262538E+00
4.778940000E-01 9.997494130E-01 4.531140844E-04 2.594299154E+00
4.856230000E-01 9.997470071E-01 4.506208774E-04 2.553009227E+00
4.934780000E-01 9.997424940E-01 4.456622059E-04 2.512371372E+00
5.014590000E-01 9.997397472E-01 4.381106031E-04 2.472385579E+00
5.095700000E-01 9.997387919E-01 4.306853130E-04 2.433031772E+00
5.178120000E-01 9.997383761E-01 4.233860106E-04 2.394305269E+00
5.261870000E-01 9.997383059E-01 4.162106285E-04 2.356196561E+00
5.346980000E-01 9.997384333E-01 4.091568474E-04 2.318692047E+00
5.433460000E-01 9.997383702E-01 4.022230458E-04 2.281787296E+00
5.521340000E-01 9.997383569E-01 3.946898666E-04 2.245469397E+00
5.610650000E-01 9.997390116E-01 3.869000724E-04 2.209726146E+00
5.701390000E-01 9.997401711E-01 3.792652884E-04 2.174557432E+00
5.793610000E-01 9.997423798E-01 3.717793037E-04 2.139943835E+00
5.887320000E-01 9.997455249E-01 3.661858293E-04 2.105881793E+00
5.982540000E-01 9.997467209E-01 3.627919469E-04 2.072363912E+00
6.079300000E-01 9.997461232E-01 3.594293367E-04 2.039379534E+00
6.177630000E-01 9.997437295E-01 3.560976388E-04 2.006918511E+00
6.277550000E-01 9.997371859E-01 3.520675866E-04 1.974974313E+00
6.379080000E-01 9.997322361E-01 3.412855948E-04 1.943540448E+00
6.482260000E-01 9.997293844E-01 3.308326719E-04 1.912604555E+00
6.587110000E-01 9.997257078E-01 3.198484548E-04 1.882160765E+00
6.693650000E-01 9.997242715E-01 3.064658652E-04 1.852203208E+00
6.801910000E-01 9.997252695E-01 2.936437237E-04 1.822723323E+00
6.911930000E-01 9.997275902E-01 2.813578917E-04 1.793710295E+00
7.023720000E-01 9.997304872E-01 2.704005671E-04 1.765161481E+00
7.137330000E-01 9.997336065E-01 2.599072240E-04 1.737064140E+00
7.252770000E-01 9.997368999E-01 2.498214273E-04 1.709415851E+00
7.370080000E-01 9.997402459E-01 2.401273811E-04 1.682206977E+00
7.489280000E-01 9.997437899E-01 2.302691294E-04 1.655432832E+00
7.610420000E-01 9.997478491E-01 2.206073093E-04 1.629082232E+00
7.733510000E-01 9.997524111E-01 2.113510959E-04 1.603153031E+00
7.858590000E-01 9.997573091E-01 2.025848796E-04 1.577636701E+00
7.985700000E-01 9.997623736E-01 1.943039250E-04 1.552525139E+00
8.114860000E-01 9.997676103E-01 1.863860675E-04 1.527814405E+00
8.246110000E-01 9.997731036E-01 1.787914015E-04 1.503496800E+00
8.379490000E-01 9.997791888E-01 1.715056336E-04 1.479564985E+00
8.515020000E-01 9.997856959E-01 1.655696477E-04 1.456015370E+00
8.652740000E-01 9.997921003E-01 1.609814393E-04 1.432840927E+00
8.792690000E-01 9.997971931E-01 1.575235838E-04 1.410034927E+00
8.934910000E-01 9.998012967E-01 1.541382087E-04 1.387590921E+00
9.079430000E-01 9.998045921E-01 1.508264841E-04 1.365504222E+00
9.226280000E-01 9.998065512E-01 1.475860107E-04 1.343770187E+00
9.375510000E-01 9.998083377E-01 1.423075050E-04 1.322381396E+00
9.527150000E-01 9.998105323E-01 1.367028400E-04 1.301333557E+00
9.681240000E-01 9.998134463E-01 1.308869448E-04 1.280621077E+00
9.837830000E-01 9.998167348E-01 1.253187816E-04 1.260237268E+00
9.996950000E-01 9.998202078E-01 1.199697460E-04 1.240178254E+00
1.015860000E+00 9.998237663E-01 1.148318606E-04 1.220443762E+00
1.032290000E+00 9.998275427E-01 1.097619256E-04 1.201019093E+00
1.048990000E+00 9.998314833E-01 1.050663604E-04 1.181898779E+00
1.065960000E+00 9.998353393E-01 1.007316394E-04 1.163083043E+00
1.083200000E+00 9.998391122E-01 9.657416744E-05 1.144571640E+00
1.100720000E+00 9.998428315E-01 9.258725512E-05 1.126353659E+00
1.118520000E+00 9.998464972E-01 8.876501933E-05 1.108428995E+00
1.136610000E+00 9.998501084E-01 8.509800478E-05 1.090787517E+00
1.155000000E+00 9.998536621E-01 8.158034016E-05 1.073419913E+00
1.173680000E+00 9.998571487E-01 7.820834710E-05 1.056335628E+00
1.192660000E+00 9.998605629E-01 7.497436064E-05 1.039525095E+00
1.211950000E+00 9.998638938E-01 7.187314851E-05 1.022979496E+00
1.231550000E+00 9.998671039E-01 6.889923723E-05 1.006698875E+00
1.251470000E+00 9.998702046E-01 6.594141394E-05 9.906749662E-01
1.271720000E+00 9.998732382E-01 6.299958797E-05 9.749001352E-01
1.292290000E+00 9.998763346E-01 6.005952805E-05 9.593821820E-01
1.313190000E+00 9.998794597E-01 5.725450297E-05 9.441131900E-01
1.334430000E+00 9.998825721E-01 5.457950300E-05 9.290858269E-01
1.356010000E+00 9.998856538E-01 5.202876547E-05 9.143000420E-01
1.377940000E+00 9.998886959E-01 4.959600592E-05 8.997489005E-01
1.400230000E+00 9.998916920E-01 4.727567233E-05 8.854259657E-01
1.422880000E+00 9.998946369E-01 4.506263299E-05 8.713313842E-01
1.445890000E+00 9.998975242E-01 4.295328007E-05 8.574649524E-01
1.469280000E+00 9.999003493E-01 4.093580417E-05 8.438146575E-01
1.493040000E+00 9.999031090E-01 3.900461097E-05 8.303863259E-01
1.517190000E+00 9.999058232E-01 3.713352401E-05 8.171685814E-01
1.541730000E+00 9.999084947E-01 3.534761471E-05 8.041615588E-01
1.566670000E+00 9.999111188E-01 3.364685782E-05 7.913600184E-01
1.592010000E+00 9.999136894E-01 3.202666755E-05 7.787639525E-01
1.617760000E+00 9.999162056E-01 3.048377491E-05 7.663683117E-01
1.643920000E+00 9.999186654E-01 2.901449190E-05 7.541729525E-01
1.670510000E+00 9.999210699E-01 2.761524172E-05 7.421685593E-01
1.697530000E+00 9.999234175E-01 2.628305933E-05 7.303552809E-01
1.724990000E+00 9.999257017E-01 2.501395450E-05 7.187288042E-01
1.752890000E+00 9.999279318E-01 2.379210347E-05 7.072891054E-01
1.781240000E+00 9.999301141E-01 2.262503760E-05 6.960319777E-01
1.810050000E+00 9.999322484E-01 2.151132491E-05 6.849534543E-01
1.839320000E+00 9.999343345E-01 2.045181050E-05 6.740534545E-01
1.869070000E+00 9.999363715E-01 1.944410600E-05 6.633245411E-01
1.899300000E+00 9.999383587E-01 1.848566823E-05 6.527668088E-01
1.930020000E+00 9.999402972E-01 1.757368977E-05 6.423767629E-01
1.961240000E+00 9.999421880E-01 1.670653440E-05 6.321510881E-01
1.992960000E+00 9.999440333E-01 1.588188411E-05 6.220897559E-01
2.025200000E+00 9.999458233E-01 1.510436988E-05 6.121864507E-01
2.057950000E+00 9.999475662E-01 1.435164374E-05 6.024441799E-01
2.091240000E+00 9.999492709E-01 1.363436729E-05 5.928540005E-01
2.125060000E+00 9.999509345E-01 1.295096677E-05 5.834188211E-01
2.159430000E+00 9.999525585E-01 1.230061017E-05 5.741329888E-01
2.194360000E+00 9.999541439E-01 1.168112171E-05 5.649938934E-01
2.229850000E+00 9.999556918E-01 1.109191003E-05 5.560015248E-01
2.265920000E+00 9.999572040E-01 1.053105920E-05 5.471508262E-01
2.302570000E+00 9.999586816E-01 9.997560938E-06 5.384418280E-01
2.339810000E+00 9.999601261E-01 9.490081154E-06 5.298720836E-01
2.377660000E+00 9.999615401E-01 9.006659648E-06 5.214370431E-01
2.416110000E+00 9.999629255E-01 8.546784453E-06 5.131388885E-01
2.455190000E+00 9.999642853E-01 8.109808872E-06 5.049711020E-01
2.494900000E+00 9.999656212E-01 7.694555292E-06 4.969337448E-01
2.535260000E+00 9.999669372E-01 7.299241071E-06 4.890228221E-01
2.576260000E+00 9.999682370E-01 6.923498682E-06 4.812402475E-01
2.617930000E+00 9.999695264E-01 6.566309437E-06 4.735802714E-01
2.660270000E+00 9.999708115E-01 6.226863817E-06 4.660429205E-01
2.703300000E+00 9.999721022E-01 5.904146529E-06 4.586246440E-01
2.747030000E+00 9.999734119E-01 5.597526954E-06 4.513237933E-01
2.791460000E+00 9.999747618E-01 5.306293946E-06 4.441403423E-01
2.836610000E+00 9.999761885E-01 5.029557817E-06 4.370710108E-01
2.882490000E+00 9.999777649E-01 4.766604113E-06 4.301142415E-01
2.929110000E+00 9.999796761E-01 4.516915345E-06 4.232685014E-01
2.976480000E+00 9.999827781E-01 4.279750105E-06 4.165322797E-01
2.999800000E+00 9.999942812E-01 4.168946481E-06 4.132942196E-01
3.000000000E+00 9.999942816E-01 1.059284184E-05 4.132666667E-01
3.024630000E+00 9.999834194E-01 1.029055895E-05 4.099013764E-01
3.073550000E+00 9.999823908E-01 9.722194981E-06 4.033772023E-01
3.123260000E+00 9.999838355E-01 9.185371161E-06 3.969570257E-01
3.136100000E+00 9.999899317E-01 9.052911360E-06 3.953317815E-01
3.136300000E+00 9.999899289E-01 1.305742133E-05 3.953065714E-01
3.173780000E+00 9.999822257E-01 1.252285984E-05 3.906382925E-01
3.225110000E+00 9.999812055E-01 1.183545439E-05 3.844209965E-01
3.277270000E+00 9.999808587E-01 1.118663825E-05 3.783026727E-01
3.330280000E+00 9.999807998E-01 1.057340126E-05 3.722810094E-01
3.384150000E+00 9.999809113E-01 9.994393560E-06 3.663549193E-01
3.438880000E+00 9.999811412E-01 9.447165971E-06 3.605243568E-01
3.494500000E+00 9.999814654E-01 8.930589532E-06 3.547860924E-01
3.551020000E+00 9.999818836E-01 8.442083121E-06 3.491391206E-01
3.608460000E+00 9.999824501E-01 7.980907758E-06 3.435814724E-01
3.662900000E+00 9.999851437E-01 7.573260714E-06 3.384749788E-01
3.663100000E+00 9.999851443E-01 8.780008826E-06 3.384564986E-01
3.666820000E+00 9.999837590E-01 8.748847461E-06 3.381131335E-01
3.726130000E+00 9.999830031E-01 8.270778499E-06 3.327312788E-01
3.786400000E+00 9.999831114E-01 7.819430307E-06 3.274350306E-01
3.847640000E+00 9.999833457E-01 7.392835259E-06 3.222234928E-01
3.909870000E+00 9.999836393E-01 6.989720863E-06 3.170949418E-01
3.973110000E+00 9.999839684E-01 6.608812914E-06 3.120477409E-01
4.037380000E+00 9.999843215E-01 6.248885084E-06 3.070803343E-01
4.102680000E+00 9.999846928E-01 5.908732917E-06 3.021927131E-01
4.169030000E+00 9.999850809E-01 5.586998808E-06 2.973833242E-01
4.236460000E+00 9.999854919E-01 5.283288053E-06 2.926499955E-01
4.304980000E+00 9.999859801E-01 4.995973734E-06 2.879920464E-01
4.326900000E+00 9.999865779E-01 4.908345609E-06 2.865330837E-01
4.327100000E+00 9.999865788E-01 5.190213650E-06 2.865198401E-01
4.374620000E+00 9.999862690E-01 4.998042973E-06 2.834074731E-01
4.445370000E+00 9.999865552E-01 4.728558969E-06 2.788969197E-01
4.517270000E+00 9.999868872E-01 4.473491374E-06 2.744578031E-01
4.590330000E+00 9.999872011E-01 4.232123664E-06 2.700895143E-01
4.651900000E+00 9.999877853E-01 4.041625045E-06 2.665147574E-01
4.652100000E+00 9.999877852E-01 4.217990492E-06 2.665032996E-01
4.664580000E+00 9.999876491E-01 4.179360681E-06 2.657902748E-01
4.740030000E+00 9.999878709E-01 3.955322686E-06 2.615595260E-01
4.816690000E+00 9.999881585E-01 3.743282297E-06 2.573966770E-01
4.894600000E+00 9.999884571E-01 3.542042754E-06 2.532995546E-01
4.973770000E+00 9.999887586E-01 3.351359535E-06 2.492676581E-01
5.054210000E+00 9.999890591E-01 3.170688770E-06 2.453004525E-01
5.135960000E+00 9.999893571E-01 2.999477140E-06 2.413959610E-01
5.219030000E+00 9.999896514E-01 2.837263892E-06 2.375537217E-01
5.303440000E+00 9.999899413E-01 2.683610022E-06 2.337727965E-01
5.389220000E+00 9.999902263E-01 2.538051257E-06 2.300518442E-01
5.476390000E+00 9.999905059E-01 2.400204990E-06 2.263900124E-01
5.564970000E+00 9.999907800E-01 2.269705018E-06 2.227864661E-01
5.654980000E+00 9.999910483E-01 2.146146349E-06 2.192403863E-01
5.746440000E+00 9.999913107E-01 2.029156536E-06 2.157509693E-01
5.839390000E+00 9.999915671E-01 1.918420602E-06 2.123166975E-01
5.933830000E+00 9.999918175E-01 1.813624113E-06 2.089375665E-01
6.029810000E+00 9.999920618E-01 1.714465807E-06 2.056117854E-01
6.127330000E+00 9.999923000E-01 1.620604240E-06 2.023393550E-01
6.226440000E+00 9.999925323E-01 1.531818105E-06 1.991185975E-01
6.327150000E+00 9.999927585E-01 1.447826368E-06 1.959492030E-01
6.429480000E+00 9.999929788E-01 1.368366459E-06 1.928305244E-01
6.533480000E+00 9.999931932E-01 1.293194109E-06 1.897610462E-01
6.639150000E+00 9.999934019E-01 1.222105794E-06 1.867407725E-01
6.746540000E+00 9.999936049E-01 1.154888076E-06 1.837682723E-01
6.855650000E+00 9.999938022E-01 1.091303516E-06 1.808435378E-01
6.966540000E+00 9.999939941E-01 1.031203558E-06 1.779649582E-01
7.079220000E+00 9.999941805E-01 9.743688678E-07 1.751322886E-01
7.193720000E+00 9.999943616E-01 9.206216872E-07 1.723447674E-01
7.310070000E+00 9.999945375E-01 8.698199216E-07 1.696016591E-01
7.428310000E+00 9.999947084E-01 8.217997257E-07 1.669020275E-01
7.548450000E+00 9.999948743E-01 7.764188679E-07 1.642456398E-01
7.670540000E+00 9.999950353E-01 7.335159210E-07 1.616313845E-01
7.794610000E+00 9.999951916E-01 6.929664286E-07 1.590586315E-01
7.920680000E+00 9.999953433E-01 6.546423011E-07 1.565269649E-01
8.048790000E+00 9.999954904E-01 6.184242489E-07 1.540355755E-01
8.178980000E+00 9.999956332E-01 5.841941706E-07 1.515836938E-01
8.311260000E+00 9.999957716E-01 5.518698658E-07 1.491711245E-01
8.445690000E+00 9.999959059E-01 5.213013831E-07 1.467967685E-01
8.582290000E+00 9.999960361E-01 4.924451253E-07 1.444602781E-01
8.721110000E+00 9.999961624E-01 4.651562965E-07 1.421608029E-01
8.862160000E+00 9.999962848E-01 4.393887466E-07 1.398981738E-01
9.005500000E+00 9.999964034E-01 4.150315955E-07 1.376714230E-01
9.151160000E+00 9.999965184E-01 3.920293411E-07 1.354800921E-01
9.299170000E+00 9.999966299E-01 3.703007686E-07 1.333237267E-01
9.449580000E+00 9.999967379E-01 3.497640117E-07 1.312015984E-01
9.602420000E+00 9.999968426E-01 3.303825404E-07 1.291132860E-01
9.757730000E+00 9.999969440E-01 3.120651254E-07 1.270582400E-01
9.915550000E+00 9.999970421E-01 2.947419527E-07 1.250359284E-01
1.007590000E+01 9.999971372E-01 2.780610813E-07 1.230460803E-01
1.023890000E+01 9.999972295E-01 2.622808632E-07 1.210872262E-01
1.040450000E+01 9.999973190E-01 2.473581003E-07 1.191599789E-01
1.057280000E+01 9.999974058E-01 2.332444596E-07 1.172631659E-01
1.074380000E+01 9.999974900E-01 2.198991451E-07 1.153967870E-01
1.091760000E+01 9.999975716E-01 2.072789305E-07 1.135597567E-01
1.109420000E+01 9.999976507E-01 1.953474546E-07 1.117520867E-01
1.127360000E+01 9.999977274E-01 1.840692628E-07 1.099737440E-01
1.145590000E+01 9.999978018E-01 1.734079140E-07 1.082237101E-01
1.164120000E+01 9.999978740E-01 1.633287517E-07 1.065010480E-01
1.182950000E+01 9.999979440E-01 1.538024006E-07 1.048057822E-01
1.202080000E+01 9.999980120E-01 1.448006686E-07 1.031378943E-01
1.221530000E+01 9.999980779E-01 1.362916047E-07 1.014956653E-01
1.241280000E+01 9.999981419E-01 1.282549596E-07 9.988076824E-02
1.261360000E+01 9.999982042E-01 1.206597454E-07 9.829073381E-02
1.281760000E+01 9.999982647E-01 1.134857821E-07 9.672637623E-02
1.302500000E+01 9.999983236E-01 1.067076728E-07 9.518618042E-02
1.323560000E+01 9.999983809E-01 1.003084392E-07 9.367161292E-02
1.344970000E+01 9.999984369E-01 9.426397926E-08 9.218049473E-02
1.366720000E+01 9.999984917E-01 8.855715980E-08 9.071353313E-02
1.388830000E+01 9.999985456E-01 8.316818022E-08 8.926938502E-02
1.411290000E+01 9.999985989E-01 7.808185240E-08 8.784870579E-02
1.434120000E+01 9.999986525E-01 7.328025217E-08 8.645022732E-02
1.457310000E+01 9.999987078E-01 6.874944572E-08 8.507455517E-02
1.480890000E+01 9.999987704E-01 6.447283605E-08 8.371992518E-02
1.503110000E+01 9.999990339E-01 6.074188990E-08 8.248231999E-02
1.503130000E+01 9.999990340E-01 1.538674477E-07 8.248122252E-02
1.504840000E+01 9.999988836E-01 1.532126187E-07 8.238749635E-02
1.529180000E+01 9.999988403E-01 1.442613113E-07 8.107613231E-02
1.553910000E+01 9.999988588E-01 1.358336910E-07 7.978583058E-02
1.579040000E+01 9.999988850E-01 1.278983535E-07 7.851606039E-02
1.604580000E+01 9.999989141E-01 1.204262301E-07 7.726632514E-02
1.630540000E+01 9.999989446E-01 1.133896063E-07 7.603615980E-02
1.656910000E+01 9.999989757E-01 1.067655344E-07 7.482603159E-02
1.683710000E+01 9.999990072E-01 1.005281116E-07 7.363500840E-02
1.710940000E+01 9.999990392E-01 9.465550757E-08 7.246309046E-02
1.738610000E+01 9.999990722E-01 8.912602722E-08 7.130983947E-02
1.766740000E+01 9.999991083E-01 8.391832858E-08 7.017444559E-02
1.790640000E+01 9.999992123E-01 7.979253787E-08 6.923781441E-02
1.790660000E+01 9.999992123E-01 1.125737187E-07 6.923704109E-02
1.795310000E+01 9.999991524E-01 1.115618360E-07 6.905771148E-02
1.824350000E+01 9.999991595E-01 1.055041185E-07 6.795845096E-02
1.853860000E+01 9.999991839E-01 9.977475030E-08 6.687667893E-02
1.863890000E+01 9.999992206E-01 9.791863535E-08 6.651680088E-02
1.863910000E+01 9.999992206E-01 1.115323650E-07 6.651608715E-02
1.883840000E+01 9.999992013E-01 1.074979209E-07 6.581238322E-02
1.914310000E+01 9.999992186E-01 1.016852817E-07 6.476485000E-02
1.945270000E+01 9.999992382E-01 9.617338880E-08 6.373408319E-02
1.976740000E+01 9.999992584E-01 9.094483137E-08 6.271942694E-02
2.008710000E+01 9.999992786E-01 8.598951645E-08 6.172120416E-02
2.041200000E+01 9.999992988E-01 8.129255862E-08 6.073878111E-02
2.074210000E+01 9.999993188E-01 7.684225142E-08 5.977215422E-02
2.107760000E+01 9.999993384E-01 7.262565367E-08 5.882073860E-02
2.141850000E+01 9.999993576E-01 6.863213308E-08 5.788453907E-02
2.176500000E+01 9.999993765E-01 6.484976764E-08 5.696301401E-02
2.211700000E+01 9.999993950E-01 6.126932137E-08 5.605642718E-02
2.247470000E+01 9.999994130E-01 5.787998054E-08 5.516425136E-02
2.283820000E+01 9.999994306E-01 5.467200885E-08 5.428623972E-02
2.320760000E+01 9.999994477E-01 5.163634939E-08 5.342215481E-02
2.358300000E+01 9.999994644E-01 4.876412943E-08 5.257176780E-02
2.396440000E+01 9.999994807E-01 4.604748725E-08 5.173507369E-02
2.435200000E+01 9.999994965E-01 4.347784252E-08 5.091162943E-02
2.474590000E+01 9.999995119E-01 4.104770274E-08 5.010122889E-02
2.514620000E+01 9.999995269E-01 3.874988493E-08 4.930367213E-02
2.555290000E+01 9.999995414E-01 3.657779262E-08 4.851895480E-02
2.596620000E+01 9.999995556E-01 3.452450712E-08 4.774668608E-02
2.638610000E+01 9.999995693E-01 3.258402029E-08 4.698686051E-02
2.681290000E+01 9.999995827E-01 3.075002619E-08 4.623893723E-02
2.724660000E+01 9.999995956E-01 2.901704260E-08 4.550292514E-02
2.768730000E+01 9.999996082E-01 2.737980077E-08 4.477865303E-02
2.813510000E+01 9.999996204E-01 2.583311523E-08 4.406595320E-02
2.859020000E+01 9.999996322E-01 2.437211264E-08 4.336450952E-02
2.905260000E+01 9.999996437E-01 2.299230732E-08 4.267432175E-02
2.952250000E+01 9.999996548E-01 2.168923343E-08 4.199508849E-02
3.000000000E+01 0.000000000E+00 0.000000000E+00 4.132666667E-02
