# 11/08/2021 
# Data retrieved from www.chemicool.com/densities.html 
# Includes the real (n) and complex (k) part of the  refractive index. 
# Element, Ge  (Z = 32) 
# Nominal density, g cm-3 =  5.323 
#    E [keV]      n       k    Wavelength [nm] 
1.000000000E-02 -8.831407087E+00 2.141480205E-01 1.239800000E+02
1.016170000E-02 2.948878635E+03 9.008085020E-01 1.220071445E+02
1.032610000E-02 2.855760536E+03 8.849957515E-01 1.200646904E+02
1.049310000E-02 2.765615345E+03 8.694700052E-01 1.181538344E+02
1.066280000E-02 2.678317096E+03 8.542165082E-01 1.162733991E+02
1.083530000E-02 2.593748893E+03 8.344948620E-01 1.144223049E+02
1.101060000E-02 2.511847678E+03 8.054474916E-01 1.126005849E+02
1.118860000E-02 2.432592762E+03 7.774312017E-01 1.108092165E+02
1.136960000E-02 2.355788826E+03 7.503719816E-01 1.090451731E+02
1.155350000E-02 2.281421885E+03 7.242614435E-01 1.073094733E+02
1.174040000E-02 2.209393958E+03 6.994396012E-01 1.056011720E+02
1.193030000E-02 2.139649469E+03 6.754872696E-01 1.039202702E+02
1.212320000E-02 2.072132094E+03 6.523620757E-01 1.022667283E+02
1.231930000E-02 2.006719862E+03 6.300194963E-01 1.006388350E+02
1.251860000E-02 1.943364858E+03 6.084405955E-01 9.903663349E+01
1.272100000E-02 1.882047804E+03 5.858563738E-01 9.746089144E+01
1.292680000E-02 1.822630456E+03 5.496099019E-01 9.590927376E+01
1.313590000E-02 1.765097850E+03 5.156091575E-01 9.438256990E+01
1.334830000E-02 1.709403374E+03 4.837178677E-01 9.288074137E+01
1.356420000E-02 1.655451226E+03 4.537951728E-01 9.140236800E+01
1.378360000E-02 1.603201061E+03 4.257233613E-01 8.994747381E+01
1.400660000E-02 1.552589691E+03 3.993849899E-01 8.851541416E+01
1.423310000E-02 1.503599834E+03 3.746806847E-01 8.710681440E+01
1.446330000E-02 1.456149280E+03 3.515031766E-01 8.572040959E+01
1.469730000E-02 1.410182430E+03 3.297562991E-01 8.435562995E+01
1.493500000E-02 1.365683322E+03 3.093582457E-01 8.301305658E+01
1.517650000E-02 1.322597125E+03 2.890595541E-01 8.169208974E+01
1.542200000E-02 1.280855503E+03 2.696886838E-01 8.039164829E+01
1.567140000E-02 1.240443534E+03 2.516160863E-01 7.911226821E+01
1.592490000E-02 1.201297524E+03 2.347536591E-01 7.785292215E+01
1.618250000E-02 1.163387970E+03 2.190216076E-01 7.661362583E+01
1.644420000E-02 1.126684892E+03 2.043446249E-01 7.539436397E+01
1.671020000E-02 1.091131884E+03 1.906504276E-01 7.419420474E+01
1.698050000E-02 1.056702110E+03 1.778740333E-01 7.301316216E+01
1.725510000E-02 1.023368304E+03 1.659551502E-01 7.185122080E+01
1.753420000E-02 9.910803154E+02 1.548333522E-01 7.070753157E+01
1.781780000E-02 9.598135840E+02 1.444577946E-01 6.958210329E+01
1.810600000E-02 9.295329202E+02 1.347770316E-01 6.847453883E+01
1.839890000E-02 9.002048069E+02 1.257438865E-01 6.738446320E+01
1.869640000E-02 8.718159115E+02 1.170545889E-01 6.631223123E+01
1.899880000E-02 8.443153316E+02 1.084493902E-01 6.525675306E+01
1.930610000E-02 8.176824727E+02 1.004766921E-01 6.421804507E+01
1.961840000E-02 7.918883304E+02 9.308895650E-02 6.319577539E+01
1.993570000E-02 7.669128549E+02 8.624581656E-02 6.218994066E+01
2.025820000E-02 7.427210919E+02 7.990470305E-02 6.119990917E+01
2.058580000E-02 7.193016097E+02 7.403125722E-02 6.022598102E+01
2.091880000E-02 6.966147820E+02 6.836761428E-02 5.926726198E+01
2.125710000E-02 6.746499884E+02 6.218828939E-02 5.832404232E+01
2.160090000E-02 6.533770058E+02 5.656733027E-02 5.739575666E+01
2.195030000E-02 6.327735176E+02 5.145419042E-02 5.648214375E+01
2.230530000E-02 6.128235651E+02 4.680343193E-02 5.558320220E+01
2.266610000E-02 5.935005213E+02 4.257293125E-02 5.469842628E+01
2.303270000E-02 5.747895519E+02 3.872485544E-02 5.382781871E+01
2.340530000E-02 5.566661146E+02 3.522441912E-02 5.297090830E+01
2.378380000E-02 5.391208870E+02 3.183809261E-02 5.212791900E+01
2.416850000E-02 5.221262426E+02 2.858282847E-02 5.129817738E+01
2.455940000E-02 5.056692374E+02 2.566045475E-02 5.048168929E+01
2.495660000E-02 4.897328167E+02 2.316649272E-02 4.967824143E+01
2.536030000E-02 4.742967959E+02 2.182258444E-02 4.888743430E+01
2.577050000E-02 4.593493800E+02 2.055673362E-02 4.810927223E+01
2.618730000E-02 4.448752100E+02 1.973617719E-02 4.734355966E+01
2.661090000E-02 4.308562166E+02 1.935681363E-02 4.658993119E+01
2.704130000E-02 4.172815906E+02 1.898479692E-02 4.584838747E+01
2.747860000E-02 4.041374398E+02 1.862003901E-02 4.511874695E+01
2.792310000E-02 3.914047334E+02 1.888506273E-02 4.440051427E+01
2.837470000E-02 3.790765844E+02 2.037639573E-02 4.369385403E+01
2.883370000E-02 3.671352869E+02 2.558355213E-02 4.299829713E+01
2.930000000E-02 9.843927790E-01 3.212156890E-02 4.231399317E+01
2.977390000E-02 9.906512168E-01 4.033019865E-02 4.164049721E+01
3.025550000E-02 9.945805803E-01 5.063707727E-02 4.097767348E+01
3.074490000E-02 9.930060031E-01 6.357698790E-02 4.032538730E+01
3.124210000E-02 9.858472721E-01 6.928417591E-02 3.968363202E+01
3.174750000E-02 9.793993762E-01 7.201154075E-02 3.905189385E+01
3.226090000E-02 9.741933655E-01 7.327008104E-02 3.843042197E+01
3.278270000E-02 9.677868510E-01 7.127598284E-02 3.781872756E+01
3.331300000E-02 9.648458266E-01 6.726860120E-02 3.721670219E+01
3.385180000E-02 9.635913609E-01 6.351580875E-02 3.662434494E+01
3.439930000E-02 9.632463695E-01 6.015271217E-02 3.604143108E+01
3.495570000E-02 9.635106752E-01 5.696768427E-02 3.546774918E+01
3.552110000E-02 9.643175470E-01 5.397474376E-02 3.490319838E+01
3.609560000E-02 9.654593105E-01 5.132654817E-02 3.434767673E+01
3.667940000E-02 9.668541966E-01 4.880827761E-02 3.380098911E+01
3.727270000E-02 9.686307225E-01 4.641328638E-02 3.326295117E+01
3.787550000E-02 9.710380041E-01 4.448760517E-02 3.273356127E+01
3.848820000E-02 9.730877916E-01 4.330544531E-02 3.221247032E+01
3.911070000E-02 9.749114628E-01 4.215501550E-02 3.169976503E+01
3.974320000E-02 9.767317075E-01 4.103516320E-02 3.119527366E+01
4.038610000E-02 9.786816943E-01 4.000301664E-02 3.069868098E+01
4.103930000E-02 9.805504185E-01 3.928778222E-02 3.021006694E+01
4.170310000E-02 9.823336086E-01 3.858528935E-02 2.972920478E+01
4.237760000E-02 9.842282474E-01 3.789533810E-02 2.925602205E+01
4.306300000E-02 9.864223956E-01 3.764996602E-02 2.879037689E+01
4.375950000E-02 9.881402899E-01 3.775174383E-02 2.833213359E+01
4.446730000E-02 9.896103431E-01 3.785367276E-02 2.788116211E+01
4.518650000E-02 9.909816258E-01 3.795602315E-02 2.743739834E+01
4.591740000E-02 9.923618443E-01 3.805851895E-02 2.700065770E+01
4.666000000E-02 9.936709898E-01 3.855706317E-02 2.657093871E+01
4.741470000E-02 9.946047067E-01 3.915854143E-02 2.614800895E+01
4.818160000E-02 9.951824675E-01 3.976961190E-02 2.573181463E+01
4.896090000E-02 9.953147442E-01 4.001844380E-02 2.532224694E+01
4.975280000E-02 9.956736110E-01 3.998192289E-02 2.491920053E+01
5.055760000E-02 9.961114108E-01 3.994540828E-02 2.452252480E+01
5.137530000E-02 9.965398579E-01 3.990898649E-02 2.413221918E+01
5.220620000E-02 9.969408754E-01 3.986388613E-02 2.374813719E+01
5.305060000E-02 9.973336305E-01 3.980370357E-02 2.337014096E+01
5.390870000E-02 9.977141869E-01 3.974343298E-02 2.299814316E+01
5.478060000E-02 9.980854318E-01 3.968339704E-02 2.263209968E+01
5.566670000E-02 9.984713727E-01 3.962333586E-02 2.227184295E+01
5.656700000E-02 9.988188659E-01 3.967076130E-02 2.191737232E+01
5.748200000E-02 9.990915415E-01 3.971842261E-02 2.156849101E+01
5.841170000E-02 9.993109366E-01 3.976637871E-02 2.122519975E+01
5.935640000E-02 9.994839416E-01 3.981434463E-02 2.088738535E+01
6.031650000E-02 9.996141646E-01 3.986222664E-02 2.055490620E+01
6.129210000E-02 9.997069244E-01 3.991773442E-02 2.022772919E+01
6.228340000E-02 9.997439303E-01 3.998164080E-02 1.990578549E+01
6.329080000E-02 9.997269255E-01 4.004547075E-02 1.958894500E+01
6.431450000E-02 9.996539620E-01 4.010947199E-02 1.927714590E+01
6.535470000E-02 9.995191567E-01 4.017361002E-02 1.897032654E+01
6.641180000E-02 9.993110488E-01 4.023778108E-02 1.866836918E+01
6.748590000E-02 9.990081951E-01 4.030213150E-02 1.837124496E+01
6.857750000E-02 9.984836409E-01 4.041503287E-02 1.807881594E+01
6.968670000E-02 9.978177790E-01 4.001521032E-02 1.779105626E+01
7.081380000E-02 9.973845475E-01 3.952079032E-02 1.750788688E+01
7.195910000E-02 9.970776700E-01 3.903248042E-02 1.722923161E+01
7.312300000E-02 9.968215524E-01 3.855015174E-02 1.695499364E+01
7.430570000E-02 9.966003756E-01 3.807383088E-02 1.668512644E+01
7.550760000E-02 9.964038630E-01 3.760328119E-02 1.641953923E+01
7.672890000E-02 9.962253473E-01 3.713858215E-02 1.615818811E+01
7.796990000E-02 9.960597752E-01 3.667970272E-02 1.590100795E+01
7.923100000E-02 9.959035200E-01 3.622646690E-02 1.564791559E+01
8.051250000E-02 9.957529250E-01 3.577879969E-02 1.539885111E+01
8.181470000E-02 9.956041495E-01 3.533671856E-02 1.515375599E+01
8.313800000E-02 9.954475254E-01 3.490005876E-02 1.491255503E+01
8.448270000E-02 9.952937893E-01 3.443564988E-02 1.467519386E+01
8.584910000E-02 9.951580980E-01 3.397386076E-02 1.444161907E+01
8.723770000E-02 9.950336414E-01 3.351822011E-02 1.421174561E+01
8.864870000E-02 9.949149728E-01 3.306871434E-02 1.398554068E+01
9.008250000E-02 9.948002339E-01 3.262525424E-02 1.376293953E+01
9.153950000E-02 9.946878234E-01 3.218775262E-02 1.354387996E+01
9.302010000E-02 9.945764086E-01 3.175608920E-02 1.332830216E+01
9.452460000E-02 9.944643760E-01 3.133021625E-02 1.311616235E+01
9.605350000E-02 9.943501198E-01 3.091005461E-02 1.290739015E+01
9.760710000E-02 9.942289781E-01 3.049552321E-02 1.270194484E+01
9.918580000E-02 9.940827478E-01 3.007295994E-02 1.249977315E+01
1.007900000E-01 9.939569586E-01 2.962412730E-02 1.230082349E+01
1.024200000E-01 9.938480158E-01 2.918203528E-02 1.210505761E+01
1.040770000E-01 9.937459283E-01 2.874615061E-02 1.191233414E+01
1.057600000E-01 9.936483030E-01 2.831728273E-02 1.172276853E+01
1.074710000E-01 9.935535506E-01 2.789433995E-02 1.153613533E+01
1.092090000E-01 9.934605751E-01 2.747811753E-02 1.135254420E+01
1.109750000E-01 9.933682181E-01 2.706833107E-02 1.117188556E+01
1.127700000E-01 9.932758170E-01 2.666424042E-02 1.099405870E+01
1.145940000E-01 9.931821849E-01 2.626610973E-02 1.081906557E+01
1.164480000E-01 9.930865270E-01 2.587394411E-02 1.064681231E+01
1.183310000E-01 9.929872052E-01 2.548794813E-02 1.047738970E+01
1.202450000E-01 9.928827099E-01 2.510746236E-02 1.031061583E+01
1.221900000E-01 9.927698543E-01 2.473250356E-02 1.014649317E+01
1.241660000E-01 9.926421057E-01 2.436347508E-02 9.985020054E+00
1.261750000E-01 9.924733842E-01 2.398714995E-02 9.826035268E+00
1.282150000E-01 9.923273376E-01 2.353861911E-02 9.669695433E+00
1.302890000E-01 9.922114413E-01 2.309826647E-02 9.515768791E+00
1.323970000E-01 9.921129699E-01 2.266591575E-02 9.364260519E+00
1.345380000E-01 9.920230970E-01 2.224189631E-02 9.215240304E+00
1.367140000E-01 9.919389073E-01 2.182584514E-02 9.068566496E+00
1.389250000E-01 9.918577303E-01 2.141773579E-02 8.924239698E+00
1.411720000E-01 9.917774187E-01 2.101707862E-02 8.782194770E+00
1.434560000E-01 9.916954500E-01 2.062358060E-02 8.642371180E+00
1.457760000E-01 9.916085764E-01 2.023795986E-02 8.504829327E+00
1.481340000E-01 9.915114819E-01 1.985932979E-02 8.369449282E+00
1.505300000E-01 9.913898455E-01 1.948782484E-02 8.236231980E+00
1.529640000E-01 9.912057512E-01 1.906760260E-02 8.105175074E+00
1.554390000E-01 9.910948461E-01 1.857257431E-02 7.976119249E+00
1.579530000E-01 9.910271581E-01 1.809064317E-02 7.849170323E+00
1.605070000E-01 9.909837891E-01 1.762148265E-02 7.724273708E+00
1.631030000E-01 9.909576272E-01 1.716422410E-02 7.601331674E+00
1.657420000E-01 9.909445138E-01 1.671862205E-02 7.480300708E+00
1.684220000E-01 9.909413387E-01 1.628490939E-02 7.361271093E+00
1.711460000E-01 9.909462031E-01 1.586231455E-02 7.244107370E+00
1.739150000E-01 9.909573255E-01 1.545060642E-02 7.128769801E+00
1.767270000E-01 9.909729117E-01 1.504977710E-02 7.015340044E+00
1.795860000E-01 9.909917621E-01 1.465917313E-02 6.903656187E+00
1.824910000E-01 9.910121507E-01 1.427872593E-02 6.793759692E+00
1.854420000E-01 9.910321655E-01 1.390827897E-02 6.685648343E+00
1.884420000E-01 9.910496673E-01 1.354732066E-02 6.579212702E+00
1.914890000E-01 9.910603389E-01 1.319591511E-02 6.474523341E+00
1.945870000E-01 9.910538492E-01 1.285336823E-02 6.371443108E+00
1.977340000E-01 9.909982701E-01 1.247972769E-02 6.270039548E+00
2.009320000E-01 9.910009003E-01 1.204733384E-02 6.170246651E+00
2.041820000E-01 9.910399675E-01 1.162991826E-02 6.072033774E+00
2.074850000E-01 9.910993691E-01 1.122694658E-02 5.975371714E+00
2.108400000E-01 9.911726027E-01 1.083804415E-02 5.880288370E+00
2.142510000E-01 9.912565937E-01 1.046246935E-02 5.786670774E+00
2.177160000E-01 9.913486164E-01 1.009998168E-02 5.694574583E+00
2.212370000E-01 9.914470880E-01 9.750144311E-03 5.603945091E+00
2.248160000E-01 9.915506967E-01 9.412241308E-03 5.514732048E+00
2.284520000E-01 9.916581525E-01 9.086203274E-03 5.426960587E+00
2.321470000E-01 9.917686168E-01 8.771356239E-03 5.340581614E+00
2.359020000E-01 9.918812603E-01 8.467425713E-03 5.255572229E+00
2.397170000E-01 9.919952146E-01 8.174100148E-03 5.171931903E+00
2.435950000E-01 9.921099465E-01 7.890874410E-03 5.089595435E+00
2.475350000E-01 9.922246252E-01 7.617480506E-03 5.008584645E+00
2.515380000E-01 9.923383939E-01 7.353575270E-03 4.928877545E+00
2.556070000E-01 9.924504749E-01 7.098764059E-03 4.850414895E+00
2.597410000E-01 9.925595523E-01 6.852846857E-03 4.773216396E+00
2.639420000E-01 9.926635522E-01 6.615418842E-03 4.697244092E+00
2.682110000E-01 9.927514791E-01 6.386234506E-03 4.622480062E+00
2.725490000E-01 9.928270687E-01 6.133783467E-03 4.548906802E+00
2.769570000E-01 9.929288381E-01 5.868134098E-03 4.476507183E+00
2.814370000E-01 9.930454734E-01 5.613924579E-03 4.405248777E+00
2.859890000E-01 9.931698122E-01 5.370792746E-03 4.335131771E+00
2.906150000E-01 9.932989820E-01 5.138162062E-03 4.266125286E+00
2.953150000E-01 9.934312019E-01 4.915628981E-03 4.198229010E+00
3.000920000E-01 9.935654804E-01 4.702705384E-03 4.131399704E+00
3.049450000E-01 9.937007887E-01 4.499020395E-03 4.065651183E+00
3.098780000E-01 9.938365958E-01 4.304164943E-03 4.000929398E+00
3.148900000E-01 9.939723188E-01 4.117734474E-03 3.937247928E+00
3.199830000E-01 9.941075465E-01 3.939382665E-03 3.874580837E+00
3.251580000E-01 9.942419301E-01 3.768773451E-03 3.812915567E+00
3.304180000E-01 9.943751689E-01 3.605512242E-03 3.752216889E+00
3.357620000E-01 9.945069958E-01 3.449366931E-03 3.692496471E+00
3.411920000E-01 9.946371386E-01 3.299966939E-03 3.633731154E+00
3.467110000E-01 9.947654615E-01 3.157022309E-03 3.575888853E+00
3.523190000E-01 9.948917069E-01 3.020285908E-03 3.518970024E+00
3.580170000E-01 9.950156070E-01 2.889476348E-03 3.462964049E+00
3.638080000E-01 9.951367525E-01 2.764317570E-03 3.407841499E+00
3.696920000E-01 9.952533515E-01 2.642744056E-03 3.353602458E+00
3.756720000E-01 9.953699805E-01 2.523492436E-03 3.300219340E+00
3.817480000E-01 9.954864458E-01 2.409647927E-03 3.247692195E+00
3.879220000E-01 9.956012994E-01 2.300925389E-03 3.196003320E+00
3.941970000E-01 9.957143066E-01 2.197104294E-03 3.145127944E+00
4.005730000E-01 9.958252358E-01 2.097968722E-03 3.095066318E+00
4.070520000E-01 9.959339079E-01 2.003308937E-03 3.045802502E+00
4.136350000E-01 9.960401315E-01 1.912934377E-03 2.997328563E+00
4.203260000E-01 9.961437637E-01 1.826618299E-03 2.949615299E+00
4.271240000E-01 9.962445111E-01 1.744206882E-03 2.902669951E+00
4.340320000E-01 9.963399785E-01 1.665517741E-03 2.856471412E+00
4.410520000E-01 9.964326026E-01 1.584610962E-03 2.811006412E+00
4.481860000E-01 9.965271864E-01 1.504843470E-03 2.766262221E+00
4.554350000E-01 9.966219167E-01 1.429089643E-03 2.722232591E+00
4.628020000E-01 9.967157724E-01 1.357143964E-03 2.678899400E+00
4.702870000E-01 9.968082785E-01 1.288827488E-03 2.636262538E+00
4.778940000E-01 9.968992425E-01 1.223946027E-03 2.594299154E+00
4.856230000E-01 9.969884963E-01 1.162334049E-03 2.553009227E+00
4.934780000E-01 9.970759546E-01 1.103818329E-03 2.512371372E+00
5.014590000E-01 9.971615221E-01 1.048255380E-03 2.472385579E+00
5.095700000E-01 9.972451857E-01 9.954841495E-04 2.433031772E+00
5.178120000E-01 9.973269048E-01 9.453714217E-04 2.394305269E+00
5.261870000E-01 9.974066578E-01 8.977817487E-04 2.356196561E+00
5.346980000E-01 9.974844278E-01 8.525865532E-04 2.318692047E+00
5.433460000E-01 9.975601962E-01 8.096670669E-04 2.281787296E+00
5.521340000E-01 9.976339486E-01 7.689092811E-04 2.245469397E+00
5.610650000E-01 9.977056378E-01 7.301993687E-04 2.209726146E+00
5.701390000E-01 9.977750069E-01 6.934427675E-04 2.174557432E+00
5.793610000E-01 9.978421107E-01 6.574340215E-04 2.139943835E+00
5.887320000E-01 9.979081865E-01 6.225060218E-04 2.105881793E+00
5.982540000E-01 9.979732068E-01 5.894340876E-04 2.072363912E+00
6.079300000E-01 9.980367338E-01 5.581192720E-04 2.039379534E+00
6.177630000E-01 9.980987354E-01 5.284679915E-04 2.006918511E+00
6.277550000E-01 9.981591804E-01 5.003917584E-04 1.974974313E+00
6.379080000E-01 9.982180670E-01 4.738080942E-04 1.943540448E+00
6.482260000E-01 9.982754004E-01 4.486351340E-04 1.912604555E+00
6.587110000E-01 9.983311919E-01 4.247997604E-04 1.882160765E+00
6.693650000E-01 9.983854689E-01 4.022310636E-04 1.852203208E+00
6.801910000E-01 9.984382438E-01 3.808625634E-04 1.822723323E+00
6.911930000E-01 9.984895544E-01 3.606276586E-04 1.793710295E+00
7.023720000E-01 9.985394000E-01 3.414690162E-04 1.765161481E+00
7.137330000E-01 9.985878355E-01 3.233270085E-04 1.737064140E+00
7.252770000E-01 9.986346424E-01 3.061495539E-04 1.709415851E+00
7.370080000E-01 9.986802331E-01 2.894092851E-04 1.682206977E+00
7.489280000E-01 9.987247918E-01 2.735556247E-04 1.655432832E+00
7.610420000E-01 9.987682138E-01 2.585693983E-04 1.629082232E+00
7.733510000E-01 9.988104828E-01 2.444046135E-04 1.603153031E+00
7.858590000E-01 9.988516159E-01 2.310161535E-04 1.577636701E+00
7.985700000E-01 9.988916447E-01 2.183604536E-04 1.552525139E+00
8.114860000E-01 9.989305850E-01 2.063983691E-04 1.527814405E+00
8.246110000E-01 9.989684713E-01 1.950917347E-04 1.503496800E+00
8.379490000E-01 9.990053365E-01 1.844040626E-04 1.479564985E+00
8.515020000E-01 9.990412068E-01 1.743021437E-04 1.456015370E+00
8.652740000E-01 9.990761040E-01 1.647536468E-04 1.432840927E+00
8.792690000E-01 9.991099309E-01 1.556079238E-04 1.410034927E+00
8.934910000E-01 9.991430779E-01 1.467082998E-04 1.387590921E+00
9.079430000E-01 9.991756282E-01 1.383175354E-04 1.365504222E+00
9.226280000E-01 9.992075160E-01 1.304068455E-04 1.343770187E+00
9.375510000E-01 9.992388361E-01 1.229484609E-04 1.322381396E+00
9.527150000E-01 9.992697559E-01 1.160609354E-04 1.301333557E+00
9.681240000E-01 9.992998616E-01 1.099824971E-04 1.280621077E+00
9.837830000E-01 9.993292512E-01 1.042233294E-04 1.260237268E+00
9.996950000E-01 9.993581161E-01 9.877372421E-05 1.240178254E+00
1.015860000E+00 9.993865915E-01 9.361798493E-05 1.220443762E+00
1.032290000E+00 9.994147726E-01 8.879356722E-05 1.201019093E+00
1.048990000E+00 9.994428193E-01 8.420276796E-05 1.181898779E+00
1.065960000E+00 9.994709612E-01 7.983431658E-05 1.163083043E+00
1.083200000E+00 9.994994650E-01 7.569322382E-05 1.144571640E+00
1.100720000E+00 9.995287223E-01 7.176707238E-05 1.126353659E+00
1.118520000E+00 9.995593048E-01 6.804569600E-05 1.108428995E+00
1.136610000E+00 9.995921625E-01 6.451462806E-05 1.090787517E+00
1.155000000E+00 9.996290305E-01 6.116622645E-05 1.073419913E+00
1.173680000E+00 9.996736007E-01 5.799248349E-05 1.056335628E+00
1.192660000E+00 9.997365147E-01 5.498363787E-05 1.039525095E+00
1.211950000E+00 9.998888780E-01 5.213055412E-05 1.022979496E+00
1.216900000E+00 1.000254811E+00 5.142978253E-05 1.018818309E+00
1.217100000E+00 1.000254633E+00 3.448953287E-04 1.018650891E+00
1.231550000E+00 9.997906995E-01 3.341557638E-04 1.006698875E+00
1.251470000E+00 9.997176208E-01 3.200903306E-04 9.906749662E-01
1.271720000E+00 9.996840929E-01 3.066402660E-04 9.749001352E-01
1.292290000E+00 9.996650143E-01 2.937933248E-04 9.593821820E-01
1.313190000E+00 9.996535202E-01 2.814867021E-04 9.441131900E-01
1.334430000E+00 9.996466995E-01 2.696960312E-04 9.290858269E-01
1.356010000E+00 9.996430025E-01 2.584004874E-04 9.143000420E-01
1.377940000E+00 9.996415064E-01 2.475746666E-04 8.997489005E-01
1.400230000E+00 9.996416047E-01 2.372010260E-04 8.854259657E-01
1.414500000E+00 9.996422873E-01 2.308705285E-04 8.764934606E-01
1.414700000E+00 9.996423002E-01 2.307900445E-04 8.763695483E-01
1.422880000E+00 9.996428480E-01 2.272674597E-04 8.713313842E-01
1.445890000E+00 9.996448506E-01 2.177470639E-04 8.574649524E-01
1.469280000E+00 9.996472220E-01 2.083804784E-04 8.438146575E-01
1.493040000E+00 9.996497804E-01 1.990614678E-04 8.303863259E-01
1.517190000E+00 9.996532959E-01 1.887238363E-04 8.171685814E-01
1.541730000E+00 9.996579246E-01 1.787331823E-04 8.041615588E-01
1.566670000E+00 9.996633659E-01 1.692702500E-04 7.913600184E-01
1.592010000E+00 9.996692897E-01 1.603103556E-04 7.787639525E-01
1.617760000E+00 9.996755649E-01 1.518254687E-04 7.663683117E-01
1.643920000E+00 9.996820909E-01 1.437887196E-04 7.541729525E-01
1.670510000E+00 9.996887960E-01 1.361778836E-04 7.421685593E-01
1.697530000E+00 9.996956185E-01 1.289698690E-04 7.303552809E-01
1.724990000E+00 9.997024453E-01 1.221432988E-04 7.187288042E-01
1.752890000E+00 9.997093215E-01 1.155584247E-04 7.072891054E-01
1.781240000E+00 9.997162680E-01 1.092898592E-04 6.960319777E-01
1.810050000E+00 9.997232453E-01 1.033333850E-04 6.849534543E-01
1.839320000E+00 9.997302234E-01 9.770145266E-05 6.740534545E-01
1.869070000E+00 9.997371658E-01 9.237551856E-05 6.633245411E-01
1.899300000E+00 9.997440499E-01 8.734012427E-05 6.527668088E-01
1.930020000E+00 9.997508580E-01 8.258121662E-05 6.423767629E-01
1.961240000E+00 9.997575753E-01 7.808032729E-05 6.321510881E-01
1.992960000E+00 9.997642044E-01 7.382366637E-05 6.220897559E-01
2.025200000E+00 9.997706716E-01 6.983892642E-05 6.121864507E-01
2.057950000E+00 9.997770148E-01 6.599152176E-05 6.024441799E-01
2.091240000E+00 9.997832737E-01 6.234648608E-05 5.928540005E-01
2.125060000E+00 9.997894168E-01 5.889735210E-05 5.834188211E-01
2.159430000E+00 9.997954414E-01 5.563381549E-05 5.741329888E-01
2.194360000E+00 9.998013411E-01 5.254648556E-05 5.649938934E-01
2.229850000E+00 9.998071142E-01 4.962277644E-05 5.560015248E-01
2.265920000E+00 9.998127610E-01 4.685893920E-05 5.471508262E-01
2.302570000E+00 9.998182773E-01 4.424506684E-05 5.384418280E-01
2.339810000E+00 9.998236627E-01 4.177323267E-05 5.298720836E-01
2.377660000E+00 9.998289199E-01 3.943542887E-05 5.214370431E-01
2.416110000E+00 9.998340443E-01 3.722653678E-05 5.131388885E-01
2.455190000E+00 9.998390415E-01 3.513657358E-05 5.049711020E-01
2.494900000E+00 9.998439112E-01 3.316213513E-05 4.969337448E-01
2.535260000E+00 9.998486543E-01 3.129658802E-05 4.890228221E-01
2.576260000E+00 9.998532703E-01 2.953408120E-05 4.812402475E-01
2.617930000E+00 9.998577625E-01 2.786889579E-05 4.735802714E-01
2.660270000E+00 9.998621319E-01 2.629581285E-05 4.660429205E-01
2.703300000E+00 9.998663823E-01 2.480848225E-05 4.586246440E-01
2.747030000E+00 9.998705150E-01 2.340473633E-05 4.513237933E-01
2.791460000E+00 9.998745307E-01 2.207839360E-05 4.441403423E-01
2.836610000E+00 9.998784332E-01 2.082679933E-05 4.370710108E-01
2.882490000E+00 9.998822233E-01 1.964528489E-05 4.301142415E-01
2.929110000E+00 9.998859031E-01 1.852928917E-05 4.232685014E-01
2.976480000E+00 9.998894763E-01 1.747533244E-05 4.165322797E-01
3.024630000E+00 9.998929463E-01 1.648025734E-05 4.099013764E-01
3.073550000E+00 9.998963135E-01 1.554152569E-05 4.033772023E-01
3.123260000E+00 9.998995806E-01 1.465536552E-05 3.969570257E-01
3.173780000E+00 9.999027506E-01 1.381899143E-05 3.906382925E-01
3.225110000E+00 9.999058253E-01 1.302978437E-05 3.844209965E-01
3.277270000E+00 9.999088074E-01 1.228511682E-05 3.783026727E-01
3.330280000E+00 9.999116995E-01 1.158240222E-05 3.722810094E-01
3.384150000E+00 9.999145037E-01 1.091943280E-05 3.663549193E-01
3.438880000E+00 9.999172220E-01 1.029398622E-05 3.605243568E-01
3.494500000E+00 9.999198573E-01 9.703954776E-06 3.547860924E-01
3.551020000E+00 9.999224113E-01 9.147439657E-06 3.491391206E-01
3.608460000E+00 9.999248868E-01 8.622423662E-06 3.435814724E-01
3.666820000E+00 9.999272855E-01 8.127237742E-06 3.381131335E-01
3.726130000E+00 9.999296099E-01 7.660206132E-06 3.327312788E-01
3.786400000E+00 9.999318621E-01 7.219788522E-06 3.274350306E-01
3.847640000E+00 9.999340436E-01 6.804480706E-06 3.222234928E-01
3.909870000E+00 9.999361569E-01 6.412784962E-06 3.170949418E-01
3.973110000E+00 9.999382042E-01 6.043390016E-06 3.120477409E-01
4.037380000E+00 9.999401873E-01 5.695187566E-06 3.070803343E-01
4.102680000E+00 9.999421076E-01 5.366811336E-06 3.021927131E-01
4.169030000E+00 9.999439672E-01 5.057258587E-06 2.973833242E-01
4.236460000E+00 9.999457683E-01 4.765416413E-06 2.926499955E-01
4.304980000E+00 9.999475123E-01 4.490167802E-06 2.879920464E-01
4.374620000E+00 9.999492014E-01 4.230789574E-06 2.834074731E-01
4.445370000E+00 9.999508365E-01 3.986319631E-06 2.788969197E-01
4.517270000E+00 9.999524196E-01 3.755820907E-06 2.744578031E-01
4.590330000E+00 9.999539525E-01 3.538466685E-06 2.700895143E-01
4.664580000E+00 9.999554367E-01 3.333699095E-06 2.657902748E-01
4.740030000E+00 9.999568735E-01 3.140627366E-06 2.615595260E-01
4.816690000E+00 9.999582644E-01 2.958787244E-06 2.573966770E-01
4.894600000E+00 9.999596109E-01 2.787333898E-06 2.532995546E-01
4.973770000E+00 9.999609144E-01 2.625703567E-06 2.492676581E-01
5.054210000E+00 9.999621762E-01 2.473395531E-06 2.453004525E-01
5.135960000E+00 9.999633976E-01 2.329915135E-06 2.413959610E-01
5.219030000E+00 9.999645799E-01 2.194664068E-06 2.375537217E-01
5.303440000E+00 9.999657242E-01 2.067160780E-06 2.337727965E-01
5.389220000E+00 9.999668322E-01 1.947111500E-06 2.300518442E-01
5.476390000E+00 9.999679044E-01 1.833971961E-06 2.263900124E-01
5.564970000E+00 9.999689423E-01 1.727285027E-06 2.227864661E-01
5.654980000E+00 9.999699469E-01 1.626803843E-06 2.192403863E-01
5.746440000E+00 9.999709193E-01 1.532166528E-06 2.157509693E-01
5.839390000E+00 9.999718606E-01 1.442932145E-06 2.123166975E-01
5.933830000E+00 9.999727716E-01 1.358927463E-06 2.089375665E-01
6.029810000E+00 9.999736533E-01 1.279730098E-06 2.056117854E-01
6.127330000E+00 9.999745068E-01 1.205149541E-06 2.023393550E-01
6.226440000E+00 9.999753330E-01 1.134846474E-06 1.991185975E-01
6.327150000E+00 9.999761328E-01 1.068649936E-06 1.959492030E-01
6.429480000E+00 9.999769068E-01 1.006300793E-06 1.928305244E-01
6.533480000E+00 9.999776561E-01 9.474684002E-07 1.897610462E-01
6.639150000E+00 9.999783815E-01 8.921114324E-07 1.867407725E-01
6.746540000E+00 9.999790837E-01 8.399987321E-07 1.837682723E-01
6.855650000E+00 9.999797633E-01 7.908877135E-07 1.808435378E-01
6.966540000E+00 9.999804213E-01 7.445831337E-07 1.779649582E-01
7.079220000E+00 9.999810584E-01 7.009922773E-07 1.751322886E-01
7.193720000E+00 9.999816751E-01 6.599302209E-07 1.723447674E-01
7.310070000E+00 9.999822723E-01 6.212471158E-07 1.696016591E-01
7.428310000E+00 9.999828505E-01 5.848167322E-07 1.669020275E-01
7.548450000E+00 9.999834104E-01 5.505023717E-07 1.642456398E-01
7.670540000E+00 9.999839526E-01 5.181850094E-07 1.616313845E-01
7.794610000E+00 9.999844777E-01 4.877419555E-07 1.590586315E-01
7.920680000E+00 9.999849863E-01 4.590686951E-07 1.565269649E-01
8.048790000E+00 9.999854790E-01 4.320615391E-07 1.540355755E-01
8.178980000E+00 9.999859564E-01 4.066278324E-07 1.515836938E-01
8.311260000E+00 9.999864189E-01 3.826756570E-07 1.491711245E-01
8.445690000E+00 9.999868673E-01 3.601191923E-07 1.467967685E-01
8.582290000E+00 9.999873019E-01 3.388698023E-07 1.444602781E-01
8.721110000E+00 9.999877234E-01 3.188611616E-07 1.421608029E-01
8.862160000E+00 9.999881323E-01 3.000201075E-07 1.398981738E-01
9.005500000E+00 9.999885291E-01 2.822738345E-07 1.376714230E-01
9.151160000E+00 9.999889145E-01 2.655650586E-07 1.354800921E-01
9.299170000E+00 9.999892891E-01 2.498300425E-07 1.333237267E-01
9.449580000E+00 9.999896534E-01 2.350135903E-07 1.312015984E-01
9.602420000E+00 9.999900084E-01 2.210608975E-07 1.291132860E-01
9.757730000E+00 9.999903547E-01 2.079268679E-07 1.270582400E-01
9.915550000E+00 9.999906936E-01 1.955565059E-07 1.250359284E-01
1.007590000E+01 9.999910262E-01 1.839105384E-07 1.230460803E-01
1.023890000E+01 9.999913550E-01 1.729436769E-07 1.210872262E-01
1.040450000E+01 9.999916828E-01 1.626194549E-07 1.191599789E-01
1.057280000E+01 9.999920155E-01 1.528986574E-07 1.172631659E-01
1.074380000E+01 9.999923658E-01 1.437478979E-07 1.153967870E-01
1.091760000E+01 9.999927731E-01 1.351318375E-07 1.135597567E-01
1.109420000E+01 9.999937876E-01 1.270212907E-07 1.117520867E-01
1.110300000E+01 9.999949873E-01 1.266323415E-07 1.116635144E-01
1.110320000E+01 9.999949874E-01 9.623503815E-07 1.116615030E-01
1.127360000E+01 9.999932009E-01 9.121985943E-07 1.099737440E-01
1.145590000E+01 9.999932210E-01 8.621980780E-07 1.082237101E-01
1.164120000E+01 9.999933238E-01 8.147842274E-07 1.065010480E-01
1.182950000E+01 9.999934575E-01 7.698420828E-07 1.048057822E-01
1.202080000E+01 9.999936060E-01 7.272580804E-07 1.031378943E-01
1.221530000E+01 9.999937621E-01 6.869061318E-07 1.014956653E-01
1.241280000E+01 9.999939216E-01 6.487034958E-07 9.988076824E-02
1.261360000E+01 9.999940824E-01 6.125183611E-07 9.829073381E-02
1.281760000E+01 9.999942430E-01 5.782690227E-07 9.672637623E-02
1.302500000E+01 9.999944025E-01 5.458452401E-07 9.518618042E-02
1.323560000E+01 9.999945599E-01 5.151797057E-07 9.367161292E-02
1.344970000E+01 9.999947150E-01 4.861603696E-07 9.218049473E-02
1.366720000E+01 9.999948673E-01 4.587186942E-07 9.071353313E-02
1.388830000E+01 9.999950167E-01 4.327647451E-07 8.926938502E-02
1.411290000E+01 9.999951629E-01 4.082310095E-07 8.784870579E-02
1.434120000E+01 9.999953058E-01 3.850364872E-07 8.645022732E-02
1.457310000E+01 9.999954453E-01 3.631209941E-07 8.507455517E-02
1.480890000E+01 9.999955815E-01 3.424054403E-07 8.371992518E-02
1.504840000E+01 9.999957143E-01 3.228389297E-07 8.238749635E-02
1.529180000E+01 9.999958436E-01 3.043557271E-07 8.107613231E-02
1.553910000E+01 9.999959696E-01 2.869021405E-07 7.978583058E-02
1.579040000E+01 9.999960921E-01 2.704194610E-07 7.851606039E-02
1.604580000E+01 9.999962114E-01 2.548560386E-07 7.726632514E-02
1.630540000E+01 9.999963274E-01 2.401630494E-07 7.603615980E-02
1.656910000E+01 9.999964401E-01 2.262975565E-07 7.482603159E-02
1.683710000E+01 9.999965496E-01 2.132101885E-07 7.363500840E-02
1.710940000E+01 9.999966560E-01 2.008628774E-07 7.246309046E-02
1.738610000E+01 9.999967593E-01 1.892127582E-07 7.130983947E-02
1.766740000E+01 9.999968597E-01 1.782204230E-07 7.017444559E-02
1.795310000E+01 9.999969572E-01 1.678546587E-07 6.905771148E-02
1.824350000E+01 9.999970517E-01 1.580778379E-07 6.795845096E-02
1.853860000E+01 9.999971435E-01 1.488573963E-07 6.687667893E-02
1.883840000E+01 9.999972326E-01 1.401648646E-07 6.581238322E-02
1.914310000E+01 9.999973189E-01 1.319685133E-07 6.476485000E-02
1.945270000E+01 9.999974027E-01 1.242421366E-07 6.373408319E-02
1.976740000E+01 9.999974840E-01 1.169582901E-07 6.271942694E-02
2.008710000E+01 9.999975628E-01 1.100946226E-07 6.172120416E-02
2.041200000E+01 9.999976393E-01 1.036256917E-07 6.073878111E-02
2.074210000E+01 9.999977134E-01 9.753106880E-08 5.977215422E-02
2.107760000E+01 9.999977852E-01 9.178737045E-08 5.882073860E-02
2.141850000E+01 9.999978548E-01 8.637642274E-08 5.788453907E-02
2.176500000E+01 9.999979224E-01 8.127866249E-08 5.696301401E-02
2.211700000E+01 9.999979878E-01 7.647724020E-08 5.605642718E-02
2.247470000E+01 9.999980512E-01 7.195521537E-08 5.516425136E-02
2.283820000E+01 9.999981126E-01 6.769613165E-08 5.428623972E-02
2.320760000E+01 9.999981722E-01 6.368560984E-08 5.342215481E-02
2.358300000E+01 9.999982299E-01 5.990837798E-08 5.257176780E-02
2.396440000E+01 9.999982858E-01 5.635267183E-08 5.173507369E-02
2.435200000E+01 9.999983399E-01 5.300477215E-08 5.091162943E-02
2.474590000E+01 9.999983924E-01 4.985276569E-08 5.010122889E-02
2.514620000E+01 9.999984432E-01 4.688558625E-08 4.930367213E-02
2.555290000E+01 9.999984925E-01 4.409292105E-08 4.851895480E-02
2.596620000E+01 9.999985402E-01 4.146434789E-08 4.774668608E-02
2.638610000E+01 9.999985864E-01 3.899069232E-08 4.698686051E-02
2.681290000E+01 9.999986311E-01 3.666247614E-08 4.623893723E-02
2.724660000E+01 9.999986745E-01 3.447155351E-08 4.550292514E-02
2.768730000E+01 9.999987165E-01 3.241008529E-08 4.477865303E-02
2.813510000E+01 9.999987571E-01 3.047042411E-08 4.406595320E-02
2.859020000E+01 9.999987965E-01 2.864545014E-08 4.336450952E-02
2.905260000E+01 9.999988347E-01 2.692862733E-08 4.267432175E-02
2.952250000E+01 9.999988715E-01 2.531349726E-08 4.199508849E-02
3.000000000E+01 0.000000000E+00 0.000000000E+00 4.132666667E-02
