# 11/08/2021 
# Data retrieved from www.chemicool.com/densities.html 
# Includes the real (n) and complex (k) part of the  refractive index. 
# Element, H  (Z = 1) 
# Nominal density, g cm-3 =  8.99e-05 
#    E [keV]      n       k    Wavelength [nm] 
1.000000000E-02 9.996297517E-01 1.631133927E-11 1.239800000E+02
1.016170000E-02 4.585329623E+00 8.728067055E-21 1.220071445E+02
1.032610000E-02 4.472075612E+00 8.589072655E-21 1.200646904E+02
1.049310000E-02 4.362437372E+00 8.452398824E-21 1.181538344E+02
1.066280000E-02 4.256261699E+00 8.317877733E-21 1.162733991E+02
1.083530000E-02 4.153406419E+00 8.185453373E-21 1.144223049E+02
1.101060000E-02 4.053794837E+00 8.055067239E-21 1.126005849E+02
1.118860000E-02 3.957401793E+00 7.926984393E-21 1.108092165E+02
1.136960000E-02 3.863989729E+00 7.800770184E-21 1.090451731E+02
1.155350000E-02 3.773541638E+00 7.676599615E-21 1.073094733E+02
1.174040000E-02 3.685938349E+00 7.554393000E-21 1.056011720E+02
1.193030000E-02 3.601112273E+00 7.434124032E-21 1.039202702E+02
1.212320000E-02 3.518994900E+00 7.315867587E-21 1.022667283E+02
1.231930000E-02 3.439437890E+00 7.199403576E-21 1.006388350E+02
1.251860000E-02 3.362382963E+00 7.084762644E-21 9.903663349E+01
1.272100000E-02 3.287806673E+00 6.972101705E-21 9.746089144E+01
1.292680000E-02 3.215540884E+00 6.861064143E-21 9.590927376E+01
1.313590000E-02 3.145567393E+00 6.751831719E-21 9.438256990E+01
1.334830000E-02 3.077829511E+00 6.644441193E-21 9.288074137E+01
1.356420000E-02 3.012210720E+00 6.538668572E-21 9.140236800E+01
1.378360000E-02 2.948661949E+00 6.434599077E-21 8.994747381E+01
1.400660000E-02 2.887106346E+00 6.332120328E-21 8.851541416E+01
1.423310000E-02 2.827522895E+00 6.231379695E-21 8.710681440E+01
1.446330000E-02 2.769811606E+00 6.132196320E-21 8.572040959E+01
1.469730000E-02 2.713904858E+00 6.034542618E-21 8.435562995E+01
1.493500000E-02 2.659783236E+00 5.938501572E-21 8.301305658E+01
1.517650000E-02 2.607380055E+00 5.844021707E-21 8.169208974E+01
1.542200000E-02 2.556612201E+00 5.750980757E-21 8.039164829E+01
1.567140000E-02 2.507461524E+00 5.659470986E-21 7.911226821E+01
1.590000000E-02 2.464426500E+00 5.578089730E-21 7.797484277E+01
1.610000000E-02 2.428269215E+00 8.740667637E-19 7.700621118E+01
1.618250000E-02 2.413743419E+00 5.549130260E-17 7.661362583E+01
1.644420000E-02 2.369103647E+00 2.534519067E-11 7.539436397E+01
1.671020000E-02 2.325862636E+00 1.157611079E-05 7.419420474E+01
1.698050000E-02 2.283987747E+00 1.233045575E-04 7.301316216E+01
1.725510000E-02 2.243445820E+00 1.158216494E-04 7.185122080E+01
1.753420000E-02 2.204175858E+00 1.087921524E-04 7.070753157E+01
1.781780000E-02 2.166147990E+00 1.021893886E-04 6.958210329E+01
1.810600000E-02 2.129319418E+00 9.598740692E-05 6.847453883E+01
1.839890000E-02 2.093649377E+00 9.016126836E-05 6.738446320E+01
1.869640000E-02 2.059121650E+00 8.469011688E-05 6.631223123E+01
1.899880000E-02 2.025674329E+00 7.955012744E-05 6.525675306E+01
1.930610000E-02 1.993282365E+00 7.472207236E-05 6.421804507E+01
1.961840000E-02 1.961910482E+00 7.014288947E-05 6.319577539E+01
1.993570000E-02 1.931534295E+00 6.573954628E-05 6.218994066E+01
2.025820000E-02 1.902111292E+00 6.161206300E-05 6.119990917E+01
2.058580000E-02 1.873627567E+00 5.774443188E-05 6.022598102E+01
2.091880000E-02 1.846034926E+00 5.411907485E-05 5.926726198E+01
2.125710000E-02 1.819320453E+00 5.072174561E-05 5.832404232E+01
2.160090000E-02 1.793447388E+00 4.753756841E-05 5.739575666E+01
2.195030000E-02 1.768388590E+00 4.455309007E-05 5.648214375E+01
2.230530000E-02 1.744124648E+00 4.175619109E-05 5.558320220E+01
2.266610000E-02 1.720623178E+00 3.913468885E-05 5.469842628E+01
2.303270000E-02 1.697866138E+00 3.667785927E-05 5.382781871E+01
2.340530000E-02 1.675823678E+00 3.437501877E-05 5.297090830E+01
2.378380000E-02 1.654484460E+00 3.221714319E-05 5.212791900E+01
2.416850000E-02 1.633814884E+00 3.019460131E-05 5.129817738E+01
2.455940000E-02 1.613799206E+00 2.828638917E-05 5.048168929E+01
2.495660000E-02 1.594416685E+00 2.648955922E-05 4.967824143E+01
2.536030000E-02 1.575642770E+00 2.480675494E-05 4.888743430E+01
2.577050000E-02 1.557463116E+00 2.323086345E-05 4.810927223E+01
2.618730000E-02 1.539859043E+00 2.175514783E-05 4.734355966E+01
2.661090000E-02 1.522808574E+00 2.037311657E-05 4.658993119E+01
2.704130000E-02 1.506298563E+00 1.907893399E-05 4.584838747E+01
2.747860000E-02 1.490312114E+00 1.786704404E-05 4.511874695E+01
2.792310000E-02 1.474826080E+00 1.673198018E-05 4.440051427E+01
2.837470000E-02 1.459832085E+00 1.566910364E-05 4.369385403E+01
2.883370000E-02 1.445308594E+00 1.467367304E-05 4.299829713E+01
2.930000000E-02 9.999537044E-01 1.374160940E-05 4.231399317E+01
2.977390000E-02 9.999551079E-01 1.286867889E-05 4.164049721E+01
3.025550000E-02 9.999564873E-01 1.207432188E-05 4.097767348E+01
3.074490000E-02 9.999578149E-01 1.134839825E-05 4.032538730E+01
3.124210000E-02 9.999590980E-01 1.066247088E-05 3.968363202E+01
3.174750000E-02 9.999603477E-01 1.001410284E-05 3.905189385E+01
3.226090000E-02 9.999615645E-01 9.405371875E-06 3.843042197E+01
3.278270000E-02 9.999627493E-01 8.833624264E-06 3.781872756E+01
3.331300000E-02 9.999639018E-01 8.296519240E-06 3.721670219E+01
3.385180000E-02 9.999650227E-01 7.792062088E-06 3.662434494E+01
3.439930000E-02 9.999661129E-01 7.318301131E-06 3.604143108E+01
3.495570000E-02 9.999671719E-01 6.873340049E-06 3.546774918E+01
3.552110000E-02 9.999682013E-01 6.454701421E-06 3.490319838E+01
3.609560000E-02 9.999692015E-01 6.061519073E-06 3.434767673E+01
3.667940000E-02 9.999701730E-01 5.692289034E-06 3.380098911E+01
3.727270000E-02 9.999711163E-01 5.345434722E-06 3.326295117E+01
3.787550000E-02 9.999720317E-01 5.019663690E-06 3.273356127E+01
3.848820000E-02 9.999729204E-01 4.713648613E-06 3.221247032E+01
3.911070000E-02 9.999737825E-01 4.426314790E-06 3.169976503E+01
3.974320000E-02 9.999746184E-01 4.156567795E-06 3.119527366E+01
4.038610000E-02 9.999754291E-01 3.903268730E-06 3.069868098E+01
4.103930000E-02 9.999762138E-01 3.665271050E-06 3.021006694E+01
4.170310000E-02 9.999769750E-01 3.439896952E-06 2.972920478E+01
4.237760000E-02 9.999777139E-01 3.228386145E-06 2.925602205E+01
4.306300000E-02 9.999784301E-01 3.029879770E-06 2.879037689E+01
4.375950000E-02 9.999791244E-01 2.843338328E-06 2.833213359E+01
4.446730000E-02 9.999797971E-01 2.668230622E-06 2.788116211E+01
4.518650000E-02 9.999804491E-01 2.503873248E-06 2.743739834E+01
4.591740000E-02 9.999810806E-01 2.349634461E-06 2.700065770E+01
4.666000000E-02 9.999816923E-01 2.204897026E-06 2.657093871E+01
4.741470000E-02 9.999822848E-01 2.069123592E-06 2.614800895E+01
4.818160000E-02 9.999828583E-01 1.941689081E-06 2.573181463E+01
4.896090000E-02 9.999834135E-01 1.821970070E-06 2.532224694E+01
4.975280000E-02 9.999839511E-01 1.709641442E-06 2.491920053E+01
5.055760000E-02 9.999844714E-01 1.603960755E-06 2.452252480E+01
5.137530000E-02 9.999849753E-01 1.504716054E-06 2.413221918E+01
5.220620000E-02 9.999854629E-01 1.411622066E-06 2.374813719E+01
5.305060000E-02 9.999859352E-01 1.324272226E-06 2.337014096E+01
5.390870000E-02 9.999863921E-01 1.242336858E-06 2.299814316E+01
5.478060000E-02 9.999868342E-01 1.165468528E-06 2.263209968E+01
5.566670000E-02 9.999872620E-01 1.093350999E-06 2.227184295E+01
5.656700000E-02 9.999876761E-01 1.025703746E-06 2.191737232E+01
5.748200000E-02 9.999880766E-01 9.622356972E-07 2.156849101E+01
5.841170000E-02 9.999884642E-01 9.027029162E-07 2.122519975E+01
5.935640000E-02 9.999888390E-01 8.468554240E-07 2.088738535E+01
6.031650000E-02 9.999892017E-01 7.944550495E-07 2.055490620E+01
6.129210000E-02 9.999895523E-01 7.451868038E-07 2.022772919E+01
6.228340000E-02 9.999898915E-01 6.987285658E-07 1.990578549E+01
6.329080000E-02 9.999902198E-01 6.550700554E-07 1.958894500E+01
6.431450000E-02 9.999905375E-01 6.139142890E-07 1.927714590E+01
6.535470000E-02 9.999908449E-01 5.753445539E-07 1.897032654E+01
6.641180000E-02 9.999911425E-01 5.391942362E-07 1.866836918E+01
6.748590000E-02 9.999914303E-01 5.053182975E-07 1.837124496E+01
6.857750000E-02 9.999917088E-01 4.735730499E-07 1.807881594E+01
6.968670000E-02 9.999919781E-01 4.438191578E-07 1.779105626E+01
7.081380000E-02 9.999922388E-01 4.159364134E-07 1.750788688E+01
7.195910000E-02 9.999924908E-01 3.898071762E-07 1.722923161E+01
7.312300000E-02 9.999927347E-01 3.653205111E-07 1.695499364E+01
7.430570000E-02 9.999929705E-01 3.423701376E-07 1.668512644E+01
7.550760000E-02 9.999931987E-01 3.208583087E-07 1.641953923E+01
7.672890000E-02 9.999934193E-01 3.006992886E-07 1.615818811E+01
7.796990000E-02 9.999936328E-01 2.818081961E-07 1.590100795E+01
7.923100000E-02 9.999938392E-01 2.641015486E-07 1.564791559E+01
8.051250000E-02 9.999940389E-01 2.475069335E-07 1.539885111E+01
8.181470000E-02 9.999942320E-01 2.319405908E-07 1.515375599E+01
8.313800000E-02 9.999944187E-01 2.173305384E-07 1.491255503E+01
8.448270000E-02 9.999945994E-01 2.035359518E-07 1.467519386E+01
8.584910000E-02 9.999947742E-01 1.906166590E-07 1.444161907E+01
8.723770000E-02 9.999949434E-01 1.785123348E-07 1.421174561E+01
8.864870000E-02 9.999951070E-01 1.671777209E-07 1.398554068E+01
9.008250000E-02 9.999952653E-01 1.565640145E-07 1.376293953E+01
9.153950000E-02 9.999954184E-01 1.466240270E-07 1.354387996E+01
9.302010000E-02 9.999955665E-01 1.373147884E-07 1.332830216E+01
9.452460000E-02 9.999957097E-01 1.285970267E-07 1.311616235E+01
9.605350000E-02 9.999958483E-01 1.204332241E-07 1.290739015E+01
9.760710000E-02 9.999959824E-01 1.127874556E-07 1.270194484E+01
9.918580000E-02 9.999961121E-01 1.056268673E-07 1.249977315E+01
1.007900000E-01 9.999962375E-01 9.890744939E-08 1.230082349E+01
1.024200000E-01 9.999963589E-01 9.260970759E-08 1.210505761E+01
1.040770000E-01 9.999964764E-01 8.673203367E-08 1.191233414E+01
1.057600000E-01 9.999965899E-01 8.122588602E-08 1.172276853E+01
1.074710000E-01 9.999966999E-01 7.606802067E-08 1.153613533E+01
1.092090000E-01 9.999968061E-01 7.123904667E-08 1.135254420E+01
1.109750000E-01 9.999969090E-01 6.671658106E-08 1.117188556E+01
1.127700000E-01 9.999970085E-01 6.248039526E-08 1.099405870E+01
1.145940000E-01 9.999971047E-01 5.851378636E-08 1.081906557E+01
1.164480000E-01 9.999971979E-01 5.479827965E-08 1.064681231E+01
1.183310000E-01 9.999972880E-01 5.131948159E-08 1.047738970E+01
1.202450000E-01 9.999973751E-01 4.806085748E-08 1.031061583E+01
1.221900000E-01 9.999974595E-01 4.500916831E-08 1.014649317E+01
1.241660000E-01 9.999975410E-01 4.214872316E-08 9.985020054E+00
1.261750000E-01 9.999976200E-01 3.943966918E-08 9.826035268E+00
1.282150000E-01 9.999976964E-01 3.690562675E-08 9.669695433E+00
1.302890000E-01 9.999977703E-01 3.453404762E-08 9.515768791E+00
1.323970000E-01 9.999978419E-01 3.231410587E-08 9.364260519E+00
1.345380000E-01 9.999979111E-01 3.023768390E-08 9.215240304E+00
1.367140000E-01 9.999979780E-01 2.829468064E-08 9.068566496E+00
1.389250000E-01 9.999980428E-01 2.647654413E-08 8.924239698E+00
1.411720000E-01 9.999981056E-01 2.477484321E-08 8.782194770E+00
1.434560000E-01 9.999981663E-01 2.318225178E-08 8.642371180E+00
1.457760000E-01 9.999982250E-01 2.169267037E-08 8.504829327E+00
1.481340000E-01 9.999982818E-01 2.029854910E-08 8.369449282E+00
1.505300000E-01 9.999983368E-01 1.899392581E-08 8.236231980E+00
1.529640000E-01 9.999983900E-01 1.777363090E-08 8.105175074E+00
1.554390000E-01 9.999984415E-01 1.663102699E-08 7.976119249E+00
1.579530000E-01 9.999984914E-01 1.556222821E-08 7.849170323E+00
1.605070000E-01 9.999985396E-01 1.456243221E-08 7.724273708E+00
1.631030000E-01 9.999985863E-01 1.362571099E-08 7.601331674E+00
1.657420000E-01 9.999986314E-01 1.274789566E-08 7.480300708E+00
1.684220000E-01 9.999986751E-01 1.191889379E-08 7.361271093E+00
1.711460000E-01 9.999987174E-01 1.114286901E-08 7.244107370E+00
1.739150000E-01 9.999987584E-01 1.041717644E-08 7.128769801E+00
1.767270000E-01 9.999987980E-01 9.739024875E-09 7.015340044E+00
1.795860000E-01 9.999988364E-01 9.104944494E-09 6.903656187E+00
1.824910000E-01 9.999988735E-01 8.512189816E-09 6.793759692E+00
1.854420000E-01 9.999989095E-01 7.957990581E-09 6.685648343E+00
1.884420000E-01 9.999989443E-01 7.439699459E-09 6.579212702E+00
1.914890000E-01 9.999989779E-01 6.955268306E-09 6.474523341E+00
1.945870000E-01 9.999990105E-01 6.502411382E-09 6.371443108E+00
1.977340000E-01 9.999990420E-01 6.079143648E-09 6.270039548E+00
2.009320000E-01 9.999990726E-01 5.683426738E-09 6.170246651E+00
2.041820000E-01 9.999991021E-01 5.313224190E-09 6.072033774E+00
2.074850000E-01 9.999991307E-01 4.967217371E-09 5.975371714E+00
2.108400000E-01 9.999991584E-01 4.643927181E-09 5.880288370E+00
2.142510000E-01 9.999991852E-01 4.341336109E-09 5.786670774E+00
2.177160000E-01 9.999992111E-01 4.058638166E-09 5.694574583E+00
2.212370000E-01 9.999992362E-01 3.794496811E-09 5.603945091E+00
2.248160000E-01 9.999992606E-01 3.547418155E-09 5.514732048E+00
2.284520000E-01 9.999992841E-01 3.316452036E-09 5.426960587E+00
2.321470000E-01 9.999993069E-01 3.100501395E-09 5.340581614E+00
2.359020000E-01 9.999993289E-01 2.898616083E-09 5.255572229E+00
2.397170000E-01 9.999993502E-01 2.709899034E-09 5.171931903E+00
2.435950000E-01 9.999993709E-01 2.533433615E-09 5.089595435E+00
2.475350000E-01 9.999993909E-01 2.368471917E-09 5.008584645E+00
2.515380000E-01 9.999994103E-01 2.214259521E-09 4.928877545E+00
2.556070000E-01 9.999994290E-01 2.070056029E-09 4.850414895E+00
2.597410000E-01 9.999994471E-01 1.935251185E-09 4.773216396E+00
2.639420000E-01 9.999994647E-01 1.809232539E-09 4.697244092E+00
2.682110000E-01 9.999994817E-01 1.691419628E-09 4.622480062E+00
2.725490000E-01 9.999994982E-01 1.581262657E-09 4.548906802E+00
2.769570000E-01 9.999995141E-01 1.478289527E-09 4.476507183E+00
2.814370000E-01 9.999995295E-01 1.382017086E-09 4.405248777E+00
2.859890000E-01 9.999995445E-01 1.292025906E-09 4.335131771E+00
2.906150000E-01 9.999995589E-01 1.207889107E-09 4.266125286E+00
2.953150000E-01 9.999995729E-01 1.129249115E-09 4.198229010E+00
3.000920000E-01 9.999995865E-01 1.055712779E-09 4.131399704E+00
3.049450000E-01 9.999995996E-01 9.869057506E-10 4.065651183E+00
3.098780000E-01 9.999996123E-01 9.224851416E-10 4.000929398E+00
3.148900000E-01 9.999996246E-01 8.615234786E-10 3.937247928E+00
3.199830000E-01 9.999996365E-01 8.043856866E-10 3.874580837E+00
3.251580000E-01 9.999996480E-01 7.510393183E-10 3.812915567E+00
3.304180000E-01 9.999996592E-01 7.012277426E-10 3.752216889E+00
3.357620000E-01 9.999996700E-01 6.547275136E-10 3.692496471E+00
3.411920000E-01 9.999996805E-01 6.113283279E-10 3.633731154E+00
3.467110000E-01 9.999996906E-01 5.707863273E-10 3.575888853E+00
3.523190000E-01 9.999997004E-01 5.329300177E-10 3.518970024E+00
3.580170000E-01 9.999997099E-01 4.975821079E-10 3.462964049E+00
3.638080000E-01 9.999997191E-01 4.645848365E-10 3.407841499E+00
3.696920000E-01 9.999997280E-01 4.337785003E-10 3.353602458E+00
3.756720000E-01 9.999997366E-01 4.050141555E-10 3.300219340E+00
3.817480000E-01 9.999997450E-01 3.781487126E-10 3.247692195E+00
3.879220000E-01 9.999997530E-01 3.530711946E-10 3.196003320E+00
3.941970000E-01 9.999997609E-01 3.296678741E-10 3.145127944E+00
4.005730000E-01 9.999997684E-01 3.078044919E-10 3.095066318E+00
4.070520000E-01 9.999997758E-01 2.873889602E-10 3.045802502E+00
4.136350000E-01 9.999997829E-01 2.683313220E-10 2.997328563E+00
4.203260000E-01 9.999997898E-01 2.505367456E-10 2.949615299E+00
4.271240000E-01 9.999997964E-01 2.339225861E-10 2.902669951E+00
4.340320000E-01 9.999998029E-01 2.184085446E-10 2.856471412E+00
4.410520000E-01 9.999998091E-01 2.039167910E-10 2.811006412E+00
4.481860000E-01 9.999998151E-01 1.903857109E-10 2.766262221E+00
4.554350000E-01 9.999998210E-01 1.777582676E-10 2.722232591E+00
4.628020000E-01 9.999998267E-01 1.659670122E-10 2.678899400E+00
4.702870000E-01 9.999998322E-01 1.549584723E-10 2.636262538E+00
4.778940000E-01 9.999998375E-01 1.446803169E-10 2.594299154E+00
4.856230000E-01 9.999998426E-01 1.350839130E-10 2.553009227E+00
4.934780000E-01 9.999998476E-01 1.261233454E-10 2.512371372E+00
5.014590000E-01 9.999998524E-01 1.177576664E-10 2.472385579E+00
5.095700000E-01 9.999998571E-01 1.099464532E-10 2.433031772E+00
5.178120000E-01 9.999998616E-01 1.026534768E-10 2.394305269E+00
5.261870000E-01 9.999998660E-01 9.584532155E-11 2.356196561E+00
5.346980000E-01 9.999998702E-01 8.948815598E-11 2.318692047E+00
5.433460000E-01 9.999998743E-01 8.355239340E-11 2.281787296E+00
5.521340000E-01 9.999998783E-01 7.801058276E-11 2.245469397E+00
5.610650000E-01 9.999998822E-01 7.283568651E-11 2.209726146E+00
5.701390000E-01 9.999998859E-01 6.800439864E-11 2.174557432E+00
5.793610000E-01 9.999998895E-01 6.349291511E-11 2.139943835E+00
5.887320000E-01 9.999998930E-01 5.928160014E-11 2.105881793E+00
5.982540000E-01 9.999998964E-01 5.534982218E-11 2.072363912E+00
6.079300000E-01 9.999998997E-01 5.167808227E-11 2.039379534E+00
6.177630000E-01 9.999999028E-01 4.824020987E-11 2.006918511E+00
6.277550000E-01 9.999999059E-01 4.502328471E-11 1.974974313E+00
6.379080000E-01 9.999999089E-01 4.200573489E-11 1.943540448E+00
6.482260000E-01 9.999999118E-01 3.919007868E-11 1.912604555E+00
6.587110000E-01 9.999999145E-01 3.656309424E-11 1.882160765E+00
6.693650000E-01 9.999999172E-01 3.411226300E-11 1.852203208E+00
6.801910000E-01 9.999999199E-01 3.182564740E-11 1.822723323E+00
6.911930000E-01 9.999999224E-01 2.969213462E-11 1.793710295E+00
7.023720000E-01 9.999999249E-01 2.770179201E-11 1.765161481E+00
7.137330000E-01 9.999999272E-01 2.584481770E-11 1.737064140E+00
7.252770000E-01 9.999999295E-01 2.411239990E-11 1.709415851E+00
7.370080000E-01 9.999999318E-01 2.249619204E-11 1.682206977E+00
7.489280000E-01 9.999999339E-01 2.098829325E-11 1.655432832E+00
7.610420000E-01 9.999999360E-01 1.958132589E-11 1.629082232E+00
7.733510000E-01 9.999999380E-01 1.826815444E-11 1.603153031E+00
7.858590000E-01 9.999999400E-01 1.704333832E-11 1.577636701E+00
7.985700000E-01 9.999999419E-01 1.590091638E-11 1.552525139E+00
8.114860000E-01 9.999999437E-01 1.483554778E-11 1.527814405E+00
8.246110000E-01 9.999999455E-01 1.384131754E-11 1.503496800E+00
8.379490000E-01 9.999999472E-01 1.291341583E-11 1.479564985E+00
8.515020000E-01 9.999999489E-01 1.204775250E-11 1.456015370E+00
8.652740000E-01 9.999999505E-01 1.124021086E-11 1.432840927E+00
8.792690000E-01 9.999999521E-01 1.048683346E-11 1.410034927E+00
8.934910000E-01 9.999999536E-01 9.783636456E-12 1.387590921E+00
9.079430000E-01 9.999999551E-01 9.127691390E-12 1.365504222E+00
9.226280000E-01 9.999999565E-01 8.515786391E-12 1.343770187E+00
9.375510000E-01 9.999999578E-01 7.944917322E-12 1.322381396E+00
9.527150000E-01 9.999999592E-01 7.412346136E-12 1.301333557E+00
9.681240000E-01 9.999999605E-01 6.915486973E-12 1.280621077E+00
9.837830000E-01 9.999999617E-01 6.451941229E-12 1.260237268E+00
9.996950000E-01 9.999999629E-01 6.019449354E-12 1.240178254E+00
1.015860000E+00 9.999999641E-01 5.615996142E-12 1.220443762E+00
1.032290000E+00 9.999999652E-01 5.239521660E-12 1.201019093E+00
1.048990000E+00 9.999999663E-01 4.888250433E-12 1.181898779E+00
1.065960000E+00 9.999999674E-01 4.560526305E-12 1.163083043E+00
1.083200000E+00 9.999999684E-01 4.254849024E-12 1.144571640E+00
1.100720000E+00 9.999999694E-01 3.969635811E-12 1.126353659E+00
1.118520000E+00 9.999999704E-01 3.703513240E-12 1.108428995E+00
1.136610000E+00 9.999999713E-01 3.455269692E-12 1.090787517E+00
1.155000000E+00 9.999999722E-01 3.223604912E-12 1.073419913E+00
1.173680000E+00 9.999999731E-01 3.007548575E-12 1.056335628E+00
1.192660000E+00 9.999999740E-01 2.805967617E-12 1.039525095E+00
1.211950000E+00 9.999999748E-01 2.617860717E-12 1.022979496E+00
1.231550000E+00 9.999999756E-01 2.442359407E-12 1.006698875E+00
1.251470000E+00 9.999999763E-01 2.277639517E-12 9.906749662E-01
1.271720000E+00 9.999999771E-01 2.123783052E-12 9.749001352E-01
1.292290000E+00 9.999999778E-01 1.980171871E-12 9.593821820E-01
1.313190000E+00 9.999999785E-01 1.846275724E-12 9.441131900E-01
1.334430000E+00 9.999999792E-01 1.721417851E-12 9.290858269E-01
1.356010000E+00 9.999999799E-01 1.604993264E-12 9.143000420E-01
1.377940000E+00 9.999999805E-01 1.496462621E-12 8.997489005E-01
1.400230000E+00 9.999999811E-01 1.395275092E-12 8.854259657E-01
1.422880000E+00 9.999999817E-01 1.300955447E-12 8.713313842E-01
1.445890000E+00 9.999999823E-01 1.212985408E-12 8.574649524E-01
1.469280000E+00 9.999999828E-01 1.130944041E-12 8.438146575E-01
1.493040000E+00 9.999999834E-01 1.054461581E-12 8.303863259E-01
1.517190000E+00 9.999999839E-01 9.831602104E-13 8.171685814E-01
1.541730000E+00 9.999999844E-01 9.167118937E-13 8.041615588E-01
1.566670000E+00 9.999999849E-01 8.547981333E-13 7.913600184E-01
1.592010000E+00 9.999999854E-01 7.971275809E-13 7.787639525E-01
1.617760000E+00 9.999999858E-01 7.433603246E-13 7.663683117E-01
1.643920000E+00 9.999999863E-01 6.932353254E-13 7.541729525E-01
1.670510000E+00 9.999999867E-01 6.464578739E-13 7.421685593E-01
1.697530000E+00 9.999999871E-01 6.028392252E-13 7.303552809E-01
1.724990000E+00 9.999999876E-01 5.621725955E-13 7.187288042E-01
1.752890000E+00 9.999999879E-01 5.241712642E-13 7.072891054E-01
1.781240000E+00 9.999999883E-01 4.887138081E-13 6.960319777E-01
1.810050000E+00 9.999999887E-01 4.556356640E-13 6.849534543E-01
1.839320000E+00 9.999999891E-01 4.247990629E-13 6.740534545E-01
1.869070000E+00 9.999999894E-01 3.960451345E-13 6.633245411E-01
1.899300000E+00 9.999999897E-01 3.692363410E-13 6.527668088E-01
1.930020000E+00 9.999999901E-01 3.442432896E-13 6.423767629E-01
1.961240000E+00 9.999999904E-01 3.209418149E-13 6.321510881E-01
1.992960000E+00 9.999999907E-01 2.992196610E-13 6.220897559E-01
2.025200000E+00 9.999999910E-01 2.790566085E-13 6.121864507E-01
2.057950000E+00 9.999999913E-01 2.601313273E-13 6.024441799E-01
2.091240000E+00 9.999999915E-01 2.424761357E-13 5.928540005E-01
2.125060000E+00 9.999999918E-01 2.260113846E-13 5.834188211E-01
2.159430000E+00 9.999999921E-01 2.106600849E-13 5.741329888E-01
2.194360000E+00 9.999999923E-01 1.963398058E-13 5.649938934E-01
2.229850000E+00 9.999999926E-01 1.829888014E-13 5.560015248E-01
2.265920000E+00 9.999999928E-01 1.705395931E-13 5.471508262E-01
2.302570000E+00 9.999999930E-01 1.589314522E-13 5.384418280E-01
2.339810000E+00 9.999999932E-01 1.481085930E-13 5.298720836E-01
2.377660000E+00 9.999999934E-01 1.380155439E-13 5.214370431E-01
2.416110000E+00 9.999999937E-01 1.286058019E-13 5.131388885E-01
2.455190000E+00 9.999999939E-01 1.198367685E-13 5.049711020E-01
2.494900000E+00 9.999999941E-01 1.116577048E-13 4.969337448E-01
2.535260000E+00 9.999999942E-01 1.040352227E-13 4.890228221E-01
2.576260000E+00 9.999999944E-01 9.692943708E-14 4.812402475E-01
2.617930000E+00 9.999999946E-01 9.030540977E-14 4.735802714E-01
2.660270000E+00 9.999999948E-01 8.413205094E-14 4.660429205E-01
2.703300000E+00 9.999999949E-01 7.837576946E-14 4.586246440E-01
2.747030000E+00 9.999999951E-01 7.301278212E-14 4.513237933E-01
2.791460000E+00 9.999999952E-01 6.801337901E-14 4.441403423E-01
2.836610000E+00 9.999999954E-01 6.335671175E-14 4.370710108E-01
2.882490000E+00 9.999999955E-01 5.901635958E-14 4.301142415E-01
2.929110000E+00 9.999999957E-01 5.496989564E-14 4.232685014E-01
2.976480000E+00 9.999999958E-01 5.120010618E-14 4.165322797E-01
3.024630000E+00 9.999999960E-01 4.768923019E-14 4.099013764E-01
3.073550000E+00 9.999999961E-01 4.441751466E-14 4.033772023E-01
3.123260000E+00 9.999999962E-01 4.136791947E-14 3.969570257E-01
3.173780000E+00 9.999999963E-01 3.852787532E-14 3.906382925E-01
3.225110000E+00 9.999999964E-01 3.588307501E-14 3.844209965E-01
3.277270000E+00 9.999999966E-01 3.341850102E-14 3.783026727E-01
3.330280000E+00 9.999999967E-01 3.112362173E-14 3.722810094E-01
3.384150000E+00 9.999999968E-01 2.898613117E-14 3.663549193E-01
3.438880000E+00 9.999999969E-01 2.699346169E-14 3.605243568E-01
3.494500000E+00 9.999999970E-01 2.513917317E-14 3.547860924E-01
3.551020000E+00 9.999999971E-01 2.341245372E-14 3.491391206E-01
3.608460000E+00 9.999999972E-01 2.180414400E-14 3.435814724E-01
3.666820000E+00 9.999999972E-01 2.030669388E-14 3.381131335E-01
3.726130000E+00 9.999999973E-01 1.891228029E-14 3.327312788E-01
3.786400000E+00 9.999999974E-01 1.761416751E-14 3.274350306E-01
3.847640000E+00 9.999999975E-01 1.640553675E-14 3.222234928E-01
3.909870000E+00 9.999999976E-01 1.528031131E-14 3.170949418E-01
3.973110000E+00 9.999999977E-01 1.423282418E-14 3.120477409E-01
4.037380000E+00 9.999999977E-01 1.325211160E-14 3.070803343E-01
4.102680000E+00 9.999999978E-01 1.234450567E-14 3.021927131E-01
4.169030000E+00 9.999999979E-01 1.149929770E-14 2.973833242E-01
4.236460000E+00 9.999999979E-01 1.071237039E-14 2.926499955E-01
4.304980000E+00 9.999999980E-01 9.979363055E-15 2.879920464E-01
4.374620000E+00 9.999999981E-01 9.296700262E-15 2.834074731E-01
4.445370000E+00 9.999999981E-01 8.661003808E-15 2.788969197E-01
4.517270000E+00 9.999999982E-01 8.068883663E-15 2.744578031E-01
4.590330000E+00 9.999999982E-01 7.517658388E-15 2.700895143E-01
4.664580000E+00 9.999999983E-01 7.004015404E-15 2.657902748E-01
4.740030000E+00 9.999999984E-01 6.525538103E-15 2.615595260E-01
4.816690000E+00 9.999999984E-01 6.079946880E-15 2.573966770E-01
4.894600000E+00 9.999999985E-01 5.664806946E-15 2.532995546E-01
4.973770000E+00 9.999999985E-01 5.278191457E-15 2.492676581E-01
5.054210000E+00 9.999999986E-01 4.918048341E-15 2.453004525E-01
5.135960000E+00 9.999999986E-01 4.582487429E-15 2.413959610E-01
5.219030000E+00 9.999999986E-01 4.269962164E-15 2.375537217E-01
5.303440000E+00 9.999999987E-01 3.978706286E-15 2.337727965E-01
5.389220000E+00 9.999999987E-01 3.707355761E-15 2.300518442E-01
5.476390000E+00 9.999999988E-01 3.454580157E-15 2.263900124E-01
5.564970000E+00 9.999999988E-01 3.219130201E-15 2.227864661E-01
5.654980000E+00 9.999999988E-01 2.999694321E-15 2.192403863E-01
5.746440000E+00 9.999999989E-01 2.795219055E-15 2.157509693E-01
5.839390000E+00 9.999999989E-01 2.604718023E-15 2.123166975E-01
5.933830000E+00 9.999999989E-01 2.427268969E-15 2.089375665E-01
6.029810000E+00 9.999999990E-01 2.261872243E-15 2.056117854E-01
6.127330000E+00 9.999999990E-01 2.107744883E-15 2.023393550E-01
6.226440000E+00 9.999999990E-01 1.964172831E-15 1.991185975E-01
6.327150000E+00 9.999999991E-01 1.830306489E-15 1.959492030E-01
6.429480000E+00 9.999999991E-01 1.705619236E-15 1.928305244E-01
6.533480000E+00 9.999999991E-01 1.589481109E-15 1.897610462E-01
6.639150000E+00 9.999999992E-01 1.481167049E-15 1.867407725E-01
6.746540000E+00 9.999999992E-01 1.380219376E-15 1.837682723E-01
6.855650000E+00 9.999999992E-01 1.286201634E-15 1.808435378E-01
6.966540000E+00 9.999999992E-01 1.198563357E-15 1.779649582E-01
7.079220000E+00 9.999999993E-01 1.116885552E-15 1.751322886E-01
7.193720000E+00 9.999999993E-01 1.040767508E-15 1.723447674E-01
7.310070000E+00 9.999999993E-01 9.698334311E-16 1.696016591E-01
7.428310000E+00 9.999999993E-01 9.037285485E-16 1.669020275E-01
7.548450000E+00 9.999999994E-01 8.421211767E-16 1.642456398E-01
7.670540000E+00 9.999999994E-01 7.847040674E-16 1.616313845E-01
7.794610000E+00 9.999999994E-01 7.311878324E-16 1.590586315E-01
7.920680000E+00 9.999999994E-01 6.813149645E-16 1.565269649E-01
8.048790000E+00 9.999999994E-01 6.348400221E-16 1.540355755E-01
8.178980000E+00 9.999999994E-01 5.915220028E-16 1.515836938E-01
8.311260000E+00 9.999999995E-01 5.511559044E-16 1.491711245E-01
8.445690000E+00 9.999999995E-01 5.135282172E-16 1.467967685E-01
8.582290000E+00 9.999999995E-01 4.784658841E-16 1.444602781E-01
8.721110000E+00 9.999999995E-01 4.457907675E-16 1.421608029E-01
8.862160000E+00 9.999999995E-01 4.153345413E-16 1.398981738E-01
9.005500000E+00 9.999999995E-01 3.869560023E-16 1.376714230E-01
9.151160000E+00 9.999999996E-01 3.604971462E-16 1.354800921E-01
9.299170000E+00 9.999999996E-01 3.358519124E-16 1.333237267E-01
9.449580000E+00 9.999999996E-01 3.128743767E-16 1.312015984E-01
9.602420000E+00 9.999999996E-01 2.914667041E-16 1.291132860E-01
9.757730000E+00 9.999999996E-01 2.715199947E-16 1.270582400E-01
9.915550000E+00 9.999999996E-01 2.529292998E-16 1.250359284E-01
1.007590000E+01 9.999999996E-01 2.356245286E-16 1.230460803E-01
1.023890000E+01 9.999999996E-01 2.194959507E-16 1.210872262E-01
1.040450000E+01 9.999999997E-01 2.044669413E-16 1.191599789E-01
1.057280000E+01 9.999999997E-01 1.904606030E-16 1.172631659E-01
1.074380000E+01 9.999999997E-01 1.774100297E-16 1.153967870E-01
1.091760000E+01 9.999999997E-01 1.652471437E-16 1.135597567E-01
1.109420000E+01 9.999999997E-01 1.539141743E-16 1.117520867E-01
1.127360000E+01 9.999999997E-01 1.433550785E-16 1.099737440E-01
1.145590000E+01 9.999999997E-01 1.335167090E-16 1.082237101E-01
1.164120000E+01 9.999999997E-01 1.243479247E-16 1.065010480E-01
1.182950000E+01 9.999999997E-01 1.158049704E-16 1.048057822E-01
1.202080000E+01 9.999999997E-01 1.078465091E-16 1.031378943E-01
1.221530000E+01 9.999999998E-01 1.004292537E-16 1.014956653E-01
1.241280000E+01 9.999999998E-01 9.352157098E-17 9.988076824E-02
1.261360000E+01 9.999999998E-01 8.708413800E-17 9.829073381E-02
1.281760000E+01 9.999999998E-01 8.108777870E-17 9.672637623E-02
1.302500000E+01 9.999999998E-01 7.550041191E-17 9.518618042E-02
1.323560000E+01 9.999999998E-01 7.029713499E-17 9.367161292E-02
1.344970000E+01 9.999999998E-01 6.544917851E-17 9.218049473E-02
1.366720000E+01 9.999999998E-01 6.093383324E-17 9.071353313E-02
1.388830000E+01 9.999999998E-01 5.672734915E-17 8.926938502E-02
1.411290000E+01 9.999999998E-01 5.280984816E-17 8.784870579E-02
1.434120000E+01 9.999999998E-01 4.916067159E-17 8.645022732E-02
1.457310000E+01 9.999999998E-01 4.576261393E-17 8.507455517E-02
1.480890000E+01 9.999999998E-01 4.259713120E-17 8.371992518E-02
1.504840000E+01 9.999999998E-01 3.964970230E-17 8.238749635E-02
1.529180000E+01 9.999999998E-01 3.690487458E-17 8.107613231E-02
1.553910000E+01 9.999999998E-01 3.434908131E-17 7.978583058E-02
1.579040000E+01 9.999999999E-01 3.196912503E-17 7.851606039E-02
1.604580000E+01 9.999999999E-01 2.975297559E-17 7.726632514E-02
1.630540000E+01 9.999999999E-01 2.768938666E-17 7.603615980E-02
1.656910000E+01 9.999999999E-01 2.576846565E-17 7.482603159E-02
1.683710000E+01 9.999999999E-01 2.398007018E-17 7.363500840E-02
1.710940000E+01 9.999999999E-01 2.231532471E-17 7.246309046E-02
1.738610000E+01 9.999999999E-01 2.076549802E-17 7.130983947E-02
1.766740000E+01 9.999999999E-01 1.932269637E-17 7.017444559E-02
1.795310000E+01 9.999999999E-01 1.798003982E-17 6.905771148E-02
1.824350000E+01 9.999999999E-01 1.673012683E-17 6.795845096E-02
1.853860000E+01 9.999999999E-01 1.556697438E-17 6.687667893E-02
1.883840000E+01 9.999999999E-01 1.448450583E-17 6.581238322E-02
1.914310000E+01 9.999999999E-01 1.347723310E-17 6.476485000E-02
1.945270000E+01 9.999999999E-01 1.253991495E-17 6.373408319E-02
1.976740000E+01 9.999999999E-01 1.166757548E-17 6.271942694E-02
2.008710000E+01 9.999999999E-01 1.086307506E-17 6.172120416E-02
2.041200000E+01 9.999999999E-01 1.010793957E-17 6.073878111E-02
2.074210000E+01 9.999999999E-01 9.405636388E-18 5.977215422E-02
2.107760000E+01 9.999999999E-01 8.752473832E-18 5.882073860E-02
2.141850000E+01 9.999999999E-01 8.145007446E-18 5.788453907E-02
2.176500000E+01 9.999999999E-01 7.579882668E-18 5.696301401E-02
2.211700000E+01 9.999999999E-01 7.054328637E-18 5.605642718E-02
2.247470000E+01 9.999999999E-01 6.565457521E-18 5.516425136E-02
2.283820000E+01 9.999999999E-01 6.110669836E-18 5.428623972E-02
2.320760000E+01 9.999999999E-01 5.687583301E-18 5.342215481E-02
2.358300000E+01 9.999999999E-01 5.293961737E-18 5.257176780E-02
2.396440000E+01 9.999999999E-01 4.927786789E-18 5.173507369E-02
2.435200000E+01 9.999999999E-01 4.587076465E-18 5.091162943E-02
2.474590000E+01 9.999999999E-01 4.270064744E-18 5.010122889E-02
2.514620000E+01 9.999999999E-01 3.975074080E-18 4.930367213E-02
2.555290000E+01 9.999999999E-01 3.700609582E-18 4.851895480E-02
2.596620000E+01 9.999999999E-01 3.445193313E-18 4.774668608E-02
2.638610000E+01 9.999999999E-01 3.207525390E-18 4.698686051E-02
2.681290000E+01 9.999999999E-01 2.986319979E-18 4.623893723E-02
2.724660000E+01 1.000000000E+00 2.780451807E-18 4.550292514E-02
2.768730000E+01 1.000000000E+00 2.588856784E-18 4.477865303E-02
2.813510000E+01 1.000000000E+00 2.410528657E-18 4.406595320E-02
2.859020000E+01 1.000000000E+00 2.244546230E-18 4.336450952E-02
2.905260000E+01 1.000000000E+00 2.090052228E-18 4.267432175E-02
2.952250000E+01 1.000000000E+00 1.946239400E-18 4.199508849E-02
3.000000000E+01 0.000000000E+00 0.000000000E+00 4.132666667E-02
