# 11/08/2021 
# Data retrieved from www.chemicool.com/densities.html 
# Includes the real (n) and complex (k) part of the  refractive index. 
# Element, Hg  (Z = 80) 
# Nominal density, g cm-3 =  13.546 
#    E [keV]      n       k    Wavelength [nm] 
1.000000000E-02 -2.131082591E+01 1.080049788E+00 1.239800000E+02
1.016170000E-02 2.715761757E+03 8.305992652E-01 1.220071445E+02
1.032610000E-02 2.630007394E+03 8.008888862E-01 1.200646904E+02
1.049310000E-02 2.546990843E+03 7.722507878E-01 1.181538344E+02
1.066280000E-02 2.466596099E+03 7.446351736E-01 1.162733991E+02
1.083530000E-02 2.388715511E+03 7.180005490E-01 1.144223049E+02
1.101060000E-02 2.313291006E+03 6.994177318E-01 1.126005849E+02
1.118860000E-02 2.240303532E+03 6.819741912E-01 1.108092165E+02
1.136960000E-02 2.169573216E+03 6.649510430E-01 1.090451731E+02
1.155350000E-02 2.101087178E+03 6.483575476E-01 1.073094733E+02
1.174040000E-02 2.034755186E+03 6.321726328E-01 1.056011720E+02
1.193030000E-02 1.970526059E+03 6.163952769E-01 1.039202702E+02
1.212320000E-02 1.908347926E+03 6.010196572E-01 1.022667283E+02
1.231930000E-02 1.848108464E+03 5.860205143E-01 1.006388350E+02
1.251860000E-02 1.789763544E+03 5.713917928E-01 9.903663349E+01
1.272100000E-02 1.733295414E+03 5.571393994E-01 9.746089144E+01
1.292680000E-02 1.678576763E+03 5.432318706E-01 9.590927376E+01
1.313590000E-02 1.625593808E+03 5.298086528E-01 9.438256990E+01
1.334830000E-02 1.574303626E+03 5.213395441E-01 9.288074137E+01
1.356420000E-02 1.524617989E+03 5.130016740E-01 9.140236800E+01
1.378360000E-02 1.476499743E+03 5.047953336E-01 8.994747381E+01
1.400660000E-02 1.429890696E+03 4.967177888E-01 8.851541416E+01
1.423310000E-02 1.384774935E+03 4.887760442E-01 8.710681440E+01
1.446330000E-02 1.341076749E+03 4.809600988E-01 8.572040959E+01
1.469730000E-02 1.298744936E+03 4.743135093E-01 8.435562995E+01
1.493500000E-02 1.257764797E+03 4.692374388E-01 8.301305658E+01
1.517650000E-02 1.218085836E+03 4.642174010E-01 8.169208974E+01
1.542200000E-02 1.179645123E+03 4.592460644E-01 8.039164829E+01
1.567140000E-02 1.142428913E+03 4.543307164E-01 7.911226821E+01
1.592490000E-02 1.106378551E+03 4.494653363E-01 7.785292215E+01
1.618250000E-02 1.071466867E+03 4.446521738E-01 7.661362583E+01
1.644420000E-02 1.037666252E+03 4.398942235E-01 7.539436397E+01
1.671020000E-02 1.004924760E+03 4.352639842E-01 7.419420474E+01
1.698050000E-02 9.732176760E+02 4.326976355E-01 7.301316216E+01
1.725510000E-02 9.425198918E+02 4.301500150E-01 7.185122080E+01
1.753420000E-02 9.127852224E+02 4.276135000E-01 7.070753157E+01
1.781780000E-02 8.839910496E+02 4.250940919E-01 6.958210329E+01
1.810600000E-02 8.561049667E+02 4.225881026E-01 6.847453883E+01
1.839890000E-02 8.290961071E+02 4.200954160E-01 6.738446320E+01
1.869640000E-02 8.029521923E+02 4.176238826E-01 6.631223123E+01
1.899880000E-02 7.776263456E+02 4.151622772E-01 6.525675306E+01
1.930610000E-02 7.530996008E+02 4.147386644E-01 6.421804507E+01
1.961840000E-02 7.293452473E+02 4.145441914E-01 6.319577539E+01
1.993570000E-02 7.063448209E+02 4.143525189E-01 6.218994066E+01
2.025820000E-02 6.840661313E+02 4.141577716E-01 6.119990917E+01
2.058580000E-02 6.624986510E+02 4.139682242E-01 6.022598102E+01
2.091880000E-02 6.416058870E+02 4.137741271E-01 5.926726198E+01
2.125710000E-02 6.213780592E+02 4.135835115E-01 5.832404232E+01
2.160090000E-02 6.017873341E+02 4.133031115E-01 5.739575666E+01
2.195030000E-02 5.828131603E+02 4.123570952E-01 5.648214375E+01
2.230530000E-02 5.644408408E+02 4.114154973E-01 5.558320220E+01
2.266610000E-02 5.466458544E+02 4.104725850E-01 5.469842628E+01
2.303270000E-02 5.294145397E+02 4.095342157E-01 5.382781871E+01
2.340530000E-02 5.127242955E+02 4.085953964E-01 5.297090830E+01
2.378380000E-02 4.965665364E+02 4.076630740E-01 5.212791900E+01
2.416850000E-02 4.809158206E+02 4.067299778E-01 5.129817738E+01
2.455940000E-02 4.657602278E+02 4.048415302E-01 5.048168929E+01
2.495660000E-02 4.510840518E+02 4.025801311E-01 4.967824143E+01
2.536030000E-02 4.368687044E+02 4.003283390E-01 4.888743430E+01
2.577050000E-02 4.231033232E+02 3.980904186E-01 4.810927223E+01
2.618730000E-02 4.097737639E+02 3.958658503E-01 4.734355966E+01
2.661090000E-02 3.968633859E+02 3.936518719E-01 4.658993119E+01
2.704130000E-02 3.843622351E+02 3.914519872E-01 4.584838747E+01
2.747860000E-02 3.722575177E+02 3.892653081E-01 4.511874695E+01
2.792310000E-02 3.605317078E+02 3.845935740E-01 4.440051427E+01
2.837470000E-02 3.491784631E+02 3.791520347E-01 4.369385403E+01
2.883370000E-02 3.381814779E+02 3.737828156E-01 4.299829713E+01
2.930000000E-02 1.095891906E+00 3.684952385E-01 4.231399317E+01
2.977390000E-02 1.089421536E+00 3.632781540E-01 4.164049721E+01
3.025550000E-02 1.083461857E+00 3.581386330E-01 4.097767348E+01
3.074490000E-02 1.078241975E+00 3.530679447E-01 4.032538730E+01
3.124210000E-02 1.073317934E+00 3.493502205E-01 3.968363202E+01
3.174750000E-02 1.067922141E+00 3.457676946E-01 3.905189385E+01
3.226090000E-02 1.062341119E+00 3.422229210E-01 3.843042197E+01
3.278270000E-02 1.056665701E+00 3.387143920E-01 3.781872756E+01
3.331300000E-02 1.050878142E+00 3.352415742E-01 3.721670219E+01
3.385180000E-02 1.044783583E+00 3.318034588E-01 3.662434494E+01
3.439930000E-02 1.037977937E+00 3.279025338E-01 3.604143108E+01
3.495570000E-02 1.031872860E+00 3.229365517E-01 3.546774918E+01
3.552110000E-02 1.026365485E+00 3.180460635E-01 3.490319838E+01
3.609560000E-02 1.021162506E+00 3.132292379E-01 3.434767673E+01
3.667940000E-02 1.016180296E+00 3.084868500E-01 3.380098911E+01
3.727270000E-02 1.011365588E+00 3.038134140E-01 3.326295117E+01
3.787550000E-02 1.006672897E+00 2.992130402E-01 3.273356127E+01
3.848820000E-02 1.002024391E+00 2.946812212E-01 3.221247032E+01
3.911070000E-02 9.974722843E-01 2.899867101E-01 3.169976503E+01
3.974320000E-02 9.931266920E-01 2.853490523E-01 3.119527366E+01
4.038610000E-02 9.889108558E-01 2.807815170E-01 3.069868098E+01
4.103930000E-02 9.847754681E-01 2.762891078E-01 3.021006694E+01
4.170310000E-02 9.806857085E-01 2.718676662E-01 2.972920478E+01
4.237760000E-02 9.766002760E-01 2.675175230E-01 2.925602205E+01
4.306300000E-02 9.724648168E-01 2.632376393E-01 2.879037689E+01
4.375950000E-02 9.680579928E-01 2.590255329E-01 2.833213359E+01
4.446730000E-02 9.628573438E-01 2.541983631E-01 2.788116211E+01
4.518650000E-02 9.586220580E-01 2.484777309E-01 2.743739834E+01
4.591740000E-02 9.549924841E-01 2.428841338E-01 2.700065770E+01
4.666000000E-02 9.516635765E-01 2.374191502E-01 2.657093871E+01
4.741470000E-02 9.485529384E-01 2.320761896E-01 2.614800895E+01
4.818160000E-02 9.456014621E-01 2.268532975E-01 2.573181463E+01
4.896090000E-02 9.427571840E-01 2.217475824E-01 2.532224694E+01
4.975280000E-02 9.399621809E-01 2.167562645E-01 2.491920053E+01
5.055760000E-02 9.371269307E-01 2.118780242E-01 2.452252480E+01
5.137530000E-02 9.339584831E-01 2.071096590E-01 2.413221918E+01
5.220620000E-02 9.306043973E-01 2.012659072E-01 2.374813719E+01
5.305060000E-02 9.281325350E-01 1.952335978E-01 2.337014096E+01
5.390870000E-02 9.261703231E-01 1.893812690E-01 2.299814316E+01
5.478060000E-02 9.244919854E-01 1.837053361E-01 2.263209968E+01
5.566670000E-02 9.230320874E-01 1.781983978E-01 2.227184295E+01
5.656700000E-02 9.217386508E-01 1.728577569E-01 2.191737232E+01
5.748200000E-02 9.205635647E-01 1.676759022E-01 2.156849101E+01
5.841170000E-02 9.194627573E-01 1.625870531E-01 2.122519975E+01
5.935640000E-02 9.185055797E-01 1.576064355E-01 2.088738535E+01
6.031650000E-02 9.176308512E-01 1.527784033E-01 2.055490620E+01
6.129210000E-02 9.167880993E-01 1.480982726E-01 2.022772919E+01
6.228340000E-02 9.159171819E-01 1.435617421E-01 1.990578549E+01
6.329080000E-02 9.148953766E-01 1.391637453E-01 1.958894500E+01
6.431450000E-02 9.133204801E-01 1.346509038E-01 1.927714590E+01
6.535470000E-02 9.122304010E-01 1.290216649E-01 1.897032654E+01
6.641180000E-02 9.117439458E-01 1.236273803E-01 1.866836918E+01
6.748590000E-02 9.115718665E-01 1.184590173E-01 1.837124496E+01
6.857750000E-02 9.114536891E-01 1.135064818E-01 1.807881594E+01
6.968670000E-02 9.114743309E-01 1.082517297E-01 1.779105626E+01
7.081380000E-02 9.119452779E-01 1.031375176E-01 1.750788688E+01
7.195910000E-02 9.127118350E-01 9.826550992E-02 1.722923161E+01
7.312300000E-02 9.136873255E-01 9.364849415E-02 1.695499364E+01
7.430570000E-02 9.147425312E-01 8.931959697E-02 1.668512644E+01
7.550760000E-02 9.158448642E-01 8.519071884E-02 1.641953923E+01
7.672890000E-02 9.169668043E-01 8.125268162E-02 1.615818811E+01
7.796990000E-02 9.180191512E-01 7.749696627E-02 1.590100795E+01
7.923100000E-02 9.190410038E-01 7.357314413E-02 1.564791559E+01
8.051250000E-02 9.203352535E-01 6.973206230E-02 1.539885111E+01
8.181470000E-02 9.217917932E-01 6.609208533E-02 1.515375599E+01
8.313800000E-02 9.233254971E-01 6.264161067E-02 1.491255503E+01
8.448270000E-02 9.249078854E-01 5.937144251E-02 1.467519386E+01
8.584910000E-02 9.265157841E-01 5.627203958E-02 1.444161907E+01
8.723770000E-02 9.281229678E-01 5.333410987E-02 1.421174561E+01
8.864870000E-02 9.296697262E-01 5.048752008E-02 1.398554068E+01
9.008250000E-02 9.313123965E-01 4.770260366E-02 1.376293953E+01
9.153950000E-02 9.329977527E-01 4.507132528E-02 1.354387996E+01
9.302010000E-02 9.346967289E-01 4.258520176E-02 1.332830216E+01
9.452460000E-02 9.363921804E-01 4.023629639E-02 1.311616235E+01
9.605350000E-02 9.380709800E-01 3.801662229E-02 1.290739015E+01
9.760710000E-02 9.397103838E-01 3.591969753E-02 1.270194484E+01
9.918580000E-02 9.412535406E-01 3.386773492E-02 1.249977315E+01
1.007900000E-01 9.428672267E-01 3.184830601E-02 1.230082349E+01
1.024200000E-01 9.445111857E-01 2.994919079E-02 1.210505761E+01
1.040770000E-01 9.461446688E-01 2.816301499E-02 1.191233414E+01
1.057600000E-01 9.477523324E-01 2.648376495E-02 1.172276853E+01
1.074710000E-01 9.493209148E-01 2.490444721E-02 1.153613533E+01
1.092090000E-01 9.508224098E-01 2.341936197E-02 1.135254420E+01
1.109750000E-01 9.521604617E-01 2.198465242E-02 1.117188556E+01
1.127700000E-01 9.535899507E-01 2.031145941E-02 1.099405870E+01
1.145940000E-01 9.551435752E-01 1.876562908E-02 1.081906557E+01
1.164480000E-01 9.567577859E-01 1.733730512E-02 1.064681231E+01
1.183310000E-01 9.583945621E-01 1.601798445E-02 1.047738970E+01
1.202450000E-01 9.600596797E-01 1.479889444E-02 1.031061583E+01
1.221900000E-01 9.617587887E-01 1.375579493E-02 1.014649317E+01
1.241660000E-01 9.633424970E-01 1.286194901E-02 9.985020054E+00
1.261750000E-01 9.648539835E-01 1.202595710E-02 9.826035268E+00
1.282150000E-01 9.663130971E-01 1.124455512E-02 9.669695433E+00
1.302890000E-01 9.677304803E-01 1.051379991E-02 9.515768791E+00
1.323970000E-01 9.691212542E-01 9.836857441E-03 9.364260519E+00
1.345380000E-01 9.704620713E-01 9.223274575E-03 9.215240304E+00
1.367140000E-01 9.717578578E-01 8.647913879E-03 9.068566496E+00
1.389250000E-01 9.730193429E-01 8.108461704E-03 8.924239698E+00
1.411720000E-01 9.742555744E-01 7.602658365E-03 8.782194770E+00
1.434560000E-01 9.754681039E-01 7.140907217E-03 8.642371180E+00
1.457760000E-01 9.766552700E-01 6.711819309E-03 8.504829327E+00
1.481340000E-01 9.778500708E-01 6.308481757E-03 8.369449282E+00
1.505300000E-01 9.790108354E-01 6.028127367E-03 8.236231980E+00
1.529640000E-01 9.801137090E-01 5.767453335E-03 8.105175074E+00
1.554390000E-01 9.812150254E-01 5.517926001E-03 7.976119249E+00
1.579530000E-01 9.822921020E-01 5.394613326E-03 7.849170323E+00
1.605070000E-01 9.832642488E-01 5.315276058E-03 7.724273708E+00
1.631030000E-01 9.841741453E-01 5.237075365E-03 7.601331674E+00
1.657420000E-01 9.850480391E-01 5.159950230E-03 7.480300708E+00
1.684220000E-01 9.859213663E-01 5.084076260E-03 7.361271093E+00
1.711460000E-01 9.867744638E-01 5.116273857E-03 7.244107370E+00
1.739150000E-01 9.875398420E-01 5.178249145E-03 7.128769801E+00
1.767270000E-01 9.882359821E-01 5.241067234E-03 7.015340044E+00
1.795860000E-01 9.888861720E-01 5.304568808E-03 6.903656187E+00
1.824910000E-01 9.895005977E-01 5.370916395E-03 6.793759692E+00
1.854420000E-01 9.900745557E-01 5.444967954E-03 6.685648343E+00
1.884420000E-01 9.906119690E-01 5.519967369E-03 6.579212702E+00
1.914890000E-01 9.911167826E-01 5.596079104E-03 6.474523341E+00
1.945870000E-01 9.915922680E-01 5.673147768E-03 6.371443108E+00
1.977340000E-01 9.920403927E-01 5.751330045E-03 6.270039548E+00
2.009320000E-01 9.924663855E-01 5.830598588E-03 6.170246651E+00
2.041820000E-01 9.928706064E-01 5.921085870E-03 6.072033774E+00
2.074850000E-01 9.932417943E-01 6.020524824E-03 5.975371714E+00
2.108400000E-01 9.935826218E-01 6.121720326E-03 5.880288370E+00
2.142510000E-01 9.938951567E-01 6.224501092E-03 5.786670774E+00
2.177160000E-01 9.941785838E-01 6.329121697E-03 5.694574583E+00
2.212370000E-01 9.944311629E-01 6.435422201E-03 5.603945091E+00
2.248160000E-01 9.946430761E-01 6.543503113E-03 5.514732048E+00
2.284520000E-01 9.948015704E-01 6.610830904E-03 5.426960587E+00
2.321470000E-01 9.949713652E-01 6.641567632E-03 5.340581614E+00
2.359020000E-01 9.951480431E-01 6.672472192E-03 5.255572229E+00
2.397170000E-01 9.953163626E-01 6.703574491E-03 5.171931903E+00
2.435950000E-01 9.954747239E-01 6.734728533E-03 5.089595435E+00
2.475350000E-01 9.956213681E-01 6.766051443E-03 5.008584645E+00
2.515380000E-01 9.957552941E-01 6.797580439E-03 4.928877545E+00
2.556070000E-01 9.958737932E-01 6.829144787E-03 4.850414895E+00
2.597410000E-01 9.959743053E-01 6.852309914E-03 4.773216396E+00
2.639420000E-01 9.960687369E-01 6.868160583E-03 4.697244092E+00
2.682110000E-01 9.961558931E-01 6.884046224E-03 4.622480062E+00
2.725490000E-01 9.962315642E-01 6.899931621E-03 4.548906802E+00
2.769570000E-01 9.962942677E-01 6.915924414E-03 4.476507183E+00
2.814370000E-01 9.963412594E-01 6.931884898E-03 4.405248777E+00
2.859890000E-01 9.963476630E-01 6.935608031E-03 4.335131771E+00
2.906150000E-01 9.963632292E-01 6.904347581E-03 4.266125286E+00
2.953150000E-01 9.963875427E-01 6.873261406E-03 4.198229010E+00
3.000920000E-01 9.964076199E-01 6.842252262E-03 4.131399704E+00
3.049450000E-01 9.964206866E-01 6.811467415E-03 4.065651183E+00
3.098780000E-01 9.964233481E-01 6.780731017E-03 4.000929398E+00
3.148900000E-01 9.963986035E-01 6.750208126E-03 3.937247928E+00
3.199830000E-01 9.963583143E-01 6.677067179E-03 3.874580837E+00
3.251580000E-01 9.963417070E-01 6.581331753E-03 3.812915567E+00
3.304180000E-01 9.963369219E-01 6.486961949E-03 3.752216889E+00
3.357620000E-01 9.963365870E-01 6.393944204E-03 3.692496471E+00
3.411920000E-01 9.963374364E-01 6.302298949E-03 3.633731154E+00
3.467110000E-01 9.963372687E-01 6.211936150E-03 3.575888853E+00
3.523190000E-01 9.963338028E-01 6.122856300E-03 3.518970024E+00
3.580170000E-01 9.963125187E-01 6.035090344E-03 3.462964049E+00
3.638080000E-01 9.962934981E-01 5.915639277E-03 3.407841499E+00
3.696920000E-01 9.962896205E-01 5.794226987E-03 3.353602458E+00
3.756720000E-01 9.962919650E-01 5.675273528E-03 3.300219340E+00
3.817480000E-01 9.962966363E-01 5.558806537E-03 3.247692195E+00
3.879220000E-01 9.963004016E-01 5.444732705E-03 3.196003320E+00
3.941970000E-01 9.962958442E-01 5.324729669E-03 3.145127944E+00
4.005730000E-01 9.963004448E-01 5.195164988E-03 3.095066318E+00
4.070520000E-01 9.963133539E-01 5.068747148E-03 3.045802502E+00
4.136350000E-01 9.963281236E-01 4.945430246E-03 2.997328563E+00
4.203260000E-01 9.963421721E-01 4.825081710E-03 2.949615299E+00
4.271240000E-01 9.963465581E-01 4.704924378E-03 2.902669951E+00
4.340320000E-01 9.963603875E-01 4.564996711E-03 2.856471412E+00
4.410520000E-01 9.963844423E-01 4.429238004E-03 2.811006412E+00
4.481860000E-01 9.964146763E-01 4.297492362E-03 2.766262221E+00
4.554350000E-01 9.964480198E-01 4.169684702E-03 2.722232591E+00
4.628020000E-01 9.964832764E-01 4.043529845E-03 2.678899400E+00
4.702870000E-01 9.965222910E-01 3.919568736E-03 2.636262538E+00
4.778940000E-01 9.965643506E-01 3.799450800E-03 2.594299154E+00
4.856230000E-01 9.966081111E-01 3.682943161E-03 2.553009227E+00
4.934780000E-01 9.966531576E-01 3.569979020E-03 2.512371372E+00
5.014590000E-01 9.966987615E-01 3.460591604E-03 2.472385579E+00
5.095700000E-01 9.967441433E-01 3.354616201E-03 2.433031772E+00
5.178120000E-01 9.967869898E-01 3.250766608E-03 2.394305269E+00
5.261870000E-01 9.968289965E-01 3.146073882E-03 2.356196561E+00
5.346980000E-01 9.968730511E-01 3.037488952E-03 2.318692047E+00
5.433460000E-01 9.969241163E-01 2.929156222E-03 2.281787296E+00
5.521340000E-01 9.969802536E-01 2.824598366E-03 2.245469397E+00
5.610650000E-01 9.970414525E-01 2.723216011E-03 2.209726146E+00
5.701390000E-01 9.971142371E-01 2.627831214E-03 2.174557432E+00
5.793610000E-01 9.971835998E-01 2.553509578E-03 2.139943835E+00
5.887320000E-01 9.972466291E-01 2.486212949E-03 2.105881793E+00
5.982540000E-01 9.973014079E-01 2.423758041E-03 2.072363912E+00
6.079300000E-01 9.973504281E-01 2.362829053E-03 2.039379534E+00
6.177630000E-01 9.973944857E-01 2.303422906E-03 2.006918511E+00
6.277550000E-01 9.974319074E-01 2.245007191E-03 1.974974313E+00
6.379080000E-01 9.974643990E-01 2.182173227E-03 1.943540448E+00
6.482260000E-01 9.974954172E-01 2.113717910E-03 1.912604555E+00
6.587110000E-01 9.975310444E-01 2.042686086E-03 1.882160765E+00
6.693650000E-01 9.975684229E-01 1.973992349E-03 1.852203208E+00
6.801910000E-01 9.976056946E-01 1.906389997E-03 1.822723323E+00
6.911930000E-01 9.976426384E-01 1.839957216E-03 1.793710295E+00
7.023720000E-01 9.976780904E-01 1.773823548E-03 1.765161481E+00
7.137330000E-01 9.977136838E-01 1.704286031E-03 1.737064140E+00
7.252770000E-01 9.977544833E-01 1.633638896E-03 1.709415851E+00
7.370080000E-01 9.977986420E-01 1.565902618E-03 1.682206977E+00
7.489280000E-01 9.978449560E-01 1.500963299E-03 1.655432832E+00
7.610420000E-01 9.978935769E-01 1.438869053E-03 1.629082232E+00
7.733510000E-01 9.979451245E-01 1.381111073E-03 1.603153031E+00
7.858590000E-01 9.979973915E-01 1.331159184E-03 1.577636701E+00
7.985700000E-01 9.980443391E-01 1.287427229E-03 1.552525139E+00
8.114860000E-01 9.980872719E-01 1.245118885E-03 1.527814405E+00
8.246110000E-01 9.981270896E-01 1.204190255E-03 1.503496800E+00
8.379490000E-01 9.981628813E-01 1.164594951E-03 1.479564985E+00
8.515020000E-01 9.981951954E-01 1.122195117E-03 1.456015370E+00
8.652740000E-01 9.982262964E-01 1.076425677E-03 1.432840927E+00
8.792690000E-01 9.982613607E-01 1.028311405E-03 1.410034927E+00
8.934910000E-01 9.982986857E-01 9.823331731E-04 1.387590921E+00
9.079430000E-01 9.983368699E-01 9.383967526E-04 1.365504222E+00
9.226280000E-01 9.983753706E-01 8.964119763E-04 1.343770187E+00
9.375510000E-01 9.984139069E-01 8.562410759E-04 1.322381396E+00
9.527150000E-01 9.984522675E-01 8.178437604E-04 1.301333557E+00
9.681240000E-01 9.984902949E-01 7.811467378E-04 1.280621077E+00
9.837830000E-01 9.985278139E-01 7.460839236E-04 1.260237268E+00
9.996950000E-01 9.985646307E-01 7.124402235E-04 1.240178254E+00
1.015860000E+00 9.986004398E-01 6.801560801E-04 1.220443762E+00
1.032290000E+00 9.986361963E-01 6.478855993E-04 1.201019093E+00
1.048990000E+00 9.986719979E-01 6.171355651E-04 1.181898779E+00
1.065960000E+00 9.987075568E-01 5.878496681E-04 1.163083043E+00
1.083200000E+00 9.987426688E-01 5.599485641E-04 1.144571640E+00
1.100720000E+00 9.987772735E-01 5.333611007E-04 1.126353659E+00
1.118520000E+00 9.988113114E-01 5.080297504E-04 1.108428995E+00
1.136610000E+00 9.988447530E-01 4.838990322E-04 1.090787517E+00
1.155000000E+00 9.988775807E-01 4.608974857E-04 1.073419913E+00
1.173680000E+00 9.989097582E-01 4.389818342E-04 1.056335628E+00
1.192660000E+00 9.989412771E-01 4.181104358E-04 1.039525095E+00
1.211950000E+00 9.989721307E-01 3.982204614E-04 1.022979496E+00
1.231550000E+00 9.990023155E-01 3.792670996E-04 1.006698875E+00
1.251470000E+00 9.990318402E-01 3.612067730E-04 9.906749662E-01
1.271720000E+00 9.990607060E-01 3.439983003E-04 9.749001352E-01
1.292290000E+00 9.990888981E-01 3.276027804E-04 9.593821820E-01
1.313190000E+00 9.991164264E-01 3.119920841E-04 9.441131900E-01
1.334430000E+00 9.991432957E-01 2.971168777E-04 9.290858269E-01
1.356010000E+00 9.991695140E-01 2.829431844E-04 9.143000420E-01
1.377940000E+00 9.991950944E-01 2.694417745E-04 8.997489005E-01
1.400230000E+00 9.992200462E-01 2.565790164E-04 8.854259657E-01
1.422880000E+00 9.992443724E-01 2.443238877E-04 8.713313842E-01
1.445890000E+00 9.992680677E-01 2.326533595E-04 8.574649524E-01
1.469280000E+00 9.992911353E-01 2.215102206E-04 8.438146575E-01
1.493040000E+00 9.993135702E-01 2.108613869E-04 8.303863259E-01
1.517190000E+00 9.993355022E-01 2.005554752E-04 8.171685814E-01
1.541730000E+00 9.993569666E-01 1.907304644E-04 8.041615588E-01
1.566670000E+00 9.993779574E-01 1.813823948E-04 7.913600184E-01
1.592010000E+00 9.993984559E-01 1.724917267E-04 7.787639525E-01
1.617760000E+00 9.994184708E-01 1.640352379E-04 7.663683117E-01
1.643920000E+00 9.994380048E-01 1.559949798E-04 7.541729525E-01
1.670510000E+00 9.994570784E-01 1.483438875E-04 7.421685593E-01
1.697530000E+00 9.994757052E-01 1.410662129E-04 7.303552809E-01
1.724990000E+00 9.994938543E-01 1.341412551E-04 7.187288042E-01
1.752890000E+00 9.995116047E-01 1.274652679E-04 7.072891054E-01
1.781240000E+00 9.995290183E-01 1.210888141E-04 6.960319777E-01
1.810050000E+00 9.995461142E-01 1.150057501E-04 6.849534543E-01
1.839320000E+00 9.995629129E-01 1.092291040E-04 6.740534545E-01
1.869070000E+00 9.995794329E-01 1.037419741E-04 6.633245411E-01
1.899300000E+00 9.995957040E-01 9.852913097E-05 6.527668088E-01
1.930020000E+00 9.996117677E-01 9.357959586E-05 6.423767629E-01
1.961240000E+00 9.996276730E-01 8.887838621E-05 6.321510881E-01
1.992960000E+00 9.996435013E-01 8.441156699E-05 6.220897559E-01
2.025200000E+00 9.996592688E-01 8.021423541E-05 6.121864507E-01
2.057950000E+00 9.996751422E-01 7.613978007E-05 6.024441799E-01
2.091240000E+00 9.996913536E-01 7.225603851E-05 5.928540005E-01
2.125060000E+00 9.997081378E-01 6.856705411E-05 5.834188211E-01
2.159430000E+00 9.997259435E-01 6.505324029E-05 5.741329888E-01
2.194360000E+00 9.997456193E-01 6.171137504E-05 5.649938934E-01
2.229850000E+00 9.997691150E-01 5.853458164E-05 5.560015248E-01
2.265920000E+00 9.998033534E-01 5.551297267E-05 5.471508262E-01
2.294800000E+00 9.999761571E-01 5.323863304E-05 5.402649468E-01
2.295000000E+00 9.999761399E-01 1.453765729E-04 5.402178649E-01
2.302570000E+00 9.998515346E-01 1.437089191E-04 5.384418280E-01
2.339810000E+00 9.998148578E-01 1.358535091E-04 5.298720836E-01
2.377660000E+00 9.998351614E-01 1.284348848E-04 5.214370431E-01
2.384800000E+00 9.999114630E-01 1.270941685E-04 5.198758806E-01
2.385000000E+00 9.999113960E-01 1.843338316E-04 5.198322851E-01
2.416110000E+00 9.998021410E-01 1.764669108E-04 5.131388885E-01
2.455190000E+00 9.997859964E-01 1.671903490E-04 5.049711020E-01
2.494900000E+00 9.997790195E-01 1.584023521E-04 4.969337448E-01
2.535260000E+00 9.997761343E-01 1.500815692E-04 4.890228221E-01
2.576260000E+00 9.997756872E-01 1.422041565E-04 4.812402475E-01
2.617930000E+00 9.997769089E-01 1.347413593E-04 4.735802714E-01
2.660270000E+00 9.997793801E-01 1.276770154E-04 4.660429205E-01
2.703300000E+00 9.997829011E-01 1.209815446E-04 4.586246440E-01
2.747030000E+00 9.997874692E-01 1.146433485E-04 4.513237933E-01
2.791460000E+00 9.997935245E-01 1.086404647E-04 4.441403423E-01
2.836610000E+00 9.998051903E-01 1.029521105E-04 4.370710108E-01
2.847000000E+00 9.998294920E-01 1.016980875E-04 4.354759396E-01
2.847200000E+00 9.998294987E-01 1.176521502E-04 4.354453498E-01
2.882490000E+00 9.998021859E-01 1.128508340E-04 4.301142415E-01
2.929110000E+00 9.998018506E-01 1.068896516E-04 4.232685014E-01
2.976480000E+00 9.998038325E-01 1.012458621E-04 4.165322797E-01
3.024630000E+00 9.998067776E-01 9.590129243E-05 4.099013764E-01
3.073550000E+00 9.998102881E-01 9.084223687E-05 4.033772023E-01
3.123260000E+00 9.998142036E-01 8.605053287E-05 3.969570257E-01
3.173780000E+00 9.998184773E-01 8.151565164E-05 3.906382925E-01
3.225110000E+00 9.998232377E-01 7.722188942E-05 3.844209965E-01
3.277270000E+00 9.998320782E-01 7.315326559E-05 3.783026727E-01
3.278400000E+00 9.998354485E-01 7.306841364E-05 3.781722792E-01
3.278600000E+00 9.998354613E-01 7.718036167E-05 3.781492100E-01
3.330280000E+00 9.998311302E-01 7.315338318E-05 3.722810094E-01
3.384150000E+00 9.998343823E-01 6.924026556E-05 3.663549193E-01
3.438880000E+00 9.998381581E-01 6.553948310E-05 3.605243568E-01
3.494500000E+00 9.998422836E-01 6.203810263E-05 3.547860924E-01
3.551020000E+00 9.998474230E-01 5.872050608E-05 3.491391206E-01
3.561500000E+00 9.998516589E-01 5.813075991E-05 3.481117507E-01
3.561700000E+00 9.998516715E-01 6.051501488E-05 3.480922032E-01
3.608460000E+00 9.998500370E-01 5.792548197E-05 3.435814724E-01
3.666820000E+00 9.998532056E-01 5.489173879E-05 3.381131335E-01
3.726130000E+00 9.998566413E-01 5.201044111E-05 3.327312788E-01
3.786400000E+00 9.998601616E-01 4.926810120E-05 3.274350306E-01
3.847640000E+00 9.998637061E-01 4.666710338E-05 3.222234928E-01
3.909870000E+00 9.998672424E-01 4.419611359E-05 3.170949418E-01
3.973110000E+00 9.998707530E-01 4.185055843E-05 3.120477409E-01
4.037380000E+00 9.998742282E-01 3.962080079E-05 3.070803343E-01
4.102680000E+00 9.998776593E-01 3.750697700E-05 3.021927131E-01
4.169030000E+00 9.998810385E-01 3.550080185E-05 2.973833242E-01
4.236460000E+00 9.998843625E-01 3.359834253E-05 2.926499955E-01
4.304980000E+00 9.998876262E-01 3.179410999E-05 2.879920464E-01
4.374620000E+00 9.998908276E-01 3.008334756E-05 2.834074731E-01
4.445370000E+00 9.998939637E-01 2.846035494E-05 2.788969197E-01
4.517270000E+00 9.998970346E-01 2.692339813E-05 2.744578031E-01
4.590330000E+00 9.999000373E-01 2.546607476E-05 2.700895143E-01
4.664580000E+00 9.999029730E-01 2.408519630E-05 2.657902748E-01
4.740030000E+00 9.999058401E-01 2.277712996E-05 2.615595260E-01
4.816690000E+00 9.999086385E-01 2.153814835E-05 2.573966770E-01
4.894600000E+00 9.999113688E-01 2.036468217E-05 2.532995546E-01
4.973770000E+00 9.999140310E-01 1.925337493E-05 2.492676581E-01
5.054210000E+00 9.999166253E-01 1.820135457E-05 2.453004525E-01
5.135960000E+00 9.999191529E-01 1.720554976E-05 2.413959610E-01
5.219030000E+00 9.999216141E-01 1.626294287E-05 2.375537217E-01
5.303440000E+00 9.999240098E-01 1.537080670E-05 2.337727965E-01
5.389220000E+00 9.999263411E-01 1.452668753E-05 2.300518442E-01
5.476390000E+00 9.999286090E-01 1.372801967E-05 2.263900124E-01
5.564970000E+00 9.999308142E-01 1.297246080E-05 2.227864661E-01
5.654980000E+00 9.999329582E-01 1.225769558E-05 2.192403863E-01
5.746440000E+00 9.999350416E-01 1.158178372E-05 2.157509693E-01
5.839390000E+00 9.999370663E-01 1.094246311E-05 2.123166975E-01
5.933830000E+00 9.999390329E-01 1.033791174E-05 2.089375665E-01
6.029810000E+00 9.999409431E-01 9.766217796E-06 2.056117854E-01
6.127330000E+00 9.999427979E-01 9.225886359E-06 2.023393550E-01
6.226440000E+00 9.999445986E-01 8.714967649E-06 1.991185975E-01
6.327150000E+00 9.999463465E-01 8.232098726E-06 1.959492030E-01
6.429480000E+00 9.999480427E-01 7.775602312E-06 1.928305244E-01
6.533480000E+00 9.999496889E-01 7.344094367E-06 1.897610462E-01
6.639150000E+00 9.999512857E-01 6.936501102E-06 1.867407725E-01
6.746540000E+00 9.999528350E-01 6.551247725E-06 1.837682723E-01
6.855650000E+00 9.999543374E-01 6.187198664E-06 1.808435378E-01
6.966540000E+00 9.999557947E-01 5.843222045E-06 1.779649582E-01
7.079220000E+00 9.999572078E-01 5.518202364E-06 1.751322886E-01
7.193720000E+00 9.999585780E-01 5.211116204E-06 1.723447674E-01
7.310070000E+00 9.999599065E-01 4.921062293E-06 1.696016591E-01
7.428310000E+00 9.999611946E-01 4.647011749E-06 1.669020275E-01
7.548450000E+00 9.999624431E-01 4.388245954E-06 1.642456398E-01
7.670540000E+00 9.999636533E-01 4.143854625E-06 1.616313845E-01
7.794610000E+00 9.999648264E-01 3.912930735E-06 1.590586315E-01
7.920680000E+00 9.999659633E-01 3.694955076E-06 1.565269649E-01
8.048790000E+00 9.999670652E-01 3.488933771E-06 1.540355755E-01
8.178980000E+00 9.999681333E-01 3.294379179E-06 1.515836938E-01
8.311260000E+00 9.999691683E-01 3.110792310E-06 1.491711245E-01
8.445690000E+00 9.999701714E-01 2.937437477E-06 1.467967685E-01
8.582290000E+00 9.999711435E-01 2.773542310E-06 1.444602781E-01
8.721110000E+00 9.999720859E-01 2.618946413E-06 1.421608029E-01
8.862160000E+00 9.999729990E-01 2.472985404E-06 1.398981738E-01
9.005500000E+00 9.999738842E-01 2.335078641E-06 1.376714230E-01
9.151160000E+00 9.999747423E-01 2.204955053E-06 1.354800921E-01
9.299170000E+00 9.999755741E-01 2.082043597E-06 1.333237267E-01
9.449580000E+00 9.999763807E-01 1.966012316E-06 1.312015984E-01
9.602420000E+00 9.999771628E-01 1.856456614E-06 1.291132860E-01
9.757730000E+00 9.999779213E-01 1.753002991E-06 1.270582400E-01
9.915550000E+00 9.999786571E-01 1.655279216E-06 1.250359284E-01
1.007590000E+01 9.999793713E-01 1.561980841E-06 1.230460803E-01
1.023890000E+01 9.999800659E-01 1.474012084E-06 1.210872262E-01
1.040450000E+01 9.999807411E-01 1.391100858E-06 1.191599789E-01
1.057280000E+01 9.999813982E-01 1.312933972E-06 1.172631659E-01
1.074380000E+01 9.999820382E-01 1.239262076E-06 1.153967870E-01
1.091760000E+01 9.999826628E-01 1.169806179E-06 1.135597567E-01
1.109420000E+01 9.999832738E-01 1.104339761E-06 1.117520867E-01
1.127360000E+01 9.999838737E-01 1.042641905E-06 1.099737440E-01
1.145590000E+01 9.999844664E-01 9.844827582E-07 1.082237101E-01
1.164120000E+01 9.999850588E-01 9.296539075E-07 1.065010480E-01
1.182950000E+01 9.999856640E-01 8.779690422E-07 1.048057822E-01
1.202080000E+01 9.999863184E-01 8.292564856E-07 1.031378943E-01
1.221530000E+01 9.999872298E-01 7.833230180E-07 1.014956653E-01
1.228380000E+01 9.999897151E-01 7.679204447E-07 1.009296797E-01
1.228400000E+01 9.999897153E-01 1.898929836E-06 1.009280365E-01
1.241280000E+01 9.999873892E-01 1.826246177E-06 9.988076824E-02
1.261360000E+01 9.999874681E-01 1.719862946E-06 9.829073381E-02
1.281760000E+01 9.999877161E-01 1.619683772E-06 9.672637623E-02
1.302500000E+01 9.999880189E-01 1.525314172E-06 9.518618042E-02
1.323560000E+01 9.999883476E-01 1.436480049E-06 9.367161292E-02
1.344970000E+01 9.999886928E-01 1.352800508E-06 9.218049473E-02
1.366720000E+01 9.999890528E-01 1.274006254E-06 9.071353313E-02
1.388830000E+01 9.999894374E-01 1.199789955E-06 8.926938502E-02
1.411290000E+01 9.999899113E-01 1.129906986E-06 8.784870579E-02
1.420860000E+01 9.999909863E-01 1.101704734E-06 8.725701336E-02
1.420880000E+01 9.999909865E-01 1.536514484E-06 8.725578515E-02
1.434120000E+01 9.999901632E-01 1.486301167E-06 8.645022732E-02
1.457310000E+01 9.999903313E-01 1.403270362E-06 8.507455517E-02
1.480890000E+01 9.999906196E-01 1.324868987E-06 8.371992518E-02
1.483920000E+01 9.999906138E-01 1.315198915E-06 8.354897838E-02
1.483940000E+01 9.999906143E-01 1.506235895E-06 8.354785234E-02
1.504840000E+01 9.999908934E-01 1.435693261E-06 8.238749635E-02
1.529180000E+01 9.999910324E-01 1.358821428E-06 8.107613231E-02
1.553910000E+01 9.999912420E-01 1.285831967E-06 7.978583058E-02
1.579040000E+01 9.999914640E-01 1.216524312E-06 7.851606039E-02
1.604580000E+01 9.999916899E-01 1.150752845E-06 7.726632514E-02
1.630540000E+01 9.999919162E-01 1.088334880E-06 7.603615980E-02
1.656910000E+01 9.999921407E-01 1.029143155E-06 7.482603159E-02
1.683710000E+01 9.999923626E-01 9.730028631E-07 7.363500840E-02
1.710940000E+01 9.999925809E-01 9.197890253E-07 7.246309046E-02
1.738610000E+01 9.999927953E-01 8.693537397E-07 7.130983947E-02
1.766740000E+01 9.999930054E-01 8.215521105E-07 7.017444559E-02
1.795310000E+01 9.999932110E-01 7.762823276E-07 6.905771148E-02
1.824350000E+01 9.999934119E-01 7.333995885E-07 6.795845096E-02
1.853860000E+01 9.999936081E-01 6.927936507E-07 6.687667893E-02
1.883840000E+01 9.999937994E-01 6.543571710E-07 6.581238322E-02
1.914310000E+01 9.999939859E-01 6.179737120E-07 6.476485000E-02
1.945270000E+01 9.999941676E-01 5.835448273E-07 6.373408319E-02
1.976740000E+01 9.999943446E-01 5.509645282E-07 6.271942694E-02
2.008710000E+01 9.999945167E-01 5.201491262E-07 6.172120416E-02
2.041200000E+01 9.999946842E-01 4.910029432E-07 6.073878111E-02
2.074210000E+01 9.999948471E-01 4.634433297E-07 5.977215422E-02
2.107760000E+01 9.999950054E-01 4.373832035E-07 5.882073860E-02
2.141850000E+01 9.999951593E-01 4.127492972E-07 5.788453907E-02
2.176500000E+01 9.999953088E-01 3.894621725E-07 5.696301401E-02
2.211700000E+01 9.999954540E-01 3.674590999E-07 5.605642718E-02
2.247470000E+01 9.999955949E-01 3.466674187E-07 5.516425136E-02
2.283820000E+01 9.999957318E-01 3.270235772E-07 5.428623972E-02
2.320760000E+01 9.999958647E-01 3.084662210E-07 5.342215481E-02
2.358300000E+01 9.999959936E-01 2.909376962E-07 5.257176780E-02
2.396440000E+01 9.999961187E-01 2.743855997E-07 5.173507369E-02
2.435200000E+01 9.999962401E-01 2.587549514E-07 5.091162943E-02
2.474590000E+01 9.999963578E-01 2.439961438E-07 5.010122889E-02
2.514620000E+01 9.999964721E-01 2.300621418E-07 4.930367213E-02
2.555290000E+01 9.999965828E-01 2.169109056E-07 4.851895480E-02
2.596620000E+01 9.999966902E-01 2.044968798E-07 4.774668608E-02
2.638610000E+01 9.999967943E-01 1.927827122E-07 4.698686051E-02
2.681290000E+01 9.999968952E-01 1.817265358E-07 4.623893723E-02
2.724660000E+01 9.999969931E-01 1.712942963E-07 4.550292514E-02
2.768730000E+01 9.999970879E-01 1.614521903E-07 4.477865303E-02
2.813510000E+01 9.999971799E-01 1.521670875E-07 4.406595320E-02
2.859020000E+01 9.999972689E-01 1.434076668E-07 4.336450952E-02
2.905260000E+01 9.999973552E-01 1.351463205E-07 4.267432175E-02
2.952250000E+01 9.999974385E-01 1.273542547E-07 4.199508849E-02
3.000000000E+01 0.000000000E+00 0.000000000E+00 4.132666667E-02
