# 11/08/2021 
# Data retrieved from www.chemicool.com/densities.html 
# Includes the real (n) and complex (k) part of the  refractive index. 
# Element, Ho  (Z = 67) 
# Nominal density, g cm-3 =  8.8 
#    E [keV]      n       k    Wavelength [nm] 
1.000000000E-02 -1.371594878E+01 4.330844439E-01 1.239800000E+02
1.016170000E-02 2.145923906E+03 3.681958487E-02 1.220071445E+02
1.032610000E-02 2.078169680E+03 3.651136228E-02 1.200646904E+02
1.049310000E-02 2.012578589E+03 3.620620164E-02 1.181538344E+02
1.066280000E-02 1.949058979E+03 3.590359006E-02 1.162733991E+02
1.083530000E-02 1.887525794E+03 3.560305666E-02 1.144223049E+02
1.101060000E-02 1.827933153E+03 3.538356040E-02 1.126005849E+02
1.118860000E-02 1.770266002E+03 3.554085407E-02 1.108092165E+02
1.136960000E-02 1.714382222E+03 3.569829033E-02 1.090451731E+02
1.155350000E-02 1.660271640E+03 3.585646354E-02 1.073094733E+02
1.174040000E-02 1.607862962E+03 3.596936786E-02 1.056011720E+02
1.193030000E-02 1.557115750E+03 3.600651710E-02 1.039202702E+02
1.212320000E-02 1.507989022E+03 3.604415106E-02 1.022667283E+02
1.231930000E-02 1.460394030E+03 3.608128795E-02 1.006388350E+02
1.251860000E-02 1.414295910E+03 3.616364021E-02 9.903663349E+01
1.272100000E-02 1.369680635E+03 3.627818130E-02 9.746089144E+01
1.292680000E-02 1.326447618E+03 3.639221303E-02 9.590927376E+01
1.313590000E-02 1.284585968E+03 3.648457360E-02 9.438256990E+01
1.334830000E-02 1.244061771E+03 3.649770586E-02 9.288074137E+01
1.356420000E-02 1.204805321E+03 3.651049197E-02 9.140236800E+01
1.378360000E-02 1.166787261E+03 3.652322063E-02 8.994747381E+01
1.400660000E-02 1.129961613E+03 3.653560951E-02 8.851541416E+01
1.423310000E-02 1.094315806E+03 3.645206088E-02 8.710681440E+01
1.446330000E-02 1.059790020E+03 3.635168479E-02 8.572040959E+01
1.469730000E-02 1.026343801E+03 3.625127156E-02 8.435562995E+01
1.493500000E-02 9.939655335E+02 3.618261536E-02 8.301305658E+01
1.517650000E-02 9.626153239E+02 3.615419726E-02 8.169208974E+01
1.542200000E-02 9.322434484E+02 3.612524214E-02 8.039164829E+01
1.567140000E-02 9.028390499E+02 3.607996569E-02 7.911226821E+01
1.592490000E-02 8.743557827E+02 3.568748866E-02 7.785292215E+01
1.618250000E-02 8.467721816E+02 3.529929461E-02 7.661362583E+01
1.644420000E-02 8.200664322E+02 3.491562489E-02 7.539436397E+01
1.671020000E-02 7.941974918E+02 3.470403632E-02 7.419420474E+01
1.698050000E-02 7.691458344E+02 3.496826618E-02 7.301316216E+01
1.725510000E-02 7.448916209E+02 3.523482576E-02 7.185122080E+01
1.753420000E-02 7.213983611E+02 3.507711048E-02 7.070753157E+01
1.781780000E-02 6.986481845E+02 3.481640511E-02 6.958210329E+01
1.810600000E-02 6.766154865E+02 3.455747200E-02 6.847453883E+01
1.839890000E-02 6.552758796E+02 3.430246926E-02 6.738446320E+01
1.869640000E-02 6.346196627E+02 3.411673397E-02 6.631223123E+01
1.899880000E-02 6.146097985E+02 3.393165839E-02 6.525675306E+01
1.930610000E-02 5.952313020E+02 3.374751231E-02 6.421804507E+01
1.961840000E-02 5.764630692E+02 3.361316678E-02 6.319577539E+01
1.993570000E-02 5.582905115E+02 3.348012341E-02 6.218994066E+01
2.025820000E-02 5.406881957E+02 3.334737625E-02 6.119990917E+01
2.058580000E-02 5.236478038E+02 3.339630085E-02 6.022598102E+01
2.091880000E-02 5.071405031E+02 3.349643822E-02 5.926726198E+01
2.125710000E-02 4.911585660E+02 3.359716129E-02 5.832404232E+01
2.160090000E-02 4.756800017E+02 3.385894019E-02 5.739575666E+01
2.195030000E-02 4.606885723E+02 3.438993699E-02 5.648214375E+01
2.230530000E-02 4.461726661E+02 3.520283330E-02 5.558320220E+01
2.266610000E-02 4.321129086E+02 3.802183892E-02 5.469842628E+01
2.303270000E-02 4.184985063E+02 4.052896291E-02 5.382781871E+01
2.340530000E-02 4.053116019E+02 4.290902947E-02 5.297090830E+01
2.378380000E-02 3.925454121E+02 5.119067615E-02 5.212791900E+01
2.416850000E-02 3.801798355E+02 5.496837235E-02 5.129817738E+01
2.455940000E-02 3.682054539E+02 5.923432711E-02 5.048168929E+01
2.495660000E-02 3.566098578E+02 6.644167780E-02 4.967824143E+01
2.536030000E-02 3.453783608E+02 7.852887419E-02 4.888743430E+01
2.577050000E-02 3.345023806E+02 8.556058774E-02 4.810927223E+01
2.618730000E-02 3.239707417E+02 9.603300344E-02 4.734355966E+01
2.661090000E-02 3.137702966E+02 1.085549720E-01 4.658993119E+01
2.704130000E-02 3.038931804E+02 1.214029431E-01 4.584838747E+01
2.747860000E-02 2.943292849E+02 1.343500343E-01 4.511874695E+01
2.792310000E-02 2.850647630E+02 1.458969009E-01 4.440051427E+01
2.837470000E-02 2.760946035E+02 1.555548696E-01 4.369385403E+01
2.883370000E-02 2.674059234E+02 1.650147437E-01 4.299829713E+01
2.930000000E-02 1.080749837E+00 1.750637672E-01 4.231399317E+01
2.977390000E-02 1.078557580E+00 1.863596124E-01 4.164049721E+01
3.025550000E-02 1.074471025E+00 1.983838780E-01 4.097767348E+01
3.074490000E-02 1.067201683E+00 2.111835964E-01 4.032538730E+01
3.124210000E-02 1.057253333E+00 2.204178205E-01 3.968363202E+01
3.174750000E-02 1.046099237E+00 2.294841445E-01 3.905189385E+01
3.226090000E-02 1.030131989E+00 2.349634126E-01 3.843042197E+01
3.278270000E-02 1.017650995E+00 2.360266260E-01 3.781872756E+01
3.331300000E-02 1.005863729E+00 2.370948780E-01 3.721670219E+01
3.385180000E-02 9.940731161E-01 2.354257630E-01 3.662434494E+01
3.439930000E-02 9.836691426E-01 2.332458164E-01 3.604143108E+01
3.495570000E-02 9.729543397E-01 2.301977402E-01 3.546774918E+01
3.552110000E-02 9.634979060E-01 2.256945701E-01 3.490319838E+01
3.609560000E-02 9.541086658E-01 2.212790945E-01 3.434767673E+01
3.667940000E-02 9.454084542E-01 2.137364185E-01 3.380098911E+01
3.727270000E-02 9.389448445E-01 2.061953013E-01 3.326295117E+01
3.787550000E-02 9.337510169E-01 1.989214309E-01 3.273356127E+01
3.848820000E-02 9.293113485E-01 1.919013250E-01 3.221247032E+01
3.911070000E-02 9.253261148E-01 1.851301837E-01 3.169976503E+01
3.974320000E-02 9.212911817E-01 1.779620663E-01 3.119527366E+01
4.038610000E-02 9.185454249E-01 1.703598294E-01 3.069868098E+01
4.103930000E-02 9.166068899E-01 1.630821219E-01 3.021006694E+01
4.170310000E-02 9.152456024E-01 1.561142881E-01 2.972920478E+01
4.237760000E-02 9.143391080E-01 1.494463673E-01 2.925602205E+01
4.306300000E-02 9.137992734E-01 1.430618772E-01 2.879037689E+01
4.375950000E-02 9.135667583E-01 1.369037326E-01 2.833213359E+01
4.446730000E-02 9.136522428E-01 1.309860543E-01 2.788116211E+01
4.518650000E-02 9.139957227E-01 1.253254033E-01 2.743739834E+01
4.591740000E-02 9.145583088E-01 1.199091502E-01 2.700065770E+01
4.666000000E-02 9.153091676E-01 1.147279051E-01 2.657093871E+01
4.741470000E-02 9.162249269E-01 1.097696606E-01 2.614800895E+01
4.818160000E-02 9.172852228E-01 1.050254595E-01 2.573181463E+01
4.896090000E-02 9.184746342E-01 1.004862316E-01 2.532224694E+01
4.975280000E-02 9.197871043E-01 9.614329568E-02 2.491920053E+01
5.055760000E-02 9.212373583E-01 9.198797691E-02 2.452252480E+01
5.137530000E-02 9.227568147E-01 8.813978931E-02 2.413221918E+01
5.220620000E-02 9.242781200E-01 8.446249904E-02 2.374813719E+01
5.305060000E-02 9.258283966E-01 8.093803099E-02 2.337014096E+01
5.390870000E-02 9.274129452E-01 7.756095934E-02 2.299814316E+01
5.478060000E-02 9.290322981E-01 7.432480360E-02 2.263209968E+01
5.566670000E-02 9.306881279E-01 7.122344560E-02 2.227184295E+01
5.656700000E-02 9.323845294E-01 6.825192352E-02 2.191737232E+01
5.748200000E-02 9.341392947E-01 6.540397192E-02 2.156849101E+01
5.841170000E-02 9.360237832E-01 6.270998834E-02 2.122519975E+01
5.935640000E-02 9.378439133E-01 6.040178673E-02 2.088738535E+01
6.031650000E-02 9.395443892E-01 5.817830042E-02 2.055490620E+01
6.129210000E-02 9.411790527E-01 5.603677672E-02 2.022772919E+01
6.228340000E-02 9.427779827E-01 5.397417165E-02 1.990578549E+01
6.329080000E-02 9.443517355E-01 5.198744768E-02 1.958894500E+01
6.431450000E-02 9.459094078E-01 5.007381406E-02 1.927714590E+01
6.535470000E-02 9.474593674E-01 4.823068477E-02 1.897032654E+01
6.641180000E-02 9.490302796E-01 4.645532832E-02 1.866836918E+01
6.748590000E-02 9.507079189E-01 4.482239028E-02 1.837124496E+01
6.857750000E-02 9.522434731E-01 4.342696227E-02 1.807881594E+01
6.968670000E-02 9.536595127E-01 4.207494567E-02 1.779105626E+01
7.081380000E-02 9.550120466E-01 4.076514798E-02 1.750788688E+01
7.195910000E-02 9.563146393E-01 3.949610560E-02 1.722923161E+01
7.312300000E-02 9.575766011E-01 3.826652225E-02 1.695499364E+01
7.430570000E-02 9.588048036E-01 3.707527558E-02 1.668512644E+01
7.550760000E-02 9.600044213E-01 3.592099875E-02 1.641953923E+01
7.672890000E-02 9.611809777E-01 3.480272552E-02 1.615818811E+01
7.796990000E-02 9.623416407E-01 3.371926880E-02 1.590100795E+01
7.923100000E-02 9.635009048E-01 3.266958184E-02 1.564791559E+01
8.051250000E-02 9.647075450E-01 3.168936532E-02 1.539885111E+01
8.181470000E-02 9.658296770E-01 3.087225710E-02 1.515375599E+01
8.313800000E-02 9.668671306E-01 3.007624777E-02 1.491255503E+01
8.448270000E-02 9.678464438E-01 2.930072101E-02 1.467519386E+01
8.584910000E-02 9.687815829E-01 2.854523627E-02 1.444161907E+01
8.723770000E-02 9.696787345E-01 2.780917243E-02 1.421174561E+01
8.864870000E-02 9.705421420E-01 2.709212511E-02 1.398554068E+01
9.008250000E-02 9.713744180E-01 2.639357332E-02 1.376293953E+01
9.153950000E-02 9.721776960E-01 2.571304295E-02 1.354387996E+01
9.302010000E-02 9.729536871E-01 2.505002458E-02 1.332830216E+01
9.452460000E-02 9.737034291E-01 2.440413115E-02 1.311616235E+01
9.605350000E-02 9.744275439E-01 2.377485761E-02 1.290739015E+01
9.760710000E-02 9.751251592E-01 2.316181827E-02 1.270194484E+01
9.918580000E-02 9.757933952E-01 2.256452121E-02 1.249977315E+01
1.007900000E-01 9.764173970E-01 2.198278089E-02 1.230082349E+01
1.024200000E-01 9.770218391E-01 2.134819106E-02 1.210505761E+01
1.040770000E-01 9.776435940E-01 2.072189313E-02 1.191233414E+01
1.057600000E-01 9.782702504E-01 2.011436616E-02 1.172276853E+01
1.074710000E-01 9.788920126E-01 1.952426025E-02 1.153613533E+01
1.092090000E-01 9.795059499E-01 1.895160101E-02 1.135254420E+01
1.109750000E-01 9.801096773E-01 1.839585506E-02 1.117188556E+01
1.127700000E-01 9.806996948E-01 1.785634428E-02 1.099405870E+01
1.145940000E-01 9.812628263E-01 1.732194616E-02 1.081906557E+01
1.164480000E-01 9.818339702E-01 1.677394553E-02 1.064681231E+01
1.183310000E-01 9.824067309E-01 1.624355488E-02 1.047738970E+01
1.202450000E-01 9.829724662E-01 1.572979084E-02 1.031061583E+01
1.221900000E-01 9.835133502E-01 1.523226625E-02 1.014649317E+01
1.241660000E-01 9.839419655E-01 1.472673744E-02 9.985020054E+00
1.261750000E-01 9.844589967E-01 1.400298719E-02 9.826035268E+00
1.282150000E-01 9.851060394E-01 1.331520216E-02 9.669695433E+00
1.302890000E-01 9.858230665E-01 1.266098224E-02 9.515768791E+00
1.323970000E-01 9.865850645E-01 1.203881756E-02 9.364260519E+00
1.345380000E-01 9.874144308E-01 1.140495389E-02 9.215240304E+00
1.367140000E-01 9.883327373E-01 1.080060865E-02 9.068566496E+00
1.389250000E-01 9.893308480E-01 1.022831015E-02 8.924239698E+00
1.411720000E-01 9.903480238E-01 9.686320046E-03 8.782194770E+00
1.434560000E-01 9.915562519E-01 8.871411410E-03 8.642371180E+00
1.457760000E-01 9.933019465E-01 8.030851361E-03 8.504829327E+00
1.481340000E-01 9.955510747E-01 7.373179097E-03 8.369449282E+00
1.505300000E-01 9.984190954E-01 6.769521177E-03 8.236231980E+00
1.529640000E-01 1.003675492E+00 5.982566068E-03 8.105175074E+00
1.554390000E-01 1.024157042E+00 1.045273798E-02 7.976119249E+00
1.579530000E-01 1.005029062E+00 4.387929570E-02 7.849170323E+00
1.605070000E-01 9.895114934E-01 3.527230763E-02 7.724273708E+00
1.631030000E-01 9.842464510E-01 2.748679841E-02 7.601331674E+00
1.657420000E-01 9.845964007E-01 2.143484590E-02 7.480300708E+00
1.684220000E-01 9.854799565E-01 1.967556398E-02 7.361271093E+00
1.711460000E-01 9.856601184E-01 1.806061442E-02 7.244107370E+00
1.739150000E-01 9.858850588E-01 1.657802721E-02 7.128769801E+00
1.767270000E-01 9.864597448E-01 1.528047345E-02 7.015340044E+00
1.795860000E-01 9.869234228E-01 1.457027392E-02 6.903656187E+00
1.824910000E-01 9.872089256E-01 1.389312481E-02 6.793759692E+00
1.854420000E-01 9.874568404E-01 1.324764188E-02 6.685648343E+00
1.884420000E-01 9.876974649E-01 1.263195428E-02 6.579212702E+00
1.914890000E-01 9.879439085E-01 1.204503668E-02 6.474523341E+00
1.945870000E-01 9.882053990E-01 1.148524979E-02 6.371443108E+00
1.977340000E-01 9.884977900E-01 1.095153974E-02 6.270039548E+00
2.009320000E-01 9.888406562E-01 1.050821432E-02 6.170246651E+00
2.041820000E-01 9.891291088E-01 1.014033128E-02 6.072033774E+00
2.074850000E-01 9.893764025E-01 9.785317582E-03 5.975371714E+00
2.108400000E-01 9.896092115E-01 9.442792052E-03 5.880288370E+00
2.142510000E-01 9.898318506E-01 9.112185181E-03 5.786670774E+00
2.177160000E-01 9.900464781E-01 8.793185014E-03 5.694574583E+00
2.212370000E-01 9.902543376E-01 8.485383867E-03 5.603945091E+00
2.248160000E-01 9.904556658E-01 8.188264504E-03 5.514732048E+00
2.284520000E-01 9.906491293E-01 7.901638566E-03 5.426960587E+00
2.321470000E-01 9.908263845E-01 7.624484826E-03 5.340581614E+00
2.359020000E-01 9.910078780E-01 7.324461148E-03 5.255572229E+00
2.397170000E-01 9.911997238E-01 7.036289172E-03 5.171931903E+00
2.435950000E-01 9.913980309E-01 6.759388608E-03 5.089595435E+00
2.475350000E-01 9.915990113E-01 6.493396774E-03 5.008584645E+00
2.515380000E-01 9.918020959E-01 6.237920093E-03 4.928877545E+00
2.556070000E-01 9.920075911E-01 5.992450467E-03 4.850414895E+00
2.597410000E-01 9.922175915E-01 5.756661683E-03 4.773216396E+00
2.639420000E-01 9.924410347E-01 5.540402897E-03 4.697244092E+00
2.682110000E-01 9.926474140E-01 5.353059731E-03 4.622480062E+00
2.725490000E-01 9.928419728E-01 5.172025512E-03 4.548906802E+00
2.769570000E-01 9.930294018E-01 4.997121540E-03 4.476507183E+00
2.814370000E-01 9.932115224E-01 4.828138050E-03 4.405248777E+00
2.859890000E-01 9.933894498E-01 4.664859271E-03 4.335131771E+00
2.906150000E-01 9.935641849E-01 4.507092680E-03 4.266125286E+00
2.953150000E-01 9.937414262E-01 4.354662842E-03 4.198229010E+00
3.000920000E-01 9.939120374E-01 4.220816846E-03 4.131399704E+00
3.049450000E-01 9.940725628E-01 4.091330173E-03 4.065651183E+00
3.098780000E-01 9.942266781E-01 3.965773635E-03 4.000929398E+00
3.148900000E-01 9.943754682E-01 3.844108805E-03 3.937247928E+00
3.199830000E-01 9.945196427E-01 3.726153144E-03 3.874580837E+00
3.251580000E-01 9.946596797E-01 3.611843103E-03 3.812915567E+00
3.304180000E-01 9.947960538E-01 3.501009144E-03 3.752216889E+00
3.357620000E-01 9.949302475E-01 3.393595375E-03 3.692496471E+00
3.411920000E-01 9.950610286E-01 3.292812511E-03 3.633731154E+00
3.467110000E-01 9.951861138E-01 3.196315617E-03 3.575888853E+00
3.523190000E-01 9.953065219E-01 3.102652171E-03 3.518970024E+00
3.580170000E-01 9.954228636E-01 3.011746018E-03 3.462964049E+00
3.638080000E-01 9.955354540E-01 2.923490389E-03 3.407841499E+00
3.696920000E-01 9.956444126E-01 2.837815647E-03 3.353602458E+00
3.756720000E-01 9.957498777E-01 2.754655688E-03 3.300219340E+00
3.817480000E-01 9.958518394E-01 2.673943361E-03 3.247692195E+00
3.879220000E-01 9.959502694E-01 2.595599975E-03 3.196003320E+00
3.941970000E-01 9.960428505E-01 2.519338083E-03 3.145127944E+00
4.005730000E-01 9.961339863E-01 2.440064664E-03 3.095066318E+00
4.070520000E-01 9.962249276E-01 2.363287130E-03 3.045802502E+00
4.136350000E-01 9.963142514E-01 2.288934180E-03 2.997328563E+00
4.203260000E-01 9.964016994E-01 2.216904251E-03 2.949615299E+00
4.271240000E-01 9.964870370E-01 2.147153394E-03 2.902669951E+00
4.340320000E-01 9.965701860E-01 2.079608322E-03 2.856471412E+00
4.410520000E-01 9.966509532E-01 2.014174154E-03 2.811006412E+00
4.481860000E-01 9.967290650E-01 1.950794824E-03 2.766262221E+00
4.554350000E-01 9.968030575E-01 1.889413059E-03 2.722232591E+00
4.628020000E-01 9.968756075E-01 1.824785764E-03 2.678899400E+00
4.702870000E-01 9.969484312E-01 1.761723824E-03 2.636262538E+00
4.778940000E-01 9.970209856E-01 1.700827987E-03 2.594299154E+00
4.856230000E-01 9.970924111E-01 1.642047246E-03 2.553009227E+00
4.934780000E-01 9.971624987E-01 1.585294623E-03 2.512371372E+00
5.014590000E-01 9.972310830E-01 1.530504158E-03 2.472385579E+00
5.095700000E-01 9.972980641E-01 1.477613464E-03 2.433031772E+00
5.178120000E-01 9.973632685E-01 1.426546321E-03 2.394305269E+00
5.261870000E-01 9.974265183E-01 1.377240586E-03 2.356196561E+00
5.346980000E-01 9.974876408E-01 1.329639097E-03 2.318692047E+00
5.433460000E-01 9.975430517E-01 1.283688757E-03 2.281787296E+00
5.521340000E-01 9.975981670E-01 1.231510252E-03 2.245469397E+00
5.610650000E-01 9.976561500E-01 1.180407608E-03 2.209726146E+00
5.701390000E-01 9.977147693E-01 1.131426136E-03 2.174557432E+00
5.793610000E-01 9.977732871E-01 1.084475174E-03 2.139943835E+00
5.887320000E-01 9.978313390E-01 1.039470534E-03 2.105881793E+00
5.982540000E-01 9.978887146E-01 9.963401800E-04 2.072363912E+00
6.079300000E-01 9.979452885E-01 9.549991744E-04 2.039379534E+00
6.177630000E-01 9.980009783E-01 9.153669828E-04 2.006918511E+00
6.277550000E-01 9.980557562E-01 8.773812391E-04 1.974974313E+00
6.379080000E-01 9.981092384E-01 8.412045811E-04 1.943540448E+00
6.482260000E-01 9.981614971E-01 8.059666810E-04 1.912604555E+00
6.587110000E-01 9.982132245E-01 7.717680991E-04 1.882160765E+00
6.693650000E-01 9.982645090E-01 7.390308718E-04 1.852203208E+00
6.801910000E-01 9.983151629E-01 7.087365620E-04 1.822723323E+00
6.911930000E-01 9.983639818E-01 6.804560181E-04 1.793710295E+00
7.023720000E-01 9.984102976E-01 6.533509394E-04 1.765161481E+00
7.137330000E-01 9.984550510E-01 6.259986934E-04 1.737064140E+00
7.252770000E-01 9.984996085E-01 5.989110123E-04 1.709415851E+00
7.370080000E-01 9.985436358E-01 5.729991529E-04 1.682206977E+00
7.489280000E-01 9.985868696E-01 5.482106271E-04 1.655432832E+00
7.610420000E-01 9.986292196E-01 5.244834490E-04 1.629082232E+00
7.733510000E-01 9.986706156E-01 5.017279206E-04 1.603153031E+00
7.858590000E-01 9.987111047E-01 4.797826488E-04 1.577636701E+00
7.985700000E-01 9.987508680E-01 4.586632094E-04 1.552525139E+00
8.114860000E-01 9.987898476E-01 4.384772115E-04 1.527814405E+00
8.246110000E-01 9.988279956E-01 4.191737848E-04 1.503496800E+00
8.379490000E-01 9.988653090E-01 4.007146781E-04 1.479564985E+00
8.515020000E-01 9.989017930E-01 3.830376958E-04 1.456015370E+00
8.652740000E-01 9.989374648E-01 3.660954851E-04 1.432840927E+00
8.792690000E-01 9.989723863E-01 3.498697843E-04 1.410034927E+00
8.934910000E-01 9.990065544E-01 3.343588030E-04 1.387590921E+00
9.079430000E-01 9.990399654E-01 3.195350378E-04 1.365504222E+00
9.226280000E-01 9.990725650E-01 3.053744486E-04 1.343770187E+00
9.375510000E-01 9.991044899E-01 2.916305064E-04 1.322381396E+00
9.527150000E-01 9.991358108E-01 2.784551857E-04 1.301333557E+00
9.681240000E-01 9.991665826E-01 2.658307735E-04 1.280621077E+00
9.837830000E-01 9.991967911E-01 2.537736737E-04 1.260237268E+00
9.996950000E-01 9.992264322E-01 2.422419424E-04 1.240178254E+00
1.015860000E+00 9.992554938E-01 2.312132149E-04 1.220443762E+00
1.032290000E+00 9.992841575E-01 2.204653470E-04 1.201019093E+00
1.048990000E+00 9.993124996E-01 2.101740728E-04 1.181898779E+00
1.065960000E+00 9.993405879E-01 2.003247297E-04 1.163083043E+00
1.083200000E+00 9.993684509E-01 1.909310365E-04 1.144571640E+00
1.100720000E+00 9.993961563E-01 1.819820236E-04 1.126353659E+00
1.118520000E+00 9.994237846E-01 1.734554286E-04 1.108428995E+00
1.136610000E+00 9.994514623E-01 1.653234628E-04 1.090787517E+00
1.155000000E+00 9.994793514E-01 1.575714347E-04 1.073419913E+00
1.173680000E+00 9.995076403E-01 1.501860111E-04 1.056335628E+00
1.192660000E+00 9.995366270E-01 1.431443519E-04 1.039525095E+00
1.211950000E+00 9.995667192E-01 1.364340477E-04 1.022979496E+00
1.231550000E+00 9.995985204E-01 1.300420316E-04 1.006698875E+00
1.251470000E+00 9.996329999E-01 1.239531222E-04 9.906749662E-01
1.271720000E+00 9.996718394E-01 1.181540861E-04 9.749001352E-01
1.292290000E+00 9.997183378E-01 1.126348963E-04 9.593821820E-01
1.313190000E+00 9.997805168E-01 1.073783842E-04 9.441131900E-01
1.334430000E+00 9.998882612E-01 1.023673525E-04 9.290858269E-01
1.351300000E+00 1.000559794E+00 9.860724095E-05 9.174868645E-01
1.351500000E+00 1.000559349E+00 5.140399067E-04 9.173510914E-01
1.356010000E+00 1.000048738E+00 5.081796151E-04 9.143000420E-01
1.377940000E+00 9.998144768E-01 4.808797463E-04 8.997489005E-01
1.400230000E+00 9.997388123E-01 4.550423415E-04 8.854259657E-01
1.422880000E+00 9.996970508E-01 4.305940050E-04 8.713313842E-01
1.445890000E+00 9.996711218E-01 4.074611230E-04 8.574649524E-01
1.469280000E+00 9.996545361E-01 3.855721467E-04 8.438146575E-01
1.493040000E+00 9.996441425E-01 3.648721785E-04 8.303863259E-01
1.517190000E+00 9.996381647E-01 3.452944514E-04 8.171685814E-01
1.541730000E+00 9.996354958E-01 3.267695204E-04 8.041615588E-01
1.566670000E+00 9.996354227E-01 3.092351200E-04 7.913600184E-01
1.592010000E+00 9.996374589E-01 2.926470740E-04 7.787639525E-01
1.617760000E+00 9.996412986E-01 2.769480978E-04 7.663683117E-01
1.643920000E+00 9.996468060E-01 2.620894132E-04 7.541729525E-01
1.670510000E+00 9.996540820E-01 2.480273752E-04 7.421685593E-01
1.697530000E+00 9.996637666E-01 2.347228309E-04 7.303552809E-01
1.724990000E+00 9.996801116E-01 2.221348125E-04 7.187288042E-01
1.741100000E+00 9.997355083E-01 2.151524458E-04 7.120785710E-01
1.741300000E+00 9.997354106E-01 2.498574839E-04 7.119967840E-01
1.752890000E+00 9.996874295E-01 2.443013983E-04 7.072891054E-01
1.781240000E+00 9.996797669E-01 2.313681362E-04 6.960319777E-01
1.810050000E+00 9.996805768E-01 2.191186013E-04 6.849534543E-01
1.839320000E+00 9.996842051E-01 2.075233501E-04 6.740534545E-01
1.869070000E+00 9.996896470E-01 1.965406491E-04 6.633245411E-01
1.899300000E+00 9.996976413E-01 1.861394553E-04 6.527668088E-01
1.922700000E+00 9.997191719E-01 1.785737849E-04 6.448223852E-01
1.922900000E+00 9.997191099E-01 1.908264787E-04 6.447553175E-01
1.930020000E+00 9.997064573E-01 1.884280547E-04 6.423767629E-01
1.961240000E+00 9.997057267E-01 1.783627826E-04 6.321510881E-01
1.992960000E+00 9.997095290E-01 1.688359809E-04 6.220897559E-01
2.025200000E+00 9.997146105E-01 1.598507168E-04 6.121864507E-01
2.057950000E+00 9.997204787E-01 1.513160059E-04 6.024441799E-01
2.091240000E+00 9.997271879E-01 1.432313911E-04 5.928540005E-01
2.125060000E+00 9.997373430E-01 1.355831445E-04 5.834188211E-01
2.128200000E+00 9.997441071E-01 1.349006767E-04 5.825580303E-01
2.128400000E+00 9.997441415E-01 1.404867367E-04 5.825032889E-01
2.159430000E+00 9.997392148E-01 1.339431178E-04 5.741329888E-01
2.194360000E+00 9.997438869E-01 1.270447333E-04 5.649938934E-01
2.229850000E+00 9.997491827E-01 1.204837743E-04 5.560015248E-01
2.265920000E+00 9.997547312E-01 1.142448352E-04 5.471508262E-01
2.302570000E+00 9.997603980E-01 1.083168988E-04 5.384418280E-01
2.339810000E+00 9.997661200E-01 1.026776004E-04 5.298720836E-01
2.377660000E+00 9.997718641E-01 9.731794717E-05 5.214370431E-01
2.416110000E+00 9.997775933E-01 9.222989643E-05 5.131388885E-01
2.455190000E+00 9.997832917E-01 8.739347413E-05 5.049711020E-01
2.494900000E+00 9.997889414E-01 8.280271206E-05 4.969337448E-01
2.535260000E+00 9.997945322E-01 7.844217983E-05 4.890228221E-01
2.576260000E+00 9.998000485E-01 7.430461241E-05 4.812402475E-01
2.617930000E+00 9.998054883E-01 7.037561214E-05 4.735802714E-01
2.660270000E+00 9.998108396E-01 6.665060148E-05 4.660429205E-01
2.703300000E+00 9.998161010E-01 6.311134162E-05 4.586246440E-01
2.747030000E+00 9.998212683E-01 5.975657511E-05 4.513237933E-01
2.791460000E+00 9.998263364E-01 5.657494566E-05 4.441403423E-01
2.836610000E+00 9.998312982E-01 5.356214773E-05 4.370710108E-01
2.882490000E+00 9.998361596E-01 5.069549009E-05 4.301142415E-01
2.929110000E+00 9.998409178E-01 4.798519929E-05 4.232685014E-01
2.976480000E+00 9.998455655E-01 4.541615378E-05 4.165322797E-01
3.024630000E+00 9.998501080E-01 4.297902770E-05 4.099013764E-01
3.073550000E+00 9.998545430E-01 4.067118315E-05 4.033772023E-01
3.123260000E+00 9.998588714E-01 3.848329932E-05 3.969570257E-01
3.173780000E+00 9.998630929E-01 3.641247238E-05 3.906382925E-01
3.225110000E+00 9.998672074E-01 3.444827261E-05 3.844209965E-01
3.277270000E+00 9.998712197E-01 3.258811061E-05 3.783026727E-01
3.330280000E+00 9.998751276E-01 3.082893468E-05 3.722810094E-01
3.384150000E+00 9.998789321E-01 2.916109216E-05 3.663549193E-01
3.438880000E+00 9.998826353E-01 2.758245477E-05 3.605243568E-01
3.494500000E+00 9.998862391E-01 2.608833204E-05 3.547860924E-01
3.551020000E+00 9.998897437E-01 2.467476574E-05 3.491391206E-01
3.608460000E+00 9.998931517E-01 2.333408323E-05 3.435814724E-01
3.666820000E+00 9.998964657E-01 2.206577429E-05 3.381131335E-01
3.726130000E+00 9.998996872E-01 2.086555739E-05 3.327312788E-01
3.786400000E+00 9.999028174E-01 1.972979501E-05 3.274350306E-01
3.847640000E+00 9.999058584E-01 1.865503169E-05 3.222234928E-01
3.909870000E+00 9.999088118E-01 1.763818571E-05 3.170949418E-01
3.973110000E+00 9.999116803E-01 1.667604962E-05 3.120477409E-01
4.037380000E+00 9.999144655E-01 1.576559755E-05 3.070803343E-01
4.102680000E+00 9.999171691E-01 1.490438259E-05 3.021927131E-01
4.169030000E+00 9.999197927E-01 1.408978170E-05 2.973833242E-01
4.236460000E+00 9.999223391E-01 1.331912600E-05 2.926499955E-01
4.304980000E+00 9.999248100E-01 1.259014847E-05 2.879920464E-01
4.374620000E+00 9.999272077E-01 1.190057910E-05 2.834074731E-01
4.445370000E+00 9.999295332E-01 1.124848246E-05 2.788969197E-01
4.517270000E+00 9.999317890E-01 1.063177595E-05 2.744578031E-01
4.590330000E+00 9.999339766E-01 1.004873381E-05 2.700895143E-01
4.664580000E+00 9.999360984E-01 9.496958940E-06 2.657902748E-01
4.740030000E+00 9.999381562E-01 8.975400455E-06 2.615595260E-01
4.816690000E+00 9.999401510E-01 8.482467268E-06 2.573966770E-01
4.894600000E+00 9.999420852E-01 8.016129610E-06 2.532995546E-01
4.973770000E+00 9.999439606E-01 7.575094450E-06 2.492676581E-01
5.054210000E+00 9.999457786E-01 7.158356155E-06 2.453004525E-01
5.135960000E+00 9.999475413E-01 6.764188947E-06 2.413959610E-01
5.219030000E+00 9.999492501E-01 6.391752770E-06 2.375537217E-01
5.303440000E+00 9.999509063E-01 6.039551403E-06 2.337727965E-01
5.389220000E+00 9.999525121E-01 5.706481961E-06 2.300518442E-01
5.476390000E+00 9.999540690E-01 5.391752100E-06 2.263900124E-01
5.564970000E+00 9.999555783E-01 5.094328378E-06 2.227864661E-01
5.654980000E+00 9.999570414E-01 4.813185502E-06 2.192403863E-01
5.746440000E+00 9.999584599E-01 4.547324434E-06 2.157509693E-01
5.839390000E+00 9.999598357E-01 4.295946288E-06 2.123166975E-01
5.933830000E+00 9.999611700E-01 4.058451736E-06 2.089375665E-01
6.029810000E+00 9.999624641E-01 3.834172610E-06 2.056117854E-01
6.127330000E+00 9.999637194E-01 3.621997143E-06 2.023393550E-01
6.226440000E+00 9.999649378E-01 3.421458439E-06 1.991185975E-01
6.327150000E+00 9.999661205E-01 3.232013241E-06 1.959492030E-01
6.429480000E+00 9.999672689E-01 3.052887387E-06 1.928305244E-01
6.533480000E+00 9.999683849E-01 2.883690872E-06 1.897610462E-01
6.639150000E+00 9.999694697E-01 2.723799931E-06 1.867407725E-01
6.746540000E+00 9.999705253E-01 2.572622259E-06 1.837682723E-01
6.855650000E+00 9.999715534E-01 2.429848887E-06 1.808435378E-01
6.966540000E+00 9.999725563E-01 2.295013975E-06 1.779649582E-01
7.079220000E+00 9.999735364E-01 2.167370528E-06 1.751322886E-01
7.193720000E+00 9.999744968E-01 2.046957073E-06 1.723447674E-01
7.310070000E+00 9.999754415E-01 1.933078627E-06 1.696016591E-01
7.428310000E+00 9.999763765E-01 1.825390967E-06 1.669020275E-01
7.548450000E+00 9.999773105E-01 1.723826879E-06 1.642456398E-01
7.670540000E+00 9.999782592E-01 1.627791459E-06 1.616313845E-01
7.794610000E+00 9.999792563E-01 1.536946232E-06 1.590586315E-01
7.920680000E+00 9.999804006E-01 1.451174837E-06 1.565269649E-01
8.048790000E+00 9.999824959E-01 1.370289463E-06 1.540355755E-01
8.071000000E+00 9.999867927E-01 1.356858500E-06 1.536116962E-01
8.071200000E+00 9.999867931E-01 3.804310400E-06 1.536078898E-01
8.178980000E+00 9.999818250E-01 3.613681234E-06 1.515836938E-01
8.311260000E+00 9.999818414E-01 3.395863952E-06 1.491711245E-01
8.445690000E+00 9.999821636E-01 3.191017624E-06 1.467967685E-01
8.582290000E+00 9.999826181E-01 2.998630944E-06 1.444602781E-01
8.721110000E+00 9.999831824E-01 2.817766042E-06 1.421608029E-01
8.862160000E+00 9.999839998E-01 2.647856576E-06 1.398981738E-01
8.917700000E+00 9.999861893E-01 2.584499766E-06 1.390268791E-01
8.917900000E+00 9.999861894E-01 3.606804234E-06 1.390237612E-01
9.005500000E+00 9.999842593E-01 3.471642795E-06 1.376714230E-01
9.151160000E+00 9.999844123E-01 3.260646571E-06 1.354800921E-01
9.299170000E+00 9.999848029E-01 3.062413257E-06 1.333237267E-01
9.394100000E+00 9.999859288E-01 2.943177673E-06 1.319764533E-01
9.394300000E+00 9.999859292E-01 3.367454076E-06 1.319736436E-01
9.449580000E+00 9.999851963E-01 3.300014919E-06 1.312015984E-01
9.602420000E+00 9.999853652E-01 3.122433321E-06 1.291132860E-01
9.757730000E+00 9.999856519E-01 2.954080791E-06 1.270582400E-01
9.915550000E+00 9.999859721E-01 2.794442588E-06 1.250359284E-01
1.007590000E+01 9.999863074E-01 2.642825536E-06 1.230460803E-01
1.023890000E+01 9.999866501E-01 2.499004682E-06 1.210872262E-01
1.040450000E+01 9.999869952E-01 2.362631504E-06 1.191599789E-01
1.057280000E+01 9.999873401E-01 2.233341122E-06 1.172631659E-01
1.074380000E+01 9.999876827E-01 2.110829086E-06 1.153967870E-01
1.091760000E+01 9.999880218E-01 1.994725572E-06 1.135597567E-01
1.109420000E+01 9.999883563E-01 1.884736296E-06 1.117520867E-01
1.127360000E+01 9.999886854E-01 1.780594207E-06 1.099737440E-01
1.145590000E+01 9.999890086E-01 1.681985271E-06 1.082237101E-01
1.164120000E+01 9.999893256E-01 1.588619721E-06 1.065010480E-01
1.182950000E+01 9.999896361E-01 1.500248776E-06 1.048057822E-01
1.202080000E+01 9.999899397E-01 1.416635579E-06 1.031378943E-01
1.221530000E+01 9.999902366E-01 1.337502041E-06 1.014956653E-01
1.241280000E+01 9.999905262E-01 1.262678861E-06 9.988076824E-02
1.261360000E+01 9.999908090E-01 1.191890825E-06 9.829073381E-02
1.281760000E+01 9.999910847E-01 1.124961023E-06 9.672637623E-02
1.302500000E+01 9.999913534E-01 1.061664362E-06 9.518618042E-02
1.323560000E+01 9.999916150E-01 1.001854607E-06 9.367161292E-02
1.344970000E+01 9.999918697E-01 9.453106257E-07 9.218049473E-02
1.366720000E+01 9.999921175E-01 8.918820758E-07 9.071353313E-02
1.388830000E+01 9.999923587E-01 8.413895331E-07 8.926938502E-02
1.411290000E+01 9.999925931E-01 7.936937713E-07 8.784870579E-02
1.434120000E+01 9.999928210E-01 7.486326031E-07 8.645022732E-02
1.457310000E+01 9.999930425E-01 7.060805271E-07 8.507455517E-02
1.480890000E+01 9.999932577E-01 6.658818976E-07 8.371992518E-02
1.504840000E+01 9.999934667E-01 6.279320767E-07 8.238749635E-02
1.529180000E+01 9.999936697E-01 5.921003637E-07 8.107613231E-02
1.553910000E+01 9.999938667E-01 5.582760756E-07 7.978583058E-02
1.579040000E+01 9.999940579E-01 5.263466049E-07 7.851606039E-02
1.604580000E+01 9.999942435E-01 4.962085100E-07 7.726632514E-02
1.630540000E+01 9.999944237E-01 4.677616666E-07 7.603615980E-02
1.656910000E+01 9.999945984E-01 4.409231530E-07 7.482603159E-02
1.683710000E+01 9.999947679E-01 4.155974294E-07 7.363500840E-02
1.710940000E+01 9.999949323E-01 3.917055744E-07 7.246309046E-02
1.738610000E+01 9.999950917E-01 3.691655673E-07 7.130983947E-02
1.766740000E+01 9.999952463E-01 3.478990888E-07 7.017444559E-02
1.795310000E+01 9.999953962E-01 3.278463317E-07 6.905771148E-02
1.824350000E+01 9.999955415E-01 3.089299635E-07 6.795845096E-02
1.853860000E+01 9.999956823E-01 2.910914673E-07 6.687667893E-02
1.883840000E+01 9.999958188E-01 2.742715996E-07 6.581238322E-02
1.914310000E+01 9.999959511E-01 2.584102888E-07 6.476485000E-02
1.945270000E+01 9.999960794E-01 2.434565025E-07 6.373408319E-02
1.976740000E+01 9.999962036E-01 2.293556643E-07 6.271942694E-02
2.008710000E+01 9.999963240E-01 2.160649845E-07 6.172120416E-02
2.041200000E+01 9.999964407E-01 2.035353835E-07 6.073878111E-02
2.074210000E+01 9.999965537E-01 1.917268578E-07 5.977215422E-02
2.107760000E+01 9.999966632E-01 1.805946914E-07 5.882073860E-02
2.141850000E+01 9.999967692E-01 1.701042643E-07 5.788453907E-02
2.176500000E+01 9.999968720E-01 1.602161321E-07 5.696301401E-02
2.211700000E+01 9.999969715E-01 1.508994082E-07 5.605642718E-02
2.247470000E+01 9.999970679E-01 1.421199884E-07 5.516425136E-02
2.283820000E+01 9.999971612E-01 1.338467436E-07 5.428623972E-02
2.320760000E+01 9.999972516E-01 1.260519521E-07 5.342215481E-02
2.358300000E+01 9.999973392E-01 1.187069563E-07 5.257176780E-02
2.396440000E+01 9.999974240E-01 1.117884097E-07 5.173507369E-02
2.435200000E+01 9.999975061E-01 1.052695892E-07 5.091162943E-02
2.474590000E+01 9.999975857E-01 9.912853339E-08 5.010122889E-02
2.514620000E+01 9.999976627E-01 9.334337547E-08 4.930367213E-02
2.555290000E+01 9.999977373E-01 8.789449442E-08 4.851895480E-02
2.596620000E+01 9.999978095E-01 8.276190215E-08 4.774668608E-02
2.638610000E+01 9.999978794E-01 7.792805179E-08 4.698686051E-02
2.681290000E+01 9.999979471E-01 7.337457482E-08 4.623893723E-02
2.724660000E+01 9.999980126E-01 6.908620425E-08 4.550292514E-02
2.768730000E+01 9.999980761E-01 6.504731156E-08 4.477865303E-02
2.813510000E+01 9.999981376E-01 6.124371078E-08 4.406595320E-02
2.859020000E+01 9.999981971E-01 5.766130635E-08 4.336450952E-02
2.905260000E+01 9.999982547E-01 5.428815318E-08 4.267432175E-02
2.952250000E+01 9.999983103E-01 5.111163597E-08 4.199508849E-02
3.000000000E+01 0.000000000E+00 0.000000000E+00 4.132666667E-02
