# 11/08/2021 
# Data retrieved from www.chemicool.com/densities.html 
# Includes the real (n) and complex (k) part of the  refractive index. 
# Element, Ir  (Z = 77) 
# Nominal density, g cm-3 =  22.56 
#    E [keV]      n       k    Wavelength [nm] 
1.000000000E-02 -3.629493309E+01 1.593546568E+00 1.239800000E+02
1.016170000E-02 4.719135966E+03 1.088502609E+00 1.220071445E+02
1.032610000E-02 4.570098673E+03 1.091643992E+00 1.200646904E+02
1.049310000E-02 4.425819576E+03 1.094809844E+00 1.181538344E+02
1.066280000E-02 4.286097064E+03 1.097981662E+00 1.162733991E+02
1.083530000E-02 4.150744043E+03 1.101522767E+00 1.144223049E+02
1.101060000E-02 4.019659586E+03 1.105253967E+00 1.126005849E+02
1.118860000E-02 3.892810583E+03 1.109023951E+00 1.108092165E+02
1.136960000E-02 3.769884418E+03 1.111106628E+00 1.090451731E+02
1.155350000E-02 3.650858712E+03 1.099374384E+00 1.073094733E+02
1.174040000E-02 3.535576639E+03 1.087758096E+00 1.056011720E+02
1.193030000E-02 3.423949256E+03 1.076272605E+00 1.039202702E+02
1.212320000E-02 3.315886409E+03 1.064917619E+00 1.022667283E+02
1.231930000E-02 3.211192885E+03 1.047285699E+00 1.006388350E+02
1.251860000E-02 3.109791993E+03 1.027368854E+00 9.903663349E+01
1.272100000E-02 3.011652879E+03 1.007853613E+00 9.746089144E+01
1.292680000E-02 2.916554281E+03 9.886875209E-01 9.590927376E+01
1.313590000E-02 2.824472247E+03 9.698919426E-01 9.438256990E+01
1.334830000E-02 2.735332176E+03 9.508114413E-01 9.288074137E+01
1.356420000E-02 2.648980735E+03 9.320818036E-01 9.140236800E+01
1.378360000E-02 2.565353350E+03 9.137217480E-01 8.994747381E+01
1.400660000E-02 2.484348886E+03 8.978104700E-01 8.851541416E+01
1.423310000E-02 2.405939686E+03 8.900826331E-01 8.710681440E+01
1.446330000E-02 2.329994170E+03 8.824183674E-01 8.572040959E+01
1.469730000E-02 2.256423351E+03 8.748105746E-01 8.435562995E+01
1.493500000E-02 2.185201679E+03 8.672781362E-01 8.301305658E+01
1.517650000E-02 2.116241400E+03 8.613532065E-01 8.169208974E+01
1.542200000E-02 2.049433138E+03 8.595265599E-01 8.039164829E+01
1.567140000E-02 1.984753011E+03 8.577117917E-01 7.911226821E+01
1.592490000E-02 1.922099074E+03 8.558929626E-01 7.785292215E+01
1.618250000E-02 1.861424110E+03 8.572035725E-01 7.661362583E+01
1.644420000E-02 1.802680135E+03 8.600837889E-01 7.539436397E+01
1.671020000E-02 1.745776868E+03 8.629656965E-01 7.419420474E+01
1.698050000E-02 1.690671358E+03 8.658589826E-01 7.301316216E+01
1.725510000E-02 1.637319965E+03 8.687682384E-01 7.185122080E+01
1.753420000E-02 1.585642424E+03 8.725945474E-01 7.070753157E+01
1.781780000E-02 1.535599424E+03 8.813610128E-01 6.958210329E+01
1.810600000E-02 1.487134644E+03 8.902153113E-01 6.847453883E+01
1.839890000E-02 1.440194440E+03 8.991532427E-01 6.738446320E+01
1.869640000E-02 1.394757471E+03 9.081962876E-01 6.631223123E+01
1.899880000E-02 1.350742269E+03 9.108971728E-01 6.525675306E+01
1.930610000E-02 1.308115870E+03 9.118842420E-01 6.421804507E+01
1.961840000E-02 1.266831854E+03 9.128712443E-01 6.319577539E+01
1.993570000E-02 1.226858129E+03 9.138631976E-01 6.218994066E+01
2.025820000E-02 1.188138751E+03 9.124026219E-01 6.119990917E+01
2.058580000E-02 1.150655423E+03 9.072343827E-01 6.022598102E+01
2.091880000E-02 1.114344723E+03 9.020864760E-01 5.926726198E+01
2.125710000E-02 1.079189652E+03 8.969752903E-01 5.832404232E+01
2.160090000E-02 1.045141837E+03 8.902554428E-01 5.739575666E+01
2.195030000E-02 1.012165562E+03 8.782911865E-01 5.648214375E+01
2.230530000E-02 9.802352825E+02 8.664915047E-01 5.558320220E+01
2.266610000E-02 9.493083824E+02 8.548460900E-01 5.469842628E+01
2.303270000E-02 9.193611190E+02 8.433602499E-01 5.382781871E+01
2.340530000E-02 8.903542121E+02 8.238031409E-01 5.297090830E+01
2.378380000E-02 8.622727407E+02 8.035375780E-01 5.212791900E+01
2.416850000E-02 8.350724883E+02 7.837653799E-01 5.129817738E+01
2.455940000E-02 8.087327377E+02 7.644824019E-01 5.048168929E+01
2.495660000E-02 7.832261924E+02 7.454954351E-01 4.967824143E+01
2.536030000E-02 7.585205469E+02 7.266037992E-01 4.888743430E+01
2.577050000E-02 7.345969226E+02 7.081913878E-01 4.810927223E+01
2.618730000E-02 7.114307376E+02 6.902482238E-01 4.734355966E+01
2.661090000E-02 6.889930713E+02 6.727559410E-01 4.658993119E+01
2.704130000E-02 6.672666235E+02 6.528739914E-01 4.584838747E+01
2.747860000E-02 6.462291596E+02 6.297911533E-01 4.511874695E+01
2.792310000E-02 6.258502202E+02 6.075182661E-01 4.440051427E+01
2.837470000E-02 6.061187826E+02 5.860368740E-01 4.369385403E+01
2.883370000E-02 5.870065083E+02 5.653107909E-01 4.299829713E+01
2.930000000E-02 6.184104653E-01 5.453230661E-01 4.231399317E+01
2.977390000E-02 6.157648614E-01 5.250480346E-01 4.164049721E+01
3.025550000E-02 6.144438661E-01 5.010778752E-01 4.097767348E+01
3.074490000E-02 6.158846677E-01 4.782018876E-01 4.032538730E+01
3.124210000E-02 6.183969282E-01 4.563738000E-01 3.968363202E+01
3.174750000E-02 6.209589269E-01 4.355377847E-01 3.905189385E+01
3.226090000E-02 6.222675335E-01 4.134113557E-01 3.843042197E+01
3.278270000E-02 6.265589709E-01 3.872938900E-01 3.781872756E+01
3.331300000E-02 6.355459800E-01 3.628246861E-01 3.721670219E+01
3.385180000E-02 6.473920203E-01 3.399033011E-01 3.662434494E+01
3.439930000E-02 6.619750342E-01 3.218677940E-01 3.604143108E+01
3.495570000E-02 6.745567421E-01 3.060161130E-01 3.546774918E+01
3.552110000E-02 6.870616617E-01 2.909446513E-01 3.490319838E+01
3.609560000E-02 7.002823234E-01 2.766163572E-01 3.434767673E+01
3.667940000E-02 7.148022330E-01 2.653328514E-01 3.380098911E+01
3.727270000E-02 7.272580864E-01 2.561502351E-01 3.326295117E+01
3.787550000E-02 7.385829754E-01 2.472869622E-01 3.273356127E+01
3.848820000E-02 7.494619655E-01 2.387278020E-01 3.221247032E+01
3.911070000E-02 7.603915926E-01 2.304668075E-01 3.169976503E+01
3.974320000E-02 7.716533313E-01 2.227250076E-01 3.119527366E+01
4.038610000E-02 7.824933059E-01 2.172933989E-01 3.069868098E+01
4.103930000E-02 7.921555432E-01 2.119956063E-01 3.021006694E+01
4.170310000E-02 8.013107441E-01 2.068265746E-01 2.972920478E+01
4.237760000E-02 8.102015470E-01 2.017837960E-01 2.925602205E+01
4.306300000E-02 8.191952597E-01 1.968641105E-01 2.879037689E+01
4.375950000E-02 8.284685963E-01 1.926504732E-01 2.833213359E+01
4.446730000E-02 8.372059557E-01 1.888868061E-01 2.788116211E+01
4.518650000E-02 8.460117743E-01 1.851970343E-01 2.743739834E+01
4.591740000E-02 8.555043496E-01 1.815786684E-01 2.700065770E+01
4.666000000E-02 8.661924490E-01 1.787465117E-01 2.657093871E+01
4.741470000E-02 8.810202162E-01 1.763700962E-01 2.614800895E+01
4.818160000E-02 9.021087985E-01 1.852005632E-01 2.573181463E+01
4.896090000E-02 9.074090298E-01 2.047256121E-01 2.532224694E+01
4.975280000E-02 8.986102988E-01 2.272921804E-01 2.491920053E+01
5.055760000E-02 8.831144040E-01 2.218538666E-01 2.452252480E+01
5.137530000E-02 8.769813622E-01 2.165462672E-01 2.413221918E+01
5.220620000E-02 8.738032707E-01 2.113671504E-01 2.374813719E+01
5.305060000E-02 8.721005118E-01 2.063108309E-01 2.337014096E+01
5.390870000E-02 8.713142412E-01 2.013744908E-01 2.299814316E+01
5.478060000E-02 8.711700033E-01 1.965577331E-01 2.263209968E+01
5.566670000E-02 8.715275074E-01 1.918547043E-01 2.227184295E+01
5.656700000E-02 8.723276126E-01 1.872642249E-01 2.191737232E+01
5.748200000E-02 8.736006683E-01 1.827847352E-01 2.156849101E+01
5.841170000E-02 8.755737100E-01 1.784120153E-01 2.122519975E+01
5.935640000E-02 8.789878437E-01 1.750337141E-01 2.088738535E+01
6.031650000E-02 8.815011676E-01 1.743821462E-01 2.055490620E+01
6.129210000E-02 8.828651934E-01 1.737322072E-01 2.022772919E+01
6.228340000E-02 8.840170317E-01 1.735941876E-01 1.990578549E+01
6.329080000E-02 8.834063800E-01 1.753347697E-01 1.958894500E+01
6.431450000E-02 8.802196108E-01 1.770938064E-01 1.927714590E+01
6.535470000E-02 8.735357288E-01 1.762890950E-01 1.897032654E+01
6.641180000E-02 8.679394797E-01 1.734171899E-01 1.866836918E+01
6.748590000E-02 8.605896729E-01 1.700025218E-01 1.837124496E+01
6.857750000E-02 8.542548626E-01 1.608207915E-01 1.807881594E+01
6.968670000E-02 8.502238606E-01 1.521339813E-01 1.779105626E+01
7.081380000E-02 8.460650344E-01 1.421177320E-01 1.750788688E+01
7.195910000E-02 8.453423848E-01 1.307645380E-01 1.722923161E+01
7.312300000E-02 8.465970601E-01 1.203181040E-01 1.695499364E+01
7.430570000E-02 8.490120743E-01 1.107064763E-01 1.668512644E+01
7.550760000E-02 8.521978221E-01 1.020970626E-01 1.641953923E+01
7.672890000E-02 8.558128070E-01 9.418265732E-02 1.615818811E+01
7.796990000E-02 8.598067285E-01 8.688203055E-02 1.590100795E+01
7.923100000E-02 8.641401374E-01 8.014644481E-02 1.564791559E+01
8.051250000E-02 8.688290006E-01 7.393385896E-02 1.539885111E+01
8.181470000E-02 8.741141603E-01 6.833943111E-02 1.515375599E+01
8.313800000E-02 8.791520275E-01 6.438394405E-02 1.491255503E+01
8.448270000E-02 8.836306438E-01 6.065744672E-02 1.467519386E+01
8.584910000E-02 8.878271208E-01 5.714679737E-02 1.444161907E+01
8.723770000E-02 8.918735716E-01 5.383906856E-02 1.421174561E+01
8.864870000E-02 8.958115154E-01 5.072289414E-02 1.398554068E+01
9.008250000E-02 8.996913839E-01 4.778709434E-02 1.376293953E+01
9.153950000E-02 9.036080587E-01 4.502130256E-02 1.354387996E+01
9.302010000E-02 9.073932292E-01 4.278293611E-02 1.332830216E+01
9.452460000E-02 9.109012183E-01 4.067904223E-02 1.311616235E+01
9.605350000E-02 9.142415662E-01 3.867851172E-02 1.290739015E+01
9.760710000E-02 9.174520736E-01 3.677637033E-02 1.270194484E+01
9.918580000E-02 9.205527151E-01 3.496780047E-02 1.249977315E+01
1.007900000E-01 9.235546623E-01 3.324822048E-02 1.230082349E+01
1.024200000E-01 9.264562489E-01 3.160608799E-02 1.210505761E+01
1.040770000E-01 9.293043115E-01 3.000067456E-02 1.191233414E+01
1.057600000E-01 9.321127446E-01 2.847725781E-02 1.172276853E+01
1.074710000E-01 9.348882420E-01 2.703074897E-02 1.153613533E+01
1.092090000E-01 9.376562628E-01 2.565811058E-02 1.135254420E+01
1.109750000E-01 9.405097270E-01 2.446956158E-02 1.117188556E+01
1.127700000E-01 9.431739505E-01 2.347720135E-02 1.099405870E+01
1.145940000E-01 9.457184367E-01 2.252505851E-02 1.081906557E+01
1.164480000E-01 9.482358628E-01 2.161139521E-02 1.064681231E+01
1.183310000E-01 9.509029927E-01 2.086952519E-02 1.047738970E+01
1.202450000E-01 9.533027626E-01 2.041494856E-02 1.031061583E+01
1.221900000E-01 9.555004196E-01 1.997024649E-02 1.014649317E+01
1.241660000E-01 9.576058416E-01 1.953534399E-02 9.985020054E+00
1.261750000E-01 9.597075053E-01 1.910963784E-02 9.826035268E+00
1.282150000E-01 9.617530623E-01 1.890837596E-02 9.669695433E+00
1.302890000E-01 9.635896364E-01 1.878375327E-02 9.515768791E+00
1.323970000E-01 9.652882693E-01 1.865982761E-02 9.364260519E+00
1.345380000E-01 9.668849550E-01 1.853702790E-02 9.215240304E+00
1.367140000E-01 9.684004724E-01 1.841493129E-02 9.068566496E+00
1.389250000E-01 9.698569981E-01 1.829369870E-02 8.924239698E+00
1.411720000E-01 9.713110881E-01 1.821506922E-02 8.782194770E+00
1.434560000E-01 9.726347517E-01 1.823552792E-02 8.642371180E+00
1.457760000E-01 9.738501108E-01 1.825624536E-02 8.504829327E+00
1.481340000E-01 9.749804148E-01 1.827687152E-02 8.369449282E+00
1.505300000E-01 9.760350419E-01 1.829754411E-02 8.236231980E+00
1.529640000E-01 9.770150899E-01 1.831635534E-02 8.105175074E+00
1.554390000E-01 9.779356270E-01 1.832579965E-02 7.976119249E+00
1.579530000E-01 9.787999593E-01 1.833549445E-02 7.849170323E+00
1.605070000E-01 9.796067619E-01 1.834534672E-02 7.724273708E+00
1.631030000E-01 9.803568141E-01 1.835504504E-02 7.601331674E+00
1.657420000E-01 9.810468943E-01 1.836459027E-02 7.480300708E+00
1.684220000E-01 9.816243185E-01 1.836005042E-02 7.361271093E+00
1.711460000E-01 9.821951250E-01 1.824935227E-02 7.244107370E+00
1.739150000E-01 9.827793220E-01 1.813922151E-02 7.128769801E+00
1.767270000E-01 9.833501224E-01 1.803006109E-02 7.015340044E+00
1.795860000E-01 9.839071551E-01 1.792119269E-02 6.903656187E+00
1.824910000E-01 9.844591737E-01 1.781311305E-02 6.793759692E+00
1.854420000E-01 9.850078009E-01 1.775339795E-02 6.685648343E+00
1.884420000E-01 9.854968583E-01 1.772679390E-02 6.579212702E+00
1.914890000E-01 9.859217840E-01 1.770065215E-02 6.474523341E+00
1.945870000E-01 9.862877377E-01 1.765508948E-02 6.371443108E+00
1.977340000E-01 9.866422246E-01 1.757438057E-02 6.270039548E+00
2.009320000E-01 9.869813728E-01 1.749393870E-02 6.170246651E+00
2.041820000E-01 9.872990160E-01 1.741386081E-02 6.072033774E+00
2.074850000E-01 9.875922023E-01 1.733411031E-02 5.975371714E+00
2.108400000E-01 9.878592063E-01 1.725497399E-02 5.880288370E+00
2.142510000E-01 9.880980299E-01 1.717590718E-02 5.786670774E+00
2.177160000E-01 9.882914018E-01 1.709744810E-02 5.694574583E+00
2.212370000E-01 9.884450042E-01 1.698104069E-02 5.603945091E+00
2.248160000E-01 9.886058936E-01 1.683019571E-02 5.514732048E+00
2.284520000E-01 9.887638579E-01 1.668084525E-02 5.426960587E+00
2.321470000E-01 9.889092127E-01 1.653279615E-02 5.340581614E+00
2.359020000E-01 9.890357764E-01 1.638600970E-02 5.255572229E+00
2.397170000E-01 9.891373603E-01 1.624066853E-02 5.171931903E+00
2.435950000E-01 9.892044903E-01 1.609645378E-02 5.089595435E+00
2.475350000E-01 9.891620550E-01 1.590086921E-02 5.008584645E+00
2.515380000E-01 9.891701219E-01 1.557876948E-02 4.928877545E+00
2.556070000E-01 9.892517578E-01 1.526309452E-02 4.850414895E+00
2.597410000E-01 9.893507452E-01 1.495393618E-02 4.773216396E+00
2.639420000E-01 9.894611342E-01 1.465095591E-02 4.697244092E+00
2.682110000E-01 9.895780202E-01 1.435408928E-02 4.622480062E+00
2.725490000E-01 9.896940292E-01 1.406123512E-02 4.548906802E+00
2.769570000E-01 9.898150620E-01 1.376717929E-02 4.476507183E+00
2.814370000E-01 9.899408699E-01 1.347914335E-02 4.405248777E+00
2.859890000E-01 9.900644495E-01 1.319716089E-02 4.335131771E+00
2.906150000E-01 9.901802429E-01 1.290993559E-02 4.266125286E+00
2.953150000E-01 9.903060088E-01 1.261345747E-02 4.198229010E+00
3.000920000E-01 9.904448862E-01 1.232372319E-02 4.131399704E+00
3.049450000E-01 9.905892458E-01 1.204075203E-02 4.065651183E+00
3.098780000E-01 9.907398402E-01 1.176416195E-02 4.000929398E+00
3.148900000E-01 9.909049561E-01 1.149397495E-02 3.937247928E+00
3.199830000E-01 9.910663527E-01 1.126177017E-02 3.874580837E+00
3.251580000E-01 9.912132871E-01 1.103772507E-02 3.812915567E+00
3.304180000E-01 9.913492073E-01 1.081812117E-02 3.752216889E+00
3.357620000E-01 9.914776884E-01 1.060291655E-02 3.692496471E+00
3.411920000E-01 9.915991265E-01 1.039200688E-02 3.633731154E+00
3.467110000E-01 9.917130995E-01 1.018523451E-02 3.575888853E+00
3.523190000E-01 9.918180346E-01 9.982585851E-03 3.518970024E+00
3.580170000E-01 9.919051499E-01 9.784023680E-03 3.462964049E+00
3.638080000E-01 9.919861242E-01 9.559288811E-03 3.407841499E+00
3.696920000E-01 9.920773731E-01 9.329576746E-03 3.353602458E+00
3.756720000E-01 9.921774796E-01 9.105351934E-03 3.300219340E+00
3.817480000E-01 9.922790355E-01 8.886519913E-03 3.247692195E+00
3.879220000E-01 9.923806401E-01 8.672991262E-03 3.196003320E+00
3.941970000E-01 9.924811876E-01 8.464539274E-03 3.145127944E+00
4.005730000E-01 9.925796253E-01 8.261079386E-03 3.095066318E+00
4.070520000E-01 9.926747230E-01 8.062562688E-03 3.045802502E+00
4.136350000E-01 9.927646370E-01 7.868831350E-03 2.997328563E+00
4.203260000E-01 9.928435978E-01 7.679680808E-03 2.949615299E+00
4.271240000E-01 9.929104588E-01 7.474481198E-03 2.902669951E+00
4.340320000E-01 9.929880203E-01 7.253657037E-03 2.856471412E+00
4.410520000E-01 9.930820137E-01 7.039342181E-03 2.811006412E+00
4.481860000E-01 9.931801337E-01 6.831339674E-03 2.766262221E+00
4.554350000E-01 9.932811057E-01 6.629489162E-03 2.722232591E+00
4.628020000E-01 9.933838199E-01 6.433576441E-03 2.678899400E+00
4.702870000E-01 9.934873547E-01 6.243500957E-03 2.636262538E+00
4.778940000E-01 9.935911655E-01 6.059011910E-03 2.594299154E+00
4.856230000E-01 9.936946607E-01 5.879994484E-03 2.553009227E+00
4.934780000E-01 9.937974950E-01 5.706238135E-03 2.512371372E+00
5.014590000E-01 9.938992061E-01 5.537654157E-03 2.472385579E+00
5.095700000E-01 9.939994241E-01 5.374026466E-03 2.433031772E+00
5.178120000E-01 9.940977207E-01 5.215251034E-03 2.394305269E+00
5.261870000E-01 9.941935515E-01 5.061150304E-03 2.356196561E+00
5.346980000E-01 9.942862621E-01 4.911605527E-03 2.318692047E+00
5.433460000E-01 9.943749334E-01 4.766486656E-03 2.281787296E+00
5.521340000E-01 9.944532361E-01 4.625648980E-03 2.245469397E+00
5.610650000E-01 9.945209827E-01 4.480271406E-03 2.209726146E+00
5.701390000E-01 9.945934325E-01 4.309566093E-03 2.174557432E+00
5.793610000E-01 9.946818316E-01 4.145345083E-03 2.139943835E+00
5.887320000E-01 9.947760112E-01 3.987369385E-03 2.105881793E+00
5.982540000E-01 9.948734437E-01 3.835435302E-03 2.072363912E+00
6.079300000E-01 9.949728456E-01 3.689279034E-03 2.039379534E+00
6.177630000E-01 9.950733626E-01 3.548701858E-03 2.006918511E+00
6.277550000E-01 9.951744232E-01 3.413473126E-03 1.974974313E+00
6.379080000E-01 9.952755377E-01 3.283408363E-03 1.943540448E+00
6.482260000E-01 9.953763999E-01 3.158285641E-03 1.912604555E+00
6.587110000E-01 9.954767166E-01 3.037936165E-03 1.882160765E+00
6.693650000E-01 9.955762359E-01 2.922173967E-03 1.852203208E+00
6.801910000E-01 9.956748086E-01 2.810822577E-03 1.822723323E+00
6.911930000E-01 9.957722615E-01 2.703705133E-03 1.793710295E+00
7.023720000E-01 9.958684444E-01 2.600685531E-03 1.765161481E+00
7.137330000E-01 9.959632699E-01 2.501582601E-03 1.737064140E+00
7.252770000E-01 9.960566075E-01 2.406252402E-03 1.709415851E+00
7.370080000E-01 9.961483747E-01 2.314563254E-03 1.682206977E+00
7.489280000E-01 9.962384710E-01 2.226365447E-03 1.655432832E+00
7.610420000E-01 9.963268390E-01 2.141524003E-03 1.629082232E+00
7.733510000E-01 9.964133603E-01 2.059923652E-03 1.603153031E+00
7.858590000E-01 9.964979373E-01 1.981428646E-03 1.577636701E+00
7.985700000E-01 9.965804650E-01 1.905925364E-03 1.552525139E+00
8.114860000E-01 9.966607426E-01 1.833298908E-03 1.527814405E+00
8.246110000E-01 9.967385226E-01 1.763437159E-03 1.503496800E+00
8.379490000E-01 9.968133864E-01 1.696239906E-03 1.479564985E+00
8.515020000E-01 9.968850689E-01 1.631604956E-03 1.456015370E+00
8.652740000E-01 9.969388640E-01 1.569433030E-03 1.432840927E+00
8.792690000E-01 9.969918906E-01 1.460634590E-03 1.410034927E+00
8.934910000E-01 9.970917550E-01 1.397154079E-03 1.387590921E+00
9.079430000E-01 9.971725187E-01 1.336403788E-03 1.365504222E+00
9.226280000E-01 9.972485186E-01 1.278282415E-03 1.343770187E+00
9.375510000E-01 9.973218536E-01 1.221195277E-03 1.322381396E+00
9.527150000E-01 9.973940450E-01 1.166278823E-03 1.301333557E+00
9.681240000E-01 9.974649597E-01 1.113509631E-03 1.280621077E+00
9.837830000E-01 9.975345219E-01 1.063104856E-03 1.260237268E+00
9.996950000E-01 9.976025440E-01 1.014846868E-03 1.240178254E+00
1.015860000E+00 9.976688833E-01 9.686510612E-04 1.220443762E+00
1.032290000E+00 9.977338462E-01 9.234351312E-04 1.201019093E+00
1.048990000E+00 9.977981116E-01 8.801682293E-04 1.181898779E+00
1.065960000E+00 9.978613106E-01 8.387736101E-04 1.163083043E+00
1.083200000E+00 9.979233486E-01 7.993177226E-04 1.144571640E+00
1.100720000E+00 9.979841565E-01 7.616966632E-04 1.126353659E+00
1.118520000E+00 9.980436892E-01 7.258381308E-04 1.108428995E+00
1.136610000E+00 9.981019357E-01 6.916630743E-04 1.090787517E+00
1.155000000E+00 9.981588909E-01 6.590748299E-04 1.073419913E+00
1.173680000E+00 9.982145255E-01 6.280119251E-04 1.056335628E+00
1.192660000E+00 9.982688496E-01 5.984098881E-04 1.039525095E+00
1.211950000E+00 9.983218734E-01 5.701875382E-04 1.022979496E+00
1.231550000E+00 9.983735682E-01 5.432811723E-04 1.006698875E+00
1.251470000E+00 9.984239684E-01 5.175061162E-04 9.906749662E-01
1.271720000E+00 9.984731575E-01 4.928021378E-04 9.749001352E-01
1.292290000E+00 9.985212814E-01 4.691102105E-04 9.593821820E-01
1.313190000E+00 9.985683544E-01 4.465409143E-04 9.441131900E-01
1.334430000E+00 9.986143517E-01 4.250510807E-04 9.290858269E-01
1.356010000E+00 9.986592621E-01 4.045919252E-04 9.143000420E-01
1.377940000E+00 9.987031098E-01 3.851056496E-04 8.997489005E-01
1.400230000E+00 9.987459275E-01 3.665481676E-04 8.854259657E-01
1.422880000E+00 9.987877278E-01 3.488825305E-04 8.713313842E-01
1.445890000E+00 9.988285153E-01 3.320609666E-04 8.574649524E-01
1.469280000E+00 9.988683428E-01 3.160204263E-04 8.438146575E-01
1.493040000E+00 9.989072305E-01 3.007264777E-04 8.303863259E-01
1.517190000E+00 9.989452559E-01 2.860599253E-04 8.171685814E-01
1.541730000E+00 9.989825303E-01 2.720958848E-04 8.041615588E-01
1.566670000E+00 9.990190461E-01 2.588128821E-04 7.913600184E-01
1.592010000E+00 9.990548333E-01 2.461620248E-04 7.787639525E-01
1.617760000E+00 9.990899548E-01 2.341265170E-04 7.663683117E-01
1.643920000E+00 9.991244591E-01 2.226795592E-04 7.541729525E-01
1.670510000E+00 9.991584251E-01 2.117918595E-04 7.421685593E-01
1.697530000E+00 9.991919136E-01 2.014289601E-04 7.303552809E-01
1.724990000E+00 9.992250262E-01 1.915611124E-04 7.187288042E-01
1.752890000E+00 9.992578931E-01 1.820562797E-04 7.072891054E-01
1.781240000E+00 9.992907814E-01 1.729824710E-04 6.960319777E-01
1.810050000E+00 9.993238997E-01 1.643266890E-04 6.849534543E-01
1.839320000E+00 9.993575391E-01 1.560979539E-04 6.740534545E-01
1.869070000E+00 9.993921566E-01 1.482811505E-04 6.633245411E-01
1.899300000E+00 9.994284478E-01 1.408592902E-04 6.527668088E-01
1.930020000E+00 9.994676554E-01 1.338039452E-04 6.423767629E-01
1.961240000E+00 9.995122647E-01 1.270989378E-04 6.321510881E-01
1.992960000E+00 9.995686015E-01 1.207268012E-04 6.220897559E-01
2.025200000E+00 9.996662191E-01 1.147336450E-04 6.121864507E-01
2.040300000E+00 1.000007748E+00 1.120607041E-04 6.076557369E-01
2.040500000E+00 1.000007748E+00 3.198301574E-04 6.075961774E-01
2.057950000E+00 9.996787829E-01 3.110100634E-04 6.024441799E-01
2.091240000E+00 9.996524715E-01 2.950470582E-04 5.928540005E-01
2.116000000E+00 9.998659121E-01 2.838601785E-04 5.859168242E-01
2.116200000E+00 9.998655969E-01 4.183053321E-04 5.858614498E-01
2.125060000E+00 9.996682983E-01 4.123591103E-04 5.834188211E-01
2.159430000E+00 9.995889957E-01 3.903051779E-04 5.741329888E-01
2.194360000E+00 9.995606236E-01 3.694318817E-04 5.649938934E-01
2.229850000E+00 9.995466165E-01 3.496745187E-04 5.560015248E-01
2.265920000E+00 9.995402074E-01 3.309798684E-04 5.471508262E-01
2.302570000E+00 9.995386581E-01 3.132790675E-04 5.384418280E-01
2.339810000E+00 9.995405548E-01 2.965404295E-04 5.298720836E-01
2.377660000E+00 9.995450942E-01 2.806938350E-04 5.214370431E-01
2.416110000E+00 9.995518648E-01 2.656961910E-04 5.131388885E-01
2.455190000E+00 9.995608516E-01 2.515079963E-04 5.049711020E-01
2.494900000E+00 9.995728152E-01 2.380813086E-04 4.969337448E-01
2.535260000E+00 9.995935475E-01 2.253717329E-04 4.890228221E-01
2.550600000E+00 9.996526934E-01 2.207711125E-04 4.860817063E-01
2.550800000E+00 9.996527022E-01 2.563097801E-04 4.860435942E-01
2.576260000E+00 9.995937114E-01 2.475439013E-04 4.812402475E-01
2.617930000E+00 9.995905307E-01 2.340103020E-04 4.735802714E-01
2.660270000E+00 9.995937333E-01 2.212167863E-04 4.660429205E-01
2.703300000E+00 9.995993851E-01 2.091377839E-04 4.586246440E-01
2.747030000E+00 9.996064732E-01 1.977193230E-04 4.513237933E-01
2.791460000E+00 9.996146305E-01 1.869308191E-04 4.441403423E-01
2.836610000E+00 9.996238419E-01 1.767353519E-04 4.370710108E-01
2.882490000E+00 9.996350807E-01 1.671012370E-04 4.301142415E-01
2.908600000E+00 9.996576780E-01 1.619191344E-04 4.262531802E-01
2.908800000E+00 9.996577096E-01 1.721023067E-04 4.262238724E-01
2.929110000E+00 9.996439273E-01 1.680406503E-04 4.232685014E-01
2.976480000E+00 9.996484886E-01 1.590359917E-04 4.165322797E-01
3.024630000E+00 9.996555061E-01 1.505178824E-04 4.099013764E-01
3.073550000E+00 9.996633899E-01 1.424641053E-04 4.033772023E-01
3.123260000E+00 9.996720182E-01 1.348424224E-04 3.969570257E-01
3.173600000E+00 9.996889775E-01 1.276528803E-04 3.906604487E-01
3.173800000E+00 9.996890075E-01 1.322963971E-04 3.906358309E-01
3.225110000E+00 9.996875292E-01 1.254169452E-04 3.844209965E-01
3.277270000E+00 9.996943184E-01 1.188784206E-04 3.783026727E-01
3.330280000E+00 9.997015170E-01 1.126629330E-04 3.722810094E-01
3.384150000E+00 9.997088457E-01 1.067566181E-04 3.663549193E-01
3.438880000E+00 9.997162056E-01 1.011450460E-04 3.605243568E-01
3.494500000E+00 9.997235438E-01 9.581626335E-05 3.547860924E-01
3.551020000E+00 9.997308302E-01 9.075058682E-05 3.491391206E-01
3.608460000E+00 9.997380389E-01 8.594644178E-05 3.435814724E-01
3.666820000E+00 9.997451508E-01 8.138354117E-05 3.381131335E-01
3.726130000E+00 9.997521594E-01 7.705619751E-05 3.327312788E-01
3.786400000E+00 9.997590540E-01 7.294443393E-05 3.274350306E-01
3.847640000E+00 9.997658259E-01 6.904828457E-05 3.222234928E-01
3.909870000E+00 9.997724681E-01 6.535416772E-05 3.170949418E-01
3.973110000E+00 9.997789765E-01 6.185063328E-05 3.120477409E-01
4.037380000E+00 9.997853529E-01 5.852541856E-05 3.070803343E-01
4.102680000E+00 9.997915868E-01 5.537891786E-05 3.021927131E-01
4.169030000E+00 9.997976795E-01 5.239227937E-05 2.973833242E-01
4.236460000E+00 9.998036346E-01 4.956222403E-05 2.926499955E-01
4.304980000E+00 9.998094490E-01 4.688076168E-05 2.879920464E-01
4.374620000E+00 9.998151228E-01 4.434063429E-05 2.834074731E-01
4.445370000E+00 9.998206553E-01 4.193448107E-05 2.788969197E-01
4.517270000E+00 9.998260492E-01 3.965555338E-05 2.744578031E-01
4.590330000E+00 9.998313044E-01 3.749775090E-05 2.700895143E-01
4.664580000E+00 9.998364235E-01 3.545380060E-05 2.657902748E-01
4.740030000E+00 9.998414076E-01 3.351913401E-05 2.615595260E-01
4.816690000E+00 9.998462576E-01 3.168803412E-05 2.573966770E-01
4.894600000E+00 9.998509770E-01 2.995448680E-05 2.532995546E-01
4.973770000E+00 9.998555674E-01 2.831360460E-05 2.492676581E-01
5.054210000E+00 9.998600300E-01 2.676128814E-05 2.453004525E-01
5.135960000E+00 9.998643689E-01 2.529235553E-05 2.413959610E-01
5.219030000E+00 9.998685853E-01 2.390259228E-05 2.375537217E-01
5.303440000E+00 9.998726820E-01 2.258771279E-05 2.337727965E-01
5.389220000E+00 9.998766617E-01 2.134408278E-05 2.300518442E-01
5.476390000E+00 9.998805270E-01 2.016782807E-05 2.263900124E-01
5.564970000E+00 9.998842802E-01 1.905559380E-05 2.227864661E-01
5.654980000E+00 9.998879235E-01 1.800372242E-05 2.192403863E-01
5.746440000E+00 9.998914597E-01 1.700905684E-05 2.157509693E-01
5.839390000E+00 9.998948920E-01 1.606862970E-05 2.123166975E-01
5.933830000E+00 9.998982220E-01 1.517956394E-05 2.089375665E-01
6.029810000E+00 9.999014535E-01 1.433900728E-05 2.056117854E-01
6.127330000E+00 9.999045877E-01 1.354463420E-05 2.023393550E-01
6.226440000E+00 9.999076283E-01 1.279374589E-05 1.991185975E-01
6.327150000E+00 9.999105771E-01 1.208411573E-05 1.959492030E-01
6.429480000E+00 9.999134364E-01 1.141366278E-05 1.928305244E-01
6.533480000E+00 9.999162094E-01 1.077981156E-05 1.897610462E-01
6.639150000E+00 9.999188975E-01 1.018098454E-05 1.867407725E-01
6.746540000E+00 9.999215040E-01 9.615138390E-06 1.837682723E-01
6.855650000E+00 9.999240302E-01 9.080563465E-06 1.808435378E-01
6.966540000E+00 9.999264797E-01 8.575204056E-06 1.779649582E-01
7.079220000E+00 9.999288538E-01 8.097976040E-06 1.751322886E-01
7.193720000E+00 9.999311550E-01 7.647154667E-06 1.723447674E-01
7.310070000E+00 9.999333854E-01 7.221421597E-06 1.696016591E-01
7.428310000E+00 9.999355472E-01 6.819112795E-06 1.669020275E-01
7.548450000E+00 9.999376422E-01 6.439189756E-06 1.642456398E-01
7.670540000E+00 9.999396728E-01 6.080417159E-06 1.616313845E-01
7.794610000E+00 9.999416409E-01 5.741395747E-06 1.590586315E-01
7.920680000E+00 9.999435484E-01 5.421219840E-06 1.565269649E-01
8.048790000E+00 9.999453974E-01 5.118901064E-06 1.540355755E-01
8.178980000E+00 9.999471898E-01 4.833290811E-06 1.515836938E-01
8.311260000E+00 9.999489273E-01 4.563693767E-06 1.491711245E-01
8.445690000E+00 9.999506120E-01 4.309032181E-06 1.467967685E-01
8.582290000E+00 9.999522454E-01 4.068686282E-06 1.444602781E-01
8.721110000E+00 9.999538299E-01 3.841532861E-06 1.421608029E-01
8.862160000E+00 9.999553668E-01 3.627188185E-06 1.398981738E-01
9.005500000E+00 9.999568584E-01 3.424676320E-06 1.376714230E-01
9.151160000E+00 9.999583064E-01 3.233536020E-06 1.354800921E-01
9.299170000E+00 9.999597129E-01 3.053011980E-06 1.333237267E-01
9.449580000E+00 9.999610799E-01 2.882609272E-06 1.312015984E-01
9.602420000E+00 9.999624097E-01 2.721664685E-06 1.291132860E-01
9.757730000E+00 9.999637050E-01 2.569807886E-06 1.270582400E-01
9.915550000E+00 9.999649678E-01 2.426409908E-06 1.250359284E-01
1.007590000E+01 9.999662030E-01 2.289501881E-06 1.230460803E-01
1.023890000E+01 9.999674167E-01 2.160423241E-06 1.210872262E-01
1.040450000E+01 9.999686148E-01 2.038754836E-06 1.191599789E-01
1.057280000E+01 9.999698092E-01 1.924051211E-06 1.172631659E-01
1.074380000E+01 9.999710217E-01 1.815938758E-06 1.153967870E-01
1.091760000E+01 9.999723063E-01 1.714008551E-06 1.135597567E-01
1.109420000E+01 9.999738804E-01 1.617928325E-06 1.117520867E-01
1.121510000E+01 9.999798705E-01 1.556081798E-06 1.105473870E-01
1.121530000E+01 9.999798708E-01 3.991062523E-06 1.105454156E-01
1.127360000E+01 9.999752092E-01 3.912396842E-06 1.099737440E-01
1.145590000E+01 9.999749342E-01 3.678640450E-06 1.082237101E-01
1.164120000E+01 9.999753383E-01 3.458834677E-06 1.065010480E-01
1.182950000E+01 9.999759065E-01 3.252163310E-06 1.048057822E-01
1.202080000E+01 9.999765501E-01 3.057864307E-06 1.031378943E-01
1.221530000E+01 9.999772420E-01 2.875119300E-06 1.014956653E-01
1.241280000E+01 9.999779798E-01 2.703367888E-06 9.988076824E-02
1.261360000E+01 9.999788036E-01 2.541827547E-06 9.829073381E-02
1.281760000E+01 9.999804714E-01 2.389962992E-06 9.672637623E-02
1.282400000E+01 9.999817593E-01 2.385394527E-06 9.667810356E-02
1.282420000E+01 9.999817598E-01 3.341676117E-06 9.667659581E-02
1.302500000E+01 9.999800388E-01 3.160598763E-06 9.518618042E-02
1.323560000E+01 9.999804680E-01 2.983913409E-06 9.367161292E-02
1.341840000E+01 9.999816758E-01 2.840682940E-06 9.239551660E-02
1.341860000E+01 9.999816758E-01 3.220605706E-06 9.239413948E-02
1.344970000E+01 9.999811290E-01 3.194900808E-06 9.218049473E-02
1.366720000E+01 9.999813588E-01 3.022237177E-06 9.071353313E-02
1.388830000E+01 9.999817710E-01 2.858445188E-06 8.926938502E-02
1.411290000E+01 9.999822175E-01 2.703164288E-06 8.784870579E-02
1.434120000E+01 9.999826766E-01 2.555952655E-06 8.645022732E-02
1.457310000E+01 9.999831388E-01 2.416452837E-06 8.507455517E-02
1.480890000E+01 9.999836001E-01 2.284211850E-06 8.371992518E-02
1.504840000E+01 9.999840569E-01 2.158980511E-06 8.238749635E-02
1.529180000E+01 9.999845076E-01 2.040367269E-06 8.107613231E-02
1.553910000E+01 9.999849510E-01 1.928046078E-06 7.978583058E-02
1.579040000E+01 9.999853862E-01 1.821698269E-06 7.851606039E-02
1.604580000E+01 9.999858126E-01 1.721022164E-06 7.726632514E-02
1.630540000E+01 9.999862298E-01 1.625722795E-06 7.603615980E-02
1.656910000E+01 9.999866375E-01 1.535560035E-06 7.482603159E-02
1.683710000E+01 9.999870354E-01 1.450248069E-06 7.363500840E-02
1.710940000E+01 9.999874236E-01 1.369549329E-06 7.246309046E-02
1.738610000E+01 9.999878020E-01 1.293222087E-06 7.130983947E-02
1.766740000E+01 9.999881708E-01 1.221020728E-06 7.017444559E-02
1.795310000E+01 9.999885296E-01 1.152769062E-06 6.905771148E-02
1.824350000E+01 9.999888789E-01 1.088231540E-06 6.795845096E-02
1.853860000E+01 9.999892188E-01 1.027224362E-06 6.687667893E-02
1.883840000E+01 9.999895491E-01 9.695667139E-07 6.581238322E-02
1.914310000E+01 9.999898703E-01 9.150715532E-07 6.476485000E-02
1.945270000E+01 9.999901824E-01 8.635779642E-07 6.373408319E-02
1.976740000E+01 9.999904857E-01 8.149163845E-07 6.271942694E-02
2.008710000E+01 9.999907802E-01 7.689500746E-07 6.172120416E-02
2.041200000E+01 9.999910662E-01 7.255258523E-07 6.073878111E-02
2.074210000E+01 9.999913438E-01 6.845137192E-07 5.977215422E-02
2.107760000E+01 9.999916133E-01 6.457756944E-07 5.882073860E-02
2.141850000E+01 9.999918748E-01 6.091941187E-07 5.788453907E-02
2.176500000E+01 9.999921286E-01 5.746467494E-07 5.696301401E-02
2.211700000E+01 9.999923748E-01 5.420338230E-07 5.605642718E-02
2.247470000E+01 9.999926136E-01 5.112429241E-07 5.516425136E-02
2.283820000E+01 9.999928452E-01 4.821740777E-07 5.428623972E-02
2.320760000E+01 9.999930698E-01 4.547353956E-07 5.342215481E-02
2.358300000E+01 9.999932877E-01 4.288344653E-07 5.257176780E-02
2.396440000E+01 9.999934988E-01 4.043924855E-07 5.173507369E-02
2.435200000E+01 9.999937035E-01 3.813251683E-07 5.091162943E-02
2.474590000E+01 9.999939020E-01 3.595564462E-07 5.010122889E-02
2.514620000E+01 9.999940944E-01 3.390143223E-07 4.930367213E-02
2.555290000E+01 9.999942808E-01 3.196353940E-07 4.851895480E-02
2.596620000E+01 9.999944615E-01 3.013506484E-07 4.774668608E-02
2.638610000E+01 9.999946365E-01 2.841025807E-07 4.698686051E-02
2.681290000E+01 9.999948062E-01 2.678294923E-07 4.623893723E-02
2.724660000E+01 9.999949706E-01 2.524788390E-07 4.550292514E-02
2.768730000E+01 9.999951299E-01 2.379999822E-07 4.477865303E-02
2.813510000E+01 9.999952841E-01 2.243443091E-07 4.406595320E-02
2.859020000E+01 9.999954336E-01 2.114637179E-07 4.336450952E-02
2.905260000E+01 9.999955784E-01 1.993175408E-07 4.267432175E-02
2.952250000E+01 9.999957181E-01 1.878626232E-07 4.199508849E-02
3.000000000E+01 0.000000000E+00 0.000000000E+00 4.132666667E-02
