# 11/08/2021 
# Data retrieved from www.chemicool.com/densities.html 
# Includes the real (n) and complex (k) part of the  refractive index. 
# Element, K  (Z = 19) 
# Nominal density, g cm-3 =  0.062 
#    E [keV]      n       k    Wavelength [nm] 
1.000000000E-02 8.743436576E-01 5.936558264E-04 1.239800000E+02
1.016170000E-02 6.474758617E+01 2.250011187E-04 1.220071445E+02
1.032610000E-02 6.273391641E+01 2.244295505E-04 1.200646904E+02
1.049310000E-02 6.078453550E+01 2.238616655E-04 1.181538344E+02
1.066280000E-02 5.889671944E+01 2.232958174E-04 1.162733991E+02
1.083530000E-02 5.706794035E+01 2.227291781E-04 1.144223049E+02
1.101060000E-02 5.529683460E+01 2.221630549E-04 1.126005849E+02
1.118860000E-02 5.358295484E+01 2.216041030E-04 1.108092165E+02
1.136960000E-02 5.192207725E+01 2.210417422E-04 1.090451731E+02
1.155350000E-02 5.031389946E+01 2.204818083E-04 1.073094733E+02
1.174040000E-02 4.875630259E+01 2.191841871E-04 1.056011720E+02
1.193030000E-02 4.724808488E+01 2.163521395E-04 1.039202702E+02
1.212320000E-02 4.578802826E+01 2.135594777E-04 1.022667283E+02
1.231930000E-02 4.437349517E+01 2.107997846E-04 1.006388350E+02
1.251860000E-02 4.300344943E+01 2.080748134E-04 9.903663349E+01
1.272100000E-02 4.167747415E+01 2.054556203E-04 9.746089144E+01
1.292680000E-02 4.039257983E+01 2.029641710E-04 9.590927376E+01
1.313590000E-02 3.914844286E+01 2.005038511E-04 9.438256990E+01
1.334830000E-02 3.794405528E+01 1.980757796E-04 9.288074137E+01
1.356420000E-02 3.677734539E+01 1.957488449E-04 9.140236800E+01
1.378360000E-02 3.564744070E+01 1.935634249E-04 8.994747381E+01
1.400660000E-02 3.455297478E+01 1.914009464E-04 8.851541416E+01
1.423310000E-02 3.349357394E+01 1.892657254E-04 8.710681440E+01
1.446330000E-02 3.246746037E+01 1.871531848E-04 8.572040959E+01
1.469730000E-02 3.147343176E+01 1.854146340E-04 8.435562995E+01
1.493500000E-02 3.051114290E+01 1.840454650E-04 8.301305658E+01
1.517650000E-02 2.957940813E+01 1.826869853E-04 8.169208974E+01
1.542200000E-02 2.867674965E+01 1.813365469E-04 8.039164829E+01
1.567140000E-02 2.780284479E+01 1.788724664E-04 7.911226821E+01
1.592490000E-02 2.695631614E+01 1.813632369E-04 7.785292215E+01
1.618250000E-02 2.613652576E+01 1.955902759E-04 7.661362583E+01
1.644420000E-02 2.534282532E+01 2.257796439E-04 7.539436397E+01
1.671020000E-02 2.457399501E+01 2.382107518E-04 7.419420474E+01
1.698050000E-02 2.382945452E+01 2.284931813E-04 7.301316216E+01
1.725510000E-02 2.310861423E+01 2.191728926E-04 7.185122080E+01
1.753420000E-02 2.241038965E+01 2.081362241E-04 7.070753157E+01
1.781780000E-02 2.173424965E+01 2.106748237E-04 6.958210329E+01
1.810600000E-02 2.107943327E+01 2.528936243E-04 6.847453883E+01
1.839890000E-02 2.044521570E+01 3.302419546E-04 6.738446320E+01
1.869640000E-02 1.983130862E+01 4.382201267E-04 6.631223123E+01
1.899880000E-02 1.923661128E+01 5.781565696E-04 6.525675306E+01
1.930610000E-02 1.866067832E+01 7.873423238E-04 6.421804507E+01
1.961840000E-02 1.810288252E+01 1.189992191E-03 6.319577539E+01
1.993570000E-02 1.756279032E+01 2.265072143E-03 6.218994066E+01
2.025820000E-02 1.703964582E+01 7.499653297E-03 6.119990917E+01
2.058580000E-02 1.653320181E+01 8.604328121E-03 6.022598102E+01
2.091880000E-02 1.604260139E+01 9.055588869E-03 5.926726198E+01
2.125710000E-02 1.556761488E+01 9.530576849E-03 5.832404232E+01
2.160090000E-02 1.510758872E+01 1.003045467E-02 5.739575666E+01
2.195030000E-02 1.466204031E+01 1.055651194E-02 5.648214375E+01
2.230530000E-02 1.423062455E+01 1.086452735E-02 5.558320220E+01
2.266610000E-02 1.381276562E+01 1.109658030E-02 5.469842628E+01
2.303270000E-02 1.340814275E+01 1.133363903E-02 5.382781871E+01
2.340530000E-02 1.301622519E+01 1.157569036E-02 5.297090830E+01
2.378380000E-02 1.263681137E+01 1.182301897E-02 5.212791900E+01
2.416850000E-02 1.226930385E+01 1.207468884E-02 5.129817738E+01
2.455940000E-02 1.191342273E+01 1.229050698E-02 5.048168929E+01
2.495660000E-02 1.156879919E+01 1.251027038E-02 4.967824143E+01
2.536030000E-02 1.123499676E+01 1.273381405E-02 4.888743430E+01
2.577050000E-02 1.091176036E+01 1.296151753E-02 4.810927223E+01
2.618730000E-02 1.059875785E+01 1.310611076E-02 4.734355966E+01
2.661090000E-02 1.029559850E+01 1.296503112E-02 4.658993119E+01
2.704130000E-02 1.000204854E+01 1.282551088E-02 4.584838747E+01
2.747860000E-02 9.717807570E+00 1.268750951E-02 4.511874695E+01
2.792310000E-02 9.442464044E+00 1.255089347E-02 4.440051427E+01
2.837470000E-02 9.175869031E+00 1.241580815E-02 4.369385403E+01
2.883370000E-02 8.917639645E+00 1.225028862E-02 4.299829713E+01
2.930000000E-02 9.983296081E-01 1.192259594E-02 4.231399317E+01
2.977390000E-02 9.978468460E-01 1.160356045E-02 4.164049721E+01
3.025550000E-02 9.974051143E-01 1.129304635E-02 4.097767348E+01
3.074490000E-02 9.969803683E-01 1.099091296E-02 4.032538730E+01
3.124210000E-02 9.965487149E-01 1.069688150E-02 3.968363202E+01
3.174750000E-02 9.960589974E-01 1.032884119E-02 3.905189385E+01
3.226090000E-02 9.956790094E-01 9.891383874E-03 3.843042197E+01
3.278270000E-02 9.953503804E-01 9.472361728E-03 3.781872756E+01
3.331300000E-02 9.950443556E-01 9.071094137E-03 3.721670219E+01
3.385180000E-02 9.947236074E-01 8.686856343E-03 3.662434494E+01
3.439930000E-02 9.943259941E-01 8.313786066E-03 3.604143108E+01
3.495570000E-02 9.939851109E-01 7.677427506E-03 3.546774918E+01
3.552110000E-02 9.937675774E-01 7.089771340E-03 3.490319838E+01
3.609560000E-02 9.936317141E-01 6.462318312E-03 3.434767673E+01
3.667940000E-02 9.935725490E-01 5.887727884E-03 3.380098911E+01
3.727270000E-02 9.935173313E-01 5.339033511E-03 3.326295117E+01
3.787550000E-02 9.935521956E-01 4.718970085E-03 3.273356127E+01
3.848820000E-02 9.936794547E-01 4.170854176E-03 3.221247032E+01
3.911070000E-02 9.938535323E-01 3.693910182E-03 3.169976503E+01
3.974320000E-02 9.940406949E-01 3.273854196E-03 3.119527366E+01
4.038610000E-02 9.942250001E-01 2.888291032E-03 3.069868098E+01
4.103930000E-02 9.944399713E-01 2.525033623E-03 3.021006694E+01
4.170310000E-02 9.946745391E-01 2.207458015E-03 2.972920478E+01
4.237760000E-02 9.949185230E-01 1.944809857E-03 2.925602205E+01
4.306300000E-02 9.951403005E-01 1.723952250E-03 2.879037689E+01
4.375950000E-02 9.953435496E-01 1.528177555E-03 2.833213359E+01
4.446730000E-02 9.955198045E-01 1.339613974E-03 2.788116211E+01
4.518650000E-02 9.957014590E-01 1.155171020E-03 2.743739834E+01
4.591740000E-02 9.958565433E-01 9.618575967E-04 2.700065770E+01
4.666000000E-02 9.960769153E-01 7.599035753E-04 2.657093871E+01
4.741470000E-02 9.963052902E-01 6.267065038E-04 2.614800895E+01
4.818160000E-02 9.965169419E-01 5.159136564E-04 2.573181463E+01
4.896090000E-02 9.967151200E-01 4.242691980E-04 2.532224694E+01
4.975280000E-02 9.969038552E-01 3.426272238E-04 2.491920053E+01
5.055760000E-02 9.970875365E-01 2.761846399E-04 2.452252480E+01
5.137530000E-02 9.972621672E-01 2.235935041E-04 2.413221918E+01
5.220620000E-02 9.974290328E-01 1.829437635E-04 2.374813719E+01
5.305060000E-02 9.975870663E-01 1.591042919E-04 2.337014096E+01
5.390870000E-02 9.977264728E-01 1.433891536E-04 2.299814316E+01
5.478060000E-02 9.978544484E-01 1.305309592E-04 2.263209968E+01
5.566670000E-02 9.979754132E-01 1.205406976E-04 2.227184295E+01
5.656700000E-02 9.980861241E-01 1.158794272E-04 2.191737232E+01
5.748200000E-02 9.981894578E-01 1.113979805E-04 2.156849101E+01
5.841170000E-02 9.982853755E-01 1.120483616E-04 2.122519975E+01
5.935640000E-02 9.983736287E-01 1.127473948E-04 2.088738535E+01
6.031650000E-02 9.984562815E-01 1.144641203E-04 2.055490620E+01
6.129210000E-02 9.985339921E-01 1.166447252E-04 2.022772919E+01
6.228340000E-02 9.986064551E-01 1.217687811E-04 1.990578549E+01
6.329080000E-02 9.986735482E-01 1.274965529E-04 1.958894500E+01
6.431450000E-02 9.987342556E-01 1.345700991E-04 1.927714590E+01
6.535470000E-02 9.987900111E-01 1.387587852E-04 1.897032654E+01
6.641180000E-02 9.988430907E-01 1.427761695E-04 1.866836918E+01
6.748590000E-02 9.988933534E-01 1.469105028E-04 1.837124496E+01
6.857750000E-02 9.989406502E-01 1.515334580E-04 1.807881594E+01
6.968670000E-02 9.989845705E-01 1.564962585E-04 1.779105626E+01
7.081380000E-02 9.990249014E-01 1.611994579E-04 1.750788688E+01
7.195910000E-02 9.990627523E-01 1.652932993E-04 1.722923161E+01
7.312300000E-02 9.990975826E-01 1.693540804E-04 1.695499364E+01
7.430570000E-02 9.991302196E-01 1.718943159E-04 1.668512644E+01
7.550760000E-02 9.991607637E-01 1.744709180E-04 1.641953923E+01
7.672890000E-02 9.991886876E-01 1.756478599E-04 1.615818811E+01
7.796990000E-02 9.992160226E-01 1.758522446E-04 1.590100795E+01
7.923100000E-02 9.992422762E-01 1.760571934E-04 1.564791559E+01
8.051250000E-02 9.992668268E-01 1.760941185E-04 1.539885111E+01
8.181470000E-02 9.992902968E-01 1.753257680E-04 1.515375599E+01
8.313800000E-02 9.993126353E-01 1.745606567E-04 1.491255503E+01
8.448270000E-02 9.993331628E-01 1.733342084E-04 1.467519386E+01
8.584910000E-02 9.993532974E-01 1.711064764E-04 1.444161907E+01
8.723770000E-02 9.993728744E-01 1.689067516E-04 1.421174561E+01
8.864870000E-02 9.993914980E-01 1.667366883E-04 1.398554068E+01
9.008250000E-02 9.994087267E-01 1.645937252E-04 1.376293953E+01
9.153950000E-02 9.994244042E-01 1.607510961E-04 1.354387996E+01
9.302010000E-02 9.994410830E-01 1.557596880E-04 1.332830216E+01
9.452460000E-02 9.994583680E-01 1.512556708E-04 1.311616235E+01
9.605350000E-02 9.994749381E-01 1.476112431E-04 1.290739015E+01
9.760710000E-02 9.994908060E-01 1.440545272E-04 1.270194484E+01
9.918580000E-02 9.995060116E-01 1.405840202E-04 1.249977315E+01
1.007900000E-01 9.995203795E-01 1.371962665E-04 1.230082349E+01
1.024200000E-01 9.995343311E-01 1.329689035E-04 1.210505761E+01
1.040770000E-01 9.995483030E-01 1.288044950E-04 1.191233414E+01
1.057600000E-01 9.995621050E-01 1.249548626E-04 1.172276853E+01
1.074710000E-01 9.995754840E-01 1.212785671E-04 1.153613533E+01
1.092090000E-01 9.995884506E-01 1.177118647E-04 1.135254420E+01
1.109750000E-01 9.996010374E-01 1.142502410E-04 1.117188556E+01
1.127700000E-01 9.996132531E-01 1.108900284E-04 1.099405870E+01
1.145940000E-01 9.996250989E-01 1.076281684E-04 1.081906557E+01
1.164480000E-01 9.996365834E-01 1.044613293E-04 1.064681231E+01
1.183310000E-01 9.996476982E-01 1.013898130E-04 1.047738970E+01
1.202450000E-01 9.996584534E-01 9.840767078E-05 1.031061583E+01
1.221900000E-01 9.996688284E-01 9.551270001E-05 1.014649317E+01
1.241660000E-01 9.996787130E-01 9.270397529E-05 9.985020054E+00
1.261750000E-01 9.996882740E-01 8.958347920E-05 9.826035268E+00
1.282150000E-01 9.996977731E-01 8.646473633E-05 9.669695433E+00
1.302890000E-01 9.997071125E-01 8.345348557E-05 9.515768791E+00
1.323970000E-01 9.997162492E-01 8.054639868E-05 9.364260519E+00
1.345380000E-01 9.997251637E-01 7.774207057E-05 9.215240304E+00
1.367140000E-01 9.997338577E-01 7.503482192E-05 9.068566496E+00
1.389250000E-01 9.997423288E-01 7.242225691E-05 8.924239698E+00
1.411720000E-01 9.997505794E-01 6.990028829E-05 8.782194770E+00
1.434560000E-01 9.997586135E-01 6.746540304E-05 8.642371180E+00
1.457760000E-01 9.997664286E-01 6.511637822E-05 8.504829327E+00
1.481340000E-01 9.997740325E-01 6.284862552E-05 8.369449282E+00
1.505300000E-01 9.997814259E-01 6.065986026E-05 8.236231980E+00
1.529640000E-01 9.997886082E-01 5.854808047E-05 8.105175074E+00
1.554390000E-01 9.997955834E-01 5.650853148E-05 7.976119249E+00
1.579530000E-01 9.998023208E-01 5.454066530E-05 7.849170323E+00
1.605070000E-01 9.998088236E-01 5.251569838E-05 7.724273708E+00
1.631030000E-01 9.998152476E-01 5.049351311E-05 7.601331674E+00
1.657420000E-01 9.998215716E-01 4.854847793E-05 7.480300708E+00
1.684220000E-01 9.998277561E-01 4.667943658E-05 7.361271093E+00
1.711460000E-01 9.998338038E-01 4.488191968E-05 7.244107370E+00
1.739150000E-01 9.998397151E-01 4.315308877E-05 7.128769801E+00
1.767270000E-01 9.998454865E-01 4.149186006E-05 7.015340044E+00
1.795860000E-01 9.998511263E-01 3.989387217E-05 6.903656187E+00
1.824910000E-01 9.998566345E-01 3.835732201E-05 6.793759692E+00
1.854420000E-01 9.998620127E-01 3.688053662E-05 6.685648343E+00
1.884420000E-01 9.998672663E-01 3.546013991E-05 6.579212702E+00
1.914890000E-01 9.998723905E-01 3.409501914E-05 6.474523341E+00
1.945870000E-01 9.998773528E-01 3.274748065E-05 6.371443108E+00
1.977340000E-01 9.998822609E-01 3.139214299E-05 6.270039548E+00
2.009320000E-01 9.998871115E-01 3.009297768E-05 6.170246651E+00
2.041820000E-01 9.998918862E-01 2.884748108E-05 6.072033774E+00
2.074850000E-01 9.998965875E-01 2.765342924E-05 5.975371714E+00
2.108400000E-01 9.999012178E-01 2.650920083E-05 5.880288370E+00
2.142510000E-01 9.999057862E-01 2.541182515E-05 5.786670774E+00
2.177160000E-01 9.999102967E-01 2.436009099E-05 5.694574583E+00
2.212370000E-01 9.999147587E-01 2.335200339E-05 5.603945091E+00
2.248160000E-01 9.999191818E-01 2.238542496E-05 5.514732048E+00
2.284520000E-01 9.999235684E-01 2.145892256E-05 5.426960587E+00
2.321470000E-01 9.999279403E-01 2.054781155E-05 5.340581614E+00
2.359020000E-01 9.999323354E-01 1.966393354E-05 5.255572229E+00
2.397170000E-01 9.999367655E-01 1.881836973E-05 5.171931903E+00
2.435950000E-01 9.999412524E-01 1.800884711E-05 5.089595435E+00
2.475350000E-01 9.999458245E-01 1.723426276E-05 5.008584645E+00
2.515380000E-01 9.999505208E-01 1.649302559E-05 4.928877545E+00
2.556070000E-01 9.999553945E-01 1.578357653E-05 4.850414895E+00
2.597410000E-01 9.999605164E-01 1.510473189E-05 4.773216396E+00
2.639420000E-01 9.999659889E-01 1.445508526E-05 4.697244092E+00
2.682110000E-01 9.999719643E-01 1.383341396E-05 4.622480062E+00
2.725490000E-01 9.999786841E-01 1.323845700E-05 4.548906802E+00
2.769570000E-01 9.999865647E-01 1.266909850E-05 4.476507183E+00
2.814370000E-01 9.999964170E-01 1.212409879E-05 4.405248777E+00
2.859890000E-01 1.000010166E+00 1.160269606E-05 4.335131771E+00
2.906150000E-01 1.000034665E+00 1.110358615E-05 4.266125286E+00
2.945000000E-01 1.000154812E+00 1.070682935E-05 4.209847199E+00
2.947000000E-01 1.000154452E+00 1.151490313E-04 4.206990159E+00
2.953150000E-01 1.000088310E+00 1.144857430E-04 4.198229010E+00
3.000920000E-01 1.000018433E+00 1.095057928E-04 4.131399704E+00
3.049450000E-01 9.999969487E-01 1.047440742E-04 4.065651183E+00
3.098780000E-01 9.999843234E-01 1.001879849E-04 4.000929398E+00
3.148900000E-01 9.999757192E-01 9.583030272E-05 3.937247928E+00
3.199830000E-01 9.999693271E-01 9.164347086E-05 3.874580837E+00
3.251580000E-01 9.999646416E-01 8.733181303E-05 3.812915567E+00
3.304180000E-01 9.999615091E-01 8.322272938E-05 3.752216889E+00
3.357620000E-01 9.999592464E-01 7.989333368E-05 3.692496471E+00
3.411920000E-01 9.999572966E-01 7.685993956E-05 3.633731154E+00
3.467110000E-01 9.999556893E-01 7.394068635E-05 3.575888853E+00
3.523190000E-01 9.999543968E-01 7.113245637E-05 3.518970024E+00
3.580170000E-01 9.999533728E-01 6.843172093E-05 3.462964049E+00
3.638080000E-01 9.999525750E-01 6.583280197E-05 3.407841499E+00
3.696920000E-01 9.999519653E-01 6.333290569E-05 3.353602458E+00
3.756720000E-01 9.999515106E-01 6.092730808E-05 3.300219340E+00
3.817480000E-01 9.999511793E-01 5.861387510E-05 3.247692195E+00
3.879220000E-01 9.999509361E-01 5.638806153E-05 3.196003320E+00
3.941970000E-01 9.999507153E-01 5.424659932E-05 3.145127944E+00
4.005730000E-01 9.999504640E-01 5.197381825E-05 3.095066318E+00
4.070520000E-01 9.999504618E-01 4.961371167E-05 3.045802502E+00
4.136350000E-01 9.999506809E-01 4.736102253E-05 2.997328563E+00
4.203260000E-01 9.999510145E-01 4.521048666E-05 2.949615299E+00
4.271240000E-01 9.999514359E-01 4.315746051E-05 2.902669951E+00
4.340320000E-01 9.999519239E-01 4.119808848E-05 2.856471412E+00
4.410520000E-01 9.999524593E-01 3.932750092E-05 2.811006412E+00
4.481860000E-01 9.999530221E-01 3.754176129E-05 2.766262221E+00
4.554350000E-01 9.999535189E-01 3.577474363E-05 2.722232591E+00
4.628020000E-01 9.999541383E-01 3.395699065E-05 2.678899400E+00
4.702870000E-01 9.999548763E-01 3.223192758E-05 2.636262538E+00
4.778940000E-01 9.999556661E-01 3.059451455E-05 2.594299154E+00
4.856230000E-01 9.999564941E-01 2.904022774E-05 2.553009227E+00
4.934780000E-01 9.999573493E-01 2.756483811E-05 2.512371372E+00
5.014590000E-01 9.999582236E-01 2.616446601E-05 2.472385579E+00
5.095700000E-01 9.999591104E-01 2.483522680E-05 2.433031772E+00
5.178120000E-01 9.999600030E-01 2.357349217E-05 2.394305269E+00
5.261870000E-01 9.999608916E-01 2.237588548E-05 2.356196561E+00
5.346980000E-01 9.999617808E-01 2.121767872E-05 2.318692047E+00
5.433460000E-01 9.999626794E-01 2.011272306E-05 2.281787296E+00
5.521340000E-01 9.999635832E-01 1.906532654E-05 2.245469397E+00
5.610650000E-01 9.999644843E-01 1.807237617E-05 2.209726146E+00
5.701390000E-01 9.999653794E-01 1.713125680E-05 2.174557432E+00
5.793610000E-01 9.999662666E-01 1.623905387E-05 2.139943835E+00
5.887320000E-01 9.999671439E-01 1.539336389E-05 2.105881793E+00
5.982540000E-01 9.999680095E-01 1.459172694E-05 2.072363912E+00
6.079300000E-01 9.999688625E-01 1.383181774E-05 2.039379534E+00
6.177630000E-01 9.999697013E-01 1.311148869E-05 2.006918511E+00
6.277550000E-01 9.999705253E-01 1.242866026E-05 1.974974313E+00
6.379080000E-01 9.999713336E-01 1.178140686E-05 1.943540448E+00
6.482260000E-01 9.999721255E-01 1.116785958E-05 1.912604555E+00
6.587110000E-01 9.999729001E-01 1.058624245E-05 1.882160765E+00
6.693650000E-01 9.999736566E-01 1.003492822E-05 1.852203208E+00
6.801910000E-01 9.999743941E-01 9.512354108E-06 1.822723323E+00
6.911930000E-01 9.999750994E-01 9.016942977E-06 1.793710295E+00
7.023720000E-01 9.999757916E-01 8.519072022E-06 1.765161481E+00
7.137330000E-01 9.999764843E-01 8.042773630E-06 1.737064140E+00
7.252770000E-01 9.999771687E-01 7.593110141E-06 1.709415851E+00
7.370080000E-01 9.999778414E-01 7.168583888E-06 1.682206977E+00
7.489280000E-01 9.999785009E-01 6.767818881E-06 1.655432832E+00
7.610420000E-01 9.999791464E-01 6.389424545E-06 1.629082232E+00
7.733510000E-01 9.999797777E-01 6.032202155E-06 1.603153031E+00
7.858590000E-01 9.999803943E-01 5.694955116E-06 1.577636701E+00
7.985700000E-01 9.999809966E-01 5.376554936E-06 1.552525139E+00
8.114860000E-01 9.999815844E-01 5.075962147E-06 1.527814405E+00
8.246110000E-01 9.999821583E-01 4.792176749E-06 1.503496800E+00
8.379490000E-01 9.999827190E-01 4.524245470E-06 1.479564985E+00
8.515020000E-01 9.999832670E-01 4.271307217E-06 1.456015370E+00
8.652740000E-01 9.999838174E-01 4.038829565E-06 1.432840927E+00
8.792690000E-01 9.999843415E-01 3.841944122E-06 1.410034927E+00
8.934910000E-01 9.999848356E-01 3.654656487E-06 1.387590921E+00
9.079430000E-01 9.999853105E-01 3.476492861E-06 1.365504222E+00
9.226280000E-01 9.999857678E-01 3.307025575E-06 1.343770187E+00
9.375510000E-01 9.999862083E-01 3.145810011E-06 1.322381396E+00
9.527150000E-01 9.999866328E-01 2.992460287E-06 1.301333557E+00
9.681240000E-01 9.999870422E-01 2.846587519E-06 1.280621077E+00
9.837830000E-01 9.999874241E-01 2.702218723E-06 1.260237268E+00
9.996950000E-01 9.999878043E-01 2.550646762E-06 1.240178254E+00
1.015860000E+00 9.999881825E-01 2.410541474E-06 1.220443762E+00
1.032290000E+00 9.999885501E-01 2.278120787E-06 1.201019093E+00
1.048990000E+00 9.999889078E-01 2.152952334E-06 1.181898779E+00
1.065960000E+00 9.999892555E-01 2.034664556E-06 1.163083043E+00
1.083200000E+00 9.999895933E-01 1.922890076E-06 1.144571640E+00
1.100720000E+00 9.999899212E-01 1.817255955E-06 1.126353659E+00
1.118520000E+00 9.999902394E-01 1.717433525E-06 1.108428995E+00
1.136610000E+00 9.999905482E-01 1.623085525E-06 1.090787517E+00
1.155000000E+00 9.999908477E-01 1.533901517E-06 1.073419913E+00
1.173680000E+00 9.999911380E-01 1.449640009E-06 1.056335628E+00
1.192660000E+00 9.999914194E-01 1.370008493E-06 1.039525095E+00
1.211950000E+00 9.999916920E-01 1.294747191E-06 1.022979496E+00
1.231550000E+00 9.999919554E-01 1.223050644E-06 1.006698875E+00
1.251470000E+00 9.999922114E-01 1.154240737E-06 9.906749662E-01
1.271720000E+00 9.999924603E-01 1.089288756E-06 9.749001352E-01
1.292290000E+00 9.999927016E-01 1.028006578E-06 9.593821820E-01
1.313190000E+00 9.999929356E-01 9.701731740E-07 9.441131900E-01
1.334430000E+00 9.999931625E-01 9.155929407E-07 9.290858269E-01
1.356010000E+00 9.999933823E-01 8.640841418E-07 9.143000420E-01
1.377940000E+00 9.999935952E-01 8.154758004E-07 8.997489005E-01
1.400230000E+00 9.999938016E-01 7.695936150E-07 8.854259657E-01
1.422880000E+00 9.999940016E-01 7.262943309E-07 8.713313842E-01
1.445890000E+00 9.999941952E-01 6.854345450E-07 8.574649524E-01
1.469280000E+00 9.999943828E-01 6.468692308E-07 8.438146575E-01
1.493040000E+00 9.999945643E-01 6.104825043E-07 8.303863259E-01
1.517190000E+00 9.999947402E-01 5.761360986E-07 8.171685814E-01
1.541730000E+00 9.999949105E-01 5.437218081E-07 8.041615588E-01
1.566670000E+00 9.999950754E-01 5.131296050E-07 7.913600184E-01
1.592010000E+00 9.999952350E-01 4.842620519E-07 7.787639525E-01
1.617760000E+00 9.999953894E-01 4.570153653E-07 7.663683117E-01
1.643920000E+00 9.999955389E-01 4.313072436E-07 7.541729525E-01
1.670510000E+00 9.999956836E-01 4.070418841E-07 7.421685593E-01
1.697530000E+00 9.999958234E-01 3.839338787E-07 7.303552809E-01
1.724990000E+00 9.999959590E-01 3.617786562E-07 7.187288042E-01
1.752890000E+00 9.999960904E-01 3.409008338E-07 7.072891054E-01
1.781240000E+00 9.999962178E-01 3.212302894E-07 6.960319777E-01
1.810050000E+00 9.999963411E-01 3.026927096E-07 6.849534543E-01
1.839320000E+00 9.999964605E-01 2.852273433E-07 6.740534545E-01
1.869070000E+00 9.999965762E-01 2.687684882E-07 6.633245411E-01
1.899300000E+00 9.999966881E-01 2.532584905E-07 6.527668088E-01
1.930020000E+00 9.999967965E-01 2.386453606E-07 6.423767629E-01
1.961240000E+00 9.999969015E-01 2.248730640E-07 6.321510881E-01
1.992960000E+00 9.999970031E-01 2.118961669E-07 6.220897559E-01
2.025200000E+00 9.999971015E-01 1.996673259E-07 6.121864507E-01
2.057950000E+00 9.999971967E-01 1.881462660E-07 6.024441799E-01
2.091240000E+00 9.999972889E-01 1.772889164E-07 5.928540005E-01
2.125060000E+00 9.999973781E-01 1.670593433E-07 5.834188211E-01
2.159430000E+00 9.999974645E-01 1.574185818E-07 5.741329888E-01
2.194360000E+00 9.999975482E-01 1.483344030E-07 5.649938934E-01
2.229850000E+00 9.999976292E-01 1.397748830E-07 5.560015248E-01
2.265920000E+00 9.999977076E-01 1.317086310E-07 5.471508262E-01
2.302570000E+00 9.999977835E-01 1.240733165E-07 5.384418280E-01
2.339810000E+00 9.999978570E-01 1.168353546E-07 5.298720836E-01
2.377660000E+00 9.999979282E-01 1.100190485E-07 5.214370431E-01
2.416110000E+00 9.999979972E-01 1.036013872E-07 5.131388885E-01
2.455190000E+00 9.999980641E-01 9.755751181E-08 5.049711020E-01
2.494900000E+00 9.999981289E-01 9.186634830E-08 4.969337448E-01
2.535260000E+00 9.999981917E-01 8.650666754E-08 4.890228221E-01
2.576260000E+00 9.999982525E-01 8.146049057E-08 4.812402475E-01
2.617930000E+00 9.999983115E-01 7.670819087E-08 4.735802714E-01
2.660270000E+00 9.999983688E-01 7.223344538E-08 4.660429205E-01
2.703300000E+00 9.999984243E-01 6.801941455E-08 4.586246440E-01
2.747030000E+00 9.999984782E-01 6.405105787E-08 4.513237933E-01
2.791460000E+00 9.999985304E-01 6.031450646E-08 4.441403423E-01
2.836610000E+00 9.999985813E-01 5.679600090E-08 4.370710108E-01
2.882490000E+00 9.999986306E-01 5.348260747E-08 4.301142415E-01
2.929110000E+00 9.999986787E-01 5.036266149E-08 4.232685014E-01
2.976480000E+00 9.999987255E-01 4.742490047E-08 4.165322797E-01
3.024630000E+00 9.999987712E-01 4.469788760E-08 4.099013764E-01
3.073550000E+00 9.999988159E-01 4.213725882E-08 4.033772023E-01
3.123260000E+00 9.999988596E-01 3.972323705E-08 3.969570257E-01
3.173780000E+00 9.999989026E-01 3.744748950E-08 3.906382925E-01
3.225110000E+00 9.999989450E-01 3.530222751E-08 3.844209965E-01
3.277270000E+00 9.999989872E-01 3.327993781E-08 3.783026727E-01
3.330280000E+00 9.999990296E-01 3.137325383E-08 3.722810094E-01
3.384150000E+00 9.999990731E-01 2.957583794E-08 3.663549193E-01
3.438880000E+00 9.999991188E-01 2.788155674E-08 3.605243568E-01
3.494500000E+00 9.999991700E-01 2.628422771E-08 3.547860924E-01
3.551020000E+00 9.999992370E-01 2.477855937E-08 3.491391206E-01
3.608300000E+00 9.999996578E-01 2.336268065E-08 3.435967076E-01
3.608500000E+00 9.999996578E-01 2.227264744E-07 3.435776638E-01
3.666820000E+00 9.999992712E-01 2.098842116E-07 3.381131335E-01
3.726130000E+00 9.999992491E-01 1.977735748E-07 3.327312788E-01
3.786400000E+00 9.999992467E-01 1.863612832E-07 3.274350306E-01
3.847640000E+00 9.999992523E-01 1.756086420E-07 3.222234928E-01
3.909870000E+00 9.999992622E-01 1.654759209E-07 3.170949418E-01
3.973110000E+00 9.999992746E-01 1.559278704E-07 3.120477409E-01
4.037380000E+00 9.999992888E-01 1.469296092E-07 3.070803343E-01
4.102680000E+00 9.999993039E-01 1.384524124E-07 3.021927131E-01
4.169030000E+00 9.999993198E-01 1.304637204E-07 2.973833242E-01
4.236460000E+00 9.999993361E-01 1.229360902E-07 2.926499955E-01
4.304980000E+00 9.999993526E-01 1.158426312E-07 2.879920464E-01
4.374620000E+00 9.999993691E-01 1.091579380E-07 2.834074731E-01
4.445370000E+00 9.999993857E-01 1.028596680E-07 2.788969197E-01
4.517270000E+00 9.999994022E-01 9.692427459E-08 2.744578031E-01
4.590330000E+00 9.999994185E-01 9.133190444E-08 2.700895143E-01
4.664580000E+00 9.999994346E-01 8.606173028E-08 2.657902748E-01
4.740030000E+00 9.999994505E-01 8.109579147E-08 2.615595260E-01
4.816690000E+00 9.999994661E-01 7.641674796E-08 2.573966770E-01
4.894600000E+00 9.999994814E-01 7.200728034E-08 2.532995546E-01
4.973770000E+00 9.999994964E-01 6.785227516E-08 2.492676581E-01
5.054210000E+00 9.999995111E-01 6.393738384E-08 2.453004525E-01
5.135960000E+00 9.999995255E-01 6.024803822E-08 2.413959610E-01
5.219030000E+00 9.999995395E-01 5.677150439E-08 2.375537217E-01
5.303440000E+00 9.999995532E-01 5.349596448E-08 2.337727965E-01
5.389220000E+00 9.999995666E-01 5.040913000E-08 2.300518442E-01
5.476390000E+00 9.999995796E-01 4.749503610E-08 2.263900124E-01
5.564970000E+00 9.999995923E-01 4.474512524E-08 2.227864661E-01
5.654980000E+00 9.999996046E-01 4.215451511E-08 2.192403863E-01
5.746440000E+00 9.999996167E-01 3.971408643E-08 2.157509693E-01
5.839390000E+00 9.999996284E-01 3.741476631E-08 2.123166975E-01
5.933830000E+00 9.999996398E-01 3.524852659E-08 2.089375665E-01
6.029810000E+00 9.999996508E-01 3.320772274E-08 2.056117854E-01
6.127330000E+00 9.999996616E-01 3.128516674E-08 2.023393550E-01
6.226440000E+00 9.999996720E-01 2.947389048E-08 1.991185975E-01
6.327150000E+00 9.999996822E-01 2.776738657E-08 1.959492030E-01
6.429480000E+00 9.999996920E-01 2.615988901E-08 1.928305244E-01
6.533480000E+00 9.999997016E-01 2.464523667E-08 1.897610462E-01
6.639150000E+00 9.999997109E-01 2.321832160E-08 1.867407725E-01
6.746540000E+00 9.999997199E-01 2.187409157E-08 1.837682723E-01
6.855650000E+00 9.999997286E-01 2.060768063E-08 1.808435378E-01
6.966540000E+00 9.999997371E-01 1.941454482E-08 1.779649582E-01
7.079220000E+00 9.999997453E-01 1.829042319E-08 1.751322886E-01
7.193720000E+00 9.999997533E-01 1.723143647E-08 1.723447674E-01
7.310070000E+00 9.999997610E-01 1.623379214E-08 1.696016591E-01
7.428310000E+00 9.999997685E-01 1.529398989E-08 1.669020275E-01
7.548450000E+00 9.999997757E-01 1.439093468E-08 1.642456398E-01
7.670540000E+00 9.999997828E-01 1.352169382E-08 1.616313845E-01
7.794610000E+00 9.999997896E-01 1.270490415E-08 1.590586315E-01
7.920680000E+00 9.999997963E-01 1.193757231E-08 1.565269649E-01
8.048790000E+00 9.999998027E-01 1.121649863E-08 1.540355755E-01
8.178980000E+00 9.999998089E-01 1.053898172E-08 1.515836938E-01
8.311260000E+00 9.999998150E-01 9.902449229E-09 1.491711245E-01
8.445690000E+00 9.999998208E-01 9.304353025E-09 1.467967685E-01
8.582290000E+00 9.999998265E-01 8.742326356E-09 1.444602781E-01
8.721110000E+00 9.999998320E-01 8.214270590E-09 1.421608029E-01
8.862160000E+00 9.999998374E-01 7.721270018E-09 1.398981738E-01
9.005500000E+00 9.999998425E-01 7.262630080E-09 1.376714230E-01
9.151160000E+00 9.999998476E-01 6.831151224E-09 1.354800921E-01
9.299170000E+00 9.999998524E-01 6.425300918E-09 1.333237267E-01
9.449580000E+00 9.999998571E-01 6.042989273E-09 1.312015984E-01
9.602420000E+00 9.999998617E-01 5.683346508E-09 1.291132860E-01
9.757730000E+00 9.999998661E-01 5.345020112E-09 1.270582400E-01
9.915550000E+00 9.999998704E-01 5.147475050E-09 1.250359284E-01
1.007590000E+01 9.999998744E-01 4.840411109E-09 1.230460803E-01
1.023890000E+01 9.999998784E-01 4.551411515E-09 1.210872262E-01
1.040450000E+01 9.999998823E-01 4.279506368E-09 1.191599789E-01
1.057280000E+01 9.999998860E-01 4.023652369E-09 1.172631659E-01
1.074380000E+01 9.999998896E-01 3.782946097E-09 1.153967870E-01
1.091760000E+01 9.999998931E-01 3.556461782E-09 1.135597567E-01
1.109420000E+01 9.999998965E-01 3.343405825E-09 1.117520867E-01
1.127360000E+01 9.999998998E-01 3.143006026E-09 1.099737440E-01
1.145590000E+01 9.999999030E-01 2.954491685E-09 1.082237101E-01
1.164120000E+01 9.999999061E-01 2.777142545E-09 1.065010480E-01
1.182950000E+01 9.999999091E-01 2.610324315E-09 1.048057822E-01
1.202080000E+01 9.999999120E-01 2.453437554E-09 1.031378943E-01
1.221530000E+01 9.999999148E-01 2.305840693E-09 1.014956653E-01
1.241280000E+01 9.999999175E-01 2.167086360E-09 9.988076824E-02
1.261360000E+01 9.999999201E-01 2.036551859E-09 9.829073381E-02
1.281760000E+01 9.999999226E-01 1.913814748E-09 9.672637623E-02
1.302500000E+01 9.999999251E-01 1.798365515E-09 9.518618042E-02
1.323560000E+01 9.999999275E-01 1.689847554E-09 9.367161292E-02
1.344970000E+01 9.999999298E-01 1.587786004E-09 9.218049473E-02
1.366720000E+01 9.999999320E-01 1.491831763E-09 9.071353313E-02
1.388830000E+01 9.999999342E-01 1.401596750E-09 8.926938502E-02
1.411290000E+01 9.999999363E-01 1.316774641E-09 8.784870579E-02
1.434120000E+01 9.999999383E-01 1.237013966E-09 8.645022732E-02
1.457310000E+01 9.999999403E-01 1.162046914E-09 8.507455517E-02
1.480890000E+01 9.999999422E-01 1.091549086E-09 8.371992518E-02
1.504840000E+01 9.999999440E-01 1.025291795E-09 8.238749635E-02
1.529180000E+01 9.999999458E-01 9.630055639E-10 8.107613231E-02
1.553910000E+01 9.999999475E-01 9.044612378E-10 7.978583058E-02
1.579040000E+01 9.999999492E-01 8.494327700E-10 7.851606039E-02
1.604580000E+01 9.999999508E-01 7.977079474E-10 7.726632514E-02
1.630540000E+01 9.999999524E-01 7.490849846E-10 7.603615980E-02
1.656910000E+01 9.999999539E-01 7.033962348E-10 7.482603159E-02
1.683710000E+01 9.999999554E-01 6.604562985E-10 7.363500840E-02
1.710940000E+01 9.999999568E-01 6.201029910E-10 7.246309046E-02
1.738610000E+01 9.999999582E-01 5.821821657E-10 7.130983947E-02
1.766740000E+01 9.999999595E-01 5.465384311E-10 7.017444559E-02
1.795310000E+01 9.999999608E-01 5.130563764E-10 6.905771148E-02
1.824350000E+01 9.999999620E-01 4.815885839E-10 6.795845096E-02
1.853860000E+01 9.999999632E-01 4.520237392E-10 6.687667893E-02
1.883840000E+01 9.999999644E-01 4.242481429E-10 6.581238322E-02
1.914310000E+01 9.999999655E-01 3.981492340E-10 6.476485000E-02
1.945270000E+01 9.999999666E-01 3.736316370E-10 6.373408319E-02
1.976740000E+01 9.999999677E-01 3.505940538E-10 6.271942694E-02
2.008710000E+01 9.999999687E-01 3.289601945E-10 6.172120416E-02
2.041200000E+01 9.999999697E-01 3.086407807E-10 6.073878111E-02
2.074210000E+01 9.999999707E-01 2.895643629E-10 5.977215422E-02
2.107760000E+01 9.999999716E-01 2.716545117E-10 5.882073860E-02
2.141850000E+01 9.999999725E-01 2.548402890E-10 5.788453907E-02
2.176500000E+01 9.999999734E-01 2.390556377E-10 5.696301401E-02
2.211700000E+01 9.999999742E-01 2.242407869E-10 5.605642718E-02
2.247470000E+01 9.999999750E-01 2.103355025E-10 5.516425136E-02
2.283820000E+01 9.999999758E-01 1.972827175E-10 5.428623972E-02
2.320760000E+01 9.999999766E-01 1.850312512E-10 5.342215481E-02
2.358300000E+01 9.999999774E-01 1.735340370E-10 5.257176780E-02
2.396440000E+01 9.999999781E-01 1.627445433E-10 5.173507369E-02
2.435200000E+01 9.999999788E-01 1.526195497E-10 5.091162943E-02
2.474590000E+01 9.999999794E-01 1.431175945E-10 5.010122889E-02
2.514620000E+01 9.999999801E-01 1.342017592E-10 4.930367213E-02
2.555290000E+01 9.999999807E-01 1.258361515E-10 4.851895480E-02
2.596620000E+01 9.999999813E-01 1.179869122E-10 4.774668608E-02
2.638610000E+01 9.999999819E-01 1.106240067E-10 4.698686051E-02
2.681290000E+01 9.999999825E-01 1.037147198E-10 4.623893723E-02
2.724660000E+01 9.999999831E-01 9.723351752E-11 4.550292514E-02
2.768730000E+01 9.999999836E-01 9.115366849E-11 4.477865303E-02
2.813510000E+01 9.999999841E-01 8.545001406E-11 4.406595320E-02
2.859020000E+01 9.999999846E-01 8.010025454E-11 4.336450952E-02
2.905260000E+01 9.999999851E-01 7.508243008E-11 4.267432175E-02
2.952250000E+01 9.999999856E-01 7.037593815E-11 4.199508849E-02
3.000000000E+01 0.000000000E+00 0.000000000E+00 4.132666667E-02
