# 11/08/2021 
# Data retrieved from www.chemicool.com/densities.html 
# Includes the real (n) and complex (k) part of the  refractive index. 
# Element, Kr  (Z = 36) 
# Nominal density, g cm-3 =  0.003708 
#    E [keV]      n       k    Wavelength [nm] 
1.000000000E-02 9.933360646E-01 1.952955129E-04 1.239800000E+02
1.016170000E-02 2.778793921E+00 3.600176427E-19 1.220071445E+02
1.032610000E-02 2.722605072E+00 3.542839936E-19 1.200646904E+02
1.049310000E-02 2.668210119E+00 3.486474062E-19 1.181538344E+02
1.066280000E-02 2.615533054E+00 3.430992161E-19 1.162733991E+02
1.083530000E-02 2.564503340E+00 3.376348102E-19 1.144223049E+02
1.101060000E-02 2.515082925E+00 3.322575794E-19 1.126005849E+02
1.118860000E-02 2.467259328E+00 3.269747572E-19 1.108092165E+02
1.136960000E-02 2.420914687E+00 3.217684686E-19 1.090451731E+02
1.155350000E-02 2.376040567E+00 3.166462146E-19 1.073094733E+02
1.174040000E-02 2.332577841E+00 3.116051833E-19 1.056011720E+02
1.193030000E-02 2.290492977E+00 3.066453434E-19 1.039202702E+02
1.212320000E-02 2.249751986E+00 3.017677967E-19 1.022667283E+02
1.231930000E-02 2.210281270E+00 2.969637340E-19 1.006388350E+02
1.251860000E-02 2.172051916E+00 2.922346587E-19 9.903663349E+01
1.272100000E-02 2.135052291E+00 2.875863112E-19 9.746089144E+01
1.292680000E-02 2.099198978E+00 2.830071847E-19 9.590927376E+01
1.313590000E-02 2.064482945E+00 2.785019110E-19 9.438256990E+01
1.334830000E-02 2.030876068E+00 2.740713775E-19 9.288074137E+01
1.356420000E-02 1.998320538E+00 2.697092877E-19 9.140236800E+01
1.378360000E-02 1.966792009E+00 2.654157820E-19 8.994747381E+01
1.400000000E-02 1.937135314E+00 2.613125766E-19 8.855714286E+01
1.420000000E-02 1.910923038E+00 5.833997900E-04 8.730985915E+01
1.423310000E-02 1.906691144E+00 5.866579149E-04 8.710681440E+01
1.446330000E-02 1.878058772E+00 6.095935538E-04 8.572040959E+01
1.469730000E-02 1.850321689E+00 6.334203504E-04 8.435562995E+01
1.493500000E-02 1.823470264E+00 6.501091433E-04 8.301305658E+01
1.517650000E-02 1.797471410E+00 6.659169407E-04 8.169208974E+01
1.542200000E-02 1.772283893E+00 6.795580779E-04 8.039164829E+01
1.567140000E-02 1.747898709E+00 6.809535840E-04 7.911226821E+01
1.592490000E-02 1.724277422E+00 6.823462575E-04 7.785292215E+01
1.618250000E-02 1.701402232E+00 6.837426648E-04 7.661362583E+01
1.644420000E-02 1.679255048E+00 6.810484605E-04 7.539436397E+01
1.671020000E-02 1.657801833E+00 6.711039160E-04 7.419420474E+01
1.698050000E-02 1.637026394E+00 6.613058975E-04 7.301316216E+01
1.725510000E-02 1.616912278E+00 6.516540826E-04 7.185122080E+01
1.753420000E-02 1.597429224E+00 6.345691389E-04 7.070753157E+01
1.781780000E-02 1.578562412E+00 6.152295792E-04 6.958210329E+01
1.810600000E-02 1.560290608E+00 5.964777946E-04 6.847453883E+01
1.839890000E-02 1.542593588E+00 5.785928461E-04 6.738446320E+01
1.869640000E-02 1.525463305E+00 5.626855929E-04 6.631223123E+01
1.899880000E-02 1.508869045E+00 5.472161621E-04 6.525675306E+01
1.930610000E-02 1.492798381E+00 5.321719807E-04 6.421804507E+01
1.961840000E-02 1.477233811E+00 5.173636424E-04 6.319577539E+01
1.993570000E-02 1.462163236E+00 5.023800812E-04 6.218994066E+01
2.025820000E-02 1.447565566E+00 4.878236387E-04 6.119990917E+01
2.058580000E-02 1.433433901E+00 4.736909333E-04 6.022598102E+01
2.091880000E-02 1.419744331E+00 4.596492176E-04 5.926726198E+01
2.125710000E-02 1.406490447E+00 4.450173995E-04 5.832404232E+01
2.160090000E-02 1.393654012E+00 4.308540998E-04 5.739575666E+01
2.195030000E-02 1.381221560E+00 4.171362226E-04 5.648214375E+01
2.230530000E-02 1.369183461E+00 4.038606399E-04 5.558320220E+01
2.266610000E-02 1.357523649E+00 3.899149552E-04 5.469842628E+01
2.303270000E-02 1.346233171E+00 3.744851604E-04 5.382781871E+01
2.340530000E-02 1.335297219E+00 3.596657042E-04 5.297090830E+01
2.378380000E-02 1.324710167E+00 3.454352419E-04 5.212791900E+01
2.416850000E-02 1.314455345E+00 3.315319776E-04 5.129817738E+01
2.455940000E-02 1.304524942E+00 3.137651532E-04 5.048168929E+01
2.495660000E-02 1.294908669E+00 2.969525900E-04 4.967824143E+01
2.536030000E-02 1.285594343E+00 2.810366588E-04 4.888743430E+01
2.577050000E-02 1.276574850E+00 2.659757183E-04 4.810927223E+01
2.618730000E-02 1.267840920E+00 2.517222485E-04 4.734355966E+01
2.661090000E-02 1.259381650E+00 2.382316305E-04 4.658993119E+01
2.704130000E-02 1.251190518E+00 2.254650321E-04 4.584838747E+01
2.747860000E-02 1.243259142E+00 2.132481796E-04 4.511874695E+01
2.792310000E-02 1.235576037E+00 2.011841503E-04 4.440051427E+01
2.837470000E-02 1.228137048E+00 1.898041375E-04 4.369385403E+01
2.883370000E-02 1.220931491E+00 1.790663104E-04 4.299829713E+01
2.930000000E-02 9.997680621E-01 1.665158428E-04 4.231399317E+01
2.977390000E-02 9.997715158E-01 1.537120155E-04 4.164049721E+01
3.025550000E-02 9.997760709E-01 1.418920312E-04 4.097767348E+01
3.074490000E-02 9.997812192E-01 1.309812377E-04 4.032538730E+01
3.124210000E-02 9.997867365E-01 1.209101421E-04 3.968363202E+01
3.174750000E-02 9.997924774E-01 1.116123498E-04 3.905189385E+01
3.226090000E-02 9.997983380E-01 1.030305624E-04 3.843042197E+01
3.278270000E-02 9.998042383E-01 9.510825678E-05 3.781872756E+01
3.331300000E-02 9.998101150E-01 8.779480638E-05 3.721670219E+01
3.385180000E-02 9.998158373E-01 8.104391798E-05 3.662434494E+01
3.439930000E-02 9.998212385E-01 7.470270668E-05 3.604143108E+01
3.495570000E-02 9.998267968E-01 6.815947584E-05 3.546774918E+01
3.552110000E-02 9.998326438E-01 6.218927658E-05 3.490319838E+01
3.609560000E-02 9.998385251E-01 5.674221526E-05 3.434767673E+01
3.667940000E-02 9.998443644E-01 5.177211543E-05 3.380098911E+01
3.727270000E-02 9.998501154E-01 4.723729742E-05 3.326295117E+01
3.787550000E-02 9.998557511E-01 4.309999641E-05 3.273356127E+01
3.848820000E-02 9.998612522E-01 3.932464041E-05 3.221247032E+01
3.911070000E-02 9.998666053E-01 3.588020236E-05 3.169976503E+01
3.974320000E-02 9.998717989E-01 3.273759919E-05 3.119527366E+01
4.038610000E-02 9.998768301E-01 2.986994477E-05 3.069868098E+01
4.103930000E-02 9.998816883E-01 2.725365317E-05 3.021006694E+01
4.170310000E-02 9.998863511E-01 2.486646308E-05 2.972920478E+01
4.237760000E-02 9.998908688E-01 2.260035367E-05 2.925602205E+01
4.306300000E-02 9.998952740E-01 2.053866200E-05 2.879037689E+01
4.375950000E-02 9.998995405E-01 1.866511848E-05 2.833213359E+01
4.446730000E-02 9.999036617E-01 1.696232505E-05 2.788116211E+01
4.518650000E-02 9.999076378E-01 1.541498697E-05 2.743739834E+01
4.591740000E-02 9.999114705E-01 1.400871052E-05 2.700065770E+01
4.666000000E-02 9.999151612E-01 1.273079505E-05 2.657093871E+01
4.741470000E-02 9.999187160E-01 1.156949782E-05 2.614800895E+01
4.818160000E-02 9.999221384E-01 1.051403877E-05 2.573181463E+01
4.896090000E-02 9.999254328E-01 9.554933762E-06 2.532224694E+01
4.975280000E-02 9.999286252E-01 8.683250070E-06 2.491920053E+01
5.055760000E-02 9.999316938E-01 7.931805937E-06 2.452252480E+01
5.137530000E-02 9.999346141E-01 7.256782524E-06 2.413221918E+01
5.220620000E-02 9.999374115E-01 6.639242955E-06 2.374813719E+01
5.305060000E-02 9.999400971E-01 6.074230312E-06 2.337014096E+01
5.390870000E-02 9.999426795E-01 5.557287647E-06 2.299814316E+01
5.478060000E-02 9.999451663E-01 5.084362462E-06 2.263209968E+01
5.566670000E-02 9.999475680E-01 4.651653011E-06 2.227184295E+01
5.656700000E-02 9.999499110E-01 4.274124959E-06 2.191737232E+01
5.748200000E-02 9.999521502E-01 3.988378913E-06 2.156849101E+01
5.841170000E-02 9.999542626E-01 3.721756363E-06 2.122519975E+01
5.935640000E-02 9.999562901E-01 3.472963878E-06 2.088738535E+01
6.031650000E-02 9.999582616E-01 3.240785078E-06 2.055490620E+01
6.129210000E-02 9.999601634E-01 3.063647779E-06 2.022772919E+01
6.228340000E-02 9.999619649E-01 2.924226597E-06 1.990578549E+01
6.329080000E-02 9.999636825E-01 2.791141414E-06 1.958894500E+01
6.431450000E-02 9.999653319E-01 2.664109148E-06 1.927714590E+01
6.535470000E-02 9.999669238E-01 2.544088838E-06 1.897032654E+01
6.641180000E-02 9.999684577E-01 2.442776669E-06 1.866836918E+01
6.748590000E-02 9.999699335E-01 2.345506497E-06 1.837124496E+01
6.857750000E-02 9.999713705E-01 2.252099310E-06 1.807881594E+01
6.968670000E-02 9.999727614E-01 2.181895953E-06 1.779105626E+01
7.081380000E-02 9.999740991E-01 2.116264162E-06 1.750788688E+01
7.195910000E-02 9.999753993E-01 2.052606916E-06 1.722923161E+01
7.312300000E-02 9.999766662E-01 1.997324657E-06 1.695499364E+01
7.430570000E-02 9.999779010E-01 1.946389463E-06 1.668512644E+01
7.550760000E-02 9.999791103E-01 1.896749959E-06 1.641953923E+01
7.672890000E-02 9.999803050E-01 1.848381362E-06 1.615818811E+01
7.796990000E-02 9.999814927E-01 1.810325193E-06 1.590100795E+01
7.923100000E-02 9.999826737E-01 1.780734754E-06 1.564791559E+01
8.051250000E-02 9.999838636E-01 1.751627096E-06 1.539885111E+01
8.181470000E-02 9.999850801E-01 1.732026394E-06 1.515375599E+01
8.313800000E-02 9.999863398E-01 1.721320760E-06 1.491255503E+01
8.448270000E-02 9.999876843E-01 1.710681059E-06 1.467519386E+01
8.584910000E-02 9.999891912E-01 1.700107771E-06 1.444161907E+01
8.723770000E-02 9.999910007E-01 1.691804096E-06 1.421174561E+01
8.864870000E-02 9.999936777E-01 1.697763897E-06 1.398554068E+01
9.008250000E-02 9.999993442E-01 2.086057055E-06 1.376293953E+01
9.153950000E-02 1.000002099E+00 1.308007404E-05 1.354387996E+01
9.302010000E-02 9.999977535E-01 2.233110796E-05 1.332830216E+01
9.370000000E-02 9.999821137E-01 2.846711891E-05 1.323159018E+01
9.390000000E-02 9.999806525E-01 1.506841147E-05 1.320340788E+01
9.452460000E-02 9.999844632E-01 1.380669772E-05 1.311616235E+01
9.605350000E-02 9.999847733E-01 1.117330032E-05 1.290739015E+01
9.760710000E-02 9.999849650E-01 9.042117744E-06 1.270194484E+01
9.918580000E-02 9.999853195E-01 7.317497015E-06 1.249977315E+01
1.007900000E-01 9.999865112E-01 5.260265336E-06 1.230082349E+01
1.024200000E-01 9.999881035E-01 4.605408903E-06 1.210505761E+01
1.040770000E-01 9.999891633E-01 4.032013106E-06 1.191233414E+01
1.057600000E-01 9.999904343E-01 3.530061147E-06 1.172276853E+01
1.074710000E-01 9.999917016E-01 3.642585073E-06 1.153613533E+01
1.092090000E-01 9.999926464E-01 3.861659030E-06 1.135254420E+01
1.109750000E-01 9.999934113E-01 4.093896771E-06 1.117188556E+01
1.127700000E-01 9.999940767E-01 4.340086821E-06 1.099405870E+01
1.145940000E-01 9.999946639E-01 4.601086601E-06 1.081906557E+01
1.164480000E-01 9.999951811E-01 4.877726446E-06 1.064681231E+01
1.183310000E-01 9.999956201E-01 5.171085209E-06 1.047738970E+01
1.202450000E-01 9.999959943E-01 5.450129519E-06 1.031061583E+01
1.221900000E-01 9.999963306E-01 5.726084984E-06 1.014649317E+01
1.241660000E-01 9.999966201E-01 6.016059431E-06 9.985020054E+00
1.261750000E-01 9.999968081E-01 6.320621232E-06 9.826035268E+00
1.282150000E-01 9.999969391E-01 6.539090056E-06 9.669695433E+00
1.302890000E-01 9.999970879E-01 6.728639246E-06 9.515768791E+00
1.323970000E-01 9.999972199E-01 6.923633144E-06 9.364260519E+00
1.345380000E-01 9.999973223E-01 7.124401156E-06 9.215240304E+00
1.367140000E-01 9.999973752E-01 7.330944418E-06 9.068566496E+00
1.389250000E-01 9.999973460E-01 7.493525883E-06 8.924239698E+00
1.411720000E-01 9.999973179E-01 7.555234535E-06 8.782194770E+00
1.434560000E-01 9.999973390E-01 7.617392319E-06 8.642371180E+00
1.457760000E-01 9.999973546E-01 7.680147893E-06 8.504829327E+00
1.481340000E-01 9.999973622E-01 7.743374840E-06 8.369449282E+00
1.505300000E-01 9.999973566E-01 7.807146750E-06 8.236231980E+00
1.529640000E-01 9.999973010E-01 7.871539994E-06 8.105175074E+00
1.554390000E-01 9.999972309E-01 7.865778274E-06 7.976119249E+00
1.579530000E-01 9.999971969E-01 7.845044779E-06 7.849170323E+00
1.605070000E-01 9.999971668E-01 7.824472380E-06 7.724273708E+00
1.631030000E-01 9.999971353E-01 7.803872310E-06 7.601331674E+00
1.657420000E-01 9.999970981E-01 7.783228615E-06 7.480300708E+00
1.684220000E-01 9.999970264E-01 7.762798162E-06 7.361271093E+00
1.711460000E-01 9.999969466E-01 7.687800211E-06 7.244107370E+00
1.739150000E-01 9.999969010E-01 7.595503472E-06 7.128769801E+00
1.767270000E-01 9.999968673E-01 7.504518713E-06 7.015340044E+00
1.795860000E-01 9.999968401E-01 7.414429938E-06 6.903656187E+00
1.824910000E-01 9.999968161E-01 7.325488667E-06 6.793759692E+00
1.854420000E-01 9.999967930E-01 7.237624536E-06 6.685648343E+00
1.884420000E-01 9.999967673E-01 7.150754146E-06 6.579212702E+00
1.914890000E-01 9.999967376E-01 7.056803014E-06 6.474523341E+00
1.945870000E-01 9.999967119E-01 6.956438801E-06 6.371443108E+00
1.977340000E-01 9.999966913E-01 6.857565777E-06 6.270039548E+00
2.009320000E-01 9.999966702E-01 6.760132021E-06 6.170246651E+00
2.041820000E-01 9.999966467E-01 6.664022271E-06 6.072033774E+00
2.074850000E-01 9.999966150E-01 6.569261538E-06 5.975371714E+00
2.108400000E-01 9.999965766E-01 6.455909657E-06 5.880288370E+00
2.142510000E-01 9.999965487E-01 6.333219036E-06 5.786670774E+00
2.177160000E-01 9.999965309E-01 6.212913006E-06 5.694574583E+00
2.212370000E-01 9.999965154E-01 6.094867761E-06 5.603945091E+00
2.248160000E-01 9.999965010E-01 5.979044094E-06 5.514732048E+00
2.284520000E-01 9.999964860E-01 5.865453000E-06 5.426960587E+00
2.321470000E-01 9.999964630E-01 5.754018478E-06 5.340581614E+00
2.359020000E-01 9.999964354E-01 5.632538026E-06 5.255572229E+00
2.397170000E-01 9.999964157E-01 5.499215695E-06 5.171931903E+00
2.435950000E-01 9.999964037E-01 5.368980112E-06 5.089595435E+00
2.475350000E-01 9.999963935E-01 5.241906220E-06 5.008584645E+00
2.515380000E-01 9.999963828E-01 5.117823720E-06 4.928877545E+00
2.556070000E-01 9.999963572E-01 4.996638873E-06 4.850414895E+00
2.597410000E-01 9.999963237E-01 4.854509319E-06 4.773216396E+00
2.639420000E-01 9.999963095E-01 4.684489126E-06 4.697244092E+00
2.682110000E-01 9.999963168E-01 4.520415258E-06 4.622480062E+00
2.725490000E-01 9.999963349E-01 4.362108155E-06 4.548906802E+00
2.769570000E-01 9.999963606E-01 4.209320392E-06 4.476507183E+00
2.814370000E-01 9.999963920E-01 4.061881471E-06 4.405248777E+00
2.859890000E-01 9.999964280E-01 3.919614680E-06 4.335131771E+00
2.906150000E-01 9.999964675E-01 3.782338041E-06 4.266125286E+00
2.953150000E-01 9.999965100E-01 3.649864369E-06 4.198229010E+00
3.000920000E-01 9.999965549E-01 3.522023530E-06 4.131399704E+00
3.049450000E-01 9.999966017E-01 3.398685084E-06 4.065651183E+00
3.098780000E-01 9.999966500E-01 3.279630195E-06 4.000929398E+00
3.148900000E-01 9.999966995E-01 3.164758557E-06 3.937247928E+00
3.199830000E-01 9.999967499E-01 3.053926504E-06 3.874580837E+00
3.251580000E-01 9.999968010E-01 2.946962541E-06 3.812915567E+00
3.304180000E-01 9.999968526E-01 2.843736693E-06 3.752216889E+00
3.357620000E-01 9.999969043E-01 2.744142097E-06 3.692496471E+00
3.411920000E-01 9.999969561E-01 2.648040071E-06 3.633731154E+00
3.467110000E-01 9.999970078E-01 2.555284151E-06 3.575888853E+00
3.523190000E-01 9.999970593E-01 2.465779291E-06 3.518970024E+00
3.580170000E-01 9.999971102E-01 2.379431622E-06 3.462964049E+00
3.638080000E-01 9.999971605E-01 2.296081704E-06 3.407841499E+00
3.696920000E-01 9.999972100E-01 2.215671562E-06 3.353602458E+00
3.756720000E-01 9.999972583E-01 2.138053730E-06 3.300219340E+00
3.817480000E-01 9.999973051E-01 2.063174313E-06 3.247692195E+00
3.879220000E-01 9.999973497E-01 1.990919192E-06 3.196003320E+00
3.941970000E-01 9.999973896E-01 1.921182532E-06 3.145127944E+00
4.005730000E-01 9.999974247E-01 1.844264547E-06 3.095066318E+00
4.070520000E-01 9.999974653E-01 1.762174415E-06 3.045802502E+00
4.136350000E-01 9.999975129E-01 1.683736922E-06 2.997328563E+00
4.203260000E-01 9.999975622E-01 1.608785743E-06 2.949615299E+00
4.271240000E-01 9.999976128E-01 1.537170210E-06 2.902669951E+00
4.340320000E-01 9.999976640E-01 1.468755817E-06 2.856471412E+00
4.410520000E-01 9.999977156E-01 1.403373177E-06 2.811006412E+00
4.481860000E-01 9.999977672E-01 1.340899475E-06 2.766262221E+00
4.554350000E-01 9.999978186E-01 1.281213418E-06 2.722232591E+00
4.628020000E-01 9.999978697E-01 1.224178857E-06 2.678899400E+00
4.702870000E-01 9.999979204E-01 1.169690704E-06 2.636262538E+00
4.778940000E-01 9.999979705E-01 1.117619771E-06 2.594299154E+00
4.856230000E-01 9.999980199E-01 1.067870506E-06 2.553009227E+00
4.934780000E-01 9.999980685E-01 1.020340746E-06 2.512371372E+00
5.014590000E-01 9.999981163E-01 9.749201573E-07 2.472385579E+00
5.095700000E-01 9.999981632E-01 9.315241783E-07 2.433031772E+00
5.178120000E-01 9.999982089E-01 8.900619298E-07 2.394305269E+00
5.261870000E-01 9.999982532E-01 8.504364096E-07 2.356196561E+00
5.346980000E-01 9.999982956E-01 8.112485097E-07 2.318692047E+00
5.433460000E-01 9.999983380E-01 7.716361577E-07 2.281787296E+00
5.521340000E-01 9.999983813E-01 7.339512984E-07 2.245469397E+00
5.610650000E-01 9.999984243E-01 6.981083211E-07 2.209726146E+00
5.701390000E-01 9.999984667E-01 6.640154335E-07 2.174557432E+00
5.793610000E-01 9.999985086E-01 6.315902894E-07 2.139943835E+00
5.887320000E-01 9.999985497E-01 6.007473697E-07 2.105881793E+00
5.982540000E-01 9.999985901E-01 5.714084972E-07 2.072363912E+00
6.079300000E-01 9.999986297E-01 5.435074481E-07 2.039379534E+00
6.177630000E-01 9.999986686E-01 5.169615676E-07 2.006918511E+00
6.277550000E-01 9.999987066E-01 4.917181848E-07 1.974974313E+00
6.379080000E-01 9.999987437E-01 4.677034959E-07 1.943540448E+00
6.482260000E-01 9.999987800E-01 4.448627194E-07 1.912604555E+00
6.587110000E-01 9.999988155E-01 4.231389860E-07 1.882160765E+00
6.693650000E-01 9.999988502E-01 4.024751896E-07 1.852203208E+00
6.801910000E-01 9.999988841E-01 3.828207414E-07 1.822723323E+00
6.911930000E-01 9.999989171E-01 3.643482922E-07 1.793710295E+00
7.023720000E-01 9.999989492E-01 3.468073333E-07 1.765161481E+00
7.137330000E-01 9.999989804E-01 3.301100252E-07 1.737064140E+00
7.252770000E-01 9.999990106E-01 3.142167746E-07 1.709415851E+00
7.370080000E-01 9.999990401E-01 2.990888641E-07 1.682206977E+00
7.489280000E-01 9.999990686E-01 2.846894455E-07 1.655432832E+00
7.610420000E-01 9.999990963E-01 2.709828023E-07 1.629082232E+00
7.733510000E-01 9.999991231E-01 2.579366152E-07 1.603153031E+00
7.858590000E-01 9.999991489E-01 2.450721154E-07 1.577636701E+00
7.985700000E-01 9.999991742E-01 2.325787054E-07 1.552525139E+00
8.114860000E-01 9.999991990E-01 2.207223600E-07 1.527814405E+00
8.246110000E-01 9.999992231E-01 2.094706567E-07 1.503496800E+00
8.379490000E-01 9.999992459E-01 1.987918159E-07 1.479564985E+00
8.515020000E-01 9.999992682E-01 1.872130469E-07 1.456015370E+00
8.652740000E-01 9.999992910E-01 1.762282689E-07 1.432840927E+00
8.792690000E-01 9.999993135E-01 1.658882916E-07 1.410034927E+00
8.934910000E-01 9.999993360E-01 1.561544972E-07 1.387590921E+00
9.079430000E-01 9.999993580E-01 1.477344532E-07 1.365504222E+00
9.226280000E-01 9.999993790E-01 1.398965967E-07 1.343770187E+00
9.375510000E-01 9.999993993E-01 1.324742244E-07 1.322381396E+00
9.527150000E-01 9.999994190E-01 1.254459950E-07 1.301333557E+00
9.681240000E-01 9.999994381E-01 1.187905704E-07 1.280621077E+00
9.837830000E-01 9.999994567E-01 1.125486515E-07 1.260237268E+00
9.996950000E-01 9.999994747E-01 1.067062697E-07 1.240178254E+00
1.015860000E+00 9.999994921E-01 1.011661987E-07 1.220443762E+00
1.032290000E+00 9.999995090E-01 9.589442802E-08 1.201019093E+00
1.048990000E+00 9.999995254E-01 9.087351726E-08 1.181898779E+00
1.065960000E+00 9.999995413E-01 8.609144388E-08 1.163083043E+00
1.083200000E+00 9.999995567E-01 8.156266056E-08 1.144571640E+00
1.100720000E+00 9.999995718E-01 7.727194141E-08 1.126353659E+00
1.118520000E+00 9.999995864E-01 7.320759165E-08 1.108428995E+00
1.136610000E+00 9.999996005E-01 6.935473857E-08 1.090787517E+00
1.155000000E+00 9.999996143E-01 6.570414465E-08 1.073419913E+00
1.173680000E+00 9.999996277E-01 6.224712391E-08 1.056335628E+00
1.192660000E+00 9.999996407E-01 5.897360367E-08 1.039525095E+00
1.211950000E+00 9.999996534E-01 5.587110239E-08 1.022979496E+00
1.231550000E+00 9.999996657E-01 5.293073998E-08 1.006698875E+00
1.251470000E+00 9.999996777E-01 5.013560285E-08 9.906749662E-01
1.271720000E+00 9.999996894E-01 4.747556580E-08 9.749001352E-01
1.292290000E+00 9.999997008E-01 4.494300759E-08 9.593821820E-01
1.313190000E+00 9.999997119E-01 4.254773837E-08 9.441131900E-01
1.334430000E+00 9.999997228E-01 4.027974964E-08 9.290858269E-01
1.356010000E+00 9.999997335E-01 3.813205557E-08 9.143000420E-01
1.377940000E+00 9.999997439E-01 3.609815992E-08 8.997489005E-01
1.400230000E+00 9.999997542E-01 3.417270045E-08 8.854259657E-01
1.422880000E+00 9.999997644E-01 3.235075937E-08 8.713313842E-01
1.445890000E+00 9.999997744E-01 3.062502479E-08 8.574649524E-01
1.469280000E+00 9.999997845E-01 2.898685285E-08 8.438146575E-01
1.493040000E+00 9.999997945E-01 2.743082031E-08 8.303863259E-01
1.517190000E+00 9.999998047E-01 2.593038714E-08 8.171685814E-01
1.541730000E+00 9.999998152E-01 2.450874753E-08 8.041615588E-01
1.566670000E+00 9.999998263E-01 2.316546815E-08 7.913600184E-01
1.592010000E+00 9.999998385E-01 2.189558920E-08 7.787639525E-01
1.617760000E+00 9.999998526E-01 2.069523364E-08 7.663683117E-01
1.643920000E+00 9.999998718E-01 1.956097476E-08 7.541729525E-01
1.670510000E+00 9.999999139E-01 1.848874595E-08 7.421685593E-01
1.678300000E+00 1.000000030E+00 1.818896626E-08 7.387237085E-01
1.678500000E+00 1.000000030E+00 1.018033723E-07 7.386356866E-01
1.697530000E+00 9.999998915E-01 9.809740852E-08 7.303552809E-01
1.724990000E+00 9.999998714E-01 9.305379823E-08 7.187288042E-01
1.752890000E+00 9.999998634E-01 8.827021111E-08 7.072891054E-01
1.781240000E+00 9.999998597E-01 8.373254552E-08 6.960319777E-01
1.810050000E+00 9.999998585E-01 7.942919539E-08 6.849534543E-01
1.839320000E+00 9.999998588E-01 7.534557835E-08 6.740534545E-01
1.869070000E+00 9.999998604E-01 7.147168793E-08 6.633245411E-01
1.899300000E+00 9.999998636E-01 6.779848052E-08 6.527668088E-01
1.920900000E+00 9.999998791E-01 6.532345677E-08 6.454266229E-01
1.921100000E+00 9.999998791E-01 7.424029330E-08 6.453594295E-01
1.930020000E+00 9.999998673E-01 7.310638554E-08 6.423767629E-01
1.961240000E+00 9.999998647E-01 6.931073588E-08 6.321510881E-01
1.992960000E+00 9.999998652E-01 6.571231396E-08 6.220897559E-01
2.025200000E+00 9.999998664E-01 6.232759784E-08 6.121864507E-01
2.057950000E+00 9.999998682E-01 5.906447709E-08 6.024441799E-01
2.091240000E+00 9.999998702E-01 5.595732709E-08 5.928540005E-01
2.125060000E+00 9.999998725E-01 5.300137828E-08 5.834188211E-01
2.159430000E+00 9.999998749E-01 5.019153407E-08 5.741329888E-01
2.194360000E+00 9.999998775E-01 4.751832934E-08 5.649938934E-01
2.229850000E+00 9.999998801E-01 4.497926385E-08 5.560015248E-01
2.265920000E+00 9.999998828E-01 4.256690018E-08 5.471508262E-01
2.302570000E+00 9.999998855E-01 4.027707061E-08 5.384418280E-01
2.339810000E+00 9.999998882E-01 3.810292852E-08 5.298720836E-01
2.377660000E+00 9.999998910E-01 3.603967285E-08 5.214370431E-01
2.416110000E+00 9.999998937E-01 3.408198863E-08 5.131388885E-01
2.455190000E+00 9.999998964E-01 3.222549884E-08 5.049711020E-01
2.494900000E+00 9.999998991E-01 3.046501861E-08 4.969337448E-01
2.535260000E+00 9.999999018E-01 2.879570498E-08 4.890228221E-01
2.576260000E+00 9.999999044E-01 2.721450970E-08 4.812402475E-01
2.617930000E+00 9.999999070E-01 2.571654496E-08 4.735802714E-01
2.660270000E+00 9.999999096E-01 2.429739016E-08 4.660429205E-01
2.703300000E+00 9.999999121E-01 2.295238687E-08 4.586246440E-01
2.747030000E+00 9.999999146E-01 2.167975046E-08 4.513237933E-01
2.791460000E+00 9.999999170E-01 2.047537257E-08 4.441403423E-01
2.836610000E+00 9.999999194E-01 1.933576438E-08 4.370710108E-01
2.882490000E+00 9.999999217E-01 1.825589795E-08 4.301142415E-01
2.929110000E+00 9.999999240E-01 1.723548967E-08 4.232685014E-01
2.976480000E+00 9.999999263E-01 1.627024104E-08 4.165322797E-01
3.024630000E+00 9.999999284E-01 1.535697732E-08 4.099013764E-01
3.073550000E+00 9.999999306E-01 1.449373552E-08 4.033772023E-01
3.123260000E+00 9.999999326E-01 1.367697998E-08 3.969570257E-01
3.173780000E+00 9.999999347E-01 1.290533059E-08 3.906382925E-01
3.225110000E+00 9.999999366E-01 1.217604011E-08 3.844209965E-01
3.277270000E+00 9.999999385E-01 1.148789415E-08 3.783026727E-01
3.330280000E+00 9.999999404E-01 1.083634222E-08 3.722810094E-01
3.384150000E+00 9.999999422E-01 1.022127199E-08 3.663549193E-01
3.438880000E+00 9.999999440E-01 9.640350656E-09 3.605243568E-01
3.494500000E+00 9.999999457E-01 9.091721265E-09 3.547860924E-01
3.551020000E+00 9.999999474E-01 8.573560638E-09 3.491391206E-01
3.608460000E+00 9.999999490E-01 8.084281693E-09 3.435814724E-01
3.666820000E+00 9.999999506E-01 7.622394816E-09 3.381131335E-01
3.726130000E+00 9.999999521E-01 7.186436302E-09 3.327312788E-01
3.786400000E+00 9.999999536E-01 6.774868136E-09 3.274350306E-01
3.847640000E+00 9.999999551E-01 6.386437623E-09 3.222234928E-01
3.909870000E+00 9.999999565E-01 6.019942710E-09 3.170949418E-01
3.973110000E+00 9.999999579E-01 5.674056249E-09 3.120477409E-01
4.037380000E+00 9.999999592E-01 5.347780182E-09 3.070803343E-01
4.102680000E+00 9.999999605E-01 5.039937477E-09 3.021927131E-01
4.169030000E+00 9.999999617E-01 4.749516181E-09 2.973833242E-01
4.236460000E+00 9.999999629E-01 4.475609849E-09 2.926499955E-01
4.304980000E+00 9.999999641E-01 4.217340638E-09 2.879920464E-01
4.374620000E+00 9.999999652E-01 3.973672820E-09 2.834074731E-01
4.445370000E+00 9.999999663E-01 3.743932385E-09 2.788969197E-01
4.517270000E+00 9.999999674E-01 3.527322554E-09 2.744578031E-01
4.590330000E+00 9.999999684E-01 3.323070374E-09 2.700895143E-01
4.664580000E+00 9.999999694E-01 3.130485924E-09 2.657902748E-01
4.740030000E+00 9.999999704E-01 2.948976553E-09 2.615595260E-01
4.816690000E+00 9.999999714E-01 2.777880227E-09 2.573966770E-01
4.894600000E+00 9.999999723E-01 2.616593371E-09 2.532995546E-01
4.973770000E+00 9.999999732E-01 2.464542736E-09 2.492676581E-01
5.054210000E+00 9.999999740E-01 2.321286615E-09 2.453004525E-01
5.135960000E+00 9.999999749E-01 2.186256154E-09 2.413959610E-01
5.219030000E+00 9.999999757E-01 2.059005750E-09 2.375537217E-01
5.303440000E+00 9.999999764E-01 1.939156116E-09 2.337727965E-01
5.389220000E+00 9.999999772E-01 1.826166566E-09 2.300518442E-01
5.476390000E+00 9.999999779E-01 1.719731624E-09 2.263900124E-01
5.564970000E+00 9.999999786E-01 1.619461449E-09 2.227864661E-01
5.654980000E+00 9.999999793E-01 1.524971240E-09 2.192403863E-01
5.746440000E+00 9.999999800E-01 1.435994014E-09 2.157509693E-01
5.839390000E+00 9.999999806E-01 1.352155759E-09 2.123166975E-01
5.933830000E+00 9.999999813E-01 1.273198688E-09 2.089375665E-01
6.029810000E+00 9.999999819E-01 1.198784287E-09 2.056117854E-01
6.127330000E+00 9.999999824E-01 1.128714928E-09 2.023393550E-01
6.226440000E+00 9.999999830E-01 1.062742944E-09 1.991185975E-01
6.327150000E+00 9.999999836E-01 1.000616195E-09 1.959492030E-01
6.429480000E+00 9.999999841E-01 9.420893921E-10 1.928305244E-01
6.533480000E+00 9.999999846E-01 8.869283953E-10 1.897610462E-01
6.639150000E+00 9.999999851E-01 8.350443517E-10 1.867407725E-01
6.746540000E+00 9.999999856E-01 7.861555673E-10 1.837682723E-01
6.855650000E+00 9.999999860E-01 7.401392185E-10 1.808435378E-01
6.966540000E+00 9.999999865E-01 6.967681612E-10 1.779649582E-01
7.079220000E+00 9.999999869E-01 6.559781691E-10 1.751322886E-01
7.193720000E+00 9.999999873E-01 6.175315130E-10 1.723447674E-01
7.310070000E+00 9.999999878E-01 5.813577056E-10 1.696016591E-01
7.428310000E+00 9.999999881E-01 5.472776722E-10 1.669020275E-01
7.548450000E+00 9.999999885E-01 5.152234574E-10 1.642456398E-01
7.670540000E+00 9.999999889E-01 4.850435735E-10 1.616313845E-01
7.794610000E+00 9.999999893E-01 4.566000855E-10 1.590586315E-01
7.920680000E+00 9.999999896E-01 4.298302830E-10 1.565269649E-01
8.048790000E+00 9.999999899E-01 4.046332276E-10 1.540355755E-01
8.178980000E+00 9.999999903E-01 3.809112587E-10 1.515836938E-01
8.311260000E+00 9.999999906E-01 3.585832791E-10 1.491711245E-01
8.445690000E+00 9.999999909E-01 3.375629029E-10 1.467967685E-01
8.582290000E+00 9.999999912E-01 3.177722684E-10 1.444602781E-01
8.721110000E+00 9.999999915E-01 2.991454080E-10 1.421608029E-01
8.862160000E+00 9.999999917E-01 2.816106793E-10 1.398981738E-01
9.005500000E+00 9.999999920E-01 2.651020201E-10 1.376714230E-01
9.151160000E+00 9.999999923E-01 2.495657031E-10 1.354800921E-01
9.299170000E+00 9.999999925E-01 2.349377751E-10 1.333237267E-01
9.449580000E+00 9.999999928E-01 2.211717712E-10 1.312015984E-01
9.602420000E+00 9.999999930E-01 2.082123902E-10 1.291132860E-01
9.757730000E+00 9.999999932E-01 1.960130999E-10 1.270582400E-01
9.915550000E+00 9.999999934E-01 1.845267718E-10 1.250359284E-01
1.007590000E+01 9.999999937E-01 1.737193988E-10 1.230460803E-01
1.023890000E+01 9.999999939E-01 1.635447016E-10 1.210872262E-01
1.040450000E+01 9.999999941E-01 1.539688214E-10 1.191599789E-01
1.057280000E+01 9.999999943E-01 1.449543407E-10 1.172631659E-01
1.074380000E+01 9.999999945E-01 1.364700418E-10 1.153967870E-01
1.091760000E+01 9.999999946E-01 1.284830360E-10 1.135597567E-01
1.109420000E+01 9.999999948E-01 1.209652705E-10 1.117520867E-01
1.127360000E+01 9.999999950E-01 1.138901715E-10 1.099737440E-01
1.145590000E+01 9.999999951E-01 1.072307156E-10 1.082237101E-01
1.164120000E+01 9.999999953E-01 1.009611146E-10 1.065010480E-01
1.182950000E+01 9.999999955E-01 9.505955251E-11 1.048057822E-01
1.202080000E+01 9.999999956E-01 8.950523471E-11 1.031378943E-01
1.221530000E+01 9.999999958E-01 8.427535876E-11 1.014956653E-01
1.241280000E+01 9.999999959E-01 7.935452366E-11 9.988076824E-02
1.261360000E+01 9.999999960E-01 7.472112749E-11 9.829073381E-02
1.281760000E+01 9.999999962E-01 7.036015469E-11 9.672637623E-02
1.302500000E+01 9.999999963E-01 6.625407585E-11 9.518618042E-02
1.323560000E+01 9.999999964E-01 6.239027596E-11 9.367161292E-02
1.344970000E+01 9.999999966E-01 5.875242096E-11 9.218049473E-02
1.366720000E+01 9.999999967E-01 5.532826689E-11 9.071353313E-02
1.388830000E+01 9.999999969E-01 5.210429432E-11 8.926938502E-02
1.411290000E+01 9.999999970E-01 4.906981030E-11 8.784870579E-02
1.432550000E+01 9.999999978E-01 4.640124444E-11 8.654497225E-02
1.432570000E+01 9.999999978E-01 3.322474755E-10 8.654376400E-02
1.434120000E+01 9.999999973E-01 3.309839533E-10 8.645022732E-02
1.457310000E+01 9.999999972E-01 3.127804135E-10 8.507455517E-02
1.480890000E+01 9.999999972E-01 2.955219243E-10 8.371992518E-02
1.504840000E+01 9.999999973E-01 2.791733609E-10 8.238749635E-02
1.529180000E+01 9.999999973E-01 2.636858140E-10 8.107613231E-02
1.553910000E+01 9.999999974E-01 2.490194332E-10 7.978583058E-02
1.579040000E+01 9.999999974E-01 2.351334815E-10 7.851606039E-02
1.604580000E+01 9.999999975E-01 2.219879094E-10 7.726632514E-02
1.630540000E+01 9.999999976E-01 2.095455138E-10 7.603615980E-02
1.656910000E+01 9.999999976E-01 1.977757937E-10 7.482603159E-02
1.683710000E+01 9.999999977E-01 1.866400956E-10 7.363500840E-02
1.710940000E+01 9.999999978E-01 1.761097360E-10 7.246309046E-02
1.738610000E+01 9.999999978E-01 1.661525801E-10 7.130983947E-02
1.766740000E+01 9.999999979E-01 1.567364801E-10 7.017444559E-02
1.795310000E+01 9.999999980E-01 1.478386049E-10 6.905771148E-02
1.824350000E+01 9.999999980E-01 1.394279291E-10 6.795845096E-02
1.853860000E+01 9.999999981E-01 1.314811899E-10 6.687667893E-02
1.883840000E+01 9.999999981E-01 1.239743926E-10 6.581238322E-02
1.914310000E+01 9.999999982E-01 1.168831227E-10 6.476485000E-02
1.945270000E+01 9.999999983E-01 1.101858416E-10 6.373408319E-02
1.976740000E+01 9.999999983E-01 1.038607611E-10 6.271942694E-02
2.008710000E+01 9.999999984E-01 9.788994886E-11 6.172120416E-02
2.041200000E+01 9.999999984E-01 9.225279857E-11 6.073878111E-02
2.074210000E+01 9.999999985E-01 8.693259925E-11 5.977215422E-02
2.107760000E+01 9.999999985E-01 8.191132764E-11 5.882073860E-02
2.141850000E+01 9.999999986E-01 7.717315625E-11 5.788453907E-02
2.176500000E+01 9.999999986E-01 7.270238769E-11 5.696301401E-02
2.211700000E+01 9.999999986E-01 6.848502592E-11 5.605642718E-02
2.247470000E+01 9.999999987E-01 6.450693517E-11 5.516425136E-02
2.283820000E+01 9.999999987E-01 6.075503394E-11 5.428623972E-02
2.320760000E+01 9.999999988E-01 5.721659336E-11 5.342215481E-02
2.358300000E+01 9.999999988E-01 5.387991372E-11 5.257176780E-02
2.396440000E+01 9.999999988E-01 5.073433705E-11 5.173507369E-02
2.435200000E+01 9.999999989E-01 4.776857184E-11 5.091162943E-02
2.474590000E+01 9.999999989E-01 4.497301214E-11 5.010122889E-02
2.514620000E+01 9.999999989E-01 4.233766490E-11 4.930367213E-02
2.555290000E+01 9.999999990E-01 3.985454455E-11 4.851895480E-02
2.596620000E+01 9.999999990E-01 3.751430225E-11 4.774668608E-02
2.638610000E+01 9.999999990E-01 3.530926283E-11 4.698686051E-02
2.681290000E+01 9.999999991E-01 3.323160376E-11 4.623893723E-02
2.724660000E+01 9.999999991E-01 3.127397006E-11 4.550292514E-02
2.768730000E+01 9.999999991E-01 2.943011819E-11 4.477865303E-02
2.813510000E+01 9.999999992E-01 2.769317293E-11 4.406595320E-02
2.859020000E+01 9.999999992E-01 2.605737611E-11 4.336450952E-02
2.905260000E+01 9.999999992E-01 2.451653771E-11 4.267432175E-02
2.952250000E+01 9.999999992E-01 2.306575422E-11 4.199508849E-02
3.000000000E+01 0.000000000E+00 0.000000000E+00 4.132666667E-02
