# 11/08/2021 
# Data retrieved from www.chemicool.com/densities.html 
# Includes the real (n) and complex (k) part of the  refractive index. 
# Element, Mg  (Z = 12) 
# Nominal density, g cm-3 =  1.738 
#    E [keV]      n       k    Wavelength [nm] 
1.000000000E-02 -2.566902602E+00 3.557877880E-03 1.239800000E+02
1.016170000E-02 2.875644051E+03 2.281097184E-01 1.220071445E+02
1.032610000E-02 2.784839299E+03 1.894778638E-01 1.200646904E+02
1.049310000E-02 2.696933598E+03 1.573900540E-01 1.181538344E+02
1.066280000E-02 2.611804112E+03 1.307357744E-01 1.162733991E+02
1.083530000E-02 2.529336850E+03 1.085950894E-01 1.144223049E+02
1.101060000E-02 2.449470318E+03 9.020356632E-02 1.126005849E+02
1.118860000E-02 2.372184345E+03 7.492861901E-02 1.108092165E+02
1.136960000E-02 2.297288460E+03 6.223885595E-02 1.090451731E+02
1.155350000E-02 2.224769028E+03 5.169868232E-02 1.073094733E+02
1.174040000E-02 2.154530501E+03 4.545286833E-02 1.056011720E+02
1.193030000E-02 2.086518685E+03 4.209268751E-02 1.039202702E+02
1.212320000E-02 2.020678654E+03 3.898127253E-02 1.022667283E+02
1.231930000E-02 1.956891468E+03 3.609939139E-02 1.006388350E+02
1.251860000E-02 1.895110402E+03 3.343041400E-02 9.903663349E+01
1.272100000E-02 1.835316656E+03 3.095939069E-02 9.746089144E+01
1.292680000E-02 1.777375422E+03 2.867054653E-02 9.590927376E+01
1.313590000E-02 1.721272107E+03 2.655092640E-02 9.438256990E+01
1.334830000E-02 1.666961257E+03 2.458838187E-02 9.288074137E+01
1.356420000E-02 1.614349450E+03 2.277067118E-02 9.140236800E+01
1.378360000E-02 1.563397344E+03 2.108728584E-02 8.994747381E+01
1.400660000E-02 1.514043319E+03 1.952823077E-02 8.851541416E+01
1.423310000E-02 1.466270525E+03 1.808471202E-02 8.710681440E+01
1.446330000E-02 1.419998792E+03 1.674770522E-02 8.572040959E+01
1.469730000E-02 1.375173903E+03 1.550951570E-02 8.435562995E+01
1.493500000E-02 1.331780293E+03 1.436295106E-02 8.301305658E+01
1.517650000E-02 1.289764493E+03 1.330125082E-02 8.169208974E+01
1.542200000E-02 1.249059864E+03 1.231793521E-02 8.039164829E+01
1.567140000E-02 1.209651856E+03 1.140736960E-02 7.911226821E+01
1.592490000E-02 1.171478355E+03 1.056402661E-02 7.785292215E+01
1.618250000E-02 1.134510594E+03 9.783038707E-03 7.661362583E+01
1.644420000E-02 1.098719336E+03 9.441110861E-03 7.539436397E+01
1.671020000E-02 1.064049577E+03 9.167199895E-03 7.419420474E+01
1.698050000E-02 1.030475147E+03 8.901238096E-03 7.301316216E+01
1.725510000E-02 9.979694574E+02 8.643064139E-03 7.185122080E+01
1.753420000E-02 9.664836041E+02 8.392320667E-03 7.070753157E+01
1.781780000E-02 9.359936367E+02 8.148863683E-03 6.958210329E+01
1.810600000E-02 9.064652399E+02 7.912456763E-03 6.847453883E+01
1.839890000E-02 8.778657293E+02 7.682874949E-03 6.738446320E+01
1.869640000E-02 8.501821034E+02 7.460063504E-03 6.631223123E+01
1.899880000E-02 8.233647245E+02 7.243660559E-03 6.525675306E+01
1.930610000E-02 7.973935096E+02 7.033511083E-03 6.421804507E+01
1.961840000E-02 7.722401749E+02 6.936402547E-03 6.319577539E+01
1.993570000E-02 7.478851688E+02 6.851459482E-03 6.218994066E+01
2.025820000E-02 7.242944054E+02 6.767515425E-03 6.119990917E+01
2.058580000E-02 7.014567369E+02 6.684671811E-03 6.022598102E+01
2.091880000E-02 6.793335213E+02 6.602778691E-03 5.926726198E+01
2.125710000E-02 6.579144024E+02 6.521940004E-03 5.832404232E+01
2.160090000E-02 6.371699076E+02 6.442055371E-03 5.739575666E+01
2.195030000E-02 6.170782749E+02 6.363184702E-03 5.648214375E+01
2.230530000E-02 5.976239421E+02 6.285286147E-03 5.558320220E+01
2.266610000E-02 5.787809435E+02 6.208241503E-03 5.469842628E+01
2.303270000E-02 5.605348134E+02 6.132219521E-03 5.382781871E+01
2.340530000E-02 5.428616194E+02 6.057101402E-03 5.297090830E+01
2.378380000E-02 5.257522705E+02 5.982931602E-03 5.212791900E+01
2.416850000E-02 5.091798265E+02 5.909655170E-03 5.129817738E+01
2.455940000E-02 4.931316651E+02 5.837314493E-03 5.048168929E+01
2.495660000E-02 4.775911552E+02 5.765852131E-03 4.967824143E+01
2.536030000E-02 4.625386138E+02 5.695217555E-03 4.888743430E+01
2.577050000E-02 4.479625387E+02 5.625452006E-03 4.810927223E+01
2.618730000E-02 4.338479527E+02 5.511831026E-03 4.734355966E+01
2.661090000E-02 4.201772352E+02 5.399542743E-03 4.658993119E+01
2.704130000E-02 4.069398456E+02 5.289559799E-03 4.584838747E+01
2.747860000E-02 3.941222369E+02 5.181790637E-03 4.511874695E+01
2.792310000E-02 3.817058510E+02 5.076230311E-03 4.440051427E+01
2.837470000E-02 3.696839720E+02 4.972827408E-03 4.369385403E+01
2.883370000E-02 3.580393340E+02 4.871503376E-03 4.299829713E+01
2.930000000E-02 9.556317835E-01 4.772247663E-03 4.231399317E+01
2.977390000E-02 9.577934396E-01 4.675054280E-03 4.164049721E+01
3.025550000E-02 9.598966346E-01 4.579780982E-03 4.097767348E+01
3.074490000E-02 9.619433383E-01 4.486487708E-03 4.032538730E+01
3.124210000E-02 9.639348624E-01 4.395099335E-03 3.968363202E+01
3.174750000E-02 9.658733665E-01 4.305525535E-03 3.905189385E+01
3.226090000E-02 9.677535658E-01 4.217841916E-03 3.843042197E+01
3.278270000E-02 9.695746492E-01 4.120025356E-03 3.781872756E+01
3.331300000E-02 9.713667436E-01 3.993402734E-03 3.721670219E+01
3.385180000E-02 9.731346674E-01 3.870712481E-03 3.662434494E+01
3.439930000E-02 9.748726505E-01 3.751791901E-03 3.604143108E+01
3.495570000E-02 9.765811680E-01 3.636512733E-03 3.546774918E+01
3.552110000E-02 9.782613479E-01 3.524772867E-03 3.490319838E+01
3.609560000E-02 9.799149668E-01 3.416472362E-03 3.434767673E+01
3.667940000E-02 9.815441752E-01 3.311517439E-03 3.380098911E+01
3.727270000E-02 9.831509554E-01 3.209752919E-03 3.326295117E+01
3.787550000E-02 9.847362424E-01 3.111149864E-03 3.273356127E+01
3.848820000E-02 9.862925690E-01 3.015529802E-03 3.221247032E+01
3.911070000E-02 9.878391394E-01 2.882611889E-03 3.169976503E+01
3.974320000E-02 9.894050904E-01 2.739792245E-03 3.119527366E+01
4.038610000E-02 9.909950311E-01 2.604005849E-03 3.069868098E+01
4.103930000E-02 9.926048466E-01 2.474974729E-03 3.021006694E+01
4.170310000E-02 9.942416358E-01 2.352328646E-03 2.972920478E+01
4.237760000E-02 9.959154477E-01 2.235758062E-03 2.925602205E+01
4.306300000E-02 9.976392849E-01 2.125837852E-03 2.879037689E+01
4.375950000E-02 9.994315859E-01 2.021373214E-03 2.833213359E+01
4.446730000E-02 1.001318836E+00 1.922029020E-03 2.788116211E+01
4.518650000E-02 1.003339759E+00 1.827572700E-03 2.743739834E+01
4.591740000E-02 1.005557161E+00 1.737751579E-03 2.700065770E+01
4.666000000E-02 1.008082628E+00 1.658334767E-03 2.657093871E+01
4.741470000E-02 1.011074452E+00 1.624661563E-03 2.614800895E+01
4.818160000E-02 1.014982510E+00 1.591679130E-03 2.573181463E+01
4.896090000E-02 1.021570229E+00 1.559370373E-03 2.532224694E+01
4.940000000E-02 1.032385598E+00 1.541662151E-03 2.509716599E+01
4.960000000E-02 1.032884805E+00 2.020909567E-02 2.499596774E+01
4.975280000E-02 1.027710497E+00 2.033952457E-02 2.491920053E+01
5.055760000E-02 1.020574579E+00 2.103275704E-02 2.452252480E+01
5.137530000E-02 1.018287121E+00 2.174985285E-02 2.413221918E+01
5.220620000E-02 1.017070928E+00 2.249132830E-02 2.374813719E+01
5.305060000E-02 1.016302713E+00 2.325800625E-02 2.337014096E+01
5.390870000E-02 1.015748616E+00 2.405083484E-02 2.299814316E+01
5.478060000E-02 1.015304709E+00 2.487076964E-02 2.263209968E+01
5.566670000E-02 1.014898179E+00 2.571859630E-02 2.227184295E+01
5.656700000E-02 1.014488400E+00 2.659534292E-02 2.191737232E+01
5.748200000E-02 1.014026146E+00 2.750198823E-02 2.156849101E+01
5.841170000E-02 1.013443648E+00 2.843943749E-02 2.122519975E+01
5.935640000E-02 1.012555773E+00 2.934278290E-02 2.088738535E+01
6.031650000E-02 1.011718599E+00 2.972803652E-02 2.055490620E+01
6.129210000E-02 1.011058342E+00 3.011835274E-02 2.022772919E+01
6.228340000E-02 1.010448713E+00 3.051382933E-02 1.990578549E+01
6.329080000E-02 1.009847788E+00 3.091448059E-02 1.958894500E+01
6.431450000E-02 1.009234420E+00 3.132039229E-02 1.927714590E+01
6.535470000E-02 1.008586600E+00 3.173167811E-02 1.897032654E+01
6.641180000E-02 1.007819629E+00 3.214827716E-02 1.866836918E+01
6.748590000E-02 1.006911742E+00 3.244482434E-02 1.837124496E+01
6.857750000E-02 1.006089247E+00 3.246270920E-02 1.807881594E+01
6.968670000E-02 1.005386331E+00 3.248059444E-02 1.779105626E+01
7.081380000E-02 1.004737611E+00 3.249857780E-02 1.750788688E+01
7.195910000E-02 1.004145088E+00 3.251659896E-02 1.722923161E+01
7.312300000E-02 1.003603621E+00 3.264963387E-02 1.695499364E+01
7.430570000E-02 1.002965375E+00 3.290686946E-02 1.668512644E+01
7.550760000E-02 1.002004905E+00 3.316605382E-02 1.641953923E+01
7.672890000E-02 1.000962187E+00 3.310131733E-02 1.615818811E+01
7.796990000E-02 1.000065506E+00 3.289195387E-02 1.590100795E+01
7.923100000E-02 9.992300987E-01 3.268382365E-02 1.564791559E+01
8.051250000E-02 9.983638555E-01 3.247705409E-02 1.539885111E+01
8.181470000E-02 9.974754110E-01 3.219879110E-02 1.515375599E+01
8.313800000E-02 9.965622425E-01 3.186664377E-02 1.491255503E+01
8.448270000E-02 9.955548692E-01 3.145032707E-02 1.467519386E+01
8.584910000E-02 9.946730995E-01 3.071498051E-02 1.444161907E+01
8.723770000E-02 9.939667754E-01 2.999675106E-02 1.421174561E+01
8.864870000E-02 9.933399850E-01 2.928150614E-02 1.398554068E+01
9.008250000E-02 9.927740515E-01 2.856565716E-02 1.376293953E+01
9.153950000E-02 9.922641453E-01 2.784126159E-02 1.354387996E+01
9.302010000E-02 9.918066945E-01 2.711743629E-02 1.332830216E+01
9.452460000E-02 9.913932194E-01 2.639564015E-02 1.311616235E+01
9.605350000E-02 9.910194480E-01 2.567613639E-02 1.290739015E+01
9.760710000E-02 9.906867750E-01 2.495672827E-02 1.270194484E+01
9.918580000E-02 9.903913977E-01 2.424497395E-02 1.249977315E+01
1.007900000E-01 9.901295100E-01 2.353915672E-02 1.230082349E+01
1.024200000E-01 9.898969988E-01 2.284356000E-02 1.210505761E+01
1.040770000E-01 9.896953883E-01 2.215017109E-02 1.191233414E+01
1.057600000E-01 9.895234691E-01 2.146893923E-02 1.172276853E+01
1.074710000E-01 9.893759953E-01 2.079852168E-02 1.153613533E+01
1.092090000E-01 9.892537082E-01 2.013669301E-02 1.135254420E+01
1.109750000E-01 9.891556208E-01 1.948747556E-02 1.117188556E+01
1.127700000E-01 9.890783312E-01 1.885065185E-02 1.099405870E+01
1.145940000E-01 9.890204404E-01 1.822488250E-02 1.081906557E+01
1.164480000E-01 9.889829945E-01 1.760992240E-02 1.064681231E+01
1.183310000E-01 9.889646635E-01 1.700929983E-02 1.047738970E+01
1.202450000E-01 9.889625977E-01 1.642282154E-02 1.031061583E+01
1.221900000E-01 9.889755139E-01 1.584897504E-02 1.014649317E+01
1.241660000E-01 9.890038562E-01 1.528819535E-02 9.985020054E+00
1.261750000E-01 9.890461315E-01 1.474219630E-02 9.826035268E+00
1.282150000E-01 9.890997765E-01 1.421051590E-02 9.669695433E+00
1.302890000E-01 9.891648451E-01 1.369127288E-02 9.515768791E+00
1.323970000E-01 9.892412548E-01 1.318549998E-02 9.364260519E+00
1.345380000E-01 9.893280009E-01 1.269353706E-02 9.215240304E+00
1.367140000E-01 9.894241194E-01 1.221550513E-02 9.068566496E+00
1.389250000E-01 9.895285491E-01 1.175111702E-02 8.924239698E+00
1.411720000E-01 9.896407629E-01 1.130021814E-02 8.782194770E+00
1.434560000E-01 9.897600758E-01 1.086261816E-02 8.642371180E+00
1.457760000E-01 9.898855901E-01 1.043836808E-02 8.504829327E+00
1.481340000E-01 9.900167534E-01 1.002702492E-02 8.369449282E+00
1.505300000E-01 9.901531476E-01 9.628296636E-03 8.236231980E+00
1.529640000E-01 9.902942390E-01 9.242305886E-03 8.105175074E+00
1.554390000E-01 9.904396208E-01 8.868605400E-03 7.976119249E+00
1.579530000E-01 9.905884965E-01 8.507072993E-03 7.849170323E+00
1.605070000E-01 9.907405384E-01 8.157626840E-03 7.724273708E+00
1.631030000E-01 9.908953184E-01 7.819812784E-03 7.601331674E+00
1.657420000E-01 9.910524759E-01 7.493335460E-03 7.480300708E+00
1.684220000E-01 9.912114491E-01 7.178015852E-03 7.361271093E+00
1.711460000E-01 9.913721875E-01 6.873624540E-03 7.244107370E+00
1.739150000E-01 9.915343586E-01 6.579854389E-03 7.128769801E+00
1.767270000E-01 9.916972907E-01 6.296791901E-03 7.015340044E+00
1.795860000E-01 9.918610063E-01 6.023762957E-03 6.903656187E+00
1.824910000E-01 9.920249588E-01 5.760833092E-03 6.793759692E+00
1.854420000E-01 9.921890850E-01 5.507361921E-03 6.685648343E+00
1.884420000E-01 9.923530999E-01 5.263664257E-03 6.579212702E+00
1.914890000E-01 9.925163860E-01 5.028911211E-03 6.474523341E+00
1.945870000E-01 9.926793407E-01 4.802912021E-03 6.371443108E+00
1.977340000E-01 9.928414519E-01 4.585640099E-03 6.270039548E+00
2.009320000E-01 9.930026687E-01 4.376678598E-03 6.170246651E+00
2.041820000E-01 9.931628615E-01 4.175917276E-03 6.072033774E+00
2.074850000E-01 9.933219428E-01 3.983006482E-03 5.975371714E+00
2.108400000E-01 9.934794367E-01 3.798174182E-03 5.880288370E+00
2.142510000E-01 9.936353697E-01 3.620537299E-03 5.786670774E+00
2.177160000E-01 9.937897252E-01 3.450182571E-03 5.694574583E+00
2.212370000E-01 9.939422233E-01 3.286983581E-03 5.603945091E+00
2.248160000E-01 9.940927246E-01 3.130439524E-03 5.514732048E+00
2.284520000E-01 9.942412696E-01 2.980341048E-03 5.426960587E+00
2.321470000E-01 9.943878755E-01 2.836656492E-03 5.340581614E+00
2.359020000E-01 9.945323096E-01 2.699149364E-03 5.255572229E+00
2.397170000E-01 9.946744253E-01 2.567596835E-03 5.171931903E+00
2.435950000E-01 9.948143239E-01 2.441679820E-03 5.089595435E+00
2.475350000E-01 9.949518793E-01 2.321232420E-03 5.008584645E+00
2.515380000E-01 9.950871568E-01 2.206167259E-03 4.928877545E+00
2.556070000E-01 9.952198805E-01 2.096324277E-03 4.850414895E+00
2.597410000E-01 9.953501477E-01 1.991231743E-03 4.773216396E+00
2.639420000E-01 9.954780671E-01 1.890952534E-03 4.697244092E+00
2.682110000E-01 9.956034541E-01 1.795296837E-03 4.622480062E+00
2.725490000E-01 9.957263090E-01 1.704057254E-03 4.548906802E+00
2.769570000E-01 9.958466357E-01 1.617047211E-03 4.476507183E+00
2.814370000E-01 9.959644320E-01 1.534095296E-03 4.405248777E+00
2.859890000E-01 9.960796799E-01 1.455072539E-03 4.335131771E+00
2.906150000E-01 9.961923862E-01 1.379785036E-03 4.266125286E+00
2.953150000E-01 9.963025098E-01 1.308118797E-03 4.198229010E+00
3.000920000E-01 9.964101583E-01 1.239798994E-03 4.131399704E+00
3.049450000E-01 9.965153046E-01 1.174828497E-03 4.065651183E+00
3.098780000E-01 9.966179177E-01 1.113125125E-03 4.000929398E+00
3.148900000E-01 9.967180174E-01 1.054260662E-03 3.937247928E+00
3.199830000E-01 9.968158044E-01 9.984276774E-04 3.874580837E+00
3.251580000E-01 9.969110181E-01 9.453835174E-04 3.812915567E+00
3.304180000E-01 9.970039067E-01 8.948444232E-04 3.752216889E+00
3.357620000E-01 9.970944644E-01 8.469473461E-04 3.692496471E+00
3.411920000E-01 9.971825893E-01 8.014884634E-04 3.633731154E+00
3.467110000E-01 9.972684103E-01 7.582903364E-04 3.575888853E+00
3.523190000E-01 9.973519992E-01 7.172544833E-04 3.518970024E+00
3.580170000E-01 9.974333469E-01 6.783580374E-04 3.462964049E+00
3.638080000E-01 9.975124783E-01 6.414578483E-04 3.407841499E+00
3.696920000E-01 9.975894451E-01 6.064638069E-04 3.353602458E+00
3.756720000E-01 9.976643153E-01 5.732627484E-04 3.300219340E+00
3.817480000E-01 9.977371169E-01 5.417800761E-04 3.247692195E+00
3.879220000E-01 9.978078636E-01 5.120324426E-04 3.196003320E+00
3.941970000E-01 9.978766022E-01 4.837828703E-04 3.145127944E+00
4.005730000E-01 9.979433838E-01 4.570948929E-04 3.095066318E+00
4.070520000E-01 9.980082072E-01 4.317859363E-04 3.045802502E+00
4.136350000E-01 9.980711535E-01 4.078172743E-04 2.997328563E+00
4.203260000E-01 9.981322754E-01 3.851205255E-04 2.949615299E+00
4.271240000E-01 9.981916128E-01 3.636089789E-04 2.902669951E+00
4.340320000E-01 9.982492231E-01 3.432720354E-04 2.856471412E+00
4.410520000E-01 9.983051225E-01 3.240442255E-04 2.811006412E+00
4.481860000E-01 9.983593441E-01 3.058400910E-04 2.766262221E+00
4.554350000E-01 9.984119717E-01 2.886348313E-04 2.722232591E+00
4.628020000E-01 9.984630137E-01 2.723822216E-04 2.678899400E+00
4.702870000E-01 9.985124752E-01 2.570387150E-04 2.636262538E+00
4.778940000E-01 9.985604294E-01 2.424995671E-04 2.594299154E+00
4.856230000E-01 9.986069329E-01 2.287845077E-04 2.553009227E+00
4.934780000E-01 9.986520013E-01 2.158172940E-04 2.512371372E+00
5.014590000E-01 9.986956897E-01 2.035468718E-04 2.472385579E+00
5.095700000E-01 9.987380249E-01 1.919658302E-04 2.433031772E+00
5.178120000E-01 9.987790635E-01 1.810163669E-04 2.394305269E+00
5.261870000E-01 9.988188316E-01 1.707098354E-04 2.356196561E+00
5.346980000E-01 9.988573183E-01 1.609554346E-04 2.318692047E+00
5.433460000E-01 9.988946198E-01 1.517136235E-04 2.281787296E+00
5.521340000E-01 9.989307931E-01 1.429981527E-04 2.245469397E+00
5.610650000E-01 9.989658345E-01 1.348276014E-04 2.209726146E+00
5.701390000E-01 9.989997055E-01 1.270969159E-04 2.174557432E+00
5.793610000E-01 9.990325436E-01 1.197354244E-04 2.139943835E+00
5.887320000E-01 9.990643560E-01 1.128809358E-04 2.105881793E+00
5.982540000E-01 9.990951223E-01 1.063468116E-04 2.072363912E+00
6.079300000E-01 9.991249829E-01 1.001738522E-04 2.039379534E+00
6.177630000E-01 9.991538769E-01 9.442457968E-05 2.006918511E+00
6.277550000E-01 9.991818184E-01 8.894683173E-05 1.974974313E+00
6.379080000E-01 9.992088886E-01 8.380276183E-05 1.943540448E+00
6.482260000E-01 9.992351021E-01 7.891376257E-05 1.912604555E+00
6.587110000E-01 9.992604835E-01 7.436011009E-05 1.882160765E+00
6.693650000E-01 9.992850564E-01 6.998700596E-05 1.852203208E+00
6.801910000E-01 9.993088655E-01 6.595781341E-05 1.822723323E+00
6.911930000E-01 9.993318794E-01 6.208623427E-05 1.793710295E+00
7.023720000E-01 9.993541814E-01 5.847757486E-05 1.765161481E+00
7.137330000E-01 9.993757723E-01 5.505227261E-05 1.737064140E+00
7.252770000E-01 9.993966649E-01 5.185396026E-05 1.709415851E+00
7.370080000E-01 9.994169047E-01 4.878833817E-05 1.682206977E+00
7.489280000E-01 9.994365090E-01 4.595707850E-05 1.655432832E+00
7.610420000E-01 9.994554635E-01 4.323129246E-05 1.629082232E+00
7.733510000E-01 9.994738560E-01 4.068768101E-05 1.603153031E+00
7.858590000E-01 9.994916490E-01 3.830425465E-05 1.577636701E+00
7.985700000E-01 9.995088810E-01 3.603603022E-05 1.552525139E+00
8.114860000E-01 9.995255805E-01 3.392435609E-05 1.527814405E+00
8.246110000E-01 9.995417414E-01 3.190792547E-05 1.503496800E+00
8.379490000E-01 9.995574315E-01 3.001815754E-05 1.479564985E+00
8.515020000E-01 9.995726156E-01 2.827362642E-05 1.456015370E+00
8.652740000E-01 9.995873135E-01 2.657481940E-05 1.432840927E+00
8.792690000E-01 9.996015903E-01 2.500159718E-05 1.410034927E+00
8.934910000E-01 9.996154109E-01 2.351053638E-05 1.387590921E+00
9.079430000E-01 9.996288315E-01 2.209858790E-05 1.365504222E+00
9.226280000E-01 9.996418641E-01 2.077894629E-05 1.343770187E+00
9.375510000E-01 9.996544982E-01 1.954892932E-05 1.322381396E+00
9.527150000E-01 9.996667893E-01 1.834969458E-05 1.301333557E+00
9.681240000E-01 9.996787467E-01 1.726379263E-05 1.280621077E+00
9.837830000E-01 9.996904872E-01 1.622646283E-05 1.260237268E+00
9.996950000E-01 9.997018242E-01 1.560275141E-05 1.240178254E+00
1.015860000E+00 9.997125767E-01 1.469500611E-05 1.220443762E+00
1.032290000E+00 9.997231891E-01 1.384266421E-05 1.201019093E+00
1.048990000E+00 9.997335653E-01 1.303724474E-05 1.181898779E+00
1.065960000E+00 9.997437187E-01 1.227621445E-05 1.163083043E+00
1.083200000E+00 9.997536705E-01 1.155978732E-05 1.144571640E+00
1.100720000E+00 9.997634503E-01 1.088518770E-05 1.126353659E+00
1.118520000E+00 9.997730926E-01 1.025001058E-05 1.108428995E+00
1.136610000E+00 9.997826454E-01 9.651799807E-06 1.090787517E+00
1.155000000E+00 9.997921720E-01 9.088397802E-06 1.073419913E+00
1.173680000E+00 9.998017515E-01 8.558030875E-06 1.056335628E+00
1.192660000E+00 9.998115115E-01 8.058553792E-06 1.039525095E+00
1.211950000E+00 9.998216543E-01 7.588212405E-06 1.022979496E+00
1.231550000E+00 9.998325313E-01 7.145416298E-06 1.006698875E+00
1.251470000E+00 9.998448663E-01 6.729259655E-06 9.906749662E-01
1.271720000E+00 9.998605499E-01 6.338113130E-06 9.749001352E-01
1.292290000E+00 9.998884273E-01 5.970777513E-06 9.593821820E-01
1.302900000E+00 9.999966163E-01 5.791805675E-06 9.515695756E-01
1.303100000E+00 9.999965665E-01 7.809804337E-05 9.514235285E-01
1.313190000E+00 9.998907288E-01 7.603263888E-05 9.441131900E-01
1.334430000E+00 9.998680337E-01 7.190918374E-05 9.290858269E-01
1.356010000E+00 9.998601076E-01 6.800976634E-05 9.143000420E-01
1.377940000E+00 9.998566695E-01 6.432217955E-05 8.997489005E-01
1.400230000E+00 9.998554525E-01 6.083357212E-05 8.854259657E-01
1.422880000E+00 9.998555538E-01 5.753391379E-05 8.713313842E-01
1.445890000E+00 9.998565142E-01 5.441414864E-05 8.574649524E-01
1.469280000E+00 9.998580677E-01 5.146387427E-05 8.438146575E-01
1.493040000E+00 9.998600415E-01 4.867526294E-05 8.303863259E-01
1.517190000E+00 9.998623207E-01 4.604023913E-05 8.171685814E-01
1.541730000E+00 9.998648191E-01 4.354824296E-05 8.041615588E-01
1.566670000E+00 9.998674789E-01 4.119078838E-05 7.913600184E-01
1.592010000E+00 9.998702526E-01 3.896123284E-05 7.787639525E-01
1.617760000E+00 9.998731058E-01 3.685250957E-05 7.663683117E-01
1.643920000E+00 9.998760082E-01 3.485838664E-05 7.541729525E-01
1.670510000E+00 9.998789390E-01 3.297168308E-05 7.421685593E-01
1.697530000E+00 9.998818783E-01 3.118720731E-05 7.303552809E-01
1.724990000E+00 9.998848050E-01 2.949941739E-05 7.187288042E-01
1.752890000E+00 9.998877105E-01 2.787016435E-05 7.072891054E-01
1.781240000E+00 9.998906136E-01 2.632032670E-05 6.960319777E-01
1.810050000E+00 9.998934999E-01 2.484932830E-05 6.849534543E-01
1.839320000E+00 9.998963597E-01 2.346049760E-05 6.740534545E-01
1.869070000E+00 9.998991840E-01 2.214896885E-05 6.633245411E-01
1.899300000E+00 9.999019670E-01 2.091097855E-05 6.527668088E-01
1.930020000E+00 9.999047035E-01 1.974221811E-05 6.423767629E-01
1.961240000E+00 9.999073891E-01 1.863863479E-05 6.321510881E-01
1.992960000E+00 9.999100252E-01 1.759659238E-05 6.220897559E-01
2.025200000E+00 9.999126014E-01 1.662301395E-05 6.121864507E-01
2.057950000E+00 9.999151101E-01 1.568269350E-05 6.024441799E-01
2.091240000E+00 9.999175740E-01 1.479263687E-05 5.928540005E-01
2.125060000E+00 9.999199841E-01 1.395175110E-05 5.834188211E-01
2.159430000E+00 9.999223391E-01 1.315688627E-05 5.741329888E-01
2.194360000E+00 9.999246389E-01 1.240560055E-05 5.649938934E-01
2.229850000E+00 9.999268826E-01 1.169604282E-05 5.560015248E-01
2.265920000E+00 9.999290705E-01 1.102546062E-05 5.471508262E-01
2.302570000E+00 9.999312035E-01 1.039220857E-05 5.384418280E-01
2.339810000E+00 9.999332806E-01 9.794270903E-06 5.298720836E-01
2.377660000E+00 9.999353044E-01 9.229450504E-06 5.214370431E-01
2.416110000E+00 9.999372734E-01 8.696831292E-06 5.131388885E-01
2.455190000E+00 9.999391889E-01 8.193860068E-06 5.049711020E-01
2.494900000E+00 9.999410530E-01 7.718813786E-06 4.969337448E-01
2.535260000E+00 9.999428654E-01 7.270912856E-06 4.890228221E-01
2.576260000E+00 9.999446270E-01 6.848325937E-06 4.812402475E-01
2.617930000E+00 9.999463389E-01 6.449820588E-06 4.735802714E-01
2.660270000E+00 9.999480016E-01 6.073910337E-06 4.660429205E-01
2.703300000E+00 9.999496169E-01 5.719227827E-06 4.586246440E-01
2.747030000E+00 9.999511859E-01 5.384808529E-06 4.513237933E-01
2.791460000E+00 9.999527083E-01 5.069531128E-06 4.441403423E-01
2.836610000E+00 9.999541867E-01 4.772296521E-06 4.370710108E-01
2.882490000E+00 9.999556213E-01 4.492138943E-06 4.301142415E-01
2.929110000E+00 9.999570134E-01 4.228071463E-06 4.232685014E-01
2.976480000E+00 9.999583637E-01 3.979228685E-06 4.165322797E-01
3.024630000E+00 9.999596736E-01 3.744738920E-06 4.099013764E-01
3.073550000E+00 9.999609443E-01 3.523783760E-06 4.033772023E-01
3.123260000E+00 9.999621764E-01 3.315608393E-06 3.969570257E-01
3.173780000E+00 9.999633710E-01 3.119501233E-06 3.906382925E-01
3.225110000E+00 9.999645291E-01 2.934827444E-06 3.844209965E-01
3.277270000E+00 9.999656517E-01 2.760840346E-06 3.783026727E-01
3.330280000E+00 9.999667402E-01 2.597003601E-06 3.722810094E-01
3.384150000E+00 9.999677951E-01 2.442735805E-06 3.663549193E-01
3.438880000E+00 9.999688170E-01 2.297477312E-06 3.605243568E-01
3.494500000E+00 9.999698076E-01 2.160735126E-06 3.547860924E-01
3.551020000E+00 9.999707672E-01 2.031985766E-06 3.491391206E-01
3.608460000E+00 9.999716971E-01 1.910759721E-06 3.435814724E-01
3.666820000E+00 9.999725979E-01 1.796670054E-06 3.381131335E-01
3.726130000E+00 9.999734705E-01 1.689331030E-06 3.327312788E-01
3.786400000E+00 9.999743158E-01 1.588252742E-06 3.274350306E-01
3.847640000E+00 9.999751345E-01 1.493173122E-06 3.222234928E-01
3.909870000E+00 9.999759275E-01 1.403709333E-06 3.170949418E-01
3.973110000E+00 9.999766957E-01 1.319532880E-06 3.120477409E-01
4.037380000E+00 9.999774395E-01 1.240319616E-06 3.070803343E-01
4.102680000E+00 9.999781597E-01 1.165783424E-06 3.021927131E-01
4.169030000E+00 9.999788572E-01 1.095687902E-06 2.973833242E-01
4.236460000E+00 9.999795325E-01 1.029764770E-06 2.926499955E-01
4.304980000E+00 9.999801866E-01 9.677586525E-07 2.879920464E-01
4.374620000E+00 9.999808198E-01 9.094187738E-07 2.834074731E-01
4.445370000E+00 9.999814330E-01 8.545487356E-07 2.788969197E-01
4.517270000E+00 9.999820266E-01 8.029552862E-07 2.744578031E-01
4.590330000E+00 9.999826012E-01 7.544708211E-07 2.700895143E-01
4.664580000E+00 9.999831577E-01 7.088469465E-07 2.657902748E-01
4.740030000E+00 9.999836965E-01 6.659604233E-07 2.615595260E-01
4.816690000E+00 9.999842178E-01 6.256529866E-07 2.573966770E-01
4.894600000E+00 9.999847227E-01 5.877463584E-07 2.532995546E-01
4.973770000E+00 9.999852114E-01 5.520972655E-07 2.492676581E-01
5.054210000E+00 9.999856845E-01 5.186074157E-07 2.453004525E-01
5.135960000E+00 9.999861425E-01 4.871305565E-07 2.413959610E-01
5.219030000E+00 9.999865858E-01 4.575206281E-07 2.375537217E-01
5.303440000E+00 9.999870149E-01 4.297252098E-07 2.337727965E-01
5.389220000E+00 9.999874303E-01 4.035625566E-07 2.300518442E-01
5.476390000E+00 9.999878324E-01 3.789975991E-07 2.263900124E-01
5.564970000E+00 9.999882217E-01 3.559095621E-07 2.227864661E-01
5.654980000E+00 9.999885984E-01 3.342409898E-07 2.192403863E-01
5.746440000E+00 9.999889631E-01 3.138402276E-07 2.157509693E-01
5.839390000E+00 9.999893160E-01 2.946973686E-07 2.123166975E-01
5.933830000E+00 9.999896577E-01 2.767005978E-07 2.089375665E-01
6.029810000E+00 9.999899884E-01 2.597961393E-07 2.056117854E-01
6.127330000E+00 9.999903085E-01 2.439145332E-07 2.023393550E-01
6.226440000E+00 9.999906183E-01 2.289941767E-07 1.991185975E-01
6.327150000E+00 9.999909182E-01 2.149793249E-07 1.959492030E-01
6.429480000E+00 9.999912085E-01 2.018150285E-07 1.928305244E-01
6.533480000E+00 9.999914895E-01 1.894491087E-07 1.897610462E-01
6.639150000E+00 9.999917615E-01 1.778333593E-07 1.867407725E-01
6.746540000E+00 9.999920247E-01 1.669241770E-07 1.837682723E-01
6.855650000E+00 9.999922795E-01 1.566815863E-07 1.808435378E-01
6.966540000E+00 9.999925261E-01 1.470600681E-07 1.779649582E-01
7.079220000E+00 9.999927649E-01 1.380228342E-07 1.751322886E-01
7.193720000E+00 9.999929959E-01 1.295377525E-07 1.723447674E-01
7.310070000E+00 9.999932196E-01 1.215693334E-07 1.696016591E-01
7.428310000E+00 9.999934360E-01 1.140898886E-07 1.669020275E-01
7.548450000E+00 9.999936455E-01 1.070640892E-07 1.642456398E-01
7.670540000E+00 9.999938483E-01 1.004684715E-07 1.616313845E-01
7.794610000E+00 9.999940446E-01 9.427634637E-08 1.590586315E-01
7.920680000E+00 9.999942347E-01 8.846234696E-08 1.565269649E-01
8.048790000E+00 9.999944186E-01 8.300308531E-08 1.540355755E-01
8.178980000E+00 9.999945967E-01 7.787836094E-08 1.515836938E-01
8.311260000E+00 9.999947690E-01 7.306831221E-08 1.491711245E-01
8.445690000E+00 9.999949358E-01 6.855288877E-08 1.467967685E-01
8.582290000E+00 9.999950972E-01 6.431514979E-08 1.444602781E-01
8.721110000E+00 9.999952535E-01 6.033626869E-08 1.421608029E-01
8.862160000E+00 9.999954048E-01 5.660221195E-08 1.398981738E-01
9.005500000E+00 9.999955512E-01 5.309642885E-08 1.376714230E-01
9.151160000E+00 9.999956930E-01 4.980771716E-08 1.354800921E-01
9.299170000E+00 9.999958302E-01 4.671914590E-08 1.333237267E-01
9.449580000E+00 9.999959630E-01 4.382179713E-08 1.312015984E-01
9.602420000E+00 9.999960916E-01 4.110305501E-08 1.291132860E-01
9.757730000E+00 9.999962161E-01 3.855100455E-08 1.270582400E-01
9.915550000E+00 9.999963365E-01 3.615720881E-08 1.250359284E-01
1.007590000E+01 9.999964532E-01 3.391022855E-08 1.230460803E-01
1.023890000E+01 9.999965661E-01 3.180187572E-08 1.210872262E-01
1.040450000E+01 9.999966754E-01 2.982353118E-08 1.191599789E-01
1.057280000E+01 9.999967812E-01 2.796725392E-08 1.172631659E-01
1.074380000E+01 9.999968836E-01 2.622559520E-08 1.153967870E-01
1.091760000E+01 9.999969827E-01 2.459164473E-08 1.135597567E-01
1.109420000E+01 9.999970787E-01 2.305865014E-08 1.117520867E-01
1.127360000E+01 9.999971716E-01 2.162069301E-08 1.099737440E-01
1.145590000E+01 9.999972615E-01 2.027170520E-08 1.082237101E-01
1.164120000E+01 9.999973486E-01 1.900606882E-08 1.065010480E-01
1.182950000E+01 9.999974329E-01 1.781879448E-08 1.048057822E-01
1.202080000E+01 9.999975145E-01 1.670522846E-08 1.031378943E-01
1.221530000E+01 9.999975935E-01 1.566041990E-08 1.014956653E-01
1.241280000E+01 9.999976700E-01 1.468079194E-08 9.988076824E-02
1.261360000E+01 9.999977440E-01 1.376169214E-08 9.829073381E-02
1.281760000E+01 9.999978157E-01 1.289978210E-08 9.672637623E-02
1.302500000E+01 9.999978851E-01 1.209120630E-08 9.518618042E-02
1.323560000E+01 9.999979523E-01 1.133317801E-08 9.367161292E-02
1.344970000E+01 9.999980173E-01 1.062211837E-08 9.218049473E-02
1.366720000E+01 9.999980802E-01 9.955377875E-09 9.071353313E-02
1.388830000E+01 9.999981412E-01 9.330044853E-09 8.926938502E-02
1.411290000E+01 9.999982002E-01 8.743723761E-09 8.784870579E-02
1.434120000E+01 9.999982574E-01 8.193854826E-09 8.645022732E-02
1.457310000E+01 9.999983127E-01 7.678357473E-09 8.507455517E-02
1.480890000E+01 9.999983662E-01 7.194867774E-09 8.371992518E-02
1.504840000E+01 9.999984181E-01 6.741655577E-09 8.238749635E-02
1.529180000E+01 9.999984683E-01 6.316699729E-09 8.107613231E-02
1.553910000E+01 9.999985169E-01 5.918319002E-09 7.978583058E-02
1.579040000E+01 9.999985639E-01 5.544822926E-09 7.851606039E-02
1.604580000E+01 9.999986095E-01 5.194662736E-09 7.726632514E-02
1.630540000E+01 9.999986536E-01 4.866351686E-09 7.603615980E-02
1.656910000E+01 9.999986963E-01 4.558660574E-09 7.482603159E-02
1.683710000E+01 9.999987376E-01 4.270201711E-09 7.363500840E-02
1.710940000E+01 9.999987776E-01 3.999833448E-09 7.246309046E-02
1.738610000E+01 9.999988164E-01 3.746418499E-09 7.130983947E-02
1.766740000E+01 9.999988539E-01 3.508831120E-09 7.017444559E-02
1.795310000E+01 9.999988903E-01 3.286218639E-09 6.905771148E-02
1.824350000E+01 9.999989254E-01 3.077554960E-09 6.795845096E-02
1.853860000E+01 9.999989595E-01 2.881997520E-09 6.687667893E-02
1.883840000E+01 9.999989925E-01 2.698746915E-09 6.581238322E-02
1.914310000E+01 9.999990244E-01 2.527008939E-09 6.476485000E-02
1.945270000E+01 9.999990553E-01 2.366085126E-09 6.373408319E-02
1.976740000E+01 9.999990853E-01 2.215268257E-09 6.271942694E-02
2.008710000E+01 9.999991142E-01 2.074182799E-09 6.172120416E-02
2.041200000E+01 9.999991423E-01 1.941816665E-09 6.073878111E-02
2.074210000E+01 9.999991695E-01 1.817856493E-09 5.977215422E-02
2.107760000E+01 9.999991958E-01 1.701756520E-09 5.882073860E-02
2.141850000E+01 9.999992212E-01 1.593031354E-09 5.788453907E-02
2.176500000E+01 9.999992459E-01 1.491193795E-09 5.696301401E-02
2.211700000E+01 9.999992698E-01 1.395840022E-09 5.605642718E-02
2.247470000E+01 9.999992929E-01 1.306548627E-09 5.516425136E-02
2.283820000E+01 9.999993153E-01 1.222931637E-09 5.428623972E-02
2.320760000E+01 9.999993370E-01 1.144624643E-09 5.342215481E-02
2.358300000E+01 9.999993580E-01 1.071301421E-09 5.257176780E-02
2.396440000E+01 9.999993783E-01 1.002647460E-09 5.173507369E-02
2.435200000E+01 9.999993980E-01 9.383649707E-10 5.091162943E-02
2.474590000E+01 9.999994170E-01 8.781730202E-10 5.010122889E-02
2.514620000E+01 9.999994355E-01 8.218123602E-10 4.930367213E-02
2.555290000E+01 9.999994534E-01 7.690497324E-10 4.851895480E-02
2.596620000E+01 9.999994707E-01 7.196484668E-10 4.774668608E-02
2.638610000E+01 9.999994874E-01 6.734021115E-10 4.698686051E-02
2.681290000E+01 9.999995036E-01 6.301009393E-10 4.623893723E-02
2.724660000E+01 9.999995193E-01 5.895671306E-10 4.550292514E-02
2.768730000E+01 9.999995346E-01 5.516201796E-10 4.477865303E-02
2.813510000E+01 9.999995493E-01 5.160980884E-10 4.406595320E-02
2.859020000E+01 9.999995635E-01 4.828485534E-10 4.336450952E-02
2.905260000E+01 9.999995774E-01 4.517244805E-10 4.267432175E-02
2.952250000E+01 9.999995907E-01 4.225881023E-10 4.199508849E-02
3.000000000E+01 0.000000000E+00 0.000000000E+00 4.132666667E-02
