# 11/08/2021 
# Data retrieved from www.chemicool.com/densities.html 
# Includes the real (n) and complex (k) part of the  refractive index. 
# Element, Mn  (Z = 25) 
# Nominal density, g cm-3 =  7.43 
#    E [keV]      n       k    Wavelength [nm] 
1.000000000E-02 -1.313738777E+01 1.459969739E-01 1.239800000E+02
1.016170000E-02 5.437831814E+03 1.047477776E+00 1.220071445E+02
1.032610000E-02 5.266092232E+03 1.033999031E+00 1.200646904E+02
1.049310000E-02 5.099835644E+03 1.020710508E+00 1.181538344E+02
1.066280000E-02 4.938829730E+03 1.007590848E+00 1.162733991E+02
1.083530000E-02 4.782858894E+03 9.946304757E-01 1.144223049E+02
1.101060000E-02 4.631806836E+03 9.818338633E-01 1.126005849E+02
1.118860000E-02 4.485635403E+03 9.692266332E-01 1.108092165E+02
1.136960000E-02 4.343984359E+03 9.567595845E-01 1.090451731E+02
1.155350000E-02 4.206827916E+03 9.444584286E-01 1.073094733E+02
1.174040000E-02 4.073985361E+03 9.323140478E-01 1.056011720E+02
1.193030000E-02 3.945354200E+03 9.203256448E-01 1.039202702E+02
1.212320000E-02 3.820830546E+03 9.079728423E-01 1.022667283E+02
1.231930000E-02 3.700189453E+03 8.957743198E-01 1.006388350E+02
1.251860000E-02 3.583342546E+03 8.837340623E-01 9.903663349E+01
1.272100000E-02 3.470254271E+03 8.718726237E-01 9.746089144E+01
1.292680000E-02 3.360669662E+03 8.601547296E-01 9.590927376E+01
1.313590000E-02 3.254561119E+03 8.486005857E-01 9.438256990E+01
1.334830000E-02 3.151842678E+03 8.372090561E-01 9.288074137E+01
1.356420000E-02 3.052337648E+03 8.259637468E-01 9.140236800E+01
1.378360000E-02 2.955971619E+03 8.148676311E-01 8.994747381E+01
1.400660000E-02 2.862628051E+03 8.039145725E-01 8.851541416E+01
1.423310000E-02 2.772275074E+03 7.931212436E-01 8.710681440E+01
1.446330000E-02 2.684761064E+03 7.824670584E-01 8.572040959E+01
1.469730000E-02 2.599983479E+03 7.719518975E-01 8.435562995E+01
1.493500000E-02 2.517912878E+03 7.615832512E-01 8.301305658E+01
1.517650000E-02 2.438448140E+03 7.513600264E-01 8.169208974E+01
1.542200000E-02 2.361463228E+03 7.412643008E-01 8.039164829E+01
1.567140000E-02 2.286930621E+03 7.313103338E-01 7.911226821E+01
1.592490000E-02 2.214732847E+03 7.214834084E-01 7.785292215E+01
1.618250000E-02 2.144815494E+03 7.117900535E-01 7.661362583E+01
1.644420000E-02 2.077123271E+03 7.022337988E-01 7.539436397E+01
1.671020000E-02 2.011552144E+03 6.921354409E-01 7.419420474E+01
1.698050000E-02 1.948052620E+03 6.793634425E-01 7.301316216E+01
1.725510000E-02 1.886574411E+03 6.668340787E-01 7.185122080E+01
1.753420000E-02 1.827025025E+03 6.545292560E-01 7.070753157E+01
1.781780000E-02 1.769359163E+03 6.424525419E-01 6.958210329E+01
1.810600000E-02 1.713511927E+03 6.305996763E-01 6.847453883E+01
1.839890000E-02 1.659421498E+03 6.189615813E-01 6.738446320E+01
1.869640000E-02 1.607063287E+03 6.075477690E-01 6.631223123E+01
1.899880000E-02 1.556343415E+03 5.963378603E-01 6.525675306E+01
1.930610000E-02 1.507223898E+03 5.807736640E-01 6.421804507E+01
1.961840000E-02 1.459651243E+03 5.649235622E-01 6.319577539E+01
1.993570000E-02 1.413588472E+03 5.495094888E-01 6.218994066E+01
2.025820000E-02 1.368971117E+03 5.345115588E-01 6.119990917E+01
2.058580000E-02 1.325778095E+03 5.199306867E-01 6.022598102E+01
2.091880000E-02 1.283936323E+03 5.057404528E-01 5.926726198E+01
2.125710000E-02 1.243426213E+03 4.919431259E-01 5.832404232E+01
2.160090000E-02 1.204192023E+03 4.785200208E-01 5.739575666E+01
2.195030000E-02 1.166192596E+03 4.654617552E-01 5.648214375E+01
2.230530000E-02 1.129398498E+03 4.527621387E-01 5.558320220E+01
2.266610000E-02 1.093760620E+03 4.371807488E-01 5.469842628E+01
2.303270000E-02 1.059251603E+03 4.204896437E-01 5.382781871E+01
2.340530000E-02 1.025826183E+03 4.044327558E-01 5.297090830E+01
2.378380000E-02 9.934671673E+02 3.889927369E-01 5.212791900E+01
2.416850000E-02 9.621236030E+02 3.741403596E-01 5.129817738E+01
2.455940000E-02 9.317716176E+02 3.598555390E-01 5.048168929E+01
2.495660000E-02 9.023797565E+02 3.461166650E-01 4.967824143E+01
2.536030000E-02 8.739107932E+02 3.329003628E-01 4.888743430E+01
2.577050000E-02 8.463429735E+02 3.198446742E-01 4.810927223E+01
2.618730000E-02 8.196479710E+02 3.053755883E-01 4.734355966E+01
2.661090000E-02 7.937924596E+02 2.915595560E-01 4.658993119E+01
2.704130000E-02 7.687565041E+02 2.783695122E-01 4.584838747E+01
2.747860000E-02 7.445144826E+02 2.657772417E-01 4.511874695E+01
2.792310000E-02 7.210312963E+02 2.537521635E-01 4.440051427E+01
2.837470000E-02 6.982942432E+02 2.422733123E-01 4.369385403E+01
2.883370000E-02 6.762706683E+02 2.313121136E-01 4.299829713E+01
2.930000000E-02 5.747341495E-01 2.208558391E-01 4.231399317E+01
2.977390000E-02 5.869409891E-01 2.108981059E-01 4.164049721E+01
3.025550000E-02 5.990398743E-01 2.013890581E-01 4.097767348E+01
3.074490000E-02 6.110214179E-01 1.923081760E-01 4.032538730E+01
3.124210000E-02 6.228727939E-01 1.836381950E-01 3.968363202E+01
3.174750000E-02 6.345945124E-01 1.753578903E-01 3.905189385E+01
3.226090000E-02 6.461763348E-01 1.674521867E-01 3.843042197E+01
3.278270000E-02 6.576261143E-01 1.599018149E-01 3.781872756E+01
3.331300000E-02 6.689597574E-01 1.526916377E-01 3.721670219E+01
3.385180000E-02 6.802345346E-01 1.458554904E-01 3.662434494E+01
3.439930000E-02 6.912736987E-01 1.395499535E-01 3.604143108E+01
3.495570000E-02 7.020391480E-01 1.335161638E-01 3.546774918E+01
3.552110000E-02 7.125816180E-01 1.277438764E-01 3.490319838E+01
3.609560000E-02 7.229171465E-01 1.222214208E-01 3.434767673E+01
3.667940000E-02 7.330252019E-01 1.169374188E-01 3.380098911E+01
3.727270000E-02 7.427731781E-01 1.118814845E-01 3.326295117E+01
3.787550000E-02 7.524499022E-01 1.063184492E-01 3.273356127E+01
3.848820000E-02 7.624545818E-01 1.009852959E-01 3.221247032E+01
3.911070000E-02 7.726235085E-01 9.592022476E-02 3.169976503E+01
3.974320000E-02 7.829060148E-01 9.110949702E-02 3.119527366E+01
4.038610000E-02 7.933307936E-01 8.653925338E-02 3.069868098E+01
4.103930000E-02 8.039617283E-01 8.220722123E-02 3.021006694E+01
4.170310000E-02 8.148298151E-01 7.817212675E-02 2.972920478E+01
4.237760000E-02 8.260464273E-01 7.433536054E-02 2.925602205E+01
4.306300000E-02 8.378918499E-01 7.068691166E-02 2.879037689E+01
4.375950000E-02 8.510723813E-01 6.750991700E-02 2.833213359E+01
4.446730000E-02 8.645079920E-01 6.641740599E-02 2.788116211E+01
4.518650000E-02 8.785166917E-01 6.534265718E-02 2.743739834E+01
4.591740000E-02 8.952989163E-01 6.428507480E-02 2.700065770E+01
4.666000000E-02 9.150122070E-01 7.078275822E-02 2.657093871E+01
4.741470000E-02 9.306064733E-01 8.132782072E-02 2.614800895E+01
4.818160000E-02 9.449573353E-01 9.344383760E-02 2.573181463E+01
4.896090000E-02 9.617050911E-01 1.073646372E-01 2.532224694E+01
4.975280000E-02 9.738570661E-01 1.408552438E-01 2.491920053E+01
5.055760000E-02 9.559142021E-01 1.837975424E-01 2.452252480E+01
5.137530000E-02 9.302844714E-01 1.902540668E-01 2.413221918E+01
5.220620000E-02 9.072872136E-01 1.944352044E-01 2.374813719E+01
5.305060000E-02 8.894540230E-01 1.887263778E-01 2.337014096E+01
5.390870000E-02 8.740485074E-01 1.811373680E-01 2.299814316E+01
5.478060000E-02 8.644830622E-01 1.693483221E-01 2.263209968E+01
5.566670000E-02 8.591310381E-01 1.583261310E-01 2.227184295E+01
5.656700000E-02 8.560943174E-01 1.479877499E-01 2.191737232E+01
5.748200000E-02 8.547588042E-01 1.383073894E-01 2.156849101E+01
5.841170000E-02 8.547333215E-01 1.292608202E-01 2.122519975E+01
5.935640000E-02 8.558458258E-01 1.208060891E-01 2.088738535E+01
6.031650000E-02 8.580639601E-01 1.134776241E-01 2.055490620E+01
6.129210000E-02 8.602001463E-01 1.070827614E-01 2.022772919E+01
6.228340000E-02 8.624857590E-01 1.010486558E-01 1.990578549E+01
6.329080000E-02 8.649750018E-01 9.535439845E-02 1.958894500E+01
6.431450000E-02 8.676593393E-01 8.998089875E-02 1.927714590E+01
6.535470000E-02 8.705255947E-01 8.491034328E-02 1.897032654E+01
6.641180000E-02 8.735938713E-01 8.012549483E-02 1.866836918E+01
6.748590000E-02 8.768100290E-01 7.580447132E-02 1.837124496E+01
6.857750000E-02 8.799809642E-01 7.177825773E-02 1.807881594E+01
6.968670000E-02 8.831549930E-01 6.796577455E-02 1.779105626E+01
7.081380000E-02 8.863656791E-01 6.435594501E-02 1.750788688E+01
7.195910000E-02 8.896298912E-01 6.093782347E-02 1.722923161E+01
7.312300000E-02 8.930177990E-01 5.770121060E-02 1.695499364E+01
7.430570000E-02 8.966566250E-01 5.496827059E-02 1.668512644E+01
7.550760000E-02 8.999164593E-01 5.264996930E-02 1.641953923E+01
7.672890000E-02 9.029484310E-01 5.042943150E-02 1.615818811E+01
7.796990000E-02 9.058719620E-01 4.830261388E-02 1.590100795E+01
7.923100000E-02 9.087166409E-01 4.626552355E-02 1.564791559E+01
8.051250000E-02 9.115145065E-01 4.431420449E-02 1.539885111E+01
8.181470000E-02 9.143516198E-01 4.250930387E-02 1.515375599E+01
8.313800000E-02 9.170215066E-01 4.092598951E-02 1.491255503E+01
8.448270000E-02 9.195483873E-01 3.940154510E-02 1.467519386E+01
8.584910000E-02 9.219853835E-01 3.793390830E-02 1.444161907E+01
8.723770000E-02 9.243473912E-01 3.652091621E-02 1.421174561E+01
8.864870000E-02 9.266450631E-01 3.516060051E-02 1.398554068E+01
9.008250000E-02 9.288875575E-01 3.385090366E-02 1.376293953E+01
9.153950000E-02 9.310850390E-01 3.259006069E-02 1.354387996E+01
9.302010000E-02 9.332477902E-01 3.137610820E-02 1.332830216E+01
9.452460000E-02 9.354023027E-01 3.020742609E-02 1.311616235E+01
9.605350000E-02 9.376468342E-01 2.908226091E-02 1.290739015E+01
9.760710000E-02 9.398133981E-01 2.833697684E-02 1.270194484E+01
9.918580000E-02 9.417580273E-01 2.764304990E-02 1.249977315E+01
1.007900000E-01 9.435718379E-01 2.696603573E-02 1.230082349E+01
1.024200000E-01 9.452861974E-01 2.630578741E-02 1.210505761E+01
1.040770000E-01 9.469186228E-01 2.566132920E-02 1.191233414E+01
1.057600000E-01 9.484776306E-01 2.503307485E-02 1.172276853E+01
1.074710000E-01 9.499719072E-01 2.441977019E-02 1.153613533E+01
1.092090000E-01 9.514065788E-01 2.382184883E-02 1.135254420E+01
1.109750000E-01 9.527881279E-01 2.323861557E-02 1.117188556E+01
1.127700000E-01 9.541179934E-01 2.267839659E-02 1.099405870E+01
1.145940000E-01 9.553938203E-01 2.213360456E-02 1.081906557E+01
1.164480000E-01 9.566194609E-01 2.160174458E-02 1.064681231E+01
1.183310000E-01 9.577982366E-01 2.108303800E-02 1.047738970E+01
1.202450000E-01 9.589329950E-01 2.057656704E-02 1.031061583E+01
1.221900000E-01 9.600254113E-01 2.008224809E-02 1.014649317E+01
1.241660000E-01 9.610763882E-01 1.959997598E-02 9.985020054E+00
1.261750000E-01 9.620870179E-01 1.912894943E-02 9.826035268E+00
1.282150000E-01 9.630543536E-01 1.866968813E-02 9.669695433E+00
1.302890000E-01 9.639695225E-01 1.821336107E-02 9.515768791E+00
1.323970000E-01 9.648652575E-01 1.773485954E-02 9.364260519E+00
1.345380000E-01 9.657422740E-01 1.726928743E-02 9.215240304E+00
1.367140000E-01 9.665958154E-01 1.681579271E-02 9.068566496E+00
1.389250000E-01 9.674228299E-01 1.637425856E-02 8.924239698E+00
1.411720000E-01 9.682225801E-01 1.594426605E-02 8.782194770E+00
1.434560000E-01 9.689934052E-01 1.552542354E-02 8.642371180E+00
1.457760000E-01 9.697315211E-01 1.511777914E-02 8.504829327E+00
1.481340000E-01 9.704275202E-01 1.472076377E-02 8.369449282E+00
1.505300000E-01 9.710536941E-01 1.428441470E-02 8.236231980E+00
1.529640000E-01 9.717112860E-01 1.380675357E-02 8.105175074E+00
1.554390000E-01 9.723879317E-01 1.334480280E-02 7.976119249E+00
1.579530000E-01 9.730593776E-01 1.289849839E-02 7.849170323E+00
1.605070000E-01 9.737229277E-01 1.246719816E-02 7.724273708E+00
1.631030000E-01 9.743765077E-01 1.205021307E-02 7.601331674E+00
1.657420000E-01 9.750185890E-01 1.164705018E-02 7.480300708E+00
1.684220000E-01 9.756475583E-01 1.125760063E-02 7.361271093E+00
1.711460000E-01 9.762632394E-01 1.088106737E-02 7.244107370E+00
1.739150000E-01 9.768647570E-01 1.051703040E-02 7.128769801E+00
1.767270000E-01 9.774468248E-01 1.016239360E-02 7.015340044E+00
1.795860000E-01 9.780206229E-01 9.812552697E-03 6.903656187E+00
1.824910000E-01 9.785853355E-01 9.474800462E-03 6.793759692E+00
1.854420000E-01 9.791378746E-01 9.148741664E-03 6.685648343E+00
1.884420000E-01 9.796787279E-01 8.833802024E-03 6.579212702E+00
1.914890000E-01 9.802065237E-01 8.529843413E-03 6.474523341E+00
1.945870000E-01 9.807221845E-01 8.236200006E-03 6.371443108E+00
1.977340000E-01 9.812242307E-01 7.952744341E-03 6.270039548E+00
2.009320000E-01 9.817136727E-01 7.676730719E-03 6.170246651E+00
2.041820000E-01 9.821920522E-01 7.409444434E-03 6.072033774E+00
2.074850000E-01 9.826594395E-01 7.151432466E-03 5.975371714E+00
2.108400000E-01 9.831147117E-01 6.902496889E-03 5.880288370E+00
2.142510000E-01 9.835584228E-01 6.662128388E-03 5.786670774E+00
2.177160000E-01 9.839900654E-01 6.430187212E-03 5.694574583E+00
2.212370000E-01 9.844096895E-01 6.206333641E-03 5.603945091E+00
2.248160000E-01 9.848171416E-01 5.990204951E-03 5.514732048E+00
2.284520000E-01 9.852118176E-01 5.781669164E-03 5.426960587E+00
2.321470000E-01 9.855930851E-01 5.580362761E-03 5.340581614E+00
2.359020000E-01 9.859588936E-01 5.386064644E-03 5.255572229E+00
2.397170000E-01 9.863014212E-01 5.198554027E-03 5.171931903E+00
2.435950000E-01 9.866233079E-01 4.983719543E-03 5.089595435E+00
2.475350000E-01 9.869588835E-01 4.759778446E-03 5.008584645E+00
2.515380000E-01 9.873030367E-01 4.545924957E-03 4.928877545E+00
2.556070000E-01 9.876457135E-01 4.341638685E-03 4.850414895E+00
2.597410000E-01 9.879847434E-01 4.146555548E-03 4.773216396E+00
2.639420000E-01 9.883190454E-01 3.960233293E-03 4.697244092E+00
2.682110000E-01 9.886477323E-01 3.782283689E-03 4.622480062E+00
2.725490000E-01 9.889704039E-01 3.612335573E-03 4.548906802E+00
2.769570000E-01 9.892864933E-01 3.450019404E-03 4.476507183E+00
2.814370000E-01 9.895957262E-01 3.294987964E-03 4.405248777E+00
2.859890000E-01 9.898975899E-01 3.146929162E-03 4.335131771E+00
2.906150000E-01 9.901908559E-01 3.005512934E-03 4.266125286E+00
2.953150000E-01 9.904768442E-01 2.865464213E-03 4.198229010E+00
3.000920000E-01 9.907590396E-01 2.730297655E-03 4.131399704E+00
3.049450000E-01 9.910365776E-01 2.601526866E-03 4.065651183E+00
3.098780000E-01 9.913084601E-01 2.478808213E-03 4.000929398E+00
3.148900000E-01 9.915743320E-01 2.361886900E-03 3.937247928E+00
3.199830000E-01 9.918342148E-01 2.250482338E-03 3.874580837E+00
3.251580000E-01 9.920879267E-01 2.144342327E-03 3.812915567E+00
3.304180000E-01 9.923356699E-01 2.043190520E-03 3.752216889E+00
3.357620000E-01 9.925773512E-01 1.946819841E-03 3.692496471E+00
3.411920000E-01 9.928130333E-01 1.854999649E-03 3.633731154E+00
3.467110000E-01 9.930428212E-01 1.767501378E-03 3.575888853E+00
3.523190000E-01 9.932667454E-01 1.684130095E-03 3.518970024E+00
3.580170000E-01 9.934849723E-01 1.604535454E-03 3.462964049E+00
3.638080000E-01 9.936976875E-01 1.528629038E-03 3.407841499E+00
3.696920000E-01 9.939050451E-01 1.456320548E-03 3.353602458E+00
3.756720000E-01 9.941070497E-01 1.387422293E-03 3.300219340E+00
3.817480000E-01 9.943038549E-01 1.321794465E-03 3.247692195E+00
3.879220000E-01 9.944955170E-01 1.259265541E-03 3.196003320E+00
3.941970000E-01 9.946821947E-01 1.199693065E-03 3.145127944E+00
4.005730000E-01 9.948639580E-01 1.142938260E-03 3.095066318E+00
4.070520000E-01 9.950408291E-01 1.088870570E-03 3.045802502E+00
4.136350000E-01 9.952127814E-01 1.037364160E-03 2.997328563E+00
4.203260000E-01 9.953782807E-01 9.870356357E-04 2.949615299E+00
4.271240000E-01 9.955414917E-01 9.363916925E-04 2.902669951E+00
4.340320000E-01 9.957026407E-01 8.883432532E-04 2.856471412E+00
4.410520000E-01 9.958606898E-01 8.427611469E-04 2.811006412E+00
4.481860000E-01 9.960156220E-01 7.995170139E-04 2.766262221E+00
4.554350000E-01 9.961675158E-01 7.584925909E-04 2.722232591E+00
4.628020000E-01 9.963165016E-01 7.195715152E-04 2.678899400E+00
4.702870000E-01 9.964628013E-01 6.826502106E-04 2.636262538E+00
4.778940000E-01 9.966071124E-01 6.476208870E-04 2.594299154E+00
4.856230000E-01 9.967491079E-01 6.156758148E-04 2.553009227E+00
4.934780000E-01 9.968879523E-01 5.860085205E-04 2.512371372E+00
5.014590000E-01 9.970242933E-01 5.577708477E-04 2.472385579E+00
5.095700000E-01 9.971587698E-01 5.308946096E-04 2.433031772E+00
5.178120000E-01 9.972918434E-01 5.053128768E-04 2.394305269E+00
5.261870000E-01 9.974240879E-01 4.809640106E-04 2.356196561E+00
5.346980000E-01 9.975562236E-01 4.577993469E-04 2.318692047E+00
5.433460000E-01 9.976887958E-01 4.360718201E-04 2.281787296E+00
5.521340000E-01 9.978226711E-01 4.153795466E-04 2.245469397E+00
5.610650000E-01 9.979593201E-01 3.953262122E-04 2.209726146E+00
5.701390000E-01 9.981008652E-01 3.760943360E-04 2.174557432E+00
5.793610000E-01 9.982499991E-01 3.578519316E-04 2.139943835E+00
5.887320000E-01 9.984107213E-01 3.405213043E-04 2.105881793E+00
5.982540000E-01 9.985900341E-01 3.240466854E-04 2.072363912E+00
6.079300000E-01 9.988011082E-01 3.083687111E-04 2.039379534E+00
6.177630000E-01 9.990735434E-01 2.934499883E-04 2.006918511E+00
6.277550000E-01 9.995001315E-01 2.792515310E-04 1.974974313E+00
6.379080000E-01 1.001162814E+00 2.657418775E-04 1.943540448E+00
6.386000000E-01 1.002486105E+00 2.648523573E-04 1.941434388E+00
6.388000000E-01 1.002482512E+00 2.283802163E-03 1.940826550E+00
6.482260000E-01 9.995233319E-01 2.180586722E-03 1.912604555E+00
6.587110000E-01 9.990607946E-01 2.072874743E-03 1.882160765E+00
6.693650000E-01 9.988196081E-01 1.970484003E-03 1.852203208E+00
6.801910000E-01 9.986699290E-01 1.873150045E-03 1.822723323E+00
6.911930000E-01 9.985715062E-01 1.780616679E-03 1.793710295E+00
7.023720000E-01 9.985060936E-01 1.692667539E-03 1.765161481E+00
7.137330000E-01 9.984643728E-01 1.607742517E-03 1.737064140E+00
7.252770000E-01 9.984406498E-01 1.526080351E-03 1.709415851E+00
7.370080000E-01 9.984490347E-01 1.443712768E-03 1.682206977E+00
7.489280000E-01 9.984740080E-01 1.398131999E-03 1.655432832E+00
7.610420000E-01 9.984784428E-01 1.377212909E-03 1.629082232E+00
7.733510000E-01 9.984621013E-01 1.356608847E-03 1.603153031E+00
7.858590000E-01 9.984297169E-01 1.309149566E-03 1.577636701E+00
7.985700000E-01 9.984126153E-01 1.241850102E-03 1.552525139E+00
8.114860000E-01 9.984148096E-01 1.174879874E-03 1.527814405E+00
8.246110000E-01 9.984250130E-01 1.111536500E-03 1.503496800E+00
8.379490000E-01 9.984415610E-01 1.051612111E-03 1.479564985E+00
8.515020000E-01 9.984623102E-01 9.959223109E-04 1.456015370E+00
8.652740000E-01 9.984860396E-01 9.441713955E-04 1.432840927E+00
8.792690000E-01 9.985112208E-01 8.959516831E-04 1.410034927E+00
8.934910000E-01 9.985373222E-01 8.502003974E-04 1.387590921E+00
9.079430000E-01 9.985644381E-01 8.067927043E-04 1.365504222E+00
9.226280000E-01 9.985919969E-01 7.655966365E-04 1.343770187E+00
9.375510000E-01 9.986202829E-01 7.258522108E-04 1.322381396E+00
9.527150000E-01 9.986492929E-01 6.880159028E-04 1.301333557E+00
9.681240000E-01 9.986788282E-01 6.520195214E-04 1.280621077E+00
9.837830000E-01 9.987086884E-01 6.179111877E-04 1.260237268E+00
9.996950000E-01 9.987386537E-01 5.855544229E-04 1.240178254E+00
1.015860000E+00 9.987684988E-01 5.548692385E-04 1.220443762E+00
1.032290000E+00 9.987982730E-01 5.255511455E-04 1.201019093E+00
1.048990000E+00 9.988279197E-01 4.976038742E-04 1.181898779E+00
1.065960000E+00 9.988575098E-01 4.709641343E-04 1.163083043E+00
1.083200000E+00 9.988869792E-01 4.457485678E-04 1.144571640E+00
1.100720000E+00 9.989161647E-01 4.218834532E-04 1.126353659E+00
1.118520000E+00 9.989450009E-01 3.992998435E-04 1.108428995E+00
1.136610000E+00 9.989734352E-01 3.779263448E-04 1.090787517E+00
1.155000000E+00 9.990014374E-01 3.576906045E-04 1.073419913E+00
1.173680000E+00 9.990289514E-01 3.385411380E-04 1.056335628E+00
1.192660000E+00 9.990559569E-01 3.204211854E-04 1.039525095E+00
1.211950000E+00 9.990824362E-01 3.032692916E-04 1.022979496E+00
1.231550000E+00 9.991083297E-01 2.870353370E-04 1.006698875E+00
1.251470000E+00 9.991336648E-01 2.716039315E-04 9.906749662E-01
1.271720000E+00 9.991584556E-01 2.569348500E-04 9.749001352E-01
1.292290000E+00 9.991827332E-01 2.429859643E-04 9.593821820E-01
1.313190000E+00 9.992065154E-01 2.297943565E-04 9.441131900E-01
1.334430000E+00 9.992297579E-01 2.173177887E-04 9.290858269E-01
1.356010000E+00 9.992524450E-01 2.055196214E-04 9.143000420E-01
1.377940000E+00 9.992745837E-01 1.943601591E-04 8.997489005E-01
1.400230000E+00 9.992961752E-01 1.838053765E-04 8.854259657E-01
1.422880000E+00 9.993172092E-01 1.738253532E-04 8.713313842E-01
1.445890000E+00 9.993376725E-01 1.643891804E-04 8.574649524E-01
1.469280000E+00 9.993575884E-01 1.554457137E-04 8.438146575E-01
1.493040000E+00 9.993769201E-01 1.469643017E-04 8.303863259E-01
1.517190000E+00 9.993957663E-01 1.388414768E-04 8.171685814E-01
1.541730000E+00 9.994141612E-01 1.311544525E-04 8.041615588E-01
1.566670000E+00 9.994320792E-01 1.238929151E-04 7.913600184E-01
1.592010000E+00 9.994495094E-01 1.170368448E-04 7.787639525E-01
1.617760000E+00 9.994664567E-01 1.105588810E-04 7.663683117E-01
1.643920000E+00 9.994829263E-01 1.044373329E-04 7.541729525E-01
1.670510000E+00 9.994989302E-01 9.865608762E-05 7.421685593E-01
1.697530000E+00 9.995144662E-01 9.319585838E-05 7.303552809E-01
1.724990000E+00 9.995295241E-01 8.803804089E-05 7.187288042E-01
1.752890000E+00 9.995441404E-01 8.309848180E-05 7.072891054E-01
1.781240000E+00 9.995583535E-01 7.841435994E-05 6.960319777E-01
1.810050000E+00 9.995721790E-01 7.397890232E-05 6.849534543E-01
1.839320000E+00 9.995856106E-01 6.979479788E-05 6.740534545E-01
1.869070000E+00 9.995986571E-01 6.584745875E-05 6.633245411E-01
1.899300000E+00 9.996113189E-01 6.212504457E-05 6.527668088E-01
1.930020000E+00 9.996236011E-01 5.861179477E-05 6.423767629E-01
1.961240000E+00 9.996355154E-01 5.529640828E-05 6.321510881E-01
1.992960000E+00 9.996470791E-01 5.216800510E-05 6.220897559E-01
2.025200000E+00 9.996582687E-01 4.924193612E-05 6.121864507E-01
2.057950000E+00 9.996691051E-01 4.643579585E-05 6.024441799E-01
2.091240000E+00 9.996796255E-01 4.378403812E-05 5.928540005E-01
2.125060000E+00 9.996898300E-01 4.127928325E-05 5.834188211E-01
2.159430000E+00 9.996997249E-01 3.891736046E-05 5.741329888E-01
2.194360000E+00 9.997093157E-01 3.668767968E-05 5.649938934E-01
2.229850000E+00 9.997186102E-01 3.458196789E-05 5.560015248E-01
2.265920000E+00 9.997276211E-01 3.259501541E-05 5.471508262E-01
2.302570000E+00 9.997363511E-01 3.072034921E-05 5.384418280E-01
2.339810000E+00 9.997448090E-01 2.895175119E-05 5.298720836E-01
2.377660000E+00 9.997530062E-01 2.728281194E-05 5.214370431E-01
2.416110000E+00 9.997609444E-01 2.570914427E-05 5.131388885E-01
2.455190000E+00 9.997686347E-01 2.422444312E-05 5.049711020E-01
2.494900000E+00 9.997760846E-01 2.282451346E-05 4.969337448E-01
2.535260000E+00 9.997833003E-01 2.150408689E-05 4.890228221E-01
2.576260000E+00 9.997902874E-01 2.025922453E-05 4.812402475E-01
2.617930000E+00 9.997970537E-01 1.908552646E-05 4.735802714E-01
2.660270000E+00 9.998036060E-01 1.797897949E-05 4.660429205E-01
2.703300000E+00 9.998099513E-01 1.693597449E-05 4.586246440E-01
2.747030000E+00 9.998160961E-01 1.595262654E-05 4.513237933E-01
2.791460000E+00 9.998220442E-01 1.502589291E-05 4.441403423E-01
2.836610000E+00 9.998278029E-01 1.415251382E-05 4.370710108E-01
2.882490000E+00 9.998333781E-01 1.332958634E-05 4.301142415E-01
2.929110000E+00 9.998387753E-01 1.255402762E-05 4.232685014E-01
2.976480000E+00 9.998439999E-01 1.182331662E-05 4.165322797E-01
3.024630000E+00 9.998490586E-01 1.113472452E-05 4.099013764E-01
3.073550000E+00 9.998539542E-01 1.048592031E-05 4.033772023E-01
3.123260000E+00 9.998586934E-01 9.874825321E-06 3.969570257E-01
3.173780000E+00 9.998632816E-01 9.299079849E-06 3.906382925E-01
3.225110000E+00 9.998677220E-01 8.756854030E-06 3.844209965E-01
3.277270000E+00 9.998720193E-01 8.246135614E-06 3.783026727E-01
3.330280000E+00 9.998761801E-01 7.765035770E-06 3.722810094E-01
3.384150000E+00 9.998802069E-01 7.312020185E-06 3.663549193E-01
3.438880000E+00 9.998841041E-01 6.885284912E-06 3.605243568E-01
3.494500000E+00 9.998878762E-01 6.483432164E-06 3.547860924E-01
3.551020000E+00 9.998915270E-01 6.104990080E-06 3.491391206E-01
3.608460000E+00 9.998950616E-01 5.748579636E-06 3.435814724E-01
3.666820000E+00 9.998984818E-01 5.413045855E-06 3.381131335E-01
3.726130000E+00 9.999017926E-01 5.097159688E-06 3.327312788E-01
3.786400000E+00 9.999049975E-01 4.799623897E-06 3.274350306E-01
3.847640000E+00 9.999080993E-01 4.519563590E-06 3.222234928E-01
3.909870000E+00 9.999111017E-01 4.255968687E-06 3.170949418E-01
3.973110000E+00 9.999140080E-01 4.007673299E-06 3.120477409E-01
4.037380000E+00 9.999168218E-01 3.773833761E-06 3.070803343E-01
4.102680000E+00 9.999195456E-01 3.553853103E-06 3.021927131E-01
4.169030000E+00 9.999221820E-01 3.346693771E-06 2.973833242E-01
4.236460000E+00 9.999247349E-01 3.151722490E-06 2.926499955E-01
4.304980000E+00 9.999272063E-01 2.968125152E-06 2.879920464E-01
4.374620000E+00 9.999295999E-01 2.795233409E-06 2.834074731E-01
4.445370000E+00 9.999319173E-01 2.632640179E-06 2.788969197E-01
4.517270000E+00 9.999341618E-01 2.479483791E-06 2.744578031E-01
4.590330000E+00 9.999363357E-01 2.335299399E-06 2.700895143E-01
4.664580000E+00 9.999384416E-01 2.199614286E-06 2.657902748E-01
4.740030000E+00 9.999404819E-01 2.071855533E-06 2.615595260E-01
4.816690000E+00 9.999424589E-01 1.951658098E-06 2.573966770E-01
4.894600000E+00 9.999443753E-01 1.838468723E-06 2.532995546E-01
4.973770000E+00 9.999462330E-01 1.731989339E-06 2.492676581E-01
5.054210000E+00 9.999480346E-01 1.631628531E-06 2.453004525E-01
5.135960000E+00 9.999497828E-01 1.537248594E-06 2.413959610E-01
5.219030000E+00 9.999514793E-01 1.448395261E-06 2.375537217E-01
5.303440000E+00 9.999531269E-01 1.364758515E-06 2.337727965E-01
5.389220000E+00 9.999547286E-01 1.286014858E-06 2.300518442E-01
5.476390000E+00 9.999562868E-01 1.211895307E-06 2.263900124E-01
5.564970000E+00 9.999578046E-01 1.142121075E-06 2.227864661E-01
5.654980000E+00 9.999592855E-01 1.076431205E-06 2.192403863E-01
5.746440000E+00 9.999607337E-01 1.014595020E-06 2.157509693E-01
5.839390000E+00 9.999621546E-01 9.563825829E-07 2.123166975E-01
5.933830000E+00 9.999635552E-01 9.015695256E-07 2.089375665E-01
6.029810000E+00 9.999649462E-01 8.499713451E-07 2.056117854E-01
6.127330000E+00 9.999663439E-01 8.013973205E-07 2.023393550E-01
6.226440000E+00 9.999677788E-01 7.556587585E-07 1.991185975E-01
6.327150000E+00 9.999693186E-01 7.125884219E-07 1.959492030E-01
6.429480000E+00 9.999711752E-01 6.720313408E-07 1.928305244E-01
6.533480000E+00 9.999762156E-01 6.338430779E-07 1.897610462E-01
6.538900000E+00 9.999819347E-01 6.319300103E-07 1.896037560E-01
6.539100000E+00 9.999819351E-01 5.089307289E-06 1.895979569E-01
6.639150000E+00 9.999728560E-01 4.829821440E-06 1.867407725E-01
6.746540000E+00 9.999726721E-01 4.569990097E-06 1.837682723E-01
6.855650000E+00 9.999729382E-01 4.323244287E-06 1.808435378E-01
6.966540000E+00 9.999733786E-01 4.088848687E-06 1.779649582E-01
7.079220000E+00 9.999739063E-01 3.866384302E-06 1.751322886E-01
7.193720000E+00 9.999744822E-01 3.655230179E-06 1.723447674E-01
7.310070000E+00 9.999750855E-01 3.455029424E-06 1.696016591E-01
7.428310000E+00 9.999757032E-01 3.265133324E-06 1.669020275E-01
7.548450000E+00 9.999763275E-01 3.085007892E-06 1.642456398E-01
7.670540000E+00 9.999769526E-01 2.914371501E-06 1.616313845E-01
7.794610000E+00 9.999775748E-01 2.752716658E-06 1.590586315E-01
7.920680000E+00 9.999781910E-01 2.599560401E-06 1.565269649E-01
8.048790000E+00 9.999787994E-01 2.454492967E-06 1.540355755E-01
8.178980000E+00 9.999793986E-01 2.317191189E-06 1.515836938E-01
8.311260000E+00 9.999799871E-01 2.187219383E-06 1.491711245E-01
8.445690000E+00 9.999805643E-01 2.064258017E-06 1.467967685E-01
8.582290000E+00 9.999811297E-01 1.947866965E-06 1.444602781E-01
8.721110000E+00 9.999816827E-01 1.837753173E-06 1.421608029E-01
8.862160000E+00 9.999822231E-01 1.733658657E-06 1.398981738E-01
9.005500000E+00 9.999827507E-01 1.635278837E-06 1.376714230E-01
9.151160000E+00 9.999832654E-01 1.542254827E-06 1.354800921E-01
9.299170000E+00 9.999837672E-01 1.454301888E-06 1.333237267E-01
9.449580000E+00 9.999842561E-01 1.371213022E-06 1.312015984E-01
9.602420000E+00 9.999847322E-01 1.292708007E-06 1.291132860E-01
9.757730000E+00 9.999851957E-01 1.218614073E-06 1.270582400E-01
9.915550000E+00 9.999856465E-01 1.148550748E-06 1.250359284E-01
1.007590000E+01 9.999860850E-01 1.082432126E-06 1.230460803E-01
1.023890000E+01 9.999865114E-01 1.020001954E-06 1.210872262E-01
1.040450000E+01 9.999869258E-01 9.610700844E-07 1.191599789E-01
1.057280000E+01 9.999873285E-01 9.054471048E-07 1.172631659E-01
1.074380000E+01 9.999877197E-01 8.529613355E-07 1.153967870E-01
1.091760000E+01 9.999880997E-01 8.034336016E-07 1.135597567E-01
1.109420000E+01 9.999884686E-01 7.567097850E-07 1.117520867E-01
1.127360000E+01 9.999888266E-01 7.126422691E-07 1.099737440E-01
1.145590000E+01 9.999891740E-01 6.710781257E-07 1.082237101E-01
1.164120000E+01 9.999895114E-01 6.318741424E-07 1.065010480E-01
1.182950000E+01 9.999898387E-01 5.949101331E-07 1.048057822E-01
1.202080000E+01 9.999901561E-01 5.600590469E-07 1.031378943E-01
1.221530000E+01 9.999904642E-01 5.272016095E-07 1.014956653E-01
1.241280000E+01 9.999907628E-01 4.962374131E-07 9.988076824E-02
1.261360000E+01 9.999910525E-01 4.670513410E-07 9.829073381E-02
1.281760000E+01 9.999913333E-01 4.395452978E-07 9.672637623E-02
1.302500000E+01 9.999916058E-01 4.136253282E-07 9.518618042E-02
1.323560000E+01 9.999918697E-01 3.892084447E-07 9.367161292E-02
1.344970000E+01 9.999921256E-01 3.662044948E-07 9.218049473E-02
1.366720000E+01 9.999923737E-01 3.445361052E-07 9.071353313E-02
1.388830000E+01 9.999926141E-01 3.241232697E-07 8.926938502E-02
1.411290000E+01 9.999928471E-01 3.049019724E-07 8.784870579E-02
1.434120000E+01 9.999930729E-01 2.867979737E-07 8.645022732E-02
1.457310000E+01 9.999932917E-01 2.697563045E-07 8.507455517E-02
1.480890000E+01 9.999935038E-01 2.537024746E-07 8.371992518E-02
1.504840000E+01 9.999937091E-01 2.385930385E-07 8.238749635E-02
1.529180000E+01 9.999939082E-01 2.243689612E-07 8.107613231E-02
1.553910000E+01 9.999941009E-01 2.109804999E-07 7.978583058E-02
1.579040000E+01 9.999942877E-01 1.983786602E-07 7.851606039E-02
1.604580000E+01 9.999944686E-01 1.865178196E-07 7.726632514E-02
1.630540000E+01 9.999946439E-01 1.753539837E-07 7.603615980E-02
1.656910000E+01 9.999948137E-01 1.648510055E-07 7.482603159E-02
1.683710000E+01 9.999949781E-01 1.549675441E-07 7.363500840E-02
1.710940000E+01 9.999951374E-01 1.456691905E-07 7.246309046E-02
1.738610000E+01 9.999952916E-01 1.369213698E-07 7.130983947E-02
1.766740000E+01 9.999954411E-01 1.286899225E-07 7.017444559E-02
1.795310000E+01 9.999955857E-01 1.209491565E-07 6.905771148E-02
1.824350000E+01 9.999957258E-01 1.136669417E-07 6.795845096E-02
1.853860000E+01 9.999958615E-01 1.068178105E-07 6.687667893E-02
1.883840000E+01 9.999959929E-01 1.003771509E-07 6.581238322E-02
1.914310000E+01 9.999961202E-01 9.431956462E-08 6.476485000E-02
1.945270000E+01 9.999962434E-01 8.862351848E-08 6.373408319E-02
1.976740000E+01 9.999963627E-01 8.326666332E-08 6.271942694E-02
2.008710000E+01 9.999964783E-01 7.823063970E-08 6.172120416E-02
2.041200000E+01 9.999965902E-01 7.349545936E-08 6.073878111E-02
2.074210000E+01 9.999966985E-01 6.904421476E-08 5.977215422E-02
2.107760000E+01 9.999968034E-01 6.485918343E-08 5.882073860E-02
2.141850000E+01 9.999969050E-01 6.092534302E-08 5.788453907E-02
2.176500000E+01 9.999970033E-01 5.722709103E-08 5.696301401E-02
2.211700000E+01 9.999970986E-01 5.375143718E-08 5.605642718E-02
2.247470000E+01 9.999971908E-01 5.048487805E-08 5.516425136E-02
2.283820000E+01 9.999972800E-01 4.741466507E-08 5.428623972E-02
2.320760000E+01 9.999973665E-01 4.452921800E-08 5.342215481E-02
2.358300000E+01 9.999974502E-01 4.181761160E-08 5.257176780E-02
2.396440000E+01 9.999975312E-01 3.926976883E-08 5.173507369E-02
2.435200000E+01 9.999976097E-01 3.687559823E-08 5.091162943E-02
2.474590000E+01 9.999976856E-01 3.462594225E-08 5.010122889E-02
2.514620000E+01 9.999977592E-01 3.251216310E-08 4.930367213E-02
2.555290000E+01 9.999978304E-01 3.052652514E-08 4.851895480E-02
2.596620000E+01 9.999978993E-01 2.866097122E-08 4.774668608E-02
2.638610000E+01 9.999979661E-01 2.690853931E-08 4.698686051E-02
2.681290000E+01 9.999980307E-01 2.526212284E-08 4.623893723E-02
2.724660000E+01 9.999980933E-01 2.371563253E-08 4.550292514E-02
2.768730000E+01 9.999981539E-01 2.226303840E-08 4.477865303E-02
2.813510000E+01 9.999982125E-01 2.089865430E-08 4.406595320E-02
2.859020000E+01 9.999982693E-01 1.961711961E-08 4.336450952E-02
2.905260000E+01 9.999983243E-01 1.841365958E-08 4.267432175E-02
2.952250000E+01 9.999983774E-01 1.728336831E-08 4.199508849E-02
3.000000000E+01 0.000000000E+00 0.000000000E+00 4.132666667E-02
