# 11/08/2021 
# Data retrieved from www.chemicool.com/densities.html 
# Includes the real (n) and complex (k) part of the  refractive index. 
# Element, Na  (Z = 11) 
# Nominal density, g cm-3 =  0.971 
#    E [keV]      n       k    Wavelength [nm] 
1.000000000E-02 -9.304989346E-01 1.348398220E-03 1.239800000E+02
1.016170000E-02 1.698907265E+03 2.575711227E-03 1.220071445E+02
1.032610000E-02 1.645273477E+03 2.564500938E-03 1.200646904E+02
1.049310000E-02 1.593352013E+03 2.553384785E-03 1.181538344E+02
1.066280000E-02 1.543070319E+03 2.542310890E-03 1.162733991E+02
1.083530000E-02 1.494361066E+03 2.531276131E-03 1.144223049E+02
1.101060000E-02 1.447187934E+03 2.520263425E-03 1.126005849E+02
1.118860000E-02 1.401539007E+03 2.509372590E-03 1.108092165E+02
1.136960000E-02 1.357301785E+03 2.498462793E-03 1.090451731E+02
1.155350000E-02 1.314468214E+03 2.487616057E-03 1.073094733E+02
1.174040000E-02 1.272981858E+03 2.476809079E-03 1.056011720E+02
1.193030000E-02 1.232810709E+03 2.466060647E-03 1.039202702E+02
1.212320000E-02 1.193922323E+03 2.455387042E-03 1.022667283E+02
1.231930000E-02 1.156246449E+03 2.444722853E-03 1.006388350E+02
1.251860000E-02 1.119755489E+03 2.434095976E-03 9.903663349E+01
1.272100000E-02 1.084438339E+03 2.423568890E-03 9.746089144E+01
1.292680000E-02 1.050215374E+03 2.413037963E-03 9.590927376E+01
1.313590000E-02 1.017077975E+03 2.402553412E-03 9.438256990E+01
1.334830000E-02 9.849992952E+02 2.392154542E-03 9.288074137E+01
1.356420000E-02 9.539241545E+02 2.381776695E-03 9.140236800E+01
1.378360000E-02 9.238293150E+02 2.354834481E-03 8.994747381E+01
1.400660000E-02 8.946783816E+02 2.322562772E-03 8.851541416E+01
1.423310000E-02 8.664614013E+02 2.290767876E-03 8.710681440E+01
1.446330000E-02 8.391310225E+02 2.259399730E-03 8.572040959E+01
1.469730000E-02 8.126552214E+02 2.228435573E-03 8.435562995E+01
1.493500000E-02 7.870248040E+02 2.197921563E-03 8.301305658E+01
1.517650000E-02 7.622081900E+02 2.167840838E-03 8.169208974E+01
1.542200000E-02 7.381660187E+02 2.138142702E-03 8.039164829E+01
1.567140000E-02 7.148896956E+02 2.099938061E-03 7.911226821E+01
1.592490000E-02 6.923425339E+02 2.060303080E-03 7.785292215E+01
1.618250000E-02 6.705075416E+02 2.021411934E-03 7.661362583E+01
1.644420000E-02 6.493674510E+02 1.983275562E-03 7.539436397E+01
1.671020000E-02 6.288897726E+02 1.945836622E-03 7.419420474E+01
1.698050000E-02 6.090590500E+02 1.909107170E-03 7.301316216E+01
1.725510000E-02 5.898595785E+02 1.873084641E-03 7.185122080E+01
1.753420000E-02 5.712624729E+02 1.837734837E-03 7.070753157E+01
1.781780000E-02 5.532535869E+02 1.798709650E-03 6.958210329E+01
1.810600000E-02 5.358126521E+02 1.755312997E-03 6.847453883E+01
1.839890000E-02 5.189203635E+02 1.712954654E-03 6.738446320E+01
1.869640000E-02 5.025690418E+02 1.671645996E-03 6.631223123E+01
1.899880000E-02 4.867293686E+02 1.631315211E-03 6.525675306E+01
1.930610000E-02 4.713894818E+02 1.591957202E-03 6.421804507E+01
1.961840000E-02 4.565326755E+02 1.553539999E-03 6.319577539E+01
1.993570000E-02 4.421474017E+02 1.516062011E-03 6.218994066E+01
2.025820000E-02 4.282135275E+02 1.479477318E-03 6.119990917E+01
2.058580000E-02 4.147244685E+02 1.440997483E-03 6.022598102E+01
2.091880000E-02 4.016574008E+02 1.398502291E-03 5.926726198E+01
2.125710000E-02 3.890062075E+02 1.357272799E-03 5.832404232E+01
2.160090000E-02 3.767534806E+02 1.317256644E-03 5.739575666E+01
2.195030000E-02 3.648863664E+02 1.278413341E-03 5.648214375E+01
2.230530000E-02 3.533956732E+02 1.240722468E-03 5.558320220E+01
2.266610000E-02 3.422660642E+02 1.204134389E-03 5.469842628E+01
2.303270000E-02 3.314889954E+02 1.168630109E-03 5.382781871E+01
2.340530000E-02 3.210503310E+02 1.134166957E-03 5.297090830E+01
2.378380000E-02 3.109447014E+02 1.100729907E-03 5.212791900E+01
2.416850000E-02 3.011561946E+02 1.068272677E-03 5.129817738E+01
2.455940000E-02 2.916773550E+02 1.042691272E-03 5.048168929E+01
2.495660000E-02 2.824983596E+02 1.018233535E-03 4.967824143E+01
2.536030000E-02 2.736075825E+02 9.943429049E-04 4.888743430E+01
2.577050000E-02 2.649982301E+02 9.710165922E-04 4.810927223E+01
2.618730000E-02 2.566614559E+02 9.482408995E-04 4.734355966E+01
2.661090000E-02 2.485868525E+02 9.212340565E-04 4.658993119E+01
2.704130000E-02 2.407681941E+02 8.887848947E-04 4.584838747E+01
2.747860000E-02 2.331974791E+02 8.574819057E-04 4.511874695E+01
2.792310000E-02 2.258637461E+02 8.272754986E-04 4.440051427E+01
2.837470000E-02 2.187630285E+02 7.981355828E-04 4.369385403E+01
2.883370000E-02 2.118851281E+02 7.700186045E-04 4.299829713E+01
2.930000000E-02 1.041656100E+00 7.428980908E-04 4.231399317E+01
2.977390000E-02 1.048945742E+00 7.167296006E-04 4.164049721E+01
3.025550000E-02 1.064421036E+00 6.914829104E-04 4.097767348E+01
3.040000000E-02 1.077020610E+00 6.841583753E-04 4.078289474E+01
3.060000000E-02 1.077050589E+00 4.478851855E-02 4.051633987E+01
3.074490000E-02 1.064504850E+00 4.474909795E-02 4.032538730E+01
3.124210000E-02 1.049067442E+00 4.461589430E-02 3.968363202E+01
3.174750000E-02 1.041914796E+00 4.448274812E-02 3.905189385E+01
3.226090000E-02 1.037207177E+00 4.435037637E-02 3.843042197E+01
3.278270000E-02 1.033684026E+00 4.421813651E-02 3.781872756E+01
3.331300000E-02 1.030856689E+00 4.408604039E-02 3.721670219E+01
3.385180000E-02 1.028483869E+00 4.395479870E-02 3.662434494E+01
3.439930000E-02 1.026426947E+00 4.382377709E-02 3.604143108E+01
3.495570000E-02 1.024597892E+00 4.369310420E-02 3.546774918E+01
3.552110000E-02 1.022936523E+00 4.356269035E-02 3.490319838E+01
3.609560000E-02 1.021395985E+00 4.343297704E-02 3.434767673E+01
3.667940000E-02 1.019929602E+00 4.330344464E-02 3.380098911E+01
3.727270000E-02 1.018458709E+00 4.313435478E-02 3.326295117E+01
3.787550000E-02 1.017111170E+00 4.277505275E-02 3.273356127E+01
3.848820000E-02 1.015910339E+00 4.241841759E-02 3.221247032E+01
3.911070000E-02 1.014807238E+00 4.206491859E-02 3.169976503E+01
3.974320000E-02 1.013775417E+00 4.171456630E-02 3.119527366E+01
4.038610000E-02 1.012801626E+00 4.136673169E-02 3.069868098E+01
4.103930000E-02 1.011875559E+00 4.102204738E-02 3.021006694E+01
4.170310000E-02 1.010989047E+00 4.068019295E-02 2.972920478E+01
4.237760000E-02 1.010134400E+00 4.034115276E-02 2.925602205E+01
4.306300000E-02 1.009304622E+00 4.000509996E-02 2.879037689E+01
4.375950000E-02 1.008491711E+00 3.967171710E-02 2.833213359E+01
4.446730000E-02 1.007684955E+00 3.934106972E-02 2.788116211E+01
4.518650000E-02 1.006852353E+00 3.901329200E-02 2.743739834E+01
4.591740000E-02 1.005988468E+00 3.857181264E-02 2.700065770E+01
4.666000000E-02 1.005228114E+00 3.808463320E-02 2.657093871E+01
4.741470000E-02 1.004527543E+00 3.760342276E-02 2.614800895E+01
4.818160000E-02 1.003861303E+00 3.712838025E-02 2.573181463E+01
4.896090000E-02 1.003221143E+00 3.665923099E-02 2.532224694E+01
4.975280000E-02 1.002599659E+00 3.619607956E-02 2.491920053E+01
5.055760000E-02 1.001988291E+00 3.573866196E-02 2.452252480E+01
5.137530000E-02 1.001364214E+00 3.528714877E-02 2.413221918E+01
5.220620000E-02 1.000731828E+00 3.475854965E-02 2.374813719E+01
5.305060000E-02 1.000171310E+00 3.420912748E-02 2.337014096E+01
5.390870000E-02 9.996554998E-01 3.366837714E-02 2.299814316E+01
5.478060000E-02 9.991674881E-01 3.313628923E-02 2.263209968E+01
5.566670000E-02 9.987020653E-01 3.261243454E-02 2.227184295E+01
5.656700000E-02 9.982551639E-01 3.209704259E-02 2.191737232E+01
5.748200000E-02 9.978233787E-01 3.158964673E-02 2.156849101E+01
5.841170000E-02 9.974023087E-01 3.109035773E-02 2.122519975E+01
5.935640000E-02 9.969842595E-01 3.059900154E-02 2.088738535E+01
6.031650000E-02 9.965746030E-01 3.009169717E-02 2.055490620E+01
6.129210000E-02 9.961868439E-01 2.958804514E-02 2.022772919E+01
6.228340000E-02 9.958120342E-01 2.909286648E-02 1.990578549E+01
6.329080000E-02 9.954455228E-01 2.860591786E-02 1.958894500E+01
6.431450000E-02 9.950834644E-01 2.812714841E-02 1.927714590E+01
6.535470000E-02 9.947218770E-01 2.765641872E-02 1.897032654E+01
6.641180000E-02 9.943553635E-01 2.719346974E-02 1.866836918E+01
6.748590000E-02 9.939764750E-01 2.673841584E-02 1.837124496E+01
6.857750000E-02 9.935571113E-01 2.629081432E-02 1.807881594E+01
6.968670000E-02 9.930021917E-01 2.575419323E-02 1.779105626E+01
7.081380000E-02 9.925908413E-01 2.506463710E-02 1.750788688E+01
7.195910000E-02 9.922787802E-01 2.439357847E-02 1.722923161E+01
7.312300000E-02 9.920136402E-01 2.374041507E-02 1.695499364E+01
7.430570000E-02 9.917835807E-01 2.310473339E-02 1.668512644E+01
7.550760000E-02 9.915810761E-01 2.248606730E-02 1.641953923E+01
7.672890000E-02 9.914007099E-01 2.188399281E-02 1.615818811E+01
7.796990000E-02 9.912382169E-01 2.129803973E-02 1.590100795E+01
7.923100000E-02 9.910899041E-01 2.072778665E-02 1.564791559E+01
8.051250000E-02 9.909522049E-01 2.017279577E-02 1.539885111E+01
8.181470000E-02 9.908210284E-01 1.963264475E-02 1.515375599E+01
8.313800000E-02 9.906907805E-01 1.910698122E-02 1.491255503E+01
8.448270000E-02 9.905500292E-01 1.859538271E-02 1.467519386E+01
8.584910000E-02 9.903587080E-01 1.806142284E-02 1.444161907E+01
8.723770000E-02 9.902307804E-01 1.744765490E-02 1.421174561E+01
8.864870000E-02 9.901542275E-01 1.685479693E-02 1.398554068E+01
9.008250000E-02 9.901090154E-01 1.628205611E-02 1.376293953E+01
9.153950000E-02 9.900844107E-01 1.572880251E-02 1.354387996E+01
9.302010000E-02 9.900750412E-01 1.519432421E-02 1.332830216E+01
9.452460000E-02 9.900765744E-01 1.467803032E-02 1.311616235E+01
9.605350000E-02 9.900847676E-01 1.417926772E-02 1.290739015E+01
9.760710000E-02 9.900932978E-01 1.369743216E-02 1.270194484E+01
9.918580000E-02 9.900850610E-01 1.323202076E-02 1.249977315E+01
1.007900000E-01 9.900574431E-01 1.272059461E-02 1.230082349E+01
1.024200000E-01 9.900919264E-01 1.218790710E-02 1.210505761E+01
1.040770000E-01 9.901611217E-01 1.167739330E-02 1.191233414E+01
1.057600000E-01 9.902516571E-01 1.118842703E-02 1.172276853E+01
1.074710000E-01 9.903580384E-01 1.071978485E-02 1.153613533E+01
1.092090000E-01 9.904763780E-01 1.027088989E-02 1.135254420E+01
1.109750000E-01 9.906042714E-01 9.840827527E-03 1.117188556E+01
1.127700000E-01 9.907398326E-01 9.428684960E-03 1.099405870E+01
1.145940000E-01 9.908814314E-01 9.033819564E-03 1.081906557E+01
1.164480000E-01 9.910278600E-01 8.655399583E-03 1.064681231E+01
1.183310000E-01 9.911777323E-01 8.292989198E-03 1.047738970E+01
1.202450000E-01 9.913302930E-01 7.945684159E-03 1.031061583E+01
1.221900000E-01 9.914842422E-01 7.612896813E-03 1.014649317E+01
1.241660000E-01 9.916378943E-01 7.292200925E-03 9.985020054E+00
1.261750000E-01 9.917946546E-01 6.982927974E-03 9.826035268E+00
1.282150000E-01 9.919529626E-01 6.686949627E-03 9.669695433E+00
1.302890000E-01 9.921118174E-01 6.403415515E-03 9.515768791E+00
1.323970000E-01 9.922705182E-01 6.131859518E-03 9.364260519E+00
1.345380000E-01 9.924283732E-01 5.871912764E-03 9.215240304E+00
1.367140000E-01 9.925850293E-01 5.622950105E-03 9.068566496E+00
1.389250000E-01 9.927399486E-01 5.384570448E-03 8.924239698E+00
1.411720000E-01 9.928926164E-01 5.156272054E-03 8.782194770E+00
1.434560000E-01 9.930423154E-01 4.937608298E-03 8.642371180E+00
1.457760000E-01 9.931874806E-01 4.728278141E-03 8.504829327E+00
1.481340000E-01 9.933230754E-01 4.527798577E-03 8.369449282E+00
1.505300000E-01 9.934577782E-01 4.315201171E-03 8.236231980E+00
1.529640000E-01 9.936003036E-01 4.110162643E-03 8.105175074E+00
1.554390000E-01 9.937471958E-01 3.914789955E-03 7.976119249E+00
1.579530000E-01 9.938947325E-01 3.728742001E-03 7.849170323E+00
1.605070000E-01 9.940420029E-01 3.551570215E-03 7.724273708E+00
1.631030000E-01 9.941884299E-01 3.382788828E-03 7.601331674E+00
1.657420000E-01 9.943335793E-01 3.221992642E-03 7.480300708E+00
1.684220000E-01 9.944769091E-01 3.068888663E-03 7.361271093E+00
1.711460000E-01 9.946183033E-01 2.923049964E-03 7.244107370E+00
1.739150000E-01 9.947575668E-01 2.784108400E-03 7.128769801E+00
1.767270000E-01 9.948943536E-01 2.651823213E-03 7.015340044E+00
1.795860000E-01 9.950287106E-01 2.525779351E-03 6.903656187E+00
1.824910000E-01 9.951604028E-01 2.405732873E-03 6.793759692E+00
1.854420000E-01 9.952892714E-01 2.291421938E-03 6.685648343E+00
1.884420000E-01 9.954152990E-01 2.182508850E-03 6.579212702E+00
1.914890000E-01 9.955381561E-01 2.078806630E-03 6.474523341E+00
1.945870000E-01 9.956576620E-01 1.979992854E-03 6.371443108E+00
1.977340000E-01 9.957723314E-01 1.885902569E-03 6.270039548E+00
2.009320000E-01 9.958840279E-01 1.790818623E-03 6.170246651E+00
2.041820000E-01 9.959960637E-01 1.699156455E-03 6.072033774E+00
2.074850000E-01 9.961075272E-01 1.612175312E-03 5.975371714E+00
2.108400000E-01 9.962171744E-01 1.529669212E-03 5.880288370E+00
2.142510000E-01 9.963248695E-01 1.451360978E-03 5.786670774E+00
2.177160000E-01 9.964303400E-01 1.377076761E-03 5.694574583E+00
2.212370000E-01 9.965335257E-01 1.306596043E-03 5.603945091E+00
2.248160000E-01 9.966344000E-01 1.239709038E-03 5.514732048E+00
2.284520000E-01 9.967328619E-01 1.176257057E-03 5.426960587E+00
2.321470000E-01 9.968289191E-01 1.116049424E-03 5.340581614E+00
2.359020000E-01 9.969225613E-01 1.058923022E-03 5.255572229E+00
2.397170000E-01 9.970137628E-01 1.004725142E-03 5.171931903E+00
2.435950000E-01 9.971025759E-01 9.532917560E-04 5.089595435E+00
2.475350000E-01 9.971889414E-01 9.044968413E-04 5.008584645E+00
2.515380000E-01 9.972728562E-01 8.582038888E-04 4.928877545E+00
2.556070000E-01 9.973543113E-01 8.142733975E-04 4.850414895E+00
2.597410000E-01 9.974327352E-01 7.725967881E-04 4.773216396E+00
2.639420000E-01 9.975087589E-01 7.314685193E-04 4.697244092E+00
2.682110000E-01 9.975837879E-01 6.918087999E-04 4.622480062E+00
2.725490000E-01 9.976573146E-01 6.542976727E-04 4.548906802E+00
2.769570000E-01 9.977290983E-01 6.188231243E-04 4.476507183E+00
2.814370000E-01 9.977990806E-01 5.852679019E-04 4.405248777E+00
2.859890000E-01 9.978672159E-01 5.535340639E-04 4.335131771E+00
2.906150000E-01 9.979335137E-01 5.235205378E-04 4.266125286E+00
2.953150000E-01 9.979979672E-01 4.951369566E-04 4.198229010E+00
3.000920000E-01 9.980606221E-01 4.682875731E-04 4.131399704E+00
3.049450000E-01 9.981214741E-01 4.429004115E-04 4.065651183E+00
3.098780000E-01 9.981805844E-01 4.188846912E-04 4.000929398E+00
3.148900000E-01 9.982379602E-01 3.961725612E-04 3.937247928E+00
3.199830000E-01 9.982936390E-01 3.746913937E-04 3.874580837E+00
3.251580000E-01 9.983476524E-01 3.543766711E-04 3.812915567E+00
3.304180000E-01 9.984000475E-01 3.351597770E-04 3.752216889E+00
3.357620000E-01 9.984508317E-01 3.169873161E-04 3.692496471E+00
3.411920000E-01 9.985000349E-01 2.998023288E-04 3.633731154E+00
3.467110000E-01 9.985475599E-01 2.835465365E-04 3.575888853E+00
3.523190000E-01 9.985936363E-01 2.677900831E-04 3.518970024E+00
3.580170000E-01 9.986385328E-01 2.528017669E-04 3.462964049E+00
3.638080000E-01 9.986821787E-01 2.386522036E-04 3.407841499E+00
3.696920000E-01 9.987245441E-01 2.252951562E-04 3.353602458E+00
3.756720000E-01 9.987656542E-01 2.126844080E-04 3.300219340E+00
3.817480000E-01 9.988055182E-01 2.007810261E-04 3.247692195E+00
3.879220000E-01 9.988441683E-01 1.895434506E-04 3.196003320E+00
3.941970000E-01 9.988816405E-01 1.789339502E-04 3.145127944E+00
4.005730000E-01 9.989179539E-01 1.689185264E-04 3.095066318E+00
4.070520000E-01 9.989531413E-01 1.594642208E-04 3.045802502E+00
4.136350000E-01 9.989872307E-01 1.505385775E-04 2.997328563E+00
4.203260000E-01 9.990202619E-01 1.421128499E-04 2.949615299E+00
4.271240000E-01 9.990522527E-01 1.341583864E-04 2.902669951E+00
4.340320000E-01 9.990832393E-01 1.266501853E-04 2.856471412E+00
4.410520000E-01 9.991132512E-01 1.195615693E-04 2.811006412E+00
4.481860000E-01 9.991423194E-01 1.128692001E-04 2.766262221E+00
4.554350000E-01 9.991704676E-01 1.065523306E-04 2.722232591E+00
4.628020000E-01 9.991977302E-01 1.005878535E-04 2.678899400E+00
4.702870000E-01 9.992241277E-01 9.495773970E-05 2.636262538E+00
4.778940000E-01 9.992497170E-01 8.964319919E-05 2.594299154E+00
4.856230000E-01 9.992744853E-01 8.467855160E-05 2.553009227E+00
4.934780000E-01 9.992984345E-01 8.000182140E-05 2.512371372E+00
5.014590000E-01 9.993215988E-01 7.558376576E-05 2.472385579E+00
5.095700000E-01 9.993440163E-01 7.140656920E-05 2.433031772E+00
5.178120000E-01 9.993657110E-01 6.745842518E-05 2.394305269E+00
5.261870000E-01 9.993867066E-01 6.372840733E-05 2.356196561E+00
5.346980000E-01 9.994070290E-01 6.020092199E-05 2.318692047E+00
5.433460000E-01 9.994266941E-01 5.686572363E-05 2.281787296E+00
5.521340000E-01 9.994457346E-01 5.370497998E-05 2.245469397E+00
5.610650000E-01 9.994641749E-01 5.071908331E-05 2.209726146E+00
5.701390000E-01 9.994820238E-01 4.789792057E-05 2.174557432E+00
5.793610000E-01 9.994993154E-01 4.522479407E-05 2.139943835E+00
5.887320000E-01 9.995160645E-01 4.270068681E-05 2.105881793E+00
5.982540000E-01 9.995323414E-01 4.033144624E-05 2.072363912E+00
6.079300000E-01 9.995480628E-01 3.818260521E-05 2.039379534E+00
6.177630000E-01 9.995632240E-01 3.616366187E-05 2.006918511E+00
6.277550000E-01 9.995778315E-01 3.425547488E-05 1.974974313E+00
6.379080000E-01 9.995919262E-01 3.237264457E-05 1.943540448E+00
6.482260000E-01 9.996055840E-01 3.048974311E-05 1.912604555E+00
6.587110000E-01 9.996189135E-01 2.865209221E-05 1.882160765E+00
6.693650000E-01 9.996319054E-01 2.692586215E-05 1.852203208E+00
6.801910000E-01 9.996445467E-01 2.537682781E-05 1.822723323E+00
6.911930000E-01 9.996567703E-01 2.397086975E-05 1.793710295E+00
7.023720000E-01 9.996685531E-01 2.265768357E-05 1.765161481E+00
7.137330000E-01 9.996799547E-01 2.137623238E-05 1.737064140E+00
7.252770000E-01 9.996910315E-01 2.014106606E-05 1.709415851E+00
7.370080000E-01 9.997017896E-01 1.897642818E-05 1.682206977E+00
7.489280000E-01 9.997122334E-01 1.787980385E-05 1.655432832E+00
7.610420000E-01 9.997223742E-01 1.684678307E-05 1.629082232E+00
7.733510000E-01 9.997322213E-01 1.587197677E-05 1.603153031E+00
7.858590000E-01 9.997417900E-01 1.494872659E-05 1.577636701E+00
7.985700000E-01 9.997510991E-01 1.407544098E-05 1.552525139E+00
8.114860000E-01 9.997601594E-01 1.325403360E-05 1.527814405E+00
8.246110000E-01 9.997689839E-01 1.248026453E-05 1.503496800E+00
8.379490000E-01 9.997775888E-01 1.175139300E-05 1.479564985E+00
8.515020000E-01 9.997859888E-01 1.106747277E-05 1.456015370E+00
8.652740000E-01 9.997942005E-01 1.042540916E-05 1.432840927E+00
8.792690000E-01 9.998022419E-01 9.822357664E-06 1.410034927E+00
8.934910000E-01 9.998101369E-01 9.254188459E-06 1.387590921E+00
9.079430000E-01 9.998179123E-01 8.718895657E-06 1.365504222E+00
9.226280000E-01 9.998255982E-01 8.214603013E-06 1.343770187E+00
9.375510000E-01 9.998332455E-01 7.727373836E-06 1.322381396E+00
9.527150000E-01 9.998409148E-01 7.266189548E-06 1.301333557E+00
9.681240000E-01 9.998486894E-01 6.830116331E-06 1.280621077E+00
9.837830000E-01 9.998566914E-01 6.420198533E-06 1.260237268E+00
9.996950000E-01 9.998651210E-01 6.035012693E-06 1.240178254E+00
1.015860000E+00 9.998743446E-01 5.673119429E-06 1.220443762E+00
1.032290000E+00 9.998851520E-01 5.333652079E-06 1.201019093E+00
1.048990000E+00 9.998997975E-01 5.014467981E-06 1.181898779E+00
1.065960000E+00 9.999328066E-01 4.714402333E-06 1.163083043E+00
1.070700000E+00 1.000013180E+00 4.634622431E-06 1.157934062E+00
1.070900000E+00 1.000013121E+00 6.976812380E-05 1.157717807E+00
1.083200000E+00 9.999136847E-01 6.697978009E-05 1.144571640E+00
1.100720000E+00 9.998979085E-01 6.324942980E-05 1.126353659E+00
1.118520000E+00 9.998914045E-01 5.972721361E-05 1.108428995E+00
1.136610000E+00 9.998882852E-01 5.640161278E-05 1.090787517E+00
1.155000000E+00 9.998869478E-01 5.326023850E-05 1.073419913E+00
1.173680000E+00 9.998867032E-01 5.029415815E-05 1.056335628E+00
1.192660000E+00 9.998871889E-01 4.749377335E-05 1.039525095E+00
1.211950000E+00 9.998881878E-01 4.484899110E-05 1.022979496E+00
1.231550000E+00 9.998895582E-01 4.235130758E-05 1.006698875E+00
1.251470000E+00 9.998912029E-01 3.999298316E-05 9.906749662E-01
1.271720000E+00 9.998930525E-01 3.776552443E-05 9.749001352E-01
1.292290000E+00 9.998950519E-01 3.566251909E-05 9.593821820E-01
1.313190000E+00 9.998971620E-01 3.367647620E-05 9.441131900E-01
1.334430000E+00 9.998993541E-01 3.180098377E-05 9.290858269E-01
1.356010000E+00 9.999016023E-01 3.002997296E-05 9.143000420E-01
1.377940000E+00 9.999038865E-01 2.835798683E-05 8.997489005E-01
1.400230000E+00 9.999061915E-01 2.677879567E-05 8.854259657E-01
1.422880000E+00 9.999085056E-01 2.528728647E-05 8.713313842E-01
1.445890000E+00 9.999108158E-01 2.387942555E-05 8.574649524E-01
1.469280000E+00 9.999131162E-01 2.254963799E-05 8.438146575E-01
1.493040000E+00 9.999153978E-01 2.129403513E-05 8.303863259E-01
1.517190000E+00 9.999176560E-01 2.010864759E-05 8.171685814E-01
1.541730000E+00 9.999198855E-01 1.898937691E-05 8.041615588E-01
1.566670000E+00 9.999220815E-01 1.793239171E-05 7.913600184E-01
1.592010000E+00 9.999242420E-01 1.693423620E-05 7.787639525E-01
1.617760000E+00 9.999263638E-01 1.599168974E-05 7.663683117E-01
1.643920000E+00 9.999284435E-01 1.510183300E-05 7.541729525E-01
1.670510000E+00 9.999304815E-01 1.426115481E-05 7.421685593E-01
1.697530000E+00 9.999324756E-01 1.346739911E-05 7.303552809E-01
1.724990000E+00 9.999344203E-01 1.271793820E-05 7.187288042E-01
1.752890000E+00 9.999363207E-01 1.199856221E-05 7.072891054E-01
1.781240000E+00 9.999381807E-01 1.131620962E-05 6.960319777E-01
1.810050000E+00 9.999400013E-01 1.067016119E-05 6.849534543E-01
1.839320000E+00 9.999417806E-01 1.006105667E-05 6.740534545E-01
1.869070000E+00 9.999435169E-01 9.486637291E-06 6.633245411E-01
1.899300000E+00 9.999452101E-01 8.944989320E-06 6.527668088E-01
1.930020000E+00 9.999468599E-01 8.434247761E-06 6.423767629E-01
1.961240000E+00 9.999484667E-01 7.952699318E-06 6.321510881E-01
1.992960000E+00 9.999500314E-01 7.498755703E-06 6.220897559E-01
2.025200000E+00 9.999515507E-01 7.074566141E-06 6.121864507E-01
2.057950000E+00 9.999530258E-01 6.666744426E-06 6.024441799E-01
2.091240000E+00 9.999544633E-01 6.281329747E-06 5.928540005E-01
2.125060000E+00 9.999558616E-01 5.917734917E-06 5.834188211E-01
2.159430000E+00 9.999572216E-01 5.574658850E-06 5.741329888E-01
2.194360000E+00 9.999585432E-01 5.250862008E-06 5.649938934E-01
2.229850000E+00 9.999598273E-01 4.945365029E-06 5.560015248E-01
2.265920000E+00 9.999610746E-01 4.657248222E-06 5.471508262E-01
2.302570000E+00 9.999622860E-01 4.385288305E-06 5.384418280E-01
2.339810000E+00 9.999634625E-01 4.128977443E-06 5.298720836E-01
2.377660000E+00 9.999646045E-01 3.887247632E-06 5.214370431E-01
2.416110000E+00 9.999657125E-01 3.659349120E-06 5.131388885E-01
2.455190000E+00 9.999667880E-01 3.444474509E-06 5.049711020E-01
2.494900000E+00 9.999678312E-01 3.241978420E-06 4.969337448E-01
2.535260000E+00 9.999688437E-01 3.051055111E-06 4.890228221E-01
2.576260000E+00 9.999698254E-01 2.871179769E-06 4.812402475E-01
2.617930000E+00 9.999707773E-01 2.701705425E-06 4.735802714E-01
2.660270000E+00 9.999717004E-01 2.542012007E-06 4.660429205E-01
2.703300000E+00 9.999725956E-01 2.391529223E-06 4.586246440E-01
2.747030000E+00 9.999734634E-01 2.249798696E-06 4.513237933E-01
2.791460000E+00 9.999743044E-01 2.116309549E-06 4.441403423E-01
2.836610000E+00 9.999751198E-01 1.990600988E-06 4.370710108E-01
2.882490000E+00 9.999759097E-01 1.872224563E-06 4.301142415E-01
2.929110000E+00 9.999766752E-01 1.760764513E-06 4.232685014E-01
2.976480000E+00 9.999774170E-01 1.655825314E-06 4.165322797E-01
3.024630000E+00 9.999781359E-01 1.557002626E-06 4.099013764E-01
3.073550000E+00 9.999788321E-01 1.464019095E-06 4.033772023E-01
3.123260000E+00 9.999795065E-01 1.376460330E-06 3.969570257E-01
3.173780000E+00 9.999801600E-01 1.294065128E-06 3.906382925E-01
3.225110000E+00 9.999807927E-01 1.216533514E-06 3.844209965E-01
3.277270000E+00 9.999814058E-01 1.143559988E-06 3.783026727E-01
3.330280000E+00 9.999819995E-01 1.074902834E-06 3.722810094E-01
3.384150000E+00 9.999825744E-01 1.010317481E-06 3.663549193E-01
3.438880000E+00 9.999831311E-01 9.495435254E-07 3.605243568E-01
3.494500000E+00 9.999836702E-01 8.923860944E-07 3.547860924E-01
3.551020000E+00 9.999841923E-01 8.385895848E-07 3.491391206E-01
3.608460000E+00 9.999846979E-01 7.880120369E-07 3.435814724E-01
3.666820000E+00 9.999851872E-01 7.404354777E-07 3.381131335E-01
3.726130000E+00 9.999856612E-01 6.956982121E-07 3.327312788E-01
3.786400000E+00 9.999861201E-01 6.536264342E-07 3.274350306E-01
3.847640000E+00 9.999865642E-01 6.140692744E-07 3.222234928E-01
3.909870000E+00 9.999869942E-01 5.768760942E-07 3.170949418E-01
3.973110000E+00 9.999874105E-01 5.419051512E-07 3.120477409E-01
4.037380000E+00 9.999878136E-01 5.090252067E-07 3.070803343E-01
4.102680000E+00 9.999882038E-01 4.781037111E-07 3.021927131E-01
4.169030000E+00 9.999885814E-01 4.490596505E-07 2.973833242E-01
4.236460000E+00 9.999889470E-01 4.217410199E-07 2.926499955E-01
4.304980000E+00 9.999893010E-01 3.960851698E-07 2.879920464E-01
4.374620000E+00 9.999896436E-01 3.719505655E-07 2.834074731E-01
4.445370000E+00 9.999899751E-01 3.492771874E-07 2.788969197E-01
4.517270000E+00 9.999902961E-01 3.279690712E-07 2.744578031E-01
4.590330000E+00 9.999906068E-01 3.079467594E-07 2.700895143E-01
4.664580000E+00 9.999909075E-01 2.891373288E-07 2.657902748E-01
4.740030000E+00 9.999911987E-01 2.714680448E-07 2.615595260E-01
4.816690000E+00 9.999914804E-01 2.548671105E-07 2.573966770E-01
4.894600000E+00 9.999917531E-01 2.392676204E-07 2.532995546E-01
4.973770000E+00 9.999920170E-01 2.245955948E-07 2.492676581E-01
5.054210000E+00 9.999922725E-01 2.108335622E-07 2.453004525E-01
5.135960000E+00 9.999925198E-01 1.979048056E-07 2.413959610E-01
5.219030000E+00 9.999927591E-01 1.857627876E-07 2.375537217E-01
5.303440000E+00 9.999929908E-01 1.743463801E-07 2.337727965E-01
5.389220000E+00 9.999932150E-01 1.636320965E-07 2.300518442E-01
5.476390000E+00 9.999934321E-01 1.535678483E-07 2.263900124E-01
5.564970000E+00 9.999936421E-01 1.441181954E-07 2.227864661E-01
5.654980000E+00 9.999938454E-01 1.352428742E-07 2.192403863E-01
5.746440000E+00 9.999940422E-01 1.269099684E-07 2.157509693E-01
5.839390000E+00 9.999942327E-01 1.190852843E-07 2.123166975E-01
5.933830000E+00 9.999944170E-01 1.117393179E-07 2.089375665E-01
6.029810000E+00 9.999945954E-01 1.048413084E-07 2.056117854E-01
6.127330000E+00 9.999947682E-01 9.836509538E-08 2.023393550E-01
6.226440000E+00 9.999949353E-01 9.228613946E-08 1.991185975E-01
6.327150000E+00 9.999950971E-01 8.657941309E-08 1.959492030E-01
6.429480000E+00 9.999952537E-01 8.122190965E-08 1.928305244E-01
6.533480000E+00 9.999954053E-01 7.619289614E-08 1.897610462E-01
6.639150000E+00 9.999955520E-01 7.147279113E-08 1.867407725E-01
6.746540000E+00 9.999956940E-01 6.704201613E-08 1.837682723E-01
6.855650000E+00 9.999958314E-01 6.288392693E-08 1.808435378E-01
6.966540000E+00 9.999959645E-01 5.898166621E-08 1.779649582E-01
7.079220000E+00 9.999960932E-01 5.531955235E-08 1.751322886E-01
7.193720000E+00 9.999962179E-01 5.188179548E-08 1.723447674E-01
7.310070000E+00 9.999963385E-01 4.865753954E-08 1.696016591E-01
7.428310000E+00 9.999964553E-01 4.563020708E-08 1.669020275E-01
7.548450000E+00 9.999965683E-01 4.279063067E-08 1.642456398E-01
7.670540000E+00 9.999966778E-01 4.012594409E-08 1.616313845E-01
7.794610000E+00 9.999967837E-01 3.762637208E-08 1.590586315E-01
7.920680000E+00 9.999968862E-01 3.528105351E-08 1.565269649E-01
8.048790000E+00 9.999969854E-01 3.307989452E-08 1.540355755E-01
8.178980000E+00 9.999970815E-01 3.101606574E-08 1.515836938E-01
8.311260000E+00 9.999971745E-01 2.907890385E-08 1.491711245E-01
8.445690000E+00 9.999972644E-01 2.726234174E-08 1.467967685E-01
8.582290000E+00 9.999973516E-01 2.555867902E-08 1.444602781E-01
8.721110000E+00 9.999974359E-01 2.395980925E-08 1.421608029E-01
8.862160000E+00 9.999975175E-01 2.246040473E-08 1.398981738E-01
9.005500000E+00 9.999975966E-01 2.105455318E-08 1.376714230E-01
9.151160000E+00 9.999976731E-01 1.973493889E-08 1.354800921E-01
9.299170000E+00 9.999977471E-01 1.849797563E-08 1.333237267E-01
9.449580000E+00 9.999978188E-01 1.733791256E-08 1.312015984E-01
9.602420000E+00 9.999978882E-01 1.625010064E-08 1.291132860E-01
9.757730000E+00 9.999979554E-01 1.523002717E-08 1.270582400E-01
9.915550000E+00 9.999980204E-01 1.427319746E-08 1.250359284E-01
1.007590000E+01 9.999980834E-01 1.337623125E-08 1.230460803E-01
1.023890000E+01 9.999981443E-01 1.253505367E-08 1.210872262E-01
1.040450000E+01 9.999982033E-01 1.174643560E-08 1.191599789E-01
1.057280000E+01 9.999982604E-01 1.100698532E-08 1.172631659E-01
1.074380000E+01 9.999983157E-01 1.031376463E-08 1.153967870E-01
1.091760000E+01 9.999983693E-01 9.663792635E-09 1.135597567E-01
1.109420000E+01 9.999984211E-01 9.054467437E-09 1.117520867E-01
1.127360000E+01 9.999984712E-01 8.483361505E-09 1.099737440E-01
1.145590000E+01 9.999985198E-01 7.947992099E-09 1.082237101E-01
1.164120000E+01 9.999985668E-01 7.446070333E-09 1.065010480E-01
1.182950000E+01 9.999986123E-01 6.975589597E-09 1.048057822E-01
1.202080000E+01 9.999986564E-01 6.534657217E-09 1.031378943E-01
1.221530000E+01 9.999986991E-01 6.121277321E-09 1.014956653E-01
1.241280000E+01 9.999987404E-01 5.733980257E-09 9.988076824E-02
1.261360000E+01 9.999987804E-01 5.370896207E-09 9.829073381E-02
1.281760000E+01 9.999988191E-01 5.030669048E-09 9.672637623E-02
1.302500000E+01 9.999988566E-01 4.711751247E-09 9.518618042E-02
1.323560000E+01 9.999988928E-01 4.412991772E-09 9.367161292E-02
1.344970000E+01 9.999989280E-01 4.132984762E-09 9.218049473E-02
1.366720000E+01 9.999989620E-01 3.870626247E-09 9.071353313E-02
1.388830000E+01 9.999989949E-01 3.624762736E-09 8.926938502E-02
1.411290000E+01 9.999990268E-01 3.394427015E-09 8.784870579E-02
1.434120000E+01 9.999990577E-01 3.178591092E-09 8.645022732E-02
1.457310000E+01 9.999990875E-01 2.976409761E-09 8.507455517E-02
1.480890000E+01 9.999991165E-01 2.786936454E-09 8.371992518E-02
1.504840000E+01 9.999991445E-01 2.609469776E-09 8.238749635E-02
1.529180000E+01 9.999991716E-01 2.443212944E-09 8.107613231E-02
1.553910000E+01 9.999991979E-01 2.287479651E-09 7.978583058E-02
1.579040000E+01 9.999992233E-01 2.141592355E-09 7.851606039E-02
1.604580000E+01 9.999992479E-01 2.004937168E-09 7.726632514E-02
1.630540000E+01 9.999992718E-01 1.876918139E-09 7.603615980E-02
1.656910000E+01 9.999992949E-01 1.757038631E-09 7.482603159E-02
1.683710000E+01 9.999993172E-01 1.644744300E-09 7.363500840E-02
1.710940000E+01 9.999993388E-01 1.539587559E-09 7.246309046E-02
1.738610000E+01 9.999993598E-01 1.441103171E-09 7.130983947E-02
1.766740000E+01 9.999993801E-01 1.348857133E-09 7.017444559E-02
1.795310000E+01 9.999993997E-01 1.262491223E-09 6.905771148E-02
1.824350000E+01 9.999994187E-01 1.181609690E-09 6.795845096E-02
1.853860000E+01 9.999994371E-01 1.105873352E-09 6.687667893E-02
1.883840000E+01 9.999994550E-01 1.034960896E-09 6.581238322E-02
1.914310000E+01 9.999994722E-01 9.685623942E-10 6.476485000E-02
1.945270000E+01 9.999994889E-01 9.063985270E-10 6.373408319E-02
1.976740000E+01 9.999995051E-01 8.481875659E-10 6.271942694E-02
2.008710000E+01 9.999995208E-01 7.938606563E-10 6.172120416E-02
2.041200000E+01 9.999995360E-01 7.428449475E-10 6.073878111E-02
2.074210000E+01 9.999995507E-01 6.950988955E-10 5.977215422E-02
2.107760000E+01 9.999995649E-01 6.504051092E-10 5.882073860E-02
2.141850000E+01 9.999995787E-01 6.085725767E-10 5.788453907E-02
2.176500000E+01 9.999995920E-01 5.694137489E-10 5.696301401E-02
2.211700000E+01 9.999996049E-01 5.327682487E-10 5.605642718E-02
2.247470000E+01 9.999996174E-01 4.984730095E-10 5.516425136E-02
2.283820000E+01 9.999996295E-01 4.663732672E-10 5.428623972E-02
2.320760000E+01 9.999996412E-01 4.363271637E-10 5.342215481E-02
2.358300000E+01 9.999996526E-01 4.082078090E-10 5.257176780E-02
2.396440000E+01 9.999996636E-01 3.818958061E-10 5.173507369E-02
2.435200000E+01 9.999996742E-01 3.572692528E-10 5.091162943E-02
2.474590000E+01 9.999996845E-01 3.342201494E-10 5.010122889E-02
2.514620000E+01 9.999996945E-01 3.126497635E-10 4.930367213E-02
2.555290000E+01 9.999997042E-01 2.924674266E-10 4.851895480E-02
2.596620000E+01 9.999997135E-01 2.735777819E-10 4.774668608E-02
2.638610000E+01 9.999997226E-01 2.559034729E-10 4.698686051E-02
2.681290000E+01 9.999997314E-01 2.393637327E-10 4.623893723E-02
2.724660000E+01 9.999997399E-01 2.238858536E-10 4.550292514E-02
2.768730000E+01 9.999997481E-01 2.094032787E-10 4.477865303E-02
2.813510000E+01 9.999997561E-01 1.958522180E-10 4.406595320E-02
2.859020000E+01 9.999997638E-01 1.831720488E-10 4.336450952E-02
2.905260000E+01 9.999997713E-01 1.713082206E-10 4.267432175E-02
2.952250000E+01 9.999997785E-01 1.602077405E-10 4.199508849E-02
3.000000000E+01 0.000000000E+00 0.000000000E+00 4.132666667E-02
