# 11/08/2021 
# Data retrieved from www.chemicool.com/densities.html 
# Includes the real (n) and complex (k) part of the  refractive index. 
# Element, Ni  (Z = 28) 
# Nominal density, g cm-3 =  8.91 
#    E [keV]      n       k    Wavelength [nm] 
1.000000000E-02 -1.679456968E+01 2.577756795E-01 1.239800000E+02
1.016170000E-02 6.104002169E+03 8.426891603E-01 1.220071445E+02
1.032610000E-02 5.911219483E+03 8.180620929E-01 1.200646904E+02
1.049310000E-02 5.724591617E+03 7.941705180E-01 1.181538344E+02
1.066280000E-02 5.543857785E+03 7.709722152E-01 1.162733991E+02
1.083530000E-02 5.368775976E+03 7.484448033E-01 1.144223049E+02
1.101060000E-02 5.199215639E+03 7.277293945E-01 1.126005849E+02
1.118860000E-02 5.035133945E+03 7.255113892E-01 1.108092165E+02
1.136960000E-02 4.876126520E+03 7.232827221E-01 1.090451731E+02
1.155350000E-02 4.722164415E+03 7.210694518E-01 1.073094733E+02
1.174040000E-02 4.573044776E+03 7.188521885E-01 1.056011720E+02
1.193030000E-02 4.428652548E+03 7.166473808E-01 1.039202702E+02
1.212320000E-02 4.288871118E+03 7.147009343E-01 1.022667283E+02
1.231930000E-02 4.153447975E+03 7.128888132E-01 1.006388350E+02
1.251860000E-02 4.022283916E+03 7.110743167E-01 9.903663349E+01
1.272100000E-02 3.895339031E+03 7.092806920E-01 9.746089144E+01
1.292680000E-02 3.772327114E+03 7.074774312E-01 9.590927376E+01
1.313590000E-02 3.653217182E+03 7.054670777E-01 9.438256990E+01
1.334830000E-02 3.537912738E+03 7.033571383E-01 9.288074137E+01
1.356420000E-02 3.426215441E+03 7.012459776E-01 9.140236800E+01
1.378360000E-02 3.318041765E+03 6.991431004E-01 8.994747381E+01
1.400660000E-02 3.213260890E+03 6.970371612E-01 8.851541416E+01
1.423310000E-02 3.111837040E+03 6.944207127E-01 8.710681440E+01
1.446330000E-02 3.013600013E+03 6.886950056E-01 8.572040959E+01
1.469730000E-02 2.918434703E+03 6.830135083E-01 8.435562995E+01
1.493500000E-02 2.826308062E+03 6.773844908E-01 8.301305658E+01
1.517650000E-02 2.737106577E+03 6.718059703E-01 8.169208974E+01
1.542200000E-02 2.650688769E+03 6.662646253E-01 8.039164829E+01
1.567140000E-02 2.567023746E+03 6.598933355E-01 7.911226821E+01
1.592490000E-02 2.485979640E+03 6.513857572E-01 7.785292215E+01
1.618250000E-02 2.407495374E+03 6.429884160E-01 7.661362583E+01
1.644420000E-02 2.331508881E+03 6.347029877E-01 7.539436397E+01
1.671020000E-02 2.257903380E+03 6.265203507E-01 7.419420474E+01
1.698050000E-02 2.186623313E+03 6.184424337E-01 7.301316216E+01
1.725510000E-02 2.117612232E+03 6.104750822E-01 7.185122080E+01
1.753420000E-02 2.050766310E+03 6.006559428E-01 7.070753157E+01
1.781780000E-02 1.986034700E+03 5.898326430E-01 6.958210329E+01
1.810600000E-02 1.923344549E+03 5.792045851E-01 6.847453883E+01
1.839890000E-02 1.862626466E+03 5.687670076E-01 6.738446320E+01
1.869640000E-02 1.803852849E+03 5.585237766E-01 6.631223123E+01
1.899880000E-02 1.746918314E+03 5.484600100E-01 6.525675306E+01
1.930610000E-02 1.691780225E+03 5.266799847E-01 6.421804507E+01
1.961840000E-02 1.638378533E+03 5.063149749E-01 6.319577539E+01
1.993570000E-02 1.586671730E+03 4.915915387E-01 6.218994066E+01
2.025820000E-02 1.536587449E+03 4.772929525E-01 6.119990917E+01
2.058580000E-02 1.488102023E+03 4.634154351E-01 6.022598102E+01
2.091880000E-02 1.441133414E+03 4.500737381E-01 5.926726198E+01
2.125710000E-02 1.395659635E+03 4.421150546E-01 5.832404232E+01
2.160090000E-02 1.351618114E+03 4.342955160E-01 5.739575666E+01
2.195030000E-02 1.308962649E+03 4.266124438E-01 5.648214375E+01
2.230530000E-02 1.267660201E+03 4.239644326E-01 5.558320220E+01
2.266610000E-02 1.227655644E+03 4.225380307E-01 5.469842628E+01
2.303270000E-02 1.188918267E+03 4.211175603E-01 5.382781871E+01
2.340530000E-02 1.151397259E+03 4.196988373E-01 5.297090830E+01
2.378380000E-02 1.115073321E+03 4.182894632E-01 5.212791900E+01
2.416850000E-02 1.079889257E+03 4.106587647E-01 5.129817738E+01
2.455940000E-02 1.045818268E+03 4.005324781E-01 5.048168929E+01
2.495660000E-02 1.012825048E+03 3.906551370E-01 4.967824143E+01
2.536030000E-02 9.808678065E+02 3.810195239E-01 4.888743430E+01
2.577050000E-02 9.499221255E+02 3.716227306E-01 4.810927223E+01
2.618730000E-02 9.199562071E+02 3.590583116E-01 4.734355966E+01
2.661090000E-02 8.909326420E+02 3.457449281E-01 4.658993119E+01
2.704130000E-02 8.628290522E+02 3.329259678E-01 4.584838747E+01
2.747860000E-02 8.356166766E+02 3.205832853E-01 4.511874695E+01
2.792310000E-02 8.092561155E+02 3.083094125E-01 4.440051427E+01
2.837470000E-02 7.837331108E+02 2.957954610E-01 4.369385403E+01
2.883370000E-02 7.590110061E+02 2.837875249E-01 4.299829713E+01
2.930000000E-02 7.008421915E-01 2.722695864E-01 4.231399317E+01
2.977390000E-02 7.071691430E-01 2.612177967E-01 4.164049721E+01
3.025550000E-02 7.138829637E-01 2.506139550E-01 4.097767348E+01
3.074490000E-02 7.207590154E-01 2.406658974E-01 4.032538730E+01
3.124210000E-02 7.276100159E-01 2.311592977E-01 3.968363202E+01
3.174750000E-02 7.345095453E-01 2.220265065E-01 3.905189385E+01
3.226090000E-02 7.414480467E-01 2.132568853E-01 3.843042197E+01
3.278270000E-02 7.484186540E-01 2.048319770E-01 3.781872756E+01
3.331300000E-02 7.554138940E-01 1.967394265E-01 3.721670219E+01
3.385180000E-02 7.624387708E-01 1.889672596E-01 3.662434494E+01
3.439930000E-02 7.695305309E-01 1.815027096E-01 3.604143108E+01
3.495570000E-02 7.766377912E-01 1.744589462E-01 3.546774918E+01
3.552110000E-02 7.836593782E-01 1.678448930E-01 3.490319838E+01
3.609560000E-02 7.905579143E-01 1.614812920E-01 3.434767673E+01
3.667940000E-02 7.973996121E-01 1.553591787E-01 3.380098911E+01
3.727270000E-02 8.042196468E-01 1.494685798E-01 3.326295117E+01
3.787550000E-02 8.110740566E-01 1.438019822E-01 3.273356127E+01
3.848820000E-02 8.181270537E-01 1.383495131E-01 3.221247032E+01
3.911070000E-02 8.251242969E-01 1.339236598E-01 3.169976503E+01
3.974320000E-02 8.316816393E-01 1.296833056E-01 3.119527366E+01
4.038610000E-02 8.379345271E-01 1.255761461E-01 3.069868098E+01
4.103930000E-02 8.440490161E-01 1.215996534E-01 3.021006694E+01
4.170310000E-02 8.501345270E-01 1.177488804E-01 2.972920478E+01
4.237760000E-02 8.563155834E-01 1.140198985E-01 2.925602205E+01
4.306300000E-02 8.624313589E-01 1.109667805E-01 2.879037689E+01
4.375950000E-02 8.681304650E-01 1.082764297E-01 2.833213359E+01
4.446730000E-02 8.734964076E-01 1.056512258E-01 2.788116211E+01
4.518650000E-02 8.786528347E-01 1.030902389E-01 2.743739834E+01
4.591740000E-02 8.836567221E-01 1.005907228E-01 2.700065770E+01
4.666000000E-02 8.885373648E-01 9.815227691E-02 2.657093871E+01
4.741470000E-02 8.935160661E-01 9.577277110E-02 2.614800895E+01
4.818160000E-02 8.985211255E-01 9.362514994E-02 2.573181463E+01
4.896090000E-02 9.032442042E-01 9.204298422E-02 2.532224694E+01
4.975280000E-02 9.076184095E-01 9.048750664E-02 2.491920053E+01
5.055760000E-02 9.117840584E-01 8.895837513E-02 2.452252480E+01
5.137530000E-02 9.158065163E-01 8.745507739E-02 2.413221918E+01
5.220620000E-02 9.197220172E-01 8.597752001E-02 2.374813719E+01
5.305060000E-02 9.235410989E-01 8.459545216E-02 2.337014096E+01
5.390870000E-02 9.272403473E-01 8.325904037E-02 2.299814316E+01
5.478060000E-02 9.308502540E-01 8.194411555E-02 2.263209968E+01
5.566670000E-02 9.344011592E-01 8.064967112E-02 2.227184295E+01
5.656700000E-02 9.379061632E-01 7.937591558E-02 2.191737232E+01
5.748200000E-02 9.412844968E-01 7.809989770E-02 2.156849101E+01
5.841170000E-02 9.448538425E-01 7.648013856E-02 2.122519975E+01
5.935640000E-02 9.487777059E-01 7.489419069E-02 2.088738535E+01
6.031650000E-02 9.532119409E-01 7.334085472E-02 2.055490620E+01
6.129210000E-02 9.588948465E-01 7.229048497E-02 2.022772919E+01
6.228340000E-02 9.644466977E-01 7.269183124E-02 1.990578549E+01
6.329080000E-02 9.700483285E-01 7.309502445E-02 1.958894500E+01
6.431450000E-02 9.767972712E-01 7.350049971E-02 1.927714590E+01
6.535470000E-02 9.852367105E-01 7.907988117E-02 1.897032654E+01
6.641180000E-02 9.898127302E-01 8.814839177E-02 1.866836918E+01
6.748590000E-02 9.903895169E-01 9.825729414E-02 1.837124496E+01
6.857750000E-02 9.851547884E-01 1.095247798E-01 1.807881594E+01
6.968670000E-02 9.771903983E-01 1.103181568E-01 1.779105626E+01
7.081380000E-02 9.715665047E-01 1.105540217E-01 1.750788688E+01
7.195910000E-02 9.669578353E-01 1.105308116E-01 1.722923161E+01
7.312300000E-02 9.627762869E-01 1.084667814E-01 1.695499364E+01
7.430570000E-02 9.600882958E-01 1.064414466E-01 1.668512644E+01
7.550760000E-02 9.578365509E-01 1.044536814E-01 1.641953923E+01
7.672890000E-02 9.556700194E-01 1.025031844E-01 1.615818811E+01
7.796990000E-02 9.537489787E-01 1.000339910E-01 1.590100795E+01
7.923100000E-02 9.522508344E-01 9.744215634E-02 1.564791559E+01
8.051250000E-02 9.510826496E-01 9.491746028E-02 1.539885111E+01
8.181470000E-02 9.500821610E-01 9.245840227E-02 1.515375599E+01
8.313800000E-02 9.490619317E-01 9.006274153E-02 1.491255503E+01
8.448270000E-02 9.480639958E-01 8.714028707E-02 1.467519386E+01
8.584910000E-02 9.476012545E-01 8.417432781E-02 1.444161907E+01
8.723770000E-02 9.474249532E-01 8.130910371E-02 1.421174561E+01
8.864870000E-02 9.474593856E-01 7.854156954E-02 1.398554068E+01
9.008250000E-02 9.476603971E-01 7.586824634E-02 1.376293953E+01
9.153950000E-02 9.480554622E-01 7.328587642E-02 1.354387996E+01
9.302010000E-02 9.486558302E-01 7.087815512E-02 1.332830216E+01
9.452460000E-02 9.492343402E-01 6.873168982E-02 1.311616235E+01
9.605350000E-02 9.497664468E-01 6.665015339E-02 1.290739015E+01
9.760710000E-02 9.503164722E-01 6.463171201E-02 1.270194484E+01
9.918580000E-02 9.508851599E-01 6.267444932E-02 1.249977315E+01
1.007900000E-01 9.514715402E-01 6.077651544E-02 1.230082349E+01
1.024200000E-01 9.520730333E-01 5.893611812E-02 1.210505761E+01
1.040770000E-01 9.526863807E-01 5.715082106E-02 1.191233414E+01
1.057600000E-01 9.533039186E-01 5.542046451E-02 1.172276853E+01
1.074710000E-01 9.539094004E-01 5.374172637E-02 1.153613533E+01
1.092090000E-01 9.545273065E-01 5.205119281E-02 1.135254420E+01
1.109750000E-01 9.551729381E-01 5.039950217E-02 1.117188556E+01
1.127700000E-01 9.558566338E-01 4.879988841E-02 1.099405870E+01
1.145940000E-01 9.565530122E-01 4.725102297E-02 1.081906557E+01
1.164480000E-01 9.572593726E-01 4.575097131E-02 1.064681231E+01
1.183310000E-01 9.579677595E-01 4.429928526E-02 1.047738970E+01
1.202450000E-01 9.586730045E-01 4.289326694E-02 1.031061583E+01
1.221900000E-01 9.593688157E-01 4.148612840E-02 1.014649317E+01
1.241660000E-01 9.601082046E-01 4.011193594E-02 9.985020054E+00
1.261750000E-01 9.608704831E-01 3.878259965E-02 9.826035268E+00
1.282150000E-01 9.616501556E-01 3.749814109E-02 9.669695433E+00
1.302890000E-01 9.624492553E-01 3.625574929E-02 9.515768791E+00
1.323970000E-01 9.632899570E-01 3.505422770E-02 9.364260519E+00
1.345380000E-01 9.642460459E-01 3.389306462E-02 9.215240304E+00
1.367140000E-01 9.651576424E-01 3.302465530E-02 9.068566496E+00
1.389250000E-01 9.659348890E-01 3.219874032E-02 8.924239698E+00
1.411720000E-01 9.666444600E-01 3.139330803E-02 8.782194770E+00
1.434560000E-01 9.673052048E-01 3.060782494E-02 8.642371180E+00
1.457760000E-01 9.679238533E-01 2.984227641E-02 8.504829327E+00
1.481340000E-01 9.685046416E-01 2.909594726E-02 8.369449282E+00
1.505300000E-01 9.690473032E-01 2.836815967E-02 8.236231980E+00
1.529640000E-01 9.695485515E-01 2.765867174E-02 8.105175074E+00
1.554390000E-01 9.700037244E-01 2.696670181E-02 7.976119249E+00
1.579530000E-01 9.703146305E-01 2.626669287E-02 7.849170323E+00
1.605070000E-01 9.706326363E-01 2.536158894E-02 7.724273708E+00
1.631030000E-01 9.710921270E-01 2.448748002E-02 7.601331674E+00
1.657420000E-01 9.715758628E-01 2.364322713E-02 7.480300708E+00
1.684220000E-01 9.720735412E-01 2.282856030E-02 7.361271093E+00
1.711460000E-01 9.725795290E-01 2.204181121E-02 7.244107370E+00
1.739150000E-01 9.730900358E-01 2.128196383E-02 7.128769801E+00
1.767270000E-01 9.736003610E-01 2.054874783E-02 7.015340044E+00
1.795860000E-01 9.741096351E-01 1.984027730E-02 6.903656187E+00
1.824910000E-01 9.746150877E-01 1.915649263E-02 6.793759692E+00
1.854420000E-01 9.751149055E-01 1.849630739E-02 6.685648343E+00
1.884420000E-01 9.756082663E-01 1.785882631E-02 6.579212702E+00
1.914890000E-01 9.760926708E-01 1.724343898E-02 6.474523341E+00
1.945870000E-01 9.765673897E-01 1.664897816E-02 6.371443108E+00
1.977340000E-01 9.770299092E-01 1.607524318E-02 6.270039548E+00
2.009320000E-01 9.774658450E-01 1.552123422E-02 6.170246651E+00
2.041820000E-01 9.778695490E-01 1.498626467E-02 6.072033774E+00
2.074850000E-01 9.782681234E-01 1.438703226E-02 5.975371714E+00
2.108400000E-01 9.787000287E-01 1.379709531E-02 5.880288370E+00
2.142510000E-01 9.791486330E-01 1.323112919E-02 5.786670774E+00
2.177160000E-01 9.796030909E-01 1.268852624E-02 5.694574583E+00
2.212370000E-01 9.800591610E-01 1.216817399E-02 5.603945091E+00
2.248160000E-01 9.805145562E-01 1.166905728E-02 5.514732048E+00
2.284520000E-01 9.809669660E-01 1.119050572E-02 5.426960587E+00
2.321470000E-01 9.814154107E-01 1.073154109E-02 5.340581614E+00
2.359020000E-01 9.818589665E-01 1.029139172E-02 5.255572229E+00
2.397170000E-01 9.822965526E-01 9.869365924E-03 5.171931903E+00
2.435950000E-01 9.827278568E-01 9.464532425E-03 5.089595435E+00
2.475350000E-01 9.831521513E-01 9.076354979E-03 5.008584645E+00
2.515380000E-01 9.835689693E-01 8.704152985E-03 4.928877545E+00
2.556070000E-01 9.839781573E-01 8.347143895E-03 4.850414895E+00
2.597410000E-01 9.843790976E-01 8.004810984E-03 4.773216396E+00
2.639420000E-01 9.847714325E-01 7.676526813E-03 4.697244092E+00
2.682110000E-01 9.851549226E-01 7.361691754E-03 4.622480062E+00
2.725490000E-01 9.855287799E-01 7.059767073E-03 4.548906802E+00
2.769570000E-01 9.858933197E-01 6.770243564E-03 4.476507183E+00
2.814370000E-01 9.862372413E-01 6.492553439E-03 4.405248777E+00
2.859890000E-01 9.865702296E-01 6.218219484E-03 4.335131771E+00
2.906150000E-01 9.869007218E-01 5.927498931E-03 4.266125286E+00
2.953150000E-01 9.872386943E-01 5.650416394E-03 4.198229010E+00
3.000920000E-01 9.875759543E-01 5.386237640E-03 4.131399704E+00
3.049450000E-01 9.879098936E-01 5.134460799E-03 4.065651183E+00
3.098780000E-01 9.882393159E-01 4.894399741E-03 4.000929398E+00
3.148900000E-01 9.885634277E-01 4.665593438E-03 3.937247928E+00
3.199830000E-01 9.888817476E-01 4.447479476E-03 3.874580837E+00
3.251580000E-01 9.891939065E-01 4.239571307E-03 3.812915567E+00
3.304180000E-01 9.894997142E-01 4.041354441E-03 3.752216889E+00
3.357620000E-01 9.897989307E-01 3.852432842E-03 3.692496471E+00
3.411920000E-01 9.900914279E-01 3.672348023E-03 3.633731154E+00
3.467110000E-01 9.903771581E-01 3.500657066E-03 3.575888853E+00
3.523190000E-01 9.906560292E-01 3.336996051E-03 3.518970024E+00
3.580170000E-01 9.909277821E-01 3.181004742E-03 3.462964049E+00
3.638080000E-01 9.911923020E-01 3.032285404E-03 3.407841499E+00
3.696920000E-01 9.914477944E-01 2.890530683E-03 3.353602458E+00
3.756720000E-01 9.916976229E-01 2.750021459E-03 3.300219340E+00
3.817480000E-01 9.919431115E-01 2.614770508E-03 3.247692195E+00
3.879220000E-01 9.921846309E-01 2.486173028E-03 3.196003320E+00
3.941970000E-01 9.924210030E-01 2.363887293E-03 3.145127944E+00
4.005730000E-01 9.926519500E-01 2.247621492E-03 3.095066318E+00
4.070520000E-01 9.928773479E-01 2.137073322E-03 3.045802502E+00
4.136350000E-01 9.930971374E-01 2.031973561E-03 2.997328563E+00
4.203260000E-01 9.933114816E-01 1.932026194E-03 2.949615299E+00
4.271240000E-01 9.935202746E-01 1.837008118E-03 2.902669951E+00
4.340320000E-01 9.937236564E-01 1.746659536E-03 2.856471412E+00
4.410520000E-01 9.939216343E-01 1.660753393E-03 2.811006412E+00
4.481860000E-01 9.941143520E-01 1.579070701E-03 2.766262221E+00
4.554350000E-01 9.943018006E-01 1.501407020E-03 2.722232591E+00
4.628020000E-01 9.944840922E-01 1.427557593E-03 2.678899400E+00
4.702870000E-01 9.946612674E-01 1.357349390E-03 2.636262538E+00
4.778940000E-01 9.948333807E-01 1.290588207E-03 2.594299154E+00
4.856230000E-01 9.950003003E-01 1.227114947E-03 2.553009227E+00
4.934780000E-01 9.951616684E-01 1.166757318E-03 2.512371372E+00
5.014590000E-01 9.953170339E-01 1.107784749E-03 2.472385579E+00
5.095700000E-01 9.954689331E-01 1.047425117E-03 2.433031772E+00
5.178120000E-01 9.956198073E-01 9.903520612E-04 2.394305269E+00
5.261870000E-01 9.957677376E-01 9.363911534E-04 2.356196561E+00
5.346980000E-01 9.959123767E-01 8.853691697E-04 2.318692047E+00
5.433460000E-01 9.960536714E-01 8.371268613E-04 2.281787296E+00
5.521340000E-01 9.961916501E-01 7.915153884E-04 2.245469397E+00
5.610650000E-01 9.963263227E-01 7.483840157E-04 2.209726146E+00
5.701390000E-01 9.964577815E-01 7.076099689E-04 2.174557432E+00
5.793610000E-01 9.965861556E-01 6.690524433E-04 2.139943835E+00
5.887320000E-01 9.967115525E-01 6.325958741E-04 2.105881793E+00
5.982540000E-01 9.968342416E-01 5.981280310E-04 2.072363912E+00
6.079300000E-01 9.969549680E-01 5.655371203E-04 2.039379534E+00
6.177630000E-01 9.970725526E-01 5.369290755E-04 2.006918511E+00
6.277550000E-01 9.971867065E-01 5.103316778E-04 1.974974313E+00
6.379080000E-01 9.972973546E-01 4.850531131E-04 1.943540448E+00
6.482260000E-01 9.974052661E-01 4.610260365E-04 1.912604555E+00
6.587110000E-01 9.975107431E-01 4.381880664E-04 1.882160765E+00
6.693650000E-01 9.976140264E-01 4.164826356E-04 1.852203208E+00
6.801910000E-01 9.977153783E-01 3.958531571E-04 1.822723323E+00
6.911930000E-01 9.978149963E-01 3.762435211E-04 1.793710295E+00
7.023720000E-01 9.979130354E-01 3.576063975E-04 1.765161481E+00
7.137330000E-01 9.980090105E-01 3.398924982E-04 1.737064140E+00
7.252770000E-01 9.981037449E-01 3.195782658E-04 1.709415851E+00
7.370080000E-01 9.982024890E-01 2.955306506E-04 1.682206977E+00
7.489280000E-01 9.983091433E-01 2.732927615E-04 1.655432832E+00
7.610420000E-01 9.984162457E-01 2.615265904E-04 1.629082232E+00
7.733510000E-01 9.985264120E-01 2.481956604E-04 1.603153031E+00
7.858590000E-01 9.986431500E-01 2.360980645E-04 1.577636701E+00
7.985700000E-01 9.987704717E-01 2.250315397E-04 1.552525139E+00
8.114860000E-01 9.989170788E-01 2.145331634E-04 1.527814405E+00
8.246110000E-01 9.991019197E-01 2.045252953E-04 1.503496800E+00
8.379490000E-01 9.993837764E-01 1.949855029E-04 1.479564985E+00
8.515020000E-01 1.000415375E+00 1.858906747E-04 1.456015370E+00
8.526000000E-01 1.001437926E+00 1.851789654E-04 1.454140277E+00
8.528000000E-01 1.001435926E+00 1.487212284E-03 1.453799250E+00
8.652740000E-01 9.994198201E-01 1.415918896E-03 1.432840927E+00
8.792690000E-01 9.991278912E-01 1.341106272E-03 1.410034927E+00
8.934910000E-01 9.989815198E-01 1.270244362E-03 1.387590921E+00
9.079430000E-01 9.988953714E-01 1.203124777E-03 1.365504222E+00
9.226280000E-01 9.988434359E-01 1.139557105E-03 1.343770187E+00
9.375510000E-01 9.988133142E-01 1.080445329E-03 1.322381396E+00
9.527150000E-01 9.987998642E-01 1.023660597E-03 1.301333557E+00
9.681240000E-01 9.988046726E-01 9.692576236E-04 1.280621077E+00
9.837830000E-01 9.988231528E-01 9.294915827E-04 1.260237268E+00
9.996950000E-01 9.988572847E-01 9.172220614E-04 1.240178254E+00
1.015860000E+00 9.988280812E-01 9.334211496E-04 1.220443762E+00
1.032290000E+00 9.987925775E-01 8.849356863E-04 1.201019093E+00
1.048990000E+00 9.987929078E-01 8.381566789E-04 1.181898779E+00
1.065960000E+00 9.987984705E-01 7.935389378E-04 1.163083043E+00
1.083200000E+00 9.988086954E-01 7.512912597E-04 1.144571640E+00
1.100720000E+00 9.988223935E-01 7.112883140E-04 1.126353659E+00
1.118520000E+00 9.988386644E-01 6.734143685E-04 1.108428995E+00
1.136610000E+00 9.988569107E-01 6.375572190E-04 1.090787517E+00
1.155000000E+00 9.988766843E-01 6.036019422E-04 1.073419913E+00
1.173680000E+00 9.988975980E-01 5.714650551E-04 1.056335628E+00
1.192660000E+00 9.989193749E-01 5.410414075E-04 1.039525095E+00
1.211950000E+00 9.989417865E-01 5.122327134E-04 1.022979496E+00
1.231550000E+00 9.989646173E-01 4.849590404E-04 1.006698875E+00
1.251470000E+00 9.989877223E-01 4.590517749E-04 9.906749662E-01
1.271720000E+00 9.990110401E-01 4.344321566E-04 9.749001352E-01
1.292290000E+00 9.990345024E-01 4.110356092E-04 9.593821820E-01
1.313190000E+00 9.990580244E-01 3.889008039E-04 9.441131900E-01
1.334430000E+00 9.990814900E-01 3.679547139E-04 9.290858269E-01
1.356010000E+00 9.991048162E-01 3.481375033E-04 9.143000420E-01
1.377940000E+00 9.991279415E-01 3.293896499E-04 8.997489005E-01
1.400230000E+00 9.991508173E-01 3.116476265E-04 8.854259657E-01
1.422880000E+00 9.991733850E-01 2.948607997E-04 8.713313842E-01
1.445890000E+00 9.991955963E-01 2.789823987E-04 8.574649524E-01
1.469280000E+00 9.992173892E-01 2.639173496E-04 8.438146575E-01
1.493040000E+00 9.992387833E-01 2.496118535E-04 8.303863259E-01
1.517190000E+00 9.992598065E-01 2.358574834E-04 8.171685814E-01
1.541730000E+00 9.992805735E-01 2.228331448E-04 8.041615588E-01
1.566670000E+00 9.993009905E-01 2.105294294E-04 7.913600184E-01
1.592010000E+00 9.993210067E-01 1.989040926E-04 7.787639525E-01
1.617760000E+00 9.993406148E-01 1.879195822E-04 7.663683117E-01
1.643920000E+00 9.993597918E-01 1.775422075E-04 7.541729525E-01
1.670510000E+00 9.993785400E-01 1.677373184E-04 7.421685593E-01
1.697530000E+00 9.993968454E-01 1.584752809E-04 7.303552809E-01
1.724990000E+00 9.994146842E-01 1.497261834E-04 7.187288042E-01
1.752890000E+00 9.994320709E-01 1.413934712E-04 7.072891054E-01
1.781240000E+00 9.994490498E-01 1.335040667E-04 6.960319777E-01
1.810050000E+00 9.994656331E-01 1.260402120E-04 6.849534543E-01
1.839320000E+00 9.994817953E-01 1.189949530E-04 6.740534545E-01
1.869070000E+00 9.994975435E-01 1.123422821E-04 6.633245411E-01
1.899300000E+00 9.995128779E-01 1.060609689E-04 6.527668088E-01
1.930020000E+00 9.995277979E-01 1.001327568E-04 6.423767629E-01
1.961240000E+00 9.995423169E-01 9.453532667E-05 6.321510881E-01
1.992960000E+00 9.995564288E-01 8.924947677E-05 6.220897559E-01
2.025200000E+00 9.995701364E-01 8.429082079E-05 6.121864507E-01
2.057950000E+00 9.995834383E-01 7.955919568E-05 6.024441799E-01
2.091240000E+00 9.995963688E-01 7.508741751E-05 5.928540005E-01
2.125060000E+00 9.996089410E-01 7.086411662E-05 5.834188211E-01
2.159430000E+00 9.996211511E-01 6.687626374E-05 5.741329888E-01
2.194360000E+00 9.996330114E-01 6.310680611E-05 5.649938934E-01
2.229850000E+00 9.996445218E-01 5.955134523E-05 5.560015248E-01
2.265920000E+00 9.996556950E-01 5.619108792E-05 5.471508262E-01
2.302570000E+00 9.996665387E-01 5.301760498E-05 5.384418280E-01
2.339810000E+00 9.996770596E-01 5.002375346E-05 5.298720836E-01
2.377660000E+00 9.996872685E-01 4.719591030E-05 5.214370431E-01
2.416110000E+00 9.996971645E-01 4.452845120E-05 5.131388885E-01
2.455190000E+00 9.997067650E-01 4.200793274E-05 5.049711020E-01
2.494900000E+00 9.997160739E-01 3.962900303E-05 4.969337448E-01
2.535260000E+00 9.997250987E-01 3.738526688E-05 4.890228221E-01
2.576260000E+00 9.997338464E-01 3.526535826E-05 4.812402475E-01
2.617930000E+00 9.997423271E-01 3.326569236E-05 4.735802714E-01
2.660270000E+00 9.997505450E-01 3.137809060E-05 4.660429205E-01
2.703300000E+00 9.997585103E-01 2.959685619E-05 4.586246440E-01
2.747030000E+00 9.997662287E-01 2.791562875E-05 4.513237933E-01
2.791460000E+00 9.997737057E-01 2.632941584E-05 4.441403423E-01
2.836610000E+00 9.997809509E-01 2.483236344E-05 4.370710108E-01
2.882490000E+00 9.997879687E-01 2.342007215E-05 4.301142415E-01
2.929110000E+00 9.997947665E-01 2.208730672E-05 4.232685014E-01
2.976480000E+00 9.998013508E-01 2.083000042E-05 4.165322797E-01
3.024630000E+00 9.998077292E-01 1.964360279E-05 4.099013764E-01
3.073550000E+00 9.998139058E-01 1.852435366E-05 4.033772023E-01
3.123260000E+00 9.998198871E-01 1.746823663E-05 3.969570257E-01
3.173780000E+00 9.998256800E-01 1.647192417E-05 3.906382925E-01
3.225110000E+00 9.998312889E-01 1.553203547E-05 3.844209965E-01
3.277270000E+00 9.998367204E-01 1.464564524E-05 3.783026727E-01
3.330280000E+00 9.998419793E-01 1.380929853E-05 3.722810094E-01
3.384150000E+00 9.998470714E-01 1.302028650E-05 3.663549193E-01
3.438880000E+00 9.998520006E-01 1.227600056E-05 3.605243568E-01
3.494500000E+00 9.998567734E-01 1.157422017E-05 3.547860924E-01
3.551020000E+00 9.998613935E-01 1.091201592E-05 3.491391206E-01
3.608460000E+00 9.998658669E-01 1.028756264E-05 3.435814724E-01
3.666820000E+00 9.998701968E-01 9.698560945E-06 3.381131335E-01
3.726130000E+00 9.998743887E-01 9.142915752E-06 3.327312788E-01
3.786400000E+00 9.998784468E-01 8.618976756E-06 3.274350306E-01
3.847640000E+00 9.998823747E-01 8.124907871E-06 3.222234928E-01
3.909870000E+00 9.998861766E-01 7.658851105E-06 3.170949418E-01
3.973110000E+00 9.998898571E-01 7.219424499E-06 3.120477409E-01
4.037380000E+00 9.998934201E-01 6.804807343E-06 3.070803343E-01
4.102680000E+00 9.998968686E-01 6.413964573E-06 3.021927131E-01
4.169030000E+00 9.999002064E-01 6.045281314E-06 2.973833242E-01
4.236460000E+00 9.999034372E-01 5.697786990E-06 2.926499955E-01
4.304980000E+00 9.999065645E-01 5.369987810E-06 2.879920464E-01
4.374620000E+00 9.999095920E-01 5.060739541E-06 2.834074731E-01
4.445370000E+00 9.999125219E-01 4.769372485E-06 2.788969197E-01
4.517270000E+00 9.999153579E-01 4.494406756E-06 2.744578031E-01
4.590330000E+00 9.999181032E-01 4.235317084E-06 2.700895143E-01
4.664580000E+00 9.999207610E-01 3.990875452E-06 2.657902748E-01
4.740030000E+00 9.999233336E-01 3.760428113E-06 2.615595260E-01
4.816690000E+00 9.999258233E-01 3.543179354E-06 2.573966770E-01
4.894600000E+00 9.999282338E-01 3.338386669E-06 2.532995546E-01
4.973770000E+00 9.999305673E-01 3.145186677E-06 2.492676581E-01
5.054210000E+00 9.999328262E-01 2.963019019E-06 2.453004525E-01
5.135960000E+00 9.999350130E-01 2.791408334E-06 2.413959610E-01
5.219030000E+00 9.999371301E-01 2.629535123E-06 2.375537217E-01
5.303440000E+00 9.999391798E-01 2.476897980E-06 2.337727965E-01
5.389220000E+00 9.999411643E-01 2.333032399E-06 2.300518442E-01
5.476390000E+00 9.999430861E-01 2.197336305E-06 2.263900124E-01
5.564970000E+00 9.999449471E-01 2.069593725E-06 2.227864661E-01
5.654980000E+00 9.999467491E-01 1.948946077E-06 2.192403863E-01
5.746440000E+00 9.999484943E-01 1.835362338E-06 2.157509693E-01
5.839390000E+00 9.999501849E-01 1.728290643E-06 2.123166975E-01
5.933830000E+00 9.999518222E-01 1.627329449E-06 2.089375665E-01
6.029810000E+00 9.999534087E-01 1.532103331E-06 2.056117854E-01
6.127330000E+00 9.999549460E-01 1.442443182E-06 2.023393550E-01
6.226440000E+00 9.999564358E-01 1.357848648E-06 1.991185975E-01
6.327150000E+00 9.999578803E-01 1.278154954E-06 1.959492030E-01
6.429480000E+00 9.999592806E-01 1.203048058E-06 1.928305244E-01
6.533480000E+00 9.999606391E-01 1.132233205E-06 1.897610462E-01
6.639150000E+00 9.999619573E-01 1.065513206E-06 1.867407725E-01
6.746540000E+00 9.999632372E-01 1.002630814E-06 1.837682723E-01
6.855650000E+00 9.999644804E-01 9.433689595E-07 1.808435378E-01
6.966540000E+00 9.999656894E-01 8.875304776E-07 1.779649582E-01
7.079220000E+00 9.999668660E-01 8.348976297E-07 1.751322886E-01
7.193720000E+00 9.999680131E-01 7.853073895E-07 1.723447674E-01
7.310070000E+00 9.999691333E-01 7.385772531E-07 1.696016591E-01
7.428310000E+00 9.999702304E-01 6.945598252E-07 1.669020275E-01
7.548450000E+00 9.999713091E-01 6.530726724E-07 1.642456398E-01
7.670540000E+00 9.999723765E-01 6.139918873E-07 1.616313845E-01
7.794610000E+00 9.999734434E-01 5.771744621E-07 1.590586315E-01
7.920680000E+00 9.999745290E-01 5.424930119E-07 1.565269649E-01
8.048790000E+00 9.999756751E-01 5.098115602E-07 1.540355755E-01
8.178980000E+00 9.999770022E-01 4.790320029E-07 1.515836938E-01
8.311260000E+00 9.999795753E-01 4.500739395E-07 1.491711245E-01
8.332700000E+00 9.999848387E-01 4.455895946E-07 1.487873078E-01
8.332900000E+00 9.999848389E-01 3.484585482E-06 1.487837368E-01
8.445690000E+00 9.999785706E-01 3.326060828E-06 1.467967685E-01
8.582290000E+00 9.999784760E-01 3.146289532E-06 1.444602781E-01
8.721110000E+00 9.999787304E-01 2.975600607E-06 1.421608029E-01
8.862160000E+00 9.999791109E-01 2.813623990E-06 1.398981738E-01
9.005500000E+00 9.999795523E-01 2.659954064E-06 1.376714230E-01
9.151160000E+00 9.999800259E-01 2.514169036E-06 1.354800921E-01
9.299170000E+00 9.999805166E-01 2.375860530E-06 1.333237267E-01
9.449580000E+00 9.999810155E-01 2.244779543E-06 1.312015984E-01
9.602420000E+00 9.999815166E-01 2.120593815E-06 1.291132860E-01
9.757730000E+00 9.999820163E-01 2.002880981E-06 1.270582400E-01
9.915550000E+00 9.999825119E-01 1.891508030E-06 1.250359284E-01
1.007590000E+01 9.999830012E-01 1.785955877E-06 1.230460803E-01
1.023890000E+01 9.999834833E-01 1.686006500E-06 1.210872262E-01
1.040450000E+01 9.999839568E-01 1.591421504E-06 1.191599789E-01
1.057280000E+01 9.999844213E-01 1.501912168E-06 1.172631659E-01
1.074380000E+01 9.999848760E-01 1.417234218E-06 1.153967870E-01
1.091760000E+01 9.999853208E-01 1.337138474E-06 1.135597567E-01
1.109420000E+01 9.999857553E-01 1.261397807E-06 1.117520867E-01
1.127360000E+01 9.999861793E-01 1.189798933E-06 1.099737440E-01
1.145590000E+01 9.999865928E-01 1.122121964E-06 1.082237101E-01
1.164120000E+01 9.999869959E-01 1.058146210E-06 1.065010480E-01
1.182950000E+01 9.999873885E-01 9.976952386E-07 1.048057822E-01
1.202080000E+01 9.999877707E-01 9.405944537E-07 1.031378943E-01
1.221530000E+01 9.999881429E-01 8.866427885E-07 1.014956653E-01
1.241280000E+01 9.999885046E-01 8.357086980E-07 9.988076824E-02
1.261360000E+01 9.999888565E-01 7.876005725E-07 9.829073381E-02
1.281760000E+01 9.999891985E-01 7.421866918E-07 9.672637623E-02
1.302500000E+01 9.999895310E-01 6.993091697E-07 9.518618042E-02
1.323560000E+01 9.999898538E-01 6.588545520E-07 9.367161292E-02
1.344970000E+01 9.999901674E-01 6.206666144E-07 9.218049473E-02
1.366720000E+01 9.999904719E-01 5.846439898E-07 9.071353313E-02
1.388830000E+01 9.999907676E-01 5.506498732E-07 8.926938502E-02
1.411290000E+01 9.999910545E-01 5.185895022E-07 8.784870579E-02
1.434120000E+01 9.999913330E-01 4.883495093E-07 8.645022732E-02
1.457310000E+01 9.999916032E-01 4.598347405E-07 8.507455517E-02
1.480890000E+01 9.999918654E-01 4.329382249E-07 8.371992518E-02
1.504840000E+01 9.999921197E-01 4.075862462E-07 8.238749635E-02
1.529180000E+01 9.999923663E-01 3.836880313E-07 8.107613231E-02
1.553910000E+01 9.999926055E-01 3.611607082E-07 7.978583058E-02
1.579040000E+01 9.999928374E-01 3.399312814E-07 7.851606039E-02
1.604580000E+01 9.999930623E-01 3.199209095E-07 7.726632514E-02
1.630540000E+01 9.999932804E-01 3.010627893E-07 7.603615980E-02
1.656910000E+01 9.999934917E-01 2.833006519E-07 7.482603159E-02
1.683710000E+01 9.999936966E-01 2.665634941E-07 7.363500840E-02
1.710940000E+01 9.999938951E-01 2.508000364E-07 7.246309046E-02
1.738610000E+01 9.999940876E-01 2.359519864E-07 7.130983947E-02
1.766740000E+01 9.999942741E-01 2.219640994E-07 7.017444559E-02
1.795310000E+01 9.999944548E-01 2.087942378E-07 6.905771148E-02
1.824350000E+01 9.999946299E-01 1.963920966E-07 6.795845096E-02
1.853860000E+01 9.999947996E-01 1.847153990E-07 6.687667893E-02
1.883840000E+01 9.999949640E-01 1.737216705E-07 6.581238322E-02
1.914310000E+01 9.999951232E-01 1.633718251E-07 6.476485000E-02
1.945270000E+01 9.999952775E-01 1.536296258E-07 6.373408319E-02
1.976740000E+01 9.999954270E-01 1.444582791E-07 6.271942694E-02
2.008710000E+01 9.999955718E-01 1.358276732E-07 6.172120416E-02
2.041200000E+01 9.999957120E-01 1.277051251E-07 6.073878111E-02
2.074210000E+01 9.999958478E-01 1.200620069E-07 5.977215422E-02
2.107760000E+01 9.999959794E-01 1.128693367E-07 5.882073860E-02
2.141850000E+01 9.999961069E-01 1.061023034E-07 5.788453907E-02
2.176500000E+01 9.999962303E-01 9.973459620E-08 5.696301401E-02
2.211700000E+01 9.999963498E-01 9.374510670E-08 5.605642718E-02
2.247470000E+01 9.999964656E-01 8.811074048E-08 5.516425136E-02
2.283820000E+01 9.999965777E-01 8.281064897E-08 5.428623972E-02
2.320760000E+01 9.999966863E-01 7.782528401E-08 5.342215481E-02
2.358300000E+01 9.999967915E-01 7.313631212E-08 5.257176780E-02
2.396440000E+01 9.999968933E-01 6.872710836E-08 5.173507369E-02
2.435200000E+01 9.999969919E-01 6.458023751E-08 5.091162943E-02
2.474590000E+01 9.999970874E-01 6.068082967E-08 5.010122889E-02
2.514620000E+01 9.999971799E-01 5.701391482E-08 4.930367213E-02
2.555290000E+01 9.999972694E-01 5.356658277E-08 4.851895480E-02
2.596620000E+01 9.999973561E-01 5.032537001E-08 4.774668608E-02
2.638610000E+01 9.999974401E-01 4.727848317E-08 4.698686051E-02
2.681290000E+01 9.999975214E-01 4.441379430E-08 4.623893723E-02
2.724660000E+01 9.999976001E-01 4.172093916E-08 4.550292514E-02
2.768730000E+01 9.999976763E-01 3.918968255E-08 4.477865303E-02
2.813510000E+01 9.999977501E-01 3.681060577E-08 4.406595320E-02
2.859020000E+01 9.999978215E-01 3.457441061E-08 4.336450952E-02
2.905260000E+01 9.999978907E-01 3.247290315E-08 4.267432175E-02
2.952250000E+01 9.999979576E-01 3.049780076E-08 4.199508849E-02
3.000000000E+01 0.000000000E+00 0.000000000E+00 4.132666667E-02
