# 11/08/2021 
# Data retrieved from www.chemicool.com/densities.html 
# Includes the real (n) and complex (k) part of the  refractive index. 
# Element, Os  (Z = 76) 
# Nominal density, g cm-3 =  22.61 
#    E [keV]      n       k    Wavelength [nm] 
1.000000000E-02 -3.628375933E+01 1.513734023E+00 1.239800000E+02
1.016170000E-02 4.779812373E+03 9.261738884E-01 1.220071445E+02
1.032610000E-02 4.628858424E+03 9.239610289E-01 1.200646904E+02
1.049310000E-02 4.482723861E+03 9.217676521E-01 1.181538344E+02
1.066280000E-02 4.341204482E+03 9.246949108E-01 1.162733991E+02
1.083530000E-02 4.204110788E+03 9.281901183E-01 1.144223049E+02
1.101060000E-02 4.071340552E+03 9.317005045E-01 1.126005849E+02
1.118860000E-02 3.942860239E+03 9.352486223E-01 1.108092165E+02
1.136960000E-02 3.818353212E+03 9.383839886E-01 1.090451731E+02
1.155350000E-02 3.697796806E+03 9.381744910E-01 1.073094733E+02
1.174040000E-02 3.581032178E+03 9.379619859E-01 1.056011720E+02
1.193030000E-02 3.467969239E+03 9.377529407E-01 1.039202702E+02
1.212320000E-02 3.358516676E+03 9.377306676E-01 1.022667283E+02
1.231930000E-02 3.252476767E+03 9.390033376E-01 1.006388350E+02
1.251860000E-02 3.149771835E+03 9.402732144E-01 9.903663349E+01
1.272100000E-02 3.050370627E+03 9.415629423E-01 9.746089144E+01
1.292680000E-02 2.954049037E+03 9.419337471E-01 9.590927376E+01
1.313590000E-02 2.860782805E+03 9.362492457E-01 9.438256990E+01
1.334830000E-02 2.770496370E+03 9.306133773E-01 9.288074137E+01
1.356420000E-02 2.683034428E+03 9.250028011E-01 9.140236800E+01
1.378360000E-02 2.598331574E+03 9.194226477E-01 8.994747381E+01
1.400660000E-02 2.516285373E+03 9.138719256E-01 8.851541416E+01
1.423310000E-02 2.436867811E+03 9.083674828E-01 8.710681440E+01
1.446330000E-02 2.359945617E+03 9.101793139E-01 8.572040959E+01
1.469730000E-02 2.285428658E+03 9.129604100E-01 8.435562995E+01
1.493500000E-02 2.213291058E+03 9.157632699E-01 8.301305658E+01
1.517650000E-02 2.143443932E+03 9.185768535E-01 8.169208974E+01
1.542200000E-02 2.075776499E+03 9.213904193E-01 8.039164829E+01
1.567140000E-02 2.010264570E+03 9.242195035E-01 7.911226821E+01
1.592490000E-02 1.946804888E+03 9.237328749E-01 7.785292215E+01
1.618250000E-02 1.885349629E+03 9.207532700E-01 7.661362583E+01
1.644420000E-02 1.825850191E+03 9.177906919E-01 7.539436397E+01
1.671020000E-02 1.768215134E+03 9.148285445E-01 7.419420474E+01
1.698050000E-02 1.712400953E+03 9.118759850E-01 7.301316216E+01
1.725510000E-02 1.658363449E+03 9.089426034E-01 7.185122080E+01
1.753420000E-02 1.606021321E+03 9.068972408E-01 7.070753157E+01
1.781780000E-02 1.555334756E+03 9.052449350E-01 6.958210329E+01
1.810600000E-02 1.506246707E+03 9.035966326E-01 6.847453883E+01
1.839890000E-02 1.458702840E+03 9.019461607E-01 6.738446320E+01
1.869640000E-02 1.412681541E+03 9.003137030E-01 6.631223123E+01
1.899880000E-02 1.368100292E+03 8.986739522E-01 6.525675306E+01
1.930610000E-02 1.324925707E+03 8.967051162E-01 6.421804507E+01
1.961840000E-02 1.283110767E+03 8.887403607E-01 6.319577539E+01
1.993570000E-02 1.242622971E+03 8.808507220E-01 6.218994066E+01
2.025820000E-02 1.203405652E+03 8.730253889E-01 6.119990917E+01
2.058580000E-02 1.165440279E+03 8.652796286E-01 6.022598102E+01
2.091880000E-02 1.128662614E+03 8.575931132E-01 5.926726198E+01
2.125710000E-02 1.093055440E+03 8.499826047E-01 5.832404232E+01
2.160090000E-02 1.058569762E+03 8.362585614E-01 5.739575666E+01
2.195030000E-02 1.025169403E+03 8.227012800E-01 5.648214375E+01
2.230530000E-02 9.928284928E+02 8.093673627E-01 5.558320220E+01
2.266610000E-02 9.615038650E+02 7.962460808E-01 5.469842628E+01
2.303270000E-02 9.311714723E+02 7.833403844E-01 5.382781871E+01
2.340530000E-02 9.017915294E+02 7.700258599E-01 5.297090830E+01
2.378380000E-02 8.733489233E+02 7.511701570E-01 5.212791900E+01
2.416850000E-02 8.457988688E+02 7.327715601E-01 5.129817738E+01
2.455940000E-02 8.191203825E+02 7.148248090E-01 5.048168929E+01
2.495660000E-02 7.932858166E+02 6.973184879E-01 4.967824143E+01
2.536030000E-02 7.682624503E+02 6.759736422E-01 4.888743430E+01
2.577050000E-02 7.440311622E+02 6.518365155E-01 4.810927223E+01
2.618730000E-02 7.205670543E+02 6.285629433E-01 4.734355966E+01
2.661090000E-02 6.978408340E+02 6.061177187E-01 4.658993119E+01
2.704130000E-02 6.758349787E+02 5.844763365E-01 4.584838747E+01
2.747860000E-02 6.545269677E+02 5.632632530E-01 4.511874695E+01
2.792310000E-02 6.338859501E+02 5.393525083E-01 4.440051427E+01
2.837470000E-02 6.139007612E+02 5.164603759E-01 4.369385403E+01
2.883370000E-02 5.945426983E+02 4.945364046E-01 4.299829713E+01
2.930000000E-02 5.228611750E-01 4.735476843E-01 4.231399317E+01
2.977390000E-02 5.287647079E-01 4.534474713E-01 4.164049721E+01
3.025550000E-02 5.343081160E-01 4.341995806E-01 4.097767348E+01
3.074490000E-02 5.392334605E-01 4.131864071E-01 4.032538730E+01
3.124210000E-02 5.467276528E-01 3.919438684E-01 3.968363202E+01
3.174750000E-02 5.554458501E-01 3.717906751E-01 3.905189385E+01
3.226090000E-02 5.648611769E-01 3.526770321E-01 3.843042197E+01
3.278270000E-02 5.746314201E-01 3.345442383E-01 3.781872756E+01
3.331300000E-02 5.843823601E-01 3.173163585E-01 3.721670219E+01
3.385180000E-02 5.944854456E-01 2.999779119E-01 3.662434494E+01
3.439930000E-02 6.050998522E-01 2.835868267E-01 3.604143108E+01
3.495570000E-02 6.157659044E-01 2.680906627E-01 3.546774918E+01
3.552110000E-02 6.261095000E-01 2.534414039E-01 3.490319838E+01
3.609560000E-02 6.345855224E-01 2.395930632E-01 3.434767673E+01
3.667940000E-02 6.391052257E-01 2.205770079E-01 3.380098911E+01
3.727270000E-02 6.513229768E-01 1.986269212E-01 3.326295117E+01
3.787550000E-02 6.670744947E-01 1.788628310E-01 3.273356127E+01
3.848820000E-02 6.842842502E-01 1.600066980E-01 3.221247032E+01
3.911070000E-02 7.043462327E-01 1.424202473E-01 3.169976503E+01
3.974320000E-02 7.272130877E-01 1.256263657E-01 3.119527366E+01
4.038610000E-02 7.561869850E-01 1.155586459E-01 3.069868098E+01
4.103930000E-02 7.810562549E-01 1.102192183E-01 3.021006694E+01
4.170310000E-02 8.062849823E-01 1.075976044E-01 2.972920478E+01
4.237760000E-02 8.290272423E-01 1.073632699E-01 2.925602205E+01
4.306300000E-02 8.530123947E-01 1.086579851E-01 2.879037689E+01
4.375950000E-02 8.747082052E-01 1.151174468E-01 2.833213359E+01
4.446730000E-02 8.951001054E-01 1.235592029E-01 2.788116211E+01
4.518650000E-02 9.122595770E-01 1.343379905E-01 2.743739834E+01
4.591740000E-02 9.277240935E-01 1.460573368E-01 2.700065770E+01
4.666000000E-02 9.408918110E-01 1.613880689E-01 2.657093871E+01
4.741470000E-02 9.505180088E-01 1.783377395E-01 2.614800895E+01
4.818160000E-02 9.560504913E-01 1.966613918E-01 2.573181463E+01
4.896090000E-02 9.577054425E-01 2.157600725E-01 2.532224694E+01
4.975280000E-02 9.529431576E-01 2.356560381E-01 2.491920053E+01
5.055760000E-02 9.439180585E-01 2.516812975E-01 2.452252480E+01
5.137530000E-02 9.271910999E-01 2.678590298E-01 2.413221918E+01
5.220620000E-02 9.094857669E-01 2.684450956E-01 2.374813719E+01
5.305060000E-02 8.946887313E-01 2.690315347E-01 2.337014096E+01
5.390870000E-02 8.816732779E-01 2.649128530E-01 2.299814316E+01
5.478060000E-02 8.705449973E-01 2.606338048E-01 2.263209968E+01
5.566670000E-02 8.605269489E-01 2.542322216E-01 2.227184295E+01
5.656700000E-02 8.517920327E-01 2.476553912E-01 2.191737232E+01
5.748200000E-02 8.421570411E-01 2.402116521E-01 2.156849101E+01
5.841170000E-02 8.349540245E-01 2.294510213E-01 2.122519975E+01
5.935640000E-02 8.298381292E-01 2.191713584E-01 2.088738535E+01
6.031650000E-02 8.249650888E-01 2.084173338E-01 2.055490620E+01
6.129210000E-02 8.222850550E-01 1.968131175E-01 2.022772919E+01
6.228340000E-02 8.206939117E-01 1.858540434E-01 1.990578549E+01
6.329080000E-02 8.193783996E-01 1.741806411E-01 1.958894500E+01
6.431450000E-02 8.203793642E-01 1.622872188E-01 1.927714590E+01
6.535470000E-02 8.230197856E-01 1.512072605E-01 1.897032654E+01
6.641180000E-02 8.272137437E-01 1.415287504E-01 1.866836918E+01
6.748590000E-02 8.310750145E-01 1.334673393E-01 1.837124496E+01
6.857750000E-02 8.349073146E-01 1.258647560E-01 1.807881594E+01
6.968670000E-02 8.389137405E-01 1.186958339E-01 1.779105626E+01
7.081380000E-02 8.433423606E-01 1.122578090E-01 1.750788688E+01
7.195910000E-02 8.473839814E-01 1.065789354E-01 1.722923161E+01
7.312300000E-02 8.512521161E-01 1.011862552E-01 1.695499364E+01
7.430570000E-02 8.550298324E-01 9.606728269E-02 1.668512644E+01
7.550760000E-02 8.587357364E-01 9.120776145E-02 1.641953923E+01
7.672890000E-02 8.623679376E-01 8.659298898E-02 1.615818811E+01
7.796990000E-02 8.659057445E-01 8.221212428E-02 1.590100795E+01
7.923100000E-02 8.692945637E-01 7.805314195E-02 1.564791559E+01
8.051250000E-02 8.723076921E-01 7.398683745E-02 1.539885111E+01
8.181470000E-02 8.755615916E-01 6.936442250E-02 1.515375599E+01
8.313800000E-02 8.791401281E-01 6.503065355E-02 1.491255503E+01
8.448270000E-02 8.828870935E-01 6.096774572E-02 1.467519386E+01
8.584910000E-02 8.867113213E-01 5.715867004E-02 1.444161907E+01
8.723770000E-02 8.905835511E-01 5.358741448E-02 1.421174561E+01
8.864870000E-02 8.944892091E-01 5.023948677E-02 1.398554068E+01
9.008250000E-02 8.984287571E-01 4.710055849E-02 1.376293953E+01
9.153950000E-02 9.024396973E-01 4.415794705E-02 1.354387996E+01
9.302010000E-02 9.067133179E-01 4.139901657E-02 1.332830216E+01
9.452460000E-02 9.108600656E-01 3.953616189E-02 1.311616235E+01
9.605350000E-02 9.145866562E-01 3.781809226E-02 1.290739015E+01
9.760710000E-02 9.181004187E-01 3.617467201E-02 1.270194484E+01
9.918580000E-02 9.214824052E-01 3.460267191E-02 1.249977315E+01
1.007900000E-01 9.248013974E-01 3.309900559E-02 1.230082349E+01
1.024200000E-01 9.281949268E-01 3.181490815E-02 1.210505761E+01
1.040770000E-01 9.313105511E-01 3.076983513E-02 1.191233414E+01
1.057600000E-01 9.342338032E-01 2.975958348E-02 1.172276853E+01
1.074710000E-01 9.370751834E-01 2.878207466E-02 1.153613533E+01
1.092090000E-01 9.399719956E-01 2.792304195E-02 1.135254420E+01
1.109750000E-01 9.426471145E-01 2.729378312E-02 1.117188556E+01
1.127700000E-01 9.451441138E-01 2.667854300E-02 1.099405870E+01
1.145940000E-01 9.475646197E-01 2.607713591E-02 1.081906557E+01
1.164480000E-01 9.500762672E-01 2.560902794E-02 1.064681231E+01
1.183310000E-01 9.523144005E-01 2.537212108E-02 1.047738970E+01
1.202450000E-01 9.543374900E-01 2.513718071E-02 1.031061583E+01
1.221900000E-01 9.562284907E-01 2.490441676E-02 1.014649317E+01
1.241660000E-01 9.580068688E-01 2.467394953E-02 9.985020054E+00
1.261750000E-01 9.596893497E-01 2.444526390E-02 9.826035268E+00
1.282150000E-01 9.612864144E-01 2.421921941E-02 9.669695433E+00
1.302890000E-01 9.628138042E-01 2.399492129E-02 9.515768791E+00
1.323970000E-01 9.643106021E-01 2.378487989E-02 9.364260519E+00
1.345380000E-01 9.657101165E-01 2.365280803E-02 9.215240304E+00
1.367140000E-01 9.670076401E-01 2.352131459E-02 9.068566496E+00
1.389250000E-01 9.682261250E-01 2.339063595E-02 8.924239698E+00
1.411720000E-01 9.693736685E-01 2.326057487E-02 8.782194770E+00
1.434560000E-01 9.704555117E-01 2.313106437E-02 8.642371180E+00
1.457760000E-01 9.714750424E-01 2.300254770E-02 8.504829327E+00
1.481340000E-01 9.724353096E-01 2.287465610E-02 8.369449282E+00
1.505300000E-01 9.733352279E-01 2.274422513E-02 8.236231980E+00
1.529640000E-01 9.741852949E-01 2.260935448E-02 8.105175074E+00
1.554390000E-01 9.749867331E-01 2.247496976E-02 7.976119249E+00
1.579530000E-01 9.757364706E-01 2.234183998E-02 7.849170323E+00
1.605070000E-01 9.764321905E-01 2.220944698E-02 7.724273708E+00
1.631030000E-01 9.770595732E-01 2.207779550E-02 7.601331674E+00
1.657420000E-01 9.776402072E-01 2.188533301E-02 7.480300708E+00
1.684220000E-01 9.782046965E-01 2.168413046E-02 7.361271093E+00
1.711460000E-01 9.787438639E-01 2.148477103E-02 7.244107370E+00
1.739150000E-01 9.792404268E-01 2.128691652E-02 7.128769801E+00
1.767270000E-01 9.796297124E-01 2.104752745E-02 7.015340044E+00
1.795860000E-01 9.800607443E-01 2.072226443E-02 6.903656187E+00
1.824910000E-01 9.805205298E-01 2.040194099E-02 6.793759692E+00
1.854420000E-01 9.809778467E-01 2.008684851E-02 6.685648343E+00
1.884420000E-01 9.814294311E-01 1.977632724E-02 6.579212702E+00
1.914890000E-01 9.818725218E-01 1.947080766E-02 6.474523341E+00
1.945870000E-01 9.823069810E-01 1.916987023E-02 6.371443108E+00
1.977340000E-01 9.827323896E-01 1.887365318E-02 6.270039548E+00
2.009320000E-01 9.831573924E-01 1.858202114E-02 6.170246651E+00
2.041820000E-01 9.835667801E-01 1.831870237E-02 6.072033774E+00
2.074850000E-01 9.839528454E-01 1.806039996E-02 5.975371714E+00
2.108400000E-01 9.843203796E-01 1.780593214E-02 5.880288370E+00
2.142510000E-01 9.846722438E-01 1.755472639E-02 5.786670774E+00
2.177160000E-01 9.850088233E-01 1.730733047E-02 5.694574583E+00
2.212370000E-01 9.853389207E-01 1.706340431E-02 5.603945091E+00
2.248160000E-01 9.856411864E-01 1.684861595E-02 5.514732048E+00
2.284520000E-01 9.859021845E-01 1.661187501E-02 5.426960587E+00
2.321470000E-01 9.861630551E-01 1.635952115E-02 5.340581614E+00
2.359020000E-01 9.864223342E-01 1.611094077E-02 5.255572229E+00
2.397170000E-01 9.866715697E-01 1.586622196E-02 5.171931903E+00
2.435950000E-01 9.869100935E-01 1.562505190E-02 5.089595435E+00
2.475350000E-01 9.871366220E-01 1.538764775E-02 5.008584645E+00
2.515380000E-01 9.873502029E-01 1.515395449E-02 4.928877545E+00
2.556070000E-01 9.875491942E-01 1.492368451E-02 4.850414895E+00
2.597410000E-01 9.877253342E-01 1.469695941E-02 4.773216396E+00
2.639420000E-01 9.878876186E-01 1.445400074E-02 4.697244092E+00
2.682110000E-01 9.880433239E-01 1.421124443E-02 4.622480062E+00
2.725490000E-01 9.881797448E-01 1.397259953E-02 4.548906802E+00
2.769570000E-01 9.882729431E-01 1.370411708E-02 4.476507183E+00
2.814370000E-01 9.883838768E-01 1.339902542E-02 4.405248777E+00
2.859890000E-01 9.885192544E-01 1.307568407E-02 4.335131771E+00
2.906150000E-01 9.886711938E-01 1.275638911E-02 4.266125286E+00
2.953150000E-01 9.888343184E-01 1.244462928E-02 4.198229010E+00
3.000920000E-01 9.890027841E-01 1.214052603E-02 4.131399704E+00
3.049450000E-01 9.891741503E-01 1.184406017E-02 4.065651183E+00
3.098780000E-01 9.893467911E-01 1.155497264E-02 4.000929398E+00
3.148900000E-01 9.895196214E-01 1.127273664E-02 3.937247928E+00
3.199830000E-01 9.896921560E-01 1.099738577E-02 3.874580837E+00
3.251580000E-01 9.898633350E-01 1.072900205E-02 3.812915567E+00
3.304180000E-01 9.900329754E-01 1.046674547E-02 3.752216889E+00
3.357620000E-01 9.902007228E-01 1.021103138E-02 3.692496471E+00
3.411920000E-01 9.903659678E-01 9.961733387E-03 3.633731154E+00
3.467110000E-01 9.905282722E-01 9.718547560E-03 3.575888853E+00
3.523190000E-01 9.906871765E-01 9.481277932E-03 3.518970024E+00
3.580170000E-01 9.908425285E-01 9.249684922E-03 3.462964049E+00
3.638080000E-01 9.909937434E-01 9.023818573E-03 3.407841499E+00
3.696920000E-01 9.911399950E-01 8.803530448E-03 3.353602458E+00
3.756720000E-01 9.912803997E-01 8.588502919E-03 3.300219340E+00
3.817480000E-01 9.914125792E-01 8.378782592E-03 3.247692195E+00
3.879220000E-01 9.915315499E-01 8.169983024E-03 3.196003320E+00
3.941970000E-01 9.916339287E-01 7.957203414E-03 3.145127944E+00
4.005730000E-01 9.917358066E-01 7.712273190E-03 3.095066318E+00
4.070520000E-01 9.918622549E-01 7.460436130E-03 3.045802502E+00
4.136350000E-01 9.920020810E-01 7.216956751E-03 2.997328563E+00
4.203260000E-01 9.921496560E-01 6.981475880E-03 2.949615299E+00
4.271240000E-01 9.923028221E-01 6.753736677E-03 2.902669951E+00
4.340320000E-01 9.924614276E-01 6.533129033E-03 2.856471412E+00
4.410520000E-01 9.926255148E-01 6.319889181E-03 2.811006412E+00
4.481860000E-01 9.928106764E-01 6.118699819E-03 2.766262221E+00
4.554350000E-01 9.929911764E-01 5.948479032E-03 2.722232591E+00
4.628020000E-01 9.931612472E-01 5.799800652E-03 2.678899400E+00
4.702870000E-01 9.933143906E-01 5.663734488E-03 2.636262538E+00
4.778940000E-01 9.934524551E-01 5.530910250E-03 2.594299154E+00
4.856230000E-01 9.935809898E-01 5.401017230E-03 2.553009227E+00
4.934780000E-01 9.937010709E-01 5.274115386E-03 2.512371372E+00
5.014590000E-01 9.938121719E-01 5.150472157E-03 2.472385579E+00
5.095700000E-01 9.939129613E-01 5.029569399E-03 2.433031772E+00
5.178120000E-01 9.939967289E-01 4.907451928E-03 2.394305269E+00
5.261870000E-01 9.940693807E-01 4.774365670E-03 2.356196561E+00
5.346980000E-01 9.941411640E-01 4.619458877E-03 2.318692047E+00
5.433460000E-01 9.942293089E-01 4.457382493E-03 2.281787296E+00
5.521340000E-01 9.943250979E-01 4.300966195E-03 2.245469397E+00
5.610650000E-01 9.944243088E-01 4.147431307E-03 2.209726146E+00
5.701390000E-01 9.945258004E-01 3.997761185E-03 2.174557432E+00
5.793610000E-01 9.946310084E-01 3.850391968E-03 2.139943835E+00
5.887320000E-01 9.947388867E-01 3.707762021E-03 2.105881793E+00
5.982540000E-01 9.948490604E-01 3.570004140E-03 2.072363912E+00
6.079300000E-01 9.949609274E-01 3.437356180E-03 2.039379534E+00
6.177630000E-01 9.950747274E-01 3.309649811E-03 2.006918511E+00
6.277550000E-01 9.951934904E-01 3.187495990E-03 1.974974313E+00
6.379080000E-01 9.953149430E-01 3.079404211E-03 1.943540448E+00
6.482260000E-01 9.954323078E-01 2.988741679E-03 1.912604555E+00
6.587110000E-01 9.955324435E-01 2.909627660E-03 1.882160765E+00
6.693650000E-01 9.956150844E-01 2.832600896E-03 1.852203208E+00
6.801910000E-01 9.956829624E-01 2.739043717E-03 1.822723323E+00
6.911930000E-01 9.957549245E-01 2.634318746E-03 1.793710295E+00
7.023720000E-01 9.958365094E-01 2.527531297E-03 1.765161481E+00
7.137330000E-01 9.959214706E-01 2.423584060E-03 1.737064140E+00
7.252770000E-01 9.960092063E-01 2.322917133E-03 1.709415851E+00
7.370080000E-01 9.960980787E-01 2.226443962E-03 1.682206977E+00
7.489280000E-01 9.961870877E-01 2.133971640E-03 1.655432832E+00
7.610420000E-01 9.962755539E-01 2.045291815E-03 1.629082232E+00
7.733510000E-01 9.963628288E-01 1.959949400E-03 1.603153031E+00
7.858590000E-01 9.964490722E-01 1.876958949E-03 1.577636701E+00
7.985700000E-01 9.965353281E-01 1.796517171E-03 1.552525139E+00
8.114860000E-01 9.966210440E-01 1.719526601E-03 1.527814405E+00
8.246110000E-01 9.967057602E-01 1.645817161E-03 1.503496800E+00
8.379490000E-01 9.967891124E-01 1.575249462E-03 1.479564985E+00
8.515020000E-01 9.968710110E-01 1.507255096E-03 1.456015370E+00
8.652740000E-01 9.969515573E-01 1.441694917E-03 1.432840927E+00
8.792690000E-01 9.970311598E-01 1.378554480E-03 1.410034927E+00
8.934910000E-01 9.971095455E-01 1.318160110E-03 1.387590921E+00
9.079430000E-01 9.971864259E-01 1.260403130E-03 1.365504222E+00
9.226280000E-01 9.972613403E-01 1.205161227E-03 1.343770187E+00
9.375510000E-01 9.973349045E-01 1.151072229E-03 1.322381396E+00
9.527150000E-01 9.974073673E-01 1.099095160E-03 1.301333557E+00
9.681240000E-01 9.974788365E-01 1.049195651E-03 1.280621077E+00
9.837830000E-01 9.975490441E-01 1.001543836E-03 1.260237268E+00
9.996950000E-01 9.976177748E-01 9.559497313E-04 1.240178254E+00
1.015860000E+00 9.976848424E-01 9.123304455E-04 1.220443762E+00
1.032290000E+00 9.977506768E-01 8.699044247E-04 1.201019093E+00
1.048990000E+00 9.978153748E-01 8.292324169E-04 1.181898779E+00
1.065960000E+00 9.978790458E-01 7.902490938E-04 1.163083043E+00
1.083200000E+00 9.979415256E-01 7.530924979E-04 1.144571640E+00
1.100720000E+00 9.980027367E-01 7.176722508E-04 1.126353659E+00
1.118520000E+00 9.980626278E-01 6.839157887E-04 1.108428995E+00
1.136610000E+00 9.981212127E-01 6.517182275E-04 1.090787517E+00
1.155000000E+00 9.981785005E-01 6.210195484E-04 1.073419913E+00
1.173680000E+00 9.982344474E-01 5.917681320E-04 1.056335628E+00
1.192660000E+00 9.982890737E-01 5.638891065E-04 1.039525095E+00
1.211950000E+00 9.983423885E-01 5.373089729E-04 1.022979496E+00
1.231550000E+00 9.983943787E-01 5.119640647E-04 1.006698875E+00
1.251470000E+00 9.984450830E-01 4.877005772E-04 9.906749662E-01
1.271720000E+00 9.984945738E-01 4.644502625E-04 9.749001352E-01
1.292290000E+00 9.985429952E-01 4.421579550E-04 9.593821820E-01
1.313190000E+00 9.985903518E-01 4.209266740E-04 9.441131900E-01
1.334430000E+00 9.986366346E-01 4.007050271E-04 9.290858269E-01
1.356010000E+00 9.986818439E-01 3.814474633E-04 9.143000420E-01
1.377940000E+00 9.987260195E-01 3.631047588E-04 8.997489005E-01
1.400230000E+00 9.987691946E-01 3.456381721E-04 8.854259657E-01
1.422880000E+00 9.988113780E-01 3.290104696E-04 8.713313842E-01
1.445890000E+00 9.988526006E-01 3.131666130E-04 8.574649524E-01
1.469280000E+00 9.988929244E-01 2.980652289E-04 8.438146575E-01
1.493040000E+00 9.989323562E-01 2.836771963E-04 8.303863259E-01
1.517190000E+00 9.989710247E-01 2.698792475E-04 8.171685814E-01
1.541730000E+00 9.990089958E-01 2.567406857E-04 8.041615588E-01
1.566670000E+00 9.990463205E-01 2.442382625E-04 7.913600184E-01
1.592010000E+00 9.990830489E-01 2.323347501E-04 7.787639525E-01
1.617760000E+00 9.991192744E-01 2.210092227E-04 7.663683117E-01
1.643920000E+00 9.991550801E-01 2.102365431E-04 7.541729525E-01
1.670510000E+00 9.991906096E-01 1.999804910E-04 7.421685593E-01
1.697530000E+00 9.992260135E-01 1.902190879E-04 7.303552809E-01
1.724990000E+00 9.992614572E-01 1.809305522E-04 7.187288042E-01
1.752890000E+00 9.992972857E-01 1.719996765E-04 7.072891054E-01
1.781240000E+00 9.993339512E-01 1.634759941E-04 6.960319777E-01
1.810050000E+00 9.993720802E-01 1.553459816E-04 6.849534543E-01
1.839320000E+00 9.994126976E-01 1.476199009E-04 6.740534545E-01
1.869070000E+00 9.994576975E-01 1.402764099E-04 6.633245411E-01
1.899300000E+00 9.995112754E-01 1.333016703E-04 6.527668088E-01
1.930020000E+00 9.995867592E-01 1.266664990E-04 6.423767629E-01
1.960000000E+00 1.000025439E+00 1.206038720E-04 6.325510204E-01
1.960200000E+00 1.000025463E+00 3.500143031E-04 6.324864810E-01
1.961240000E+00 9.998480990E-01 3.494083992E-04 6.321510881E-01
1.992960000E+00 9.996363951E-01 3.315842231E-04 6.220897559E-01
2.025200000E+00 9.996837538E-01 3.146663289E-04 6.121864507E-01
2.030700000E+00 9.998636180E-01 3.118930423E-04 6.105283892E-01
2.030900000E+00 9.998632572E-01 4.576631739E-04 6.104682653E-01
2.057950000E+00 9.995874968E-01 4.375774749E-04 6.024441799E-01
2.091240000E+00 9.995425538E-01 4.143985901E-04 5.928540005E-01
2.125060000E+00 9.995211414E-01 3.924537752E-04 5.834188211E-01
2.159430000E+00 9.995103789E-01 3.716668665E-04 5.741329888E-01
2.194360000E+00 9.995060097E-01 3.519794906E-04 5.649938934E-01
2.229850000E+00 9.995059797E-01 3.333421278E-04 5.560015248E-01
2.265920000E+00 9.995091632E-01 3.156906543E-04 5.471508262E-01
2.302570000E+00 9.995149099E-01 2.989826604E-04 5.384418280E-01
2.339810000E+00 9.995229330E-01 2.831591192E-04 5.298720836E-01
2.377660000E+00 9.995334336E-01 2.681712415E-04 5.214370431E-01
2.416110000E+00 9.995479294E-01 2.539914231E-04 5.131388885E-01
2.455190000E+00 9.995916838E-01 2.405633492E-04 5.049711020E-01
2.457100000E+00 9.996283400E-01 2.399311882E-04 5.045785682E-01
2.457300000E+00 9.996282844E-01 2.786164725E-04 5.045375005E-01
2.494900000E+00 9.995618826E-01 2.641214107E-04 4.969337448E-01
2.535260000E+00 9.995615409E-01 2.496227368E-04 4.890228221E-01
2.576260000E+00 9.995659067E-01 2.359245596E-04 4.812402475E-01
2.617930000E+00 9.995724877E-01 2.229803545E-04 4.735802714E-01
2.660270000E+00 9.995804892E-01 2.107599247E-04 4.660429205E-01
2.703300000E+00 9.995896767E-01 1.992049987E-04 4.586246440E-01
2.747030000E+00 9.996003751E-01 1.882934205E-04 4.513237933E-01
2.791460000E+00 9.996236763E-01 1.779873370E-04 4.441403423E-01
2.792100000E+00 9.996307983E-01 1.778437122E-04 4.440385373E-01
2.792300000E+00 9.996307949E-01 1.890417732E-04 4.440067328E-01
2.836610000E+00 9.996177201E-01 1.790370394E-04 4.370710108E-01
2.882490000E+00 9.996244475E-01 1.693850306E-04 4.301142415E-01
2.929110000E+00 9.996325584E-01 1.602546261E-04 4.232685014E-01
2.976480000E+00 9.996415071E-01 1.516276251E-04 4.165322797E-01
3.024630000E+00 9.996518413E-01 1.434652549E-04 4.099013764E-01
3.048400000E+00 9.996664946E-01 1.396439470E-04 4.067051568E-01
3.048600000E+00 9.996665267E-01 1.457262946E-04 4.066784754E-01
3.073550000E+00 9.996599711E-01 1.417609496E-04 4.033772023E-01
3.123260000E+00 9.996662218E-01 1.342665094E-04 3.969570257E-01
3.173780000E+00 9.996736385E-01 1.271594044E-04 3.906382925E-01
3.225110000E+00 9.996813828E-01 1.204138543E-04 3.844209965E-01
3.277270000E+00 9.996892537E-01 1.140162446E-04 3.783026727E-01
3.330280000E+00 9.996971534E-01 1.079520311E-04 3.722810094E-01
3.384150000E+00 9.997050269E-01 1.022009335E-04 3.663549193E-01
3.438880000E+00 9.997128410E-01 9.674655039E-05 3.605243568E-01
3.494500000E+00 9.997205724E-01 9.157730989E-05 3.547860924E-01
3.551020000E+00 9.997282042E-01 8.667523215E-05 3.491391206E-01
3.608460000E+00 9.997357217E-01 8.203400157E-05 3.435814724E-01
3.666820000E+00 9.997431099E-01 7.763473681E-05 3.381131335E-01
3.726130000E+00 9.997503658E-01 7.346503636E-05 3.327312788E-01
3.786400000E+00 9.997574810E-01 6.951498315E-05 3.274350306E-01
3.847640000E+00 9.997644532E-01 6.577165574E-05 3.222234928E-01
3.909870000E+00 9.997712775E-01 6.222837092E-05 3.170949418E-01
3.973110000E+00 9.997779492E-01 5.887256623E-05 3.120477409E-01
4.037380000E+00 9.997844687E-01 5.569249660E-05 3.070803343E-01
4.102680000E+00 9.997908373E-01 5.267916057E-05 3.021927131E-01
4.169030000E+00 9.997970530E-01 4.982857678E-05 2.973833242E-01
4.236460000E+00 9.998031150E-01 4.712925896E-05 2.926499955E-01
4.304980000E+00 9.998090252E-01 4.457311689E-05 2.879920464E-01
4.374620000E+00 9.998147861E-01 4.215336893E-05 2.834074731E-01
4.445370000E+00 9.998203960E-01 3.986253435E-05 2.788969197E-01
4.517270000E+00 9.998258589E-01 3.769456386E-05 2.744578031E-01
4.590330000E+00 9.998311756E-01 3.564254994E-05 2.700895143E-01
4.664580000E+00 9.998363496E-01 3.370034406E-05 2.657902748E-01
4.740030000E+00 9.998413820E-01 3.186241192E-05 2.615595260E-01
4.816690000E+00 9.998462749E-01 3.012325376E-05 2.573966770E-01
4.894600000E+00 9.998510322E-01 2.847749249E-05 2.532995546E-01
4.973770000E+00 9.998556556E-01 2.692060206E-05 2.492676581E-01
5.054210000E+00 9.998601474E-01 2.544766273E-05 2.453004525E-01
5.135960000E+00 9.998645113E-01 2.405410210E-05 2.413959610E-01
5.219030000E+00 9.998687495E-01 2.273606488E-05 2.375537217E-01
5.303440000E+00 9.998728648E-01 2.148924641E-05 2.337727965E-01
5.389220000E+00 9.998768602E-01 2.030984970E-05 2.300518442E-01
5.476390000E+00 9.998807389E-01 1.919452029E-05 2.263900124E-01
5.564970000E+00 9.998845030E-01 1.813973949E-05 2.227864661E-01
5.654980000E+00 9.998881556E-01 1.714202224E-05 2.192403863E-01
5.746440000E+00 9.998916994E-01 1.619882844E-05 2.157509693E-01
5.839390000E+00 9.998951379E-01 1.530673728E-05 2.123166975E-01
5.933830000E+00 9.998984726E-01 1.446345269E-05 2.089375665E-01
6.029810000E+00 9.999017072E-01 1.366624980E-05 2.056117854E-01
6.127330000E+00 9.999048438E-01 1.291238879E-05 2.023393550E-01
6.226440000E+00 9.999078858E-01 1.219975487E-05 1.991185975E-01
6.327150000E+00 9.999108352E-01 1.152600909E-05 1.959492030E-01
6.429480000E+00 9.999136945E-01 1.088922332E-05 1.928305244E-01
6.533480000E+00 9.999164669E-01 1.028704485E-05 1.897610462E-01
6.639150000E+00 9.999191543E-01 9.717933007E-06 1.867407725E-01
6.746540000E+00 9.999217596E-01 9.180104160E-06 1.837682723E-01
6.855650000E+00 9.999242845E-01 8.671563687E-06 1.808435378E-01
6.966540000E+00 9.999267324E-01 8.191136018E-06 1.779649582E-01
7.079220000E+00 9.999291047E-01 7.737050856E-06 1.751322886E-01
7.193720000E+00 9.999314039E-01 7.307764022E-06 1.723447674E-01
7.310070000E+00 9.999336327E-01 6.902108243E-06 1.696016591E-01
7.428310000E+00 9.999357929E-01 6.518929957E-06 1.669020275E-01
7.548450000E+00 9.999378865E-01 6.156650489E-06 1.642456398E-01
7.670540000E+00 9.999399158E-01 5.814514742E-06 1.616313845E-01
7.794610000E+00 9.999418830E-01 5.491049382E-06 1.590586315E-01
7.920680000E+00 9.999437899E-01 5.185599282E-06 1.565269649E-01
8.048790000E+00 9.999456386E-01 4.896691199E-06 1.540355755E-01
8.178980000E+00 9.999474314E-01 4.623815694E-06 1.515836938E-01
8.311260000E+00 9.999491698E-01 4.366044913E-06 1.491711245E-01
8.445690000E+00 9.999508561E-01 4.122534299E-06 1.467967685E-01
8.582290000E+00 9.999524921E-01 3.892445622E-06 1.444602781E-01
8.721110000E+00 9.999540799E-01 3.675137270E-06 1.421608029E-01
8.862160000E+00 9.999556213E-01 3.469682881E-06 1.398981738E-01
9.005500000E+00 9.999571189E-01 3.275687381E-06 1.376714230E-01
9.151160000E+00 9.999585747E-01 3.092369159E-06 1.354800921E-01
9.299170000E+00 9.999599910E-01 2.919261104E-06 1.333237267E-01
9.449580000E+00 9.999613707E-01 2.755690124E-06 1.312015984E-01
9.602420000E+00 9.999627168E-01 2.601215809E-06 1.291132860E-01
9.757730000E+00 9.999640333E-01 2.455129673E-06 1.270582400E-01
9.915550000E+00 9.999653250E-01 2.317248178E-06 1.250359284E-01
1.007590000E+01 9.999665999E-01 2.184844166E-06 1.230460803E-01
1.023890000E+01 9.999678725E-01 2.059908849E-06 1.210872262E-01
1.040450000E+01 9.999691639E-01 1.942058466E-06 1.191599789E-01
1.057280000E+01 9.999705296E-01 1.830869888E-06 1.172631659E-01
1.074380000E+01 9.999721784E-01 1.725997429E-06 1.153967870E-01
1.087080000E+01 9.999787864E-01 1.653009165E-06 1.140486441E-01
1.087100000E+01 9.999787870E-01 4.285795921E-06 1.140465459E-01
1.091760000E+01 9.999738411E-01 4.216412815E-06 1.135597567E-01
1.109420000E+01 9.999734018E-01 3.965955916E-06 1.117520867E-01
1.127360000E+01 9.999738092E-01 3.730412770E-06 1.099737440E-01
1.145590000E+01 9.999744053E-01 3.508862715E-06 1.082237101E-01
1.164120000E+01 9.999750877E-01 3.300442333E-06 1.065010480E-01
1.182950000E+01 9.999758257E-01 3.104397323E-06 1.048057822E-01
1.202080000E+01 9.999766200E-01 2.920023710E-06 1.031378943E-01
1.221530000E+01 9.999775218E-01 2.746551628E-06 1.014956653E-01
1.238490000E+01 9.999804876E-01 2.605737979E-06 1.001057740E-01
1.238510000E+01 9.999804878E-01 3.654352604E-06 1.001041574E-01
1.241280000E+01 9.999787605E-01 3.624256014E-06 9.988076824E-02
1.261360000E+01 9.999787308E-01 3.415549465E-06 9.829073381E-02
1.281760000E+01 9.999792529E-01 3.218868739E-06 9.672637623E-02
1.296790000E+01 9.999806650E-01 3.083117713E-06 9.560530232E-02
1.296810000E+01 9.999806655E-01 3.544365275E-06 9.560382785E-02
1.302500000E+01 9.999798638E-01 3.490368342E-06 9.518618042E-02
1.323560000E+01 9.999801411E-01 3.299437802E-06 9.367161292E-02
1.344970000E+01 9.999805759E-01 3.118485876E-06 9.218049473E-02
1.366720000E+01 9.999810476E-01 2.947126910E-06 9.071353313E-02
1.388830000E+01 9.999815336E-01 2.784803042E-06 8.926938502E-02
1.411290000E+01 9.999820237E-01 2.631135122E-06 8.784870579E-02
1.434120000E+01 9.999825132E-01 2.485643297E-06 8.645022732E-02
1.457310000E+01 9.999829984E-01 2.347955681E-06 8.507455517E-02
1.480890000E+01 9.999834778E-01 2.217627855E-06 8.371992518E-02
1.504840000E+01 9.999839495E-01 2.094345723E-06 8.238749635E-02
1.529180000E+01 9.999844128E-01 1.977716068E-06 8.107613231E-02
1.553910000E+01 9.999848667E-01 1.867409206E-06 7.978583058E-02
1.579040000E+01 9.999853110E-01 1.763090045E-06 7.851606039E-02
1.604580000E+01 9.999857454E-01 1.664442163E-06 7.726632514E-02
1.630540000E+01 9.999861697E-01 1.571162858E-06 7.603615980E-02
1.656910000E+01 9.999865835E-01 1.483003779E-06 7.482603159E-02
1.683710000E+01 9.999869871E-01 1.399670206E-06 7.363500840E-02
1.710940000E+01 9.999873801E-01 1.320922174E-06 7.246309046E-02
1.738610000E+01 9.999877629E-01 1.246509879E-06 7.130983947E-02
1.766740000E+01 9.999881357E-01 1.176184222E-06 7.017444559E-02
1.795310000E+01 9.999884981E-01 1.109767083E-06 6.905771148E-02
1.824350000E+01 9.999888506E-01 1.047019210E-06 6.795845096E-02
1.853860000E+01 9.999891934E-01 9.877522308E-07 6.687667893E-02
1.883840000E+01 9.999895264E-01 9.317869614E-07 6.581238322E-02
1.914310000E+01 9.999898500E-01 8.789333597E-07 6.476485000E-02
1.945270000E+01 9.999901642E-01 8.290297899E-07 6.373408319E-02
1.976740000E+01 9.999904695E-01 7.819056389E-07 6.271942694E-02
2.008710000E+01 9.999907658E-01 7.374260503E-07 6.172120416E-02
2.041200000E+01 9.999910534E-01 6.954358624E-07 6.073878111E-02
2.074210000E+01 9.999913325E-01 6.558074802E-07 5.977215422E-02
2.107760000E+01 9.999916033E-01 6.184001595E-07 5.882073860E-02
2.141850000E+01 9.999918661E-01 5.830999054E-07 5.788453907E-02
2.176500000E+01 9.999921210E-01 5.497831341E-07 5.696301401E-02
2.211700000E+01 9.999923682E-01 5.183524247E-07 5.605642718E-02
2.247470000E+01 9.999926079E-01 4.886962499E-07 5.516425136E-02
2.283820000E+01 9.999928403E-01 4.607153633E-07 5.428623972E-02
2.320760000E+01 9.999930657E-01 4.343187040E-07 5.342215481E-02
2.358300000E+01 9.999932842E-01 4.094164457E-07 5.257176780E-02
2.396440000E+01 9.999934959E-01 3.859295371E-07 5.173507369E-02
2.435200000E+01 9.999937012E-01 3.637755601E-07 5.091162943E-02
2.474590000E+01 9.999939002E-01 3.428800787E-07 5.010122889E-02
2.514620000E+01 9.999940930E-01 3.231726687E-07 4.930367213E-02
2.555290000E+01 9.999942798E-01 3.045890869E-07 4.851895480E-02
2.596620000E+01 9.999944608E-01 2.870650358E-07 4.774668608E-02
2.638610000E+01 9.999946362E-01 2.705421296E-07 4.698686051E-02
2.681290000E+01 9.999948062E-01 2.549603748E-07 4.623893723E-02
2.724660000E+01 9.999949708E-01 2.402685441E-07 4.550292514E-02
2.768730000E+01 9.999951303E-01 2.264180311E-07 4.477865303E-02
2.813510000E+01 9.999952848E-01 2.133596176E-07 4.406595320E-02
2.859020000E+01 9.999954345E-01 2.010490770E-07 4.336450952E-02
2.905260000E+01 9.999955794E-01 1.894444443E-07 4.267432175E-02
2.952250000E+01 9.999957194E-01 1.785044778E-07 4.199508849E-02
3.000000000E+01 0.000000000E+00 0.000000000E+00 4.132666667E-02
