# 11/08/2021 
# Data retrieved from www.chemicool.com/densities.html 
# Includes the real (n) and complex (k) part of the  refractive index. 
# Element, Pd  (Z = 46) 
# Nominal density, g cm-3 =  12.02 
#    E [keV]      n       k    Wavelength [nm] 
1.000000000E-02 -2.031729176E+01 1.216571505E+00 1.239800000E+02
1.016170000E-02 4.541578024E+03 5.492378357E-01 1.220071445E+02
1.032610000E-02 4.398149462E+03 5.591270838E-01 1.200646904E+02
1.049310000E-02 4.259300029E+03 5.692000104E-01 1.181538344E+02
1.066280000E-02 4.124835705E+03 5.794527379E-01 1.162733991E+02
1.083530000E-02 3.994576433E+03 5.898862664E-01 1.144223049E+02
1.101060000E-02 3.868425087E+03 5.983311569E-01 1.126005849E+02
1.118860000E-02 3.746349801E+03 6.048333518E-01 1.108092165E+02
1.136960000E-02 3.628049725E+03 6.113931164E-01 1.090451731E+02
1.155350000E-02 3.513503322E+03 6.180305625E-01 1.073094733E+02
1.174040000E-02 3.402559668E+03 6.247350956E-01 1.056011720E+02
1.193030000E-02 3.295133166E+03 6.315122437E-01 1.039202702E+02
1.212320000E-02 3.191137055E+03 6.383751708E-01 1.022667283E+02
1.231930000E-02 3.090383470E+03 6.455850559E-01 1.006388350E+02
1.251860000E-02 2.992798605E+03 6.535369969E-01 9.903663349E+01
1.272100000E-02 2.898352767E+03 6.616042310E-01 9.746089144E+01
1.292680000E-02 2.806833021E+03 6.697547835E-01 9.590927376E+01
1.313590000E-02 2.718216317E+03 6.780078374E-01 9.438256990E+01
1.334830000E-02 2.632430861E+03 6.863721200E-01 9.288074137E+01
1.356420000E-02 2.549329090E+03 6.948331846E-01 9.140236800E+01
1.378360000E-02 2.468848860E+03 7.016376412E-01 8.994747381E+01
1.400660000E-02 2.390892843E+03 7.077347734E-01 8.851541416E+01
1.423310000E-02 2.315434422E+03 7.138961974E-01 8.710681440E+01
1.446330000E-02 2.242346969E+03 7.201069658E-01 8.572040959E+01
1.469730000E-02 2.171544845E+03 7.263651587E-01 8.435562995E+01
1.493500000E-02 2.103003464E+03 7.326866378E-01 8.301305658E+01
1.517650000E-02 2.036638371E+03 7.364678633E-01 8.169208974E+01
1.542200000E-02 1.972344309E+03 7.369306544E-01 8.039164829E+01
1.567140000E-02 1.910098294E+03 7.374018652E-01 7.911226821E+01
1.592490000E-02 1.849802217E+03 7.378678925E-01 7.785292215E+01
1.618250000E-02 1.791410639E+03 7.383335465E-01 7.661362583E+01
1.644420000E-02 1.734877380E+03 7.388044752E-01 7.539436397E+01
1.671020000E-02 1.680115557E+03 7.392709688E-01 7.419420474E+01
1.698050000E-02 1.627083837E+03 7.397388591E-01 7.301316216E+01
1.725510000E-02 1.575740221E+03 7.387199453E-01 7.185122080E+01
1.753420000E-02 1.526007464E+03 7.369740791E-01 7.070753157E+01
1.781780000E-02 1.477847736E+03 7.352335579E-01 6.958210329E+01
1.810600000E-02 1.431206835E+03 7.334948560E-01 6.847453883E+01
1.839890000E-02 1.386033134E+03 7.317584800E-01 6.738446320E+01
1.869640000E-02 1.342306098E+03 7.300372673E-01 6.631223123E+01
1.899880000E-02 1.299947323E+03 7.283120605E-01 6.525675306E+01
1.930610000E-02 1.258925087E+03 7.237139044E-01 6.421804507E+01
1.961840000E-02 1.219194714E+03 7.175153467E-01 6.319577539E+01
1.993570000E-02 1.180725324E+03 7.113735443E-01 6.218994066E+01
2.025820000E-02 1.143463075E+03 7.052787101E-01 6.119990917E+01
2.058580000E-02 1.107390360E+03 6.992444612E-01 6.022598102E+01
2.091880000E-02 1.072446142E+03 6.932542646E-01 5.926726198E+01
2.125710000E-02 1.038614065E+03 6.873220319E-01 5.832404232E+01
2.160090000E-02 1.005847574E+03 6.801438284E-01 5.739575666E+01
2.195030000E-02 9.741122970E+02 6.723214272E-01 5.648214375E+01
2.230530000E-02 9.433836522E+02 6.645930036E-01 5.558320220E+01
2.266610000E-02 9.136206263E+02 6.569481187E-01 5.469842628E+01
2.303270000E-02 8.848003704E+02 6.493948392E-01 5.382781871E+01
2.340530000E-02 8.568850824E+02 6.419240835E-01 5.297090830E+01
2.378380000E-02 8.298604031E+02 6.345453179E-01 5.212791900E+01
2.416850000E-02 8.036837797E+02 6.267476008E-01 5.129817738E+01
2.455940000E-02 7.783352748E+02 6.173856564E-01 5.048168929E+01
2.495660000E-02 7.537886191E+02 6.081642157E-01 4.967824143E+01
2.536030000E-02 7.300127228E+02 5.990772689E-01 4.888743430E+01
2.577050000E-02 7.069894180E+02 5.901270862E-01 4.810927223E+01
2.618730000E-02 6.846950476E+02 5.813130989E-01 4.734355966E+01
2.661090000E-02 6.631017796E+02 5.726276534E-01 4.658993119E+01
2.704130000E-02 6.421929648E+02 5.629198418E-01 4.584838747E+01
2.747860000E-02 6.219472052E+02 5.516537448E-01 4.511874695E+01
2.792310000E-02 6.023351879E+02 5.406086933E-01 4.440051427E+01
2.837470000E-02 5.833463048E+02 5.297877890E-01 4.369385403E+01
2.883370000E-02 5.649532841E+02 5.191805033E-01 4.299829713E+01
2.930000000E-02 9.154874932E-01 5.087895641E-01 4.231399317E+01
2.977390000E-02 9.110351164E-01 4.982400571E-01 4.164049721E+01
3.025550000E-02 9.073608086E-01 4.871598530E-01 4.097767348E+01
3.074490000E-02 9.043714988E-01 4.763259054E-01 4.032538730E+01
3.124210000E-02 9.018731003E-01 4.657361052E-01 3.968363202E+01
3.174750000E-02 8.998014301E-01 4.553774568E-01 3.905189385E+01
3.226090000E-02 8.981389790E-01 4.452539385E-01 3.843042197E+01
3.278270000E-02 8.969538435E-01 4.353532679E-01 3.781872756E+01
3.331300000E-02 8.963148205E-01 4.260899332E-01 3.721670219E+01
3.385180000E-02 8.956290211E-01 4.174790055E-01 3.662434494E+01
3.439930000E-02 8.948184065E-01 4.090388697E-01 3.604143108E+01
3.495570000E-02 8.941046274E-01 4.007720047E-01 3.546774918E+01
3.552110000E-02 8.935244880E-01 3.926713511E-01 3.490319838E+01
3.609560000E-02 8.931108141E-01 3.847339844E-01 3.434767673E+01
3.667940000E-02 8.930846209E-01 3.769584509E-01 3.380098911E+01
3.727270000E-02 8.936051154E-01 3.697279702E-01 3.326295117E+01
3.787550000E-02 8.937255312E-01 3.636554506E-01 3.273356127E+01
3.848820000E-02 8.933761203E-01 3.576772667E-01 3.221247032E+01
3.911070000E-02 8.928038104E-01 3.518017759E-01 3.169976503E+01
3.974320000E-02 8.920699144E-01 3.460249872E-01 3.119527366E+01
4.038610000E-02 8.912052621E-01 3.403369896E-01 3.069868098E+01
4.103930000E-02 8.902103097E-01 3.347454785E-01 3.021006694E+01
4.170310000E-02 8.890800557E-01 3.292480443E-01 2.972920478E+01
4.237760000E-02 8.877790513E-01 3.238376471E-01 2.925602205E+01
4.306300000E-02 8.862323272E-01 3.185166122E-01 2.879037689E+01
4.375950000E-02 8.840149575E-01 3.132844025E-01 2.833213359E+01
4.446730000E-02 8.817852071E-01 3.066938515E-01 2.788116211E+01
4.518650000E-02 8.802009760E-01 2.999505484E-01 2.743739834E+01
4.591740000E-02 8.790916981E-01 2.933553367E-01 2.700065770E+01
4.666000000E-02 8.782060136E-01 2.869048782E-01 2.657093871E+01
4.741470000E-02 8.774977057E-01 2.805974171E-01 2.614800895E+01
4.818160000E-02 8.769313316E-01 2.744265192E-01 2.573181463E+01
4.896090000E-02 8.764908036E-01 2.683929645E-01 2.532224694E+01
4.975280000E-02 8.761674746E-01 2.624914775E-01 2.491920053E+01
5.055760000E-02 8.759755347E-01 2.567179778E-01 2.452252480E+01
5.137530000E-02 8.760078556E-01 2.510733621E-01 2.413221918E+01
5.220620000E-02 8.762238062E-01 2.459767955E-01 2.374813719E+01
5.305060000E-02 8.762074933E-01 2.412944045E-01 2.337014096E+01
5.390870000E-02 8.758887560E-01 2.367007907E-01 2.299814316E+01
5.478060000E-02 8.754338781E-01 2.321963963E-01 2.263209968E+01
5.566670000E-02 8.748273316E-01 2.277759574E-01 2.227184295E+01
5.656700000E-02 8.739810853E-01 2.234408164E-01 2.191737232E+01
5.748200000E-02 8.729485738E-01 2.188135174E-01 2.156849101E+01
5.841170000E-02 8.720380992E-01 2.141106889E-01 2.122519975E+01
5.935640000E-02 8.712106555E-01 2.095095569E-01 2.088738535E+01
6.031650000E-02 8.703379069E-01 2.050065958E-01 2.055490620E+01
6.129210000E-02 8.693776350E-01 2.006005043E-01 2.022772919E+01
6.228340000E-02 8.682697529E-01 1.962892977E-01 1.990578549E+01
6.329080000E-02 8.669163851E-01 1.920698260E-01 1.958894500E+01
6.431450000E-02 8.649682262E-01 1.879414659E-01 1.927714590E+01
6.535470000E-02 8.627014418E-01 1.824093420E-01 1.897032654E+01
6.641180000E-02 8.612635166E-01 1.768559256E-01 1.866836918E+01
6.748590000E-02 8.600169103E-01 1.714728757E-01 1.837124496E+01
6.857750000E-02 8.586977654E-01 1.662538175E-01 1.807881594E+01
6.968670000E-02 8.568076290E-01 1.609416320E-01 1.779105626E+01
7.081380000E-02 8.551000226E-01 1.543162925E-01 1.750788688E+01
7.195910000E-02 8.544217260E-01 1.479635116E-01 1.722923161E+01
7.312300000E-02 8.538766993E-01 1.418718032E-01 1.695499364E+01
7.430570000E-02 8.529574673E-01 1.360309671E-01 1.668512644E+01
7.550760000E-02 8.520687641E-01 1.291342937E-01 1.641953923E+01
7.672890000E-02 8.521449205E-01 1.225289296E-01 1.615818811E+01
7.796990000E-02 8.523011243E-01 1.162615045E-01 1.590100795E+01
7.923100000E-02 8.516508612E-01 1.103139625E-01 1.564791559E+01
8.051250000E-02 8.504800773E-01 1.031468213E-01 1.539885111E+01
8.181470000E-02 8.507324934E-01 9.418580087E-02 1.515375599E+01
8.313800000E-02 8.524668827E-01 8.555823145E-02 1.491255503E+01
8.448270000E-02 8.553837267E-01 7.752225356E-02 1.467519386E+01
8.584910000E-02 8.588931849E-01 7.024133552E-02 1.444161907E+01
8.723770000E-02 8.627611361E-01 6.364410723E-02 1.421174561E+01
8.864870000E-02 8.668445572E-01 5.766628324E-02 1.398554068E+01
9.008250000E-02 8.710397437E-01 5.225000357E-02 1.376293953E+01
9.153950000E-02 8.752717808E-01 4.734252137E-02 1.354387996E+01
9.302010000E-02 8.794004478E-01 4.289585748E-02 1.332830216E+01
9.452460000E-02 8.834241091E-01 3.868009177E-02 1.311616235E+01
9.605350000E-02 8.876037568E-01 3.465325516E-02 1.290739015E+01
9.760710000E-02 8.918497109E-01 3.104557117E-02 1.270194484E+01
9.918580000E-02 8.960577291E-01 2.781356831E-02 1.249977315E+01
1.007900000E-01 9.001876139E-01 2.491796985E-02 1.230082349E+01
1.024200000E-01 9.042101099E-01 2.232397492E-02 1.210505761E+01
1.040770000E-01 9.081073610E-01 1.999970170E-02 1.191233414E+01
1.057600000E-01 9.118442473E-01 1.791773094E-02 1.172276853E+01
1.074710000E-01 9.153787285E-01 1.605224967E-02 1.153613533E+01
1.092090000E-01 9.187363696E-01 1.404434065E-02 1.135254420E+01
1.109750000E-01 9.222601275E-01 1.221921374E-02 1.117188556E+01
1.127700000E-01 9.257749671E-01 1.063113027E-02 1.099405870E+01
1.145940000E-01 9.292392060E-01 9.277146240E-03 1.081906557E+01
1.164480000E-01 9.325533641E-01 8.223229297E-03 1.064681231E+01
1.183310000E-01 9.356834640E-01 7.289182854E-03 1.047738970E+01
1.202450000E-01 9.386840323E-01 6.461155221E-03 1.031061583E+01
1.221900000E-01 9.415878431E-01 5.727179619E-03 1.014649317E+01
1.241660000E-01 9.444088251E-01 5.179877994E-03 9.985020054E+00
1.261750000E-01 9.470418520E-01 4.717991010E-03 9.826035268E+00
1.282150000E-01 9.495770758E-01 4.325086268E-03 9.669695433E+00
1.302890000E-01 9.519900141E-01 4.041557759E-03 9.515768791E+00
1.323970000E-01 9.542995384E-01 3.833098127E-03 9.364260519E+00
1.345380000E-01 9.564652660E-01 3.685932175E-03 9.215240304E+00
1.367140000E-01 9.585229611E-01 3.629265996E-03 9.068566496E+00
1.389250000E-01 9.604347181E-01 3.590540225E-03 8.924239698E+00
1.411720000E-01 9.622688739E-01 3.587803873E-03 8.782194770E+00
1.434560000E-01 9.639725157E-01 3.654447694E-03 8.642371180E+00
1.457760000E-01 9.655474728E-01 3.722396349E-03 8.504829327E+00
1.481340000E-01 9.670219209E-01 3.789565471E-03 8.369449282E+00
1.505300000E-01 9.684075348E-01 3.857725870E-03 8.236231980E+00
1.529640000E-01 9.697081624E-01 3.927179141E-03 8.105175074E+00
1.554390000E-01 9.709321806E-01 3.981621895E-03 7.976119249E+00
1.579530000E-01 9.720950040E-01 4.034284247E-03 7.849170323E+00
1.605070000E-01 9.731949517E-01 4.087692050E-03 7.724273708E+00
1.631030000E-01 9.742323307E-01 4.141778991E-03 7.601331674E+00
1.657420000E-01 9.751950369E-01 4.196515602E-03 7.480300708E+00
1.684220000E-01 9.760707412E-01 4.207808330E-03 7.361271093E+00
1.711460000E-01 9.769477520E-01 4.185388800E-03 7.244107370E+00
1.739150000E-01 9.777995226E-01 4.163027474E-03 7.128769801E+00
1.767270000E-01 9.786189963E-01 4.140884196E-03 7.015340044E+00
1.795860000E-01 9.794065895E-01 4.118783871E-03 6.903656187E+00
1.824910000E-01 9.801606366E-01 4.096803764E-03 6.793759692E+00
1.854420000E-01 9.808797547E-01 4.070428929E-03 6.685648343E+00
1.884420000E-01 9.815749432E-01 4.039969645E-03 6.579212702E+00
1.914890000E-01 9.822434722E-01 4.009803368E-03 6.474523341E+00
1.945870000E-01 9.828854861E-01 3.979797240E-03 6.371443108E+00
1.977340000E-01 9.835007528E-01 3.950057108E-03 6.270039548E+00
2.009320000E-01 9.840887857E-01 3.920545602E-03 6.170246651E+00
2.041820000E-01 9.846469522E-01 3.891231612E-03 6.072033774E+00
2.074850000E-01 9.851754472E-01 3.844245303E-03 5.975371714E+00
2.108400000E-01 9.856957000E-01 3.789972837E-03 5.880288370E+00
2.142510000E-01 9.862013733E-01 3.736388739E-03 5.786670774E+00
2.177160000E-01 9.866904155E-01 3.683615624E-03 5.694574583E+00
2.212370000E-01 9.871622311E-01 3.631591032E-03 5.603945091E+00
2.248160000E-01 9.876165239E-01 3.580267996E-03 5.514732048E+00
2.284520000E-01 9.880502500E-01 3.529687863E-03 5.426960587E+00
2.321470000E-01 9.884566831E-01 3.472287554E-03 5.340581614E+00
2.359020000E-01 9.888593286E-01 3.396962332E-03 5.255572229E+00
2.397170000E-01 9.892572911E-01 3.323294787E-03 5.171931903E+00
2.435950000E-01 9.896457654E-01 3.250731341E-03 5.089595435E+00
2.475350000E-01 9.900239542E-01 3.179424582E-03 5.008584645E+00
2.515380000E-01 9.903889718E-01 3.109693997E-03 4.928877545E+00
2.556070000E-01 9.907332968E-01 3.036351208E-03 4.850414895E+00
2.597410000E-01 9.910777740E-01 2.944158742E-03 4.773216396E+00
2.639420000E-01 9.914236778E-01 2.854758002E-03 4.697244092E+00
2.682110000E-01 9.917636103E-01 2.768079541E-03 4.622480062E+00
2.725490000E-01 9.920996500E-01 2.673582468E-03 4.548906802E+00
2.769570000E-01 9.924388705E-01 2.580162771E-03 4.476507183E+00
2.814370000E-01 9.927794409E-01 2.490000065E-03 4.405248777E+00
2.859890000E-01 9.931209816E-01 2.403947119E-03 4.335131771E+00
2.906150000E-01 9.934614935E-01 2.322594455E-03 4.266125286E+00
2.953150000E-01 9.938030774E-01 2.244000559E-03 4.198229010E+00
3.000920000E-01 9.941503705E-01 2.170825707E-03 4.131399704E+00
3.049450000E-01 9.944990061E-01 2.104151725E-03 4.065651183E+00
3.098780000E-01 9.948614419E-01 2.039503942E-03 4.000929398E+00
3.148900000E-01 9.952274903E-01 2.007944065E-03 3.937247928E+00
3.199830000E-01 9.955858783E-01 1.982110113E-03 3.874580837E+00
3.251580000E-01 9.959581048E-01 1.960185231E-03 3.812915567E+00
3.304180000E-01 9.963287173E-01 1.971446075E-03 3.752216889E+00
3.357620000E-01 9.967025558E-01 1.982785598E-03 3.692496471E+00
3.411920000E-01 9.971008015E-01 2.002359871E-03 3.633731154E+00
3.467110000E-01 9.975577845E-01 2.029173024E-03 3.575888853E+00
3.523190000E-01 9.980605912E-01 2.195854463E-03 3.518970024E+00
3.580170000E-01 9.985553094E-01 2.475312188E-03 3.462964049E+00
3.638080000E-01 9.989779608E-01 2.863028457E-03 3.407841499E+00
3.696920000E-01 9.993087299E-01 3.392021244E-03 3.353602458E+00
3.756720000E-01 9.993096768E-01 3.965845087E-03 3.300219340E+00
3.817480000E-01 9.992811403E-01 4.374569744E-03 3.247692195E+00
3.879220000E-01 9.991214355E-01 4.790643389E-03 3.196003320E+00
3.941970000E-01 9.989488788E-01 5.045445900E-03 3.145127944E+00
4.005730000E-01 9.987032231E-01 5.313870927E-03 3.095066318E+00
4.070520000E-01 9.984552293E-01 5.391361649E-03 3.045802502E+00
4.136350000E-01 9.982122555E-01 5.451197329E-03 2.997328563E+00
4.203260000E-01 9.980193998E-01 5.404274114E-03 2.949615299E+00
4.271240000E-01 9.978823567E-01 5.357761113E-03 2.902669951E+00
4.340320000E-01 9.977613830E-01 5.309616719E-03 2.856471412E+00
4.410520000E-01 9.976613129E-01 5.243326668E-03 2.811006412E+00
4.481860000E-01 9.975777585E-01 5.177855232E-03 2.766262221E+00
4.554350000E-01 9.975039191E-01 5.113197253E-03 2.722232591E+00
4.628020000E-01 9.974346718E-01 5.049347428E-03 2.678899400E+00
4.702870000E-01 9.973480847E-01 4.980405670E-03 2.636262538E+00
4.778940000E-01 9.972784868E-01 4.880972045E-03 2.594299154E+00
4.856230000E-01 9.972289815E-01 4.783567962E-03 2.553009227E+00
4.934780000E-01 9.971875038E-01 4.688084088E-03 2.512371372E+00
5.014590000E-01 9.971511182E-01 4.594532125E-03 2.472385579E+00
5.095700000E-01 9.971157823E-01 4.502377995E-03 2.433031772E+00
5.178120000E-01 9.970846432E-01 4.405904150E-03 2.394305269E+00
5.261870000E-01 9.970567011E-01 4.311495673E-03 2.356196561E+00
5.346980000E-01 9.970288450E-01 4.219106735E-03 2.318692047E+00
5.433460000E-01 9.969944473E-01 4.128692052E-03 2.281787296E+00
5.521340000E-01 9.969517430E-01 4.018905752E-03 2.245469397E+00
5.610650000E-01 9.969242164E-01 3.894749251E-03 2.209726146E+00
5.701390000E-01 9.969120269E-01 3.774445784E-03 2.174557432E+00
5.793610000E-01 9.969053080E-01 3.657840726E-03 2.139943835E+00
5.887320000E-01 9.968938394E-01 3.544838186E-03 2.105881793E+00
5.982540000E-01 9.968856778E-01 3.418312861E-03 2.072363912E+00
6.079300000E-01 9.968926623E-01 3.288237782E-03 2.039379534E+00
6.177630000E-01 9.969096026E-01 3.163111434E-03 2.006918511E+00
6.277550000E-01 9.969334026E-01 3.042751971E-03 1.974974313E+00
6.379080000E-01 9.969647447E-01 2.926972287E-03 1.943540448E+00
6.482260000E-01 9.969975967E-01 2.823810918E-03 1.912604555E+00
6.587110000E-01 9.970286246E-01 2.725120636E-03 1.882160765E+00
6.693650000E-01 9.970548109E-01 2.629894019E-03 1.852203208E+00
6.801910000E-01 9.970781181E-01 2.531814557E-03 1.822723323E+00
6.911930000E-01 9.971067944E-01 2.429546774E-03 1.793710295E+00
7.023720000E-01 9.971398546E-01 2.331419269E-03 1.765161481E+00
7.137330000E-01 9.971682354E-01 2.237252270E-03 1.737064140E+00
7.252770000E-01 9.971992125E-01 2.134767415E-03 1.709415851E+00
7.370080000E-01 9.972396403E-01 2.033242320E-03 1.682206977E+00
7.489280000E-01 9.972849841E-01 1.936556212E-03 1.655432832E+00
7.610420000E-01 9.973347995E-01 1.844453153E-03 1.629082232E+00
7.733510000E-01 9.973854636E-01 1.759760720E-03 1.603153031E+00
7.858590000E-01 9.974342793E-01 1.677401460E-03 1.577636701E+00
7.985700000E-01 9.974846898E-01 1.596265586E-03 1.552525139E+00
8.114860000E-01 9.975374979E-01 1.518932593E-03 1.527814405E+00
8.246110000E-01 9.975910519E-01 1.445381246E-03 1.503496800E+00
8.379490000E-01 9.976449188E-01 1.375412329E-03 1.479564985E+00
8.515020000E-01 9.976988620E-01 1.308708083E-03 1.456015370E+00
8.652740000E-01 9.977527416E-01 1.245133866E-03 1.432840927E+00
8.792690000E-01 9.978064423E-01 1.184542044E-03 1.410034927E+00
8.934910000E-01 9.978598119E-01 1.126909719E-03 1.387590921E+00
9.079430000E-01 9.979126751E-01 1.072071856E-03 1.365504222E+00
9.226280000E-01 9.979647161E-01 1.019905923E-03 1.343770187E+00
9.375510000E-01 9.980160715E-01 9.698952486E-04 1.322381396E+00
9.527150000E-01 9.980668934E-01 9.222489825E-04 1.301333557E+00
9.681240000E-01 9.981169632E-01 8.768703876E-04 1.280621077E+00
9.837830000E-01 9.981661357E-01 8.337226628E-04 1.260237268E+00
9.996950000E-01 9.982143516E-01 7.925434136E-04 1.240178254E+00
1.015860000E+00 9.982611453E-01 7.532536573E-04 1.220443762E+00
1.032290000E+00 9.983071764E-01 7.146245297E-04 1.201019093E+00
1.048990000E+00 9.983532282E-01 6.778062901E-04 1.181898779E+00
1.065960000E+00 9.983986492E-01 6.427249910E-04 1.163083043E+00
1.083200000E+00 9.984434384E-01 6.094604805E-04 1.144571640E+00
1.100720000E+00 9.984874400E-01 5.779139957E-04 1.126353659E+00
1.118520000E+00 9.985305996E-01 5.480028563E-04 1.108428995E+00
1.136610000E+00 9.985728846E-01 5.196492745E-04 1.090787517E+00
1.155000000E+00 9.986142809E-01 4.927515374E-04 1.073419913E+00
1.173680000E+00 9.986547375E-01 4.672516921E-04 1.056335628E+00
1.192660000E+00 9.986942602E-01 4.430703224E-04 1.039525095E+00
1.211950000E+00 9.987328581E-01 4.201395794E-04 1.022979496E+00
1.231550000E+00 9.987705297E-01 3.983927744E-04 1.006698875E+00
1.251470000E+00 9.988072800E-01 3.777812430E-04 9.906749662E-01
1.271720000E+00 9.988431148E-01 3.582438097E-04 9.749001352E-01
1.292290000E+00 9.988780113E-01 3.397278729E-04 9.593821820E-01
1.313190000E+00 9.989119863E-01 3.221723174E-04 9.441131900E-01
1.334430000E+00 9.989450612E-01 3.055280153E-04 9.290858269E-01
1.356010000E+00 9.989772416E-01 2.897426920E-04 9.143000420E-01
1.377940000E+00 9.990085517E-01 2.747677476E-04 8.997489005E-01
1.400230000E+00 9.990390120E-01 2.605672186E-04 8.854259657E-01
1.422880000E+00 9.990686268E-01 2.471009858E-04 8.713313842E-01
1.445890000E+00 9.990974068E-01 2.343306971E-04 8.574649524E-01
1.469280000E+00 9.991253833E-01 2.222136809E-04 8.438146575E-01
1.493040000E+00 9.991525550E-01 2.107190394E-04 8.303863259E-01
1.517190000E+00 9.991789563E-01 1.997972922E-04 8.171685814E-01
1.541730000E+00 9.992046213E-01 1.894388298E-04 8.041615588E-01
1.566670000E+00 9.992295521E-01 1.796169940E-04 7.913600184E-01
1.592010000E+00 9.992537576E-01 1.703026517E-04 7.787639525E-01
1.617760000E+00 9.992772618E-01 1.614709070E-04 7.663683117E-01
1.643920000E+00 9.993000687E-01 1.530986194E-04 7.541729525E-01
1.670510000E+00 9.993222070E-01 1.451608862E-04 7.421685593E-01
1.697530000E+00 9.993436760E-01 1.376354625E-04 7.303552809E-01
1.724990000E+00 9.993644797E-01 1.305009628E-04 7.187288042E-01
1.752890000E+00 9.993846256E-01 1.236319036E-04 7.072891054E-01
1.781240000E+00 9.994042414E-01 1.170899129E-04 6.960319777E-01
1.810050000E+00 9.994233160E-01 1.108682543E-04 6.849534543E-01
1.839320000E+00 9.994418511E-01 1.049807074E-04 6.740534545E-01
1.869070000E+00 9.994598523E-01 9.940578909E-05 6.633245411E-01
1.899300000E+00 9.994773259E-01 9.412767169E-05 6.527668088E-01
1.930020000E+00 9.994942828E-01 8.912799291E-05 6.423767629E-01
1.961240000E+00 9.995107404E-01 8.439335275E-05 6.321510881E-01
1.992960000E+00 9.995267089E-01 7.991083708E-05 6.220897559E-01
2.025200000E+00 9.995421919E-01 7.570974803E-05 6.121864507E-01
2.057950000E+00 9.995571562E-01 7.164154004E-05 6.024441799E-01
2.091240000E+00 9.995717221E-01 6.777306140E-05 5.928540005E-01
2.125060000E+00 9.995858707E-01 6.410717224E-05 5.834188211E-01
2.159430000E+00 9.995996112E-01 6.063370687E-05 5.741329888E-01
2.194360000E+00 9.996129538E-01 5.733582699E-05 5.649938934E-01
2.229850000E+00 9.996259136E-01 5.420573253E-05 5.560015248E-01
2.265920000E+00 9.996385058E-01 5.123962311E-05 5.471508262E-01
2.302570000E+00 9.996507383E-01 4.842773271E-05 5.384418280E-01
2.339810000E+00 9.996626273E-01 4.576172218E-05 5.298720836E-01
2.377660000E+00 9.996741872E-01 4.323359796E-05 5.214370431E-01
2.416110000E+00 9.996854273E-01 4.083825127E-05 5.131388885E-01
2.455190000E+00 9.996963654E-01 3.856800065E-05 5.049711020E-01
2.494900000E+00 9.997070170E-01 3.641667165E-05 4.969337448E-01
2.535260000E+00 9.997173974E-01 3.437757476E-05 4.890228221E-01
2.576260000E+00 9.997275197E-01 3.244619069E-05 4.812402475E-01
2.617930000E+00 9.997374050E-01 3.061670640E-05 4.735802714E-01
2.660270000E+00 9.997470734E-01 2.888408497E-05 4.660429205E-01
2.703300000E+00 9.997565499E-01 2.724250912E-05 4.586246440E-01
2.747030000E+00 9.997658616E-01 2.568797854E-05 4.513237933E-01
2.791460000E+00 9.997750416E-01 2.421633234E-05 4.441403423E-01
2.836610000E+00 9.997841390E-01 2.282347395E-05 4.370710108E-01
2.882490000E+00 9.997932156E-01 2.150460059E-05 4.301142415E-01
2.929110000E+00 9.998023662E-01 2.025602274E-05 4.232685014E-01
2.976480000E+00 9.998117416E-01 1.907512368E-05 4.165322797E-01
3.024630000E+00 9.998216222E-01 1.795740941E-05 4.099013764E-01
3.073550000E+00 9.998326201E-01 1.690010587E-05 4.033772023E-01
3.123260000E+00 9.998466823E-01 1.589971244E-05 3.969570257E-01
3.173200000E+00 9.999236504E-01 1.496889144E-05 3.907096937E-01
3.173400000E+00 9.999236568E-01 5.115326033E-05 3.906850696E-01
3.173780000E+00 9.999057192E-01 5.113170151E-05 3.906382925E-01
3.225110000E+00 9.998576507E-01 4.831653633E-05 3.844209965E-01
3.277270000E+00 9.998577263E-01 4.565525167E-05 3.783026727E-01
3.330200000E+00 9.998899515E-01 4.314494285E-05 3.722899526E-01
3.330400000E+00 9.998899470E-01 5.943549156E-05 3.722675955E-01
3.384150000E+00 9.998585388E-01 5.619126550E-05 3.663549193E-01
3.438880000E+00 9.998573963E-01 5.311795867E-05 3.605243568E-01
3.494500000E+00 9.998585635E-01 5.021137320E-05 3.547860924E-01
3.551020000E+00 9.998612663E-01 4.746587393E-05 3.491391206E-01
3.604200000E+00 9.998745302E-01 4.505611343E-05 3.439875701E-01
3.604400000E+00 9.998745362E-01 5.082091876E-05 3.439684830E-01
3.608460000E+00 9.998678209E-01 5.063171810E-05 3.435814724E-01
3.666820000E+00 9.998651047E-01 4.800755471E-05 3.381131335E-01
3.726130000E+00 9.998664502E-01 4.551435816E-05 3.327312788E-01
3.786400000E+00 9.998684786E-01 4.313466609E-05 3.274350306E-01
3.847640000E+00 9.998708484E-01 4.087044275E-05 3.222234928E-01
3.909870000E+00 9.998734192E-01 3.871603317E-05 3.170949418E-01
3.973110000E+00 9.998761240E-01 3.666726600E-05 3.120477409E-01
4.037380000E+00 9.998789114E-01 3.471837146E-05 3.070803343E-01
4.102680000E+00 9.998817495E-01 3.286479794E-05 3.021927131E-01
4.169030000E+00 9.998846144E-01 3.110347490E-05 2.973833242E-01
4.236460000E+00 9.998874904E-01 2.943097012E-05 2.926499955E-01
4.304980000E+00 9.998903606E-01 2.784472775E-05 2.879920464E-01
4.374620000E+00 9.998932158E-01 2.633554944E-05 2.834074731E-01
4.445370000E+00 9.998960459E-01 2.490479050E-05 2.788969197E-01
4.517270000E+00 9.998988450E-01 2.354795196E-05 2.744578031E-01
4.590330000E+00 9.999016072E-01 2.226112619E-05 2.700895143E-01
4.664580000E+00 9.999043276E-01 2.104046321E-05 2.657902748E-01
4.740030000E+00 9.999070031E-01 1.988355620E-05 2.615595260E-01
4.816690000E+00 9.999096301E-01 1.878777239E-05 2.573966770E-01
4.894600000E+00 9.999122068E-01 1.774953262E-05 2.532995546E-01
4.973770000E+00 9.999147315E-01 1.676592430E-05 2.492676581E-01
5.054210000E+00 9.999172024E-01 1.583473658E-05 2.453004525E-01
5.135960000E+00 9.999196190E-01 1.495310685E-05 2.413959610E-01
5.219030000E+00 9.999219806E-01 1.411883612E-05 2.375537217E-01
5.303440000E+00 9.999242869E-01 1.332906530E-05 2.337727965E-01
5.389220000E+00 9.999265376E-01 1.258211174E-05 2.300518442E-01
5.476390000E+00 9.999287329E-01 1.187555184E-05 2.263900124E-01
5.564970000E+00 9.999308729E-01 1.120736969E-05 2.227864661E-01
5.654980000E+00 9.999329579E-01 1.057551091E-05 2.192403863E-01
5.746440000E+00 9.999349885E-01 9.978041325E-06 2.157509693E-01
5.839390000E+00 9.999369655E-01 9.413432389E-06 2.123166975E-01
5.933830000E+00 9.999388893E-01 8.879808209E-06 2.089375665E-01
6.029810000E+00 9.999407610E-01 8.375686793E-06 2.056117854E-01
6.127330000E+00 9.999425807E-01 7.899416295E-06 2.023393550E-01
6.226440000E+00 9.999443502E-01 7.449341809E-06 1.991185975E-01
6.327150000E+00 9.999460698E-01 7.024473695E-06 1.959492030E-01
6.429480000E+00 9.999477405E-01 6.623124696E-06 1.928305244E-01
6.533480000E+00 9.999493638E-01 6.244154544E-06 1.897610462E-01
6.639150000E+00 9.999509399E-01 5.886409783E-06 1.867407725E-01
6.746540000E+00 9.999524706E-01 5.548743992E-06 1.837682723E-01
6.855650000E+00 9.999539561E-01 5.230133045E-06 1.808435378E-01
6.966540000E+00 9.999553982E-01 4.929267998E-06 1.779649582E-01
7.079220000E+00 9.999567976E-01 4.645404127E-06 1.751322886E-01
7.193720000E+00 9.999581552E-01 4.377628121E-06 1.723447674E-01
7.310070000E+00 9.999594722E-01 4.124915836E-06 1.696016591E-01
7.428310000E+00 9.999607498E-01 3.886628664E-06 1.669020275E-01
7.548450000E+00 9.999619887E-01 3.661808655E-06 1.642456398E-01
7.670540000E+00 9.999631900E-01 3.449895701E-06 1.616313845E-01
7.794610000E+00 9.999643549E-01 3.249987650E-06 1.590586315E-01
7.920680000E+00 9.999654841E-01 3.061415842E-06 1.565269649E-01
8.048790000E+00 9.999665786E-01 2.883727176E-06 1.540355755E-01
8.178980000E+00 9.999676397E-01 2.716137558E-06 1.515836938E-01
8.311260000E+00 9.999686678E-01 2.558215211E-06 1.491711245E-01
8.445690000E+00 9.999696642E-01 2.409307339E-06 1.467967685E-01
8.582290000E+00 9.999706296E-01 2.269012640E-06 1.444602781E-01
8.721110000E+00 9.999715651E-01 2.136730688E-06 1.421608029E-01
8.862160000E+00 9.999724714E-01 2.012100359E-06 1.398981738E-01
9.005500000E+00 9.999733495E-01 1.894582992E-06 1.376714230E-01
9.151160000E+00 9.999742001E-01 1.783981426E-06 1.354800921E-01
9.299170000E+00 9.999750239E-01 1.679714572E-06 1.333237267E-01
9.449580000E+00 9.999758219E-01 1.581507026E-06 1.312015984E-01
9.602420000E+00 9.999765948E-01 1.488916321E-06 1.291132860E-01
9.757730000E+00 9.999773434E-01 1.401769142E-06 1.270582400E-01
9.915550000E+00 9.999780683E-01 1.319671973E-06 1.250359284E-01
1.007590000E+01 9.999787702E-01 1.242342149E-06 1.230460803E-01
1.023890000E+01 9.999794502E-01 1.169497385E-06 1.210872262E-01
1.040450000E+01 9.999801084E-01 1.100902019E-06 1.191599789E-01
1.057280000E+01 9.999807459E-01 1.036299063E-06 1.172631659E-01
1.074380000E+01 9.999813630E-01 9.754667660E-07 1.153967870E-01
1.091760000E+01 9.999819607E-01 9.181808380E-07 1.135597567E-01
1.109420000E+01 9.999825394E-01 8.642433159E-07 1.117520867E-01
1.127360000E+01 9.999830994E-01 8.134692091E-07 1.099737440E-01
1.145590000E+01 9.999836417E-01 7.656616060E-07 1.082237101E-01
1.164120000E+01 9.999841668E-01 7.206471924E-07 1.065010480E-01
1.182950000E+01 9.999846752E-01 6.782682997E-07 1.048057822E-01
1.202080000E+01 9.999851672E-01 6.383780062E-07 1.031378943E-01
1.221530000E+01 9.999856438E-01 6.008166228E-07 1.014956653E-01
1.241280000E+01 9.999861049E-01 5.654734328E-07 9.988076824E-02
1.261360000E+01 9.999865515E-01 5.321960381E-07 9.829073381E-02
1.281760000E+01 9.999869837E-01 5.008799900E-07 9.672637623E-02
1.302500000E+01 9.999874023E-01 4.713934813E-07 9.518618042E-02
1.323560000E+01 9.999878073E-01 4.436526722E-07 9.367161292E-02
1.344970000E+01 9.999881995E-01 4.175376576E-07 9.218049473E-02
1.366720000E+01 9.999885790E-01 3.929621927E-07 9.071353313E-02
1.388830000E+01 9.999889466E-01 3.698291549E-07 8.926938502E-02
1.411290000E+01 9.999893023E-01 3.480635043E-07 8.784870579E-02
1.434120000E+01 9.999896468E-01 3.275764313E-07 8.645022732E-02
1.457310000E+01 9.999899801E-01 3.083007646E-07 8.507455517E-02
1.480890000E+01 9.999903030E-01 2.901557361E-07 8.371992518E-02
1.504840000E+01 9.999906154E-01 2.730855812E-07 8.238749635E-02
1.529180000E+01 9.999909179E-01 2.570218422E-07 8.107613231E-02
1.553910000E+01 9.999912108E-01 2.419054026E-07 7.978583058E-02
1.579040000E+01 9.999914943E-01 2.276810211E-07 7.851606039E-02
1.604580000E+01 9.999917688E-01 2.142967346E-07 7.726632514E-02
1.630540000E+01 9.999920347E-01 2.016983486E-07 7.603615980E-02
1.656910000E+01 9.999922921E-01 1.898483191E-07 7.482603159E-02
1.683710000E+01 9.999925413E-01 1.786969773E-07 7.363500840E-02
1.710940000E+01 9.999927826E-01 1.682038779E-07 7.246309046E-02
1.738610000E+01 9.999930163E-01 1.583318610E-07 7.130983947E-02
1.766740000E+01 9.999932427E-01 1.490401124E-07 7.017444559E-02
1.795310000E+01 9.999934619E-01 1.402996566E-07 6.905771148E-02
1.824350000E+01 9.999936743E-01 1.320742575E-07 6.795845096E-02
1.853860000E+01 9.999938801E-01 1.243348598E-07 6.687667893E-02
1.883840000E+01 9.999940795E-01 1.170533874E-07 6.581238322E-02
1.914310000E+01 9.999942727E-01 1.102013638E-07 6.476485000E-02
1.945270000E+01 9.999944600E-01 1.037544066E-07 6.373408319E-02
1.976740000E+01 9.999946417E-01 9.768708684E-08 6.271942694E-02
2.008710000E+01 9.999948179E-01 9.197905296E-08 6.172120416E-02
2.041200000E+01 9.999949888E-01 8.660768338E-08 6.073878111E-02
2.074210000E+01 9.999951549E-01 8.155381126E-08 5.977215422E-02
2.107760000E+01 9.999953163E-01 7.679763273E-08 5.882073860E-02
2.141850000E+01 9.999954733E-01 7.232244412E-08 5.788453907E-02
2.176500000E+01 9.999956264E-01 6.811058099E-08 5.696301401E-02
2.211700000E+01 9.999957760E-01 6.414779363E-08 5.605642718E-02
2.247470000E+01 9.999959227E-01 6.041865783E-08 5.516425136E-02
2.283820000E+01 9.999960676E-01 5.690918587E-08 5.428623972E-02
2.320760000E+01 9.999962124E-01 5.360646458E-08 5.342215481E-02
2.358300000E+01 9.999963610E-01 5.049814552E-08 5.257176780E-02
2.396440000E+01 9.999965258E-01 4.757315382E-08 5.173507369E-02
2.435020000E+01 9.999972601E-01 4.482968851E-08 5.091539289E-02
2.435040000E+01 9.999972602E-01 2.855958613E-07 5.091497470E-02
2.435200000E+01 9.999970426E-01 2.855290772E-07 5.091162943E-02
2.474590000E+01 9.999967275E-01 2.698089265E-07 5.010122889E-02
2.514620000E+01 9.999967770E-01 2.549112949E-07 4.930367213E-02
2.555290000E+01 9.999968475E-01 2.407990244E-07 4.851895480E-02
2.596620000E+01 9.999969254E-01 2.274326436E-07 4.774668608E-02
2.638610000E+01 9.999970060E-01 2.147761122E-07 4.698686051E-02
2.681290000E+01 9.999970876E-01 2.027934773E-07 4.623893723E-02
2.724660000E+01 9.999971690E-01 1.914520759E-07 4.550292514E-02
2.768730000E+01 9.999972496E-01 1.807197780E-07 4.477865303E-02
2.813510000E+01 9.999973291E-01 1.705665617E-07 4.406595320E-02
2.859020000E+01 9.999974071E-01 1.609620769E-07 4.336450952E-02
2.905260000E+01 9.999974836E-01 1.518803247E-07 4.267432175E-02
2.952250000E+01 9.999975584E-01 1.432926677E-07 4.199508849E-02
3.000000000E+01 0.000000000E+00 0.000000000E+00 4.132666667E-02
