# 11/08/2021 
# Data retrieved from www.chemicool.com/densities.html 
# Includes the real (n) and complex (k) part of the  refractive index. 
# Element, Po  (Z = 84) 
# Nominal density, g cm-3 =  9.4 
#    E [keV]      n       k    Wavelength [nm] 
1.000000000E-02 -1.458831740E+01 8.960739394E-01 1.239800000E+02
1.016170000E-02 1.809054417E+03 8.964941004E-01 1.220071445E+02
1.032610000E-02 1.751941282E+03 8.734971328E-01 1.200646904E+02
1.049310000E-02 1.696651553E+03 8.511004070E-01 1.181538344E+02
1.066280000E-02 1.643107970E+03 8.292768418E-01 1.162733991E+02
1.083530000E-02 1.591238836E+03 8.121112287E-01 1.144223049E+02
1.101060000E-02 1.541005474E+03 7.968292348E-01 1.126005849E+02
1.118860000E-02 1.492395196E+03 7.818541245E-01 1.108092165E+02
1.136960000E-02 1.445288203E+03 7.671439563E-01 1.090451731E+02
1.155350000E-02 1.399675920E+03 7.527139734E-01 1.073094733E+02
1.174040000E-02 1.355498249E+03 7.340611077E-01 1.056011720E+02
1.193030000E-02 1.312721105E+03 7.148060112E-01 1.039202702E+02
1.212320000E-02 1.271309939E+03 6.960648003E-01 1.022667283E+02
1.231930000E-02 1.231189945E+03 6.778064855E-01 1.006388350E+02
1.251860000E-02 1.192331732E+03 6.600232768E-01 9.903663349E+01
1.272100000E-02 1.154723478E+03 6.372017420E-01 9.746089144E+01
1.292680000E-02 1.118280390E+03 6.133387747E-01 9.590927376E+01
1.313590000E-02 1.082993292E+03 5.903729375E-01 9.438256990E+01
1.334830000E-02 1.048833594E+03 5.682739332E-01 9.288074137E+01
1.356420000E-02 1.015742538E+03 5.469846903E-01 9.140236800E+01
1.378360000E-02 9.836953766E+02 5.259046788E-01 8.994747381E+01
1.400660000E-02 9.526533550E+02 5.056325862E-01 8.851541416E+01
1.423310000E-02 9.226058743E+02 4.861487117E-01 8.710681440E+01
1.446330000E-02 8.935025109E+02 4.674146063E-01 8.572040959E+01
1.469730000E-02 8.653091636E+02 4.493966809E-01 8.435562995E+01
1.493500000E-02 8.380160421E+02 4.329588741E-01 8.301305658E+01
1.517650000E-02 8.115895173E+02 4.171727040E-01 8.169208974E+01
1.542200000E-02 7.859876749E+02 4.019570252E-01 8.039164829E+01
1.567140000E-02 7.612013632E+02 3.872997482E-01 7.911226821E+01
1.592490000E-02 7.371915152E+02 3.731745145E-01 7.785292215E+01
1.618250000E-02 7.139400368E+02 3.595637746E-01 7.661362583E+01
1.644420000E-02 6.914285398E+02 3.464868569E-01 7.539436397E+01
1.671020000E-02 6.696224273E+02 3.341045887E-01 7.419420474E+01
1.698050000E-02 6.485052400E+02 3.221647784E-01 7.301316216E+01
1.725510000E-02 6.280602547E+02 3.106535143E-01 7.185122080E+01
1.753420000E-02 6.082567120E+02 2.995526486E-01 7.070753157E+01
1.781780000E-02 5.890795481E+02 2.849212769E-01 6.958210329E+01
1.810600000E-02 5.705071797E+02 2.687881375E-01 6.847453883E+01
1.839890000E-02 5.525190495E+02 2.535680397E-01 6.738446320E+01
1.869640000E-02 5.351069799E+02 2.392125160E-01 6.631223123E+01
1.899880000E-02 5.182397506E+02 2.255861587E-01 6.525675306E+01
1.930610000E-02 5.019047300E+02 2.125746697E-01 6.421804507E+01
1.961840000E-02 4.860841286E+02 2.003127232E-01 6.319577539E+01
1.993570000E-02 4.707656490E+02 1.887594393E-01 6.218994066E+01
2.025820000E-02 4.559278523E+02 1.778709211E-01 6.119990917E+01
2.058580000E-02 4.415637270E+02 1.666079040E-01 6.022598102E+01
2.091880000E-02 4.276489685E+02 1.558781357E-01 5.926726198E+01
2.125710000E-02 4.141770631E+02 1.458404704E-01 5.832404232E+01
2.160090000E-02 4.011294737E+02 1.359571843E-01 5.739575666E+01
2.195030000E-02 3.884925125E+02 1.233740662E-01 5.648214375E+01
2.230530000E-02 3.762563915E+02 1.119558060E-01 5.558320220E+01
2.266610000E-02 3.644047792E+02 1.015941510E-01 5.469842628E+01
2.303270000E-02 3.529285771E+02 9.284804345E-02 5.382781871E+01
2.340530000E-02 3.418127325E+02 8.524681153E-02 5.297090830E+01
2.378380000E-02 3.310515276E+02 7.826865493E-02 5.212791900E+01
2.416850000E-02 3.206280177E+02 7.171923361E-02 5.129817738E+01
2.455940000E-02 3.105342640E+02 6.555012589E-02 5.048168929E+01
2.495660000E-02 3.007598060E+02 5.991178937E-02 4.967824143E+01
2.536030000E-02 2.912922638E+02 5.513259474E-02 4.888743430E+01
2.577050000E-02 2.821244028E+02 5.092740482E-02 4.810927223E+01
2.618730000E-02 2.732468030E+02 4.704323470E-02 4.734355966E+01
2.661090000E-02 2.646483815E+02 4.519833444E-02 4.658993119E+01
2.704130000E-02 2.563225087E+02 4.367140984E-02 4.584838747E+01
2.747860000E-02 2.482606640E+02 4.190696090E-02 4.511874695E+01
2.792310000E-02 2.404511749E+02 3.981226015E-02 4.440051427E+01
2.837470000E-02 2.328898173E+02 3.841847710E-02 4.369385403E+01
2.883370000E-02 2.255657317E+02 3.810542911E-02 4.299829713E+01
2.930000000E-02 1.007122447E+00 3.783918448E-02 4.231399317E+01
2.977390000E-02 1.016971377E+00 3.804384983E-02 4.164049721E+01
3.025550000E-02 1.029247502E+00 3.824957312E-02 4.097767348E+01
3.074490000E-02 1.047180562E+00 4.570498390E-02 4.032538730E+01
3.124210000E-02 1.058498498E+00 6.442945705E-02 3.968363202E+01
3.174750000E-02 1.054693036E+00 8.986655377E-02 3.905189385E+01
3.226090000E-02 1.043515955E+00 9.298797946E-02 3.843042197E+01
3.278270000E-02 1.037468110E+00 9.564213018E-02 3.781872756E+01
3.331300000E-02 1.033509232E+00 9.778687163E-02 3.721670219E+01
3.385180000E-02 1.028905481E+00 9.996840647E-02 3.662434494E+01
3.439930000E-02 1.024626479E+00 9.858228784E-02 3.604143108E+01
3.495570000E-02 1.021834709E+00 9.721494558E-02 3.546774918E+01
3.552110000E-02 1.019388720E+00 9.544866442E-02 3.490319838E+01
3.609560000E-02 1.018067202E+00 9.290929780E-02 3.434767673E+01
3.667940000E-02 1.017634189E+00 9.043744629E-02 3.380098911E+01
3.727270000E-02 1.017836768E+00 8.802905541E-02 3.326295117E+01
3.787550000E-02 1.018663618E+00 8.568497383E-02 3.273356127E+01
3.848820000E-02 1.020388352E+00 8.340276980E-02 3.221247032E+01
3.911070000E-02 1.022626124E+00 8.260337652E-02 3.169976503E+01
3.974320000E-02 1.024434327E+00 8.202892623E-02 3.119527366E+01
4.038610000E-02 1.026300056E+00 8.145773111E-02 3.069868098E+01
4.103930000E-02 1.028776342E+00 8.142742650E-02 3.021006694E+01
4.170310000E-02 1.030725422E+00 8.208218869E-02 2.972920478E+01
4.237760000E-02 1.032597713E+00 8.274230572E-02 2.925602205E+01
4.306300000E-02 1.034914985E+00 8.341513972E-02 2.879037689E+01
4.375950000E-02 1.036973217E+00 8.581303716E-02 2.833213359E+01
4.446730000E-02 1.038190742E+00 8.827974828E-02 2.788116211E+01
4.518650000E-02 1.038925310E+00 9.081746271E-02 2.743739834E+01
4.591740000E-02 1.039294017E+00 9.349447606E-02 2.700065770E+01
4.666000000E-02 1.039189758E+00 9.630631163E-02 2.657093871E+01
4.741470000E-02 1.038615972E+00 9.920160983E-02 2.614800895E+01
4.818160000E-02 1.037442552E+00 1.021839788E-01 2.573181463E+01
4.896090000E-02 1.035282027E+00 1.052560546E-01 2.532224694E+01
4.975280000E-02 1.032767585E+00 1.067310144E-01 2.491920053E+01
5.055760000E-02 1.030655267E+00 1.081126427E-01 2.452252480E+01
5.137530000E-02 1.028562187E+00 1.095125544E-01 2.413221918E+01
5.220620000E-02 1.026340707E+00 1.109307739E-01 2.374813719E+01
5.305060000E-02 1.023828474E+00 1.123669069E-01 2.337014096E+01
5.390870000E-02 1.020695352E+00 1.138218959E-01 2.299814316E+01
5.478060000E-02 1.017492571E+00 1.140559342E-01 2.263209968E+01
5.566670000E-02 1.014600089E+00 1.142878171E-01 2.227184295E+01
5.656700000E-02 1.011706963E+00 1.145202016E-01 2.191737232E+01
5.748200000E-02 1.008602659E+00 1.147533620E-01 2.156849101E+01
5.841170000E-02 1.004810636E+00 1.143933428E-01 2.122519975E+01
5.935640000E-02 1.001725550E+00 1.132549215E-01 2.088738535E+01
6.031650000E-02 9.989889804E-01 1.121277672E-01 2.055490620E+01
6.129210000E-02 9.964299454E-01 1.110116378E-01 2.022772919E+01
6.228340000E-02 9.939721103E-01 1.099069204E-01 1.990578549E+01
6.329080000E-02 9.915667403E-01 1.088127813E-01 1.958894500E+01
6.431450000E-02 9.891707518E-01 1.077300273E-01 1.927714590E+01
6.535470000E-02 9.867375042E-01 1.066575991E-01 1.897032654E+01
6.641180000E-02 9.841984215E-01 1.055960304E-01 1.866836918E+01
6.748590000E-02 9.814033950E-01 1.045454571E-01 1.837124496E+01
6.857750000E-02 9.778362630E-01 1.028989099E-01 1.807881594E+01
6.968670000E-02 9.750916148E-01 1.002387319E-01 1.779105626E+01
7.081380000E-02 9.728633236E-01 9.764704016E-02 1.750788688E+01
7.195910000E-02 9.709321651E-01 9.512239603E-02 1.722923161E+01
7.312300000E-02 9.691981146E-01 9.266312468E-02 1.695499364E+01
7.430570000E-02 9.676084416E-01 9.026742041E-02 1.668512644E+01
7.550760000E-02 9.661234602E-01 8.793307123E-02 1.641953923E+01
7.672890000E-02 9.647074583E-01 8.565971392E-02 1.615818811E+01
7.796990000E-02 9.633160380E-01 8.344512553E-02 1.590100795E+01
7.923100000E-02 9.618588478E-01 8.128760191E-02 1.564791559E+01
8.051250000E-02 9.602471333E-01 7.887520178E-02 1.539885111E+01
8.181470000E-02 9.589713278E-01 7.627696091E-02 1.515375599E+01
8.313800000E-02 9.578590067E-01 7.376409478E-02 1.491255503E+01
8.448270000E-02 9.568118130E-01 7.133413823E-02 1.467519386E+01
8.584910000E-02 9.557511315E-01 6.898417276E-02 1.444161907E+01
8.723770000E-02 9.545434914E-01 6.671158185E-02 1.421174561E+01
8.864870000E-02 9.527258230E-01 6.429855451E-02 1.398554068E+01
9.008250000E-02 9.514766879E-01 6.045349745E-02 1.376293953E+01
9.153950000E-02 9.509902244E-01 5.683818392E-02 1.354387996E+01
9.302010000E-02 9.510503183E-01 5.347871091E-02 1.332830216E+01
9.452460000E-02 9.512294241E-01 5.055795407E-02 1.311616235E+01
9.605350000E-02 9.514050184E-01 4.779660407E-02 1.290739015E+01
9.760710000E-02 9.514748688E-01 4.518592327E-02 1.270194484E+01
9.918580000E-02 9.513306210E-01 4.212044370E-02 1.249977315E+01
1.007900000E-01 9.518777813E-01 3.886111687E-02 1.230082349E+01
1.024200000E-01 9.529774093E-01 3.585438497E-02 1.210505761E+01
1.040770000E-01 9.542641969E-01 3.345535429E-02 1.191233414E+01
1.057600000E-01 9.554074231E-01 3.132316065E-02 1.172276853E+01
1.074710000E-01 9.565036704E-01 2.932658697E-02 1.153613533E+01
1.092090000E-01 9.575729045E-01 2.745748638E-02 1.135254420E+01
1.109750000E-01 9.586009215E-01 2.570770626E-02 1.117188556E+01
1.127700000E-01 9.595020949E-01 2.406904977E-02 1.099405870E+01
1.145940000E-01 9.603389866E-01 2.220668673E-02 1.081906557E+01
1.164480000E-01 9.614613040E-01 2.032899314E-02 1.064681231E+01
1.183310000E-01 9.627276827E-01 1.861048892E-02 1.047738970E+01
1.202450000E-01 9.640877918E-01 1.703690073E-02 1.031061583E+01
1.221900000E-01 9.655765250E-01 1.559653285E-02 1.014649317E+01
1.241660000E-01 9.671694498E-01 1.457251621E-02 9.985020054E+00
1.261750000E-01 9.685129517E-01 1.377343585E-02 9.826035268E+00
1.282150000E-01 9.696849305E-01 1.301855613E-02 9.669695433E+00
1.302890000E-01 9.707731709E-01 1.230478861E-02 9.515768791E+00
1.323970000E-01 9.717927440E-01 1.163007254E-02 9.364260519E+00
1.345380000E-01 9.727510362E-01 1.099259166E-02 9.215240304E+00
1.367140000E-01 9.736513059E-01 1.039000856E-02 9.068566496E+00
1.389250000E-01 9.744873776E-01 9.820450382E-03 8.924239698E+00
1.411720000E-01 9.752109985E-01 9.282054046E-03 8.782194770E+00
1.434560000E-01 9.758610490E-01 8.588969259E-03 8.642371180E+00
1.457760000E-01 9.766390852E-01 7.851707541E-03 8.504829327E+00
1.481340000E-01 9.774683567E-01 7.177675966E-03 8.369449282E+00
1.505300000E-01 9.783132523E-01 6.561506053E-03 8.236231980E+00
1.529640000E-01 9.791599271E-01 5.998302060E-03 8.105175074E+00
1.554390000E-01 9.800029238E-01 5.483324545E-03 7.976119249E+00
1.579530000E-01 9.808456825E-01 5.017274456E-03 7.849170323E+00
1.605070000E-01 9.816600060E-01 4.617236228E-03 7.724273708E+00
1.631030000E-01 9.824452429E-01 4.249049963E-03 7.601331674E+00
1.657420000E-01 9.832062453E-01 3.910184619E-03 7.480300708E+00
1.684220000E-01 9.839461693E-01 3.598402228E-03 7.361271093E+00
1.711460000E-01 9.846679602E-01 3.311467403E-03 7.244107370E+00
1.739150000E-01 9.853760740E-01 3.047373511E-03 7.128769801E+00
1.767270000E-01 9.860967326E-01 2.804405492E-03 7.015340044E+00
1.795860000E-01 9.867839685E-01 2.657367464E-03 6.903656187E+00
1.824910000E-01 9.874087154E-01 2.525881992E-03 6.793759692E+00
1.854420000E-01 9.879940768E-01 2.400934870E-03 6.685648343E+00
1.884420000E-01 9.885448761E-01 2.280271872E-03 6.579212702E+00
1.914890000E-01 9.890769606E-01 2.155409563E-03 6.474523341E+00
1.945870000E-01 9.895956317E-01 2.037350156E-03 6.371443108E+00
1.977340000E-01 9.901018728E-01 1.925776139E-03 6.270039548E+00
2.009320000E-01 9.905984124E-01 1.826365035E-03 6.170246651E+00
2.041820000E-01 9.910819516E-01 1.735884566E-03 6.072033774E+00
2.074850000E-01 9.915702549E-01 1.662285000E-03 5.975371714E+00
2.108400000E-01 9.920329724E-01 1.613462023E-03 5.880288370E+00
2.142510000E-01 9.924834584E-01 1.578649058E-03 5.786670774E+00
2.177160000E-01 9.929074089E-01 1.559639720E-03 5.694574583E+00
2.212370000E-01 9.933145573E-01 1.540863891E-03 5.603945091E+00
2.248160000E-01 9.937201917E-01 1.536197181E-03 5.514732048E+00
2.284520000E-01 9.941006713E-01 1.550771342E-03 5.426960587E+00
2.321470000E-01 9.944722622E-01 1.565482125E-03 5.340581614E+00
2.359020000E-01 9.948259416E-01 1.614360038E-03 5.255572229E+00
2.397170000E-01 9.951530821E-01 1.667863165E-03 5.171931903E+00
2.435950000E-01 9.954571239E-01 1.725060054E-03 5.089595435E+00
2.475350000E-01 9.957433256E-01 1.784224494E-03 5.008584645E+00
2.515380000E-01 9.960166960E-01 1.845434999E-03 4.928877545E+00
2.556070000E-01 9.962757406E-01 1.915931922E-03 4.850414895E+00
2.597410000E-01 9.965165059E-01 1.991804402E-03 4.773216396E+00
2.639420000E-01 9.967407436E-01 2.070677363E-03 4.697244092E+00
2.682110000E-01 9.969501151E-01 2.152673207E-03 4.622480062E+00
2.725490000E-01 9.971458423E-01 2.239312816E-03 4.548906802E+00
2.769570000E-01 9.973237261E-01 2.332671514E-03 4.476507183E+00
2.814370000E-01 9.974824139E-01 2.429916025E-03 4.405248777E+00
2.859890000E-01 9.976130109E-01 2.531223394E-03 4.335131771E+00
2.906150000E-01 9.977260704E-01 2.612913289E-03 4.266125286E+00
2.953150000E-01 9.978333295E-01 2.692007676E-03 4.198229010E+00
3.000920000E-01 9.979280095E-01 2.773477020E-03 4.131399704E+00
3.049450000E-01 9.979951382E-01 2.857439213E-03 4.065651183E+00
3.098780000E-01 9.980481577E-01 2.911410212E-03 4.000929398E+00
3.148900000E-01 9.981053340E-01 2.957403860E-03 3.937247928E+00
3.199830000E-01 9.981582006E-01 3.004137011E-03 3.874580837E+00
3.251580000E-01 9.981991410E-01 3.051598819E-03 3.812915567E+00
3.304180000E-01 9.982198664E-01 3.086835001E-03 3.752216889E+00
3.357620000E-01 9.982479578E-01 3.101368456E-03 3.692496471E+00
3.411920000E-01 9.982789169E-01 3.115987652E-03 3.633731154E+00
3.467110000E-01 9.983079706E-01 3.130655128E-03 3.575888853E+00
3.523190000E-01 9.983327516E-01 3.145399414E-03 3.518970024E+00
3.580170000E-01 9.983453683E-01 3.160224989E-03 3.462964049E+00
3.638080000E-01 9.983552891E-01 3.157998482E-03 3.407841499E+00
3.696920000E-01 9.983697251E-01 3.153099830E-03 3.353602458E+00
3.756720000E-01 9.983843410E-01 3.148191904E-03 3.300219340E+00
3.817480000E-01 9.983973988E-01 3.143305232E-03 3.247692195E+00
3.879220000E-01 9.984078286E-01 3.138421064E-03 3.196003320E+00
3.941970000E-01 9.984148572E-01 3.133540547E-03 3.145127944E+00
4.005730000E-01 9.984175104E-01 3.128661602E-03 3.095066318E+00
4.070520000E-01 9.984078051E-01 3.122894543E-03 3.045802502E+00
4.136350000E-01 9.983987789E-01 3.101265704E-03 2.997328563E+00
4.203260000E-01 9.983936976E-01 3.079758254E-03 2.949615299E+00
4.271240000E-01 9.983879972E-01 3.058416623E-03 2.902669951E+00
4.340320000E-01 9.983803142E-01 3.037224297E-03 2.856471412E+00
4.410520000E-01 9.983692740E-01 3.016178940E-03 2.811006412E+00
4.481860000E-01 9.983528344E-01 2.995268215E-03 2.766262221E+00
4.554350000E-01 9.983220972E-01 2.969776451E-03 2.722232591E+00
4.628020000E-01 9.982977742E-01 2.925401756E-03 2.678899400E+00
4.702870000E-01 9.982784003E-01 2.881700911E-03 2.636262538E+00
4.778940000E-01 9.982595179E-01 2.838641070E-03 2.594299154E+00
4.856230000E-01 9.982383993E-01 2.796238475E-03 2.553009227E+00
4.934780000E-01 9.982010352E-01 2.746740716E-03 2.512371372E+00
5.014590000E-01 9.981742629E-01 2.678308138E-03 2.472385579E+00
5.095700000E-01 9.981588056E-01 2.611578495E-03 2.433031772E+00
5.178120000E-01 9.981458099E-01 2.546512672E-03 2.394305269E+00
5.261870000E-01 9.981250161E-01 2.483069434E-03 2.356196561E+00
5.346980000E-01 9.981097137E-01 2.401404715E-03 2.318692047E+00
5.433460000E-01 9.981058573E-01 2.320940983E-03 2.281787296E+00
5.521340000E-01 9.981073889E-01 2.243169483E-03 2.245469397E+00
5.610650000E-01 9.981117566E-01 2.168000545E-03 2.209726146E+00
5.701390000E-01 9.981161354E-01 2.095358688E-03 2.174557432E+00
5.793610000E-01 9.981168940E-01 2.016884460E-03 2.139943835E+00
5.887320000E-01 9.981270191E-01 1.932066218E-03 2.105881793E+00
5.982540000E-01 9.981464030E-01 1.850811157E-03 2.072363912E+00
6.079300000E-01 9.981700579E-01 1.772978577E-03 2.039379534E+00
6.177630000E-01 9.981964872E-01 1.697758285E-03 2.006918511E+00
6.277550000E-01 9.982269904E-01 1.624440690E-03 1.974974313E+00
6.379080000E-01 9.982621986E-01 1.554297709E-03 1.943540448E+00
6.482260000E-01 9.983026299E-01 1.489587406E-03 1.912604555E+00
6.587110000E-01 9.983420950E-01 1.432728204E-03 1.882160765E+00
6.693650000E-01 9.983810616E-01 1.378506403E-03 1.852203208E+00
6.801910000E-01 9.984208373E-01 1.327637647E-03 1.822723323E+00
6.911930000E-01 9.984615485E-01 1.279885545E-03 1.793710295E+00
7.023720000E-01 9.985054188E-01 1.236198132E-03 1.765161481E+00
7.137330000E-01 9.985493622E-01 1.203314246E-03 1.737064140E+00
7.252770000E-01 9.985846666E-01 1.177637789E-03 1.709415851E+00
7.370080000E-01 9.986137576E-01 1.152505851E-03 1.682206977E+00
7.489280000E-01 9.986381790E-01 1.127912184E-03 1.655432832E+00
7.610420000E-01 9.986573252E-01 1.103551336E-03 1.629082232E+00
7.733510000E-01 9.986696895E-01 1.076703383E-03 1.603153031E+00
7.858590000E-01 9.986787627E-01 1.041047978E-03 1.577636701E+00
7.985700000E-01 9.986946263E-01 9.990354304E-04 1.552525139E+00
8.114860000E-01 9.987146827E-01 9.587274893E-04 1.527814405E+00
8.246110000E-01 9.987366389E-01 9.200429779E-04 1.503496800E+00
8.379490000E-01 9.987595694E-01 8.829159331E-04 1.479564985E+00
8.515020000E-01 9.987830716E-01 8.468701193E-04 1.456015370E+00
8.652740000E-01 9.988071216E-01 8.117769003E-04 1.432840927E+00
8.792690000E-01 9.988321082E-01 7.776928534E-04 1.410034927E+00
8.934910000E-01 9.988577909E-01 7.450421131E-04 1.387590921E+00
9.079430000E-01 9.988841124E-01 7.137573608E-04 1.365504222E+00
9.226280000E-01 9.989120124E-01 6.837856331E-04 1.343770187E+00
9.375510000E-01 9.989394447E-01 6.586884123E-04 1.322381396E+00
9.527150000E-01 9.989653625E-01 6.354596875E-04 1.301333557E+00
9.681240000E-01 9.989890650E-01 6.138543186E-04 1.280621077E+00
9.837830000E-01 9.990108858E-01 5.929807931E-04 1.260237268E+00
9.996950000E-01 9.990307406E-01 5.722476619E-04 1.240178254E+00
1.015860000E+00 9.990478824E-01 5.516566084E-04 1.220443762E+00
1.032290000E+00 9.990660096E-01 5.263405206E-04 1.201019093E+00
1.048990000E+00 9.990858002E-01 5.020080402E-04 1.181898779E+00
1.065960000E+00 9.991065900E-01 4.786647286E-04 1.163083043E+00
1.083200000E+00 9.991277240E-01 4.563992993E-04 1.144571640E+00
1.100720000E+00 9.991489707E-01 4.351650855E-04 1.126353659E+00
1.118520000E+00 9.991701822E-01 4.149163765E-04 1.108428995E+00
1.136610000E+00 9.991912742E-01 3.955991832E-04 1.090787517E+00
1.155000000E+00 9.992121853E-01 3.771743747E-04 1.073419913E+00
1.173680000E+00 9.992328421E-01 3.596088903E-04 1.056335628E+00
1.192660000E+00 9.992532189E-01 3.428566421E-04 1.039525095E+00
1.211950000E+00 9.992732858E-01 3.268771200E-04 1.022979496E+00
1.231550000E+00 9.992930186E-01 3.116373426E-04 1.006698875E+00
1.251470000E+00 9.993124119E-01 2.970970258E-04 9.906749662E-01
1.271720000E+00 9.993314529E-01 2.832277812E-04 9.749001352E-01
1.292290000E+00 9.993501148E-01 2.700075096E-04 9.593821820E-01
1.313190000E+00 9.993683931E-01 2.574003993E-04 9.441131900E-01
1.334430000E+00 9.993862854E-01 2.453761487E-04 9.290858269E-01
1.356010000E+00 9.994037871E-01 2.339076593E-04 9.143000420E-01
1.377940000E+00 9.994209006E-01 2.229705643E-04 8.997489005E-01
1.400230000E+00 9.994376244E-01 2.125398120E-04 8.854259657E-01
1.422880000E+00 9.994539474E-01 2.025936464E-04 8.713313842E-01
1.445890000E+00 9.994698591E-01 1.931074201E-04 8.574649524E-01
1.469280000E+00 9.994853522E-01 1.840301274E-04 8.438146575E-01
1.493040000E+00 9.995004175E-01 1.753338951E-04 8.303863259E-01
1.517190000E+00 9.995151748E-01 1.668731065E-04 8.171685814E-01
1.541730000E+00 9.995296542E-01 1.587947620E-04 8.041615588E-01
1.566670000E+00 9.995438375E-01 1.511014770E-04 7.913600184E-01
1.592010000E+00 9.995576967E-01 1.437754278E-04 7.787639525E-01
1.617760000E+00 9.995712320E-01 1.368034716E-04 7.663683117E-01
1.643920000E+00 9.995844330E-01 1.301702736E-04 7.541729525E-01
1.670510000E+00 9.995973103E-01 1.238513141E-04 7.421685593E-01
1.697530000E+00 9.996098637E-01 1.178360014E-04 7.303552809E-01
1.724990000E+00 9.996220542E-01 1.121093497E-04 7.187288042E-01
1.752890000E+00 9.996339435E-01 1.065733213E-04 7.072891054E-01
1.781240000E+00 9.996455748E-01 1.012817577E-04 6.960319777E-01
1.810050000E+00 9.996569459E-01 9.623277750E-05 6.849534543E-01
1.839320000E+00 9.996680583E-01 9.143042484E-05 6.740534545E-01
1.869070000E+00 9.996789106E-01 8.686523913E-05 6.633245411E-01
1.899300000E+00 9.996895033E-01 8.252733413E-05 6.527668088E-01
1.930020000E+00 9.996998403E-01 7.840576568E-05 6.423767629E-01
1.961240000E+00 9.997099287E-01 7.448721806E-05 6.321510881E-01
1.992960000E+00 9.997197892E-01 7.076043318E-05 6.220897559E-01
2.025200000E+00 9.997293677E-01 6.725938067E-05 6.121864507E-01
2.057950000E+00 9.997387148E-01 6.385318390E-05 6.024441799E-01
2.091240000E+00 9.997478903E-01 6.060424866E-05 5.928540005E-01
2.125060000E+00 9.997568781E-01 5.751467210E-05 5.834188211E-01
2.159430000E+00 9.997656953E-01 5.457004073E-05 5.741329888E-01
2.194360000E+00 9.997743543E-01 5.177128680E-05 5.649938934E-01
2.229850000E+00 9.997828723E-01 4.910524549E-05 5.560015248E-01
2.265920000E+00 9.997912737E-01 4.656916530E-05 5.471508262E-01
2.302570000E+00 9.997995834E-01 4.415675763E-05 5.384418280E-01
2.339810000E+00 9.998078351E-01 4.186231251E-05 5.298720836E-01
2.377660000E+00 9.998160758E-01 3.968037717E-05 5.214370431E-01
2.416110000E+00 9.998243646E-01 3.760544910E-05 5.131388885E-01
2.455190000E+00 9.998327961E-01 3.563228518E-05 5.049711020E-01
2.494900000E+00 9.998415093E-01 3.375740051E-05 4.969337448E-01
2.535260000E+00 9.998507475E-01 3.197478840E-05 4.890228221E-01
2.576260000E+00 9.998609875E-01 3.028125746E-05 4.812402475E-01
2.617930000E+00 9.998734272E-01 2.867217905E-05 4.735802714E-01
2.660270000E+00 9.998933451E-01 2.714411157E-05 4.660429205E-01
2.682900000E+00 9.999701567E-01 2.637061495E-05 4.621118938E-01
2.683100000E+00 9.999701508E-01 6.958570840E-05 4.620774477E-01
2.703300000E+00 9.998998201E-01 6.777803176E-05 4.586246440E-01
2.747030000E+00 9.998921432E-01 6.406706774E-05 4.513237933E-01
2.791460000E+00 9.999054439E-01 6.056108888E-05 4.441403423E-01
2.797900000E+00 9.999409570E-01 6.007343832E-05 4.431180528E-01
2.798100000E+00 9.999409327E-01 8.713314532E-05 4.430863800E-01
2.836610000E+00 9.998881418E-01 8.304457640E-05 4.370710108E-01
2.882490000E+00 9.998816122E-01 7.848914576E-05 4.301142415E-01
2.929110000E+00 9.998791494E-01 7.418311827E-05 4.232685014E-01
2.976480000E+00 9.998785315E-01 7.011670139E-05 4.165322797E-01
3.024630000E+00 9.998790268E-01 6.627333415E-05 4.099013764E-01
3.073550000E+00 9.998802902E-01 6.264506963E-05 4.033772023E-01
3.123260000E+00 9.998821493E-01 5.921685997E-05 3.969570257E-01
3.173780000E+00 9.998845499E-01 5.597807536E-05 3.906382925E-01
3.225110000E+00 9.998876146E-01 5.291627338E-05 3.844209965E-01
3.277270000E+00 9.998922531E-01 5.002471139E-05 3.783026727E-01
3.301800000E+00 9.999064549E-01 4.873507943E-05 3.754921558E-01
3.302000000E+00 9.999064446E-01 5.660005061E-05 3.754694125E-01
3.330280000E+00 9.998938373E-01 5.494031621E-05 3.722810094E-01
3.384150000E+00 9.998933837E-01 5.194875236E-05 3.663549193E-01
3.438880000E+00 9.998945005E-01 4.912230789E-05 3.605243568E-01
3.494500000E+00 9.998961647E-01 4.644980588E-05 3.547860924E-01
3.551020000E+00 9.998981270E-01 4.392612117E-05 3.491391206E-01
3.608460000E+00 9.999002831E-01 4.154018103E-05 3.435814724E-01
3.666820000E+00 9.999025852E-01 3.928493872E-05 3.381131335E-01
3.726130000E+00 9.999050246E-01 3.715304256E-05 3.327312788E-01
3.786400000E+00 9.999076626E-01 3.513926928E-05 3.274350306E-01
3.847640000E+00 9.999113790E-01 3.323577381E-05 3.222234928E-01
3.854000000E+00 9.999142259E-01 3.304571738E-05 3.216917488E-01
3.854200000E+00 9.999142259E-01 3.504813411E-05 3.216750558E-01
3.909870000E+00 9.999122413E-01 3.333618505E-05 3.170949418E-01
3.973110000E+00 9.999140784E-01 3.151964590E-05 3.120477409E-01
4.037380000E+00 9.999161843E-01 2.980178594E-05 3.070803343E-01
4.102680000E+00 9.999177596E-01 2.817765861E-05 3.021927131E-01
4.149300000E+00 9.999216424E-01 2.708710677E-05 2.987973875E-01
4.149500000E+00 9.999216416E-01 2.820296293E-05 2.987829859E-01
4.169030000E+00 9.999208437E-01 2.775779248E-05 2.973833242E-01
4.236460000E+00 9.999223904E-01 2.628945196E-05 2.926499955E-01
4.304980000E+00 9.999242314E-01 2.489473976E-05 2.879920464E-01
4.374620000E+00 9.999261334E-01 2.357006525E-05 2.834074731E-01
4.445370000E+00 9.999280489E-01 2.231517238E-05 2.788969197E-01
4.517270000E+00 9.999299582E-01 2.112485155E-05 2.744578031E-01
4.590330000E+00 9.999318502E-01 1.999598891E-05 2.700895143E-01
4.664580000E+00 9.999337195E-01 1.892466862E-05 2.657902748E-01
4.740030000E+00 9.999355622E-01 1.790880943E-05 2.615595260E-01
4.816690000E+00 9.999373741E-01 1.694644171E-05 2.573966770E-01
4.894600000E+00 9.999391529E-01 1.603433236E-05 2.532995546E-01
4.973770000E+00 9.999408971E-01 1.516980214E-05 2.492676581E-01
5.054210000E+00 9.999426051E-01 1.435088977E-05 2.453004525E-01
5.135960000E+00 9.999442766E-01 1.357496310E-05 2.413959610E-01
5.219030000E+00 9.999459105E-01 1.283991323E-05 2.375537217E-01
5.303440000E+00 9.999475066E-01 1.214367566E-05 2.337727965E-01
5.389220000E+00 9.999490650E-01 1.148437217E-05 2.300518442E-01
5.476390000E+00 9.999505854E-01 1.086006837E-05 2.263900124E-01
5.564970000E+00 9.999520680E-01 1.026898834E-05 2.227864661E-01
5.654980000E+00 9.999535129E-01 9.709383468E-06 2.192403863E-01
5.746440000E+00 9.999549204E-01 9.179763803E-06 2.157509693E-01
5.839390000E+00 9.999562912E-01 8.678478826E-06 2.123166975E-01
5.933830000E+00 9.999576252E-01 8.204139691E-06 2.089375665E-01
6.029810000E+00 9.999589235E-01 7.755231152E-06 2.056117854E-01
6.127330000E+00 9.999601862E-01 7.330453169E-06 2.023393550E-01
6.226440000E+00 9.999614142E-01 6.928545457E-06 1.991185975E-01
6.327150000E+00 9.999626079E-01 6.548496609E-06 1.959492030E-01
6.429480000E+00 9.999637679E-01 6.188856632E-06 1.928305244E-01
6.533480000E+00 9.999648953E-01 5.848697718E-06 1.897610462E-01
6.639150000E+00 9.999659903E-01 5.527049312E-06 1.867407725E-01
6.746540000E+00 9.999670539E-01 5.222860826E-06 1.837682723E-01
6.855650000E+00 9.999680864E-01 4.935298003E-06 1.808435378E-01
6.966540000E+00 9.999690889E-01 4.663322289E-06 1.779649582E-01
7.079220000E+00 9.999700620E-01 4.406066539E-06 1.751322886E-01
7.193720000E+00 9.999710064E-01 4.163045353E-06 1.723447674E-01
7.310070000E+00 9.999719226E-01 3.933182638E-06 1.696016591E-01
7.428310000E+00 9.999728117E-01 3.715911304E-06 1.669020275E-01
7.548450000E+00 9.999736742E-01 3.510615020E-06 1.642456398E-01
7.670540000E+00 9.999745106E-01 3.316572393E-06 1.616313845E-01
7.794610000E+00 9.999753218E-01 3.133124095E-06 1.590586315E-01
7.920680000E+00 9.999761085E-01 2.959748811E-06 1.565269649E-01
8.048790000E+00 9.999768713E-01 2.795896187E-06 1.540355755E-01
8.178980000E+00 9.999776109E-01 2.641074063E-06 1.515836938E-01
8.311260000E+00 9.999783279E-01 2.494768330E-06 1.491711245E-01
8.445690000E+00 9.999790229E-01 2.356508148E-06 1.467967685E-01
8.582290000E+00 9.999796966E-01 2.225927066E-06 1.444602781E-01
8.721110000E+00 9.999803497E-01 2.102463204E-06 1.421608029E-01
8.862160000E+00 9.999809825E-01 1.985899262E-06 1.398981738E-01
9.005500000E+00 9.999815959E-01 1.875695166E-06 1.376714230E-01
9.151160000E+00 9.999821903E-01 1.771623202E-06 1.354800921E-01
9.299170000E+00 9.999827663E-01 1.673316212E-06 1.333237267E-01
9.449580000E+00 9.999833245E-01 1.580409176E-06 1.312015984E-01
9.602420000E+00 9.999838653E-01 1.492637851E-06 1.291132860E-01
9.757730000E+00 9.999843892E-01 1.409791645E-06 1.270582400E-01
9.915550000E+00 9.999848955E-01 1.331483763E-06 1.250359284E-01
1.007590000E+01 9.999853862E-01 1.254567763E-06 1.230460803E-01
1.023890000E+01 9.999858645E-01 1.182164047E-06 1.210872262E-01
1.040450000E+01 9.999863285E-01 1.114032209E-06 1.191599789E-01
1.057280000E+01 9.999867788E-01 1.049912223E-06 1.172631659E-01
1.074380000E+01 9.999872156E-01 9.895829505E-07 1.153967870E-01
1.091760000E+01 9.999876397E-01 9.328131398E-07 1.135597567E-01
1.109420000E+01 9.999880511E-01 8.794026062E-07 1.117520867E-01
1.127360000E+01 9.999884505E-01 8.291635374E-07 1.099737440E-01
1.145590000E+01 9.999888383E-01 7.819004566E-07 1.082237101E-01
1.164120000E+01 9.999892153E-01 7.374321459E-07 1.065010480E-01
1.182950000E+01 9.999895818E-01 6.955995253E-07 1.048057822E-01
1.202080000E+01 9.999899385E-01 6.562550050E-07 1.031378943E-01
1.221530000E+01 9.999902865E-01 6.192326467E-07 1.014956653E-01
1.241280000E+01 9.999906262E-01 5.844233940E-07 9.988076824E-02
1.261360000E+01 9.999909593E-01 5.516689748E-07 9.829073381E-02
1.281760000E+01 9.999912873E-01 5.208637047E-07 9.672637623E-02
1.302500000E+01 9.999916136E-01 4.918777010E-07 9.518618042E-02
1.323560000E+01 9.999919433E-01 4.646214165E-07 9.367161292E-02
1.344970000E+01 9.999922906E-01 4.389746832E-07 9.218049473E-02
1.366720000E+01 9.999927102E-01 4.148502107E-07 9.071353313E-02
1.381370000E+01 9.999942767E-01 3.995581370E-07 8.975147860E-02
1.381390000E+01 9.999942768E-01 1.011550056E-06 8.975017917E-02
1.388830000E+01 9.999930576E-01 9.915353034E-07 8.926938502E-02
1.411290000E+01 9.999930138E-01 9.340687282E-07 8.784870579E-02
1.434120000E+01 9.999931347E-01 8.799297703E-07 8.645022732E-02
1.457310000E+01 9.999932945E-01 8.289383588E-07 8.507455517E-02
1.480890000E+01 9.999934709E-01 7.808877184E-07 8.371992518E-02
1.504840000E+01 9.999936557E-01 7.356325843E-07 8.238749635E-02
1.529180000E+01 9.999938460E-01 6.929990368E-07 8.107613231E-02
1.553910000E+01 9.999940414E-01 6.528403867E-07 7.978583058E-02
1.579040000E+01 9.999942450E-01 6.150076079E-07 7.851606039E-02
1.604580000E+01 9.999944721E-01 5.793659797E-07 7.726632514E-02
1.624420000E+01 9.999951182E-01 5.534739221E-07 7.632262592E-02
1.624440000E+01 9.999951183E-01 7.732094586E-07 7.632168624E-02
1.630540000E+01 9.999947197E-01 7.633194872E-07 7.603615980E-02
1.656910000E+01 9.999947737E-01 7.224169859E-07 7.482603159E-02
1.683710000E+01 9.999949212E-01 6.836959224E-07 7.363500840E-02
1.693920000E+01 9.999951579E-01 6.696548423E-07 7.319117786E-02
1.693940000E+01 9.999951580E-01 7.561972987E-07 7.319031371E-02
1.710940000E+01 9.999950309E-01 7.310773946E-07 7.246309046E-02
1.738610000E+01 9.999951348E-01 6.924569962E-07 7.130983947E-02
1.766740000E+01 9.999952538E-01 6.557228166E-07 7.017444559E-02
1.795310000E+01 9.999953769E-01 6.208085406E-07 6.905771148E-02
1.824350000E+01 9.999955012E-01 5.876309293E-07 6.795845096E-02
1.853860000E+01 9.999956251E-01 5.561143176E-07 6.687667893E-02
1.883840000E+01 9.999957478E-01 5.261853153E-07 6.581238322E-02
1.914310000E+01 9.999958687E-01 4.977767173E-07 6.476485000E-02
1.945270000E+01 9.999959876E-01 4.708166644E-07 6.373408319E-02
1.976740000E+01 9.999961042E-01 4.452345930E-07 6.271942694E-02
2.008710000E+01 9.999962183E-01 4.209762401E-07 6.172120416E-02
2.041200000E+01 9.999963299E-01 3.979733277E-07 6.073878111E-02
2.074210000E+01 9.999964388E-01 3.761703733E-07 5.977215422E-02
2.107760000E+01 9.999965452E-01 3.555055666E-07 5.882073860E-02
2.141850000E+01 9.999966488E-01 3.359275424E-07 5.788453907E-02
2.176500000E+01 9.999967499E-01 3.173803416E-07 5.696301401E-02
2.211700000E+01 9.999968482E-01 2.998191058E-07 5.605642718E-02
2.247470000E+01 9.999969440E-01 2.831918742E-07 5.516425136E-02
2.283820000E+01 9.999970371E-01 2.674518254E-07 5.428623972E-02
2.320760000E+01 9.999971277E-01 2.525551135E-07 5.342215481E-02
2.358300000E+01 9.999972158E-01 2.384589615E-07 5.257176780E-02
2.396440000E+01 9.999973014E-01 2.251248952E-07 5.173507369E-02
2.435200000E+01 9.999973846E-01 2.125117368E-07 5.091162943E-02
2.474590000E+01 9.999974654E-01 2.005833293E-07 5.010122889E-02
2.514620000E+01 9.999975439E-01 1.893040506E-07 4.930367213E-02
2.555290000E+01 9.999976201E-01 1.786423175E-07 4.851895480E-02
2.596620000E+01 9.999976940E-01 1.685640270E-07 4.774668608E-02
2.638610000E+01 9.999977658E-01 1.590403534E-07 4.698686051E-02
2.681290000E+01 9.999978355E-01 1.500397102E-07 4.623893723E-02
2.724660000E+01 9.999979031E-01 1.415360147E-07 4.550292514E-02
2.768730000E+01 9.999979686E-01 1.335032391E-07 4.477865303E-02
2.813510000E+01 9.999980322E-01 1.259159367E-07 4.406595320E-02
2.859020000E+01 9.999980939E-01 1.187500592E-07 4.336450952E-02
2.905260000E+01 9.999981537E-01 1.119838106E-07 4.267432175E-02
2.952250000E+01 9.999982117E-01 1.055950955E-07 4.199508849E-02
3.000000000E+01 0.000000000E+00 0.000000000E+00 4.132666667E-02
