# 11/08/2021 
# Data retrieved from www.chemicool.com/densities.html 
# Includes the real (n) and complex (k) part of the  refractive index. 
# Element, Pr  (Z = 59) 
# Nominal density, g cm-3 =  6.77 
#    E [keV]      n       k    Wavelength [nm] 
1.000000000E-02 -1.056466375E+01 2.217398459E-01 1.239800000E+02
1.016170000E-02 1.932451790E+03 2.423345177E-01 1.220071445E+02
1.032610000E-02 1.871440757E+03 2.330633907E-01 1.200646904E+02
1.049310000E-02 1.812377576E+03 2.241477850E-01 1.181538344E+02
1.066280000E-02 1.755179713E+03 2.155734062E-01 1.162733991E+02
1.083530000E-02 1.699770577E+03 2.073268025E-01 1.144223049E+02
1.101060000E-02 1.646108853E+03 1.993939715E-01 1.126005849E+02
1.118860000E-02 1.594180987E+03 1.917696610E-01 1.108092165E+02
1.136960000E-02 1.543859003E+03 1.844332943E-01 1.090451731E+02
1.155350000E-02 1.495133741E+03 1.773773893E-01 1.073094733E+02
1.174040000E-02 1.447941001E+03 1.705911459E-01 1.056011720E+02
1.193030000E-02 1.402244372E+03 1.639928181E-01 1.039202702E+02
1.212320000E-02 1.358006948E+03 1.574543345E-01 1.022667283E+02
1.231930000E-02 1.315148816E+03 1.511750851E-01 1.006388350E+02
1.251860000E-02 1.273638581E+03 1.451462184E-01 9.903663349E+01
1.272100000E-02 1.233463611E+03 1.393599693E-01 9.746089144E+01
1.292680000E-02 1.194533330E+03 1.338013053E-01 9.590927376E+01
1.313590000E-02 1.156837933E+03 1.276785351E-01 9.438256990E+01
1.334830000E-02 1.120346880E+03 1.216941301E-01 9.288074137E+01
1.356420000E-02 1.084997402E+03 1.159895650E-01 9.140236800E+01
1.378360000E-02 1.050763064E+03 1.105521556E-01 8.994747381E+01
1.400660000E-02 1.017602464E+03 1.032452882E-01 8.851541416E+01
1.423310000E-02 9.855042819E+02 9.805885168E-02 8.710681440E+01
1.446330000E-02 9.544146517E+02 9.313275460E-02 8.572040959E+01
1.469730000E-02 9.242971450E+02 8.845332544E-02 8.435562995E+01
1.493500000E-02 8.951413033E+02 8.361003638E-02 8.301305658E+01
1.517650000E-02 8.669112023E+02 7.882970153E-02 8.169208974E+01
1.542200000E-02 8.395620674E+02 7.432197659E-02 8.039164829E+01
1.567140000E-02 8.130841219E+02 7.007248837E-02 7.911226821E+01
1.592490000E-02 7.874356329E+02 6.606546955E-02 7.785292215E+01
1.618250000E-02 7.625972712E+02 6.228752112E-02 7.661362583E+01
1.644420000E-02 7.385493937E+02 5.880744868E-02 7.539436397E+01
1.671020000E-02 7.152550423E+02 5.558452889E-02 7.419420474E+01
1.698050000E-02 6.926966343E+02 5.253829898E-02 7.301316216E+01
1.725510000E-02 6.708563052E+02 4.965940427E-02 7.185122080E+01
1.753420000E-02 6.497011963E+02 4.693790099E-02 7.070753157E+01
1.781780000E-02 6.292152158E+02 4.436560274E-02 6.958210329E+01
1.810600000E-02 6.093753073E+02 4.193427133E-02 6.847453883E+01
1.839890000E-02 5.901595106E+02 3.963601689E-02 6.738446320E+01
1.869640000E-02 5.715590898E+02 3.765992419E-02 6.631223123E+01
1.899880000E-02 5.535406939E+02 3.585248072E-02 6.525675306E+01
1.930610000E-02 5.360908293E+02 3.415612288E-02 6.421804507E+01
1.961840000E-02 5.191904923E+02 3.370668757E-02 6.319577539E+01
1.993570000E-02 5.028265463E+02 3.412525909E-02 6.218994066E+01
2.025820000E-02 4.869760892E+02 3.873772321E-02 6.119990917E+01
2.058580000E-02 4.716316309E+02 5.324646916E-02 6.022598102E+01
2.091880000E-02 4.567672082E+02 6.584808301E-02 5.926726198E+01
2.125710000E-02 4.423758627E+02 7.436558678E-02 5.832404232E+01
2.160090000E-02 4.284377922E+02 7.666393261E-02 5.739575666E+01
2.195030000E-02 4.149383748E+02 7.384529789E-02 5.648214375E+01
2.230530000E-02 4.018671544E+02 7.171148166E-02 5.558320220E+01
2.266610000E-02 3.892066849E+02 7.194732834E-02 5.469842628E+01
2.303270000E-02 3.769472469E+02 7.614369891E-02 5.382781871E+01
2.340530000E-02 3.650727603E+02 8.450901041E-02 5.297090830E+01
2.378380000E-02 3.535771170E+02 9.932491254E-02 5.212791900E+01
2.416850000E-02 3.424422161E+02 1.459422172E-01 5.129817738E+01
2.455940000E-02 3.316595768E+02 4.035277014E-01 5.048168929E+01
2.495660000E-02 3.212180247E+02 4.528784053E-01 4.967824143E+01
2.536030000E-02 3.111043349E+02 4.658325975E-01 4.888743430E+01
2.577050000E-02 3.013107793E+02 4.623206209E-01 4.810927223E+01
2.618730000E-02 2.918272948E+02 4.580784392E-01 4.734355966E+01
2.661090000E-02 2.826420422E+02 4.505850169E-01 4.658993119E+01
2.704130000E-02 2.737479394E+02 4.367131222E-01 4.584838747E+01
2.747860000E-02 2.651358842E+02 4.218751186E-01 4.511874695E+01
2.792310000E-02 2.567934075E+02 4.075349993E-01 4.440051427E+01
2.837470000E-02 2.487159971E+02 3.936873370E-01 4.369385403E+01
2.883370000E-02 2.408920521E+02 3.803077150E-01 4.299829713E+01
2.930000000E-02 7.789798863E-01 3.567703577E-01 4.231399317E+01
2.977390000E-02 7.680375062E-01 3.344851775E-01 4.164049721E+01
3.025550000E-02 7.609582077E-01 3.135909139E-01 4.097767348E+01
3.074490000E-02 7.562541578E-01 2.940033478E-01 4.032538730E+01
3.124210000E-02 7.531852925E-01 2.756406480E-01 3.968363202E+01
3.174750000E-02 7.516224221E-01 2.574927508E-01 3.905189385E+01
3.226090000E-02 7.518928201E-01 2.403779664E-01 3.843042197E+01
3.278270000E-02 7.534290155E-01 2.244014407E-01 3.781872756E+01
3.331300000E-02 7.559307121E-01 2.094846874E-01 3.721670219E+01
3.385180000E-02 7.591945811E-01 1.955605198E-01 3.662434494E+01
3.439930000E-02 7.630669362E-01 1.825632459E-01 3.604143108E+01
3.495570000E-02 7.674268084E-01 1.704280886E-01 3.546774918E+01
3.552110000E-02 7.721728611E-01 1.591002285E-01 3.490319838E+01
3.609560000E-02 7.772225577E-01 1.485253881E-01 3.434767673E+01
3.667940000E-02 7.825067864E-01 1.386533321E-01 3.380098911E+01
3.727270000E-02 7.879701151E-01 1.294371672E-01 3.326295117E+01
3.787550000E-02 7.935642419E-01 1.208341123E-01 3.273356127E+01
3.848820000E-02 7.992523626E-01 1.128019703E-01 3.221247032E+01
3.911070000E-02 8.049998465E-01 1.053046207E-01 3.169976503E+01
3.974320000E-02 8.107922355E-01 9.830552623E-02 3.119527366E+01
4.038610000E-02 8.166410429E-01 9.177107488E-02 3.069868098E+01
4.103930000E-02 8.224882857E-01 8.584083171E-02 3.021006694E+01
4.170310000E-02 8.281677207E-01 8.034464224E-02 2.972920478E+01
4.237760000E-02 8.337373791E-01 7.520052955E-02 2.925602205E+01
4.306300000E-02 8.392093780E-01 7.038576163E-02 2.879037689E+01
4.375950000E-02 8.445891798E-01 6.587931737E-02 2.833213359E+01
4.446730000E-02 8.498755275E-01 6.166114760E-02 2.788116211E+01
4.518650000E-02 8.550725410E-01 5.771328182E-02 2.743739834E+01
4.591740000E-02 8.601841553E-01 5.401800372E-02 2.700065770E+01
4.666000000E-02 8.652413430E-01 5.055966782E-02 2.657093871E+01
4.741470000E-02 8.703275533E-01 4.739718460E-02 2.614800895E+01
4.818160000E-02 8.751701685E-01 4.467676724E-02 2.573181463E+01
4.896090000E-02 8.797729878E-01 4.211252915E-02 2.532224694E+01
4.975280000E-02 8.842127871E-01 3.969535341E-02 2.491920053E+01
5.055760000E-02 8.885143248E-01 3.741688275E-02 2.452252480E+01
5.137530000E-02 8.926939144E-01 3.526935167E-02 2.413221918E+01
5.220620000E-02 8.967659811E-01 3.324505573E-02 2.374813719E+01
5.305060000E-02 9.007589784E-01 3.133696476E-02 2.337014096E+01
5.390870000E-02 9.047401513E-01 2.953828821E-02 2.299814316E+01
5.478060000E-02 9.086131091E-01 2.811762708E-02 2.263209968E+01
5.566670000E-02 9.122144651E-01 2.681436427E-02 2.227184295E+01
5.656700000E-02 9.156354643E-01 2.557160514E-02 2.191737232E+01
5.748200000E-02 9.189138492E-01 2.438633251E-02 2.156849101E+01
5.841170000E-02 9.220661132E-01 2.325611349E-02 2.122519975E+01
5.935640000E-02 9.251034520E-01 2.217825078E-02 2.088738535E+01
6.031650000E-02 9.280275154E-01 2.115028519E-02 2.055490620E+01
6.129210000E-02 9.308500146E-01 2.013323866E-02 2.022772919E+01
6.228340000E-02 9.336167548E-01 1.915151869E-02 1.990578549E+01
6.329080000E-02 9.363231605E-01 1.821771074E-02 1.958894500E+01
6.431450000E-02 9.389754766E-01 1.732937334E-02 1.927714590E+01
6.535470000E-02 9.416030604E-01 1.648442166E-02 1.897032654E+01
6.641180000E-02 9.441604975E-01 1.579554279E-02 1.866836918E+01
6.748590000E-02 9.465921525E-01 1.515020170E-02 1.837124496E+01
6.857750000E-02 9.489358606E-01 1.453121237E-02 1.807881594E+01
6.968670000E-02 9.512081328E-01 1.393750580E-02 1.779105626E+01
7.081380000E-02 9.534223655E-01 1.336809414E-02 1.750788688E+01
7.195910000E-02 9.556004554E-01 1.282191268E-02 1.722923161E+01
7.312300000E-02 9.577475784E-01 1.236379284E-02 1.695499364E+01
7.430570000E-02 9.597849160E-01 1.196077230E-02 1.668512644E+01
7.550760000E-02 9.617448813E-01 1.157085448E-02 1.641953923E+01
7.672890000E-02 9.636428036E-01 1.119364735E-02 1.615818811E+01
7.796990000E-02 9.654875004E-01 1.082877289E-02 1.590100795E+01
7.923100000E-02 9.672840609E-01 1.047577303E-02 1.564791559E+01
8.051250000E-02 9.690360345E-01 1.013426845E-02 1.539885111E+01
8.181470000E-02 9.707394320E-01 9.803922197E-03 1.515375599E+01
8.313800000E-02 9.723963344E-01 9.442885395E-03 1.491255503E+01
8.448270000E-02 9.740715813E-01 9.066509569E-03 1.467519386E+01
8.584910000E-02 9.757529859E-01 8.705174986E-03 1.444161907E+01
8.723770000E-02 9.774397296E-01 8.358203806E-03 1.421174561E+01
8.864870000E-02 9.791396496E-01 8.025060616E-03 1.398554068E+01
9.008250000E-02 9.808776407E-01 7.718834048E-03 1.376293953E+01
9.153950000E-02 9.826102193E-01 7.464457517E-03 1.354387996E+01
9.302010000E-02 9.843487154E-01 7.218444112E-03 1.332830216E+01
9.452460000E-02 9.861172935E-01 6.980554042E-03 1.311616235E+01
9.605350000E-02 9.879342308E-01 6.750502471E-03 1.290739015E+01
9.760710000E-02 9.898211485E-01 6.528044164E-03 1.270194484E+01
9.918580000E-02 9.918059973E-01 6.312907689E-03 1.249977315E+01
1.007900000E-01 9.939275247E-01 6.104852950E-03 1.230082349E+01
1.024200000E-01 9.962433520E-01 5.903697946E-03 1.210505761E+01
1.040770000E-01 9.988552801E-01 5.709089342E-03 1.191233414E+01
1.057600000E-01 1.002001079E+00 5.536554727E-03 1.172276853E+01
1.074710000E-01 1.006325629E+00 5.554377123E-03 1.153613533E+01
1.092090000E-01 1.012009471E+00 1.277765974E-02 1.135254420E+01
1.109750000E-01 1.010090478E+00 1.201206074E-02 1.117188556E+01
1.127700000E-01 1.014116216E+00 1.113335373E-02 1.099405870E+01
1.145940000E-01 1.019179768E+00 1.278822314E-02 1.081906557E+01
1.164480000E-01 1.024890717E+00 1.478474673E-02 1.064681231E+01
1.183310000E-01 1.033597015E+00 1.726723986E-02 1.047738970E+01
1.202450000E-01 1.054110180E+00 3.025659609E-02 1.031061583E+01
1.221900000E-01 1.069162963E+00 5.893109044E-02 1.014649317E+01
1.241660000E-01 1.025533185E+00 1.005257581E-01 9.985020054E+00
1.261750000E-01 9.898349165E-01 9.739413656E-02 9.826035268E+00
1.282150000E-01 9.711628006E-01 8.151955511E-02 9.669695433E+00
1.302890000E-01 9.646082211E-01 6.651894724E-02 9.515768791E+00
1.323970000E-01 9.620432136E-01 5.734249063E-02 9.364260519E+00
1.345380000E-01 9.609557401E-01 4.943253912E-02 9.215240304E+00
1.367140000E-01 9.608137968E-01 4.346225116E-02 9.068566496E+00
1.389250000E-01 9.609143525E-01 3.843548949E-02 8.924239698E+00
1.411720000E-01 9.612708505E-01 3.399019120E-02 8.782194770E+00
1.434560000E-01 9.619844567E-01 3.005863036E-02 8.642371180E+00
1.457760000E-01 9.628650633E-01 2.678265855E-02 8.504829327E+00
1.481340000E-01 9.637890067E-01 2.387824197E-02 8.369449282E+00
1.505300000E-01 9.647258055E-01 2.128879265E-02 8.236231980E+00
1.529640000E-01 9.655576289E-01 1.896381467E-02 8.105175074E+00
1.554390000E-01 9.666028782E-01 1.642675063E-02 7.976119249E+00
1.579530000E-01 9.678960067E-01 1.422935608E-02 7.849170323E+00
1.605070000E-01 9.693772753E-01 1.234283411E-02 7.724273708E+00
1.631030000E-01 9.708231320E-01 1.085124832E-02 7.601331674E+00
1.657420000E-01 9.721915581E-01 9.539758307E-03 7.480300708E+00
1.684220000E-01 9.735312895E-01 8.389561220E-03 7.361271093E+00
1.711460000E-01 9.748069176E-01 7.426497934E-03 7.244107370E+00
1.739150000E-01 9.760132037E-01 6.573954060E-03 7.128769801E+00
1.767270000E-01 9.771312949E-01 5.819396543E-03 7.015340044E+00
1.795860000E-01 9.782240349E-01 5.038522573E-03 6.903656187E+00
1.824910000E-01 9.794413176E-01 4.409639010E-03 6.793759692E+00
1.854420000E-01 9.805690011E-01 3.950007899E-03 6.685648343E+00
1.884420000E-01 9.815830277E-01 3.611800139E-03 6.579212702E+00
1.914890000E-01 9.825020029E-01 3.310739587E-03 6.474523341E+00
1.945870000E-01 9.833523155E-01 3.017738851E-03 6.371443108E+00
1.977340000E-01 9.841749631E-01 2.742027254E-03 6.270039548E+00
2.009320000E-01 9.849975960E-01 2.491496430E-03 6.170246651E+00
2.041820000E-01 9.858101682E-01 2.339075738E-03 6.072033774E+00
2.074850000E-01 9.865241182E-01 2.248511606E-03 5.975371714E+00
2.108400000E-01 9.871761246E-01 2.161480936E-03 5.880288370E+00
2.142510000E-01 9.878006796E-01 2.077787808E-03 5.786670774E+00
2.177160000E-01 9.883896526E-01 2.038485797E-03 5.694574583E+00
2.212370000E-01 9.889204994E-01 2.013735571E-03 5.603945091E+00
2.248160000E-01 9.894103966E-01 1.989286439E-03 5.514732048E+00
2.284520000E-01 9.898655679E-01 1.969108152E-03 5.426960587E+00
2.321470000E-01 9.902902065E-01 1.949135181E-03 5.340581614E+00
2.359020000E-01 9.906881864E-01 1.929355696E-03 5.255572229E+00
2.397170000E-01 9.910626401E-01 1.909792211E-03 5.171931903E+00
2.435950000E-01 9.914159650E-01 1.890404379E-03 5.089595435E+00
2.475350000E-01 9.917499778E-01 1.871225983E-03 5.008584645E+00
2.515380000E-01 9.920663337E-01 1.852254346E-03 4.928877545E+00
2.556070000E-01 9.923666162E-01 1.833454918E-03 4.850414895E+00
2.597410000E-01 9.926520138E-01 1.814858212E-03 4.773216396E+00
2.639420000E-01 9.929238567E-01 1.796447566E-03 4.697244092E+00
2.682110000E-01 9.931843358E-01 1.779463114E-03 4.622480062E+00
2.725490000E-01 9.934312290E-01 1.764555687E-03 4.548906802E+00
2.769570000E-01 9.936655217E-01 1.749776788E-03 4.476507183E+00
2.814370000E-01 9.938888787E-01 1.735112323E-03 4.405248777E+00
2.859890000E-01 9.941024022E-01 1.720573287E-03 4.335131771E+00
2.906150000E-01 9.943090448E-01 1.706237959E-03 4.266125286E+00
2.953150000E-01 9.945042555E-01 1.700597527E-03 4.198229010E+00
3.000920000E-01 9.946866013E-01 1.694967420E-03 4.131399704E+00
3.049450000E-01 9.948570553E-01 1.689366270E-03 4.065651183E+00
3.098780000E-01 9.950163998E-01 1.683766786E-03 4.000929398E+00
3.148900000E-01 9.951611490E-01 1.678198023E-03 3.937247928E+00
3.199830000E-01 9.952951785E-01 1.662460119E-03 3.874580837E+00
3.251580000E-01 9.954270861E-01 1.642103457E-03 3.812915567E+00
3.304180000E-01 9.955541290E-01 1.621981252E-03 3.752216889E+00
3.357620000E-01 9.956740181E-01 1.602119856E-03 3.692496471E+00
3.411920000E-01 9.957814886E-01 1.582504219E-03 3.633731154E+00
3.467110000E-01 9.958866130E-01 1.544945623E-03 3.575888853E+00
3.523190000E-01 9.959937338E-01 1.507691559E-03 3.518970024E+00
3.580170000E-01 9.961008368E-01 1.471339517E-03 3.462964049E+00
3.638080000E-01 9.962057608E-01 1.435859122E-03 3.407841499E+00
3.696920000E-01 9.963079477E-01 1.401236152E-03 3.353602458E+00
3.756720000E-01 9.964069716E-01 1.367445324E-03 3.300219340E+00
3.817480000E-01 9.965005221E-01 1.333168602E-03 3.247692195E+00
3.879220000E-01 9.965931739E-01 1.296609179E-03 3.196003320E+00
3.941970000E-01 9.966849207E-01 1.261043785E-03 3.145127944E+00
4.005730000E-01 9.967744240E-01 1.226458264E-03 3.095066318E+00
4.070520000E-01 9.968614219E-01 1.192820743E-03 3.045802502E+00
4.136350000E-01 9.969456639E-01 1.160111224E-03 2.997328563E+00
4.203260000E-01 9.970266982E-01 1.128290143E-03 2.949615299E+00
4.271240000E-01 9.971023857E-01 1.097344612E-03 2.902669951E+00
4.340320000E-01 9.971773069E-01 1.059769876E-03 2.856471412E+00
4.410520000E-01 9.972528707E-01 1.023368110E-03 2.811006412E+00
4.481860000E-01 9.973282300E-01 9.882184640E-04 2.766262221E+00
4.554350000E-01 9.974024881E-01 9.542766532E-04 2.722232591E+00
4.628020000E-01 9.974754366E-01 9.214984385E-04 2.678899400E+00
4.702870000E-01 9.975469331E-01 8.898504455E-04 2.636262538E+00
4.778940000E-01 9.976169302E-01 8.592859179E-04 2.594299154E+00
4.856230000E-01 9.976853572E-01 8.297747493E-04 2.553009227E+00
4.934780000E-01 9.977521839E-01 8.012730247E-04 2.512371372E+00
5.014590000E-01 9.978174063E-01 7.737360984E-04 2.472385579E+00
5.095700000E-01 9.978810121E-01 7.471434927E-04 2.433031772E+00
5.178120000E-01 9.979429841E-01 7.214645848E-04 2.394305269E+00
5.261870000E-01 9.980033041E-01 6.966690187E-04 2.356196561E+00
5.346980000E-01 9.980619255E-01 6.727256320E-04 2.318692047E+00
5.433460000E-01 9.981187702E-01 6.496053712E-04 2.281787296E+00
5.521340000E-01 9.981737294E-01 6.272800677E-04 2.245469397E+00
5.610650000E-01 9.982256796E-01 6.057201828E-04 2.209726146E+00
5.701390000E-01 9.982744614E-01 5.820964355E-04 2.174557432E+00
5.793610000E-01 9.983249101E-01 5.558177715E-04 2.139943835E+00
5.887320000E-01 9.983762001E-01 5.307262838E-04 2.105881793E+00
5.982540000E-01 9.984273894E-01 5.067682342E-04 2.072363912E+00
6.079300000E-01 9.984781901E-01 4.838917697E-04 2.039379534E+00
6.177630000E-01 9.985284923E-01 4.620470551E-04 2.006918511E+00
6.277550000E-01 9.985784004E-01 4.411886252E-04 1.974974313E+00
6.379080000E-01 9.986275426E-01 4.219871002E-04 1.943540448E+00
6.482260000E-01 9.986755716E-01 4.037932708E-04 1.912604555E+00
6.587110000E-01 9.987225431E-01 3.863841435E-04 1.882160765E+00
6.693650000E-01 9.987686100E-01 3.697259677E-04 1.852203208E+00
6.801910000E-01 9.988138075E-01 3.537866455E-04 1.822723323E+00
6.911930000E-01 9.988581580E-01 3.385332770E-04 1.793710295E+00
7.023720000E-01 9.989016272E-01 3.239386799E-04 1.765161481E+00
7.137330000E-01 9.989438691E-01 3.099722396E-04 1.737064140E+00
7.252770000E-01 9.989855032E-01 2.950335877E-04 1.709415851E+00
7.370080000E-01 9.990275997E-01 2.802227249E-04 1.682206977E+00
7.489280000E-01 9.990701631E-01 2.661560341E-04 1.655432832E+00
7.610420000E-01 9.991129085E-01 2.527946296E-04 1.629082232E+00
7.733510000E-01 9.991559203E-01 2.401043491E-04 1.603153031E+00
7.858590000E-01 9.991993641E-01 2.280513702E-04 1.577636701E+00
7.985700000E-01 9.992434970E-01 2.166030160E-04 1.552525139E+00
8.114860000E-01 9.992886808E-01 2.057296727E-04 1.527814405E+00
8.246110000E-01 9.993354352E-01 1.954021163E-04 1.503496800E+00
8.379490000E-01 9.993845687E-01 1.855926584E-04 1.479564985E+00
8.515020000E-01 9.994372249E-01 1.764764309E-04 1.456015370E+00
8.652740000E-01 9.994950919E-01 1.679577078E-04 1.432840927E+00
8.792690000E-01 9.995615993E-01 1.598502090E-04 1.410034927E+00
8.934910000E-01 9.996440060E-01 1.521337784E-04 1.387590921E+00
9.079430000E-01 9.997617412E-01 1.447898394E-04 1.365504222E+00
9.226280000E-01 1.000016909E+00 1.378006654E-04 1.343770187E+00
9.287000000E-01 1.000863186E+00 1.350414102E-04 1.334984387E+00
9.289000000E-01 1.000862534E+00 7.839106329E-04 1.334696953E+00
9.375510000E-01 9.999355989E-01 7.664450562E-04 1.322381396E+00
9.527150000E-01 9.997326182E-01 7.371293551E-04 1.301333557E+00
9.681240000E-01 9.996395097E-01 7.089352956E-04 1.280621077E+00
9.837830000E-01 9.995824924E-01 6.818187273E-04 1.260237268E+00
9.996950000E-01 9.995437617E-01 6.557401278E-04 1.240178254E+00
1.015860000E+00 9.995159899E-01 6.306630940E-04 1.220443762E+00
1.032290000E+00 9.994952518E-01 6.065415907E-04 1.201019093E+00
1.048990000E+00 9.994786760E-01 5.833370763E-04 1.181898779E+00
1.065960000E+00 9.994634278E-01 5.577161385E-04 1.163083043E+00
1.083200000E+00 9.994543163E-01 5.286686752E-04 1.144571640E+00
1.100720000E+00 9.994513969E-01 5.011339530E-04 1.126353659E+00
1.118520000E+00 9.994517968E-01 4.750339720E-04 1.108428995E+00
1.136610000E+00 9.994548480E-01 4.502923929E-04 1.090787517E+00
1.155000000E+00 9.994600619E-01 4.268345747E-04 1.073419913E+00
1.173680000E+00 9.994670893E-01 4.046029101E-04 1.056335628E+00
1.192660000E+00 9.994757350E-01 3.835319351E-04 1.039525095E+00
1.211950000E+00 9.994859657E-01 3.635574720E-04 1.022979496E+00
1.231550000E+00 9.994983439E-01 3.446236523E-04 1.006698875E+00
1.251470000E+00 9.995124688E-01 3.289807322E-04 9.906749662E-01
1.271720000E+00 9.995273028E-01 3.164955005E-04 9.749001352E-01
1.292290000E+00 9.995397136E-01 3.074352625E-04 9.593821820E-01
1.313190000E+00 9.995503435E-01 2.986363328E-04 9.441131900E-01
1.334430000E+00 9.995600297E-01 2.900879199E-04 9.290858269E-01
1.356010000E+00 9.995690394E-01 2.817830676E-04 9.143000420E-01
1.377940000E+00 9.995775003E-01 2.737162024E-04 8.997489005E-01
1.400230000E+00 9.995854721E-01 2.658788492E-04 8.854259657E-01
1.422880000E+00 9.995929527E-01 2.582676679E-04 8.713313842E-01
1.445890000E+00 9.995998554E-01 2.508742590E-04 8.574649524E-01
1.469280000E+00 9.996060098E-01 2.431443514E-04 8.438146575E-01
1.493040000E+00 9.996130462E-01 2.348462285E-04 8.303863259E-01
1.517190000E+00 9.996183980E-01 2.294656911E-04 8.171685814E-01
1.541730000E+00 9.996207168E-01 2.220938981E-04 8.041615588E-01
1.566670000E+00 9.996247722E-01 2.106428330E-04 7.913600184E-01
1.592010000E+00 9.996307607E-01 1.997817864E-04 7.787639525E-01
1.617760000E+00 9.996375584E-01 1.894812196E-04 7.663683117E-01
1.643920000E+00 9.996448213E-01 1.797116562E-04 7.541729525E-01
1.670510000E+00 9.996523737E-01 1.704466028E-04 7.421685593E-01
1.697530000E+00 9.996601016E-01 1.616588254E-04 7.303552809E-01
1.724990000E+00 9.996678736E-01 1.533226127E-04 7.187288042E-01
1.752890000E+00 9.996757012E-01 1.453154176E-04 7.072891054E-01
1.781240000E+00 9.996835865E-01 1.376939319E-04 6.960319777E-01
1.810050000E+00 9.996914858E-01 1.304476364E-04 6.849534543E-01
1.839320000E+00 9.996993672E-01 1.235820462E-04 6.740534545E-01
1.869070000E+00 9.997071953E-01 1.170767884E-04 6.633245411E-01
1.899300000E+00 9.997149445E-01 1.109156962E-04 6.527668088E-01
1.930020000E+00 9.997225973E-01 1.050788004E-04 6.423767629E-01
1.961240000E+00 9.997301406E-01 9.954837728E-05 6.321510881E-01
1.992960000E+00 9.997375757E-01 9.430814781E-05 6.220897559E-01
2.025200000E+00 9.997448301E-01 8.938604296E-05 6.121864507E-01
2.057950000E+00 9.997519384E-01 8.464641365E-05 6.024441799E-01
2.091240000E+00 9.997589427E-01 8.014719200E-05 5.928540005E-01
2.125060000E+00 9.997658115E-01 7.588412312E-05 5.834188211E-01
2.159430000E+00 9.997725401E-01 7.184267189E-05 5.741329888E-01
2.194360000E+00 9.997791270E-01 6.800995273E-05 5.649938934E-01
2.229850000E+00 9.997855699E-01 6.437804406E-05 5.560015248E-01
2.265920000E+00 9.997918684E-01 6.093689748E-05 5.471508262E-01
2.302570000E+00 9.997980178E-01 5.767653695E-05 5.384418280E-01
2.339810000E+00 9.998040193E-01 5.458696399E-05 5.298720836E-01
2.377660000E+00 9.998098780E-01 5.165795531E-05 5.214370431E-01
2.416110000E+00 9.998155879E-01 4.888734612E-05 5.131388885E-01
2.455190000E+00 9.998211547E-01 4.625974278E-05 5.049711020E-01
2.494900000E+00 9.998265776E-01 4.377377420E-05 4.969337448E-01
2.535260000E+00 9.998318601E-01 4.141767141E-05 4.890228221E-01
2.576260000E+00 9.998370006E-01 3.918816447E-05 4.812402475E-01
2.617930000E+00 9.998420042E-01 3.707542502E-05 4.735802714E-01
2.660270000E+00 9.998468714E-01 3.507716190E-05 4.660429205E-01
2.703300000E+00 9.998516054E-01 3.318328706E-05 4.586246440E-01
2.747030000E+00 9.998562094E-01 3.139034671E-05 4.513237933E-01
2.791460000E+00 9.998606844E-01 2.969384553E-05 4.441403423E-01
2.836610000E+00 9.998650333E-01 2.808877863E-05 4.370710108E-01
2.882490000E+00 9.998692579E-01 2.656940338E-05 4.301142415E-01
2.929110000E+00 9.998733617E-01 2.513080141E-05 4.232685014E-01
2.976480000E+00 9.998773474E-01 2.376945962E-05 4.165322797E-01
3.024630000E+00 9.998812185E-01 2.248147192E-05 4.099013764E-01
3.073550000E+00 9.998849762E-01 2.126244781E-05 4.033772023E-01
3.123260000E+00 9.998886238E-01 2.010884917E-05 3.969570257E-01
3.173780000E+00 9.998921643E-01 1.901758606E-05 3.906382925E-01
3.225110000E+00 9.998955999E-01 1.798515089E-05 3.844209965E-01
3.277270000E+00 9.998989332E-01 1.700841096E-05 3.783026727E-01
3.330280000E+00 9.999021677E-01 1.608419230E-05 3.722810094E-01
3.384150000E+00 9.999053055E-01 1.520975800E-05 3.663549193E-01
3.438880000E+00 9.999083487E-01 1.438279016E-05 3.605243568E-01
3.494500000E+00 9.999113005E-01 1.360047272E-05 3.547860924E-01
3.551020000E+00 9.999141633E-01 1.286043234E-05 3.491391206E-01
3.608460000E+00 9.999169400E-01 1.216030046E-05 3.435814724E-01
3.666820000E+00 9.999196322E-01 1.149822366E-05 3.381131335E-01
3.726130000E+00 9.999222431E-01 1.087186189E-05 3.327312788E-01
3.786400000E+00 9.999247749E-01 1.027961516E-05 3.274350306E-01
3.847640000E+00 9.999272294E-01 9.719319968E-06 3.222234928E-01
3.909870000E+00 9.999296098E-01 9.189395195E-06 3.170949418E-01
3.973110000E+00 9.999319179E-01 8.688298471E-06 3.120477409E-01
4.037380000E+00 9.999341563E-01 8.214319905E-06 3.070803343E-01
4.102680000E+00 9.999363265E-01 7.766272710E-06 3.021927131E-01
4.169030000E+00 9.999384311E-01 7.342416040E-06 2.973833242E-01
4.236460000E+00 9.999404725E-01 6.941650674E-06 2.926499955E-01
4.304980000E+00 9.999424525E-01 6.562590007E-06 2.879920464E-01
4.374620000E+00 9.999443738E-01 6.204037303E-06 2.834074731E-01
4.445370000E+00 9.999462378E-01 5.865072905E-06 2.788969197E-01
4.517270000E+00 9.999480470E-01 5.544589939E-06 2.744578031E-01
4.590330000E+00 9.999498034E-01 5.241535296E-06 2.700895143E-01
4.664580000E+00 9.999515095E-01 4.954915738E-06 2.657902748E-01
4.740030000E+00 9.999531672E-01 4.683899708E-06 2.615595260E-01
4.816690000E+00 9.999547787E-01 4.427744254E-06 2.573966770E-01
4.894600000E+00 9.999563466E-01 4.185459606E-06 2.532995546E-01
4.973770000E+00 9.999578737E-01 3.956304017E-06 2.492676581E-01
5.054210000E+00 9.999593625E-01 3.739673441E-06 2.453004525E-01
5.135960000E+00 9.999608166E-01 3.534876442E-06 2.413959610E-01
5.219030000E+00 9.999622398E-01 3.341199213E-06 2.375537217E-01
5.303440000E+00 9.999636367E-01 3.158105799E-06 2.337727965E-01
5.389220000E+00 9.999650141E-01 2.984955827E-06 2.300518442E-01
5.476390000E+00 9.999663805E-01 2.821299134E-06 2.263900124E-01
5.564970000E+00 9.999677500E-01 2.666548055E-06 2.227864661E-01
5.654980000E+00 9.999691464E-01 2.520232052E-06 2.192403863E-01
5.746440000E+00 9.999706189E-01 2.381855990E-06 2.157509693E-01
5.839390000E+00 9.999723034E-01 2.251049117E-06 2.123166975E-01
5.933830000E+00 9.999750054E-01 2.127390429E-06 2.089375665E-01
5.964200000E+00 9.999825879E-01 2.089496367E-06 2.078736461E-01
5.964400000E+00 9.999825880E-01 6.132767454E-06 2.078666756E-01
6.029810000E+00 9.999748030E-01 5.876946400E-06 2.056117854E-01
6.127330000E+00 9.999745746E-01 5.519923365E-06 2.023393550E-01
6.226440000E+00 9.999749981E-01 5.184454490E-06 1.991185975E-01
6.327150000E+00 9.999757597E-01 4.869412519E-06 1.959492030E-01
6.429480000E+00 9.999775571E-01 4.573540605E-06 1.928305244E-01
6.440300000E+00 9.999802504E-01 4.543590917E-06 1.925065603E-01
6.440500000E+00 9.999802510E-01 6.315310939E-06 1.925005823E-01
6.533480000E+00 9.999768767E-01 5.984648749E-06 1.897610462E-01
6.639150000E+00 9.999770873E-01 5.634925040E-06 1.867407725E-01
6.746540000E+00 9.999775912E-01 5.305642366E-06 1.837682723E-01
6.834700000E+00 9.999793565E-01 5.053295709E-06 1.813978668E-01
6.834900000E+00 9.999793573E-01 5.714203210E-06 1.813925588E-01
6.855650000E+00 9.999783167E-01 5.655814603E-06 1.808435378E-01
6.966540000E+00 9.999783988E-01 5.356365047E-06 1.779649582E-01
7.079220000E+00 9.999787670E-01 5.071586843E-06 1.751322886E-01
7.193720000E+00 9.999792012E-01 4.800883002E-06 1.723447674E-01
7.310070000E+00 9.999796662E-01 4.543789051E-06 1.696016591E-01
7.428310000E+00 9.999801474E-01 4.299473139E-06 1.669020275E-01
7.548450000E+00 9.999806370E-01 4.067540792E-06 1.642456398E-01
7.670540000E+00 9.999811297E-01 3.847352099E-06 1.616313845E-01
7.794610000E+00 9.999816222E-01 3.638420753E-06 1.590586315E-01
7.920680000E+00 9.999821118E-01 3.440253642E-06 1.565269649E-01
8.048790000E+00 9.999825969E-01 3.252266525E-06 1.540355755E-01
8.178980000E+00 9.999830760E-01 3.074027709E-06 1.515836938E-01
8.311260000E+00 9.999835480E-01 2.905142598E-06 1.491711245E-01
8.445690000E+00 9.999840121E-01 2.745143305E-06 1.467967685E-01
8.582290000E+00 9.999844677E-01 2.593470694E-06 1.444602781E-01
8.721110000E+00 9.999849145E-01 2.449811487E-06 1.421608029E-01
8.862160000E+00 9.999853519E-01 2.313856538E-06 1.398981738E-01
9.005500000E+00 9.999857798E-01 2.185125550E-06 1.376714230E-01
9.151160000E+00 9.999861980E-01 2.063233998E-06 1.354800921E-01
9.299170000E+00 9.999866064E-01 1.947907079E-06 1.333237267E-01
9.449580000E+00 9.999870050E-01 1.838822734E-06 1.312015984E-01
9.602420000E+00 9.999873937E-01 1.735649240E-06 1.291132860E-01
9.757730000E+00 9.999877726E-01 1.638026345E-06 1.270582400E-01
9.915550000E+00 9.999881417E-01 1.545810731E-06 1.250359284E-01
1.007590000E+01 9.999885010E-01 1.458570359E-06 1.230460803E-01
1.023890000E+01 9.999888509E-01 1.376093320E-06 1.210872262E-01
1.040450000E+01 9.999891912E-01 1.298152560E-06 1.191599789E-01
1.057280000E+01 9.999895223E-01 1.224499378E-06 1.172631659E-01
1.074380000E+01 9.999898441E-01 1.154920428E-06 1.153967870E-01
1.091760000E+01 9.999901570E-01 1.089184053E-06 1.135597567E-01
1.109420000E+01 9.999904611E-01 1.027096827E-06 1.117520867E-01
1.127360000E+01 9.999907563E-01 9.684745991E-07 1.099737440E-01
1.145590000E+01 9.999910431E-01 9.131201455E-07 1.082237101E-01
1.164120000E+01 9.999913217E-01 8.608517006E-07 1.065010480E-01
1.182950000E+01 9.999915921E-01 8.115081018E-07 1.048057822E-01
1.202080000E+01 9.999918545E-01 7.649405611E-07 1.031378943E-01
1.221530000E+01 9.999921094E-01 7.209773902E-07 1.014956653E-01
1.241280000E+01 9.999923564E-01 6.795080672E-07 9.988076824E-02
1.261360000E+01 9.999925963E-01 6.403689576E-07 9.829073381E-02
1.281760000E+01 9.999928289E-01 6.034465766E-07 9.672637623E-02
1.302500000E+01 9.999930545E-01 5.686072896E-07 9.518618042E-02
1.323560000E+01 9.999932732E-01 5.357576737E-07 9.367161292E-02
1.344970000E+01 9.999934854E-01 5.047678228E-07 9.218049473E-02
1.366720000E+01 9.999936910E-01 4.755471933E-07 9.071353313E-02
1.388830000E+01 9.999938904E-01 4.479859021E-07 8.926938502E-02
1.411290000E+01 9.999940837E-01 4.220043153E-07 8.784870579E-02
1.434120000E+01 9.999942710E-01 3.975040398E-07 8.645022732E-02
1.457310000E+01 9.999944525E-01 3.744113539E-07 8.507455517E-02
1.480890000E+01 9.999946285E-01 3.526354138E-07 8.371992518E-02
1.504840000E+01 9.999947989E-01 3.321160410E-07 8.238749635E-02
1.529180000E+01 9.999949641E-01 3.127744225E-07 8.107613231E-02
1.553910000E+01 9.999951241E-01 2.945476459E-07 7.978583058E-02
1.579040000E+01 9.999952791E-01 2.773712483E-07 7.851606039E-02
1.604580000E+01 9.999954293E-01 2.611846053E-07 7.726632514E-02
1.630540000E+01 9.999955749E-01 2.459306747E-07 7.603615980E-02
1.656910000E+01 9.999957158E-01 2.315620753E-07 7.482603159E-02
1.683710000E+01 9.999958523E-01 2.180243457E-07 7.363500840E-02
1.710940000E+01 9.999959845E-01 2.052716963E-07 7.246309046E-02
1.738610000E+01 9.999961125E-01 1.932582299E-07 7.130983947E-02
1.766740000E+01 9.999962366E-01 1.819399863E-07 7.017444559E-02
1.795310000E+01 9.999963566E-01 1.712823880E-07 6.905771148E-02
1.824350000E+01 9.999964730E-01 1.612432560E-07 6.795845096E-02
1.853860000E+01 9.999965856E-01 1.517880745E-07 6.687667893E-02
1.883840000E+01 9.999966946E-01 1.428850705E-07 6.581238322E-02
1.914310000E+01 9.999968002E-01 1.345005529E-07 6.476485000E-02
1.945270000E+01 9.999969025E-01 1.266052077E-07 6.373408319E-02
1.976740000E+01 9.999970015E-01 1.191697372E-07 6.271942694E-02
2.008710000E+01 9.999970974E-01 1.121701449E-07 6.172120416E-02
2.041200000E+01 9.999971902E-01 1.055791746E-07 6.073878111E-02
2.074210000E+01 9.999972801E-01 9.937428811E-08 5.977215422E-02
2.107760000E+01 9.999973671E-01 9.353221097E-08 5.882073860E-02
2.141850000E+01 9.999974513E-01 8.803285057E-08 5.788453907E-02
2.176500000E+01 9.999975329E-01 8.285467811E-08 5.696301401E-02
2.211700000E+01 9.999976119E-01 7.798096628E-08 5.605642718E-02
2.247470000E+01 9.999976883E-01 7.339359626E-08 5.516425136E-02
2.283820000E+01 9.999977624E-01 6.907507606E-08 5.428623972E-02
2.320760000E+01 9.999978340E-01 6.501006847E-08 5.342215481E-02
2.358300000E+01 9.999979034E-01 6.118407822E-08 5.257176780E-02
2.396440000E+01 9.999979706E-01 5.758319154E-08 5.173507369E-02
2.435200000E+01 9.999980356E-01 5.419397504E-08 5.091162943E-02
2.474590000E+01 9.999980986E-01 5.100393596E-08 5.010122889E-02
2.514620000E+01 9.999981596E-01 4.800160602E-08 4.930367213E-02
2.555290000E+01 9.999982186E-01 4.517619514E-08 4.851895480E-02
2.596620000E+01 9.999982757E-01 4.251738040E-08 4.774668608E-02
2.638610000E+01 9.999983310E-01 4.001521964E-08 4.698686051E-02
2.681290000E+01 9.999983846E-01 3.766027697E-08 4.623893723E-02
2.724660000E+01 9.999984365E-01 3.544400269E-08 4.550292514E-02
2.768730000E+01 9.999984867E-01 3.335855116E-08 4.477865303E-02
2.813510000E+01 9.999985353E-01 3.139624235E-08 4.406595320E-02
2.859020000E+01 9.999985824E-01 2.954937371E-08 4.336450952E-02
2.905260000E+01 9.999986279E-01 2.781159559E-08 4.267432175E-02
2.952250000E+01 9.999986720E-01 2.617649326E-08 4.199508849E-02
3.000000000E+01 0.000000000E+00 0.000000000E+00 4.132666667E-02
