# 11/08/2021 
# Data retrieved from www.chemicool.com/densities.html 
# Includes the real (n) and complex (k) part of the  refractive index. 
# Element, Rn  (Z = 86) 
# Nominal density, g cm-3 =  0.00973 
#    E [keV]      n       k    Wavelength [nm] 
1.000000000E-02 9.844646116E-01 9.366576442E-04 1.239800000E+02
1.016170000E-02 2.761934647E+00 5.670314150E-04 1.220071445E+02
1.032610000E-02 2.706278351E+00 6.222668650E-04 1.200646904E+02
1.049310000E-02 2.652398950E+00 6.694256663E-04 1.181538344E+02
1.066280000E-02 2.600221154E+00 7.087768223E-04 1.162733991E+02
1.083530000E-02 2.549675095E+00 7.492452036E-04 1.144223049E+02
1.101060000E-02 2.500723084E+00 7.871254301E-04 1.126005849E+02
1.118860000E-02 2.453352755E+00 8.269415835E-04 1.108092165E+02
1.136960000E-02 2.407447365E+00 8.660565981E-04 1.090451731E+02
1.155350000E-02 2.362998558E+00 9.024934306E-04 1.073094733E+02
1.174040000E-02 2.319947769E+00 9.404565149E-04 1.056011720E+02
1.193030000E-02 2.278261782E+00 9.800211537E-04 1.039202702E+02
1.212320000E-02 2.237906931E+00 1.004057781E-03 1.022667283E+02
1.231930000E-02 2.198810315E+00 1.025465389E-03 1.006388350E+02
1.251860000E-02 2.160943296E+00 1.047326668E-03 9.903663349E+01
1.272100000E-02 2.124294351E+00 1.069672918E-03 9.746089144E+01
1.292680000E-02 2.088780853E+00 1.083694649E-03 9.590927376E+01
1.313590000E-02 2.054393856E+00 1.085733575E-03 9.438256990E+01
1.334830000E-02 2.021105502E+00 1.087790360E-03 9.288074137E+01
1.356420000E-02 1.988858531E+00 1.089840974E-03 9.140236800E+01
1.378360000E-02 1.957628827E+00 1.078943802E-03 8.994747381E+01
1.400660000E-02 1.927378624E+00 1.067807065E-03 8.851541416E+01
1.423310000E-02 1.898097593E+00 1.056807309E-03 8.710681440E+01
1.446330000E-02 1.869736597E+00 1.045901967E-03 8.572040959E+01
1.469730000E-02 1.842262405E+00 1.025194824E-03 8.435562995E+01
1.493500000E-02 1.815665475E+00 1.004625121E-03 8.301305658E+01
1.517650000E-02 1.789913037E+00 9.844722751E-04 8.169208974E+01
1.542200000E-02 1.764964245E+00 9.618627823E-04 8.039164829E+01
1.567140000E-02 1.740810181E+00 9.351367163E-04 7.911226821E+01
1.592490000E-02 1.717412775E+00 9.091461646E-04 7.785292215E+01
1.618250000E-02 1.694754395E+00 8.838715574E-04 7.661362583E+01
1.644420000E-02 1.672817120E+00 8.518582031E-04 7.539436397E+01
1.671020000E-02 1.651567237E+00 8.207831383E-04 7.419420474E+01
1.698050000E-02 1.630988706E+00 7.908404398E-04 7.301316216E+01
1.725510000E-02 1.611065230E+00 7.520459661E-04 7.185122080E+01
1.753420000E-02 1.591766835E+00 7.130674959E-04 7.070753157E+01
1.781780000E-02 1.573078842E+00 6.761057968E-04 6.958210329E+01
1.810600000E-02 1.554980216E+00 6.439135897E-04 6.847453883E+01
1.839890000E-02 1.537450927E+00 6.163243628E-04 6.738446320E+01
1.869640000E-02 1.520483003E+00 5.899275852E-04 6.631223123E+01
1.899880000E-02 1.504046022E+00 5.646585775E-04 6.525675306E+01
1.930610000E-02 1.488127675E+00 5.388785030E-04 6.421804507E+01
1.961840000E-02 1.472710625E+00 5.087395042E-04 6.319577539E+01
1.993570000E-02 1.457782888E+00 4.802851672E-04 6.218994066E+01
2.025820000E-02 1.443323573E+00 4.534190605E-04 6.119990917E+01
2.058580000E-02 1.429325847E+00 4.280622150E-04 6.022598102E+01
2.091880000E-02 1.415766026E+00 4.061047362E-04 5.926726198E+01
2.125710000E-02 1.402637761E+00 3.853608605E-04 5.832404232E+01
2.160090000E-02 1.389922989E+00 3.656759328E-04 5.739575666E+01
2.195030000E-02 1.377608371E+00 3.469948647E-04 5.648214375E+01
2.230530000E-02 1.365684368E+00 3.292699001E-04 5.558320220E+01
2.266610000E-02 1.354135067E+00 3.124488465E-04 5.469842628E+01
2.303270000E-02 1.342951599E+00 2.964883283E-04 5.382781871E+01
2.340530000E-02 1.332119297E+00 2.808090410E-04 5.297090830E+01
2.378380000E-02 1.321632588E+00 2.659218610E-04 5.212791900E+01
2.416850000E-02 1.311474961E+00 2.518218519E-04 5.129817738E+01
2.455940000E-02 1.301638678E+00 2.384701269E-04 5.048168929E+01
2.495660000E-02 1.292113546E+00 2.227077301E-04 4.967824143E+01
2.536030000E-02 1.282887502E+00 2.065624791E-04 4.888743430E+01
2.577050000E-02 1.273953494E+00 1.915885365E-04 4.810927223E+01
2.618730000E-02 1.265302344E+00 1.777003006E-04 4.734355966E+01
2.661090000E-02 1.256923251E+00 1.658623429E-04 4.658993119E+01
2.704130000E-02 1.248809754E+00 1.558112918E-04 4.584838747E+01
2.747860000E-02 1.240953550E+00 1.463698233E-04 4.511874695E+01
2.792310000E-02 1.233343265E+00 1.374996018E-04 4.440051427E+01
2.837470000E-02 1.225974782E+00 1.291674478E-04 4.369385403E+01
2.883370000E-02 1.218837519E+00 1.209983919E-04 4.299829713E+01
2.930000000E-02 9.998152829E-01 1.116772453E-04 4.231399317E+01
2.977390000E-02 9.998216770E-01 1.030737017E-04 4.164049721E+01
3.025550000E-02 9.998281129E-01 9.488446939E-05 4.097767348E+01
3.074490000E-02 9.998350010E-01 8.703726039E-05 4.032538730E+01
3.124210000E-02 9.998420904E-01 7.983942110E-05 3.968363202E+01
3.174750000E-02 9.998492226E-01 7.323627001E-05 3.905189385E+01
3.226090000E-02 9.998563316E-01 6.718636298E-05 3.843042197E+01
3.278270000E-02 9.998633654E-01 6.164321447E-05 3.781872756E+01
3.331300000E-02 9.998703093E-01 5.655725595E-05 3.721670219E+01
3.385180000E-02 9.998771920E-01 5.189120826E-05 3.662434494E+01
3.439930000E-02 9.998839372E-01 4.783700425E-05 3.604143108E+01
3.495570000E-02 9.998903639E-01 4.414022385E-05 3.546774918E+01
3.552110000E-02 9.998965447E-01 4.072902173E-05 3.490319838E+01
3.609560000E-02 9.999024744E-01 3.758152167E-05 3.434767673E+01
3.667940000E-02 9.999080722E-01 3.462680139E-05 3.380098911E+01
3.727270000E-02 9.999136607E-01 3.149342372E-05 3.326295117E+01
3.787550000E-02 9.999193222E-01 2.864368753E-05 3.273356127E+01
3.848820000E-02 9.999249341E-01 2.605151618E-05 3.221247032E+01
3.911070000E-02 9.999304472E-01 2.367530119E-05 3.169976503E+01
3.974320000E-02 9.999359605E-01 2.141427312E-05 3.119527366E+01
4.038610000E-02 9.999415297E-01 1.936920922E-05 3.069868098E+01
4.103930000E-02 9.999472650E-01 1.774449003E-05 3.021006694E+01
4.170310000E-02 9.999526897E-01 1.650530033E-05 2.972920478E+01
4.237760000E-02 9.999581176E-01 1.549945943E-05 2.925602205E+01
4.306300000E-02 9.999631988E-01 1.495112838E-05 2.879037689E+01
4.375950000E-02 9.999680235E-01 1.442215268E-05 2.833213359E+01
4.446730000E-02 9.999727876E-01 1.397468860E-05 2.788116211E+01
4.518650000E-02 9.999773719E-01 1.371330152E-05 2.743739834E+01
4.591740000E-02 9.999818592E-01 1.345677734E-05 2.700065770E+01
4.666000000E-02 9.999864361E-01 1.328684049E-05 2.657093871E+01
4.741470000E-02 9.999909269E-01 1.337648053E-05 2.614800895E+01
4.818160000E-02 9.999954378E-01 1.352222051E-05 2.573181463E+01
4.896090000E-02 9.999999844E-01 1.378637164E-05 2.532224694E+01
4.975280000E-02 1.000004891E+00 1.421529713E-05 2.491920053E+01
5.055760000E-02 1.000009715E+00 1.537170853E-05 2.452252480E+01
5.137530000E-02 1.000014465E+00 1.662234377E-05 2.413221918E+01
5.220620000E-02 1.000019540E+00 1.797475562E-05 2.374813719E+01
5.305060000E-02 1.000025542E+00 2.058322447E-05 2.337014096E+01
5.390870000E-02 1.000030608E+00 2.473196008E-05 2.299814316E+01
5.478060000E-02 1.000034619E+00 2.987507893E-05 2.263209968E+01
5.566670000E-02 1.000036246E+00 3.477738694E-05 2.227184295E+01
5.656700000E-02 1.000038514E+00 3.873180780E-05 2.191737232E+01
5.748200000E-02 1.000041104E+00 4.328263778E-05 2.156849101E+01
5.841170000E-02 1.000042947E+00 4.899633843E-05 2.122519975E+01
5.935640000E-02 1.000043425E+00 5.546447698E-05 2.088738535E+01
6.031650000E-02 1.000040959E+00 6.147900795E-05 2.055490620E+01
6.129210000E-02 1.000038981E+00 6.466473554E-05 2.022772919E+01
6.228340000E-02 1.000037510E+00 6.801540893E-05 1.990578549E+01
6.329080000E-02 1.000035996E+00 7.153997902E-05 1.958894500E+01
6.431450000E-02 1.000033983E+00 7.524697079E-05 1.927714590E+01
6.535470000E-02 1.000030725E+00 7.914618287E-05 1.897032654E+01
6.641180000E-02 1.000027193E+00 8.067806838E-05 1.866836918E+01
6.748590000E-02 1.000024451E+00 8.206885495E-05 1.837124496E+01
6.857750000E-02 1.000021955E+00 8.348333074E-05 1.807881594E+01
6.968670000E-02 1.000019507E+00 8.492232797E-05 1.779105626E+01
7.081380000E-02 1.000017005E+00 8.638648088E-05 1.750788688E+01
7.195910000E-02 1.000014371E+00 8.787559339E-05 1.722923161E+01
7.312300000E-02 1.000011522E+00 8.939020463E-05 1.695499364E+01
7.430570000E-02 1.000008359E+00 9.093116534E-05 1.668512644E+01
7.550760000E-02 1.000004627E+00 9.249834522E-05 1.641953923E+01
7.672890000E-02 9.999995289E-01 9.409290281E-05 1.615818811E+01
7.796990000E-02 9.999941946E-01 9.275689440E-05 1.590100795E+01
7.923100000E-02 9.999901988E-01 9.100934215E-05 1.564791559E+01
8.051250000E-02 9.999867688E-01 8.928947712E-05 1.539885111E+01
8.181470000E-02 9.999837021E-01 8.747553791E-05 1.515375599E+01
8.313800000E-02 9.999809082E-01 8.569836047E-05 1.491255503E+01
8.448270000E-02 9.999782850E-01 8.395741379E-05 1.467519386E+01
8.584910000E-02 9.999757502E-01 8.225216263E-05 1.444161907E+01
8.723770000E-02 9.999732298E-01 8.058098185E-05 1.421174561E+01
8.864870000E-02 9.999705663E-01 7.894407865E-05 1.398554068E+01
9.008250000E-02 9.999672102E-01 7.699681285E-05 1.376293953E+01
9.153950000E-02 9.999644587E-01 7.399047853E-05 1.354387996E+01
9.302010000E-02 9.999622278E-01 7.110138880E-05 1.332830216E+01
9.452460000E-02 9.999599560E-01 6.832532998E-05 1.311616235E+01
9.605350000E-02 9.999578964E-01 6.470441186E-05 1.290739015E+01
9.760710000E-02 9.999564541E-01 6.114305814E-05 1.270194484E+01
9.918580000E-02 9.999552060E-01 5.763043122E-05 1.249977315E+01
1.007900000E-01 9.999544841E-01 5.398622598E-05 1.230082349E+01
1.024200000E-01 9.999542223E-01 5.070687404E-05 1.210505761E+01
1.040770000E-01 9.999537584E-01 4.778682477E-05 1.191233414E+01
1.057600000E-01 9.999530771E-01 4.424002239E-05 1.172276853E+01
1.074710000E-01 9.999532009E-01 4.052552406E-05 1.153613533E+01
1.092090000E-01 9.999538454E-01 3.712329746E-05 1.135254420E+01
1.109750000E-01 9.999547476E-01 3.400683879E-05 1.117188556E+01
1.127700000E-01 9.999558533E-01 3.115165464E-05 1.099405870E+01
1.145940000E-01 9.999571838E-01 2.862830576E-05 1.081906557E+01
1.164480000E-01 9.999584508E-01 2.644827400E-05 1.064681231E+01
1.183310000E-01 9.999597020E-01 2.443486256E-05 1.047738970E+01
1.202450000E-01 9.999609624E-01 2.257436883E-05 1.031061583E+01
1.221900000E-01 9.999622535E-01 2.085550866E-05 1.014649317E+01
1.241660000E-01 9.999635682E-01 1.937013633E-05 9.985020054E+00
1.261750000E-01 9.999647833E-01 1.804422376E-05 9.826035268E+00
1.282150000E-01 9.999659225E-01 1.680949111E-05 9.669695433E+00
1.302890000E-01 9.999670134E-01 1.565903545E-05 9.515768791E+00
1.323970000E-01 9.999680552E-01 1.458722030E-05 9.364260519E+00
1.345380000E-01 9.999690324E-01 1.358892996E-05 9.215240304E+00
1.367140000E-01 9.999698363E-01 1.258922410E-05 9.068566496E+00
1.389250000E-01 9.999707542E-01 1.145511107E-05 8.924239698E+00
1.411720000E-01 9.999717698E-01 1.042312647E-05 8.782194770E+00
1.434560000E-01 9.999728049E-01 9.484068144E-06 8.642371180E+00
1.457760000E-01 9.999738407E-01 8.629754185E-06 8.504829327E+00
1.481340000E-01 9.999748681E-01 7.852290443E-06 8.369449282E+00
1.505300000E-01 9.999758823E-01 7.144891672E-06 8.236231980E+00
1.529640000E-01 9.999768884E-01 6.501281546E-06 8.105175074E+00
1.554390000E-01 9.999778660E-01 5.954903712E-06 7.976119249E+00
1.579530000E-01 9.999787954E-01 5.460239095E-06 7.849170323E+00
1.605070000E-01 9.999796842E-01 5.006704496E-06 7.724273708E+00
1.631030000E-01 9.999805400E-01 4.590791242E-06 7.601331674E+00
1.657420000E-01 9.999813648E-01 4.209389405E-06 7.480300708E+00
1.684220000E-01 9.999821594E-01 3.859743471E-06 7.361271093E+00
1.711460000E-01 9.999829247E-01 3.539121309E-06 7.244107370E+00
1.739150000E-01 9.999836646E-01 3.241722904E-06 7.128769801E+00
1.767270000E-01 9.999843817E-01 2.969325084E-06 7.015340044E+00
1.795860000E-01 9.999850782E-01 2.724135773E-06 6.903656187E+00
1.824910000E-01 9.999857461E-01 2.504172207E-06 6.793759692E+00
1.854420000E-01 9.999863897E-01 2.301992515E-06 6.685648343E+00
1.884420000E-01 9.999870178E-01 2.116341967E-06 6.579212702E+00
1.914890000E-01 9.999876200E-01 1.961650336E-06 6.474523341E+00
1.945870000E-01 9.999881953E-01 1.818231915E-06 6.371443108E+00
1.977340000E-01 9.999887523E-01 1.685319157E-06 6.270039548E+00
2.009320000E-01 9.999892961E-01 1.573723049E-06 6.170246651E+00
2.041820000E-01 9.999898125E-01 1.478824917E-06 6.072033774E+00
2.074850000E-01 9.999903093E-01 1.389642955E-06 5.975371714E+00
2.108400000E-01 9.999907978E-01 1.318934493E-06 5.880288370E+00
2.142510000E-01 9.999912538E-01 1.268635105E-06 5.786670774E+00
2.177160000E-01 9.999916861E-01 1.220268239E-06 5.694574583E+00
2.212370000E-01 9.999921072E-01 1.177044558E-06 5.603945091E+00
2.248160000E-01 9.999925065E-01 1.145695027E-06 5.514732048E+00
2.284520000E-01 9.999928867E-01 1.115188261E-06 5.426960587E+00
2.321470000E-01 9.999932552E-01 1.085490919E-06 5.340581614E+00
2.359020000E-01 9.999936186E-01 1.065566153E-06 5.255572229E+00
2.397170000E-01 9.999939626E-01 1.055734550E-06 5.171931903E+00
2.435950000E-01 9.999942911E-01 1.045980715E-06 5.089595435E+00
2.475350000E-01 9.999946132E-01 1.037052040E-06 5.008584645E+00
2.515380000E-01 9.999949237E-01 1.039808947E-06 4.928877545E+00
2.556070000E-01 9.999952235E-01 1.042558989E-06 4.850414895E+00
2.597410000E-01 9.999955208E-01 1.045326379E-06 4.773216396E+00
2.639420000E-01 9.999958252E-01 1.064312375E-06 4.697244092E+00
2.682110000E-01 9.999961057E-01 1.107576812E-06 4.622480062E+00
2.725490000E-01 9.999963686E-01 1.152600664E-06 4.548906802E+00
2.769570000E-01 9.999966208E-01 1.199453882E-06 4.476507183E+00
2.814370000E-01 9.999968704E-01 1.248206525E-06 4.405248777E+00
2.859890000E-01 9.999971118E-01 1.320631599E-06 4.335131771E+00
2.906150000E-01 9.999973367E-01 1.400554644E-06 4.266125286E+00
2.953150000E-01 9.999975654E-01 1.485320057E-06 4.198229010E+00
3.000920000E-01 9.999977703E-01 1.624445240E-06 4.131399704E+00
3.049450000E-01 9.999978995E-01 1.782847684E-06 4.065651183E+00
3.098780000E-01 9.999979972E-01 1.875583114E-06 4.000929398E+00
3.148900000E-01 9.999981041E-01 1.957999818E-06 3.937247928E+00
3.199830000E-01 9.999982055E-01 2.044039542E-06 3.874580837E+00
3.251580000E-01 9.999982870E-01 2.128737943E-06 3.812915567E+00
3.304180000E-01 9.999983628E-01 2.204464991E-06 3.752216889E+00
3.357620000E-01 9.999984266E-01 2.282918878E-06 3.692496471E+00
3.411920000E-01 9.999984743E-01 2.349583218E-06 3.633731154E+00
3.467110000E-01 9.999985215E-01 2.406808328E-06 3.575888853E+00
3.523190000E-01 9.999985629E-01 2.465452212E-06 3.518970024E+00
3.580170000E-01 9.999985853E-01 2.520485690E-06 3.462964049E+00
3.638080000E-01 9.999986061E-01 2.562534457E-06 3.407841499E+00
3.696920000E-01 9.999986239E-01 2.605280526E-06 3.353602458E+00
3.756720000E-01 9.999986255E-01 2.648729118E-06 3.300219340E+00
3.817480000E-01 9.999986181E-01 2.666131058E-06 3.247692195E+00
3.879220000E-01 9.999986163E-01 2.676084169E-06 3.196003320E+00
3.941970000E-01 9.999986173E-01 2.686071717E-06 3.145127944E+00
4.005730000E-01 9.999986144E-01 2.696088260E-06 3.095066318E+00
4.070520000E-01 9.999985959E-01 2.706155245E-06 3.045802502E+00
4.136350000E-01 9.999985741E-01 2.691010771E-06 2.997328563E+00
4.203260000E-01 9.999985630E-01 2.668831818E-06 2.949615299E+00
4.271240000E-01 9.999985556E-01 2.646850904E-06 2.902669951E+00
4.340320000E-01 9.999985477E-01 2.625054725E-06 2.856471412E+00
4.410520000E-01 9.999985315E-01 2.599541763E-06 2.811006412E+00
4.481860000E-01 9.999985231E-01 2.559438534E-06 2.766262221E+00
4.554350000E-01 9.999985211E-01 2.519964155E-06 2.722232591E+00
4.628020000E-01 9.999985224E-01 2.481085006E-06 2.678899400E+00
4.702870000E-01 9.999985257E-01 2.442818335E-06 2.636262538E+00
4.778940000E-01 9.999985309E-01 2.405138156E-06 2.594299154E+00
4.856230000E-01 9.999985371E-01 2.369317407E-06 2.553009227E+00
4.934780000E-01 9.999985424E-01 2.335181793E-06 2.512371372E+00
5.014590000E-01 9.999985467E-01 2.301550692E-06 2.472385579E+00
5.095700000E-01 9.999985498E-01 2.268393544E-06 2.433031772E+00
5.178120000E-01 9.999985515E-01 2.235715454E-06 2.394305269E+00
5.261870000E-01 9.999985478E-01 2.203518495E-06 2.356196561E+00
5.346980000E-01 9.999985436E-01 2.163528469E-06 2.318692047E+00
5.433460000E-01 9.999985428E-01 2.122651427E-06 2.281787296E+00
5.521340000E-01 9.999985428E-01 2.082549717E-06 2.245469397E+00
5.610650000E-01 9.999985422E-01 2.043192901E-06 2.209726146E+00
5.701390000E-01 9.999985396E-01 2.004596548E-06 2.174557432E+00
5.793610000E-01 9.999985293E-01 1.961090340E-06 2.139943835E+00
5.887320000E-01 9.999985249E-01 1.908427720E-06 2.105881793E+00
5.982540000E-01 9.999985270E-01 1.857184777E-06 2.072363912E+00
6.079300000E-01 9.999985310E-01 1.807314508E-06 2.039379534E+00
6.177630000E-01 9.999985358E-01 1.758786708E-06 2.006918511E+00
6.277550000E-01 9.999985406E-01 1.711558661E-06 1.974974313E+00
6.379080000E-01 9.999985397E-01 1.665222877E-06 1.943540448E+00
6.482260000E-01 9.999985389E-01 1.608826823E-06 1.912604555E+00
6.587110000E-01 9.999985471E-01 1.548619976E-06 1.882160765E+00
6.693650000E-01 9.999985611E-01 1.490792681E-06 1.852203208E+00
6.801910000E-01 9.999985787E-01 1.436927018E-06 1.822723323E+00
6.911930000E-01 9.999985971E-01 1.386302315E-06 1.793710295E+00
7.023720000E-01 9.999986146E-01 1.337371914E-06 1.765161481E+00
7.137330000E-01 9.999986327E-01 1.287219712E-06 1.737064140E+00
7.252770000E-01 9.999986543E-01 1.236994617E-06 1.709415851E+00
7.370080000E-01 9.999986785E-01 1.188737471E-06 1.682206977E+00
7.489280000E-01 9.999987052E-01 1.142361759E-06 1.655432832E+00
7.610420000E-01 9.999987353E-01 1.098071671E-06 1.629082232E+00
7.733510000E-01 9.999987707E-01 1.058457276E-06 1.603153031E+00
7.858590000E-01 9.999988077E-01 1.030270400E-06 1.577636701E+00
7.985700000E-01 9.999988357E-01 1.010983880E-06 1.552525139E+00
8.114860000E-01 9.999988568E-01 9.920524671E-07 1.527814405E+00
8.246110000E-01 9.999988728E-01 9.734822223E-07 1.503496800E+00
8.379490000E-01 9.999988819E-01 9.552649072E-07 1.479564985E+00
8.515020000E-01 9.999988853E-01 9.292636515E-07 1.456015370E+00
8.652740000E-01 9.999988875E-01 8.952592282E-07 1.432840927E+00
8.792690000E-01 9.999988976E-01 8.550404186E-07 1.410034927E+00
8.934910000E-01 9.999989127E-01 8.166205182E-07 1.387590921E+00
9.079430000E-01 9.999989304E-01 7.799268858E-07 1.365504222E+00
9.226280000E-01 9.999989502E-01 7.448851503E-07 1.343770187E+00
9.375510000E-01 9.999989709E-01 7.123441519E-07 1.322381396E+00
9.527150000E-01 9.999989920E-01 6.814528960E-07 1.301333557E+00
9.681240000E-01 9.999990133E-01 6.520899867E-07 1.280621077E+00
9.837830000E-01 9.999990346E-01 6.239969141E-07 1.260237268E+00
9.996950000E-01 9.999990559E-01 5.970500650E-07 1.240178254E+00
1.015860000E+00 9.999990771E-01 5.712054162E-07 1.220443762E+00
1.032290000E+00 9.999990989E-01 5.459566207E-07 1.201019093E+00
1.048990000E+00 9.999991210E-01 5.224975263E-07 1.181898779E+00
1.065960000E+00 9.999991425E-01 5.007669297E-07 1.163083043E+00
1.083200000E+00 9.999991633E-01 4.799383579E-07 1.144571640E+00
1.100720000E+00 9.999991837E-01 4.599684592E-07 1.126353659E+00
1.118520000E+00 9.999992038E-01 4.408275130E-07 1.108428995E+00
1.136610000E+00 9.999992234E-01 4.224717539E-07 1.090787517E+00
1.155000000E+00 9.999992427E-01 4.048714045E-07 1.073419913E+00
1.173680000E+00 9.999992615E-01 3.880047481E-07 1.056335628E+00
1.192660000E+00 9.999992799E-01 3.718328960E-07 1.039525095E+00
1.211950000E+00 9.999992979E-01 3.563271050E-07 1.022979496E+00
1.231550000E+00 9.999993152E-01 3.414621267E-07 1.006698875E+00
1.251470000E+00 9.999993320E-01 3.267852069E-07 9.906749662E-01
1.271720000E+00 9.999993483E-01 3.122813874E-07 9.749001352E-01
1.292290000E+00 9.999993649E-01 2.978887069E-07 9.593821820E-01
1.313190000E+00 9.999993814E-01 2.841517993E-07 9.441131900E-01
1.334430000E+00 9.999993978E-01 2.710448907E-07 9.290858269E-01
1.356010000E+00 9.999994139E-01 2.585392006E-07 9.143000420E-01
1.377940000E+00 9.999994298E-01 2.466005739E-07 8.997489005E-01
1.400230000E+00 9.999994455E-01 2.352073760E-07 8.854259657E-01
1.422880000E+00 9.999994608E-01 2.243392764E-07 8.713313842E-01
1.445890000E+00 9.999994757E-01 2.139658540E-07 8.574649524E-01
1.469280000E+00 9.999994903E-01 2.040326150E-07 8.438146575E-01
1.493040000E+00 9.999995046E-01 1.945098748E-07 8.303863259E-01
1.517190000E+00 9.999995186E-01 1.852152945E-07 8.171685814E-01
1.541730000E+00 9.999995324E-01 1.763345994E-07 8.041615588E-01
1.566670000E+00 9.999995459E-01 1.678761457E-07 7.913600184E-01
1.592010000E+00 9.999995592E-01 1.598191465E-07 7.787639525E-01
1.617760000E+00 9.999995722E-01 1.521446016E-07 7.663683117E-01
1.643920000E+00 9.999995848E-01 1.448349198E-07 7.541729525E-01
1.670510000E+00 9.999995972E-01 1.378724679E-07 7.421685593E-01
1.697530000E+00 9.999996093E-01 1.312432266E-07 7.303552809E-01
1.724990000E+00 9.999996211E-01 1.249283973E-07 7.187288042E-01
1.752890000E+00 9.999996326E-01 1.188264487E-07 7.072891054E-01
1.781240000E+00 9.999996438E-01 1.129923487E-07 6.960319777E-01
1.810050000E+00 9.999996548E-01 1.074219265E-07 6.849534543E-01
1.839320000E+00 9.999996656E-01 1.021235793E-07 6.740534545E-01
1.869070000E+00 9.999996761E-01 9.708431938E-08 6.633245411E-01
1.899300000E+00 9.999996863E-01 9.229136954E-08 6.527668088E-01
1.930020000E+00 9.999996963E-01 8.773353034E-08 6.423767629E-01
1.961240000E+00 9.999997061E-01 8.339869535E-08 6.321510881E-01
1.992960000E+00 9.999997156E-01 7.927530015E-08 6.220897559E-01
2.025200000E+00 9.999997249E-01 7.539341382E-08 6.121864507E-01
2.057950000E+00 9.999997339E-01 7.162132453E-08 6.024441799E-01
2.091240000E+00 9.999997427E-01 6.802574579E-08 5.928540005E-01
2.125060000E+00 9.999997513E-01 6.460167554E-08 5.834188211E-01
2.159430000E+00 9.999997597E-01 6.133833146E-08 5.741329888E-01
2.194360000E+00 9.999997679E-01 5.823383525E-08 5.649938934E-01
2.229850000E+00 9.999997760E-01 5.527401604E-08 5.560015248E-01
2.265920000E+00 9.999997839E-01 5.246050017E-08 5.471508262E-01
2.302570000E+00 9.999997916E-01 4.978104428E-08 5.384418280E-01
2.339810000E+00 9.999997992E-01 4.722958602E-08 5.298720836E-01
2.377660000E+00 9.999998066E-01 4.480382139E-08 5.214370431E-01
2.416110000E+00 9.999998139E-01 4.249676286E-08 5.131388885E-01
2.455190000E+00 9.999998211E-01 4.030071963E-08 5.049711020E-01
2.494900000E+00 9.999998283E-01 3.821246385E-08 4.969337448E-01
2.535260000E+00 9.999998354E-01 3.622644627E-08 4.890228221E-01
2.576260000E+00 9.999998425E-01 3.433880069E-08 4.812402475E-01
2.617930000E+00 9.999998497E-01 3.254415994E-08 4.735802714E-01
2.660270000E+00 9.999998570E-01 3.083900102E-08 4.660429205E-01
2.703300000E+00 9.999998646E-01 2.921743362E-08 4.586246440E-01
2.747030000E+00 9.999998727E-01 2.767661348E-08 4.513237933E-01
2.791460000E+00 9.999998819E-01 2.621322455E-08 4.441403423E-01
2.836610000E+00 9.999998936E-01 2.482322954E-08 4.370710108E-01
2.882490000E+00 9.999999182E-01 2.350277291E-08 4.301142415E-01
2.892300000E+00 9.999999724E-01 2.323246393E-08 4.286553954E-01
2.892500000E+00 9.999999724E-01 5.976349107E-08 4.286257563E-01
2.929110000E+00 9.999999075E-01 5.714597996E-08 4.232685014E-01
2.976480000E+00 9.999999054E-01 5.397286517E-08 4.165322797E-01
3.021400000E+00 9.999999464E-01 5.116986780E-08 4.103395777E-01
3.021600000E+00 9.999999464E-01 7.414297090E-08 4.103124173E-01
3.024630000E+00 9.999999220E-01 7.388092768E-08 4.099013764E-01
3.073550000E+00 9.999999010E-01 6.980407553E-08 4.033772023E-01
3.123260000E+00 9.999998967E-01 6.595305575E-08 3.969570257E-01
3.173780000E+00 9.999998952E-01 6.231786122E-08 3.906382925E-01
3.225110000E+00 9.999998951E-01 5.888349696E-08 3.844209965E-01
3.277270000E+00 9.999998959E-01 5.564150731E-08 3.783026727E-01
3.330280000E+00 9.999998973E-01 5.258111495E-08 3.722810094E-01
3.384150000E+00 9.999998992E-01 4.968959574E-08 3.663549193E-01
3.438880000E+00 9.999999018E-01 4.695874182E-08 3.605243568E-01
3.494500000E+00 9.999999051E-01 4.437854573E-08 3.547860924E-01
3.537900000E+00 9.999999221E-01 4.249078549E-08 3.504338732E-01
3.538100000E+00 9.999999221E-01 5.103073787E-08 3.504140640E-01
3.551020000E+00 9.999999100E-01 5.034954497E-08 3.491391206E-01
3.608460000E+00 9.999999071E-01 4.745753775E-08 3.435814724E-01
3.666820000E+00 9.999999075E-01 4.473339165E-08 3.381131335E-01
3.726130000E+00 9.999999086E-01 4.216515173E-08 3.327312788E-01
3.786400000E+00 9.999999101E-01 3.974648081E-08 3.274350306E-01
3.847640000E+00 9.999999118E-01 3.746873243E-08 3.222234928E-01
3.909870000E+00 9.999999137E-01 3.532306659E-08 3.170949418E-01
3.973110000E+00 9.999999158E-01 3.330050547E-08 3.120477409E-01
4.037380000E+00 9.999999180E-01 3.139390534E-08 3.070803343E-01
4.102680000E+00 9.999999193E-01 2.959736290E-08 3.021927131E-01
4.158900000E+00 9.999999246E-01 2.815402930E-08 2.981076727E-01
4.159100000E+00 9.999999246E-01 2.974597557E-08 2.980933375E-01
4.169030000E+00 9.999999232E-01 2.949923228E-08 2.973833242E-01
4.236460000E+00 9.999999243E-01 2.789244873E-08 2.926499955E-01
4.304980000E+00 9.999999260E-01 2.637207178E-08 2.879920464E-01
4.374620000E+00 9.999999280E-01 2.493403208E-08 2.834074731E-01
4.445370000E+00 9.999999301E-01 2.357579987E-08 2.788969197E-01
4.481900000E+00 9.999999329E-01 2.291179712E-08 2.766237533E-01
4.482100000E+00 9.999999329E-01 2.393160672E-08 2.766114098E-01
4.517270000E+00 9.999999319E-01 2.329994730E-08 2.744578031E-01
4.590330000E+00 9.999999333E-01 2.205511084E-08 2.700895143E-01
4.664580000E+00 9.999999349E-01 2.087528586E-08 2.657902748E-01
4.740030000E+00 9.999999366E-01 1.975633526E-08 2.615595260E-01
4.816690000E+00 9.999999383E-01 1.869563456E-08 2.573966770E-01
4.894600000E+00 9.999999399E-01 1.769073159E-08 2.532995546E-01
4.973770000E+00 9.999999416E-01 1.673808470E-08 2.492676581E-01
5.054210000E+00 9.999999432E-01 1.583551068E-08 2.453004525E-01
5.135960000E+00 9.999999448E-01 1.498036970E-08 2.413959610E-01
5.219030000E+00 9.999999463E-01 1.417034036E-08 2.375537217E-01
5.303440000E+00 9.999999479E-01 1.340289065E-08 2.337727965E-01
5.389220000E+00 9.999999494E-01 1.267614796E-08 2.300518442E-01
5.476390000E+00 9.999999509E-01 1.198805655E-08 2.263900124E-01
5.564970000E+00 9.999999523E-01 1.133636549E-08 2.227864661E-01
5.654980000E+00 9.999999537E-01 1.071946699E-08 2.192403863E-01
5.746440000E+00 9.999999551E-01 1.013559192E-08 2.157509693E-01
5.839390000E+00 9.999999564E-01 9.582723767E-09 2.123166975E-01
5.933830000E+00 9.999999577E-01 9.059618029E-09 2.089375665E-01
6.029810000E+00 9.999999590E-01 8.564562091E-09 2.056117854E-01
6.127330000E+00 9.999999603E-01 8.096085827E-09 2.023393550E-01
6.226440000E+00 9.999999615E-01 7.652848837E-09 1.991185975E-01
6.327150000E+00 9.999999626E-01 7.233494584E-09 1.959492030E-01
6.429480000E+00 9.999999638E-01 6.836843337E-09 1.928305244E-01
6.533480000E+00 9.999999649E-01 6.461623609E-09 1.897610462E-01
6.639150000E+00 9.999999660E-01 6.106651450E-09 1.867407725E-01
6.746540000E+00 9.999999670E-01 5.771034199E-09 1.837682723E-01
6.855650000E+00 9.999999681E-01 5.453610561E-09 1.808435378E-01
6.966540000E+00 9.999999691E-01 5.153455812E-09 1.779649582E-01
7.079220000E+00 9.999999700E-01 4.869621076E-09 1.751322886E-01
7.193720000E+00 9.999999710E-01 4.601214285E-09 1.723447674E-01
7.310070000E+00 9.999999719E-01 4.347493740E-09 1.696016591E-01
7.428310000E+00 9.999999727E-01 4.107706364E-09 1.669020275E-01
7.548450000E+00 9.999999736E-01 3.880944851E-09 1.642456398E-01
7.670540000E+00 9.999999744E-01 3.666628672E-09 1.616313845E-01
7.794610000E+00 9.999999752E-01 3.464069975E-09 1.590586315E-01
7.920680000E+00 9.999999760E-01 3.272568246E-09 1.565269649E-01
8.048790000E+00 9.999999768E-01 3.091616210E-09 1.540355755E-01
8.178980000E+00 9.999999775E-01 2.920564522E-09 1.515836938E-01
8.311260000E+00 9.999999782E-01 2.758929811E-09 1.491711245E-01
8.445690000E+00 9.999999789E-01 2.606217065E-09 1.467967685E-01
8.582290000E+00 9.999999796E-01 2.461892851E-09 1.444602781E-01
8.721110000E+00 9.999999803E-01 2.325495530E-09 1.421608029E-01
8.862160000E+00 9.999999809E-01 2.196630305E-09 1.398981738E-01
9.005500000E+00 9.999999815E-01 2.074843983E-09 1.376714230E-01
9.151160000E+00 9.999999821E-01 1.959814241E-09 1.354800921E-01
9.299170000E+00 9.999999827E-01 1.851117150E-09 1.333237267E-01
9.449580000E+00 9.999999832E-01 1.748432996E-09 1.312015984E-01
9.602420000E+00 9.999999838E-01 1.651450966E-09 1.291132860E-01
9.757730000E+00 9.999999843E-01 1.559783889E-09 1.270582400E-01
9.915550000E+00 9.999999848E-01 1.473239111E-09 1.250359284E-01
1.007590000E+01 9.999999853E-01 1.389125352E-09 1.230460803E-01
1.023890000E+01 9.999999858E-01 1.309772089E-09 1.210872262E-01
1.040450000E+01 9.999999862E-01 1.234940376E-09 1.191599789E-01
1.057280000E+01 9.999999867E-01 1.164363890E-09 1.172631659E-01
1.074380000E+01 9.999999871E-01 1.097817376E-09 1.153967870E-01
1.091760000E+01 9.999999875E-01 1.035063332E-09 1.135597567E-01
1.109420000E+01 9.999999879E-01 9.759002465E-10 1.117520867E-01
1.127360000E+01 9.999999883E-01 9.201339390E-10 1.099737440E-01
1.145590000E+01 9.999999887E-01 8.675624804E-10 1.082237101E-01
1.164120000E+01 9.999999891E-01 8.179997499E-10 1.065010480E-01
1.182950000E+01 9.999999895E-01 7.712831280E-10 1.048057822E-01
1.202080000E+01 9.999999898E-01 7.272572487E-10 1.031378943E-01
1.221530000E+01 9.999999902E-01 6.857514068E-10 1.014956653E-01
1.241280000E+01 9.999999905E-01 6.466511608E-10 9.988076824E-02
1.261360000E+01 9.999999908E-01 6.097936310E-10 9.829073381E-02
1.281760000E+01 9.999999911E-01 5.750655247E-10 9.672637623E-02
1.302500000E+01 9.999999914E-01 5.423314718E-10 9.518618042E-02
1.323560000E+01 9.999999917E-01 5.115005810E-10 9.367161292E-02
1.344970000E+01 9.999999920E-01 4.824422113E-10 9.218049473E-02
1.366720000E+01 9.999999923E-01 4.550669599E-10 9.071353313E-02
1.388830000E+01 9.999999926E-01 4.292682963E-10 8.926938502E-02
1.411290000E+01 9.999999929E-01 4.049658786E-10 8.784870579E-02
1.434120000E+01 9.999999932E-01 3.820647365E-10 8.645022732E-02
1.457310000E+01 9.999999937E-01 3.604927392E-10 8.507455517E-02
1.461930000E+01 9.999999948E-01 3.563849005E-10 8.480570205E-02
1.461950000E+01 9.999999948E-01 8.648210183E-10 8.480454188E-02
1.480890000E+01 9.999999937E-01 8.242657474E-10 8.371992518E-02
1.504840000E+01 9.999999938E-01 7.763655917E-10 8.238749635E-02
1.529180000E+01 9.999999939E-01 7.312473687E-10 8.107613231E-02
1.553910000E+01 9.999999941E-01 6.887556741E-10 7.978583058E-02
1.579040000E+01 9.999999942E-01 6.487320311E-10 7.851606039E-02
1.604580000E+01 9.999999944E-01 6.110327314E-10 7.726632514E-02
1.630540000E+01 9.999999946E-01 5.755184912E-10 7.603615980E-02
1.656910000E+01 9.999999947E-01 5.420762385E-10 7.482603159E-02
1.683710000E+01 9.999999949E-01 5.105750118E-10 7.363500840E-02
1.710940000E+01 9.999999951E-01 4.809070504E-10 7.246309046E-02
1.733700000E+01 9.999999957E-01 4.577699434E-10 7.151179558E-02
1.733720000E+01 9.999999957E-01 6.419698394E-10 7.151097063E-02
1.738610000E+01 9.999999953E-01 6.356910544E-10 7.130983947E-02
1.766740000E+01 9.999999954E-01 6.010883575E-10 7.017444559E-02
1.795310000E+01 9.999999955E-01 5.683745012E-10 6.905771148E-02
1.804890000E+01 9.999999957E-01 5.579180527E-10 6.869116677E-02
1.804910000E+01 9.999999957E-01 6.331171101E-10 6.869040562E-02
1.824350000E+01 9.999999956E-01 6.102710765E-10 6.795845096E-02
1.853860000E+01 9.999999957E-01 5.775863808E-10 6.687667893E-02
1.883840000E+01 9.999999958E-01 5.465565987E-10 6.581238322E-02
1.914310000E+01 9.999999959E-01 5.171013644E-10 6.476485000E-02
1.945270000E+01 9.999999960E-01 4.891504127E-10 6.373408319E-02
1.976740000E+01 9.999999961E-01 4.626310058E-10 6.271942694E-02
2.008710000E+01 9.999999963E-01 4.374836882E-10 6.172120416E-02
2.041200000E+01 9.999999964E-01 4.136380553E-10 6.073878111E-02
2.074210000E+01 9.999999965E-01 3.910372814E-10 5.977215422E-02
2.107760000E+01 9.999999966E-01 3.696154926E-10 5.882073860E-02
2.141850000E+01 9.999999967E-01 3.493206339E-10 5.788453907E-02
2.176500000E+01 9.999999968E-01 3.300930584E-10 5.696301401E-02
2.211700000E+01 9.999999969E-01 3.118867424E-10 5.605642718E-02
2.247470000E+01 9.999999970E-01 2.946475212E-10 5.516425136E-02
2.283820000E+01 9.999999971E-01 2.783273281E-10 5.428623972E-02
2.320760000E+01 9.999999971E-01 2.628800713E-10 5.342215481E-02
2.358300000E+01 9.999999972E-01 2.482615681E-10 5.257176780E-02
2.396440000E+01 9.999999973E-01 2.344320715E-10 5.173507369E-02
2.435200000E+01 9.999999974E-01 2.213487365E-10 5.091162943E-02
2.474590000E+01 9.999999975E-01 2.089741972E-10 5.010122889E-02
2.514620000E+01 9.999999976E-01 1.972714201E-10 4.930367213E-02
2.555290000E+01 9.999999976E-01 1.862075327E-10 4.851895480E-02
2.596620000E+01 9.999999977E-01 1.757476678E-10 4.774668608E-02
2.638610000E+01 9.999999978E-01 1.658615563E-10 4.698686051E-02
2.681290000E+01 9.999999978E-01 1.565171441E-10 4.623893723E-02
2.724660000E+01 9.999999979E-01 1.476867835E-10 4.550292514E-02
2.768730000E+01 9.999999980E-01 1.393439068E-10 4.477865303E-02
2.813510000E+01 9.999999980E-01 1.314620882E-10 4.406595320E-02
2.859020000E+01 9.999999981E-01 1.240165223E-10 4.336450952E-02
2.905260000E+01 9.999999982E-01 1.169847816E-10 4.267432175E-02
2.952250000E+01 9.999999982E-01 1.103438785E-10 4.199508849E-02
3.000000000E+01 0.000000000E+00 0.000000000E+00 4.132666667E-02
