# 11/08/2021 
# Data retrieved from www.chemicool.com/densities.html 
# Includes the real (n) and complex (k) part of the  refractive index. 
# Element, Ru  (Z = 44) 
# Nominal density, g cm-3 =  12.2 
#    E [keV]      n       k    Wavelength [nm] 
1.000000000E-02 -2.094940403E+01 1.102368671E+00 1.239800000E+02
1.016170000E-02 4.853521795E+03 7.349296886E-01 1.220071445E+02
1.032610000E-02 4.700239500E+03 7.119401889E-01 1.200646904E+02
1.049310000E-02 4.551850926E+03 7.024258203E-01 1.181538344E+02
1.066280000E-02 4.408148723E+03 6.930405549E-01 1.162733991E+02
1.083530000E-02 4.268940466E+03 6.837711000E-01 1.144223049E+02
1.101050000E-02 4.134197432E+03 6.746342167E-01 1.126016076E+02
1.118860000E-02 4.003660333E+03 6.656169138E-01 1.108092165E+02
1.136960000E-02 3.877232883E+03 6.602660113E-01 1.090451731E+02
1.155350000E-02 3.754816989E+03 6.743055152E-01 1.073094733E+02
1.174040000E-02 3.636251358E+03 6.880292167E-01 1.056011720E+02
1.193030000E-02 3.521444512E+03 6.986703965E-01 1.039202702E+02
1.212320000E-02 3.410303730E+03 7.094890969E-01 1.022667283E+02
1.231930000E-02 3.302628239E+03 7.204609149E-01 1.006388350E+02
1.251860000E-02 3.198339164E+03 7.316019795E-01 9.903663349E+01
1.272100000E-02 3.097404770E+03 7.429265682E-01 9.746089144E+01
1.292680000E-02 2.999597496E+03 7.542226924E-01 9.590927376E+01
1.313590000E-02 2.904892705E+03 7.645959077E-01 9.438256990E+01
1.334830000E-02 2.813213674E+03 7.751207883E-01 9.288074137E+01
1.356420000E-02 2.724402700E+03 7.857802570E-01 9.140236800E+01
1.378360000E-02 2.638393371E+03 7.965882812E-01 8.994747381E+01
1.400660000E-02 2.555081671E+03 8.075383498E-01 8.851541416E+01
1.423310000E-02 2.474439157E+03 8.141867092E-01 8.710681440E+01
1.446330000E-02 2.396330498E+03 8.198622912E-01 8.572040959E+01
1.469720000E-02 2.320695739E+03 8.255787624E-01 8.435620390E+01
1.493500000E-02 2.247413908E+03 8.313214240E-01 8.301305658E+01
1.517650000E-02 2.176489445E+03 8.371206799E-01 8.169208974E+01
1.542200000E-02 2.107778295E+03 8.429494078E-01 8.039164829E+01
1.567140000E-02 2.041255896E+03 8.482640879E-01 7.911226821E+01
1.592490000E-02 1.976817398E+03 8.529014262E-01 7.785292215E+01
1.618250000E-02 1.914414240E+03 8.575632137E-01 7.661362583E+01
1.644420000E-02 1.853997070E+03 8.622579677E-01 7.539436397E+01
1.671020000E-02 1.795473038E+03 8.669714990E-01 7.419420474E+01
1.698050000E-02 1.738797967E+03 8.717110218E-01 7.301316216E+01
1.725510000E-02 1.683926976E+03 8.745228458E-01 7.185122080E+01
1.753420000E-02 1.630777513E+03 8.736089931E-01 7.070753157E+01
1.781780000E-02 1.579309147E+03 8.726965177E-01 6.958210329E+01
1.810600000E-02 1.529463954E+03 8.717839273E-01 6.847453883E+01
1.839880000E-02 1.481202850E+03 8.708785828E-01 6.738482945E+01
1.869640000E-02 1.434455618E+03 8.699680709E-01 6.631223123E+01
1.899880000E-02 1.389186738E+03 8.632997131E-01 6.525675306E+01
1.930610000E-02 6.823126630E-01 8.536954782E-01 6.421804507E+01
1.961840000E-02 6.756885173E-01 8.441936587E-01 6.319577539E+01
1.993570000E-02 6.694789911E-01 8.348041413E-01 6.218994066E+01
2.025810000E-02 6.631841920E-01 8.255200583E-01 6.120021127E+01
2.058580000E-02 6.562322356E-01 8.163331448E-01 6.022598102E+01
2.091870000E-02 6.471020484E-01 8.072555388E-01 5.926754531E+01
2.125710000E-02 6.373147716E-01 7.945682720E-01 5.832404232E+01
2.160090000E-02 6.286381130E-01 7.778679273E-01 5.739575666E+01
2.195030000E-02 6.221715391E-01 7.615156384E-01 5.648214375E+01
2.230530000E-02 6.174620879E-01 7.455104321E-01 5.558320220E+01
2.266610000E-02 6.131830107E-01 7.298387567E-01 5.469842628E+01
2.303270000E-02 6.092163956E-01 7.144977897E-01 5.382781871E+01
2.340520000E-02 6.042796362E-01 6.994819832E-01 5.297113462E+01
2.378380000E-02 5.990466866E-01 6.829046458E-01 5.212791900E+01
2.416850000E-02 5.947055028E-01 6.657051639E-01 5.129817738E+01
2.455940000E-02 5.916292244E-01 6.489403657E-01 5.048168929E+01
2.495660000E-02 5.882222020E-01 6.325982162E-01 4.967824143E+01
2.536020000E-02 5.839828333E-01 6.166695029E-01 4.888762707E+01
2.577040000E-02 5.767961418E-01 6.011382426E-01 4.810945891E+01
2.618720000E-02 5.690485670E-01 5.772545131E-01 4.734374045E+01
2.661080000E-02 5.644073378E-01 5.516858361E-01 4.659010627E+01
2.704120000E-02 5.653833697E-01 5.272516655E-01 4.584855702E+01
2.747860000E-02 5.670360171E-01 5.038987312E-01 4.511874695E+01
2.792300000E-02 5.697815808E-01 4.809332574E-01 4.440067328E+01
2.837470000E-02 5.736210354E-01 4.566607729E-01 4.369385403E+01
2.883360000E-02 5.797036427E-01 4.336167966E-01 4.299844626E+01
2.930000000E-02 5.870237784E-01 4.117328869E-01 4.231399317E+01
2.977390000E-02 5.950909683E-01 3.909548188E-01 4.164049721E+01
3.025540000E-02 6.033839710E-01 3.712273258E-01 4.097780892E+01
3.074480000E-02 6.122203946E-01 3.521348426E-01 4.032551846E+01
3.124210000E-02 6.216562898E-01 3.321379535E-01 3.968363202E+01
3.174740000E-02 6.325893053E-01 3.132775219E-01 3.905201686E+01
3.226090000E-02 6.443792660E-01 2.954874538E-01 3.843042197E+01
3.278270000E-02 6.567980537E-01 2.787077898E-01 3.781872756E+01
3.331290000E-02 6.697310083E-01 2.628817265E-01 3.721681391E+01
3.385170000E-02 6.831020829E-01 2.479596847E-01 3.662445313E+01
3.439920000E-02 6.968674267E-01 2.338977017E-01 3.604153585E+01
3.495560000E-02 7.110422880E-01 2.206330772E-01 3.546785064E+01
3.552100000E-02 7.255988194E-01 2.081513205E-01 3.490329664E+01
3.609550000E-02 7.405546493E-01 1.964491560E-01 3.434777188E+01
3.667930000E-02 7.556803378E-01 1.854054317E-01 3.380108126E+01
3.727260000E-02 7.714422741E-01 1.746394800E-01 3.326304041E+01
3.787540000E-02 7.883358225E-01 1.641968987E-01 3.273364770E+01
3.848800000E-02 8.065891116E-01 1.544984009E-01 3.221263771E+01
3.911060000E-02 8.264069894E-01 1.456686741E-01 3.169984608E+01
3.974310000E-02 8.484974520E-01 1.373446618E-01 3.119535215E+01
4.000390000E-02 8.587708949E-01 1.340895056E-01 3.099197828E+01
4.058780000E-02 8.859592742E-01 1.285453708E-01 3.054612470E+01
4.099790000E-02 9.075807327E-01 1.283561846E-01 3.024057330E+01
4.130410000E-02 9.260818957E-01 1.321788991E-01 3.001639062E+01
4.158020000E-02 9.398446273E-01 1.385856706E-01 2.981707640E+01
4.225270000E-02 9.709640634E-01 1.606920136E-01 2.934250356E+01
4.283600000E-02 9.988035320E-01 1.823547069E-01 2.894294519E+01
4.317610000E-02 1.002940832E+00 2.191851054E-01 2.871496036E+01
4.376750000E-02 9.965155730E-01 2.499076248E-01 2.832695493E+01
4.420330000E-02 9.865992824E-01 2.676583731E-01 2.804767970E+01
4.467020000E-02 9.746865600E-01 2.799481230E-01 2.775452091E+01
4.526160000E-02 9.604860454E-01 2.908722158E-01 2.739187302E+01
4.572850000E-02 9.510787142E-01 2.942849957E-01 2.711219480E+01
4.610200000E-02 9.464016610E-01 2.970148451E-01 2.689254262E+01
4.672450000E-02 9.388747549E-01 3.041835798E-01 2.653425933E+01
4.712920000E-02 9.320377861E-01 3.103302590E-01 2.630640877E+01
4.762720000E-02 9.215135755E-01 3.154506001E-01 2.603134343E+01
4.815640000E-02 9.094090355E-01 3.178777427E-01 2.574527996E+01
4.893530000E-02 8.923390109E-01 3.165758630E-01 2.533549401E+01
4.899680000E-02 8.910894739E-01 3.164725732E-01 2.530369330E+01
4.949480000E-02 8.821247455E-01 3.130593193E-01 2.504909607E+01
5.005510000E-02 8.729018243E-01 3.093041089E-01 2.476870489E+01
5.051750000E-02 8.668732540E-01 3.042745009E-01 2.454199040E+01
5.093250000E-02 8.626708279E-01 3.007309531E-01 2.434202130E+01
5.175630000E-02 8.553396518E-01 2.948835775E-01 2.395457171E+01
5.259340000E-02 8.477236980E-01 2.893721862E-01 2.357330007E+01
5.344410000E-02 8.397329943E-01 2.835141475E-01 2.319807051E+01
5.430850000E-02 8.316550148E-01 2.771944174E-01 2.282883895E+01
5.518690000E-02 8.238335333E-01 2.694573931E-01 2.246547641E+01
5.607950000E-02 8.166621139E-01 2.609750067E-01 2.210790039E+01
5.698650000E-02 8.092765422E-01 2.514730055E-01 2.175602994E+01
5.790820000E-02 8.028961270E-01 2.398628128E-01 2.140974853E+01
5.884480000E-02 7.990799308E-01 2.283733855E-01 2.106898146E+01
5.979660000E-02 7.960814844E-01 2.174331048E-01 2.073362031E+01
6.076380000E-02 7.937008677E-01 2.070171076E-01 2.040359556E+01
6.174660000E-02 7.919510353E-01 1.953468951E-01 2.007883835E+01
6.274530000E-02 7.913868555E-01 1.843205764E-01 1.975924890E+01
6.376010000E-02 7.912096712E-01 1.741104822E-01 1.944476248E+01
6.479140000E-02 7.905527392E-01 1.632126032E-01 1.913525560E+01
6.583940000E-02 7.913097919E-01 1.522443633E-01 1.883066978E+01
6.690430000E-02 7.929362730E-01 1.413865197E-01 1.853094644E+01
6.798640000E-02 7.953651338E-01 1.311082546E-01 1.823600014E+01
6.908600000E-02 7.980350162E-01 1.215355491E-01 1.794574878E+01
7.020340000E-02 8.007841547E-01 1.114208829E-01 1.766011333E+01
7.133890000E-02 8.051386670E-01 1.020522167E-01 1.737901762E+01
7.249270000E-02 8.094956272E-01 9.380790082E-02 1.710241169E+01
7.366520000E-02 8.136398745E-01 8.530653536E-02 1.683019933E+01
7.485670000E-02 8.184548023E-01 7.747581692E-02 1.656231172E+01
7.606750000E-02 8.235751085E-01 7.003040444E-02 1.629868209E+01
7.729780000E-02 8.289418565E-01 6.328056801E-02 1.603926632E+01
7.854800000E-02 8.344298711E-01 5.688898953E-02 1.578397922E+01
7.981850000E-02 8.399325272E-01 5.114307603E-02 1.553273990E+01
8.110950000E-02 8.454018647E-01 4.571148084E-02 1.528550910E+01
8.242140000E-02 8.509657786E-01 4.075693108E-02 1.504220991E+01
8.375450000E-02 8.565109830E-01 3.613989554E-02 1.480278672E+01
8.510910000E-02 8.619996645E-01 3.204478827E-02 1.456718494E+01
8.648570000E-02 8.675403232E-01 2.791247176E-02 1.433531786E+01
8.788450000E-02 8.730968507E-01 2.430373117E-02 1.410715200E+01
8.930600000E-02 8.787281649E-01 2.118199724E-02 1.388260587E+01
9.075040000E-02 8.842688600E-01 1.846500601E-02 1.366164777E+01
9.221830000E-02 8.896421679E-01 1.623120043E-02 1.344418624E+01
9.370980000E-02 8.947820565E-01 1.428126963E-02 1.323020645E+01
9.522550000E-02 8.996915089E-01 1.270592642E-02 1.301962184E+01
9.676570000E-02 9.043877532E-01 1.134937182E-02 1.281239117E+01
9.833080000E-02 9.088822152E-01 1.016792963E-02 1.260846042E+01
9.992120000E-02 9.131439677E-01 9.264057880E-03 1.240777733E+01
1.015370000E-01 9.171797450E-01 8.484374669E-03 1.221032727E+01
1.031800000E-01 9.209881784E-01 7.908854716E-03 1.201589455E+01
1.048490000E-01 9.245830915E-01 7.412732926E-03 1.182462398E+01
1.065440000E-01 9.279590864E-01 7.075716474E-03 1.163650698E+01
1.082680000E-01 9.310854114E-01 6.753801544E-03 1.145121366E+01
1.100190000E-01 9.340274803E-01 6.456779199E-03 1.126896263E+01
1.117980000E-01 9.368204262E-01 6.183643653E-03 1.108964382E+01
1.136060000E-01 9.394836100E-01 5.922032294E-03 1.091315600E+01
1.154440000E-01 9.420307091E-01 5.693225164E-03 1.073940612E+01
1.173110000E-01 9.444652895E-01 5.504385224E-03 1.056848889E+01
1.192090000E-01 9.468081644E-01 5.327435224E-03 1.040022146E+01
1.211370000E-01 9.490253983E-01 5.222927075E-03 1.023469295E+01
1.230960000E-01 9.511283782E-01 5.120515699E-03 1.007181387E+01
1.250870000E-01 9.531384049E-01 5.047426608E-03 9.911501595E+00
1.271100000E-01 9.550375070E-01 4.998582628E-03 9.753756589E+00
1.291660000E-01 9.568362546E-01 4.950141656E-03 9.598501154E+00
1.312550000E-01 9.585477461E-01 4.904127974E-03 9.445735401E+00
1.333780000E-01 9.601813586E-01 4.859251726E-03 9.295386046E+00
1.355350000E-01 9.617412102E-01 4.814825289E-03 9.147452687E+00
1.377280000E-01 9.632317555E-01 4.777185074E-03 9.001800651E+00
1.399550000E-01 9.646540449E-01 4.740339354E-03 8.858561681E+00
1.422190000E-01 9.660142342E-01 4.702083181E-03 8.717541257E+00
1.445190000E-01 9.673153221E-01 4.664098234E-03 8.578802787E+00
1.468570000E-01 9.685624316E-01 4.624632931E-03 8.442226111E+00
1.492320000E-01 9.697583078E-01 4.584610476E-03 8.307869626E+00
1.516460000E-01 9.709060929E-01 4.544909692E-03 8.175619535E+00
1.540980000E-01 9.720075736E-01 4.506728941E-03 8.045529468E+00
1.565910000E-01 9.730634510E-01 4.469417338E-03 7.917440977E+00
1.591240000E-01 9.740749037E-01 4.432419018E-03 7.791407959E+00
1.616970000E-01 9.750427103E-01 4.391167404E-03 7.667427349E+00
1.643130000E-01 9.759749133E-01 4.347824428E-03 7.545355511E+00
1.669700000E-01 9.768684454E-01 4.304991399E-03 7.425285980E+00
1.696710000E-01 9.777229870E-01 4.259432557E-03 7.307082530E+00
1.724150000E-01 9.785481370E-01 4.200623181E-03 7.190789664E+00
1.752040000E-01 9.793436982E-01 4.142589978E-03 7.076322458E+00
1.780380000E-01 9.801099046E-01 4.085365604E-03 6.963681911E+00
1.809170000E-01 9.808516607E-01 4.013820661E-03 6.852866231E+00
1.838430000E-01 9.815704976E-01 3.943117009E-03 6.743797697E+00
1.868170000E-01 9.822681839E-01 3.873609152E-03 6.636441009E+00
1.898380000E-01 9.829424862E-01 3.800014152E-03 6.530831551E+00
1.929090000E-01 9.835980052E-01 3.722083839E-03 6.426864480E+00
1.960290000E-01 9.842382813E-01 3.645780144E-03 6.324574425E+00
1.992000000E-01 9.848587250E-01 3.570981310E-03 6.223895582E+00
2.024220000E-01 9.854625062E-01 3.492205240E-03 6.124828329E+00
2.056960000E-01 9.860530673E-01 3.415166860E-03 6.027341319E+00
2.090230000E-01 9.866270264E-01 3.339831146E-03 5.931404678E+00
2.124030000E-01 9.871864317E-01 3.263262345E-03 5.837017368E+00
2.158390000E-01 9.877345382E-01 3.187471093E-03 5.744096294E+00
2.193300000E-01 9.882612621E-01 3.113457837E-03 5.652669493E+00
2.228770000E-01 9.887771937E-01 3.030612671E-03 5.562709477E+00
2.264820000E-01 9.892914561E-01 2.940147959E-03 5.474165717E+00
2.301450000E-01 9.898017159E-01 2.852401179E-03 5.387038606E+00
2.338680000E-01 9.903081737E-01 2.767228070E-03 5.301281065E+00
2.376500000E-01 9.908127703E-01 2.675655776E-03 5.216915632E+00
2.414940000E-01 9.913215184E-01 2.587098011E-03 5.133874962E+00
2.454000000E-01 9.918337790E-01 2.501477073E-03 5.052159739E+00
2.493690000E-01 9.923504133E-01 2.423788369E-03 4.971748694E+00
2.534030000E-01 9.928750097E-01 2.349698637E-03 4.892601903E+00
2.575010000E-01 9.934104692E-01 2.277900954E-03 4.814738584E+00
2.616660000E-01 9.939608375E-01 2.216201514E-03 4.738101244E+00
2.658980000E-01 9.945502709E-01 2.162009022E-03 4.662690205E+00
2.701990000E-01 9.951778873E-01 2.109137196E-03 4.588469980E+00
2.745690000E-01 9.958342146E-01 2.115294604E-03 4.515440563E+00
2.790100000E-01 9.967468239E-01 2.131990551E-03 4.443568331E+00
2.801270000E-01 9.970135093E-01 2.136166203E-03 4.425849704E+00
2.823670000E-01 9.975869353E-01 2.331357717E-03 4.390739711E+00
2.846630000E-01 9.980360675E-01 2.814435623E-03 4.355325420E+00
2.858680000E-01 9.981775871E-01 3.055967869E-03 4.336966712E+00
2.880490000E-01 9.983276000E-01 3.465538340E-03 4.304128811E+00
2.902870000E-01 9.984054715E-01 3.770095941E-03 4.270945650E+00
2.917220000E-01 9.984460815E-01 3.938104879E-03 4.249936583E+00
2.937300000E-01 9.985056300E-01 4.116619612E-03 4.220883124E+00
2.957390000E-01 9.985722224E-01 4.274165357E-03 4.192210023E+00
2.979190000E-01 9.986584455E-01 4.421187913E-03 4.161533840E+00
3.001000000E-01 9.987437837E-01 4.547202377E-03 4.131289570E+00
3.021090000E-01 9.988382477E-01 4.631234704E-03 4.103816834E+00
3.040170000E-01 9.989707963E-01 4.661716647E-03 4.078061424E+00
3.058580000E-01 9.992158689E-01 4.675490431E-03 4.053515030E+00
3.070300000E-01 9.994424776E-01 4.758239727E-03 4.038041885E+00
3.087030000E-01 9.996934604E-01 5.070704198E-03 4.016157925E+00
3.106400000E-01 9.998377080E-01 5.406200577E-03 3.991115117E+00
3.136210000E-01 9.999921865E-01 5.785636300E-03 3.953179156E+00
3.158950000E-01 1.000190572E+00 6.080478353E-03 3.924721822E+00
3.179660000E-01 1.000426720E+00 6.464770806E-03 3.899159030E+00
3.196840000E-01 1.000536462E+00 6.965254455E-03 3.878204727E+00
3.215020000E-01 1.000501987E+00 7.519291200E-03 3.856274611E+00
3.230180000E-01 1.000357914E+00 7.966133651E-03 3.838176201E+00
3.245840000E-01 1.000101433E+00 8.439733626E-03 3.819658394E+00
3.256450000E-01 9.998236249E-01 8.698936493E-03 3.807213377E+00
3.266550000E-01 9.995274154E-01 8.886574327E-03 3.795441674E+00
3.276180000E-01 9.991979322E-01 8.998751586E-03 3.784285357E+00
3.280750000E-01 9.990428026E-01 9.014251294E-03 3.779013945E+00
3.287290000E-01 9.988271971E-01 8.985839337E-03 3.771495670E+00
3.295850000E-01 9.986215275E-01 8.903240306E-03 3.761700320E+00
3.307650000E-01 9.984532818E-01 8.757977253E-03 3.748280501E+00
3.316210000E-01 9.983904712E-01 8.727176284E-03 3.738605215E+00
3.320140000E-01 9.983454915E-01 8.745669246E-03 3.734179884E+00
3.325720000E-01 9.982588919E-01 8.708689330E-03 3.727914557E+00
3.332190000E-01 9.981731758E-01 8.684020085E-03 3.720676192E+00
3.340310000E-01 9.981386564E-01 8.536126494E-03 3.711631555E+00
3.346190000E-01 9.981484549E-01 8.596200356E-03 3.705109393E+00
3.351590000E-01 9.981498929E-01 8.551347461E-03 3.699139811E+00
3.359640000E-01 9.980885470E-01 8.645562845E-03 3.690276339E+00
3.369940000E-01 9.980717035E-01 8.567024554E-03 3.678997252E+00
3.382920000E-01 9.979402715E-01 8.764752794E-03 3.664881227E+00
3.391350000E-01 9.977597488E-01 8.834910211E-03 3.655771301E+00
3.408200000E-01 9.974919228E-01 8.573390043E-03 3.637697318E+00
3.437500000E-01 9.974711543E-01 8.404365404E-03 3.606690909E+00
3.461200000E-01 9.973743456E-01 8.404404748E-03 3.581994684E+00
3.479060000E-01 9.973579405E-01 8.351748321E-03 3.563606261E+00
3.530110000E-01 9.972349777E-01 8.259562714E-03 3.512071862E+00
3.587210000E-01 9.971294565E-01 8.472101405E-03 3.456167885E+00
3.645230000E-01 9.966420060E-01 8.454967981E-03 3.401157129E+00
3.704190000E-01 9.962641788E-01 8.308950880E-03 3.347020536E+00
3.764100000E-01 9.959768955E-01 8.001538045E-03 3.293748838E+00
3.824980000E-01 9.958353394E-01 7.712991572E-03 3.241324138E+00
3.886840000E-01 9.957509086E-01 7.455803951E-03 3.189737679E+00
3.949710000E-01 9.956952893E-01 7.227916640E-03 3.138964633E+00
4.013590000E-01 9.956474373E-01 7.024929642E-03 3.089005105E+00
4.078510000E-01 9.956056798E-01 6.819608957E-03 3.039835626E+00
4.144480000E-01 9.955767359E-01 6.613919731E-03 2.991448867E+00
4.211510000E-01 9.955678605E-01 6.405796668E-03 2.943837246E+00
4.279630000E-01 9.955823553E-01 6.206996328E-03 2.896979412E+00
4.348850000E-01 9.956084859E-01 6.019906615E-03 2.850868620E+00
4.419190000E-01 9.956511009E-01 5.821480849E-03 2.805491504E+00
4.490660000E-01 9.957572653E-01 5.616184449E-03 2.760841391E+00
4.501030000E-01 9.957875773E-01 5.587268616E-03 2.754480641E+00
4.547610000E-01 9.960164664E-01 5.459366946E-03 2.726267204E+00
4.565630000E-01 9.961745665E-01 5.462658914E-03 2.715506951E+00
4.574380000E-01 9.962689839E-01 5.526223231E-03 2.710312654E+00
4.584700000E-01 9.963698961E-01 5.587247319E-03 2.704211835E+00
4.591400000E-01 9.964671056E-01 5.660071536E-03 2.700265714E+00
4.599840000E-01 9.966099897E-01 5.827751143E-03 2.695311141E+00
4.607640000E-01 9.967912650E-01 6.086234308E-03 2.690748409E+00
4.611690000E-01 9.967765167E-01 6.426066537E-03 2.688385386E+00
4.616240000E-01 9.966369501E-01 6.751544319E-03 2.685735577E+00
4.618840000E-01 9.964307371E-01 6.977433217E-03 2.684223744E+00
4.621430000E-01 9.961788683E-01 7.067433555E-03 2.682719418E+00
4.624450000E-01 9.958725298E-01 7.097408794E-03 2.680967466E+00
4.628430000E-01 9.954870292E-01 7.023545304E-03 2.678662095E+00
4.631300000E-01 9.952719526E-01 6.857303015E-03 2.677002138E+00
4.637030000E-01 9.950403878E-01 6.444820388E-03 2.673694153E+00
4.644200000E-01 9.950115455E-01 6.069248390E-03 2.669566341E+00
4.650090000E-01 9.950765735E-01 5.847624925E-03 2.666184956E+00
4.663300000E-01 9.952643988E-01 5.545941736E-03 2.658632299E+00
4.679490000E-01 9.955165754E-01 5.457743855E-03 2.649434020E+00
4.698610000E-01 9.956599017E-01 5.462581783E-03 2.638652708E+00
4.727660000E-01 9.956520455E-01 5.636836898E-03 2.622439008E+00
4.748740000E-01 9.955648951E-01 5.544547826E-03 2.610797812E+00
4.770360000E-01 9.955424869E-01 5.462121128E-03 2.598965277E+00
4.792700000E-01 9.955569147E-01 5.378703598E-03 2.586850836E+00
4.813410000E-01 9.956280069E-01 5.310024507E-03 2.575720747E+00
4.821380000E-01 9.956823739E-01 5.308199014E-03 2.571462942E+00
4.828060000E-01 9.957543787E-01 5.337333508E-03 2.567905121E+00
4.833230000E-01 9.958018773E-01 5.422905865E-03 2.565158290E+00
4.838610000E-01 9.957817768E-01 5.574018728E-03 2.562306117E+00
4.842710000E-01 9.956809859E-01 5.681446785E-03 2.560136783E+00
4.846370000E-01 9.955565899E-01 5.708755664E-03 2.558203356E+00
4.850030000E-01 9.954339377E-01 5.692367022E-03 2.556272848E+00
4.857570000E-01 9.952335170E-01 5.543057255E-03 2.552304959E+00
4.862740000E-01 9.951979136E-01 5.370108183E-03 2.549591383E+00
4.869410000E-01 9.952558018E-01 5.211692300E-03 2.546099014E+00
4.873070000E-01 9.952656478E-01 5.178965378E-03 2.544186724E+00
4.888580000E-01 9.954006753E-01 5.111094692E-03 2.536114782E+00
4.906030000E-01 9.954712696E-01 5.067784205E-03 2.527094209E+00
4.921160000E-01 9.955111580E-01 5.060921892E-03 2.519324712E+00
4.939440000E-01 9.955374612E-01 5.061365659E-03 2.510001134E+00
4.952840000E-01 9.955321790E-01 5.067211673E-03 2.503210279E+00
4.988110000E-01 9.954381825E-01 5.079067480E-03 2.485510544E+00
5.026790000E-01 9.953709996E-01 4.886476709E-03 2.466385109E+00
5.079910000E-01 9.953688284E-01 4.719529048E-03 2.440594420E+00
5.162070000E-01 9.953672041E-01 4.544558217E-03 2.401749686E+00
5.179970000E-01 9.953496565E-01 4.507657125E-03 2.393450155E+00
5.248390000E-01 9.953392915E-01 4.240080630E-03 2.362248232E+00
5.309730000E-01 9.954260732E-01 4.005247609E-03 2.334958651E+00
5.392090000E-01 9.955854498E-01 3.835723039E-03 2.299293966E+00
5.460280000E-01 9.956696761E-01 3.738836604E-03 2.270579531E+00
5.548600000E-01 9.957512719E-01 3.590368494E-03 2.234437516E+00
5.550360000E-01 9.957566501E-01 3.587489996E-03 2.233728983E+00
5.639140000E-01 9.958405464E-01 3.466405712E-03 2.198562192E+00
5.708630000E-01 9.958964772E-01 3.375592483E-03 2.171799539E+00
5.800960000E-01 9.959613743E-01 3.255471871E-03 2.137232458E+00
5.894790000E-01 9.960213993E-01 3.137920443E-03 2.103213176E+00
5.990130000E-01 9.960663722E-01 3.022794994E-03 2.069738052E+00
6.087020000E-01 9.961276711E-01 2.867036306E-03 2.036793045E+00
6.185470000E-01 9.962265640E-01 2.721067327E-03 2.004374769E+00
6.285520000E-01 9.963227519E-01 2.630324083E-03 1.972470058E+00
6.387180000E-01 9.963938693E-01 2.534473367E-03 1.941075717E+00
6.490490000E-01 9.964758619E-01 2.432365929E-03 1.910179355E+00
6.595460000E-01 9.965418608E-01 2.373217647E-03 1.879777908E+00
6.702140000E-01 9.965693316E-01 2.285952016E-03 1.849856911E+00
6.810540000E-01 9.966109353E-01 2.173247765E-03 1.820413653E+00
6.920700000E-01 9.966812746E-01 2.066089553E-03 1.791437282E+00
7.032630000E-01 9.967519386E-01 1.964075822E-03 1.762925108E+00
7.146380000E-01 9.968263050E-01 1.867077365E-03 1.734864365E+00
7.261970000E-01 9.969040887E-01 1.776175558E-03 1.707250237E+00
7.379430000E-01 9.969811925E-01 1.696873727E-03 1.680075561E+00
7.498780000E-01 9.970566577E-01 1.621125459E-03 1.653335609E+00
7.620070000E-01 9.971282428E-01 1.550596835E-03 1.627019174E+00
7.743320000E-01 9.971963267E-01 1.483274534E-03 1.601121999E+00
7.868560000E-01 9.972626645E-01 1.416562889E-03 1.575637728E+00
7.995830000E-01 9.973282071E-01 1.349683855E-03 1.550558228E+00
8.125150000E-01 9.973943764E-01 1.285960483E-03 1.525879522E+00
8.256570000E-01 9.974602564E-01 1.224766261E-03 1.501592065E+00
8.390110000E-01 9.975257240E-01 1.166213134E-03 1.477692188E+00
8.525820000E-01 9.975906776E-01 1.110458114E-03 1.454170977E+00
8.663710000E-01 9.976550297E-01 1.057379060E-03 1.431026662E+00
8.803840000E-01 9.977189989E-01 1.007797004E-03 1.408249128E+00
8.946240000E-01 9.977808048E-01 9.611741364E-04 1.385833602E+00
9.090940000E-01 9.978410289E-01 9.167038191E-04 1.363775363E+00
9.237970000E-01 9.978998691E-01 8.742970561E-04 1.342069740E+00
9.387390000E-01 9.979572309E-01 8.342038977E-04 1.320707886E+00
9.539220000E-01 9.980129677E-01 7.961687517E-04 1.299686977E+00
9.693510000E-01 9.980668178E-01 7.598685915E-04 1.279000073E+00
9.850300000E-01 9.981174787E-01 7.252265893E-04 1.258641869E+00
1.000960000E+00 9.981669083E-01 6.898426850E-04 1.238610934E+00
1.017150000E+00 9.982166176E-01 6.547805014E-04 1.218895935E+00
1.033600000E+00 9.982661116E-01 6.215098074E-04 1.199496904E+00
1.050320000E+00 9.983148521E-01 5.899191762E-04 1.180402163E+00
1.067310000E+00 9.983626072E-01 5.596297970E-04 1.161611903E+00
1.084570000E+00 9.984096345E-01 5.307338851E-04 1.143125847E+00
1.102110000E+00 9.984558014E-01 5.033267934E-04 1.124933083E+00
1.119940000E+00 9.985010269E-01 4.773277149E-04 1.107023591E+00
1.138050000E+00 9.985452279E-01 4.526807144E-04 1.089407320E+00
1.156460000E+00 9.985884193E-01 4.293037851E-04 1.072064749E+00
1.175170000E+00 9.986305817E-01 4.071282685E-04 1.054996298E+00
1.194170000E+00 9.986716787E-01 3.861127938E-04 1.038210640E+00
1.213490000E+00 9.987117633E-01 3.661774571E-04 1.021681266E+00
1.233120000E+00 9.987507973E-01 3.472759358E-04 1.005417153E+00
1.253060000E+00 9.987887765E-01 3.293570799E-04 9.894179050E-01
1.273330000E+00 9.988257186E-01 3.123558259E-04 9.736674703E-01
1.280000000E+00 9.988375121E-01 3.070138282E-04 9.685937500E-01
1.294000000E+00 9.988617821E-01 2.959418663E-04 9.581143740E-01
1.314930000E+00 9.988970297E-01 2.806875979E-04 9.428638787E-01
1.336200000E+00 9.989311128E-01 2.662189590E-04 9.278551115E-01
1.357810000E+00 9.989642049E-01 2.524983041E-04 9.130879873E-01
1.379770000E+00 9.989963579E-01 2.394788321E-04 8.985555564E-01
1.402090000E+00 9.990275938E-01 2.271320175E-04 8.842513676E-01
1.424770000E+00 9.990579032E-01 2.154258014E-04 8.701755371E-01
1.447810000E+00 9.990872618E-01 2.043207033E-04 8.563278331E-01
1.471230000E+00 9.991157007E-01 1.937186769E-04 8.426962474E-01
1.495020000E+00 9.991432279E-01 1.835997329E-04 8.292865647E-01
1.519200000E+00 9.991700365E-01 1.736531524E-04 8.160874144E-01
1.543780000E+00 9.991962890E-01 1.642299032E-04 8.030937051E-01
1.568740000E+00 9.992218443E-01 1.553228417E-04 7.903157948E-01
1.594120000E+00 9.992467209E-01 1.468952593E-04 7.777331694E-01
1.619900000E+00 9.992708978E-01 1.389263834E-04 7.653558862E-01
1.646100000E+00 9.992943941E-01 1.313887041E-04 7.531741692E-01
1.672730000E+00 9.993172245E-01 1.242555016E-04 7.411835742E-01
1.699780000E+00 9.993393898E-01 1.175127100E-04 7.293885091E-01
1.727270000E+00 9.993609085E-01 1.111375224E-04 7.177800807E-01
1.755210000E+00 9.993817958E-01 1.050830824E-04 7.063542254E-01
1.783600000E+00 9.994020850E-01 9.935273599E-05 6.951110114E-01
1.812450000E+00 9.994217890E-01 9.392978330E-05 6.840464565E-01
1.841760000E+00 9.994409191E-01 8.880113965E-05 6.731604552E-01
1.871550000E+00 9.994594984E-01 8.395197191E-05 6.624455665E-01
1.901820000E+00 9.994775369E-01 7.936792084E-05 6.519018624E-01
1.932580000E+00 9.994950478E-01 7.503820928E-05 6.415258359E-01
1.963840000E+00 9.995120478E-01 7.094225906E-05 6.313141600E-01
1.995610000E+00 9.995285628E-01 6.706537311E-05 6.212636738E-01
2.000000000E+00 9.995307867E-01 6.655103602E-05 6.199000000E-01
2.026000000E+00 9.995436791E-01 6.362947753E-05 6.119447187E-01
2.052000000E+00 9.995561049E-01 6.085236831E-05 6.041910331E-01
2.079000000E+00 9.995685546E-01 5.813412521E-05 5.963443963E-01
2.106000000E+00 9.995805644E-01 5.556726067E-05 5.886989554E-01
2.134000000E+00 9.995925784E-01 5.305971682E-05 5.809746954E-01
2.161000000E+00 9.996037601E-01 5.077870492E-05 5.737158723E-01
2.190000000E+00 9.996153560E-01 4.846793647E-05 5.661187215E-01
2.218000000E+00 9.996261664E-01 4.636481022E-05 5.589720469E-01
2.247000000E+00 9.996369893E-01 4.430988463E-05 5.517578994E-01
2.277000000E+00 9.996478082E-01 4.230726845E-05 5.444883619E-01
2.306000000E+00 9.996579272E-01 4.048172428E-05 5.376409367E-01
2.337000000E+00 9.996683992E-01 3.864166457E-05 5.305091998E-01
2.367000000E+00 9.996782211E-01 3.696399708E-05 5.237853823E-01
2.398000000E+00 9.996880738E-01 3.532863916E-05 5.170141785E-01
2.429000000E+00 9.996976513E-01 3.378712437E-05 5.104158090E-01
2.461000000E+00 9.997072816E-01 3.228642395E-05 5.037789516E-01
2.493000000E+00 9.997166855E-01 3.087211092E-05 4.973124749E-01
2.526000000E+00 9.997261861E-01 2.949718596E-05 4.908155186E-01
2.559000000E+00 9.997355359E-01 2.820189537E-05 4.844861274E-01
2.592000000E+00 9.997447929E-01 2.698004008E-05 4.783179012E-01
2.626000000E+00 9.997543163E-01 2.579328869E-05 4.721249048E-01
2.660000000E+00 9.997639436E-01 2.467436997E-05 4.660902256E-01
2.695000000E+00 9.997741556E-01 2.358840364E-05 4.600371058E-01
2.730000000E+00 9.997850283E-01 2.256472109E-05 4.541391941E-01
2.766000000E+00 9.997976944E-01 2.157212981E-05 4.482284888E-01
2.802000000E+00 9.998144543E-01 2.063643148E-05 4.424696645E-01
2.837800000E+00 9.999095590E-01 1.975725300E-05 4.368877299E-01
2.838000000E+00 9.999095606E-01 6.791512355E-05 4.368569415E-01
2.839000000E+00 9.998731178E-01 6.783246982E-05 4.367030645E-01
2.876000000E+00 9.998249739E-01 6.486302471E-05 4.310848401E-01
2.914000000E+00 9.998225522E-01 6.198848376E-05 4.254632807E-01
2.952000000E+00 9.998295226E-01 5.927458408E-05 4.199864499E-01
2.966800000E+00 9.998632568E-01 5.825881006E-05 4.178913307E-01
2.967000000E+00 9.998632297E-01 7.981897484E-05 4.178631614E-01
2.990000000E+00 9.998262728E-01 7.773137154E-05 4.146488294E-01
3.029000000E+00 9.998208873E-01 7.435034888E-05 4.093100033E-01
3.069000000E+00 9.998198511E-01 7.107933285E-05 4.039752362E-01
3.109000000E+00 9.998206338E-01 6.798880374E-05 3.987777420E-01
3.150000000E+00 9.998226550E-01 6.499816620E-05 3.935873016E-01
3.191000000E+00 9.998261308E-01 6.217519823E-05 3.885302413E-01
3.223900000E+00 9.998406751E-01 6.002359240E-05 3.845652781E-01
3.224100000E+00 9.998406640E-01 6.763073161E-05 3.845414224E-01
3.232000000E+00 9.998312069E-01 6.707743858E-05 3.836014851E-01
3.275000000E+00 9.998290168E-01 6.416420251E-05 3.785648855E-01
3.317000000E+00 9.998299922E-01 6.147196538E-05 3.737714803E-01
3.361000000E+00 9.998317695E-01 5.879412688E-05 3.688783100E-01
3.405000000E+00 9.998339285E-01 5.625618648E-05 3.641116006E-01
3.449000000E+00 9.998363088E-01 5.385306786E-05 3.594665120E-01
3.494000000E+00 9.998388828E-01 5.152291357E-05 3.548368632E-01
3.540000000E+00 9.998416036E-01 4.926886114E-05 3.502259887E-01
3.586000000E+00 9.998443755E-01 4.713342148E-05 3.457334077E-01
3.633000000E+00 9.998472344E-01 4.506561412E-05 3.412606661E-01
3.680000000E+00 9.998500970E-01 4.311292633E-05 3.369021739E-01
3.729000000E+00 9.998530672E-01 4.118441769E-05 3.324751944E-01
3.777000000E+00 9.998559533E-01 3.939571372E-05 3.282499338E-01
3.827000000E+00 9.998589241E-01 3.763567281E-05 3.239613274E-01
3.877000000E+00 9.998618500E-01 3.597040532E-05 3.197833376E-01
3.927000000E+00 9.998647246E-01 3.439670386E-05 3.157117392E-01
3.979000000E+00 9.998676577E-01 3.284614029E-05 3.115858256E-01
4.031000000E+00 9.998705298E-01 3.138335970E-05 3.075663607E-01
4.083000000E+00 9.998733362E-01 3.000191336E-05 3.036492775E-01
4.137000000E+00 9.998761806E-01 2.864346722E-05 2.996857626E-01
4.191000000E+00 9.998789542E-01 2.736136873E-05 2.958243856E-01
4.245000000E+00 9.998816563E-01 2.614961712E-05 2.920612485E-01
4.301000000E+00 9.998843834E-01 2.496256905E-05 2.882585445E-01
4.357000000E+00 9.998870344E-01 2.384169273E-05 2.845535919E-01
4.414000000E+00 9.998896561E-01 2.276452486E-05 2.808790213E-01
4.472000000E+00 9.998922454E-01 2.172965513E-05 2.772361360E-01
4.530000000E+00 9.998947580E-01 2.075260764E-05 2.736865342E-01
4.589000000E+00 9.998972366E-01 1.981430767E-05 2.701677925E-01
4.649000000E+00 9.998996798E-01 1.891336820E-05 2.666810067E-01
4.710000000E+00 9.999020855E-01 1.804946744E-05 2.632271762E-01
4.771000000E+00 9.999044150E-01 1.723389393E-05 2.598616642E-01
4.834000000E+00 9.999067436E-01 1.643932159E-05 2.564749690E-01
4.897000000E+00 9.999089960E-01 1.569003515E-05 2.531754135E-01
4.961000000E+00 9.999112091E-01 1.497179635E-05 2.499092925E-01
5.026000000E+00 9.999133820E-01 1.428410082E-05 2.466772782E-01
5.091000000E+00 9.999154822E-01 1.363523749E-05 2.435277941E-01
5.158000000E+00 9.999175740E-01 1.300423824E-05 2.403644824E-01
5.225000000E+00 9.999195947E-01 1.240970494E-05 2.372822967E-01
5.294000000E+00 9.999216038E-01 1.183233337E-05 2.341896487E-01
5.363000000E+00 9.999235435E-01 1.128800730E-05 2.311765803E-01
5.433000000E+00 9.999254429E-01 1.076747259E-05 2.281980490E-01
5.504000000E+00 9.999273021E-01 1.026992339E-05 2.252543605E-01
5.576000000E+00 9.999291211E-01 9.794308795E-06 2.223457676E-01
5.649000000E+00 9.999309002E-01 9.339806673E-06 2.194724730E-01
5.722000000E+00 9.999326164E-01 8.911636319E-06 2.166724921E-01
5.797000000E+00 9.999343168E-01 8.496716436E-06 2.138692427E-01
5.873000000E+00 9.999359780E-01 8.100869375E-06 2.111016516E-01
5.950000000E+00 9.999376003E-01 7.723135362E-06 2.083697479E-01
6.027000000E+00 9.999391639E-01 7.367027619E-06 2.057076489E-01
6.106000000E+00 9.999407103E-01 7.022938304E-06 2.030461841E-01
6.186000000E+00 9.999422191E-01 6.694538219E-06 2.004203039E-01
6.267000000E+00 9.999436911E-01 6.381564359E-06 1.978299027E-01
6.349000000E+00 9.999451264E-01 6.083201331E-06 1.952748464E-01
6.432000000E+00 9.999465260E-01 5.798854832E-06 1.927549751E-01
6.516000000E+00 9.999478901E-01 5.527737379E-06 1.902701044E-01
6.601000000E+00 9.999492196E-01 5.269470314E-06 1.878200273E-01
6.687000000E+00 9.999505151E-01 5.023317847E-06 1.854045162E-01
6.774000000E+00 9.999517773E-01 4.788921672E-06 1.830233245E-01
6.863000000E+00 9.999530203E-01 4.563191297E-06 1.806498616E-01
6.952000000E+00 9.999542170E-01 4.350497432E-06 1.783371692E-01
7.043000000E+00 9.999553952E-01 4.145777677E-06 1.760329405E-01
7.135000000E+00 9.999565417E-01 3.950951518E-06 1.737631395E-01
7.229000000E+00 9.999576692E-01 3.763707040E-06 1.715036658E-01
7.323000000E+00 9.999587542E-01 3.587516359E-06 1.693021986E-01
7.419000000E+00 9.999598207E-01 3.417949961E-06 1.671114705E-01
7.516000000E+00 9.999608576E-01 3.256933738E-06 1.649547632E-01
7.614000000E+00 9.999618658E-01 3.103719948E-06 1.628316260E-01
7.713000000E+00 9.999628459E-01 2.957916871E-06 1.607416051E-01
7.814000000E+00 9.999638081E-01 2.818175615E-06 1.586639365E-01
7.916000000E+00 9.999647430E-01 2.685151601E-06 1.566195048E-01
8.019000000E+00 9.999656515E-01 2.558799697E-06 1.546078065E-01
8.124000000E+00 9.999665424E-01 2.437716926E-06 1.526095519E-01
8.230000000E+00 9.999674077E-01 2.322516614E-06 1.506439854E-01
8.338000000E+00 9.999682557E-01 2.212319782E-06 1.486927321E-01
8.447000000E+00 9.999690789E-01 2.107532498E-06 1.467740026E-01
8.557000000E+00 9.999698782E-01 2.007999824E-06 1.448872268E-01
8.669000000E+00 9.999706610E-01 1.912766808E-06 1.430153420E-01
8.782000000E+00 9.999714206E-01 1.822365441E-06 1.411751309E-01
8.897000000E+00 9.999721641E-01 1.735770310E-06 1.393503428E-01
9.013000000E+00 9.999728855E-01 1.653599968E-06 1.375568623E-01
9.131000000E+00 9.999735913E-01 1.575020357E-06 1.357792137E-01
9.250000000E+00 9.999742759E-01 1.500493916E-06 1.340324324E-01
9.371000000E+00 9.999749453E-01 1.429227932E-06 1.323017821E-01
9.494000000E+00 9.999755997E-01 1.361011972E-06 1.305877396E-01
9.618000000E+00 9.999762340E-01 1.296409561E-06 1.289041381E-01
9.743000000E+00 9.999768491E-01 1.235077766E-06 1.272503336E-01
9.900580000E+00 9.999775913E-01 1.162921329E-06 1.252249868E-01
1.006070000E+01 9.999783100E-01 1.094958793E-06 1.232319819E-01
1.022340000E+01 9.999790057E-01 1.030950646E-06 1.212708101E-01
1.038880000E+01 9.999796796E-01 9.706462653E-07 1.193400585E-01
1.055680000E+01 9.999803317E-01 9.138645961E-07 1.174408912E-01
1.072760000E+01 9.999809633E-01 8.603756227E-07 1.155710504E-01
1.090110000E+01 9.999815746E-01 8.100129231E-07 1.137316418E-01
1.107740000E+01 9.999821663E-01 7.625823280E-07 1.119215700E-01
1.125660000E+01 9.999827394E-01 7.179107021E-07 1.101398291E-01
1.143860000E+01 9.999832938E-01 6.758596185E-07 1.083873901E-01
1.162360000E+01 9.999838307E-01 6.362536539E-07 1.066623077E-01
1.181170000E+01 9.999843508E-01 5.989454853E-07 1.049637224E-01
1.200270000E+01 9.999848539E-01 5.638358698E-07 1.032934256E-01
1.219680000E+01 9.999853410E-01 5.307696737E-07 1.016496130E-01
1.239410000E+01 9.999858126E-01 4.996355821E-07 1.000314666E-01
1.259460000E+01 9.999862692E-01 4.703203431E-07 9.843901355E-02
1.279830000E+01 9.999867112E-01 4.427225402E-07 9.687224084E-02
1.300530000E+01 9.999871390E-01 4.167361526E-07 9.533036531E-02
1.321560000E+01 9.999875531E-01 3.922766106E-07 9.381337208E-02
1.342940000E+01 9.999879542E-01 3.692407924E-07 9.231983558E-02
1.364660000E+01 9.999883424E-01 3.475597706E-07 9.085046825E-02
1.386730000E+01 9.999887182E-01 3.271488713E-07 8.940457046E-02
1.409160000E+01 9.999890821E-01 3.079289437E-07 8.798149252E-02
1.431950000E+01 9.999894344E-01 2.898397848E-07 8.658123538E-02
1.455110000E+01 9.999897755E-01 2.728103055E-07 8.520318052E-02
1.478650000E+01 9.999901058E-01 2.567763247E-07 8.384675210E-02
1.502560000E+01 9.999904256E-01 2.416863162E-07 8.251251198E-02
1.526870000E+01 9.999907353E-01 2.274762317E-07 8.119879230E-02
1.551560000E+01 9.999910352E-01 2.141054396E-07 7.990667457E-02
1.576660000E+01 9.999913257E-01 2.015153578E-07 7.863458196E-02
1.602160000E+01 9.999916069E-01 1.896657903E-07 7.738303291E-02
1.628070000E+01 9.999918794E-01 1.785124098E-07 7.615151683E-02
1.654410000E+01 9.999921434E-01 1.680113804E-07 7.493910216E-02
1.681160000E+01 9.999923990E-01 1.581298927E-07 7.374669871E-02
1.708360000E+01 9.999926469E-01 1.488256282E-07 7.257252570E-02
1.735990000E+01 9.999928871E-01 1.400695937E-07 7.141746208E-02
1.764060000E+01 9.999931199E-01 1.318286853E-07 7.028105620E-02
1.792600000E+01 9.999933457E-01 1.240695207E-07 6.916211090E-02
1.821590000E+01 9.999935648E-01 1.167679272E-07 6.806141887E-02
1.851050000E+01 9.999937773E-01 1.098950112E-07 6.697820156E-02
1.880990000E+01 9.999939838E-01 1.034255844E-07 6.591209948E-02
1.911420000E+01 9.999941846E-01 9.733565328E-08 6.486277218E-02
1.942330000E+01 9.999943799E-01 9.160492265E-08 6.383055403E-02
1.973750000E+01 9.999945703E-01 8.621006451E-08 6.281443952E-02
2.005670000E+01 9.999947563E-01 8.113292195E-08 6.181475517E-02
2.038110000E+01 9.999949389E-01 7.635387255E-08 6.083086781E-02
2.071080000E+01 9.999951192E-01 7.185543647E-08 5.986248720E-02
2.104570000E+01 9.999952992E-01 6.762230918E-08 5.890989608E-02
2.138610000E+01 9.999954838E-01 6.363749382E-08 5.797223430E-02
2.173200000E+01 9.999956869E-01 5.988703558E-08 5.704951224E-02
2.208350000E+01 9.999960583E-01 5.635692256E-08 5.614146308E-02
2.211710000E+01 9.999966476E-01 5.603368967E-08 5.605617373E-02
2.211730000E+01 9.999966476E-01 3.682146127E-07 5.605566683E-02
2.244070000E+01 9.999959554E-01 3.497869539E-07 5.524783095E-02
2.280370000E+01 9.999960081E-01 3.304903391E-07 5.436837005E-02
2.317250000E+01 9.999960918E-01 3.122065722E-07 5.350307477E-02
2.354730000E+01 9.999961861E-01 2.948853625E-07 5.265147172E-02
2.392820000E+01 9.999962848E-01 2.784789593E-07 5.181334158E-02
2.431520000E+01 9.999963849E-01 2.629466036E-07 5.098868198E-02
2.470850000E+01 9.999964850E-01 2.482422917E-07 5.017706457E-02
2.510810000E+01 9.999965844E-01 2.343272628E-07 4.937848742E-02
2.551420000E+01 9.999966825E-01 2.211598616E-07 4.859254846E-02
2.592690000E+01 9.999967790E-01 2.087032233E-07 4.781906051E-02
2.634620000E+01 9.999968735E-01 1.969229526E-07 4.705801975E-02
2.677240000E+01 9.999969661E-01 1.857810745E-07 4.630888527E-02
2.720540000E+01 9.999970565E-01 1.752493577E-07 4.557183500E-02
2.764540000E+01 9.999971448E-01 1.652939554E-07 4.484652058E-02
2.809260000E+01 9.999972309E-01 1.558849593E-07 4.413261855E-02
2.854690000E+01 9.999973147E-01 1.469953527E-07 4.343028490E-02
2.900870000E+01 9.999973963E-01 1.385960003E-07 4.273890247E-02
2.947790000E+01 9.999974751E-01 1.306619554E-07 4.205862697E-02
2.995460000E+01 9.999975545E-01 1.231702875E-07 4.138930248E-02
3.000000000E+01 0.000000000E+00 0.000000000E+00 4.132666667E-02
