# 11/08/2021 
# Data retrieved from www.chemicool.com/densities.html 
# Includes the real (n) and complex (k) part of the  refractive index. 
# Element, Sb  (Z = 51) 
# Nominal density, g cm-3 =  6.684 
#    E [keV]      n       k    Wavelength [nm] 
1.000000000E-02 -9.842183790E+00 1.293633838E-01 1.239800000E+02
1.016170000E-02 2.207974936E+03 2.222226658E+00 1.220071445E+02
1.032610000E-02 2.138260631E+03 2.122356022E+00 1.200646904E+02
1.049310000E-02 2.070772039E+03 1.950700635E+00 1.181538344E+02
1.066280000E-02 2.005414855E+03 1.789490024E+00 1.162733991E+02
1.083530000E-02 1.942101562E+03 1.621539054E+00 1.144223049E+02
1.101060000E-02 1.880784950E+03 1.473906311E+00 1.126005849E+02
1.118860000E-02 1.821449532E+03 1.359611263E+00 1.108092165E+02
1.136960000E-02 1.763949077E+03 1.252705879E+00 1.090451731E+02
1.155350000E-02 1.708273117E+03 1.150658370E+00 1.073094733E+02
1.174040000E-02 1.654348295E+03 1.059204464E+00 1.056011720E+02
1.193030000E-02 1.602133005E+03 9.827552300E-01 1.039202702E+02
1.212320000E-02 1.551585077E+03 9.118321073E-01 1.022667283E+02
1.231930000E-02 1.502613198E+03 8.510252762E-01 1.006388350E+02
1.251860000E-02 1.455181495E+03 7.947111321E-01 9.903663349E+01
1.272100000E-02 1.409275533E+03 7.407016643E-01 9.746089144E+01
1.292680000E-02 1.364791817E+03 6.850656777E-01 9.590927376E+01
1.313590000E-02 1.321719141E+03 6.348618585E-01 9.438256990E+01
1.334830000E-02 1.280022610E+03 5.966840664E-01 9.288074137E+01
1.356420000E-02 1.239630501E+03 5.594041336E-01 9.140236800E+01
1.378360000E-02 1.200512606E+03 5.227590864E-01 8.994747381E+01
1.400660000E-02 1.162621621E+03 4.885107427E-01 8.851541416E+01
1.423310000E-02 1.125944607E+03 4.568361910E-01 8.710681440E+01
1.446330000E-02 1.090420016E+03 4.285084750E-01 8.572040959E+01
1.469730000E-02 1.056006223E+03 4.019332089E-01 8.435562995E+01
1.493500000E-02 1.022691277E+03 3.702887525E-01 8.301305658E+01
1.517650000E-02 9.904341297E+02 3.400124731E-01 8.169208974E+01
1.542200000E-02 9.591836187E+02 3.103838379E-01 8.039164829E+01
1.567140000E-02 9.289285731E+02 2.846826211E-01 7.911226821E+01
1.592490000E-02 8.996213066E+02 2.617873764E-01 7.785292215E+01
1.618250000E-02 8.712397326E+02 2.403668460E-01 7.661362583E+01
1.644420000E-02 8.437614061E+02 2.204269049E-01 7.539436397E+01
1.671020000E-02 8.171440968E+02 2.020305576E-01 7.419420474E+01
1.698050000E-02 7.913677138E+02 1.848902395E-01 7.301316216E+01
1.725510000E-02 7.664118442E+02 1.692058509E-01 7.185122080E+01
1.753420000E-02 7.422389421E+02 1.555437917E-01 7.070753157E+01
1.781780000E-02 7.188306201E+02 1.430212361E-01 6.958210329E+01
1.810600000E-02 6.961605328E+02 1.312768153E-01 6.847453883E+01
1.839890000E-02 6.742035872E+02 1.204596122E-01 6.738446320E+01
1.869640000E-02 6.529498015E+02 1.105354514E-01 6.631223123E+01
1.899880000E-02 6.323610670E+02 1.017817940E-01 6.525675306E+01
1.930610000E-02 6.124219652E+02 9.392013734E-02 6.421804507E+01
1.961840000E-02 5.931107816E+02 8.704898979E-02 6.319577539E+01
1.993570000E-02 5.744125055E+02 7.980349121E-02 6.218994066E+01
2.025820000E-02 5.563009680E+02 7.304937307E-02 6.119990917E+01
2.058580000E-02 5.387676104E+02 6.696306595E-02 6.022598102E+01
2.091880000E-02 5.217827659E+02 6.242309837E-02 5.926726198E+01
2.125710000E-02 5.053384835E+02 5.819134997E-02 5.832404232E+01
2.160090000E-02 4.894121360E+02 5.424652283E-02 5.739575666E+01
2.195030000E-02 4.739870159E+02 5.019556376E-02 5.648214375E+01
2.230530000E-02 4.590511754E+02 4.546204871E-02 5.558320220E+01
2.266610000E-02 4.445846798E+02 4.138149529E-02 5.469842628E+01
2.303270000E-02 4.305764231E+02 3.871360425E-02 5.382781871E+01
2.340530000E-02 4.170080315E+02 3.621741209E-02 5.297090830E+01
2.378380000E-02 4.038725254E+02 3.331331518E-02 5.212791900E+01
2.416850000E-02 3.911492220E+02 3.009229261E-02 5.129817738E+01
2.455940000E-02 3.788284306E+02 2.822210982E-02 5.048168929E+01
2.495660000E-02 3.668973827E+02 2.644699988E-02 4.967824143E+01
2.536030000E-02 3.553409670E+02 2.411605852E-02 4.888743430E+01
2.577050000E-02 3.441503528E+02 2.236019726E-02 4.810927223E+01
2.618730000E-02 3.333140416E+02 2.103405971E-02 4.734355966E+01
2.661090000E-02 3.228185053E+02 1.978651145E-02 4.658993119E+01
2.704130000E-02 3.126556516E+02 1.848287260E-02 4.584838747E+01
2.747860000E-02 3.028150798E+02 1.721951772E-02 4.511874695E+01
2.792310000E-02 2.932825422E+02 1.610556024E-02 4.440051427E+01
2.837470000E-02 2.840528828E+02 1.519407153E-02 4.369385403E+01
2.883370000E-02 2.751128457E+02 1.470428042E-02 4.299829713E+01
2.930000000E-02 9.173728879E-01 1.423041954E-02 4.231399317E+01
2.977390000E-02 9.250638268E-01 1.388175595E-02 4.164049721E+01
3.025550000E-02 9.329451365E-01 1.370163225E-02 4.097767348E+01
3.074490000E-02 9.409760636E-01 1.371691554E-02 4.032538730E+01
3.124210000E-02 9.497162189E-01 1.423326737E-02 3.968363202E+01
3.174750000E-02 9.589407927E-01 1.541261901E-02 3.905189385E+01
3.226090000E-02 9.702710448E-01 1.775450800E-02 3.843042197E+01
3.278270000E-02 9.843921931E-01 2.141464587E-02 3.781872756E+01
3.331300000E-02 9.841824211E-01 4.449557283E-02 3.721670219E+01
3.385180000E-02 9.746926104E-01 5.215159198E-02 3.662434494E+01
3.439930000E-02 9.699543049E-01 5.173952129E-02 3.604143108E+01
3.495570000E-02 9.660760984E-01 4.935289485E-02 3.546774918E+01
3.552110000E-02 9.676853869E-01 4.382229673E-02 3.490319838E+01
3.609560000E-02 9.700354892E-01 4.067251923E-02 3.434767673E+01
3.667940000E-02 9.731242255E-01 3.775334225E-02 3.380098911E+01
3.727270000E-02 9.771056705E-01 3.515258660E-02 3.326295117E+01
3.787550000E-02 9.817807977E-01 3.293996691E-02 3.273356127E+01
3.848820000E-02 9.874430981E-01 3.164723491E-02 3.221247032E+01
3.911070000E-02 9.933422924E-01 3.091796912E-02 3.169976503E+01
3.974320000E-02 9.994109289E-01 3.213035078E-02 3.119527366E+01
4.038610000E-02 1.004959317E+00 3.385646754E-02 3.069868098E+01
4.103930000E-02 1.009764846E+00 3.651722051E-02 3.021006694E+01
4.170310000E-02 1.013815942E+00 3.924946296E-02 2.972920478E+01
4.237760000E-02 1.017735623E+00 4.204716427E-02 2.925602205E+01
4.306300000E-02 1.021331414E+00 4.573038266E-02 2.879037689E+01
4.375950000E-02 1.023811868E+00 4.945584943E-02 2.833213359E+01
4.446730000E-02 1.026100743E+00 5.305097818E-02 2.788116211E+01
4.518650000E-02 1.027983934E+00 5.704235682E-02 2.743739834E+01
4.591740000E-02 1.028830041E+00 6.201525646E-02 2.700065770E+01
4.666000000E-02 1.027590337E+00 6.454316992E-02 2.657093871E+01
4.741470000E-02 1.027988280E+00 6.727513667E-02 2.614800895E+01
4.818160000E-02 1.028014896E+00 7.012255569E-02 2.573181463E+01
4.896090000E-02 1.027300462E+00 7.309061395E-02 2.532224694E+01
4.975280000E-02 1.026178939E+00 7.477742184E-02 2.491920053E+01
5.055760000E-02 1.025658044E+00 7.617020964E-02 2.452252480E+01
5.137530000E-02 1.025467956E+00 7.758928703E-02 2.413221918E+01
5.220620000E-02 1.025788296E+00 7.943825493E-02 2.374813719E+01
5.305060000E-02 1.025437923E+00 8.191737589E-02 2.337014096E+01
5.390870000E-02 1.024337940E+00 8.447417812E-02 2.299814316E+01
5.478060000E-02 1.022777073E+00 8.615993466E-02 2.263209968E+01
5.566670000E-02 1.021511018E+00 8.760686409E-02 2.227184295E+01
5.656700000E-02 1.020255657E+00 8.907844910E-02 2.191737232E+01
5.748200000E-02 1.018840894E+00 9.052242855E-02 2.156849101E+01
5.841170000E-02 1.017433360E+00 9.177530609E-02 2.122519975E+01
5.935640000E-02 1.016055072E+00 9.304649613E-02 2.088738535E+01
6.031650000E-02 1.014750208E+00 9.449570530E-02 2.055490620E+01
6.129210000E-02 1.013020167E+00 9.626117946E-02 2.022772919E+01
6.228340000E-02 1.010687790E+00 9.805968352E-02 1.990578549E+01
6.329080000E-02 1.007806152E+00 9.906064463E-02 1.958894500E+01
6.431450000E-02 1.005202972E+00 9.975289738E-02 1.927714590E+01
6.535470000E-02 1.002624174E+00 1.004500809E-01 1.897032654E+01
6.641180000E-02 9.997662803E-01 1.011523472E-01 1.866836918E+01
6.748590000E-02 9.960976596E-01 1.014641520E-01 1.837124496E+01
6.857750000E-02 9.929324472E-01 1.006838161E-01 1.807881594E+01
6.968670000E-02 9.902209077E-01 9.990945606E-02 1.779105626E+01
7.081380000E-02 9.876581694E-01 9.914097148E-02 1.750788688E+01
7.195910000E-02 9.851426882E-01 9.837868813E-02 1.722923161E+01
7.312300000E-02 9.825370869E-01 9.754075694E-02 1.695499364E+01
7.430570000E-02 9.800524533E-01 9.649093273E-02 1.668512644E+01
7.550760000E-02 9.776446269E-01 9.543514379E-02 1.641953923E+01
7.672890000E-02 9.752580869E-01 9.438319438E-02 1.615818811E+01
7.796990000E-02 9.728227878E-01 9.334274974E-02 1.590100795E+01
7.923100000E-02 9.702523074E-01 9.231412792E-02 1.564791559E+01
8.051250000E-02 9.673115761E-01 9.121694279E-02 1.539885111E+01
8.181470000E-02 9.644196224E-01 8.945147189E-02 1.515375599E+01
8.313800000E-02 9.615946056E-01 8.771997718E-02 1.491255503E+01
8.448270000E-02 9.583608102E-01 8.581065642E-02 1.467519386E+01
8.584910000E-02 9.551196453E-01 8.321060021E-02 1.444161907E+01
8.723770000E-02 9.524374775E-01 7.998133288E-02 1.421174561E+01
8.864870000E-02 9.499839195E-01 7.686589655E-02 1.398554068E+01
9.008250000E-02 9.467932554E-01 7.342514467E-02 1.376293953E+01
9.153950000E-02 9.450866726E-01 6.808971906E-02 1.354387996E+01
9.302010000E-02 9.458320568E-01 6.425942147E-02 1.332830216E+01
9.452460000E-02 9.446673503E-01 6.160058326E-02 1.311616235E+01
9.605350000E-02 9.438259505E-01 5.791683607E-02 1.290739015E+01
9.760710000E-02 9.434081490E-01 5.445315890E-02 1.270194484E+01
9.918580000E-02 9.431730414E-01 5.119662072E-02 1.249977315E+01
1.007900000E-01 9.429829334E-01 4.812985647E-02 1.230082349E+01
1.024200000E-01 9.426857840E-01 4.524431447E-02 1.210505761E+01
1.040770000E-01 9.417455695E-01 4.243841671E-02 1.191233414E+01
1.057600000E-01 9.413668806E-01 3.791974352E-02 1.172276853E+01
1.074710000E-01 9.416981501E-01 3.373280648E-02 1.153613533E+01
1.092090000E-01 9.428293277E-01 2.965940389E-02 1.135254420E+01
1.109750000E-01 9.443673719E-01 2.607818769E-02 1.117188556E+01
1.127700000E-01 9.460999513E-01 2.292922425E-02 1.099405870E+01
1.145940000E-01 9.478712334E-01 2.016021687E-02 1.081906557E+01
1.164480000E-01 9.496261737E-01 1.757670146E-02 1.064681231E+01
1.183310000E-01 9.512307752E-01 1.514561148E-02 1.047738970E+01
1.202450000E-01 9.532623206E-01 1.248614298E-02 1.031061583E+01
1.221900000E-01 9.555557018E-01 1.029353198E-02 1.014649317E+01
1.241660000E-01 9.579227511E-01 8.487384786E-03 9.985020054E+00
1.261750000E-01 9.602598780E-01 7.011145402E-03 9.826035268E+00
1.282150000E-01 9.625240035E-01 5.805662090E-03 9.669695433E+00
1.302890000E-01 9.646976866E-01 4.815804664E-03 9.515768791E+00
1.323970000E-01 9.668065200E-01 3.997517437E-03 9.364260519E+00
1.345380000E-01 9.688269067E-01 3.422506437E-03 9.215240304E+00
1.367140000E-01 9.707695464E-01 3.039742313E-03 9.068566496E+00
1.389250000E-01 9.724496260E-01 2.839625197E-03 8.924239698E+00
1.411720000E-01 9.739376760E-01 2.652674236E-03 8.782194770E+00
1.434560000E-01 9.753151429E-01 2.477998971E-03 8.642371180E+00
1.457760000E-01 9.766145542E-01 2.314874273E-03 8.504829327E+00
1.481340000E-01 9.778667351E-01 2.190414147E-03 8.369449282E+00
1.505300000E-01 9.790761841E-01 2.124719240E-03 8.236231980E+00
1.529640000E-01 9.801726771E-01 2.141887402E-03 8.105175074E+00
1.554390000E-01 9.811745880E-01 2.179692695E-03 7.976119249E+00
1.579530000E-01 9.820843300E-01 2.233482050E-03 7.849170323E+00
1.605070000E-01 9.829164987E-01 2.288637493E-03 7.724273708E+00
1.631030000E-01 9.836837915E-01 2.345132094E-03 7.601331674E+00
1.657420000E-01 9.843912263E-01 2.402990008E-03 7.480300708E+00
1.684220000E-01 9.850380479E-01 2.462325577E-03 7.361271093E+00
1.711460000E-01 9.856104427E-01 2.504147131E-03 7.244107370E+00
1.739150000E-01 9.861483439E-01 2.520122195E-03 7.128769801E+00
1.767270000E-01 9.866662027E-01 2.503348919E-03 7.015340044E+00
1.795860000E-01 9.871677207E-01 2.485617650E-03 6.903656187E+00
1.824910000E-01 9.876504833E-01 2.468377198E-03 6.793759692E+00
1.854420000E-01 9.881093934E-01 2.453132691E-03 6.685648343E+00
1.884420000E-01 9.885440894E-01 2.438308193E-03 6.579212702E+00
1.914890000E-01 9.889496473E-01 2.421576362E-03 6.474523341E+00
1.945870000E-01 9.893378951E-01 2.392201898E-03 6.371443108E+00
1.977340000E-01 9.897099594E-01 2.359320790E-03 6.270039548E+00
2.009320000E-01 9.900701841E-01 2.323734983E-03 6.170246651E+00
2.041820000E-01 9.904166880E-01 2.288666422E-03 6.072033774E+00
2.074850000E-01 9.907486012E-01 2.254121173E-03 5.975371714E+00
2.108400000E-01 9.910636543E-01 2.220125461E-03 5.880288370E+00
2.142510000E-01 9.913663394E-01 2.178342565E-03 5.786670774E+00
2.177160000E-01 9.916590647E-01 2.135632176E-03 5.694574583E+00
2.212370000E-01 9.919435854E-01 2.092423366E-03 5.603945091E+00
2.248160000E-01 9.922188432E-01 2.050042664E-03 5.514732048E+00
2.284520000E-01 9.924846472E-01 2.008546961E-03 5.426960587E+00
2.321470000E-01 9.927411817E-01 1.967907763E-03 5.340581614E+00
2.359020000E-01 9.929886949E-01 1.928069989E-03 5.255572229E+00
2.397170000E-01 9.932273364E-01 1.889047191E-03 5.171931903E+00
2.435950000E-01 9.934575837E-01 1.850788560E-03 5.089595435E+00
2.475350000E-01 9.936795588E-01 1.813329572E-03 5.008584645E+00
2.515380000E-01 9.938934630E-01 1.776631496E-03 4.928877545E+00
2.556070000E-01 9.940996957E-01 1.740652563E-03 4.850414895E+00
2.597410000E-01 9.942983147E-01 1.705428076E-03 4.773216396E+00
2.639420000E-01 9.944894285E-01 1.670916456E-03 4.697244092E+00
2.682110000E-01 9.946729878E-01 1.637098578E-03 4.622480062E+00
2.725490000E-01 9.948482996E-01 1.603959435E-03 4.548906802E+00
2.769570000E-01 9.950130022E-01 1.567419835E-03 4.476507183E+00
2.814370000E-01 9.951747375E-01 1.526694843E-03 4.405248777E+00
2.859890000E-01 9.953346434E-01 1.483932335E-03 4.335131771E+00
2.906150000E-01 9.954919991E-01 1.441936926E-03 4.266125286E+00
2.953150000E-01 9.956463180E-01 1.401137535E-03 4.198229010E+00
3.000920000E-01 9.957971095E-01 1.361490828E-03 4.131399704E+00
3.049450000E-01 9.959442045E-01 1.322971671E-03 4.065651183E+00
3.098780000E-01 9.960877580E-01 1.285519760E-03 4.000929398E+00
3.148900000E-01 9.962277413E-01 1.249150100E-03 3.937247928E+00
3.199830000E-01 9.963642526E-01 1.213807124E-03 3.874580837E+00
3.251580000E-01 9.964973833E-01 1.179464129E-03 3.812915567E+00
3.304180000E-01 9.966272821E-01 1.146079024E-03 3.752216889E+00
3.357620000E-01 9.967540454E-01 1.113647588E-03 3.692496471E+00
3.411920000E-01 9.968777636E-01 1.082145819E-03 3.633731154E+00
3.467110000E-01 9.969986320E-01 1.051519696E-03 3.575888853E+00
3.523190000E-01 9.971167382E-01 1.021759444E-03 3.518970024E+00
3.580170000E-01 9.972322341E-01 9.928483190E-04 3.462964049E+00
3.638080000E-01 9.973452519E-01 9.647586884E-04 3.407841499E+00
3.696920000E-01 9.974558835E-01 9.374647598E-04 3.353602458E+00
3.756720000E-01 9.975642533E-01 9.109349806E-04 3.300219340E+00
3.817480000E-01 9.976703240E-01 8.851633362E-04 3.247692195E+00
3.879220000E-01 9.977738632E-01 8.597395840E-04 3.196003320E+00
3.941970000E-01 9.978746654E-01 8.342170107E-04 3.145127944E+00
4.005730000E-01 9.979746253E-01 8.056841562E-04 3.095066318E+00
4.070520000E-01 9.980765524E-01 7.766831582E-04 3.045802502E+00
4.136350000E-01 9.981796496E-01 7.487278864E-04 2.997328563E+00
4.203260000E-01 9.982837391E-01 7.217725746E-04 2.949615299E+00
4.271240000E-01 9.983890443E-01 6.957920945E-04 2.902669951E+00
4.340320000E-01 9.984959921E-01 6.707591557E-04 2.856471412E+00
4.410520000E-01 9.986052453E-01 6.466160860E-04 2.811006412E+00
4.481860000E-01 9.987174402E-01 6.232686663E-04 2.766262221E+00
4.554350000E-01 9.988341236E-01 6.004311954E-04 2.722232591E+00
4.628020000E-01 9.989570165E-01 5.782030422E-04 2.678899400E+00
4.702870000E-01 9.990884978E-01 5.566828359E-04 2.636262538E+00
4.778940000E-01 9.992319748E-01 5.359560520E-04 2.594299154E+00
4.856230000E-01 9.993926869E-01 5.160037906E-04 2.553009227E+00
4.934780000E-01 9.995795312E-01 4.967948386E-04 2.512371372E+00
5.014590000E-01 9.998090282E-01 4.783046669E-04 2.472385579E+00
5.095700000E-01 1.000117225E+00 4.605010004E-04 2.433031772E+00
5.178120000E-01 1.000609607E+00 4.433595912E-04 2.394305269E+00
5.261870000E-01 1.002028868E+00 4.268569001E-04 2.356196561E+00
5.281000000E-01 1.004743717E+00 4.232101929E-04 2.347661428E+00
5.283000000E-01 1.004735586E+00 3.304500687E-03 2.346772667E+00
5.346980000E-01 1.000815292E+00 3.171636852E-03 2.318692047E+00
5.433460000E-01 9.999992332E-01 3.002809611E-03 2.281787296E+00
5.521340000E-01 9.995749849E-01 2.842916407E-03 2.245469397E+00
5.610650000E-01 9.993010090E-01 2.691523605E-03 2.209726146E+00
5.701390000E-01 9.991108624E-01 2.548595750E-03 2.174557432E+00
5.793610000E-01 9.989721716E-01 2.415829906E-03 2.139943835E+00
5.887320000E-01 9.988686079E-01 2.290599252E-03 2.105881793E+00
5.982540000E-01 9.987909735E-01 2.172254997E-03 2.072363912E+00
6.079300000E-01 9.987331043E-01 2.060056808E-03 2.039379534E+00
6.177630000E-01 9.986909374E-01 1.953617502E-03 2.006918511E+00
6.277550000E-01 9.986606321E-01 1.852540772E-03 1.974974313E+00
6.379080000E-01 9.986407691E-01 1.755365473E-03 1.943540448E+00
6.482260000E-01 9.986301873E-01 1.661391288E-03 1.912604555E+00
6.587110000E-01 9.986289577E-01 1.571265292E-03 1.882160765E+00
6.693650000E-01 9.986375169E-01 1.486082965E-03 1.852203208E+00
6.801910000E-01 9.986528377E-01 1.409394921E-03 1.822723323E+00
6.911930000E-01 9.986707571E-01 1.339590355E-03 1.793710295E+00
7.023720000E-01 9.986905941E-01 1.274478887E-03 1.765161481E+00
7.137330000E-01 9.987125260E-01 1.212855623E-03 1.737064140E+00
7.252770000E-01 9.987367675E-01 1.154436569E-03 1.709415851E+00
7.370080000E-01 9.987635449E-01 1.098836704E-03 1.682206977E+00
7.489280000E-01 9.987932976E-01 1.045912201E-03 1.655432832E+00
7.610420000E-01 9.988296526E-01 9.959947415E-04 1.629082232E+00
7.733510000E-01 9.988715695E-01 9.531853736E-04 1.603153031E+00
7.858590000E-01 9.989183351E-01 9.283581110E-04 1.577636701E+00
7.985700000E-01 9.989529277E-01 9.174346735E-04 1.552525139E+00
8.114860000E-01 9.989744927E-01 9.066192517E-04 1.527814405E+00
8.246110000E-01 9.989896365E-01 8.959438256E-04 1.503496800E+00
8.379490000E-01 9.989936758E-01 8.853972826E-04 1.479564985E+00
8.515020000E-01 9.989924903E-01 8.650090885E-04 1.456015370E+00
8.652740000E-01 9.989886750E-01 8.343349560E-04 1.432840927E+00
8.792690000E-01 9.989925563E-01 7.955460892E-04 1.410034927E+00
8.934910000E-01 9.990044740E-01 7.585937807E-04 1.387590921E+00
9.079430000E-01 9.990192480E-01 7.233700808E-04 1.365504222E+00
9.226280000E-01 9.990381365E-01 6.897897611E-04 1.343770187E+00
9.375510000E-01 9.990575656E-01 6.617802275E-04 1.322381396E+00
9.527150000E-01 9.990759627E-01 6.358994427E-04 1.301333557E+00
9.681240000E-01 9.990931647E-01 6.118666123E-04 1.280621077E+00
9.837830000E-01 9.991087524E-01 5.887424837E-04 1.260237268E+00
9.996950000E-01 9.991233451E-01 5.658281501E-04 1.240178254E+00
1.015860000E+00 9.991348651E-01 5.431226755E-04 1.220443762E+00
1.032290000E+00 9.991478829E-01 5.155234655E-04 1.201019093E+00
1.048990000E+00 9.991639100E-01 4.891880417E-04 1.181898779E+00
1.065960000E+00 9.991810542E-01 4.641044096E-04 1.163083043E+00
1.083200000E+00 9.991988810E-01 4.403074778E-04 1.144571640E+00
1.100720000E+00 9.992170887E-01 4.177303772E-04 1.126353659E+00
1.118520000E+00 9.992355019E-01 3.963119474E-04 1.108428995E+00
1.136610000E+00 9.992539997E-01 3.759922632E-04 1.090787517E+00
1.155000000E+00 9.992724955E-01 3.567081699E-04 1.073419913E+00
1.173680000E+00 9.992908990E-01 3.384188440E-04 1.056335628E+00
1.192660000E+00 9.993091628E-01 3.210678373E-04 1.039525095E+00
1.211950000E+00 9.993272459E-01 3.046054987E-04 1.022979496E+00
1.231550000E+00 9.993451111E-01 2.889883761E-04 1.006698875E+00
1.251470000E+00 9.993627314E-01 2.741776337E-04 9.906749662E-01
1.271720000E+00 9.993800842E-01 2.601307420E-04 9.749001352E-01
1.292290000E+00 9.993971305E-01 2.468125925E-04 9.593821820E-01
1.313190000E+00 9.994138561E-01 2.341815862E-04 9.441131900E-01
1.334430000E+00 9.994302562E-01 2.221936780E-04 9.290858269E-01
1.356010000E+00 9.994463224E-01 2.108197274E-04 9.143000420E-01
1.377940000E+00 9.994620485E-01 2.000286543E-04 8.997489005E-01
1.400230000E+00 9.994774293E-01 1.897887945E-04 8.854259657E-01
1.422880000E+00 9.994924591E-01 1.800717982E-04 8.713313842E-01
1.445890000E+00 9.995071208E-01 1.708570990E-04 8.574649524E-01
1.469280000E+00 9.995214238E-01 1.620947697E-04 8.438146575E-01
1.493040000E+00 9.995353373E-01 1.537581316E-04 8.303863259E-01
1.517190000E+00 9.995489399E-01 1.457575100E-04 8.171685814E-01
1.541730000E+00 9.995622614E-01 1.381617266E-04 8.041615588E-01
1.566670000E+00 9.995752711E-01 1.309620364E-04 7.913600184E-01
1.592010000E+00 9.995879595E-01 1.241356084E-04 7.787639525E-01
1.617760000E+00 9.996003294E-01 1.176654474E-04 7.663683117E-01
1.643920000E+00 9.996123747E-01 1.115350015E-04 7.541729525E-01
1.670510000E+00 9.996241043E-01 1.057224944E-04 7.421685593E-01
1.697530000E+00 9.996355160E-01 1.002125527E-04 7.303552809E-01
1.724990000E+00 9.996466052E-01 9.499005235E-05 7.187288042E-01
1.752890000E+00 9.996573886E-01 9.000310599E-05 7.072891054E-01
1.781240000E+00 9.996678873E-01 8.526525476E-05 6.960319777E-01
1.810050000E+00 9.996781132E-01 8.076735657E-05 6.849534543E-01
1.839320000E+00 9.996880608E-01 7.650942926E-05 6.740534545E-01
1.869070000E+00 9.996977346E-01 7.247457477E-05 6.633245411E-01
1.899300000E+00 9.997071359E-01 6.865183316E-05 6.527668088E-01
1.930020000E+00 9.997162721E-01 6.503061225E-05 6.423767629E-01
1.961240000E+00 9.997251456E-01 6.160085107E-05 6.321510881E-01
1.992960000E+00 9.997337700E-01 5.835300091E-05 6.220897559E-01
2.025200000E+00 9.997421234E-01 5.529986853E-05 6.121864507E-01
2.057950000E+00 9.997502195E-01 5.236604828E-05 6.024441799E-01
2.091240000E+00 9.997580924E-01 4.958125912E-05 5.928540005E-01
2.125060000E+00 9.997657391E-01 4.694262367E-05 5.834188211E-01
2.159430000E+00 9.997731637E-01 4.444041870E-05 5.741329888E-01
2.194360000E+00 9.997803695E-01 4.207038819E-05 5.649938934E-01
2.229850000E+00 9.997873628E-01 3.982021422E-05 5.560015248E-01
2.265920000E+00 9.997941506E-01 3.768944463E-05 5.471508262E-01
2.302570000E+00 9.998007374E-01 3.566779855E-05 5.384418280E-01
2.339810000E+00 9.998071268E-01 3.375448466E-05 5.298720836E-01
2.377660000E+00 9.998133263E-01 3.193828904E-05 5.214370431E-01
2.416110000E+00 9.998193399E-01 3.021801802E-05 5.131388885E-01
2.455190000E+00 9.998251736E-01 2.858743096E-05 5.049711020E-01
2.494900000E+00 9.998308337E-01 2.704091064E-05 4.969337448E-01
2.535260000E+00 9.998363251E-01 2.557659273E-05 4.890228221E-01
2.576260000E+00 9.998416498E-01 2.418899658E-05 4.812402475E-01
2.617930000E+00 9.998468156E-01 2.287424841E-05 4.735802714E-01
2.660270000E+00 9.998518258E-01 2.162859449E-05 4.660429205E-01
2.703300000E+00 9.998566863E-01 2.044820360E-05 4.586246440E-01
2.747030000E+00 9.998614019E-01 1.932983280E-05 4.513237933E-01
2.791460000E+00 9.998659759E-01 1.827058125E-05 4.441403423E-01
2.836610000E+00 9.998704132E-01 1.726743457E-05 4.370710108E-01
2.882490000E+00 9.998747187E-01 1.631694492E-05 4.301142415E-01
2.929110000E+00 9.998788971E-01 1.541683379E-05 4.232685014E-01
2.976480000E+00 9.998829515E-01 1.456451666E-05 4.165322797E-01
3.024630000E+00 9.998868890E-01 1.375717922E-05 4.099013764E-01
3.073550000E+00 9.998907109E-01 1.299290112E-05 4.033772023E-01
3.123260000E+00 9.998944233E-01 1.226902532E-05 3.969570257E-01
3.173780000E+00 9.998980306E-01 1.158368214E-05 3.906382925E-01
3.225110000E+00 9.999015368E-01 1.093500521E-05 3.844209965E-01
3.277270000E+00 9.999049467E-01 1.032081800E-05 3.783026727E-01
3.330280000E+00 9.999082658E-01 9.739328675E-06 3.722810094E-01
3.384150000E+00 9.999114994E-01 9.189016659E-06 3.663549193E-01
3.438880000E+00 9.999146522E-01 8.668298837E-06 3.605243568E-01
3.494500000E+00 9.999177312E-01 8.175555133E-06 3.547860924E-01
3.551020000E+00 9.999207439E-01 7.709045794E-06 3.491391206E-01
3.608460000E+00 9.999236993E-01 7.267727421E-06 3.435814724E-01
3.666820000E+00 9.999266072E-01 6.850291166E-06 3.381131335E-01
3.726130000E+00 9.999294834E-01 6.455364576E-06 3.327312788E-01
3.786400000E+00 9.999323476E-01 6.081743412E-06 3.274350306E-01
3.847640000E+00 9.999352311E-01 5.728407102E-06 3.222234928E-01
3.909870000E+00 9.999381878E-01 5.394245428E-06 3.170949418E-01
3.973110000E+00 9.999413244E-01 5.078282606E-06 3.120477409E-01
4.037380000E+00 9.999449188E-01 4.779452380E-06 3.070803343E-01
4.102680000E+00 9.999502569E-01 4.497378754E-06 3.021927131E-01
4.132100000E+00 9.999680939E-01 4.377167922E-06 3.000411413E-01
4.132300000E+00 9.999680950E-01 1.380513342E-05 3.000266196E-01
4.169030000E+00 9.999513696E-01 1.337976369E-05 2.973833242E-01
4.236460000E+00 9.999503257E-01 1.264166427E-05 2.926499955E-01
4.304980000E+00 9.999512885E-01 1.194428316E-05 2.879920464E-01
4.374620000E+00 9.999552863E-01 1.128550930E-05 2.834074731E-01
4.380300000E+00 9.999607925E-01 1.123383327E-05 2.830399744E-01
4.380500000E+00 9.999607911E-01 1.546882231E-05 2.830270517E-01
4.445370000E+00 9.999528072E-01 1.466819122E-05 2.788969197E-01
4.517270000E+00 9.999529014E-01 1.384152382E-05 2.744578031E-01
4.590330000E+00 9.999536464E-01 1.306165083E-05 2.700895143E-01
4.664580000E+00 9.999549308E-01 1.232546067E-05 2.657902748E-01
4.698200000E+00 9.999585329E-01 1.200957464E-05 2.638882976E-01
4.698400000E+00 9.999585319E-01 1.381102238E-05 2.638770645E-01
4.740030000E+00 9.999556446E-01 1.339247941E-05 2.615595260E-01
4.816690000E+00 9.999559517E-01 1.266346866E-05 2.573966770E-01
4.894600000E+00 9.999566354E-01 1.197232714E-05 2.532995546E-01
4.973770000E+00 9.999574579E-01 1.131709368E-05 2.492676581E-01
5.054210000E+00 9.999583541E-01 1.069634681E-05 2.453004525E-01
5.135960000E+00 9.999592937E-01 1.010823510E-05 2.413959610E-01
5.219030000E+00 9.999602582E-01 9.551379386E-06 2.375537217E-01
5.303440000E+00 9.999612361E-01 9.023839731E-06 2.337727965E-01
5.389220000E+00 9.999622194E-01 8.524472750E-06 2.300518442E-01
5.476390000E+00 9.999632018E-01 8.051818795E-06 2.263900124E-01
5.564970000E+00 9.999641788E-01 7.604417273E-06 2.227864661E-01
5.654980000E+00 9.999651470E-01 7.181171074E-06 2.192403863E-01
5.746440000E+00 9.999661035E-01 6.780648708E-06 2.157509693E-01
5.839390000E+00 9.999670466E-01 6.401833454E-06 2.123166975E-01
5.933830000E+00 9.999679743E-01 6.043627744E-06 2.089375665E-01
6.029810000E+00 9.999688855E-01 5.704928170E-06 2.056117854E-01
6.127330000E+00 9.999697792E-01 5.384627050E-06 2.023393550E-01
6.226440000E+00 9.999706548E-01 5.081866880E-06 1.991185975E-01
6.327150000E+00 9.999715115E-01 4.795710776E-06 1.959492030E-01
6.429480000E+00 9.999723490E-01 4.525258010E-06 1.928305244E-01
6.533480000E+00 9.999731673E-01 4.269711205E-06 1.897610462E-01
6.639150000E+00 9.999739658E-01 4.028258070E-06 1.867407725E-01
6.746540000E+00 9.999747449E-01 3.800213023E-06 1.837682723E-01
6.855650000E+00 9.999755042E-01 3.584798025E-06 1.808435378E-01
6.966540000E+00 9.999762442E-01 3.381291825E-06 1.779649582E-01
7.079220000E+00 9.999769648E-01 3.189164094E-06 1.751322886E-01
7.193720000E+00 9.999776662E-01 3.007712655E-06 1.723447674E-01
7.310070000E+00 9.999783488E-01 2.836432088E-06 1.696016591E-01
7.428310000E+00 9.999790126E-01 2.674723612E-06 1.669020275E-01
7.548450000E+00 9.999796581E-01 2.522020468E-06 1.642456398E-01
7.670540000E+00 9.999802855E-01 2.377967337E-06 1.616313845E-01
7.794610000E+00 9.999808953E-01 2.241994902E-06 1.590586315E-01
7.920680000E+00 9.999814876E-01 2.113681376E-06 1.565269649E-01
8.048790000E+00 9.999820628E-01 1.992565558E-06 1.540355755E-01
8.178980000E+00 9.999826215E-01 1.878299516E-06 1.515836938E-01
8.311260000E+00 9.999831638E-01 1.770487768E-06 1.491711245E-01
8.445690000E+00 9.999836902E-01 1.668853964E-06 1.467967685E-01
8.582290000E+00 9.999842009E-01 1.572884049E-06 1.444602781E-01
8.721110000E+00 9.999846966E-01 1.482383389E-06 1.421608029E-01
8.862160000E+00 9.999851774E-01 1.397062450E-06 1.398981738E-01
9.005500000E+00 9.999856438E-01 1.316593619E-06 1.376714230E-01
9.151160000E+00 9.999860961E-01 1.240698043E-06 1.354800921E-01
9.299170000E+00 9.999865347E-01 1.169122692E-06 1.333237267E-01
9.449580000E+00 9.999869600E-01 1.101653677E-06 1.312015984E-01
9.602420000E+00 9.999873722E-01 1.038039543E-06 1.291132860E-01
9.757730000E+00 9.999877718E-01 9.780224632E-07 1.270582400E-01
9.915550000E+00 9.999881592E-01 9.214983606E-07 1.250359284E-01
1.007590000E+01 9.999885345E-01 8.681879170E-07 1.230460803E-01
1.023890000E+01 9.999888984E-01 8.179227926E-07 1.210872262E-01
1.040450000E+01 9.999892510E-01 7.705512835E-07 1.191599789E-01
1.057280000E+01 9.999895926E-01 7.258953803E-07 1.172631659E-01
1.074380000E+01 9.999899235E-01 6.838097890E-07 1.153967870E-01
1.091760000E+01 9.999902442E-01 6.441438127E-07 1.135597567E-01
1.109420000E+01 9.999905549E-01 6.067600037E-07 1.117520867E-01
1.127360000E+01 9.999908557E-01 5.715383560E-07 1.099737440E-01
1.145590000E+01 9.999911471E-01 5.383459207E-07 1.082237101E-01
1.164120000E+01 9.999914294E-01 5.070653634E-07 1.065010480E-01
1.182950000E+01 9.999917029E-01 4.775898835E-07 1.048057822E-01
1.202080000E+01 9.999919676E-01 4.498192897E-07 1.031378943E-01
1.221530000E+01 9.999922242E-01 4.236472851E-07 1.014956653E-01
1.241280000E+01 9.999924724E-01 3.989985873E-07 9.988076824E-02
1.261360000E+01 9.999927130E-01 3.757698216E-07 9.829073381E-02
1.281760000E+01 9.999929459E-01 3.538891078E-07 9.672637623E-02
1.302500000E+01 9.999931715E-01 3.332697188E-07 9.518618042E-02
1.323560000E+01 9.999933898E-01 3.138532442E-07 9.367161292E-02
1.344970000E+01 9.999936012E-01 2.955582327E-07 9.218049473E-02
1.366720000E+01 9.999938059E-01 2.783267755E-07 9.071353313E-02
1.388830000E+01 9.999940042E-01 2.620936595E-07 8.926938502E-02
1.411290000E+01 9.999941961E-01 2.468044187E-07 8.784870579E-02
1.434120000E+01 9.999943819E-01 2.324011611E-07 8.645022732E-02
1.457310000E+01 9.999945618E-01 2.188371169E-07 8.507455517E-02
1.480890000E+01 9.999947360E-01 2.060579418E-07 8.371992518E-02
1.504840000E+01 9.999949047E-01 1.940247563E-07 8.238749635E-02
1.529180000E+01 9.999950679E-01 1.826906458E-07 8.107613231E-02
1.553910000E+01 9.999952260E-01 1.720175286E-07 7.978583058E-02
1.579040000E+01 9.999953790E-01 1.619651635E-07 7.851606039E-02
1.604580000E+01 9.999955271E-01 1.524975956E-07 7.726632514E-02
1.630540000E+01 9.999956706E-01 1.435792763E-07 7.603615980E-02
1.656910000E+01 9.999958094E-01 1.351834393E-07 7.482603159E-02
1.683710000E+01 9.999959438E-01 1.272754362E-07 7.363500840E-02
1.710940000E+01 9.999960739E-01 1.198291240E-07 7.246309046E-02
1.738610000E+01 9.999961999E-01 1.128166989E-07 7.130983947E-02
1.766740000E+01 9.999963219E-01 1.062123105E-07 7.017444559E-02
1.795310000E+01 9.999964400E-01 9.999419613E-08 6.905771148E-02
1.824350000E+01 9.999965543E-01 9.413804648E-08 6.795845096E-02
1.853860000E+01 9.999966650E-01 8.862432090E-08 6.687667893E-02
1.883840000E+01 9.999967722E-01 8.343241441E-08 6.581238322E-02
1.914310000E+01 9.999968759E-01 7.854303547E-08 6.476485000E-02
1.945270000E+01 9.999969763E-01 7.393971087E-08 6.373408319E-02
1.976740000E+01 9.999970736E-01 6.960471641E-08 6.271942694E-02
2.008710000E+01 9.999971678E-01 6.552293355E-08 6.172120416E-02
2.041200000E+01 9.999972590E-01 6.167968011E-08 6.073878111E-02
2.074210000E+01 9.999973472E-01 5.806180933E-08 5.977215422E-02
2.107760000E+01 9.999974327E-01 5.465420285E-08 5.882073860E-02
2.141850000E+01 9.999975155E-01 5.144627763E-08 5.788453907E-02
2.176500000E+01 9.999975957E-01 4.842552325E-08 5.696301401E-02
2.211700000E+01 9.999976734E-01 4.558160751E-08 5.605642718E-02
2.247470000E+01 9.999977486E-01 4.290408938E-08 5.516425136E-02
2.283820000E+01 9.999978215E-01 4.038298376E-08 5.428623972E-02
2.320760000E+01 9.999978921E-01 3.800931378E-08 5.342215481E-02
2.358300000E+01 9.999979605E-01 3.577439524E-08 5.257176780E-02
2.396440000E+01 9.999980267E-01 3.367043981E-08 5.173507369E-02
2.435200000E+01 9.999980910E-01 3.168943160E-08 5.091162943E-02
2.474590000E+01 9.999981533E-01 2.982430530E-08 5.010122889E-02
2.514620000E+01 9.999982137E-01 2.806827651E-08 4.930367213E-02
2.555290000E+01 9.999982723E-01 2.641518426E-08 4.851895480E-02
2.596620000E+01 9.999983292E-01 2.485881378E-08 4.774668608E-02
2.638610000E+01 9.999983845E-01 2.339366840E-08 4.698686051E-02
2.681290000E+01 9.999984383E-01 2.201415198E-08 4.623893723E-02
2.724660000E+01 9.999984907E-01 2.071542097E-08 4.550292514E-02
2.768730000E+01 9.999985418E-01 1.949278198E-08 4.477865303E-02
2.813510000E+01 9.999985919E-01 1.834177249E-08 4.406595320E-02
2.859020000E+01 9.999986412E-01 1.725814247E-08 4.336450952E-02
2.905260000E+01 9.999986904E-01 1.623807294E-08 4.267432175E-02
2.952250000E+01 9.999987405E-01 1.527774790E-08 4.199508849E-02
3.000000000E+01 0.000000000E+00 0.000000000E+00 4.132666667E-02
