# 11/08/2021 
# Data retrieved from www.chemicool.com/densities.html 
# Includes the real (n) and complex (k) part of the  refractive index. 
# Element, Sr  (Z = 38) 
# Nominal density, g cm-3 =  2.6 
#    E [keV]      n       k    Wavelength [nm] 
1.000000000E-02 -3.712013249E+00 1.641829855E-01 1.239800000E+02
1.016170000E-02 1.193888986E+03 2.086523774E-02 1.220071445E+02
1.032610000E-02 1.156207803E+03 2.063499903E-02 1.200646904E+02
1.049310000E-02 1.119729637E+03 2.040744558E-02 1.181538344E+02
1.066280000E-02 1.084403516E+03 2.018246719E-02 1.162733991E+02
1.083530000E-02 1.050182135E+03 2.000088043E-02 1.144223049E+02
1.101060000E-02 1.017039977E+03 1.982858056E-02 1.126005849E+02
1.118860000E-02 9.849686720E+02 1.965831440E-02 1.108092165E+02
1.136960000E-02 9.538891801E+02 1.948900908E-02 1.090451731E+02
1.155350000E-02 9.237958435E+02 1.932130907E-02 1.073094733E+02
1.174040000E-02 8.946490120E+02 1.915495858E-02 1.056011720E+02
1.193030000E-02 8.664261975E+02 1.899021522E-02 1.039202702E+02
1.212320000E-02 8.391046066E+02 1.889150983E-02 1.022667283E+02
1.231930000E-02 8.126348838E+02 1.879301246E-02 1.006388350E+02
1.251860000E-02 7.869976389E+02 1.869501555E-02 9.903663349E+01
1.272100000E-02 7.621850710E+02 1.859783943E-02 9.746089144E+01
1.292680000E-02 7.381412387E+02 1.850077803E-02 9.590927376E+01
1.313590000E-02 7.148600859E+02 1.842043166E-02 9.438256990E+01
1.334830000E-02 6.923227514E+02 1.845497804E-02 9.288074137E+01
1.356420000E-02 6.704904677E+02 1.848942651E-02 9.140236800E+01
1.378360000E-02 6.493469086E+02 1.852389171E-02 8.994747381E+01
1.400660000E-02 6.288665042E+02 1.855826200E-02 8.851541416E+01
1.423310000E-02 6.090422619E+02 1.859305548E-02 8.710681440E+01
1.446330000E-02 5.898409141E+02 1.863337870E-02 8.572040959E+01
1.469730000E-02 5.712399621E+02 1.876659202E-02 8.435562995E+01
1.493500000E-02 5.532329465E+02 1.890095823E-02 8.301305658E+01
1.517650000E-02 5.357976801E+02 1.903642267E-02 8.169208974E+01
1.542200000E-02 5.189065094E+02 1.917258924E-02 8.039164829E+01
1.567140000E-02 5.025533964E+02 1.930993116E-02 7.911226821E+01
1.592490000E-02 4.867125661E+02 1.944807882E-02 7.785292215E+01
1.618250000E-02 4.713720806E+02 1.961280814E-02 7.661362583E+01
1.644420000E-02 4.565198081E+02 1.977960033E-02 7.539436397E+01
1.671020000E-02 4.421329229E+02 1.994768754E-02 7.419420474E+01
1.698050000E-02 4.282005656E+02 2.011717755E-02 7.301316216E+01
1.725510000E-02 4.147117028E+02 2.028825806E-02 7.185122080E+01
1.753420000E-02 4.016460408E+02 2.046067556E-02 7.070753157E+01
1.781780000E-02 3.889936408E+02 2.067060471E-02 6.958210329E+01
1.810600000E-02 3.767402631E+02 2.106411414E-02 6.847453883E+01
1.839890000E-02 3.648723447E+02 2.146504759E-02 6.738446320E+01
1.869640000E-02 3.533844902E+02 2.187395270E-02 6.631223123E+01
1.899880000E-02 3.422561017E+02 2.229041580E-02 6.525675306E+01
1.930610000E-02 3.314788452E+02 2.271479364E-02 6.421804507E+01
1.961840000E-02 3.210409839E+02 2.316889956E-02 6.319577539E+01
1.993570000E-02 3.109344044E+02 2.385658008E-02 6.218994066E+01
2.025820000E-02 3.011449622E+02 2.456454931E-02 6.119990917E+01
2.058580000E-02 2.916680312E+02 2.529375824E-02 6.022598102E+01
2.091880000E-02 2.824875763E+02 2.604437126E-02 5.926726198E+01
2.125710000E-02 2.735992998E+02 2.681751160E-02 5.832404232E+01
2.160090000E-02 2.649909716E+02 2.809963307E-02 5.739575666E+01
2.195030000E-02 2.566535612E+02 2.986025413E-02 5.648214375E+01
2.230530000E-02 2.485806106E+02 3.173137113E-02 5.558320220E+01
2.266610000E-02 2.407613450E+02 6.190873396E-02 5.469842628E+01
2.303270000E-02 2.331897614E+02 1.317021475E-01 5.382781871E+01
2.340530000E-02 2.258559287E+02 2.774280049E-01 5.297090830E+01
2.378380000E-02 2.187560744E+02 2.920792998E-01 5.212791900E+01
2.416850000E-02 2.118790192E+02 3.070389240E-01 5.129817738E+01
2.455940000E-02 2.052195252E+02 3.222538766E-01 5.048168929E+01
2.495660000E-02 1.987706909E+02 3.341946896E-01 4.967824143E+01
2.536030000E-02 1.925243485E+02 3.402080772E-01 4.888743430E+01
2.577050000E-02 1.864757251E+02 3.463289402E-01 4.810927223E+01
2.618730000E-02 1.806186054E+02 3.454375296E-01 4.734355966E+01
2.661090000E-02 1.749456775E+02 3.440067596E-01 4.658993119E+01
2.704130000E-02 1.694525675E+02 3.425825542E-01 4.584838747E+01
2.747860000E-02 1.641336535E+02 3.337395757E-01 4.511874695E+01
2.792310000E-02 1.589812348E+02 3.221275138E-01 4.440051427E+01
2.837470000E-02 1.539925242E+02 3.109226110E-01 4.369385403E+01
2.883370000E-02 1.491603571E+02 2.976468820E-01 4.299829713E+01
2.930000000E-02 9.199087846E-01 2.838487627E-01 4.231399317E+01
2.977390000E-02 9.081818001E-01 2.706894973E-01 4.164049721E+01
3.025550000E-02 8.973072279E-01 2.581395950E-01 4.097767348E+01
3.074490000E-02 8.856926415E-01 2.442889875E-01 4.032538730E+01
3.124210000E-02 8.776861717E-01 2.279905780E-01 3.968363202E+01
3.174750000E-02 8.723625102E-01 2.127764096E-01 3.905189385E+01
3.226090000E-02 8.687119279E-01 1.985797487E-01 3.843042197E+01
3.278270000E-02 8.662326348E-01 1.853300089E-01 3.781872756E+01
3.331300000E-02 8.646274799E-01 1.729626771E-01 3.721670219E+01
3.385180000E-02 8.636424557E-01 1.614224868E-01 3.662434494E+01
3.439930000E-02 8.629825826E-01 1.506511777E-01 3.604143108E+01
3.495570000E-02 8.620177971E-01 1.404320922E-01 3.546774918E+01
3.552110000E-02 8.619818928E-01 1.286344537E-01 3.490319838E+01
3.609560000E-02 8.634423424E-01 1.178279835E-01 3.434767673E+01
3.667940000E-02 8.657256404E-01 1.079300568E-01 3.380098911E+01
3.727270000E-02 8.684943453E-01 9.886311772E-02 3.326295117E+01
3.787550000E-02 8.716001410E-01 9.055795890E-02 3.273356127E+01
3.848820000E-02 8.749371257E-01 8.295043413E-02 3.221247032E+01
3.911070000E-02 8.784258745E-01 7.598217747E-02 3.169976503E+01
3.974320000E-02 8.820049937E-01 6.959951332E-02 3.119527366E+01
4.038610000E-02 8.856260404E-01 6.375239296E-02 3.069868098E+01
4.103930000E-02 8.892452350E-01 5.839682330E-02 3.021006694E+01
4.170310000E-02 8.928258792E-01 5.349108081E-02 2.972920478E+01
4.237760000E-02 8.963091661E-01 4.899755467E-02 2.925602205E+01
4.306300000E-02 8.995876157E-01 4.488152046E-02 2.879037689E+01
4.375950000E-02 9.027245175E-01 4.063443689E-02 2.833213359E+01
4.446730000E-02 9.061853586E-01 3.661887933E-02 2.788116211E+01
4.518650000E-02 9.097289608E-01 3.300033348E-02 2.743739834E+01
4.591740000E-02 9.132652669E-01 2.973919198E-02 2.700065770E+01
4.666000000E-02 9.167509839E-01 2.680047170E-02 2.657093871E+01
4.741470000E-02 9.201630799E-01 2.415206839E-02 2.614800895E+01
4.818160000E-02 9.234851215E-01 2.176536771E-02 2.573181463E+01
4.896090000E-02 9.267082990E-01 1.961458362E-02 2.532224694E+01
4.975280000E-02 9.298255952E-01 1.767627992E-02 2.491920053E+01
5.055760000E-02 9.328357266E-01 1.592945963E-02 2.452252480E+01
5.137530000E-02 9.357389559E-01 1.435536547E-02 2.413221918E+01
5.220620000E-02 9.385370420E-01 1.294992551E-02 2.374813719E+01
5.305060000E-02 9.412121226E-01 1.168902865E-02 2.337014096E+01
5.390870000E-02 9.437732713E-01 1.055087826E-02 2.299814316E+01
5.478060000E-02 9.462270222E-01 9.523561316E-03 2.263209968E+01
5.566670000E-02 9.485776786E-01 8.596214019E-03 2.227184295E+01
5.656700000E-02 9.508290255E-01 7.759250608E-03 2.191737232E+01
5.748200000E-02 9.529852173E-01 7.003712038E-03 2.156849101E+01
5.841170000E-02 9.550508546E-01 6.321793856E-03 2.122519975E+01
5.935640000E-02 9.570311131E-01 5.706247476E-03 2.088738535E+01
6.031650000E-02 9.589282459E-01 5.158095461E-03 2.055490620E+01
6.129210000E-02 9.607401700E-01 4.664162503E-03 2.022772919E+01
6.228340000E-02 9.624747055E-01 4.217570500E-03 1.990578549E+01
6.329080000E-02 9.641376890E-01 3.813745744E-03 1.958894500E+01
6.431450000E-02 9.657342592E-01 3.448553428E-03 1.927714590E+01
6.535470000E-02 9.672726186E-01 3.118347916E-03 1.897032654E+01
6.641180000E-02 9.687718021E-01 2.819768986E-03 1.866836918E+01
6.748590000E-02 9.702093890E-01 2.621614880E-03 1.837124496E+01
6.857750000E-02 9.715481373E-01 2.448337050E-03 1.807881594E+01
6.968670000E-02 9.728127149E-01 2.286510693E-03 1.779105626E+01
7.081380000E-02 9.740220817E-01 2.135389506E-03 1.750788688E+01
7.195910000E-02 9.751833481E-01 2.003270238E-03 1.722923161E+01
7.312300000E-02 9.763110508E-01 1.898140989E-03 1.695499364E+01
7.430570000E-02 9.773663798E-01 1.823851263E-03 1.668512644E+01
7.550760000E-02 9.783726698E-01 1.752467575E-03 1.641953923E+01
7.672890000E-02 9.793288078E-01 1.708997976E-03 1.615818811E+01
7.796990000E-02 9.802300077E-01 1.667948973E-03 1.590100795E+01
7.923100000E-02 9.810854974E-01 1.627885220E-03 1.564791559E+01
8.051250000E-02 9.819030993E-01 1.588783362E-03 1.539885111E+01
8.181470000E-02 9.826837906E-01 1.556692240E-03 1.515375599E+01
8.313800000E-02 9.834283357E-01 1.525476990E-03 1.491255503E+01
8.448270000E-02 9.841404133E-01 1.494886314E-03 1.467519386E+01
8.584910000E-02 9.848235072E-01 1.464911992E-03 1.444161907E+01
8.723770000E-02 9.854823179E-01 1.437240330E-03 1.421174561E+01
8.864870000E-02 9.861121103E-01 1.415572744E-03 1.398554068E+01
9.008250000E-02 9.867145476E-01 1.394229625E-03 1.376293953E+01
9.153950000E-02 9.872926411E-01 1.373210627E-03 1.354387996E+01
9.302010000E-02 9.878480645E-01 1.352506442E-03 1.332830216E+01
9.452460000E-02 9.883821300E-01 1.332116777E-03 1.311616235E+01
9.605350000E-02 9.888953863E-01 1.312030125E-03 1.290739015E+01
9.760710000E-02 9.893901066E-01 1.289364223E-03 1.270194484E+01
9.918580000E-02 9.898693825E-01 1.266385104E-03 1.249977315E+01
1.007900000E-01 9.903335216E-01 1.243819696E-03 1.230082349E+01
1.024200000E-01 9.907833201E-01 1.221654940E-03 1.210505761E+01
1.040770000E-01 9.912198720E-01 1.199885238E-03 1.191233414E+01
1.057600000E-01 9.916440036E-01 1.178510149E-03 1.172276853E+01
1.074710000E-01 9.920573247E-01 1.157495768E-03 1.153613533E+01
1.092090000E-01 9.924608135E-01 1.138155289E-03 1.135254420E+01
1.109750000E-01 9.928542489E-01 1.119864575E-03 1.117188556E+01
1.127700000E-01 9.932394758E-01 1.101856837E-03 1.099405870E+01
1.145940000E-01 9.936187889E-01 1.084142276E-03 1.081906557E+01
1.164480000E-01 9.939965637E-01 1.066702004E-03 1.064681231E+01
1.183310000E-01 9.943730641E-01 1.058070910E-03 1.047738970E+01
1.202450000E-01 9.947478322E-01 1.052618103E-03 1.031061583E+01
1.221900000E-01 9.951231915E-01 1.059770751E-03 1.014649317E+01
1.241660000E-01 9.955065908E-01 1.070040076E-03 9.985020054E+00
1.261750000E-01 9.958990532E-01 1.118460438E-03 9.826035268E+00
1.282150000E-01 9.963276261E-01 1.181402839E-03 9.669695433E+00
1.302890000E-01 9.966585667E-01 1.447674559E-03 9.515768791E+00
1.323970000E-01 9.967930354E-01 1.556420605E-03 9.364260519E+00
1.345380000E-01 9.970203313E-01 1.555511372E-03 9.215240304E+00
1.367140000E-01 9.973125727E-01 1.594391842E-03 9.068566496E+00
1.389250000E-01 9.976255885E-01 1.643950535E-03 8.924239698E+00
1.411720000E-01 9.979347818E-01 1.772905009E-03 8.782194770E+00
1.434560000E-01 9.982169956E-01 1.917492468E-03 8.642371180E+00
1.457760000E-01 9.984832120E-01 2.099051383E-03 8.504829327E+00
1.481340000E-01 9.986952955E-01 2.316025251E-03 8.369449282E+00
1.505300000E-01 9.988421438E-01 2.515726147E-03 8.236231980E+00
1.529640000E-01 9.989796234E-01 2.701599141E-03 8.105175074E+00
1.554390000E-01 9.990974451E-01 2.901133505E-03 7.976119249E+00
1.579530000E-01 9.991632853E-01 3.115455703E-03 7.849170323E+00
1.605070000E-01 9.991768239E-01 3.269331097E-03 7.724273708E+00
1.631030000E-01 9.992024256E-01 3.398561284E-03 7.601331674E+00
1.657420000E-01 9.992253842E-01 3.532846922E-03 7.480300708E+00
1.684220000E-01 9.992085218E-01 3.655755663E-03 7.361271093E+00
1.711460000E-01 9.992016575E-01 3.740789367E-03 7.244107370E+00
1.739150000E-01 9.991957152E-01 3.827762215E-03 7.128769801E+00
1.767270000E-01 9.991791469E-01 3.916831998E-03 7.015340044E+00
1.795860000E-01 9.991321182E-01 4.007914979E-03 6.903656187E+00
1.824910000E-01 9.990788227E-01 4.040612083E-03 6.793759692E+00
1.854420000E-01 9.990386010E-01 4.069761024E-03 6.685648343E+00
1.884420000E-01 9.990022916E-01 4.099021957E-03 6.579212702E+00
1.914890000E-01 9.989542382E-01 4.128588008E-03 6.474523341E+00
1.945870000E-01 9.989049687E-01 4.128865251E-03 6.371443108E+00
1.977340000E-01 9.988639321E-01 4.126469986E-03 6.270039548E+00
2.009320000E-01 9.988245237E-01 4.124101839E-03 6.170246651E+00
2.041820000E-01 9.987851709E-01 4.115806933E-03 6.072033774E+00
2.074850000E-01 9.987458099E-01 4.107139195E-03 5.975371714E+00
2.108400000E-01 9.987022346E-01 4.098571208E-03 5.880288370E+00
2.142510000E-01 9.986389751E-01 4.089926003E-03 5.786670774E+00
2.177160000E-01 9.985802405E-01 4.042384315E-03 5.694574583E+00
2.212370000E-01 9.985367173E-01 3.994498226E-03 5.603945091E+00
2.248160000E-01 9.984990763E-01 3.947128494E-03 5.514732048E+00
2.284520000E-01 9.984635614E-01 3.900354527E-03 5.426960587E+00
2.321470000E-01 9.984249586E-01 3.851929264E-03 5.340581614E+00
2.359020000E-01 9.983919633E-01 3.794828713E-03 5.255572229E+00
2.397170000E-01 9.983636055E-01 3.738587758E-03 5.171931903E+00
2.435950000E-01 9.983378458E-01 3.683134301E-03 5.089595435E+00
2.475350000E-01 9.983132993E-01 3.628541150E-03 5.008584645E+00
2.515380000E-01 9.982892117E-01 3.574755965E-03 4.928877545E+00
2.556070000E-01 9.982651348E-01 3.521940459E-03 4.850414895E+00
2.597410000E-01 9.982391433E-01 3.470962196E-03 4.773216396E+00
2.639420000E-01 9.982098481E-01 3.420695816E-03 4.697244092E+00
2.682110000E-01 9.981748150E-01 3.371168877E-03 4.622480062E+00
2.725490000E-01 9.981235966E-01 3.320580333E-03 4.548906802E+00
2.769570000E-01 9.980780413E-01 3.237708351E-03 4.476507183E+00
2.814370000E-01 9.980417856E-01 3.156898674E-03 4.405248777E+00
2.859890000E-01 9.980068087E-01 3.078094402E-03 4.335131771E+00
2.906150000E-01 9.979571247E-01 2.987925425E-03 4.266125286E+00
2.953150000E-01 9.979319497E-01 2.872161008E-03 4.198229010E+00
3.000920000E-01 9.979243274E-01 2.760860580E-03 4.131399704E+00
3.049450000E-01 9.979290617E-01 2.653893507E-03 4.065651183E+00
3.098780000E-01 9.979438615E-01 2.556407557E-03 4.000929398E+00
3.148900000E-01 9.979585769E-01 2.468035503E-03 3.937247928E+00
3.199830000E-01 9.979742081E-01 2.382708526E-03 3.874580837E+00
3.251580000E-01 9.979914309E-01 2.300361326E-03 3.812915567E+00
3.304180000E-01 9.980101771E-01 2.220855165E-03 3.752216889E+00
3.357620000E-01 9.980302219E-01 2.144101385E-03 3.692496471E+00
3.411920000E-01 9.980514034E-01 2.069996316E-03 3.633731154E+00
3.467110000E-01 9.980734908E-01 1.998450455E-03 3.575888853E+00
3.523190000E-01 9.980962429E-01 1.929381909E-03 3.518970024E+00
3.580170000E-01 9.981194719E-01 1.862690075E-03 3.462964049E+00
3.638080000E-01 9.981429640E-01 1.798287237E-03 3.407841499E+00
3.696920000E-01 9.981664267E-01 1.736118777E-03 3.353602458E+00
3.756720000E-01 9.981895604E-01 1.676084706E-03 3.300219340E+00
3.817480000E-01 9.982116770E-01 1.618150996E-03 3.247692195E+00
3.879220000E-01 9.982313265E-01 1.560913568E-03 3.196003320E+00
3.941970000E-01 9.982494275E-01 1.502886046E-03 3.145127944E+00
4.005730000E-01 9.982686134E-01 1.440153040E-03 3.095066318E+00
4.070520000E-01 9.982930683E-01 1.377438248E-03 3.045802502E+00
4.136350000E-01 9.983204134E-01 1.317462136E-03 2.997328563E+00
4.203260000E-01 9.983494261E-01 1.260093286E-03 2.949615299E+00
4.271240000E-01 9.983794809E-01 1.205230108E-03 2.902669951E+00
4.340320000E-01 9.984102517E-01 1.152725461E-03 2.856471412E+00
4.410520000E-01 9.984414506E-01 1.102523601E-03 2.811006412E+00
4.481860000E-01 9.984724945E-01 1.054402039E-03 2.766262221E+00
4.554350000E-01 9.985037887E-01 1.007836029E-03 2.722232591E+00
4.628020000E-01 9.985353477E-01 9.629206233E-04 2.678899400E+00
4.702870000E-01 9.985672174E-01 9.198137590E-04 2.636262538E+00
4.778940000E-01 9.985991768E-01 8.786814563E-04 2.594299154E+00
4.856230000E-01 9.986310161E-01 8.393535515E-04 2.553009227E+00
4.934780000E-01 9.986626718E-01 8.017716444E-04 2.512371372E+00
5.014590000E-01 9.986940309E-01 7.658765606E-04 2.472385579E+00
5.095700000E-01 9.987249991E-01 7.315933805E-04 2.433031772E+00
5.178120000E-01 9.987553955E-01 6.987857806E-04 2.394305269E+00
5.261870000E-01 9.987852535E-01 6.672280540E-04 2.356196561E+00
5.346980000E-01 9.988147192E-01 6.366507659E-04 2.318692047E+00
5.433460000E-01 9.988440416E-01 6.072698900E-04 2.281787296E+00
5.521340000E-01 9.988729411E-01 5.792549648E-04 2.245469397E+00
5.610650000E-01 9.989013984E-01 5.521908028E-04 2.209726146E+00
5.701390000E-01 9.989295977E-01 5.262345396E-04 2.174557432E+00
5.793610000E-01 9.989575123E-01 5.014822181E-04 2.139943835E+00
5.887320000E-01 9.989849902E-01 4.779144596E-04 2.105881793E+00
5.982540000E-01 9.990119701E-01 4.554667995E-04 2.072363912E+00
6.079300000E-01 9.990384048E-01 4.340769743E-04 2.039379534E+00
6.177630000E-01 9.990642601E-01 4.136865071E-04 2.006918511E+00
6.277550000E-01 9.990894006E-01 3.942260907E-04 1.974974313E+00
6.379080000E-01 9.991138938E-01 3.753619652E-04 1.943540448E+00
6.482260000E-01 9.991379496E-01 3.569463763E-04 1.912604555E+00
6.587110000E-01 9.991619804E-01 3.391491238E-04 1.882160765E+00
6.693650000E-01 9.991859539E-01 3.222415339E-04 1.852203208E+00
6.801910000E-01 9.992097248E-01 3.068147463E-04 1.822723323E+00
6.911930000E-01 9.992325891E-01 2.925971376E-04 1.793710295E+00
7.023720000E-01 9.992542010E-01 2.791171339E-04 1.765161481E+00
7.137330000E-01 9.992750343E-01 2.657073282E-04 1.737064140E+00
7.252770000E-01 9.992956712E-01 2.525786231E-04 1.709415851E+00
7.370080000E-01 9.993159821E-01 2.400955973E-04 1.682206977E+00
7.489280000E-01 9.993358629E-01 2.282330240E-04 1.655432832E+00
7.610420000E-01 9.993552701E-01 2.169539872E-04 1.629082232E+00
7.733510000E-01 9.993741782E-01 2.062034935E-04 1.603153031E+00
7.858590000E-01 9.993926088E-01 1.959023077E-04 1.577636701E+00
7.985700000E-01 9.994106530E-01 1.860477000E-04 1.552525139E+00
8.114860000E-01 9.994282822E-01 1.766879377E-04 1.527814405E+00
8.246110000E-01 9.994454801E-01 1.677996953E-04 1.503496800E+00
8.379490000E-01 9.994622347E-01 1.593586339E-04 1.479564985E+00
8.515020000E-01 9.994785512E-01 1.513290013E-04 1.456015370E+00
8.652740000E-01 9.994944374E-01 1.436920856E-04 1.432840927E+00
8.792690000E-01 9.995099075E-01 1.364306527E-04 1.410034927E+00
8.934910000E-01 9.995249655E-01 1.295342035E-04 1.387590921E+00
9.079430000E-01 9.995396061E-01 1.229866039E-04 1.365504222E+00
9.226280000E-01 9.995538166E-01 1.167701636E-04 1.343770187E+00
9.375510000E-01 9.995676383E-01 1.107991974E-04 1.322381396E+00
9.527150000E-01 9.995810968E-01 1.051158606E-04 1.301333557E+00
9.681240000E-01 9.995942099E-01 9.970942773E-05 1.280621077E+00
9.837830000E-01 9.996069703E-01 9.458250378E-05 1.260237268E+00
9.996950000E-01 9.996193799E-01 8.971994769E-05 1.240178254E+00
1.015860000E+00 9.996314434E-01 8.510911608E-05 1.220443762E+00
1.032290000E+00 9.996431444E-01 8.075353653E-05 1.201019093E+00
1.048990000E+00 9.996544969E-01 7.658990012E-05 1.181898779E+00
1.065960000E+00 9.996655467E-01 7.260918169E-05 1.163083043E+00
1.083200000E+00 9.996762940E-01 6.883675094E-05 1.144571640E+00
1.100720000E+00 9.996867394E-01 6.526053288E-05 1.126353659E+00
1.118520000E+00 9.996968855E-01 6.187066451E-05 1.108428995E+00
1.136610000E+00 9.997067424E-01 5.865513528E-05 1.090787517E+00
1.155000000E+00 9.997163197E-01 5.560687131E-05 1.073419913E+00
1.173680000E+00 9.997256132E-01 5.271900809E-05 1.056335628E+00
1.192660000E+00 9.997346354E-01 4.997895740E-05 1.039525095E+00
1.211950000E+00 9.997433963E-01 4.738203737E-05 1.022979496E+00
1.231550000E+00 9.997518921E-01 4.492161321E-05 1.006698875E+00
1.251470000E+00 9.997601358E-01 4.257124694E-05 9.906749662E-01
1.271720000E+00 9.997681450E-01 4.032807434E-05 9.749001352E-01
1.292290000E+00 9.997759387E-01 3.818578108E-05 9.593821820E-01
1.313190000E+00 9.997835205E-01 3.615601609E-05 9.441131900E-01
1.334430000E+00 9.997908960E-01 3.423424956E-05 9.290858269E-01
1.356010000E+00 9.997980666E-01 3.241532562E-05 9.143000420E-01
1.377940000E+00 9.998050406E-01 3.069311679E-05 8.997489005E-01
1.400230000E+00 9.998118253E-01 2.906233431E-05 8.854259657E-01
1.422880000E+00 9.998184263E-01 2.751857283E-05 8.713313842E-01
1.445890000E+00 9.998248506E-01 2.605641170E-05 8.574649524E-01
1.469280000E+00 9.998311098E-01 2.467195321E-05 8.438146575E-01
1.493040000E+00 9.998372078E-01 2.336198484E-05 8.303863259E-01
1.517190000E+00 9.998431566E-01 2.212324701E-05 8.171685814E-01
1.541730000E+00 9.998489640E-01 2.095076627E-05 8.041615588E-01
1.566670000E+00 9.998546409E-01 1.984063872E-05 7.913600184E-01
1.592010000E+00 9.998601987E-01 1.878987962E-05 7.787639525E-01
1.617760000E+00 9.998656507E-01 1.779473444E-05 7.663683117E-01
1.643920000E+00 9.998710130E-01 1.685227035E-05 7.541729525E-01
1.670510000E+00 9.998763076E-01 1.595917245E-05 7.421685593E-01
1.697530000E+00 9.998815572E-01 1.511345893E-05 7.303552809E-01
1.724990000E+00 9.998868026E-01 1.431260699E-05 7.187288042E-01
1.752890000E+00 9.998920765E-01 1.356894218E-05 7.072891054E-01
1.781240000E+00 9.998974375E-01 1.286886283E-05 6.960319777E-01
1.810050000E+00 9.999029904E-01 1.220832108E-05 6.849534543E-01
1.839320000E+00 9.999089162E-01 1.158180180E-05 6.740534545E-01
1.869070000E+00 9.999155923E-01 1.098732195E-05 6.633245411E-01
1.899300000E+00 9.999240377E-01 1.042332595E-05 6.527668088E-01
1.930020000E+00 9.999403051E-01 9.888282451E-06 6.423767629E-01
1.939500000E+00 9.999827083E-01 9.730449484E-06 6.392369167E-01
1.939700000E+00 9.999826990E-01 3.851785403E-05 6.391710058E-01
1.961240000E+00 9.999357650E-01 3.671049785E-05 6.321510881E-01
1.992960000E+00 9.999345749E-01 3.423461826E-05 6.220897559E-01
2.006700000E+00 9.999533903E-01 3.322592745E-05 6.178302686E-01
2.006900000E+00 9.999533558E-01 4.628295353E-05 6.177686980E-01
2.025200000E+00 9.999312617E-01 4.489733315E-05 6.121864507E-01
2.057950000E+00 9.999266899E-01 4.254892026E-05 6.024441799E-01
2.091240000E+00 9.999251879E-01 4.032308293E-05 5.928540005E-01
2.125060000E+00 9.999249854E-01 3.821344038E-05 5.834188211E-01
2.159430000E+00 9.999256749E-01 3.621442033E-05 5.741329888E-01
2.194360000E+00 9.999275405E-01 3.431876847E-05 5.649938934E-01
2.216200000E+00 9.999358027E-01 3.319849051E-05 5.594260446E-01
2.216400000E+00 9.999357894E-01 3.813673004E-05 5.593755640E-01
2.229850000E+00 9.999287279E-01 3.735646379E-05 5.560015248E-01
2.265920000E+00 9.999275578E-01 3.536348623E-05 5.471508262E-01
2.302570000E+00 9.999277832E-01 3.347155098E-05 5.384418280E-01
2.339810000E+00 9.999284750E-01 3.167494492E-05 5.298720836E-01
2.377660000E+00 9.999294304E-01 2.996891229E-05 5.214370431E-01
2.416110000E+00 9.999305557E-01 2.835136666E-05 5.131388885E-01
2.455190000E+00 9.999318004E-01 2.681653797E-05 5.049711020E-01
2.494900000E+00 9.999331290E-01 2.536130390E-05 4.969337448E-01
2.535260000E+00 9.999345186E-01 2.398067464E-05 4.890228221E-01
2.576260000E+00 9.999359500E-01 2.267239503E-05 4.812402475E-01
2.617930000E+00 9.999374103E-01 2.143259818E-05 4.735802714E-01
2.660270000E+00 9.999388872E-01 2.025882780E-05 4.660429205E-01
2.703300000E+00 9.999403727E-01 1.914566500E-05 4.586246440E-01
2.747030000E+00 9.999418602E-01 1.809137013E-05 4.513237933E-01
2.791460000E+00 9.999433436E-01 1.709351856E-05 4.441403423E-01
2.836610000E+00 9.999448173E-01 1.614951233E-05 4.370710108E-01
2.882490000E+00 9.999462776E-01 1.525505393E-05 4.301142415E-01
2.929110000E+00 9.999477216E-01 1.440861419E-05 4.232685014E-01
2.976480000E+00 9.999491470E-01 1.360788284E-05 4.165322797E-01
3.024630000E+00 9.999505512E-01 1.285060097E-05 4.099013764E-01
3.073550000E+00 9.999519320E-01 1.213387200E-05 4.033772023E-01
3.123260000E+00 9.999532883E-01 1.145634824E-05 3.969570257E-01
3.173780000E+00 9.999546193E-01 1.081523441E-05 3.906382925E-01
3.225110000E+00 9.999559235E-01 1.020948825E-05 3.844209965E-01
3.277270000E+00 9.999572004E-01 9.636766360E-06 3.783026727E-01
3.330280000E+00 9.999584493E-01 9.095575672E-06 3.722810094E-01
3.384150000E+00 9.999596702E-01 8.583816508E-06 3.663549193E-01
3.438880000E+00 9.999608624E-01 8.100280977E-06 3.605243568E-01
3.494500000E+00 9.999620265E-01 7.643161161E-06 3.547860924E-01
3.551020000E+00 9.999631622E-01 7.211737074E-06 3.491391206E-01
3.608460000E+00 9.999642692E-01 6.804079907E-06 3.435814724E-01
3.666820000E+00 9.999653479E-01 6.419014974E-06 3.381131335E-01
3.726130000E+00 9.999663987E-01 6.055306382E-06 3.327312788E-01
3.786400000E+00 9.999674217E-01 5.711843968E-06 3.274350306E-01
3.847640000E+00 9.999684173E-01 5.387494801E-06 3.222234928E-01
3.909870000E+00 9.999693859E-01 5.081280383E-06 3.170949418E-01
3.973110000E+00 9.999703279E-01 4.792208775E-06 3.120477409E-01
4.037380000E+00 9.999712439E-01 4.519304374E-06 3.070803343E-01
4.102680000E+00 9.999721339E-01 4.261732720E-06 3.021927131E-01
4.169030000E+00 9.999729987E-01 4.018627277E-06 2.973833242E-01
4.236460000E+00 9.999738389E-01 3.789193810E-06 2.926499955E-01
4.304980000E+00 9.999746547E-01 3.572697375E-06 2.879920464E-01
4.374620000E+00 9.999754471E-01 3.368382226E-06 2.834074731E-01
4.445370000E+00 9.999762160E-01 3.175621173E-06 2.788969197E-01
4.517270000E+00 9.999769624E-01 2.993720162E-06 2.744578031E-01
4.590330000E+00 9.999776866E-01 2.822173278E-06 2.700895143E-01
4.664580000E+00 9.999783893E-01 2.660300359E-06 2.657902748E-01
4.740030000E+00 9.999790710E-01 2.507631122E-06 2.615595260E-01
4.816690000E+00 9.999797321E-01 2.363623803E-06 2.573966770E-01
4.894600000E+00 9.999803732E-01 2.227795623E-06 2.532995546E-01
4.973770000E+00 9.999809949E-01 2.099718266E-06 2.492676581E-01
5.054210000E+00 9.999815975E-01 1.978920305E-06 2.453004525E-01
5.135960000E+00 9.999821818E-01 1.865010085E-06 2.413959610E-01
5.219030000E+00 9.999827481E-01 1.757593376E-06 2.375537217E-01
5.303440000E+00 9.999832969E-01 1.656325377E-06 2.337727965E-01
5.389220000E+00 9.999838288E-01 1.560813269E-06 2.300518442E-01
5.476390000E+00 9.999843443E-01 1.470773155E-06 2.263900124E-01
5.564970000E+00 9.999848436E-01 1.385893752E-06 2.227864661E-01
5.654980000E+00 9.999853275E-01 1.305853728E-06 2.192403863E-01
5.746440000E+00 9.999857962E-01 1.230444465E-06 2.157509693E-01
5.839390000E+00 9.999862503E-01 1.159318676E-06 2.123166975E-01
5.933830000E+00 9.999866901E-01 1.092288866E-06 2.089375665E-01
6.029810000E+00 9.999871161E-01 1.029107926E-06 2.056117854E-01
6.127330000E+00 9.999875286E-01 9.695770436E-07 2.023393550E-01
6.226440000E+00 9.999879282E-01 9.134495807E-07 1.991185975E-01
6.327150000E+00 9.999883152E-01 8.605596384E-07 1.959492030E-01
6.429480000E+00 9.999886899E-01 8.107064929E-07 1.928305244E-01
6.533480000E+00 9.999890528E-01 7.637203261E-07 1.897610462E-01
6.639150000E+00 9.999894041E-01 7.194522221E-07 1.867407725E-01
6.746540000E+00 9.999897443E-01 6.777223261E-07 1.837682723E-01
6.855650000E+00 9.999900737E-01 6.384066036E-07 1.808435378E-01
6.966540000E+00 9.999903926E-01 6.013650071E-07 1.779649582E-01
7.079220000E+00 9.999907014E-01 5.664546314E-07 1.751322886E-01
7.193720000E+00 9.999910004E-01 5.335473973E-07 1.723447674E-01
7.310070000E+00 9.999912897E-01 5.025711909E-07 1.696016591E-01
7.428310000E+00 9.999915699E-01 4.733732518E-07 1.669020275E-01
7.548450000E+00 9.999918412E-01 4.458440671E-07 1.642456398E-01
7.670540000E+00 9.999921037E-01 4.199282944E-07 1.616313845E-01
7.794610000E+00 9.999923579E-01 3.954961670E-07 1.590586315E-01
7.920680000E+00 9.999926040E-01 3.724875195E-07 1.565269649E-01
8.048790000E+00 9.999928422E-01 3.508228212E-07 1.540355755E-01
8.178980000E+00 9.999930728E-01 3.304047925E-07 1.515836938E-01
8.311260000E+00 9.999932960E-01 3.111595512E-07 1.491711245E-01
8.445690000E+00 9.999935121E-01 2.930327121E-07 1.467967685E-01
8.582290000E+00 9.999937213E-01 2.759598345E-07 1.444602781E-01
8.721110000E+00 9.999939238E-01 2.598748617E-07 1.421608029E-01
8.862160000E+00 9.999941197E-01 2.447244150E-07 1.398981738E-01
9.005500000E+00 9.999943095E-01 2.304535135E-07 1.376714230E-01
9.151160000E+00 9.999944931E-01 2.170075306E-07 1.354800921E-01
9.299170000E+00 9.999946709E-01 2.043436415E-07 1.333237267E-01
9.449580000E+00 9.999948430E-01 1.924146856E-07 1.312015984E-01
9.602420000E+00 9.999950097E-01 1.811797774E-07 1.291132860E-01
9.757730000E+00 9.999951709E-01 1.705959124E-07 1.270582400E-01
9.915550000E+00 9.999953271E-01 1.606251949E-07 1.250359284E-01
1.007590000E+01 9.999954782E-01 1.512373202E-07 1.230460803E-01
1.023890000E+01 9.999956246E-01 1.423922028E-07 1.210872262E-01
1.040450000E+01 9.999957663E-01 1.340628826E-07 1.191599789E-01
1.057280000E+01 9.999959035E-01 1.262162945E-07 1.172631659E-01
1.074380000E+01 9.999960364E-01 1.188270967E-07 1.153967870E-01
1.091760000E+01 9.999961650E-01 1.118668993E-07 1.135597567E-01
1.109420000E+01 9.999962896E-01 1.053121277E-07 1.117520867E-01
1.127360000E+01 9.999964102E-01 9.913931676E-08 1.099737440E-01
1.145590000E+01 9.999965270E-01 9.332567509E-08 1.082237101E-01
1.164120000E+01 9.999966401E-01 8.784970656E-08 1.065010480E-01
1.182950000E+01 9.999967498E-01 8.269243413E-08 1.048057822E-01
1.202080000E+01 9.999968559E-01 7.783612101E-08 1.031378943E-01
1.221530000E+01 9.999969589E-01 7.326130053E-08 1.014956653E-01
1.241280000E+01 9.999970586E-01 6.895465019E-08 9.988076824E-02
1.261360000E+01 9.999971553E-01 6.489775653E-08 9.829073381E-02
1.281760000E+01 9.999972490E-01 6.107777164E-08 9.672637623E-02
1.302500000E+01 9.999973400E-01 5.747947655E-08 9.518618042E-02
1.323560000E+01 9.999974283E-01 5.409238264E-08 9.367161292E-02
1.344970000E+01 9.999975140E-01 5.090200548E-08 9.218049473E-02
1.366720000E+01 9.999975972E-01 4.789808985E-08 9.071353313E-02
1.388830000E+01 9.999976783E-01 4.506899036E-08 8.926938502E-02
1.411290000E+01 9.999977572E-01 4.240536578E-08 8.784870579E-02
1.434120000E+01 9.999978342E-01 3.989686577E-08 8.645022732E-02
1.457310000E+01 9.999979096E-01 3.753528189E-08 8.507455517E-02
1.480890000E+01 9.999979837E-01 3.531092707E-08 8.371992518E-02
1.504840000E+01 9.999980570E-01 3.321698186E-08 8.238749635E-02
1.529180000E+01 9.999981306E-01 3.124535331E-08 8.107613231E-02
1.553910000E+01 9.999982065E-01 2.938909174E-08 7.978583058E-02
1.579040000E+01 9.999982902E-01 2.764128318E-08 7.851606039E-02
1.604580000E+01 9.999984228E-01 2.599567795E-08 7.726632514E-02
1.610450000E+01 9.999987433E-01 2.563514244E-08 7.698469372E-02
1.610470000E+01 9.999987433E-01 1.784638512E-07 7.698373767E-02
1.630540000E+01 9.999984098E-01 1.708628589E-07 7.603615980E-02
1.656910000E+01 9.999984190E-01 1.614949702E-07 7.482603159E-02
1.683710000E+01 9.999984469E-01 1.526120070E-07 7.363500840E-02
1.710940000E+01 9.999984810E-01 1.441927528E-07 7.246309046E-02
1.738610000E+01 9.999985178E-01 1.362142297E-07 7.130983947E-02
1.766740000E+01 9.999985560E-01 1.286539732E-07 7.017444559E-02
1.795310000E+01 9.999985945E-01 1.214955869E-07 6.905771148E-02
1.824350000E+01 9.999986330E-01 1.147166076E-07 6.795845096E-02
1.853860000E+01 9.999986713E-01 1.082990897E-07 6.687667893E-02
1.883840000E+01 9.999987090E-01 1.022260717E-07 6.581238322E-02
1.914310000E+01 9.999987462E-01 9.647917020E-08 6.476485000E-02
1.945270000E+01 9.999987827E-01 9.104304486E-08 6.373408319E-02
1.976740000E+01 9.999988184E-01 8.590020412E-08 6.271942694E-02
2.008710000E+01 9.999988534E-01 8.103825607E-08 6.172120416E-02
2.041200000E+01 9.999988875E-01 7.644125077E-08 6.073878111E-02
2.074210000E+01 9.999989208E-01 7.209653682E-08 5.977215422E-02
2.107760000E+01 9.999989533E-01 6.798979325E-08 5.882073860E-02
2.141850000E+01 9.999989849E-01 6.410963187E-08 5.788453907E-02
2.176500000E+01 9.999990157E-01 6.044343948E-08 5.696301401E-02
2.211700000E+01 9.999990457E-01 5.698094221E-08 5.605642718E-02
2.247470000E+01 9.999990748E-01 5.371095804E-08 5.516425136E-02
2.283820000E+01 9.999991032E-01 5.062296480E-08 5.428623972E-02
2.320760000E+01 9.999991307E-01 4.770769136E-08 5.342215481E-02
2.358300000E+01 9.999991575E-01 4.495542747E-08 5.257176780E-02
2.396440000E+01 9.999991835E-01 4.235799627E-08 5.173507369E-02
2.435200000E+01 9.999992088E-01 3.990667987E-08 5.091162943E-02
2.474590000E+01 9.999992333E-01 3.759380197E-08 5.010122889E-02
2.514620000E+01 9.999992571E-01 3.541148326E-08 4.930367213E-02
2.555290000E+01 9.999992802E-01 3.335291918E-08 4.851895480E-02
2.596620000E+01 9.999993026E-01 3.141129241E-08 4.774668608E-02
2.638610000E+01 9.999993244E-01 2.958045951E-08 4.698686051E-02
2.681290000E+01 9.999993455E-01 2.785374600E-08 4.623893723E-02
2.724660000E+01 9.999993659E-01 2.622568447E-08 4.550292514E-02
2.768730000E+01 9.999993858E-01 2.469070086E-08 4.477865303E-02
2.813510000E+01 9.999994050E-01 2.324398946E-08 4.406595320E-02
2.859020000E+01 9.999994237E-01 2.188021552E-08 4.336450952E-02
2.905260000E+01 9.999994417E-01 2.059495767E-08 4.267432175E-02
2.952250000E+01 9.999994592E-01 1.938386672E-08 4.199508849E-02
3.000000000E+01 0.000000000E+00 0.000000000E+00 4.132666667E-02
