# 11/08/2021 
# Data retrieved from www.chemicool.com/densities.html 
# Includes the real (n) and complex (k) part of the  refractive index. 
# Element, Tc  (Z = 43) 
# Nominal density, g cm-3 =  11.5 
#    E [keV]      n       k    Wavelength [nm] 
1.000000000E-02 -1.991417685E+01 9.982295465E-01 1.239800000E+02
1.016170000E-02 4.718389048E+03 5.785512741E-01 1.220071445E+02
1.032610000E-02 4.569375349E+03 5.877848354E-01 1.200646904E+02
1.049310000E-02 4.425119091E+03 5.971742229E-01 1.181538344E+02
1.066280000E-02 4.285418699E+03 6.067129370E-01 1.162733991E+02
1.083530000E-02 4.150087105E+03 6.163960818E-01 1.144223049E+02
1.101060000E-02 4.019023400E+03 6.262354082E-01 1.126005849E+02
1.118860000E-02 3.892194478E+03 6.362466834E-01 1.108092165E+02
1.136960000E-02 3.769287773E+03 6.464013590E-01 1.090451731E+02
1.155350000E-02 3.650280910E+03 6.535055902E-01 1.073094733E+02
1.174040000E-02 3.535017088E+03 6.567602653E-01 1.056011720E+02
1.193030000E-02 3.423407376E+03 6.600327745E-01 1.039202702E+02
1.212320000E-02 3.315361636E+03 6.633330695E-01 1.022667283E+02
1.231930000E-02 3.210684686E+03 6.666379310E-01 1.006388350E+02
1.251860000E-02 3.109299847E+03 6.703501388E-01 9.903663349E+01
1.272100000E-02 3.011176268E+03 6.745967884E-01 9.746089144E+01
1.292680000E-02 2.916092725E+03 6.788588873E-01 9.590927376E+01
1.313590000E-02 2.824025268E+03 6.831472698E-01 9.438256990E+01
1.334830000E-02 2.734899309E+03 6.864742147E-01 9.288074137E+01
1.356420000E-02 2.648561538E+03 6.876802129E-01 9.140236800E+01
1.378360000E-02 2.564947392E+03 6.888887394E-01 8.994747381E+01
1.400660000E-02 2.483955752E+03 6.900923445E-01 8.851541416E+01
1.423310000E-02 2.405558965E+03 6.913101013E-01 8.710681440E+01
1.446330000E-02 2.329625472E+03 6.918409390E-01 8.572040959E+01
1.469730000E-02 2.256066299E+03 6.916528979E-01 8.435562995E+01
1.493500000E-02 2.184855902E+03 6.914735583E-01 8.301305658E+01
1.517650000E-02 2.115906540E+03 6.912967236E-01 8.169208974E+01
1.542200000E-02 2.049108854E+03 6.911133274E-01 8.039164829E+01
1.567140000E-02 1.984438967E+03 6.880960191E-01 7.911226821E+01
1.592490000E-02 1.921794949E+03 6.815758094E-01 7.785292215E+01
1.618250000E-02 1.861129590E+03 6.751159803E-01 7.661362583E+01
1.644420000E-02 1.802394915E+03 6.687230479E-01 7.539436397E+01
1.671020000E-02 1.745500656E+03 6.623851019E-01 7.419420474E+01
1.698050000E-02 1.690403869E+03 6.560476120E-01 7.301316216E+01
1.725510000E-02 1.637060923E+03 6.494306118E-01 7.185122080E+01
1.753420000E-02 1.585391562E+03 6.428757103E-01 7.070753157E+01
1.781780000E-02 1.535356485E+03 6.363888915E-01 6.958210329E+01
1.810600000E-02 1.486899377E+03 6.299654606E-01 6.847453883E+01
1.839890000E-02 1.439966604E+03 6.236040030E-01 6.738446320E+01
1.869640000E-02 1.394536828E+03 6.173177216E-01 6.631223123E+01
1.899880000E-02 1.350528594E+03 6.110871702E-01 6.525675306E+01
1.930610000E-02 1.307908943E+03 5.988515834E-01 6.421804507E+01
1.961840000E-02 1.266631462E+03 5.868345389E-01 6.319577539E+01
1.993570000E-02 1.226664066E+03 5.750765784E-01 6.218994066E+01
2.025820000E-02 1.187950817E+03 5.636942085E-01 6.119990917E+01
2.058580000E-02 1.150473424E+03 5.525450576E-01 6.022598102E+01
2.091880000E-02 1.114168471E+03 5.416095091E-01 5.926726198E+01
2.125710000E-02 1.079018966E+03 5.308955008E-01 5.832404232E+01
2.160090000E-02 1.044976541E+03 5.203918709E-01 5.739575666E+01
2.195030000E-02 1.012005486E+03 5.100941781E-01 5.648214375E+01
2.230530000E-02 9.800802617E+02 5.000026497E-01 5.558320220E+01
2.266610000E-02 9.491582576E+02 4.897765103E-01 5.469842628E+01
2.303270000E-02 9.192157351E+02 4.768247754E-01 5.382781871E+01
2.340530000E-02 8.902134202E+02 4.642122697E-01 5.297090830E+01
2.378380000E-02 8.621363944E+02 4.519394339E-01 5.212791900E+01
2.416850000E-02 8.349404479E+02 4.399876142E-01 5.129817738E+01
2.455940000E-02 8.086048672E+02 4.283520385E-01 5.048168929E+01
2.495660000E-02 7.831023597E+02 4.153175501E-01 4.967824143E+01
2.536030000E-02 7.584006253E+02 4.014246038E-01 4.888743430E+01
2.577050000E-02 7.344807883E+02 3.879980597E-01 4.810927223E+01
2.618730000E-02 7.113182707E+02 3.750209101E-01 4.734355966E+01
2.661090000E-02 6.888841564E+02 3.624769066E-01 4.658993119E+01
2.704130000E-02 6.671611482E+02 3.503531953E-01 4.584838747E+01
2.747860000E-02 6.461270146E+02 3.372106455E-01 4.511874695E+01
2.792310000E-02 6.257513014E+02 3.227413113E-01 4.440051427E+01
2.837470000E-02 6.060229874E+02 3.088951246E-01 4.369385403E+01
2.883370000E-02 5.869137388E+02 2.956412086E-01 4.299829713E+01
2.930000000E-02 5.816806829E-01 2.829579489E-01 4.231399317E+01
2.977390000E-02 5.914053805E-01 2.706666160E-01 4.164049721E+01
3.025550000E-02 6.017775061E-01 2.561684617E-01 4.097767348E+01
3.074490000E-02 6.136947903E-01 2.424468518E-01 4.032538730E+01
3.124210000E-02 6.263762393E-01 2.294619416E-01 3.968363202E+01
3.174750000E-02 6.393237568E-01 2.170072226E-01 3.905189385E+01
3.226090000E-02 6.530351247E-01 2.044872309E-01 3.843042197E+01
3.278270000E-02 6.674933119E-01 1.926886049E-01 3.781872756E+01
3.331300000E-02 6.822959512E-01 1.812391977E-01 3.721670219E+01
3.385180000E-02 6.986798070E-01 1.696239715E-01 3.662434494E+01
3.439930000E-02 7.171495433E-01 1.590479571E-01 3.604143108E+01
3.495570000E-02 7.364316559E-01 1.510675019E-01 3.546774918E+01
3.552110000E-02 7.570938316E-01 1.441282391E-01 3.490319838E+01
3.609560000E-02 7.778712554E-01 1.403747685E-01 3.434767673E+01
3.667940000E-02 8.001551202E-01 1.387322121E-01 3.380098911E+01
3.727270000E-02 8.213230735E-01 1.394862689E-01 3.326295117E+01
3.787550000E-02 8.443497499E-01 1.449193919E-01 3.273356127E+01
3.848820000E-02 8.622842201E-01 1.540648341E-01 3.221247032E+01
3.911070000E-02 8.773839233E-01 1.637880074E-01 3.169976503E+01
3.974320000E-02 8.911549255E-01 1.741254711E-01 3.119527366E+01
4.038610000E-02 9.048922881E-01 1.860030633E-01 3.069868098E+01
4.103930000E-02 9.155005010E-01 2.022992576E-01 3.021006694E+01
4.170310000E-02 9.220571363E-01 2.200224100E-01 2.972920478E+01
4.237760000E-02 9.236623999E-01 2.392988964E-01 2.925602205E+01
4.306300000E-02 9.170031628E-01 2.576781852E-01 2.879037689E+01
4.375950000E-02 9.090962123E-01 2.693177960E-01 2.833213359E+01
4.446730000E-02 8.985285539E-01 2.792929748E-01 2.788116211E+01
4.518650000E-02 8.885439122E-01 2.863229629E-01 2.743739834E+01
4.591740000E-02 8.762402963E-01 2.935306903E-01 2.700065770E+01
4.666000000E-02 8.634349421E-01 2.940940295E-01 2.657093871E+01
4.741470000E-02 8.517546898E-01 2.946335316E-01 2.614800895E+01
4.818160000E-02 8.379810107E-01 2.931606103E-01 2.573181463E+01
4.896090000E-02 8.264822621E-01 2.882475035E-01 2.532224694E+01
4.975280000E-02 8.156945954E-01 2.834173372E-01 2.491920053E+01
5.055760000E-02 8.033489455E-01 2.786666602E-01 2.452252480E+01
5.137530000E-02 7.903633731E-01 2.674671660E-01 2.413221918E+01
5.220620000E-02 7.819383520E-01 2.548044529E-01 2.374813719E+01
5.305060000E-02 7.754459235E-01 2.427399707E-01 2.337014096E+01
5.390870000E-02 7.693584502E-01 2.312467058E-01 2.299814316E+01
5.478060000E-02 7.610362060E-01 2.175544562E-01 2.263209968E+01
5.566670000E-02 7.581758230E-01 1.990073686E-01 2.227184295E+01
5.656700000E-02 7.599064405E-01 1.824113631E-01 2.191737232E+01
5.748200000E-02 7.629318782E-01 1.692857177E-01 2.156849101E+01
5.841170000E-02 7.662204952E-01 1.571061668E-01 2.122519975E+01
5.935640000E-02 7.698099409E-01 1.458010032E-01 2.088738535E+01
6.031650000E-02 7.738807545E-01 1.349910283E-01 2.055490620E+01
6.129210000E-02 7.784191932E-01 1.249824473E-01 2.022772919E+01
6.228340000E-02 7.832438069E-01 1.157167051E-01 1.990578549E+01
6.329080000E-02 7.882380894E-01 1.071377524E-01 1.958894500E+01
6.431450000E-02 7.932956755E-01 9.919452039E-02 1.927714590E+01
6.535470000E-02 7.982651895E-01 9.184054493E-02 1.897032654E+01
6.641180000E-02 8.027640246E-01 8.459643464E-02 1.866836918E+01
6.748590000E-02 8.079420238E-01 7.718441968E-02 1.837124496E+01
6.857750000E-02 8.134565310E-01 7.042171340E-02 1.807881594E+01
6.968670000E-02 8.190196386E-01 6.425155446E-02 1.779105626E+01
7.081380000E-02 8.242753797E-01 5.825376084E-02 1.750788688E+01
7.195910000E-02 8.301406418E-01 5.232002036E-02 1.722923161E+01
7.312300000E-02 8.363440467E-01 4.699075984E-02 1.695499364E+01
7.430570000E-02 8.427361036E-01 4.254814440E-02 1.668512644E+01
7.550760000E-02 8.487572013E-01 3.872446929E-02 1.641953923E+01
7.672890000E-02 8.545215875E-01 3.524438957E-02 1.615818811E+01
7.796990000E-02 8.601494634E-01 3.207712198E-02 1.590100795E+01
7.923100000E-02 8.657571961E-01 2.937816104E-02 1.564791559E+01
8.051250000E-02 8.709037207E-01 2.710611525E-02 1.539885111E+01
8.181470000E-02 8.756697581E-01 2.500986270E-02 1.515375599E+01
8.313800000E-02 8.800148292E-01 2.300845249E-02 1.491255503E+01
8.448270000E-02 8.843616610E-01 2.067911207E-02 1.467519386E+01
8.584910000E-02 8.887762382E-01 1.858561329E-02 1.444161907E+01
8.723770000E-02 8.931735131E-01 1.674661790E-02 1.421174561E+01
8.864870000E-02 8.974149952E-01 1.512583604E-02 1.398554068E+01
9.008250000E-02 9.015040801E-01 1.366186863E-02 1.376293953E+01
9.153950000E-02 9.054407151E-01 1.233963611E-02 1.354387996E+01
9.302010000E-02 9.092607903E-01 1.108142711E-02 1.332830216E+01
9.452460000E-02 9.129954161E-01 9.948241447E-03 1.311616235E+01
9.605350000E-02 9.166565835E-01 8.930952958E-03 1.290739015E+01
9.760710000E-02 9.202069800E-01 8.109541884E-03 1.270194484E+01
9.918580000E-02 9.235835240E-01 7.390780308E-03 1.249977315E+01
1.007900000E-01 9.268435978E-01 6.735708279E-03 1.230082349E+01
1.024200000E-01 9.300838440E-01 6.183901154E-03 1.210505761E+01
1.040770000E-01 9.331194638E-01 5.851344188E-03 1.191233414E+01
1.057600000E-01 9.359824377E-01 5.554181855E-03 1.172276853E+01
1.074710000E-01 9.386819974E-01 5.316482059E-03 1.153613533E+01
1.092090000E-01 9.412614922E-01 5.089015007E-03 1.135254420E+01
1.109750000E-01 9.437300176E-01 4.937513043E-03 1.117188556E+01
1.127700000E-01 9.460625670E-01 4.809008339E-03 1.099405870E+01
1.145940000E-01 9.483001685E-01 4.713896545E-03 1.081906557E+01
1.164480000E-01 9.504057495E-01 4.651607589E-03 1.064681231E+01
1.183310000E-01 9.524043905E-01 4.590227741E-03 1.047738970E+01
1.202450000E-01 9.543243241E-01 4.532155908E-03 1.031061583E+01
1.221900000E-01 9.561505860E-01 4.505343181E-03 1.014649317E+01
1.241660000E-01 9.578849358E-01 4.478770238E-03 9.985020054E+00
1.261750000E-01 9.595419080E-01 4.452247578E-03 9.826035268E+00
1.282150000E-01 9.611344181E-01 4.425998207E-03 9.669695433E+00
1.302890000E-01 9.626569527E-01 4.423992111E-03 9.515768791E+00
1.323970000E-01 9.641023165E-01 4.424337723E-03 9.364260519E+00
1.345380000E-01 9.654785266E-01 4.424760240E-03 9.215240304E+00
1.367140000E-01 9.667897272E-01 4.425151881E-03 9.068566496E+00
1.389250000E-01 9.680320057E-01 4.425561010E-03 8.924239698E+00
1.411720000E-01 9.692173160E-01 4.397047873E-03 8.782194770E+00
1.434560000E-01 9.703660697E-01 4.362899318E-03 8.642371180E+00
1.457760000E-01 9.714744257E-01 4.329075877E-03 8.504829327E+00
1.481340000E-01 9.725414010E-01 4.294209368E-03 8.369449282E+00
1.505300000E-01 9.735685239E-01 4.258976610E-03 8.236231980E+00
1.529640000E-01 9.745560331E-01 4.224080780E-03 8.105175074E+00
1.554390000E-01 9.755056322E-01 4.189373467E-03 7.976119249E+00
1.579530000E-01 9.764158229E-01 4.155021939E-03 7.849170323E+00
1.605070000E-01 9.772795306E-01 4.120965293E-03 7.724273708E+00
1.631030000E-01 9.781094679E-01 4.060856047E-03 7.601331674E+00
1.657420000E-01 9.789223173E-01 3.995472288E-03 7.480300708E+00
1.684220000E-01 9.797109139E-01 3.931225116E-03 7.361271093E+00
1.711460000E-01 9.804722078E-01 3.867970127E-03 7.244107370E+00
1.739150000E-01 9.811966759E-01 3.797919376E-03 7.128769801E+00
1.767270000E-01 9.819113366E-01 3.707109857E-03 7.015340044E+00
1.795860000E-01 9.826150169E-01 3.618413600E-03 6.903656187E+00
1.824910000E-01 9.833039474E-01 3.531851102E-03 6.793759692E+00
1.854420000E-01 9.839772970E-01 3.447523910E-03 6.685648343E+00
1.884420000E-01 9.846348572E-01 3.365311845E-03 6.579212702E+00
1.914890000E-01 9.852769905E-01 3.285118898E-03 6.474523341E+00
1.945870000E-01 9.859041798E-01 3.206758241E-03 6.371443108E+00
1.977340000E-01 9.865155037E-01 3.130329949E-03 6.270039548E+00
2.009320000E-01 9.871153201E-01 3.048963584E-03 6.170246651E+00
2.041820000E-01 9.877068601E-01 2.969454513E-03 6.072033774E+00
2.074850000E-01 9.882906849E-01 2.892016273E-03 5.975371714E+00
2.108400000E-01 9.888673858E-01 2.816633367E-03 5.880288370E+00
2.142510000E-01 9.894394365E-01 2.744122951E-03 5.786670774E+00
2.177160000E-01 9.900067892E-01 2.674655694E-03 5.694574583E+00
2.212370000E-01 9.905728450E-01 2.606949768E-03 5.603945091E+00
2.248160000E-01 9.911444780E-01 2.541147022E-03 5.514732048E+00
2.284520000E-01 9.917260707E-01 2.487850379E-03 5.426960587E+00
2.321470000E-01 9.923108810E-01 2.449176200E-03 5.340581614E+00
2.359020000E-01 9.929404768E-01 2.421025000E-03 5.255572229E+00
2.397170000E-01 9.935490402E-01 2.475042870E-03 5.171931903E+00
2.435950000E-01 9.941325868E-01 2.530252689E-03 5.089595435E+00
2.475350000E-01 9.947368045E-01 2.586700237E-03 5.008584645E+00
2.515380000E-01 9.953383582E-01 2.724773191E-03 4.928877545E+00
2.556070000E-01 9.959209465E-01 2.858320025E-03 4.850414895E+00
2.597410000E-01 9.966044153E-01 3.026173216E-03 4.773216396E+00
2.639420000E-01 9.972933900E-01 3.314556726E-03 4.697244092E+00
2.682110000E-01 9.979098662E-01 3.811247979E-03 4.622480062E+00
2.725490000E-01 9.984117532E-01 4.382380660E-03 4.548906802E+00
2.769570000E-01 9.987772362E-01 5.034464281E-03 4.476507183E+00
2.814370000E-01 9.989293515E-01 5.769039347E-03 4.405248777E+00
2.859890000E-01 9.989358112E-01 6.328428565E-03 4.335131771E+00
2.906150000E-01 9.987834074E-01 6.898041177E-03 4.266125286E+00
2.953150000E-01 9.986243561E-01 7.222796448E-03 4.198229010E+00
3.000920000E-01 9.984493460E-01 7.562796471E-03 4.131399704E+00
3.049450000E-01 9.982339464E-01 7.805866132E-03 4.065651183E+00
3.098780000E-01 9.980361449E-01 8.007246174E-03 4.000929398E+00
3.148900000E-01 9.977672627E-01 8.182214558E-03 3.937247928E+00
3.199830000E-01 9.975299531E-01 8.257263780E-03 3.874580837E+00
3.251580000E-01 9.972558494E-01 8.301646267E-03 3.812915567E+00
3.304180000E-01 9.970392179E-01 8.251973750E-03 3.752216889E+00
3.357620000E-01 9.968688396E-01 8.200624244E-03 3.692496471E+00
3.411920000E-01 9.967174140E-01 8.139078335E-03 3.633731154E+00
3.467110000E-01 9.965763989E-01 8.077969650E-03 3.575888853E+00
3.523190000E-01 9.964306012E-01 8.017363678E-03 3.518970024E+00
3.580170000E-01 9.962370375E-01 7.919455750E-03 3.462964049E+00
3.638080000E-01 9.960920270E-01 7.757164813E-03 3.407841499E+00
3.696920000E-01 9.959932604E-01 7.598180086E-03 3.353602458E+00
3.756720000E-01 9.959127244E-01 7.442468826E-03 3.300219340E+00
3.817480000E-01 9.958450003E-01 7.292384960E-03 3.247692195E+00
3.879220000E-01 9.957836813E-01 7.146569565E-03 3.196003320E+00
3.941970000E-01 9.957253868E-01 7.003622663E-03 3.145127944E+00
4.005730000E-01 9.956670454E-01 6.863534917E-03 3.095066318E+00
4.070520000E-01 9.955816904E-01 6.726255403E-03 3.045802502E+00
4.136350000E-01 9.955055181E-01 6.531003546E-03 2.997328563E+00
4.203260000E-01 9.954668313E-01 6.330023969E-03 2.949615299E+00
4.271240000E-01 9.954493317E-01 6.135287037E-03 2.902669951E+00
4.340320000E-01 9.954515527E-01 5.946535293E-03 2.856471412E+00
4.410520000E-01 9.954750064E-01 5.781936266E-03 2.811006412E+00
4.481860000E-01 9.954674974E-01 5.651452486E-03 2.766262221E+00
4.554350000E-01 9.954191922E-01 5.492426956E-03 2.722232591E+00
4.628020000E-01 9.954101572E-01 5.288321369E-03 2.678899400E+00
4.702870000E-01 9.954248741E-01 5.095619796E-03 2.636262538E+00
4.778940000E-01 9.954508717E-01 4.909923742E-03 2.594299154E+00
4.856230000E-01 9.954860303E-01 4.731039479E-03 2.553009227E+00
4.934780000E-01 9.955284041E-01 4.558638378E-03 2.512371372E+00
5.014590000E-01 9.955771378E-01 4.392465205E-03 2.472385579E+00
5.095700000E-01 9.956323341E-01 4.232432154E-03 2.433031772E+00
5.178120000E-01 9.956979546E-01 4.081345241E-03 2.394305269E+00
5.261870000E-01 9.957681626E-01 3.946141844E-03 2.356196561E+00
5.346980000E-01 9.958335663E-01 3.834722777E-03 2.318692047E+00
5.433460000E-01 9.958776636E-01 3.735803923E-03 2.281787296E+00
5.521340000E-01 9.958938725E-01 3.639386650E-03 2.245469397E+00
5.610650000E-01 9.958961425E-01 3.498090522E-03 2.209726146E+00
5.701390000E-01 9.959204631E-01 3.340315309E-03 2.174557432E+00
5.793610000E-01 9.959679523E-01 3.186273995E-03 2.139943835E+00
5.887320000E-01 9.960247310E-01 3.039953726E-03 2.105881793E+00
5.982540000E-01 9.960871506E-01 2.900723914E-03 2.072363912E+00
6.079300000E-01 9.961534808E-01 2.767822934E-03 2.039379534E+00
6.177630000E-01 9.962225042E-01 2.641018712E-03 2.006918511E+00
6.277550000E-01 9.962927963E-01 2.519883844E-03 1.974974313E+00
6.379080000E-01 9.963639774E-01 2.402765035E-03 1.943540448E+00
6.482260000E-01 9.964367220E-01 2.288692890E-03 1.912604555E+00
6.587110000E-01 9.965128333E-01 2.178530431E-03 1.882160765E+00
6.693650000E-01 9.965920888E-01 2.073634273E-03 1.852203208E+00
6.801910000E-01 9.966734248E-01 1.977899321E-03 1.822723323E+00
6.911930000E-01 9.967520824E-01 1.889615187E-03 1.793710295E+00
7.023720000E-01 9.968256939E-01 1.805788776E-03 1.765161481E+00
7.137330000E-01 9.968970735E-01 1.722153235E-03 1.737064140E+00
7.252770000E-01 9.969698548E-01 1.640085708E-03 1.709415851E+00
7.370080000E-01 9.970429747E-01 1.562012014E-03 1.682206977E+00
7.489280000E-01 9.971156217E-01 1.487636332E-03 1.655432832E+00
7.610420000E-01 9.971874626E-01 1.416782777E-03 1.629082232E+00
7.733510000E-01 9.972581654E-01 1.349127748E-03 1.603153031E+00
7.858590000E-01 9.973278144E-01 1.284128017E-03 1.577636701E+00
7.985700000E-01 9.973969110E-01 1.221801990E-03 1.552525139E+00
8.114860000E-01 9.974651629E-01 1.162503472E-03 1.527814405E+00
8.246110000E-01 9.975323454E-01 1.106089691E-03 1.503496800E+00
8.379490000E-01 9.975982955E-01 1.052403934E-03 1.479564985E+00
8.515020000E-01 9.976629604E-01 1.001148768E-03 1.456015370E+00
8.652740000E-01 9.977263647E-01 9.521858778E-04 1.432840927E+00
8.792690000E-01 9.977886698E-01 9.054488226E-04 1.410034927E+00
8.934910000E-01 9.978497496E-01 8.610057373E-04 1.387590921E+00
9.079430000E-01 9.979094842E-01 8.187386310E-04 1.365504222E+00
9.226280000E-01 9.979675984E-01 7.785470113E-04 1.343770187E+00
9.375510000E-01 9.980244838E-01 7.395944138E-04 1.322381396E+00
9.527150000E-01 9.980802955E-01 7.024120617E-04 1.301333557E+00
9.681240000E-01 9.981351023E-01 6.669448674E-04 1.280621077E+00
9.837830000E-01 9.981887575E-01 6.332729646E-04 1.260237268E+00
9.996950000E-01 9.982411508E-01 6.012628533E-04 1.240178254E+00
1.015860000E+00 9.982921871E-01 5.708272420E-04 1.220443762E+00
1.032290000E+00 9.983420765E-01 5.415777532E-04 1.201019093E+00
1.048990000E+00 9.983908676E-01 5.137128533E-04 1.181898779E+00
1.065960000E+00 9.984386373E-01 4.871709809E-04 1.163083043E+00
1.083200000E+00 9.984853018E-01 4.620047664E-04 1.144571640E+00
1.100720000E+00 9.985308406E-01 4.381382527E-04 1.126353659E+00
1.118520000E+00 9.985752310E-01 4.155039207E-04 1.108428995E+00
1.136610000E+00 9.986184993E-01 3.940340969E-04 1.090787517E+00
1.155000000E+00 9.986606591E-01 3.736690778E-04 1.073419913E+00
1.173680000E+00 9.987016835E-01 3.543647479E-04 1.056335628E+00
1.192660000E+00 9.987416021E-01 3.360585364E-04 1.039525095E+00
1.211950000E+00 9.987804464E-01 3.186954070E-04 1.022979496E+00
1.231550000E+00 9.988182233E-01 3.022315872E-04 1.006698875E+00
1.251470000E+00 9.988549573E-01 2.866239803E-04 9.906749662E-01
1.271720000E+00 9.988906779E-01 2.718272463E-04 9.749001352E-01
1.292290000E+00 9.989253649E-01 2.578067023E-04 9.593821820E-01
1.313190000E+00 9.989590563E-01 2.445055937E-04 9.441131900E-01
1.334430000E+00 9.989917821E-01 2.318909925E-04 9.290858269E-01
1.356010000E+00 9.990235561E-01 2.199297918E-04 9.143000420E-01
1.377940000E+00 9.990544070E-01 2.085835317E-04 8.997489005E-01
1.400230000E+00 9.990843648E-01 1.978222323E-04 8.854259657E-01
1.422880000E+00 9.991134305E-01 1.876191671E-04 8.713313842E-01
1.445890000E+00 9.991416172E-01 1.779429022E-04 8.574649524E-01
1.469280000E+00 9.991689484E-01 1.687414075E-04 8.438146575E-01
1.493040000E+00 9.991954266E-01 1.599850063E-04 8.303863259E-01
1.517190000E+00 9.992211687E-01 1.515522882E-04 8.171685814E-01
1.541730000E+00 9.992462118E-01 1.435470704E-04 8.041615588E-01
1.566670000E+00 9.992705659E-01 1.359638724E-04 7.913600184E-01
1.592010000E+00 9.992942131E-01 1.287854851E-04 7.787639525E-01
1.617760000E+00 9.993171725E-01 1.219855539E-04 7.663683117E-01
1.643920000E+00 9.993394526E-01 1.155438292E-04 7.541729525E-01
1.670510000E+00 9.993610886E-01 1.094392543E-04 7.421685593E-01
1.697530000E+00 9.993820861E-01 1.036587910E-04 7.303552809E-01
1.724990000E+00 9.994024441E-01 9.818584637E-05 7.187288042E-01
1.752890000E+00 9.994222011E-01 9.296279481E-05 7.072891054E-01
1.781240000E+00 9.994413960E-01 8.800392463E-05 6.960319777E-01
1.810050000E+00 9.994600449E-01 8.329856110E-05 6.849534543E-01
1.839320000E+00 9.994781618E-01 7.884575866E-05 6.740534545E-01
1.869070000E+00 9.994957644E-01 7.463198333E-05 6.633245411E-01
1.899300000E+00 9.995128587E-01 7.064645788E-05 6.527668088E-01
1.930020000E+00 9.995294670E-01 6.686849430E-05 6.423767629E-01
1.961240000E+00 9.995456124E-01 6.329332123E-05 6.321510881E-01
1.992960000E+00 9.995613094E-01 5.991400839E-05 6.220897559E-01
2.025200000E+00 9.995765494E-01 5.673200968E-05 6.121864507E-01
2.057950000E+00 9.995913690E-01 5.368356821E-05 6.024441799E-01
2.091240000E+00 9.996058159E-01 5.079429673E-05 5.928540005E-01
2.125060000E+00 9.996198939E-01 4.805756171E-05 5.834188211E-01
2.159430000E+00 9.996336295E-01 4.546534663E-05 5.741329888E-01
2.194360000E+00 9.996470459E-01 4.300991034E-05 5.649938934E-01
2.229850000E+00 9.996601708E-01 4.068429492E-05 5.560015248E-01
2.265920000E+00 9.996730377E-01 3.848153613E-05 5.471508262E-01
2.302570000E+00 9.996856817E-01 3.639591457E-05 5.384418280E-01
2.339810000E+00 9.996981523E-01 3.442036685E-05 5.298720836E-01
2.377660000E+00 9.997105108E-01 3.254997367E-05 5.214370431E-01
2.416110000E+00 9.997228360E-01 3.077897919E-05 5.131388885E-01
2.455190000E+00 9.997352526E-01 2.910212772E-05 5.049711020E-01
2.494900000E+00 9.997479437E-01 2.751446998E-05 4.969337448E-01
2.535260000E+00 9.997612348E-01 2.601132158E-05 4.890228221E-01
2.576260000E+00 9.997757750E-01 2.458869680E-05 4.812402475E-01
2.617930000E+00 9.997932968E-01 2.324172635E-05 4.735802714E-01
2.660270000E+00 9.998228923E-01 2.196680246E-05 4.660429205E-01
2.676800000E+00 9.999127557E-01 2.149352303E-05 4.631649731E-01
2.677000000E+00 9.999127572E-01 7.524909476E-05 4.631303698E-01
2.703300000E+00 9.998222026E-01 7.272809029E-05 4.586246440E-01
2.747030000E+00 9.998163430E-01 6.877185776E-05 4.513237933E-01
2.791460000E+00 9.998393369E-01 6.503021576E-05 4.441403423E-01
2.793100000E+00 9.998615215E-01 6.489704584E-05 4.438795603E-01
2.793300000E+00 9.998615126E-01 8.933125199E-05 4.438477786E-01
2.836610000E+00 9.998146970E-01 8.521654515E-05 4.370710108E-01
2.882490000E+00 9.998113711E-01 8.112816106E-05 4.301142415E-01
2.929110000E+00 9.998115106E-01 7.723924266E-05 4.232685014E-01
2.976480000E+00 9.998135554E-01 7.353503040E-05 4.165322797E-01
3.024630000E+00 9.998180518E-01 7.000892511E-05 4.099013764E-01
3.042400000E+00 9.998301789E-01 6.876402693E-05 4.075072311E-01
3.042600000E+00 9.998301807E-01 7.573826081E-05 4.074804444E-01
3.073550000E+00 9.998187030E-01 7.316290299E-05 4.033772023E-01
3.123260000E+00 9.998193301E-01 6.925887280E-05 3.969570257E-01
3.173780000E+00 9.998214596E-01 6.555238591E-05 3.906382925E-01
3.225110000E+00 9.998242368E-01 6.203182108E-05 3.844209965E-01
3.277270000E+00 9.998273989E-01 5.869091961E-05 3.783026727E-01
3.330280000E+00 9.998308114E-01 5.552046977E-05 3.722810094E-01
3.384150000E+00 9.998343947E-01 5.251037539E-05 3.663549193E-01
3.438880000E+00 9.998380883E-01 4.965925827E-05 3.605243568E-01
3.494500000E+00 9.998418529E-01 4.695366293E-05 3.547860924E-01
3.551020000E+00 9.998456592E-01 4.438873384E-05 3.491391206E-01
3.608460000E+00 9.998494824E-01 4.195867195E-05 3.435814724E-01
3.666820000E+00 9.998533032E-01 3.965578136E-05 3.381131335E-01
3.726130000E+00 9.998571062E-01 3.747601836E-05 3.327312788E-01
3.786400000E+00 9.998608783E-01 3.541000126E-05 3.274350306E-01
3.847640000E+00 9.998646135E-01 3.345199469E-05 3.222234928E-01
3.909870000E+00 9.998683018E-01 3.160051255E-05 3.170949418E-01
3.973110000E+00 9.998719360E-01 2.984770689E-05 3.120477409E-01
4.037380000E+00 9.998755118E-01 2.818893825E-05 3.070803343E-01
4.102680000E+00 9.998790243E-01 2.661936764E-05 3.021927131E-01
4.169030000E+00 9.998824701E-01 2.513462609E-05 2.973833242E-01
4.236460000E+00 9.998858476E-01 2.373033163E-05 2.926499955E-01
4.304980000E+00 9.998891541E-01 2.240215811E-05 2.879920464E-01
4.374620000E+00 9.998923894E-01 2.114600527E-05 2.834074731E-01
4.445370000E+00 9.998955506E-01 1.995856518E-05 2.788969197E-01
4.517270000E+00 9.998986385E-01 1.883620513E-05 2.744578031E-01
4.590330000E+00 9.999016521E-01 1.777539415E-05 2.700895143E-01
4.664580000E+00 9.999045922E-01 1.677274579E-05 2.657902748E-01
4.740030000E+00 9.999074584E-01 1.582542006E-05 2.615595260E-01
4.816690000E+00 9.999102509E-01 1.493065225E-05 2.573966770E-01
4.894600000E+00 9.999129708E-01 1.408521761E-05 2.532995546E-01
4.973770000E+00 9.999156189E-01 1.328644547E-05 2.492676581E-01
5.054210000E+00 9.999181957E-01 1.253236883E-05 2.453004525E-01
5.135960000E+00 9.999207026E-01 1.182006872E-05 2.413959610E-01
5.219030000E+00 9.999231404E-01 1.114763814E-05 2.375537217E-01
5.303440000E+00 9.999255102E-01 1.051271146E-05 2.337727965E-01
5.389220000E+00 9.999278135E-01 9.913359775E-06 2.300518442E-01
5.476390000E+00 9.999300514E-01 9.347526849E-06 2.263900124E-01
5.564970000E+00 9.999322254E-01 8.813445075E-06 2.227864661E-01
5.654980000E+00 9.999343365E-01 8.309495265E-06 2.192403863E-01
5.746440000E+00 9.999363860E-01 7.833809327E-06 2.157509693E-01
5.839390000E+00 9.999383758E-01 7.385039012E-06 2.123166975E-01
5.933830000E+00 9.999403068E-01 6.961537095E-06 2.089375665E-01
6.029810000E+00 9.999421807E-01 6.561972592E-06 2.056117854E-01
6.127330000E+00 9.999439986E-01 6.185139486E-06 2.023393550E-01
6.226440000E+00 9.999457624E-01 5.829584486E-06 1.991185975E-01
6.327150000E+00 9.999474729E-01 5.494327569E-06 1.959492030E-01
6.429480000E+00 9.999491315E-01 5.178064286E-06 1.928305244E-01
6.533480000E+00 9.999507401E-01 4.879720447E-06 1.897610462E-01
6.639150000E+00 9.999522995E-01 4.598389297E-06 1.867407725E-01
6.746540000E+00 9.999538113E-01 4.333103685E-06 1.837682723E-01
6.855650000E+00 9.999552766E-01 4.083003953E-06 1.808435378E-01
6.966540000E+00 9.999566969E-01 3.847142053E-06 1.779649582E-01
7.079220000E+00 9.999580733E-01 3.624840886E-06 1.751322886E-01
7.193720000E+00 9.999594071E-01 3.415240752E-06 1.723447674E-01
7.310070000E+00 9.999606994E-01 3.217572129E-06 1.696016591E-01
7.428310000E+00 9.999619517E-01 3.031394555E-06 1.669020275E-01
7.548450000E+00 9.999631646E-01 2.855734758E-06 1.642456398E-01
7.670540000E+00 9.999643398E-01 2.690211291E-06 1.616313845E-01
7.794610000E+00 9.999654783E-01 2.534239329E-06 1.590586315E-01
7.920680000E+00 9.999665809E-01 2.387210400E-06 1.565269649E-01
8.048790000E+00 9.999676490E-01 2.248646906E-06 1.540355755E-01
8.178980000E+00 9.999686834E-01 2.118103349E-06 1.515836938E-01
8.311260000E+00 9.999696852E-01 1.995065311E-06 1.491711245E-01
8.445690000E+00 9.999706553E-01 1.879176781E-06 1.467967685E-01
8.582290000E+00 9.999715948E-01 1.769830336E-06 1.444602781E-01
8.721110000E+00 9.999725046E-01 1.666914761E-06 1.421608029E-01
8.862160000E+00 9.999733855E-01 1.569912303E-06 1.398981738E-01
9.005500000E+00 9.999742385E-01 1.478500451E-06 1.376714230E-01
9.151160000E+00 9.999750645E-01 1.392413005E-06 1.354800921E-01
9.299170000E+00 9.999758642E-01 1.311337952E-06 1.333237267E-01
9.449580000E+00 9.999766385E-01 1.234958995E-06 1.312015984E-01
9.602420000E+00 9.999773881E-01 1.162942429E-06 1.291132860E-01
9.757730000E+00 9.999781139E-01 1.095118233E-06 1.270582400E-01
9.915550000E+00 9.999788165E-01 1.031250861E-06 1.250359284E-01
1.007590000E+01 9.999794967E-01 9.710780848E-07 1.230460803E-01
1.023890000E+01 9.999801553E-01 9.143918668E-07 1.210872262E-01
1.040450000E+01 9.999807929E-01 8.610034421E-07 1.191599789E-01
1.057280000E+01 9.999814101E-01 8.107123881E-07 1.172631659E-01
1.074380000E+01 9.999820076E-01 7.633501063E-07 1.153967870E-01
1.091760000E+01 9.999825861E-01 7.187342642E-07 1.135597567E-01
1.109420000E+01 9.999831461E-01 6.767149867E-07 1.117520867E-01
1.127360000E+01 9.999836881E-01 6.371491750E-07 1.099737440E-01
1.145590000E+01 9.999842127E-01 5.998861781E-07 1.082237101E-01
1.164120000E+01 9.999847208E-01 5.647853557E-07 1.065010480E-01
1.182950000E+01 9.999852126E-01 5.317277716E-07 1.048057822E-01
1.202080000E+01 9.999856886E-01 5.006032958E-07 1.031378943E-01
1.221530000E+01 9.999861496E-01 4.712814660E-07 1.014956653E-01
1.241280000E+01 9.999865956E-01 4.436804620E-07 9.988076824E-02
1.261360000E+01 9.999870277E-01 4.176821965E-07 9.829073381E-02
1.281760000E+01 9.999874458E-01 3.932038714E-07 9.672637623E-02
1.302500000E+01 9.999878508E-01 3.701450522E-07 9.518618042E-02
1.323560000E+01 9.999882426E-01 3.484426193E-07 9.367161292E-02
1.344970000E+01 9.999886221E-01 3.280008716E-07 9.218049473E-02
1.366720000E+01 9.999889894E-01 3.087560266E-07 9.071353313E-02
1.388830000E+01 9.999893452E-01 2.906309083E-07 8.926938502E-02
1.411290000E+01 9.999896896E-01 2.735683132E-07 8.784870579E-02
1.434120000E+01 9.999900232E-01 2.574971225E-07 8.645022732E-02
1.457310000E+01 9.999903461E-01 2.423708971E-07 8.507455517E-02
1.480890000E+01 9.999906590E-01 2.281228956E-07 8.371992518E-02
1.504840000E+01 9.999909619E-01 2.147118615E-07 8.238749635E-02
1.529180000E+01 9.999912553E-01 2.020835846E-07 8.107613231E-02
1.553910000E+01 9.999915394E-01 1.901950403E-07 7.978583058E-02
1.579040000E+01 9.999918147E-01 1.790013436E-07 7.851606039E-02
1.604580000E+01 9.999920815E-01 1.684617253E-07 7.726632514E-02
1.630540000E+01 9.999923401E-01 1.585374843E-07 7.603615980E-02
1.656910000E+01 9.999925907E-01 1.491958409E-07 7.482603159E-02
1.683710000E+01 9.999928337E-01 1.404004590E-07 7.363500840E-02
1.710940000E+01 9.999930693E-01 1.321203545E-07 7.246309046E-02
1.738610000E+01 9.999932979E-01 1.243252512E-07 7.130983947E-02
1.766740000E+01 9.999935200E-01 1.169847182E-07 7.017444559E-02
1.795310000E+01 9.999937356E-01 1.100762865E-07 6.905771148E-02
1.824350000E+01 9.999939453E-01 1.035714747E-07 6.795845096E-02
1.853860000E+01 9.999941495E-01 9.744780518E-08 6.687667893E-02
1.883840000E+01 9.999943486E-01 9.168384672E-08 6.581238322E-02
1.914310000E+01 9.999945435E-01 8.625725421E-08 6.476485000E-02
1.945270000E+01 9.999947349E-01 8.114915401E-08 6.373408319E-02
1.976740000E+01 9.999949245E-01 7.633964143E-08 6.271942694E-02
2.008710000E+01 9.999951148E-01 7.181317345E-08 6.172120416E-02
2.041200000E+01 9.999953120E-01 6.755191711E-08 6.073878111E-02
2.074210000E+01 9.999955363E-01 6.354106358E-08 5.977215422E-02
2.104390000E+01 9.999965259E-01 6.013405043E-08 5.891493497E-02
2.104410000E+01 9.999965260E-01 4.022189579E-07 5.891437505E-02
2.107760000E+01 9.999959052E-01 3.999578069E-07 5.882073860E-02
2.141850000E+01 9.999957733E-01 3.778592989E-07 5.788453907E-02
2.176500000E+01 9.999958353E-01 3.569193465E-07 5.696301401E-02
2.211700000E+01 9.999959241E-01 3.370878069E-07 5.605642718E-02
2.247470000E+01 9.999960228E-01 3.183079055E-07 5.516425136E-02
2.283820000E+01 9.999961256E-01 3.005279190E-07 5.428623972E-02
2.320760000E+01 9.999962298E-01 2.836985765E-07 5.342215481E-02
2.358300000E+01 9.999963342E-01 2.677729339E-07 5.257176780E-02
2.396440000E+01 9.999964377E-01 2.527066703E-07 5.173507369E-02
2.435200000E+01 9.999965398E-01 2.384557255E-07 5.091162943E-02
2.474590000E+01 9.999966403E-01 2.249779796E-07 5.010122889E-02
2.514620000E+01 9.999967388E-01 2.122341789E-07 4.930367213E-02
2.555290000E+01 9.999968352E-01 2.001885292E-07 4.851895480E-02
2.596620000E+01 9.999969294E-01 1.888029556E-07 4.774668608E-02
2.638610000E+01 9.999970214E-01 1.780450531E-07 4.698686051E-02
2.681290000E+01 9.999971111E-01 1.678798961E-07 4.623893723E-02
2.724660000E+01 9.999971985E-01 1.582770444E-07 4.550292514E-02
2.768730000E+01 9.999972836E-01 1.492075153E-07 4.477865303E-02
2.813510000E+01 9.999973664E-01 1.406431085E-07 4.406595320E-02
2.859020000E+01 9.999974469E-01 1.325555108E-07 4.336450952E-02
2.905260000E+01 9.999975252E-01 1.249215471E-07 4.267432175E-02
2.952250000E+01 9.999976009E-01 1.177156196E-07 4.199508849E-02
3.000000000E+01 0.000000000E+00 0.000000000E+00 4.132666667E-02
