# 11/08/2021 
# Data retrieved from www.chemicool.com/densities.html 
# Includes the real (n) and complex (k) part of the  refractive index. 
# Element, Th  (Z = 90) 
# Nominal density, g cm-3 =  19.9 
#    E [keV]      n       k    Wavelength [nm] 
1.000000000E-02 -3.069864069E+01 2.147190024E+00 1.239800000E+02
1.016170000E-02 3.448654247E+03 1.069121064E+00 1.220071445E+02
1.032610000E-02 3.339749150E+03 1.019896207E+00 1.200646904E+02
1.049310000E-02 3.234320979E+03 9.729486110E-01 1.181538344E+02
1.066280000E-02 3.132222414E+03 9.281620900E-01 1.162733991E+02
1.083530000E-02 3.033316740E+03 8.854279968E-01 1.144223049E+02
1.101060000E-02 2.937530207E+03 8.446628558E-01 1.126005849E+02
1.118860000E-02 2.844838622E+03 8.057912498E-01 1.108092165E+02
1.136960000E-02 2.755013547E+03 7.686917560E-01 1.090451731E+02
1.155350000E-02 2.668038631E+03 7.309056843E-01 1.073094733E+02
1.174040000E-02 2.583799277E+03 6.876125116E-01 1.056011720E+02
1.193030000E-02 2.502230491E+03 6.468828933E-01 1.039202702E+02
1.212320000E-02 2.423266397E+03 6.085753549E-01 1.022667283E+02
1.231930000E-02 2.346764347E+03 5.725269670E-01 1.006388350E+02
1.251860000E-02 2.272668302E+03 5.394774877E-01 9.903663349E+01
1.272100000E-02 2.200955715E+03 5.117828772E-01 9.746089144E+01
1.292680000E-02 2.131464906E+03 4.855026751E-01 9.590927376E+01
1.313590000E-02 2.064178372E+03 4.605722280E-01 9.438256990E+01
1.334830000E-02 1.999041601E+03 4.369274770E-01 9.288074137E+01
1.356420000E-02 1.935942548E+03 4.128767597E-01 9.140236800E+01
1.378360000E-02 1.874834027E+03 3.900625683E-01 8.994747381E+01
1.400660000E-02 1.815642137E+03 3.685053804E-01 8.851541416E+01
1.423310000E-02 1.758346669E+03 3.472653401E-01 8.710681440E+01
1.446330000E-02 1.702851473E+03 3.250912460E-01 8.572040959E+01
1.469730000E-02 1.649091524E+03 3.043291076E-01 8.435562995E+01
1.493500000E-02 1.597048153E+03 2.848975483E-01 8.301305658E+01
1.517650000E-02 1.546657236E+03 2.695957641E-01 8.169208974E+01
1.542200000E-02 1.497838849E+03 2.559326470E-01 8.039164829E+01
1.567140000E-02 1.450575540E+03 2.429630099E-01 7.911226821E+01
1.592490000E-02 1.404792818E+03 2.371229154E-01 7.785292215E+01
1.618250000E-02 1.360456177E+03 2.322441691E-01 7.661362583E+01
1.644420000E-02 1.317530556E+03 2.275152821E-01 7.539436397E+01
1.671020000E-02 1.275949985E+03 2.273692683E-01 7.419420474E+01
1.698050000E-02 1.235683077E+03 2.274760641E-01 7.301316216E+01
1.725510000E-02 1.196697945E+03 2.302271609E-01 7.185122080E+01
1.753420000E-02 1.158935935E+03 2.344047269E-01 7.070753157E+01
1.781780000E-02 1.122368324E+03 2.405934487E-01 6.958210329E+01
1.810600000E-02 1.086953956E+03 2.469456472E-01 6.847453883E+01
1.839890000E-02 1.052653631E+03 2.697498401E-01 6.738446320E+01
1.869640000E-02 1.019451757E+03 3.106894084E-01 6.631223123E+01
1.899880000E-02 9.872888011E+02 3.663916418E-01 6.525675306E+01
1.930610000E-02 9.561406771E+02 4.353995260E-01 6.421804507E+01
1.961840000E-02 9.259734635E+02 5.174023480E-01 6.319577539E+01
1.993570000E-02 8.967637114E+02 5.916573513E-01 6.218994066E+01
2.025820000E-02 8.684705405E+02 6.323798643E-01 6.119990917E+01
2.058580000E-02 8.410805807E+02 6.742606548E-01 6.022598102E+01
2.091880000E-02 8.145474876E+02 6.847866539E-01 5.926726198E+01
2.125710000E-02 7.888588406E+02 6.954833962E-01 5.832404232E+01
2.160090000E-02 7.639792923E+02 7.063453058E-01 5.739575666E+01
2.195030000E-02 7.398827427E+02 7.173746708E-01 5.648214375E+01
2.230530000E-02 7.165505277E+02 7.183128289E-01 5.558320220E+01
2.266610000E-02 6.939515057E+02 7.133540383E-01 5.469842628E+01
2.303270000E-02 6.720683276E+02 7.084237262E-01 5.382781871E+01
2.340530000E-02 6.508722903E+02 7.035311125E-01 5.297090830E+01
2.378380000E-02 6.303524908E+02 6.986763065E-01 5.212791900E+01
2.416850000E-02 6.104766190E+02 6.903013011E-01 5.129817738E+01
2.455940000E-02 5.912295363E+02 6.816652350E-01 5.048168929E+01
2.495660000E-02 5.725912966E+02 6.731389293E-01 4.967824143E+01
2.536030000E-02 5.545382933E+02 6.647165066E-01 4.888743430E+01
2.577050000E-02 5.370567317E+02 6.563974203E-01 4.810927223E+01
2.618730000E-02 5.201286489E+02 6.409128345E-01 4.734355966E+01
2.661090000E-02 5.037329121E+02 6.235617684E-01 4.658993119E+01
2.704130000E-02 4.878568796E+02 6.066794714E-01 4.584838747E+01
2.747860000E-02 4.724843040E+02 5.902583627E-01 4.511874695E+01
2.792310000E-02 4.575929279E+02 5.742778258E-01 4.440051427E+01
2.837470000E-02 4.431746968E+02 5.587347594E-01 4.369385403E+01
2.883370000E-02 4.292089031E+02 5.427319803E-01 4.299829713E+01
2.930000000E-02 4.520099874E-01 5.254992470E-01 4.231399317E+01
2.977390000E-02 4.543667161E-01 5.088076359E-01 4.164049721E+01
3.025550000E-02 4.572934967E-01 4.926489345E-01 4.097767348E+01
3.074490000E-02 4.604858268E-01 4.769993079E-01 4.032538730E+01
3.124210000E-02 4.636855619E-01 4.618538821E-01 3.968363202E+01
3.174750000E-02 4.666047664E-01 4.471813084E-01 3.905189385E+01
3.226090000E-02 4.686817591E-01 4.329829899E-01 3.843042197E+01
3.278270000E-02 4.680550017E-01 4.192296541E-01 3.781872756E+01
3.331300000E-02 4.667516315E-01 3.977402081E-01 3.721670219E+01
3.385180000E-02 4.706601812E-01 3.760359582E-01 3.662434494E+01
3.439930000E-02 4.770918045E-01 3.555137853E-01 3.604143108E+01
3.495570000E-02 4.848119509E-01 3.361129398E-01 3.546774918E+01
3.552110000E-02 4.934012736E-01 3.177719734E-01 3.490319838E+01
3.609560000E-02 5.025017350E-01 3.004298821E-01 3.434767673E+01
3.667940000E-02 5.117180943E-01 2.840354275E-01 3.380098911E+01
3.727270000E-02 5.213369131E-01 2.674636227E-01 3.326295117E+01
3.787550000E-02 5.317659893E-01 2.517632675E-01 3.273356127E+01
3.848820000E-02 5.425725136E-01 2.369820340E-01 3.221247032E+01
3.911070000E-02 5.535380300E-01 2.230708460E-01 3.169976503E+01
3.974320000E-02 5.643918857E-01 2.099769017E-01 3.119527366E+01
4.038610000E-02 5.746881563E-01 1.974654803E-01 3.069868098E+01
4.103930000E-02 5.854895348E-01 1.841835134E-01 3.021006694E+01
4.170310000E-02 5.970346282E-01 1.717946058E-01 2.972920478E+01
4.237760000E-02 6.088520679E-01 1.602393272E-01 2.925602205E+01
4.306300000E-02 6.207740995E-01 1.494612911E-01 2.879037689E+01
4.375950000E-02 6.327034762E-01 1.394082404E-01 2.833213359E+01
4.446730000E-02 6.445822599E-01 1.300310211E-01 2.788116211E+01
4.518650000E-02 6.563640615E-01 1.212849956E-01 2.743739834E+01
4.591740000E-02 6.680256638E-01 1.131266691E-01 2.700065770E+01
4.666000000E-02 6.795844668E-01 1.055179401E-01 2.657093871E+01
4.741470000E-02 6.909371054E-01 9.861404608E-02 2.614800895E+01
4.818160000E-02 7.019872628E-01 9.217213069E-02 2.573181463E+01
4.896090000E-02 7.127724318E-01 8.615119002E-02 2.532224694E+01
4.975280000E-02 7.233145237E-01 8.052333706E-02 2.491920053E+01
5.055760000E-02 7.336202731E-01 7.526308890E-02 2.452252480E+01
5.137530000E-02 7.436928423E-01 7.034670836E-02 2.413221918E+01
5.220620000E-02 7.535409628E-01 6.575154128E-02 2.374813719E+01
5.305060000E-02 7.631775882E-01 6.145637669E-02 2.337014096E+01
5.390870000E-02 7.726207815E-01 5.744168794E-02 2.299814316E+01
5.478060000E-02 7.819391827E-01 5.368944109E-02 2.263209968E+01
5.566670000E-02 7.913365952E-01 5.038592336E-02 2.227184295E+01
5.656700000E-02 8.001745058E-01 4.773678263E-02 2.191737232E+01
5.748200000E-02 8.085371773E-01 4.522657809E-02 2.156849101E+01
5.841170000E-02 8.165776097E-01 4.284854227E-02 2.122519975E+01
5.935640000E-02 8.243433827E-01 4.059565704E-02 2.088738535E+01
6.031650000E-02 8.318658916E-01 3.846096355E-02 2.055490620E+01
6.129210000E-02 8.391688543E-01 3.643865742E-02 2.022772919E+01
6.228340000E-02 8.462696235E-01 3.452279311E-02 1.990578549E+01
6.329080000E-02 8.531875046E-01 3.270752191E-02 1.958894500E+01
6.431450000E-02 8.599388533E-01 3.098770453E-02 1.927714590E+01
6.535470000E-02 8.665408339E-01 2.935836576E-02 1.897032654E+01
6.641180000E-02 8.730216110E-01 2.782583058E-02 1.866836918E+01
6.748590000E-02 8.793555747E-01 2.641115700E-02 1.837124496E+01
6.857750000E-02 8.855596421E-01 2.506836018E-02 1.807881594E+01
6.968670000E-02 8.916562198E-01 2.379382673E-02 1.779105626E+01
7.081380000E-02 8.976670607E-01 2.258419079E-02 1.750788688E+01
7.195910000E-02 9.036131952E-01 2.143597542E-02 1.722923161E+01
7.312300000E-02 9.095157522E-01 2.034617099E-02 1.695499364E+01
7.430570000E-02 9.154007956E-01 1.931176597E-02 1.668512644E+01
7.550760000E-02 9.212974085E-01 1.832886306E-02 1.641953923E+01
7.672890000E-02 9.272451418E-01 1.739406197E-02 1.615818811E+01
7.796990000E-02 9.332920997E-01 1.650689926E-02 1.590100795E+01
7.923100000E-02 9.395118279E-01 1.566504702E-02 1.564791559E+01
8.051250000E-02 9.459568089E-01 1.492729644E-02 1.539885111E+01
8.181470000E-02 9.526599555E-01 1.422292268E-02 1.515375599E+01
8.313800000E-02 9.600624226E-01 1.336893044E-02 1.491255503E+01
8.448270000E-02 9.683444898E-01 1.296828445E-02 1.467519386E+01
8.584910000E-02 9.782615130E-01 1.278479346E-02 1.444161907E+01
8.723770000E-02 9.918993667E-01 1.429769827E-02 1.421174561E+01
8.864870000E-02 1.007781839E+00 2.332259112E-02 1.398554068E+01
9.008250000E-02 1.019568159E+00 4.307367849E-02 1.376293953E+01
9.153950000E-02 1.005714258E+00 7.954990834E-02 1.354387996E+01
9.302010000E-02 9.710333300E-01 4.918063398E-02 1.332830216E+01
9.452460000E-02 9.894013391E-01 1.951859110E-02 1.311616235E+01
9.605350000E-02 1.019280626E+00 1.864883215E-02 1.290739015E+01
9.760710000E-02 1.051421652E+00 2.878598982E-02 1.270194484E+01
9.918580000E-02 1.082646185E+00 5.335534129E-02 1.249977315E+01
1.007900000E-01 1.108902284E+00 9.889744175E-02 1.230082349E+01
1.024200000E-01 1.101294510E+00 1.833092612E-01 1.210505761E+01
1.040770000E-01 1.033123043E+00 2.228130396E-01 1.191233414E+01
1.057600000E-01 9.801953053E-01 2.268525368E-01 1.172276853E+01
1.074710000E-01 9.316991209E-01 2.183116426E-01 1.153613533E+01
1.092090000E-01 8.924704252E-01 1.841323924E-01 1.135254420E+01
1.109750000E-01 8.776562224E-01 1.475282315E-01 1.117188556E+01
1.127700000E-01 8.793003952E-01 1.181991857E-01 1.099405870E+01
1.145940000E-01 8.845453705E-01 1.023753621E-01 1.081906557E+01
1.164480000E-01 8.880548891E-01 8.967860122E-02 1.064681231E+01
1.183310000E-01 8.926145395E-01 7.938551553E-02 1.047738970E+01
1.202450000E-01 8.960157979E-01 7.176143874E-02 1.031061583E+01
1.221900000E-01 8.989443024E-01 6.486950114E-02 1.014649317E+01
1.241660000E-01 9.017053713E-01 5.864011650E-02 9.985020054E+00
1.261750000E-01 9.042139340E-01 5.293425778E-02 9.826035268E+00
1.282150000E-01 9.070627483E-01 4.708902474E-02 9.669695433E+00
1.302890000E-01 9.103153727E-01 4.188873383E-02 9.515768791E+00
1.323970000E-01 9.138683628E-01 3.726239557E-02 9.364260519E+00
1.345380000E-01 9.179193791E-01 3.339084419E-02 9.215240304E+00
1.367140000E-01 9.214113261E-01 3.079168703E-02 9.068566496E+00
1.389250000E-01 9.244219838E-01 2.839504647E-02 8.924239698E+00
1.411720000E-01 9.270726159E-01 2.618471362E-02 8.782194770E+00
1.434560000E-01 9.295045190E-01 2.393077925E-02 8.642371180E+00
1.457760000E-01 9.319796481E-01 2.175888603E-02 8.504829327E+00
1.481340000E-01 9.344160713E-01 1.978404978E-02 8.369449282E+00
1.505300000E-01 9.367702540E-01 1.798849184E-02 8.236231980E+00
1.529640000E-01 9.390015966E-01 1.635600948E-02 8.105175074E+00
1.554390000E-01 9.408723520E-01 1.471397901E-02 7.976119249E+00
1.579530000E-01 9.430001221E-01 1.283514750E-02 7.849170323E+00
1.605070000E-01 9.453187470E-01 1.119631768E-02 7.724273708E+00
1.631030000E-01 9.476581152E-01 9.766616376E-03 7.601331674E+00
1.657420000E-01 9.499803079E-01 8.547264324E-03 7.480300708E+00
1.684220000E-01 9.522327831E-01 7.497777649E-03 7.361271093E+00
1.711460000E-01 9.544270341E-01 6.577133833E-03 7.244107370E+00
1.739150000E-01 9.566327465E-01 5.797972039E-03 7.128769801E+00
1.767270000E-01 9.586613207E-01 5.313396632E-03 7.015340044E+00
1.795860000E-01 9.605197074E-01 4.869232041E-03 6.903656187E+00
1.824910000E-01 9.622531904E-01 4.462217028E-03 6.793759692E+00
1.854420000E-01 9.638931859E-01 4.089268068E-03 6.685648343E+00
1.884420000E-01 9.654546850E-01 3.747432344E-03 6.579212702E+00
1.914890000E-01 9.669510925E-01 3.434225864E-03 6.474523341E+00
1.945870000E-01 9.683913938E-01 3.167922369E-03 6.371443108E+00
1.977340000E-01 9.697576733E-01 2.934764262E-03 6.270039548E+00
2.009320000E-01 9.710652453E-01 2.718760553E-03 6.170246651E+00
2.041820000E-01 9.723476259E-01 2.518649423E-03 6.072033774E+00
2.074850000E-01 9.735702857E-01 2.420687911E-03 5.975371714E+00
2.108400000E-01 9.747008246E-01 2.339104281E-03 5.880288370E+00
2.142510000E-01 9.757576313E-01 2.260230077E-03 5.786670774E+00
2.177160000E-01 9.767592189E-01 2.184036122E-03 5.694574583E+00
2.212370000E-01 9.777129877E-01 2.110415707E-03 5.603945091E+00
2.248160000E-01 9.786251769E-01 2.039254868E-03 5.514732048E+00
2.284520000E-01 9.795062497E-01 1.970513032E-03 5.426960587E+00
2.321470000E-01 9.803532227E-01 1.923499200E-03 5.340581614E+00
2.359020000E-01 9.811525259E-01 1.886276508E-03 5.255572229E+00
2.397170000E-01 9.819120906E-01 1.849788999E-03 5.171931903E+00
2.435950000E-01 9.826366648E-01 1.813987643E-03 5.089595435E+00
2.475350000E-01 9.833293454E-01 1.776300356E-03 5.008584645E+00
2.515380000E-01 9.839963440E-01 1.737247335E-03 4.928877545E+00
2.556070000E-01 9.846396835E-01 1.699036238E-03 4.850414895E+00
2.597410000E-01 9.852617914E-01 1.661679969E-03 4.773216396E+00
2.639420000E-01 9.858706736E-01 1.628784283E-03 4.697244092E+00
2.682110000E-01 9.864507545E-01 1.613438124E-03 4.622480062E+00
2.725490000E-01 9.870032995E-01 1.598237849E-03 4.548906802E+00
2.769570000E-01 9.875321230E-01 1.583179522E-03 4.476507183E+00
2.814370000E-01 9.880398040E-01 1.568261724E-03 4.405248777E+00
2.859890000E-01 9.885272934E-01 1.553482589E-03 4.335131771E+00
2.906150000E-01 9.889938415E-01 1.538844584E-03 4.266125286E+00
2.953150000E-01 9.894427943E-01 1.515025059E-03 4.198229010E+00
3.000920000E-01 9.898827374E-01 1.488101579E-03 4.131399704E+00
3.049450000E-01 9.903141852E-01 1.461666863E-03 4.065651183E+00
3.098780000E-01 9.907376486E-01 1.435689305E-03 4.000929398E+00
3.148900000E-01 9.911616101E-01 1.417198090E-03 3.937247928E+00
3.199830000E-01 9.915678194E-01 1.411601758E-03 3.874580837E+00
3.251580000E-01 9.919582126E-01 1.406029760E-03 3.812915567E+00
3.304180000E-01 9.923408983E-01 1.400470490E-03 3.752216889E+00
3.357620000E-01 9.927163541E-01 1.402266370E-03 3.692496471E+00
3.411920000E-01 9.930822014E-01 1.406654127E-03 3.633731154E+00
3.467110000E-01 9.934437139E-01 1.411048225E-03 3.575888853E+00
3.523190000E-01 9.938186536E-01 1.421123960E-03 3.518970024E+00
3.580170000E-01 9.941765660E-01 1.471022217E-03 3.462964049E+00
3.638080000E-01 9.945165841E-01 1.522669249E-03 3.407841499E+00
3.696920000E-01 9.948748330E-01 1.588659016E-03 3.353602458E+00
3.756720000E-01 9.951986137E-01 1.700730653E-03 3.300219340E+00
3.817480000E-01 9.954849273E-01 1.820709857E-03 3.247692195E+00
3.879220000E-01 9.957437914E-01 1.949165240E-03 3.196003320E+00
3.941970000E-01 9.959682177E-01 2.086665686E-03 3.145127944E+00
4.005730000E-01 9.961459589E-01 2.210825968E-03 3.095066318E+00
4.070520000E-01 9.963237768E-01 2.304029545E-03 3.045802502E+00
4.136350000E-01 9.964972737E-01 2.401186881E-03 2.997328563E+00
4.203260000E-01 9.966598561E-01 2.502407523E-03 2.949615299E+00
4.271240000E-01 9.968078182E-01 2.607910266E-03 2.902669951E+00
4.340320000E-01 9.969392211E-01 2.717861625E-03 2.856471412E+00
4.410520000E-01 9.970501740E-01 2.832449445E-03 2.811006412E+00
4.481860000E-01 9.971210009E-01 2.941940126E-03 2.766262221E+00
4.554350000E-01 9.971841293E-01 3.028924319E-03 2.722232591E+00
4.628020000E-01 9.972375399E-01 3.118491541E-03 2.678899400E+00
4.702870000E-01 9.972508836E-01 3.200651331E-03 2.636262538E+00
4.778940000E-01 9.972678960E-01 3.239687810E-03 2.594299154E+00
4.856230000E-01 9.972858849E-01 3.279209769E-03 2.553009227E+00
4.934780000E-01 9.972865393E-01 3.319205503E-03 2.512371372E+00
5.014590000E-01 9.972549039E-01 3.332264964E-03 2.472385579E+00
5.095700000E-01 9.972479192E-01 3.298794812E-03 2.433031772E+00
5.178120000E-01 9.972584923E-01 3.265671239E-03 2.394305269E+00
5.261870000E-01 9.972759742E-01 3.232870999E-03 2.356196561E+00
5.346980000E-01 9.972963742E-01 3.200398442E-03 2.318692047E+00
5.433460000E-01 9.973164594E-01 3.168267763E-03 2.281787296E+00
5.521340000E-01 9.973321222E-01 3.132801037E-03 2.245469397E+00
5.610650000E-01 9.973527262E-01 3.089279733E-03 2.209726146E+00
5.701390000E-01 9.973767027E-01 3.046373078E-03 2.174557432E+00
5.793610000E-01 9.974016779E-01 3.004048074E-03 2.139943835E+00
5.887320000E-01 9.974265299E-01 2.962314978E-03 2.105881793E+00
5.982540000E-01 9.974474249E-01 2.921162390E-03 2.072363912E+00
6.079300000E-01 9.974690848E-01 2.873691573E-03 2.039379534E+00
6.177630000E-01 9.974930832E-01 2.826888965E-03 2.006918511E+00
6.277550000E-01 9.975172133E-01 2.780845380E-03 1.974974313E+00
6.379080000E-01 9.975406437E-01 2.735552092E-03 1.943540448E+00
6.482260000E-01 9.975622715E-01 2.690992174E-03 1.912604555E+00
6.587110000E-01 9.975820985E-01 2.645024105E-03 1.882160765E+00
6.693650000E-01 9.976011853E-01 2.598835158E-03 1.852203208E+00
6.801910000E-01 9.976187899E-01 2.553451324E-03 1.822723323E+00
6.911930000E-01 9.976333585E-01 2.508864762E-03 1.793710295E+00
7.023720000E-01 9.976393581E-01 2.465052325E-03 1.765161481E+00
7.137330000E-01 9.976331098E-01 2.409685194E-03 1.737064140E+00
7.252770000E-01 9.976397922E-01 2.334501049E-03 1.709415851E+00
7.370080000E-01 9.976566018E-01 2.261647498E-03 1.682206977E+00
7.489280000E-01 9.976772254E-01 2.191077884E-03 1.655432832E+00
7.610420000E-01 9.977006611E-01 2.120563903E-03 1.629082232E+00
7.733510000E-01 9.977279042E-01 2.050870886E-03 1.603153031E+00
7.858590000E-01 9.977577314E-01 1.983465274E-03 1.577636701E+00
7.985700000E-01 9.977869674E-01 1.918273897E-03 1.552525139E+00
8.114860000E-01 9.978183471E-01 1.850477492E-03 1.527814405E+00
8.246110000E-01 9.978539789E-01 1.784065218E-03 1.503496800E+00
8.379490000E-01 9.978923994E-01 1.720029552E-03 1.479564985E+00
8.515020000E-01 9.979332603E-01 1.658301330E-03 1.456015370E+00
8.652740000E-01 9.979778879E-01 1.598785779E-03 1.432840927E+00
8.792690000E-01 9.980239881E-01 1.547356770E-03 1.410034927E+00
8.934910000E-01 9.980679651E-01 1.499697819E-03 1.387590921E+00
9.079430000E-01 9.981130181E-01 1.453501636E-03 1.365504222E+00
9.226280000E-01 9.981568901E-01 1.414907575E-03 1.343770187E+00
9.375510000E-01 9.981955732E-01 1.379742580E-03 1.322381396E+00
9.527150000E-01 9.982306688E-01 1.345447398E-03 1.301333557E+00
9.681240000E-01 9.982628353E-01 1.312007582E-03 1.280621077E+00
9.837830000E-01 9.982932659E-01 1.279394864E-03 1.260237268E+00
9.996950000E-01 9.983027576E-01 1.238086212E-03 1.240178254E+00
1.015860000E+00 9.983610696E-01 1.161905241E-03 1.220443762E+00
1.032290000E+00 9.984023138E-01 1.180078727E-03 1.201019093E+00
1.048990000E+00 9.983998577E-01 1.165424135E-03 1.181898779E+00
1.065960000E+00 9.984075854E-01 1.115279897E-03 1.163083043E+00
1.083200000E+00 9.984276904E-01 1.067267940E-03 1.144571640E+00
1.100720000E+00 9.984524571E-01 1.021314985E-03 1.126353659E+00
1.118520000E+00 9.984798168E-01 9.773396959E-04 1.108428995E+00
1.136610000E+00 9.985088244E-01 9.352299028E-04 1.090787517E+00
1.155000000E+00 9.985389359E-01 8.949136185E-04 1.073419913E+00
1.173680000E+00 9.985697674E-01 8.563308021E-04 1.056335628E+00
1.192660000E+00 9.986010999E-01 8.194028800E-04 1.039525095E+00
1.211950000E+00 9.986328102E-01 7.840486218E-04 1.022979496E+00
1.231550000E+00 9.986649905E-01 7.502088189E-04 1.006698875E+00
1.251470000E+00 9.986974469E-01 7.185574584E-04 9.906749662E-01
1.271720000E+00 9.987297904E-01 6.890027736E-04 9.749001352E-01
1.292290000E+00 9.987609536E-01 6.615826032E-04 9.593821820E-01
1.313190000E+00 9.987911212E-01 6.352428331E-04 9.441131900E-01
1.334430000E+00 9.988205326E-01 6.099450344E-04 9.290858269E-01
1.356010000E+00 9.988492279E-01 5.856513745E-04 9.143000420E-01
1.377940000E+00 9.988772305E-01 5.623016835E-04 8.997489005E-01
1.400230000E+00 9.989045279E-01 5.398694149E-04 8.854259657E-01
1.422880000E+00 9.989310512E-01 5.183235377E-04 8.713313842E-01
1.445890000E+00 9.989566575E-01 4.976232474E-04 8.574649524E-01
1.469280000E+00 9.989810718E-01 4.773454481E-04 8.438146575E-01
1.493040000E+00 9.990042549E-01 4.573190496E-04 8.303863259E-01
1.517190000E+00 9.990276469E-01 4.358198207E-04 8.171685814E-01
1.541730000E+00 9.990516711E-01 4.150160535E-04 8.041615588E-01
1.566670000E+00 9.990759942E-01 3.951872639E-04 7.913600184E-01
1.592010000E+00 9.991002047E-01 3.762927797E-04 7.787639525E-01
1.617760000E+00 9.991241942E-01 3.582981691E-04 7.663683117E-01
1.643920000E+00 9.991478674E-01 3.411637019E-04 7.541729525E-01
1.670510000E+00 9.991711834E-01 3.248342550E-04 7.421685593E-01
1.697530000E+00 9.991941002E-01 3.092775272E-04 7.303552809E-01
1.724990000E+00 9.992165041E-01 2.944537900E-04 7.187288042E-01
1.752890000E+00 9.992384890E-01 2.801619332E-04 7.072891054E-01
1.781240000E+00 9.992601158E-01 2.665007870E-04 6.960319777E-01
1.810050000E+00 9.992813655E-01 2.534530710E-04 6.849534543E-01
1.839320000E+00 9.993022222E-01 2.410410084E-04 6.740534545E-01
1.869070000E+00 9.993226553E-01 2.292328304E-04 6.633245411E-01
1.899300000E+00 9.993426440E-01 2.180023964E-04 6.527668088E-01
1.930020000E+00 9.993621888E-01 2.073116913E-04 6.423767629E-01
1.961240000E+00 9.993812909E-01 1.971392661E-04 6.321510881E-01
1.992960000E+00 9.993999764E-01 1.874618153E-04 6.220897559E-01
2.025200000E+00 9.994181003E-01 1.783461924E-04 6.121864507E-01
2.057950000E+00 9.994357656E-01 1.694977151E-04 6.024441799E-01
2.091240000E+00 9.994530777E-01 1.610652437E-04 5.928540005E-01
2.125060000E+00 9.994699785E-01 1.530377879E-04 5.834188211E-01
2.159430000E+00 9.994864833E-01 1.453837708E-04 5.741329888E-01
2.194360000E+00 9.995025944E-01 1.380999633E-04 5.649938934E-01
2.229850000E+00 9.995183131E-01 1.311611733E-04 5.560015248E-01
2.265920000E+00 9.995336541E-01 1.245541403E-04 5.471508262E-01
2.302570000E+00 9.995486280E-01 1.182615078E-04 5.384418280E-01
2.339810000E+00 9.995632341E-01 1.122813920E-04 5.298720836E-01
2.377660000E+00 9.995774877E-01 1.065823828E-04 5.214370431E-01
2.416110000E+00 9.995913981E-01 1.011598393E-04 5.131388885E-01
2.455190000E+00 9.996049779E-01 9.600353965E-05 5.049711020E-01
2.494900000E+00 9.996182373E-01 9.109563631E-05 4.969337448E-01
2.535260000E+00 9.996311934E-01 8.642747822E-05 4.890228221E-01
2.576260000E+00 9.996438511E-01 8.199043798E-05 4.812402475E-01
2.617930000E+00 9.996562337E-01 7.776935857E-05 4.735802714E-01
2.660270000E+00 9.996683484E-01 7.376201475E-05 4.660429205E-01
2.703300000E+00 9.996802194E-01 6.994455506E-05 4.586246440E-01
2.747030000E+00 9.996918704E-01 6.631710356E-05 4.513237933E-01
2.791460000E+00 9.997033203E-01 6.287128473E-05 4.441403423E-01
2.836610000E+00 9.997146007E-01 5.959681784E-05 4.370710108E-01
2.882490000E+00 9.997257489E-01 5.648404574E-05 4.301142415E-01
2.929110000E+00 9.997368106E-01 5.352760616E-05 4.232685014E-01
2.976480000E+00 9.997478491E-01 5.071897861E-05 4.165322797E-01
3.024630000E+00 9.997589552E-01 4.805103459E-05 4.099013764E-01
3.073550000E+00 9.997702574E-01 4.551674368E-05 4.033772023E-01
3.123260000E+00 9.997819734E-01 4.310996008E-05 3.969570257E-01
3.173780000E+00 9.997944969E-01 4.082448372E-05 3.906382925E-01
3.225110000E+00 9.998086854E-01 3.865491804E-05 3.844209965E-01
3.277270000E+00 9.998271936E-01 3.659459679E-05 3.783026727E-01
3.330280000E+00 9.998912702E-01 3.463920145E-05 3.722810094E-01
3.331900000E+00 9.999385454E-01 3.458179312E-05 3.721000030E-01
3.332100000E+00 9.999385412E-01 8.671475363E-05 3.720776687E-01
3.384150000E+00 9.998420670E-01 8.192085402E-05 3.663549193E-01
3.438880000E+00 9.998411756E-01 7.723801082E-05 3.605243568E-01
3.490700000E+00 9.999004922E-01 7.311366909E-05 3.551723150E-01
3.490900000E+00 9.999004516E-01 1.047678611E-04 3.551519665E-01
3.494500000E+00 9.998654299E-01 1.043847545E-04 3.547860924E-01
3.551020000E+00 9.998377313E-01 9.860161797E-05 3.491391206E-01
3.608460000E+00 9.998328131E-01 9.314332314E-05 3.435814724E-01
3.666820000E+00 9.998316378E-01 8.798829342E-05 3.381131335E-01
3.726130000E+00 9.998323231E-01 8.312261111E-05 3.327312788E-01
3.786400000E+00 9.998341875E-01 7.852961711E-05 3.274350306E-01
3.847640000E+00 9.998369293E-01 7.419427663E-05 3.222234928E-01
3.909870000E+00 9.998404765E-01 7.009754003E-05 3.170949418E-01
3.973110000E+00 9.998451282E-01 6.622784157E-05 3.120477409E-01
4.037380000E+00 9.998546791E-01 6.257611149E-05 3.070803343E-01
4.046000000E+00 9.998697084E-01 6.210618404E-05 3.064260999E-01
4.046200000E+00 9.998697011E-01 7.243696726E-05 3.064109535E-01
4.102680000E+00 9.998514222E-01 6.900118225E-05 3.021927131E-01
4.169030000E+00 9.998520860E-01 6.522700612E-05 2.973833242E-01
4.236460000E+00 9.998540729E-01 6.166106116E-05 2.926499955E-01
4.304980000E+00 9.998566223E-01 5.829123201E-05 2.879920464E-01
4.374620000E+00 9.998594941E-01 5.510593764E-05 2.834074731E-01
4.445370000E+00 9.998625734E-01 5.209634362E-05 2.788969197E-01
4.517270000E+00 9.998657972E-01 4.925280427E-05 2.744578031E-01
4.590330000E+00 9.998691384E-01 4.656062259E-05 2.700895143E-01
4.664580000E+00 9.998725973E-01 4.402061679E-05 2.657902748E-01
4.740030000E+00 9.998762414E-01 4.161665262E-05 2.615595260E-01
4.816690000E+00 9.998807907E-01 3.934780441E-05 2.573966770E-01
4.830300000E+00 9.998848593E-01 3.896172734E-05 2.566714283E-01
4.830500000E+00 9.998848673E-01 4.119938433E-05 2.566608012E-01
4.894600000E+00 9.998828735E-01 3.939229610E-05 2.532995546E-01
4.973770000E+00 9.998855265E-01 3.729936832E-05 2.492676581E-01
5.054210000E+00 9.998884750E-01 3.531928617E-05 2.453004525E-01
5.135960000E+00 9.998915469E-01 3.344408766E-05 2.413959610E-01
5.182200000E+00 9.998954450E-01 3.244025107E-05 2.392420208E-01
5.182400000E+00 9.998954448E-01 3.378768503E-05 2.392327879E-01
5.219030000E+00 9.998945461E-01 3.298188001E-05 2.375537217E-01
5.303440000E+00 9.998968307E-01 3.121716628E-05 2.337727965E-01
5.389220000E+00 9.998993837E-01 2.954334636E-05 2.300518442E-01
5.476390000E+00 9.999019918E-01 2.795595846E-05 2.263900124E-01
5.564970000E+00 9.999046043E-01 2.645074986E-05 2.227864661E-01
5.654980000E+00 9.999071992E-01 2.502400119E-05 2.192403863E-01
5.746440000E+00 9.999097642E-01 2.367138642E-05 2.157509693E-01
5.839390000E+00 9.999122923E-01 2.238981255E-05 2.123166975E-01
5.933830000E+00 9.999147777E-01 2.117528023E-05 2.089375665E-01
6.029810000E+00 9.999172173E-01 2.002512859E-05 2.056117854E-01
6.127330000E+00 9.999196080E-01 1.893540079E-05 2.023393550E-01
6.226440000E+00 9.999219488E-01 1.790327001E-05 1.991185975E-01
6.327150000E+00 9.999242382E-01 1.692608952E-05 1.959492030E-01
6.429480000E+00 9.999264750E-01 1.600117260E-05 1.928305244E-01
6.533480000E+00 9.999286594E-01 1.512531245E-05 1.897610462E-01
6.639150000E+00 9.999307906E-01 1.429654199E-05 1.867407725E-01
6.746540000E+00 9.999328692E-01 1.351226261E-05 1.837682723E-01
6.855650000E+00 9.999348947E-01 1.277021899E-05 1.808435378E-01
6.966540000E+00 9.999368681E-01 1.206804130E-05 1.779649582E-01
7.079220000E+00 9.999387897E-01 1.140359999E-05 1.751322886E-01
7.193720000E+00 9.999406602E-01 1.077535821E-05 1.723447674E-01
7.310070000E+00 9.999424799E-01 1.018102555E-05 1.696016591E-01
7.428310000E+00 9.999442502E-01 9.619076840E-06 1.669020275E-01
7.548450000E+00 9.999459713E-01 9.087684585E-06 1.642456398E-01
7.670540000E+00 9.999476443E-01 8.585328814E-06 1.616313845E-01
7.794610000E+00 9.999492702E-01 8.110140098E-06 1.590586315E-01
7.920680000E+00 9.999508497E-01 7.661239820E-06 1.565269649E-01
8.048790000E+00 9.999523839E-01 7.236669041E-06 1.540355755E-01
8.178980000E+00 9.999538738E-01 6.835465025E-06 1.515836938E-01
8.311260000E+00 9.999553202E-01 6.456171804E-06 1.491711245E-01
8.445690000E+00 9.999567244E-01 6.097795374E-06 1.467967685E-01
8.582290000E+00 9.999580872E-01 5.759246686E-06 1.444602781E-01
8.721110000E+00 9.999594096E-01 5.439169262E-06 1.421608029E-01
8.862160000E+00 9.999606926E-01 5.136937391E-06 1.398981738E-01
9.005500000E+00 9.999619370E-01 4.851301687E-06 1.376714230E-01
9.151160000E+00 9.999631441E-01 4.581345760E-06 1.354800921E-01
9.299170000E+00 9.999643147E-01 4.326489936E-06 1.333237267E-01
9.449580000E+00 9.999654497E-01 4.085668469E-06 1.312015984E-01
9.602420000E+00 9.999665500E-01 3.858169852E-06 1.291132860E-01
9.757730000E+00 9.999676165E-01 3.643292946E-06 1.270582400E-01
9.915550000E+00 9.999686489E-01 3.440277857E-06 1.250359284E-01
1.007590000E+01 9.999696493E-01 3.245350993E-06 1.230460803E-01
1.023890000E+01 9.999706221E-01 3.061334787E-06 1.210872262E-01
1.040450000E+01 9.999715651E-01 2.887679533E-06 1.191599789E-01
1.057280000E+01 9.999724797E-01 2.723794448E-06 1.172631659E-01
1.074380000E+01 9.999733663E-01 2.569171355E-06 1.153967870E-01
1.091760000E+01 9.999742260E-01 2.423276132E-06 1.135597567E-01
1.109420000E+01 9.999750593E-01 2.285647189E-06 1.117520867E-01
1.127360000E+01 9.999758668E-01 2.155845745E-06 1.099737440E-01
1.145590000E+01 9.999766495E-01 2.033422248E-06 1.082237101E-01
1.164120000E+01 9.999774083E-01 1.917942413E-06 1.065010480E-01
1.182950000E+01 9.999781439E-01 1.809040563E-06 1.048057822E-01
1.202080000E+01 9.999788567E-01 1.706364172E-06 1.031378943E-01
1.221530000E+01 9.999795480E-01 1.609523706E-06 1.014956653E-01
1.241280000E+01 9.999802177E-01 1.518255624E-06 9.988076824E-02
1.261360000E+01 9.999808673E-01 1.432186925E-06 9.829073381E-02
1.281760000E+01 9.999814970E-01 1.351058468E-06 9.672637623E-02
1.302500000E+01 9.999821081E-01 1.274560821E-06 9.518618042E-02
1.323560000E+01 9.999827004E-01 1.202482999E-06 9.367161292E-02
1.344970000E+01 9.999832755E-01 1.134526058E-06 9.218049473E-02
1.366720000E+01 9.999838336E-01 1.070484166E-06 9.071353313E-02
1.388830000E+01 9.999843760E-01 1.010113111E-06 8.926938502E-02
1.411290000E+01 9.999849032E-01 9.532239669E-07 8.784870579E-02
1.434120000E+01 9.999854164E-01 8.995991062E-07 8.645022732E-02
1.457310000E+01 9.999859165E-01 8.490720913E-07 8.507455517E-02
1.480890000E+01 9.999864055E-01 8.014379377E-07 8.371992518E-02
1.504840000E+01 9.999868851E-01 7.565594074E-07 8.238749635E-02
1.529180000E+01 9.999873585E-01 7.142616748E-07 8.107613231E-02
1.553910000E+01 9.999878314E-01 6.744046791E-07 7.978583058E-02
1.579040000E+01 9.999883163E-01 6.368408934E-07 7.851606039E-02
1.604580000E+01 9.999888535E-01 6.014388779E-07 7.726632514E-02
1.630020000E+01 9.999910838E-01 5.686437401E-07 7.606041644E-02
1.630040000E+01 9.999910840E-01 1.328903054E-06 7.605948320E-02
1.630540000E+01 9.999901383E-01 1.327383765E-06 7.603615980E-02
1.656910000E+01 9.999895090E-01 1.249961451E-06 7.482603159E-02
1.683710000E+01 9.999896837E-01 1.177049677E-06 7.363500840E-02
1.710940000E+01 9.999899249E-01 1.108397401E-06 7.246309046E-02
1.738610000E+01 9.999901899E-01 1.043749786E-06 7.130983947E-02
1.766740000E+01 9.999904654E-01 9.828585690E-07 7.017444559E-02
1.795310000E+01 9.999907453E-01 9.255363276E-07 6.905771148E-02
1.824350000E+01 9.999910271E-01 8.715503150E-07 6.795845096E-02
1.853860000E+01 9.999913103E-01 8.207139394E-07 6.687667893E-02
1.883840000E+01 9.999915959E-01 7.728493753E-07 6.581238322E-02
1.914310000E+01 9.999918894E-01 7.277721368E-07 6.476485000E-02
1.945270000E+01 9.999922109E-01 6.853274219E-07 6.373408319E-02
1.969310000E+01 9.999930629E-01 6.545143945E-07 6.295606075E-02
1.969330000E+01 9.999930629E-01 9.283982222E-07 6.295542139E-02
1.976740000E+01 9.999925580E-01 9.164485490E-07 6.271942694E-02
2.008710000E+01 9.999926762E-01 8.670663212E-07 6.172120416E-02
2.041200000E+01 9.999928800E-01 8.203438331E-07 6.073878111E-02
2.047200000E+01 9.999928892E-01 8.120719641E-07 6.056076592E-02
2.047220000E+01 9.999928891E-01 9.338374127E-07 6.056017429E-02
2.074210000E+01 9.999929940E-01 8.918261885E-07 5.977215422E-02
2.107760000E+01 9.999931612E-01 8.429364891E-07 5.882073860E-02
2.141850000E+01 9.999933383E-01 7.966353414E-07 5.788453907E-02
2.176500000E+01 9.999935183E-01 7.527952121E-07 5.696301401E-02
2.211700000E+01 9.999936982E-01 7.113070583E-07 5.605642718E-02
2.247470000E+01 9.999938765E-01 6.720376332E-07 5.516425136E-02
2.283820000E+01 9.999940524E-01 6.348747170E-07 5.428623972E-02
2.320760000E+01 9.999942253E-01 5.997116092E-07 5.342215481E-02
2.358300000E+01 9.999943947E-01 5.664442791E-07 5.257176780E-02
2.396440000E+01 9.999945605E-01 5.349815443E-07 5.173507369E-02
2.435200000E+01 9.999947225E-01 5.052224739E-07 5.091162943E-02
2.474590000E+01 9.999948807E-01 4.770809405E-07 5.010122889E-02
2.514620000E+01 9.999950349E-01 4.504710086E-07 4.930367213E-02
2.555290000E+01 9.999951851E-01 4.253166819E-07 4.851895480E-02
2.596620000E+01 9.999953314E-01 4.015377030E-07 4.774668608E-02
2.638610000E+01 9.999954737E-01 3.790644023E-07 4.698686051E-02
2.681290000E+01 9.999956122E-01 3.578224471E-07 4.623893723E-02
2.724660000E+01 9.999957469E-01 3.377490081E-07 4.550292514E-02
2.768730000E+01 9.999958778E-01 3.187824651E-07 4.477865303E-02
2.813510000E+01 9.999960049E-01 3.008638360E-07 4.406595320E-02
2.859020000E+01 9.999961285E-01 2.839347111E-07 4.336450952E-02
2.905260000E+01 9.999962484E-01 2.679446817E-07 4.267432175E-02
2.952250000E+01 9.999963649E-01 2.528411615E-07 4.199508849E-02
3.000000000E+01 0.000000000E+00 0.000000000E+00 4.132666667E-02
