# 11/08/2021 
# Data retrieved from www.chemicool.com/densities.html 
# Includes the real (n) and complex (k) part of the  refractive index. 
# Element, Zr  (Z = 40) 
# Nominal density, g cm-3 =  6.52 
#    E [keV]      n       k    Wavelength [nm] 
1.000000000E-03 -1.191457008E+03 4.768682649E+01 1.239800000E+03
1.014860000E-03 2.880775616E+05 5.488724254E+00 1.221646335E+03
1.029940000E-03 2.797034981E+05 5.427386547E+00 1.203759442E+03
1.045240000E-03 2.715749779E+05 5.366784167E+00 1.186139069E+03
1.060770000E-03 2.636813330E+05 5.306807334E+00 1.168773627E+03
1.076530000E-03 2.560174798E+05 5.248632285E+00 1.151663214E+03
1.092520000E-03 2.485782642E+05 5.191931068E+00 1.134807601E+03
1.108750000E-03 2.413541272E+05 5.135784066E+00 1.118196167E+03
1.125230000E-03 2.343362332E+05 5.080192868E+00 1.101819184E+03
1.141950000E-03 2.275243735E+05 5.025242465E+00 1.085686764E+03
1.158910000E-03 2.209137466E+05 4.970945528E+00 1.069798345E+03
1.176130000E-03 2.144922302E+05 4.917166941E+00 1.054135172E+03
1.193600000E-03 2.082594230E+05 4.864028658E+00 1.038706434E+03
1.211340000E-03 2.022042254E+05 4.811381158E+00 1.023494642E+03
1.229340000E-03 1.963262551E+05 4.759341221E+00 1.008508631E+03
1.247600000E-03 1.906214383E+05 4.707899700E+00 9.937479962E+02
1.266140000E-03 1.850798266E+05 4.656956433E+00 9.791966133E+02
1.284950000E-03 1.797008599E+05 4.606599348E+00 9.648624460E+02
1.304040000E-03 1.744780741E+05 4.564043859E+00 9.507377074E+02
1.323410000E-03 1.694080079E+05 4.536072134E+00 9.368223000E+02
1.343080000E-03 1.644822629E+05 4.508174964E+00 9.231021235E+02
1.363030000E-03 1.597026365E+05 4.480542093E+00 9.095911315E+02
1.383280000E-03 1.550610788E+05 4.453057493E+00 8.962755191E+02
1.403830000E-03 1.505546045E+05 4.425739948E+00 8.831553678E+02
1.424690000E-03 1.461781344E+05 4.398559006E+00 8.702243997E+02
1.445860000E-03 1.419288781E+05 4.371546136E+00 8.574827438E+02
1.467340000E-03 1.378040032E+05 4.344729271E+00 8.449302820E+02
1.489140000E-03 1.337988507E+05 4.318061688E+00 8.325610755E+02
1.511270000E-03 1.299090528E+05 4.291538964E+00 8.203696229E+02
1.533720000E-03 1.261337992E+05 4.265216116E+00 8.083613697E+02
1.556510000E-03 1.224672347E+05 4.239029273E+00 7.965255604E+02
1.579630000E-03 1.189085551E+05 4.213042495E+00 7.848673424E+02
1.603100000E-03 1.154523373E+05 4.187180648E+00 7.733765829E+02
1.626920000E-03 1.120964023E+05 4.160343670E+00 7.620534507E+02
1.651090000E-03 1.088385362E+05 4.133486133E+00 7.508978917E+02
1.675620000E-03 1.056752380E+05 4.106784760E+00 7.399052291E+02
1.700520000E-03 1.026032082E+05 4.080230929E+00 7.290711077E+02
1.725780000E-03 9.962164116E+04 4.053889581E+00 7.183997960E+02
1.751420000E-03 9.672618888E+04 4.027701097E+00 7.078827466E+02
1.777440000E-03 9.391499104E+04 4.001690280E+00 6.975200288E+02
1.803850000E-03 9.118515008E+04 3.975825921E+00 6.873077030E+02
1.830650000E-03 8.853489190E+04 3.950148681E+00 6.772457870E+02
1.857850000E-03 8.596149395E+04 3.924617951E+00 6.673305165E+02
1.885460000E-03 8.346237769E+04 3.899238106E+00 6.575583677E+02
1.913470000E-03 8.103679195E+04 3.874060333E+00 6.479328132E+02
1.941900000E-03 7.868138429E+04 3.849028032E+00 6.384468819E+02
1.970750000E-03 7.639462622E+04 3.824166065E+00 6.291005962E+02
2.000030000E-03 7.417422731E+04 3.794473536E+00 6.198907016E+02
2.029740000E-03 7.201872117E+04 3.762200280E+00 6.108171490E+02
2.059900000E-03 6.992526672E+04 3.730168366E+00 6.018738774E+02
2.090510000E-03 6.789254582E+04 3.698395184E+00 5.930610234E+02
2.121570000E-03 6.591921894E+04 3.666916008E+00 5.843785498E+02
2.153090000E-03 6.400333640E+04 3.635709079E+00 5.758235838E+02
2.185080000E-03 6.214304083E+04 3.604760413E+00 5.673934135E+02
2.217540000E-03 6.033710504E+04 3.574089045E+00 5.590879984E+02
2.250490000E-03 5.858324637E+04 3.543660530E+00 5.509022480E+02
2.283920000E-03 5.688084715E+04 3.513518047E+00 5.428386283E+02
2.317860000E-03 5.522728049E+04 3.483585844E+00 5.348899416E+02
2.352290000E-03 5.362243982E+04 3.453957557E+00 5.270608641E+02
2.387240000E-03 5.206386102E+04 3.424553269E+00 5.193445150E+02
2.422710000E-03 5.055055446E+04 3.395399266E+00 5.117409843E+02
2.458710000E-03 4.908111604E+04 3.361283578E+00 5.042481627E+02
2.495240000E-03 4.765458170E+04 3.321014758E+00 4.968660329E+02
2.532310000E-03 4.626961034E+04 3.281235283E+00 4.895925064E+02
2.569930000E-03 4.492491612E+04 3.241935148E+00 4.824255914E+02
2.608120000E-03 4.361893058E+04 3.203075905E+00 4.753615631E+02
2.646870000E-03 4.235115193E+04 3.164702882E+00 4.684023016E+02
2.686190000E-03 4.112039724E+04 3.126805490E+00 4.615459070E+02
2.726100000E-03 3.992523750E+04 3.089343008E+00 4.547888926E+02
2.766600000E-03 3.876489877E+04 3.052342040E+00 4.481312803E+02
2.807710000E-03 3.763806059E+04 3.015760289E+00 4.415698202E+02
2.849420000E-03 3.654425761E+04 2.979644177E+00 4.351060918E+02
2.891760000E-03 3.548198793E+04 2.943935528E+00 4.287354414E+02
2.934720000E-03 3.445081169E+04 2.908674880E+00 4.224593828E+02
2.978330000E-03 3.344933959E+04 2.873814167E+00 4.162735493E+02
3.022580000E-03 3.247715363E+04 2.839385013E+00 4.101793832E+02
3.067480000E-03 3.153337743E+04 2.805385068E+00 4.041754143E+02
3.113060000E-03 3.061677190E+04 2.771766866E+00 3.982576629E+02
3.159310000E-03 2.972694785E+04 2.738562775E+00 3.924274604E+02
3.206250000E-03 2.886293412E+04 2.705753645E+00 3.866822612E+02
3.253890000E-03 2.802398933E+04 2.673335449E+00 3.810208704E+02
3.302230000E-03 2.720956008E+04 2.641311991E+00 3.754432611E+02
3.351290000E-03 2.641877121E+04 2.609673677E+00 3.699470950E+02
3.401080000E-03 2.565094870E+04 2.573691072E+00 3.645312665E+02
3.451620000E-03 2.490529444E+04 2.536008861E+00 3.591936540E+02
3.502900000E-03 2.418146883E+04 2.498890275E+00 3.539353107E+02
3.554940000E-03 2.347870524E+04 2.462306223E+00 3.487541281E+02
3.607760000E-03 2.279627929E+04 2.426253019E+00 3.436481362E+02
3.661360000E-03 2.213374757E+04 2.390730740E+00 3.386173444E+02
3.715760000E-03 2.149042947E+04 2.355734917E+00 3.336598704E+02
3.770970000E-03 2.086579111E+04 2.321252353E+00 3.287748245E+02
3.826990000E-03 2.025941861E+04 2.287262379E+00 3.239621739E+02
3.883850000E-03 1.967058961E+04 2.253789931E+00 3.192193313E+02
3.941560000E-03 1.909882511E+04 2.220783498E+00 3.145455099E+02
4.000120000E-03 1.854375055E+04 2.188263392E+00 3.099407018E+02
4.059550000E-03 1.800480938E+04 2.156243813E+00 3.054033082E+02
4.119860000E-03 1.748155751E+04 2.124677064E+00 3.009325560E+02
4.181070000E-03 1.697348051E+04 2.093561158E+00 2.965269656E+02
4.243190000E-03 1.648016637E+04 2.062920025E+00 2.921858319E+02
4.306240000E-03 1.600113822E+04 2.032716830E+00 2.879077803E+02
4.370220000E-03 1.553608363E+04 2.002952206E+00 2.836928118E+02
4.435150000E-03 1.508455013E+04 1.992992691E+00 2.795395872E+02
4.501040000E-03 1.464617113E+04 1.991415189E+00 2.754474521E+02
4.567910000E-03 1.422052598E+04 1.989823496E+00 2.714151549E+02
4.635780000E-03 1.380721273E+04 1.988224425E+00 2.674415093E+02
4.704660000E-03 1.340590406E+04 1.986644587E+00 2.635259509E+02
4.774560000E-03 1.301627909E+04 1.985054598E+00 2.596679066E+02
4.845490000E-03 1.263802348E+04 1.983465449E+00 2.558667957E+02
4.917490000E-03 1.227067969E+04 1.981886425E+00 2.521204924E+02
4.990550000E-03 1.191406122E+04 1.980291761E+00 2.484295318E+02
5.064690000E-03 1.156783284E+04 1.980613346E+00 2.447928698E+02
5.139940000E-03 1.123162943E+04 1.986986890E+00 2.412090414E+02
5.216310000E-03 1.090518998E+04 1.993398035E+00 2.376775920E+02
5.293810000E-03 1.058825799E+04 1.999815398E+00 2.341980540E+02
5.372460000E-03 1.028054316E+04 2.006263754E+00 2.307695171E+02
5.452280000E-03 9.981766478E+03 2.012733007E+00 2.273911098E+02
5.533290000E-03 9.691659446E+03 2.019221746E+00 2.240619957E+02
5.615500000E-03 9.409997062E+03 2.025724415E+00 2.207817648E+02
5.698930000E-03 9.136525850E+03 2.032254782E+00 2.175496102E+02
5.783600000E-03 8.871001591E+03 2.038805216E+00 2.143647555E+02
5.869530000E-03 8.613188805E+03 2.045375462E+00 2.112264525E+02
5.956740000E-03 8.362860288E+03 2.051963217E+00 2.081339793E+02
6.045240000E-03 8.119823520E+03 2.058579304E+00 2.050869775E+02
6.135060000E-03 7.883837376E+03 2.065210366E+00 2.020844132E+02
6.226210000E-03 7.654721698E+03 2.064399874E+00 1.991259530E+02
6.318710000E-03 7.432275269E+03 2.050367552E+00 1.962109355E+02
6.412590000E-03 7.216280995E+03 2.036420876E+00 1.933384171E+02
6.507870000E-03 7.006553567E+03 2.022572466E+00 1.905078006E+02
6.604560000E-03 6.802934036E+03 2.008825607E+00 1.877187882E+02
6.702680000E-03 6.605245734E+03 1.995170443E+00 1.849707878E+02
6.802270000E-03 6.413279781E+03 1.981599025E+00 1.822626858E+02
6.903330000E-03 6.226911273E+03 1.968126429E+00 1.795944856E+02
7.005900000E-03 6.045944639E+03 1.954743694E+00 1.769651294E+02
7.109990000E-03 5.870244694E+03 1.941452697E+00 1.743743662E+02
7.215620000E-03 5.699661863E+03 1.928255286E+00 1.718216868E+02
7.322830000E-03 5.534020658E+03 1.915142299E+00 1.693061289E+02
7.431630000E-03 5.373198326E+03 1.902120330E+00 1.668274658E+02
7.542040000E-03 5.217059453E+03 1.889190066E+00 1.643852326E+02
7.654100000E-03 5.065445848E+03 1.871611320E+00 1.619785474E+02
7.767820000E-03 4.918245476E+03 1.849162643E+00 1.596072000E+02
7.883230000E-03 4.775323036E+03 1.826986696E+00 1.572705604E+02
8.000350000E-03 4.636560161E+03 1.805077576E+00 1.549682201E+02
8.119220000E-03 4.501819300E+03 1.783429955E+00 1.526993972E+02
8.239850000E-03 4.371001484E+03 1.762038442E+00 1.504639041E+02
8.362270000E-03 4.243988202E+03 1.740910917E+00 1.482611779E+02
8.486510000E-03 4.120665373E+03 1.720029304E+00 1.460906780E+02
8.612600000E-03 4.000923088E+03 1.695900984E+00 1.439518844E+02
8.740560000E-03 3.884664268E+03 1.663322253E+00 1.418444585E+02
8.870420000E-03 3.771785507E+03 1.631367239E+00 1.397679028E+02
9.002210000E-03 3.662187039E+03 1.600029176E+00 1.377217372E+02
9.135960000E-03 3.555772541E+03 1.569290405E+00 1.357054978E+02
9.271700000E-03 3.452448949E+03 1.539141195E+00 1.337187355E+02
9.409450000E-03 3.352133414E+03 1.509571821E+00 1.317611550E+02
9.549250000E-03 3.254731182E+03 1.480572969E+00 1.298321858E+02
9.691130000E-03 3.160158074E+03 1.452129015E+00 1.279314177E+02
9.835120000E-03 3.068332596E+03 1.424231332E+00 1.260584518E+02
9.981240000E-03 2.979181756E+03 1.395006664E+00 1.242130236E+02
1.012950000E-02 2.892639696E+03 1.365988151E+00 1.223949849E+02
1.028000000E-02 2.808591806E+03 1.337566612E+00 1.206031128E+02
1.043280000E-02 2.726953428E+03 1.309717162E+00 1.188367456E+02
1.058780000E-02 2.647724501E+03 1.282466268E+00 1.170970362E+02
1.074510000E-02 2.570799693E+03 1.255781104E+00 1.153828257E+02
1.090470000E-02 2.496127550E+03 1.229661940E+00 1.136940952E+02
1.106670000E-02 2.423612320E+03 1.204076362E+00 1.120297830E+02
1.123120000E-02 2.353165490E+03 1.177435376E+00 1.103889166E+02
1.139800000E-02 2.284825356E+03 1.147990545E+00 1.087734690E+02
1.156740000E-02 2.218423719E+03 1.119258981E+00 1.071805246E+02
1.173920000E-02 2.153995847E+03 1.091266799E+00 1.056119667E+02
1.191360000E-02 2.091422958E+03 1.063966539E+00 1.040659414E+02
1.209070000E-02 2.030632017E+03 1.037330938E+00 1.025416229E+02
1.227030000E-02 1.971651527E+03 1.006999186E+00 1.010407244E+02
1.245260000E-02 1.914375109E+03 9.763475363E-01 9.956153735E+01
1.263760000E-02 1.858765894E+03 9.466338175E-01 9.810407039E+01
1.282540000E-02 1.804758365E+03 9.178133738E-01 9.666755033E+01
1.301590000E-02 1.752345333E+03 8.898845035E-01 9.525272935E+01
1.320930000E-02 1.701437166E+03 8.627962739E-01 9.385811512E+01
1.340560000E-02 1.652002316E+03 8.365293055E-01 9.248373814E+01
1.360470000E-02 1.604032240E+03 8.096459095E-01 9.113027116E+01
1.380690000E-02 1.557423707E+03 7.738487614E-01 8.979568187E+01
1.401200000E-02 1.512193019E+03 7.396457832E-01 8.848130174E+01
1.422020000E-02 1.468265773E+03 7.069479899E-01 8.718583424E+01
1.443150000E-02 1.425614133E+03 6.756965207E-01 8.590929564E+01
1.464590000E-02 1.384209831E+03 6.458299245E-01 8.465167726E+01
1.486350000E-02 1.344006211E+03 6.172805223E-01 8.341238605E+01
1.508430000E-02 1.304976827E+03 5.855611031E-01 8.219141757E+01
1.530840000E-02 1.267078380E+03 5.460610362E-01 8.098821562E+01
1.553590000E-02 1.230270223E+03 5.092207947E-01 7.980226443E+01
1.576670000E-02 1.194544422E+03 4.748704904E-01 7.863408323E+01
1.600090000E-02 1.159861070E+03 4.428381456E-01 7.748314157E+01
1.623870000E-02 1.126168794E+03 4.129613661E-01 7.634847617E+01
1.647990000E-02 1.093473854E+03 3.851071398E-01 7.523103902E+01
1.672480000E-02 1.061714070E+03 3.591258111E-01 7.412943653E+01
1.697330000E-02 1.030882364E+03 3.348987106E-01 7.304413402E+01
1.722540000E-02 1.000957552E+03 3.123099747E-01 7.197510653E+01
1.748140000E-02 9.718849646E+02 2.912392729E-01 7.092109328E+01
1.774110000E-02 9.436687455E+02 2.715930568E-01 6.988292721E+01
1.800470000E-02 9.162682918E+02 2.532709107E-01 6.885979772E+01
1.827220000E-02 8.896658995E+02 2.361856927E-01 6.785170915E+01
1.854370000E-02 8.638343187E+02 2.202527196E-01 6.685828610E+01
1.881920000E-02 8.387566433E+02 2.053940673E-01 6.587952729E+01
1.909880000E-02 5.823150970E-01 1.915383289E-01 6.491507320E+01
1.938250000E-02 6.016246776E-01 1.786188099E-01 6.396491681E+01
1.967050000E-02 6.207201943E-01 1.665691806E-01 6.302839277E+01
1.996280000E-02 6.395954177E-01 1.553316669E-01 6.210551626E+01
2.025940000E-02 6.582569065E-01 1.448531670E-01 6.119628419E+01
2.056040000E-02 6.767176384E-01 1.350814944E-01 6.030038326E+01
2.086580000E-02 6.950004471E-01 1.259696755E-01 5.941780330E+01
2.117580000E-02 7.131425963E-01 1.174718235E-01 5.854796513E+01
2.149050000E-02 7.311917823E-01 1.095462507E-01 5.769060748E+01
2.180980000E-02 7.493591708E-01 1.021563669E-01 5.684600501E+01
2.213380000E-02 7.676990396E-01 9.552122458E-02 5.601387923E+01
2.246260000E-02 7.857453926E-01 9.029470598E-02 5.519396686E+01
2.279640000E-02 8.032082659E-01 8.535380673E-02 5.438578021E+01
2.313510000E-02 8.205167457E-01 8.068361187E-02 5.358956737E+01
2.347880000E-02 8.378584960E-01 7.626952386E-02 5.280508374E+01
2.382760000E-02 8.554104720E-01 7.209616062E-02 5.203209723E+01
2.418170000E-02 8.733794972E-01 6.815103405E-02 5.127017538E+01
2.454090000E-02 8.920508848E-01 6.442250970E-02 5.051974459E+01
2.490560000E-02 9.119869024E-01 6.089729661E-02 4.977996916E+01
2.527560000E-02 9.334395940E-01 5.867597305E-02 4.905125892E+01
2.565110000E-02 9.561558881E-01 5.687370184E-02 4.833320988E+01
2.603220000E-02 9.840290323E-01 5.512697522E-02 4.762563287E+01
2.641900000E-02 1.016433363E+00 5.908410828E-02 4.692834702E+01
2.681150000E-02 1.066248308E+00 6.949566924E-02 4.624135166E+01
2.720990000E-02 1.104582026E+00 1.291472437E-01 4.556429829E+01
2.761410000E-02 1.087558800E+00 1.784700098E-01 4.489735316E+01
2.802440000E-02 1.068918349E+00 1.908399128E-01 4.424001941E+01
2.844080000E-02 1.065380193E+00 2.040662175E-01 4.359230401E+01
2.886330000E-02 1.059920455E+00 2.148588035E-01 4.295420136E+01
2.929220000E-02 1.056508229E+00 2.212189968E-01 4.232526065E+01
2.972740000E-02 1.055726744E+00 2.277686773E-01 4.170563184E+01
3.016900000E-02 1.056165431E+00 2.345130159E-01 4.109516391E+01
3.061730000E-02 1.057513901E+00 2.414548749E-01 4.049344652E+01
3.107220000E-02 1.061251708E+00 2.486033285E-01 3.990061856E+01
3.153380000E-02 1.067234093E+00 2.583861434E-01 3.931654288E+01
3.200230000E-02 1.071938640E+00 2.762401923E-01 3.874096549E+01
3.247780000E-02 1.071621548E+00 2.953284348E-01 3.817376793E+01
3.296030000E-02 1.067926016E+00 3.157360140E-01 3.761494889E+01
3.345000000E-02 1.060187109E+00 3.375528555E-01 3.706427504E+01
3.394700000E-02 1.047334952E+00 3.608777667E-01 3.652163667E+01
3.445140000E-02 1.025292825E+00 3.858137670E-01 3.598692651E+01
3.496320000E-02 9.897296237E-01 3.992999543E-01 3.546014095E+01
3.548270000E-02 9.576360164E-01 3.952563986E-01 3.494097123E+01
3.600990000E-02 9.356812818E-01 3.912528278E-01 3.442942080E+01
3.654490000E-02 9.134420973E-01 3.872931798E-01 3.392539041E+01
3.708790000E-02 8.920709574E-01 3.768682578E-01 3.342869238E+01
3.763890000E-02 8.754826261E-01 3.663276156E-01 3.293932607E+01
3.819810000E-02 8.607311455E-01 3.560831056E-01 3.245711174E+01
3.876560000E-02 8.464245507E-01 3.461247884E-01 3.198196339E+01
3.934160000E-02 8.323705312E-01 3.336327978E-01 3.151371576E+01
3.992610000E-02 8.208628727E-01 3.201794421E-01 3.105236925E+01
4.051930000E-02 8.112414543E-01 3.072676093E-01 3.059776452E+01
4.112130000E-02 8.020610077E-01 2.948781740E-01 3.014982503E+01
4.173230000E-02 7.920425128E-01 2.817218676E-01 2.970840332E+01
4.235230000E-02 7.836165647E-01 2.653104891E-01 2.927349872E+01
4.298160000E-02 7.786212529E-01 2.498517791E-01 2.884490107E+01
4.362020000E-02 7.745353190E-01 2.352958357E-01 2.842261154E+01
4.426820000E-02 7.690968758E-01 2.215893516E-01 2.800656001E+01
4.492590000E-02 7.637746654E-01 2.044650693E-01 2.759655344E+01
4.559340000E-02 7.629740300E-01 1.855536970E-01 2.719253225E+01
4.627080000E-02 7.650374025E-01 1.683909472E-01 2.679443623E+01
4.695830000E-02 7.686603145E-01 1.528157452E-01 2.640214829E+01
4.765600000E-02 7.733188450E-01 1.386819092E-01 2.601561189E+01
4.836400000E-02 7.786714319E-01 1.258546885E-01 2.563476966E+01
4.908260000E-02 7.845073889E-01 1.142138922E-01 2.525946058E+01
4.981180000E-02 7.906496575E-01 1.036501553E-01 2.488968477E+01
5.055190000E-02 7.969855388E-01 9.406320834E-02 2.452528985E+01
5.130300000E-02 8.034118464E-01 8.536290934E-02 2.416622810E+01
5.206520000E-02 8.098567709E-01 7.746761682E-02 2.381245054E+01
5.283880000E-02 8.162488264E-01 7.030224612E-02 2.346381825E+01
5.362380000E-02 8.225118649E-01 6.379994530E-02 2.312033090E+01
5.442050000E-02 8.285693066E-01 5.774629380E-02 2.278185610E+01
5.522910000E-02 8.346340998E-01 5.200317267E-02 2.244831076E+01
5.604960000E-02 8.407842608E-01 4.683142556E-02 2.211969399E+01
5.688240000E-02 8.468318447E-01 4.217390610E-02 2.179584546E+01
5.772750000E-02 8.527439194E-01 3.797972214E-02 2.147676584E+01
5.858520000E-02 8.585024515E-01 3.420253909E-02 2.116234134E+01
5.945560000E-02 8.640915676E-01 3.080108750E-02 2.085253534E+01
6.033900000E-02 8.695049597E-01 2.773784705E-02 2.054724142E+01
6.123540000E-02 8.747353728E-01 2.497933160E-02 2.024645875E+01
6.214520000E-02 8.797861381E-01 2.249504609E-02 1.995005246E+01
6.306860000E-02 8.846553919E-01 2.025785466E-02 1.965795975E+01
6.400560000E-02 8.893477946E-01 1.824318554E-02 1.937018011E+01
6.495660000E-02 8.938679414E-01 1.642882972E-02 1.908659012E+01
6.592160000E-02 8.982231817E-01 1.479499931E-02 1.880718915E+01
6.690110000E-02 9.024233488E-01 1.332360841E-02 1.853183281E+01
6.789500000E-02 9.064764945E-01 1.199856450E-02 1.826054938E+01
6.890380000E-02 9.104999390E-01 1.080524441E-02 1.799320212E+01
6.992750000E-02 9.143767793E-01 9.987403544E-03 1.772979157E+01
7.096650000E-02 9.178748815E-01 9.266046095E-03 1.747021482E+01
7.202080000E-02 9.211918960E-01 8.596868061E-03 1.721447137E+01
7.309090000E-02 9.243463199E-01 7.976004669E-03 1.696243992E+01
7.417680000E-02 9.273594850E-01 7.399954168E-03 1.671412086E+01
7.527890000E-02 9.302505342E-01 6.865509779E-03 1.646942237E+01
7.639730000E-02 9.330495024E-01 6.369672214E-03 1.622832221E+01
7.753240000E-02 9.357606260E-01 5.988017141E-03 1.599073420E+01
7.868430000E-02 9.383145304E-01 5.676903631E-03 1.575663760E+01
7.985340000E-02 9.407324911E-01 5.381922766E-03 1.552595131E+01
8.103980000E-02 9.430632601E-01 5.102329991E-03 1.529865572E+01
8.224380000E-02 9.452967290E-01 4.921570343E-03 1.507469256E+01
8.346580000E-02 9.473885497E-01 4.748954444E-03 1.485398810E+01
8.470580000E-02 9.493770869E-01 4.582397605E-03 1.463654201E+01
8.596440000E-02 9.512754047E-01 4.421693282E-03 1.442224921E+01
8.724160000E-02 9.530919923E-01 4.266586582E-03 1.421111030E+01
8.853770000E-02 9.548338449E-01 4.116162302E-03 1.400307440E+01
8.985320000E-02 9.565079633E-01 3.971048799E-03 1.379806173E+01
9.118820000E-02 9.581193086E-01 3.831040190E-03 1.359605738E+01
9.254300000E-02 9.596736963E-01 3.695957061E-03 1.339701544E+01
9.391790000E-02 9.611771205E-01 3.565660323E-03 1.320089142E+01
9.531330000E-02 9.626491594E-01 3.444872939E-03 1.300762853E+01
9.672940000E-02 9.640680834E-01 3.376967787E-03 1.281719932E+01
9.816660000E-02 9.654053290E-01 3.310403639E-03 1.262955017E+01
9.962510000E-02 9.666909723E-01 3.245158472E-03 1.244465501E+01
1.011050000E-01 9.679326764E-01 3.181216675E-03 1.226249938E+01
1.026070000E-01 9.691357666E-01 3.124021407E-03 1.208299629E+01
1.041320000E-01 9.702922991E-01 3.098072001E-03 1.190604233E+01
1.056790000E-01 9.713897743E-01 3.072384337E-03 1.173175371E+01
1.072490000E-01 9.724397883E-01 3.046913446E-03 1.156001455E+01
1.088430000E-01 9.734465017E-01 3.021617930E-03 1.139071874E+01
1.104600000E-01 9.744103569E-01 2.996568297E-03 1.122397248E+01
1.121010000E-01 9.753335217E-01 2.969101321E-03 1.105966941E+01
1.137660000E-01 9.762221903E-01 2.931548787E-03 1.089780778E+01
1.154570000E-01 9.770827714E-01 2.894409482E-03 1.073819690E+01
1.171720000E-01 9.779062817E-01 2.857784768E-03 1.058102618E+01
1.189130000E-01 9.787004220E-01 2.807389301E-03 1.042610985E+01
1.206800000E-01 9.794791283E-01 2.754630120E-03 1.027345045E+01
1.224730000E-01 9.802355415E-01 2.702854245E-03 1.012304753E+01
1.242920000E-01 9.809698683E-01 2.652095638E-03 9.974897821E+00
1.261390000E-01 9.816831749E-01 2.602244006E-03 9.828839613E+00
1.280130000E-01 9.823758030E-01 2.553338943E-03 9.684953872E+00
1.299150000E-01 9.830487472E-01 2.505353655E-03 9.543162837E+00
1.318450000E-01 9.837030132E-01 2.458283490E-03 9.403466191E+00
1.338040000E-01 9.843395611E-01 2.412517458E-03 9.265791755E+00
1.357920000E-01 9.849584332E-01 2.368883593E-03 9.130140214E+00
1.378100000E-01 9.855601565E-01 2.326013697E-03 8.996444380E+00
1.398570000E-01 9.861456903E-01 2.283954826E-03 8.864769014E+00
1.419350000E-01 9.867162744E-01 2.242637291E-03 8.734984324E+00
1.440440000E-01 9.872727380E-01 2.202059936E-03 8.607092277E+00
1.461840000E-01 9.878158362E-01 2.162234349E-03 8.481092322E+00
1.483560000E-01 9.883465750E-01 2.123113870E-03 8.356925234E+00
1.505600000E-01 9.888657463E-01 2.084710111E-03 8.234590861E+00
1.527970000E-01 9.893732998E-01 2.047005318E-03 8.114033652E+00
1.550670000E-01 9.898710771E-01 2.007516029E-03 7.995253665E+00
1.573710000E-01 9.903631165E-01 1.966824857E-03 7.878198652E+00
1.597090000E-01 9.908501946E-01 1.926959959E-03 7.762868717E+00
1.620820000E-01 9.913335519E-01 1.887891581E-03 7.649214595E+00
1.644900000E-01 9.918150924E-01 1.849625683E-03 7.537236306E+00
1.669340000E-01 9.922976418E-01 1.812122910E-03 7.426887273E+00
1.694140000E-01 9.927853289E-01 1.775399243E-03 7.318167330E+00
1.719310000E-01 9.932853066E-01 1.739406875E-03 7.211032333E+00
1.744860000E-01 9.938111978E-01 1.704131573E-03 7.105441124E+00
1.762930000E-01 9.942710295E-01 1.679926059E-03 7.032610484E+00
1.787760000E-01 9.947455242E-01 1.997276066E-03 6.934935338E+00
1.814320000E-01 9.951193894E-01 1.967054857E-03 6.833414172E+00
1.841280000E-01 9.956588679E-01 1.937285696E-03 6.733359402E+00
1.868630000E-01 9.962452924E-01 2.115578400E-03 6.634807319E+00
1.896400000E-01 9.967410827E-01 2.347567350E-03 6.537650285E+00
1.924570000E-01 9.971364857E-01 2.568238416E-03 6.441958463E+00
1.953170000E-01 9.975357555E-01 2.696480552E-03 6.347629751E+00
1.982190000E-01 9.981943160E-01 2.831135810E-03 6.254698086E+00
2.011640000E-01 9.988499122E-01 3.349189774E-03 6.163130580E+00
2.041520000E-01 9.992684669E-01 4.023549263E-03 6.072926055E+00
2.071860000E-01 9.994066019E-01 4.833616445E-03 5.983995058E+00
2.102640000E-01 9.992044532E-01 5.418652865E-03 5.896396911E+00
2.133880000E-01 9.989123013E-01 5.789766282E-03 5.810073669E+00
2.165580000E-01 9.987216482E-01 5.880763567E-03 5.725025166E+00
2.197760000E-01 9.986535748E-01 5.973124912E-03 5.641198311E+00
2.230410000E-01 9.986555810E-01 6.067013398E-03 5.558619267E+00
2.263550000E-01 9.986835746E-01 6.211969771E-03 5.477237083E+00
2.297180000E-01 9.986847637E-01 6.396693216E-03 5.397052038E+00
2.331310000E-01 9.986635524E-01 6.586830714E-03 5.318040072E+00
2.365950000E-01 9.986012210E-01 6.832958600E-03 5.240178364E+00
2.401100000E-01 9.984005795E-01 7.106745531E-03 5.163466744E+00
2.436770000E-01 9.980790367E-01 7.171710760E-03 5.087882730E+00
2.472980000E-01 9.978401629E-01 7.096125106E-03 5.013384661E+00
2.509720000E-01 9.977215391E-01 7.021415408E-03 4.939993306E+00
2.547010000E-01 9.976252415E-01 6.976318125E-03 4.867668364E+00
2.584850000E-01 9.975249925E-01 6.935526291E-03 4.796409850E+00
2.623250000E-01 9.974258370E-01 6.894975514E-03 4.726198418E+00
2.662230000E-01 9.972923776E-01 6.851377163E-03 4.656998081E+00
2.701780000E-01 9.971666584E-01 6.739127249E-03 4.588826625E+00
2.741920000E-01 9.970855242E-01 6.628668786E-03 4.521649063E+00
2.782660000E-01 9.970025593E-01 6.520032577E-03 4.455449103E+00
2.824000000E-01 9.969314858E-01 6.371653389E-03 4.390226629E+00
2.865960000E-01 9.968959460E-01 6.219466165E-03 4.325950118E+00
2.908540000E-01 9.968914172E-01 6.070897561E-03 4.262619734E+00
2.951750000E-01 9.969259606E-01 5.929502023E-03 4.200220208E+00
2.995610000E-01 9.969634826E-01 5.866558689E-03 4.138722998E+00
3.040120000E-01 9.969683067E-01 5.804325710E-03 4.078128495E+00
3.085290000E-01 9.969370867E-01 5.742722785E-03 4.018422904E+00
3.131120000E-01 9.969056296E-01 5.630714801E-03 3.959605509E+00
3.177640000E-01 9.969174578E-01 5.509843939E-03 3.901637693E+00
3.224860000E-01 9.969788218E-01 5.391526907E-03 3.844507979E+00
3.272770000E-01 9.970564058E-01 5.388361542E-03 3.788228320E+00
3.321390000E-01 9.970641108E-01 5.422954362E-03 3.732774531E+00
3.370740000E-01 9.970025699E-01 5.457724488E-03 3.678124091E+00
3.420820000E-01 9.968478581E-01 5.492723018E-03 3.624277220E+00
3.471650000E-01 9.966552706E-01 5.342191713E-03 3.571212536E+00
3.523230000E-01 9.965501586E-01 5.148813644E-03 3.518930073E+00
3.575570000E-01 9.965047532E-01 4.962459885E-03 3.467419181E+00
3.628700000E-01 9.964851391E-01 4.782804137E-03 3.416650591E+00
3.682610000E-01 9.964878050E-01 4.609686158E-03 3.366633991E+00
3.737320000E-01 9.965175231E-01 4.442848168E-03 3.317350401E+00
3.792850000E-01 9.965625403E-01 4.317936127E-03 3.268782050E+00
3.849200000E-01 9.965945358E-01 4.209881267E-03 3.220929024E+00
3.906390000E-01 9.966156989E-01 4.104512395E-03 3.173774252E+00
3.964430000E-01 9.966340160E-01 4.001787116E-03 3.127309601E+00
4.023330000E-01 9.966435646E-01 3.901625371E-03 3.081526994E+00
4.083110000E-01 9.966513161E-01 3.791437371E-03 3.036410971E+00
4.143770000E-01 9.966672288E-01 3.679482667E-03 2.991961426E+00
4.205340000E-01 9.966864684E-01 3.570834787E-03 2.948156392E+00
4.267820000E-01 9.967069092E-01 3.465385841E-03 2.904995993E+00
4.331230000E-01 9.967276192E-01 3.363063249E-03 2.862466320E+00
4.395580000E-01 9.967383090E-01 3.263764362E-03 2.820560654E+00
4.460880000E-01 9.967493436E-01 3.147945737E-03 2.779272251E+00
4.527160000E-01 9.967756230E-01 3.029979337E-03 2.738582246E+00
4.594420000E-01 9.968087937E-01 2.916428052E-03 2.698490778E+00
4.662680000E-01 9.968472787E-01 2.807149002E-03 2.658985819E+00
4.731960000E-01 9.968896623E-01 2.703143400E-03 2.620055960E+00
4.802260000E-01 9.969332889E-01 2.605588895E-03 2.581701116E+00
4.873610000E-01 9.969770138E-01 2.511540796E-03 2.543904826E+00
4.946020000E-01 9.970212364E-01 2.420892124E-03 2.506661922E+00
5.019510000E-01 9.970657296E-01 2.333505102E-03 2.469962207E+00
5.094090000E-01 9.971102424E-01 2.249291799E-03 2.433800738E+00
5.169770000E-01 9.971543933E-01 2.168109308E-03 2.398172453E+00
5.246580000E-01 9.971977458E-01 2.089849052E-03 2.363063176E+00
5.324530000E-01 9.972395679E-01 2.014422568E-03 2.328468428E+00
5.403640000E-01 9.972747327E-01 1.939957386E-03 2.294379344E+00
5.483920000E-01 9.973116701E-01 1.855453715E-03 2.260791551E+00
5.565400000E-01 9.973577651E-01 1.774621066E-03 2.227692529E+00
5.648090000E-01 9.974056464E-01 1.697310911E-03 2.195078336E+00
5.732000000E-01 9.974549919E-01 1.623379895E-03 2.162944871E+00
5.817170000E-01 9.975052854E-01 1.552656166E-03 2.131276892E+00
5.903590000E-01 9.975561294E-01 1.485029232E-03 2.100078088E+00
5.991310000E-01 9.976072953E-01 1.420336449E-03 2.069330414E+00
6.080320000E-01 9.976585366E-01 1.358460861E-03 2.039037419E+00
6.170660000E-01 9.977097222E-01 1.299282901E-03 2.009185403E+00
6.262340000E-01 9.977607261E-01 1.242685827E-03 1.979771140E+00
6.355380000E-01 9.978115653E-01 1.188553772E-03 1.950788151E+00
6.449810000E-01 9.978620165E-01 1.137236335E-03 1.922227166E+00
6.545640000E-01 9.979116658E-01 1.088252219E-03 1.894085223E+00
6.642890000E-01 9.979605488E-01 1.041384706E-03 1.866356360E+00
6.741580000E-01 9.980087106E-01 9.965391691E-04 1.839034766E+00
6.841740000E-01 9.980561147E-01 9.536161820E-04 1.812112124E+00
6.943400000E-01 9.981027474E-01 9.125464289E-04 1.785580551E+00
7.046560000E-01 9.981485629E-01 8.732404468E-04 1.759440067E+00
7.151250000E-01 9.981935371E-01 8.356347304E-04 1.733682923E+00
7.257500000E-01 9.982376491E-01 7.996453188E-04 1.708301757E+00
7.365330000E-01 9.982808604E-01 7.652058748E-04 1.683291855E+00
7.474760000E-01 9.983231060E-01 7.322473306E-04 1.658648572E+00
7.585810000E-01 9.983642271E-01 7.007140287E-04 1.634367325E+00
7.698520000E-01 9.984041684E-01 6.699227569E-04 1.610439409E+00
7.812900000E-01 9.984436296E-01 6.398295334E-04 1.586862753E+00
7.928980000E-01 9.984827920E-01 6.110895249E-04 1.563631135E+00
8.046780000E-01 9.985212247E-01 5.836407440E-04 1.540740520E+00
8.166340000E-01 9.985588731E-01 5.574257032E-04 1.518183176E+00
8.287670000E-01 9.985956621E-01 5.323892441E-04 1.495957247E+00
8.410800000E-01 9.986314159E-01 5.084760019E-04 1.474057165E+00
8.535760000E-01 9.986657281E-01 4.855966790E-04 1.452477577E+00
8.662580000E-01 9.986994046E-01 4.616481722E-04 1.431213334E+00
8.791290000E-01 9.987335039E-01 4.388844947E-04 1.410259473E+00
8.921900000E-01 9.987673053E-01 4.172379363E-04 1.389614320E+00
9.054460000E-01 9.988006775E-01 3.966626729E-04 1.369269951E+00
9.188980000E-01 9.988335634E-01 3.771004652E-04 1.349224832E+00
9.325510000E-01 9.988660962E-01 3.585032047E-04 1.329471525E+00
9.464060000E-01 9.988980226E-01 3.415271211E-04 1.310008601E+00
9.604670000E-01 9.989288520E-01 3.254922253E-04 1.290830398E+00
9.747370000E-01 9.989587579E-01 3.102123638E-04 1.271932839E+00
9.892190000E-01 9.989878424E-01 2.956485628E-04 1.253311956E+00
1.003920000E+00 9.990161204E-01 2.817657777E-04 1.234958961E+00
1.018830000E+00 9.990435404E-01 2.685402244E-04 1.216886036E+00
1.033970000E+00 9.990699049E-01 2.557370212E-04 1.199067671E+00
1.049330000E+00 9.990957734E-01 2.427588423E-04 1.181515824E+00
1.064920000E+00 9.991216517E-01 2.304385803E-04 1.164218908E+00
1.080740000E+00 9.991472189E-01 2.187441427E-04 1.147176934E+00
1.096800000E+00 9.991723873E-01 2.082546613E-04 1.130379285E+00
1.113100000E+00 9.991965803E-01 1.986081094E-04 1.113826251E+00
1.129630000E+00 9.992197725E-01 1.894126326E-04 1.097527509E+00
1.146420000E+00 9.992421609E-01 1.806383997E-04 1.081453569E+00
1.163450000E+00 9.992638160E-01 1.719838628E-04 1.065623791E+00
1.180740000E+00 9.992849759E-01 1.636889081E-04 1.050019479E+00
1.198280000E+00 9.993053564E-01 1.557959419E-04 1.034649665E+00
1.216080000E+00 9.993251034E-01 1.478748948E-04 1.019505296E+00
1.234150000E+00 9.993446538E-01 1.399959751E-04 1.004578050E+00
1.252490000E+00 9.993639155E-01 1.325364807E-04 9.898681826E-01
1.271100000E+00 9.993826968E-01 1.254059249E-04 9.753756589E-01
1.289980000E+00 9.994011619E-01 1.183950930E-04 9.611001721E-01
1.309150000E+00 9.994195598E-01 1.117747276E-04 9.470266967E-01
1.328600000E+00 9.994377699E-01 1.056341632E-04 9.331627277E-01
1.348340000E+00 9.994554746E-01 1.005074207E-04 9.195010161E-01
1.368370000E+00 9.994723769E-01 9.562922448E-05 9.060414946E-01
1.388700000E+00 9.994887169E-01 9.098690083E-05 8.927774177E-01
1.409330000E+00 9.995045529E-01 8.656915833E-05 8.797087978E-01
1.430270000E+00 9.995199215E-01 8.236575189E-05 8.668293399E-01
1.451520000E+00 9.995348427E-01 7.836861379E-05 8.541391093E-01
1.473090000E+00 9.995493361E-01 7.456089175E-05 8.416322153E-01
1.494970000E+00 9.995634150E-01 7.093667711E-05 8.293143006E-01
1.517180000E+00 9.995771067E-01 6.747412065E-05 8.171739675E-01
1.539730000E+00 9.995904368E-01 6.417873669E-05 8.052061076E-01
1.562600000E+00 9.996034010E-01 6.104440483E-05 7.934212210E-01
1.585820000E+00 9.996160240E-01 5.806229630E-05 7.818037356E-01
1.609380000E+00 9.996283135E-01 5.522615675E-05 7.703587717E-01
1.633290000E+00 9.996402819E-01 5.253074815E-05 7.590813634E-01
1.657560000E+00 9.996519430E-01 4.996560005E-05 7.479668911E-01
1.682180000E+00 9.996633055E-01 4.752498780E-05 7.370198195E-01
1.707180000E+00 9.996743915E-01 4.520444298E-05 7.262268771E-01
1.732540000E+00 9.996852033E-01 4.299682847E-05 7.155967539E-01
1.758280000E+00 9.996957636E-01 4.088514568E-05 7.051209136E-01
1.784410000E+00 9.997060968E-01 3.887456456E-05 6.947954786E-01
1.810920000E+00 9.997162140E-01 3.696078705E-05 6.846243898E-01
1.837820000E+00 9.997261325E-01 3.514111203E-05 6.746036064E-01
1.865130000E+00 9.997358793E-01 3.341062270E-05 6.647257832E-01
1.892840000E+00 9.997454714E-01 3.176606836E-05 6.549946113E-01
1.920960000E+00 9.997549402E-01 3.020244911E-05 6.454064634E-01
1.949500000E+00 9.997643223E-01 2.871570128E-05 6.359579379E-01
1.978470000E+00 9.997736677E-01 2.730182795E-05 6.266458425E-01
2.000000000E+00 9.997805367E-01 2.630880677E-05 6.199000000E-01
2.026000000E+00 9.997887908E-01 2.518086462E-05 6.119447187E-01
2.052000000E+00 9.997970774E-01 2.410001107E-05 6.041910331E-01
2.079000000E+00 9.998058426E-01 2.303913917E-05 5.963443963E-01
2.106000000E+00 9.998149544E-01 2.203664308E-05 5.886989554E-01
2.134000000E+00 9.998251163E-01 2.105471610E-05 5.809746954E-01
2.161000000E+00 9.998362968E-01 2.015997302E-05 5.737158723E-01
2.190000000E+00 9.998520599E-01 1.925150753E-05 5.661187215E-01
2.218000000E+00 9.998893645E-01 1.842319857E-05 5.589720469E-01
2.222200000E+00 9.999506138E-01 1.830290861E-05 5.579155792E-01
2.222400000E+00 9.999506108E-01 6.906986260E-05 5.578653708E-01
2.247000000E+00 9.998660485E-01 6.629694745E-05 5.517578994E-01
2.277000000E+00 9.998616426E-01 6.310437842E-05 5.444883619E-01
2.306000000E+00 9.998852093E-01 6.020133021E-05 5.376409367E-01
2.306600000E+00 9.998991942E-01 6.014324402E-05 5.375010838E-01
2.306800000E+00 9.998991710E-01 8.280871487E-05 5.374544824E-01
2.337000000E+00 9.998567057E-01 7.924964018E-05 5.305091998E-01
2.367000000E+00 9.998521308E-01 7.590826447E-05 5.237853823E-01
2.398000000E+00 9.998505115E-01 7.264663216E-05 5.170141785E-01
2.429000000E+00 9.998504821E-01 6.956343498E-05 5.104158090E-01
2.461000000E+00 9.998516005E-01 6.655747626E-05 5.037789516E-01
2.493000000E+00 9.998538975E-01 6.371631723E-05 4.973124749E-01
2.526000000E+00 9.998601617E-01 6.095093235E-05 4.908155186E-01
2.531500000E+00 9.998713387E-01 6.050486585E-05 4.897491606E-01
2.531700000E+00 9.998713410E-01 6.909609188E-05 4.897104712E-01
2.559000000E+00 9.998569907E-01 6.662283440E-05 4.844861274E-01
2.592000000E+00 9.998564472E-01 6.378447119E-05 4.783179012E-01
2.626000000E+00 9.998571347E-01 6.101349630E-05 4.721249048E-01
2.660000000E+00 9.998583681E-01 5.838802961E-05 4.660902256E-01
2.695000000E+00 9.998599651E-01 5.583010402E-05 4.600371058E-01
2.730000000E+00 9.998617730E-01 5.340840222E-05 4.541391941E-01
2.766000000E+00 9.998637792E-01 5.105022496E-05 4.482284888E-01
2.802000000E+00 9.998658851E-01 4.881939436E-05 4.424696645E-01
2.839000000E+00 9.998681159E-01 4.665135880E-05 4.367030645E-01
2.876000000E+00 9.998703865E-01 4.460169037E-05 4.310848401E-01
2.914000000E+00 9.998727406E-01 4.260943660E-05 4.254632807E-01
2.952000000E+00 9.998751010E-01 4.072713758E-05 4.199864499E-01
2.990000000E+00 9.998774533E-01 3.894872469E-05 4.146488294E-01
3.029000000E+00 9.998798503E-01 3.721966687E-05 4.093100033E-01
3.069000000E+00 9.998822826E-01 3.554630302E-05 4.039752362E-01
3.109000000E+00 9.998846825E-01 3.396337169E-05 3.987777420E-01
3.150000000E+00 9.998871030E-01 3.243277355E-05 3.935873016E-01
3.191000000E+00 9.998894787E-01 3.098573117E-05 3.885302413E-01
3.232000000E+00 9.998918085E-01 2.961740300E-05 3.836014851E-01
3.275000000E+00 9.998941999E-01 2.826406716E-05 3.785648855E-01
3.317000000E+00 9.998964819E-01 2.701398659E-05 3.737714803E-01
3.361000000E+00 9.998988165E-01 2.577805149E-05 3.688783100E-01
3.405000000E+00 9.999010907E-01 2.461366223E-05 3.641116006E-01
3.449000000E+00 9.999033051E-01 2.351254317E-05 3.594665120E-01
3.494000000E+00 9.999055105E-01 2.244747120E-05 3.548368632E-01
3.540000000E+00 9.999077020E-01 2.142343249E-05 3.502259887E-01
3.586000000E+00 9.999098309E-01 2.045436648E-05 3.457334077E-01
3.633000000E+00 9.999119434E-01 1.952219474E-05 3.412606661E-01
3.680000000E+00 9.999139923E-01 1.864179872E-05 3.369021739E-01
3.729000000E+00 9.999160636E-01 1.777577541E-05 3.324751944E-01
3.777000000E+00 9.999180302E-01 1.697589675E-05 3.282499338E-01
3.827000000E+00 9.999200148E-01 1.618997594E-05 3.239613274E-01
3.877000000E+00 9.999219361E-01 1.544905360E-05 3.197833376E-01
3.927000000E+00 9.999237958E-01 1.475009362E-05 3.157117392E-01
3.979000000E+00 9.999256672E-01 1.406470303E-05 3.115858256E-01
4.031000000E+00 9.999274766E-01 1.341870870E-05 3.075663607E-01
4.083000000E+00 9.999292265E-01 1.280934140E-05 3.036492775E-01
4.137000000E+00 9.999309828E-01 1.221294959E-05 2.996857626E-01
4.191000000E+00 9.999326794E-01 1.165097001E-05 2.958243856E-01
4.245000000E+00 9.999343187E-01 1.112087788E-05 2.920612485E-01
4.301000000E+00 9.999359605E-01 1.060276106E-05 2.882585445E-01
4.357000000E+00 9.999375455E-01 1.011462626E-05 2.845535919E-01
4.414000000E+00 9.999391028E-01 9.646341437E-06 2.808790213E-01
4.472000000E+00 9.999406318E-01 9.197410289E-06 2.772361360E-01
4.530000000E+00 9.999421071E-01 8.774479912E-06 2.736865342E-01
4.589000000E+00 9.999435550E-01 8.368961097E-06 2.701677925E-01
4.649000000E+00 9.999449752E-01 7.980469121E-06 2.666810067E-01
4.710000000E+00 9.999463675E-01 7.608324655E-06 2.632271762E-01
4.771000000E+00 9.999477098E-01 7.257813432E-06 2.598616642E-01
4.834000000E+00 9.999490464E-01 6.916763507E-06 2.564749690E-01
4.897000000E+00 9.999503344E-01 6.595661079E-06 2.531754135E-01
4.961000000E+00 9.999515954E-01 6.288437848E-06 2.499092925E-01
5.026000000E+00 9.999528294E-01 5.994637834E-06 2.466772782E-01
5.091000000E+00 9.999540185E-01 5.717829354E-06 2.435277941E-01
5.158000000E+00 9.999551992E-01 5.449114961E-06 2.403644824E-01
5.225000000E+00 9.999563367E-01 5.196040612E-06 2.372822967E-01
5.294000000E+00 9.999574649E-01 4.950783916E-06 2.341896487E-01
5.363000000E+00 9.999585511E-01 4.719875994E-06 2.311765803E-01
5.433000000E+00 9.999596123E-01 4.499332589E-06 2.281980490E-01
5.504000000E+00 9.999606489E-01 4.288646286E-06 2.252543605E-01
5.576000000E+00 9.999616607E-01 4.087560031E-06 2.223457676E-01
5.649000000E+00 9.999626484E-01 3.895693189E-06 2.194724730E-01
5.722000000E+00 9.999635993E-01 3.714898038E-06 2.166724921E-01
5.797000000E+00 9.999645400E-01 3.540111288E-06 2.138692427E-01
5.873000000E+00 9.999654572E-01 3.373479887E-06 2.111016516E-01
5.950000000E+00 9.999663514E-01 3.214565226E-06 2.083697479E-01
6.027000000E+00 9.999672121E-01 3.064946631E-06 2.057076489E-01
6.106000000E+00 9.999680620E-01 2.920466209E-06 2.030461841E-01
6.186000000E+00 9.999688901E-01 2.782754540E-06 2.004203039E-01
6.267000000E+00 9.999696967E-01 2.651637999E-06 1.978299027E-01
6.349000000E+00 9.999704823E-01 2.526602655E-06 1.952748464E-01
6.432000000E+00 9.999712475E-01 2.407584268E-06 1.927549751E-01
6.516000000E+00 9.999719924E-01 2.294305218E-06 1.902701044E-01
6.601000000E+00 9.999727176E-01 2.186315220E-06 1.878200273E-01
6.687000000E+00 9.999734234E-01 2.083545391E-06 1.854045162E-01
6.774000000E+00 9.999741105E-01 1.985750932E-06 1.830233245E-01
6.863000000E+00 9.999747865E-01 1.891572473E-06 1.806498616E-01
6.952000000E+00 9.999754367E-01 1.802947080E-06 1.783371692E-01
7.043000000E+00 9.999760763E-01 1.717726621E-06 1.760329405E-01
7.135000000E+00 9.999766982E-01 1.636614832E-06 1.737631395E-01
7.229000000E+00 9.999773092E-01 1.558732807E-06 1.715036658E-01
7.323000000E+00 9.999778968E-01 1.485402377E-06 1.693021986E-01
7.419000000E+00 9.999784740E-01 1.415025084E-06 1.671114705E-01
7.516000000E+00 9.999790348E-01 1.348060411E-06 1.649547632E-01
7.614000000E+00 9.999795797E-01 1.284406765E-06 1.628316260E-01
7.713000000E+00 9.999801092E-01 1.223968627E-06 1.607416051E-01
7.814000000E+00 9.999806286E-01 1.165915228E-06 1.586639365E-01
7.916000000E+00 9.999811330E-01 1.110827803E-06 1.566195048E-01
8.019000000E+00 9.999816229E-01 1.058452019E-06 1.546078065E-01
8.124000000E+00 9.999821031E-01 1.008190713E-06 1.526095519E-01
8.230000000E+00 9.999825693E-01 9.605005470E-07 1.506439854E-01
8.338000000E+00 9.999830260E-01 9.148057568E-07 1.486927321E-01
8.447000000E+00 9.999834691E-01 8.714701615E-07 1.467740026E-01
8.557000000E+00 9.999838991E-01 8.302714967E-07 1.448872268E-01
8.669000000E+00 9.999843201E-01 7.908252938E-07 1.430153420E-01
8.782000000E+00 9.999847286E-01 7.534026690E-07 1.411751309E-01
8.897000000E+00 9.999851283E-01 7.176028865E-07 1.393503428E-01
9.013000000E+00 9.999855160E-01 6.836308904E-07 1.375568623E-01
9.131000000E+00 9.999858951E-01 6.511246000E-07 1.357792137E-01
9.250000000E+00 9.999862627E-01 6.202984166E-07 1.340324324E-01
9.371000000E+00 9.999866222E-01 5.908128560E-07 1.323017821E-01
9.494000000E+00 9.999869734E-01 5.626360619E-07 1.305877396E-01
9.618000000E+00 9.999873139E-01 5.359236870E-07 1.289041381E-01
9.743000000E+00 9.999876439E-01 5.106007038E-07 1.272503336E-01
9.887760000E+00 9.999880105E-01 4.831305273E-07 1.253873476E-01
1.003470000E+01 9.999883663E-01 4.571267498E-07 1.235512771E-01
1.018380000E+01 9.999887116E-01 4.325204480E-07 1.217423751E-01
1.033510000E+01 9.999890467E-01 4.092346390E-07 1.199601358E-01
1.048860000E+01 9.999893718E-01 3.871995137E-07 1.182045268E-01
1.064440000E+01 9.999896875E-01 3.663467998E-07 1.164743903E-01
1.080260000E+01 9.999899940E-01 3.466049452E-07 1.147686668E-01
1.096310000E+01 9.999902914E-01 3.279266416E-07 1.130884513E-01
1.112600000E+01 9.999905802E-01 3.102514047E-07 1.114326802E-01
1.129130000E+01 9.999908604E-01 2.935255583E-07 1.098013515E-01
1.145900000E+01 9.999911323E-01 2.777001604E-07 1.081944323E-01
1.162930000E+01 9.999913964E-01 2.627193772E-07 1.066100281E-01
1.180210000E+01 9.999916528E-01 2.485445502E-07 1.050491014E-01
1.197740000E+01 9.999919015E-01 2.351337359E-07 1.035116135E-01
1.215540000E+01 9.999921432E-01 2.224415471E-07 1.019958208E-01
1.233600000E+01 9.999923777E-01 2.104305518E-07 1.005025940E-01
1.251920000E+01 9.999926053E-01 1.990707069E-07 9.903188702E-02
1.270520000E+01 9.999928264E-01 1.883159663E-07 9.758209237E-02
1.289400000E+01 9.999930411E-01 1.781407275E-07 9.615324957E-02
1.308560000E+01 9.999932497E-01 1.685121121E-07 9.474536896E-02
1.328000000E+01 9.999934521E-01 1.594024156E-07 9.335843373E-02
1.347730000E+01 9.999936488E-01 1.507823810E-07 9.199171941E-02
1.367750000E+01 9.999938398E-01 1.426268091E-07 9.064522025E-02
1.388080000E+01 9.999940255E-01 1.349075518E-07 8.931761858E-02
1.408700000E+01 9.999942059E-01 1.276059997E-07 8.801022219E-02
1.429630000E+01 9.999943813E-01 1.206967347E-07 8.672173919E-02
1.450870000E+01 9.999945517E-01 1.141594187E-07 8.545217697E-02
1.472430000E+01 9.999947176E-01 1.079734105E-07 8.420094673E-02
1.494300000E+01 9.999948789E-01 1.021219052E-07 8.296861407E-02
1.516500000E+01 9.999950360E-01 9.658482467E-08 8.175403891E-02
1.539030000E+01 9.999951890E-01 9.134595375E-08 8.055723410E-02
1.561900000E+01 9.999953383E-01 8.638855119E-08 7.937768103E-02
1.585110000E+01 9.999954840E-01 8.169826203E-08 7.821539199E-02
1.608660000E+01 9.999956266E-01 7.726122615E-08 7.707035669E-02
1.632560000E+01 9.999957664E-01 7.306318693E-08 7.594207870E-02
1.656810000E+01 9.999959040E-01 6.909178968E-08 7.483054786E-02
1.681430000E+01 9.999960403E-01 6.533366595E-08 7.373485664E-02
1.706410000E+01 9.999961767E-01 6.177867292E-08 7.265545795E-02
1.731760000E+01 9.999963161E-01 5.841538079E-08 7.159190650E-02
1.757490000E+01 9.999964655E-01 5.523313213E-08 7.054378688E-02
1.783610000E+01 9.999966549E-01 5.222216898E-08 6.951071142E-02
1.799580000E+01 9.999973993E-01 5.048256135E-08 6.889385301E-02
1.799600000E+01 9.999973994E-01 3.444394340E-07 6.889308735E-02
1.810110000E+01 9.999967819E-01 3.374091932E-07 6.849307501E-02
1.837000000E+01 9.999967560E-01 3.202365856E-07 6.749047360E-02
1.864290000E+01 9.999967988E-01 3.038947829E-07 6.650252911E-02
1.891990000E+01 9.999968589E-01 2.883461894E-07 6.552888757E-02
1.920100000E+01 9.999969263E-01 2.735570620E-07 6.456955367E-02
1.948630000E+01 9.999969972E-01 2.594928201E-07 6.362418725E-02
1.977580000E+01 9.999970696E-01 2.461215120E-07 6.269278613E-02
2.006960000E+01 9.999971424E-01 2.334099389E-07 6.177502292E-02
2.036780000E+01 9.999972152E-01 2.213280194E-07 6.087058985E-02
2.067040000E+01 9.999972873E-01 2.098477296E-07 5.997948758E-02
2.097750000E+01 9.999973586E-01 1.989401071E-07 5.910141819E-02
2.128920000E+01 9.999974288E-01 1.885782993E-07 5.823610093E-02
2.160550000E+01 9.999974978E-01 1.787371291E-07 5.738353660E-02
2.192650000E+01 9.999975654E-01 1.693920342E-07 5.654345199E-02
2.225230000E+01 9.999976318E-01 1.605184369E-07 5.571558895E-02
2.258290000E+01 9.999976967E-01 1.520949422E-07 5.489994642E-02
2.291840000E+01 9.999977602E-01 1.440996523E-07 5.409627199E-02
2.325890000E+01 9.999978222E-01 1.365117543E-07 5.330432652E-02
2.360450000E+01 9.999978827E-01 1.293109254E-07 5.252388316E-02
2.395520000E+01 9.999979418E-01 1.224794097E-07 5.175494256E-02
2.431110000E+01 9.999979995E-01 1.159986306E-07 5.099728108E-02
2.467230000E+01 9.999980557E-01 1.098509565E-07 5.025068599E-02
2.503890000E+01 9.999981105E-01 1.040201206E-07 4.951495473E-02
2.541090000E+01 9.999981639E-01 9.849141842E-08 4.879008614E-02
2.578840000E+01 9.999982158E-01 9.324906673E-08 4.807587908E-02
2.617160000E+01 9.999982665E-01 8.827830409E-08 4.737196045E-02
2.656040000E+01 9.999983158E-01 8.356627984E-08 4.667851388E-02
2.695500000E+01 9.999983637E-01 7.910040387E-08 4.599517715E-02
2.735550000E+01 9.999984104E-01 7.486694379E-08 4.532178173E-02
2.776190000E+01 9.999984559E-01 7.085575358E-08 4.465832670E-02
2.817440000E+01 9.999985001E-01 6.705418277E-08 4.400448634E-02
2.859300000E+01 9.999985431E-01 6.345235070E-08 4.336026300E-02
2.901780000E+01 9.999985849E-01 6.004033119E-08 4.272549952E-02
2.944890000E+01 9.999986255E-01 5.680799024E-08 4.210004448E-02
2.988650000E+01 9.999986651E-01 5.374603073E-08 4.148361300E-02
3.000000000E+01 0.000000000E+00 0.000000000E+00 4.132666667E-02
